2019 01 01 00 04 208  8.9 10.5  1.10  4.60 99.00 999 1025.2   4.8   5.5 999.0  1.6 99.00
2019 01 01 01 04 201  8.2  9.8  1.20  5.30 99.00 999 1024.4   4.8   5.5 999.0  1.6 99.00
2019 01 01 02 04 193  9.1 11.1  1.20  5.30 99.00 999 1023.1   4.7   5.6 999.0  1.6 99.00
2019 01 01 03 04 184 10.2 12.1  1.50  5.30 99.00 999 1021.2   4.5   5.7 999.0  1.6 99.00
2019 01 01 04 04 169 10.5 12.8  1.80  5.30 99.00 999 1019.8   4.3   5.8 999.0  1.6 99.00
2019 01 01 05 04 165 12.4 15.0  1.80  5.30 99.00 999 1018.3   4.3   5.9 999.0  1.6 99.00
2019 01 01 06 04 165 12.4 15.0  1.80  5.30 99.00 999 1018.3   4.3   5.9 999.0  1.6 99.00
2019 01 01 07 04 162 14.4 16.4  2.50  6.40 99.00 999 1015.2   2.1   5.8 999.0  1.6 99.00
2019 01 01 08 04 153 15.0 18.0  2.90  6.40 99.00 999 1012.1   2.0   6.0 999.0  1.6 99.00
2019 01 01 09 04 143 15.7 18.5  3.40  6.40 99.00 999 1008.4   1.8   6.0 999.0  1.6 99.00
2019 01 01 10 04 138 17.3 21.5  3.80 99.00 99.00 999 1003.2   3.0 999.0 999.0  1.6 99.00
2019 01 01 11 04 145 19.0 23.2  4.60  8.00 99.00 999  999.3   3.9   5.9 999.0  1.6 99.00
2019 01 01 12 04 149 16.9 21.6  4.80  8.00 99.00 999  997.1   5.0   6.0 999.0  1.6 99.00
2019 01 01 13 04 155 13.2 16.1  4.90 10.70 99.00 999  994.9   6.2   6.1 999.0  1.6 99.00
2019 01 01 14 04 220 11.4 13.8  3.70  8.00 99.00 999  993.6   8.7   6.1 999.0  1.6 99.00
2019 01 01 15 04 238 12.2 14.8  3.90 10.70 99.00 999  993.2   8.4   6.1 999.0  1.6 99.00
2019 01 01 16 04 246 12.1 15.4  3.40 10.70 99.00 999  992.7   7.7   6.0 999.0  1.6 99.00
2019 01 01 17 04 262 13.9 17.1  3.50  8.00 99.00 999  993.2   8.0   6.1 999.0  1.6 99.00
2019 01 01 18 04 277 14.6 18.1  3.30  8.00 99.00 999  994.8   7.5   5.9 999.0  1.6 99.00
2019 01 01 19 04 284 13.2 15.6  3.50 10.70 99.00 999  997.8   7.1   5.8 999.0  1.6 99.00
2019 01 01 20 04 311 13.5 16.3  3.20  8.00 99.00 999 1000.2   6.7   5.9 999.0  1.6 99.00
2019 01 01 21 04 321 14.8 17.4  3.20 99.00 99.00 999 1001.9   5.7 999.0 999.0  1.6 99.00
2019 01 01 22 04 314 13.3 15.9  3.10  8.00 99.00 999 1003.5   5.1   6.0 999.0  1.6 99.00
2019 01 01 23 04 330 13.0 16.0  3.60  6.40 99.00 999 1005.7   4.6   6.1 999.0  1.6 99.00
2019 01 02 00 04 323 12.8 16.1  2.90  6.40 99.00 999 1008.5   4.2   6.3 999.0  1.6 99.00
2019 01 02 01 04 322 13.4 16.4  3.60  8.00 99.00 999 1010.2   3.4   6.3 999.0  1.6 99.00
2019 01 02 02 04 326 12.1 15.9  3.50  8.00 99.00 999 1010.6   2.6   6.4 999.0  1.6 99.00
2019 01 02 03 04 325 12.3 14.7  3.10  6.40 99.00 999 1012.0   1.8   6.3 999.0  1.6 99.00
2019 01 02 04 04 328 11.5 14.4  2.90  6.40 99.00 999 1013.6   1.0   6.3 999.0  1.6 99.00
2019 01 02 05 04 330 11.9 15.4  3.10  6.40 99.00 999 1014.6   0.3   6.3 999.0  1.6 99.00
2019 01 02 06 04 327 12.6 16.1  2.50  6.40 99.00 999 1016.1  -0.6   6.2 999.0  1.6 99.00
2019 01 02 07 04 327 11.2 14.3  2.90  6.40 99.00 999 1017.9  -1.2   6.2 999.0  1.6 99.00
2019 01 02 08 04 325 11.3 14.2  2.90  6.40 99.00 999 1019.0  -2.0   6.1 999.0  1.6 99.00
2019 01 02 09 04 338 11.5 14.3  3.20  6.40 99.00 999 1019.2  -2.6   6.1 999.0  1.6 99.00
2019 01 02 10 04 337  9.9 13.4  2.20  6.40 99.00 999 1020.0  -3.1   6.1 999.0  1.6 99.00
2019 01 02 11 04 343 10.0 12.3  2.20  6.40 99.00 999 1021.4  -3.2   6.2 999.0  1.6 99.00
2019 01 02 13 04 343 10.0 12.3  2.20  6.40 99.00 999 1021.4  -3.2   6.2 999.0  1.6 99.00
2019 01 02 14 04 343 10.0 12.3  2.20  6.40 99.00 999 1021.4  -3.2   6.2 999.0  1.6 99.00
2019 01 02 15 04 343 10.0 12.3  2.20  6.40 99.00 999 1021.4  -3.2   6.2 999.0  1.6 99.00
2019 01 02 16 04 330  4.2  6.0  1.20  5.30 99.00 999 1025.1  -3.3   6.3 999.0  1.6 99.00
2019 01 02 17 04 330  4.2  6.0  1.20  5.30 99.00 999 1025.1  -3.3   6.3 999.0  1.6 99.00
2019 01 02 18 04 330  4.2  6.0  1.20  5.30 99.00 999 1025.1  -3.3   6.3 999.0  1.6 99.00
2019 01 02 19 04 330  4.2  6.0  1.20  5.30 99.00 999 1025.1  -3.3   6.3 999.0  1.6 99.00
2019 01 02 20 04 330  4.2  6.0  1.20  5.30 99.00 999 1025.1  -3.3   6.3 999.0  1.6 99.00
2019 01 02 21 04 320  3.1  5.8  1.10 10.70 99.00 999 1025.5  -3.7   6.0 999.0  1.6 99.00
2019 01 02 22 04 319  4.4  5.7  1.10 10.70 99.00 999 1025.2  -3.4   5.9 999.0  1.6 99.00
2019 01 02 23 04 341  2.3  3.7  1.00  4.60 99.00 999 1025.0  -3.3   5.8 999.0  1.6 99.00
2019 01 03 00 04 319  4.1  6.0  0.90 10.70 99.00 999 1025.2  -2.8   5.7 999.0  1.6 99.00
2019 01 03 01 04 343  1.8  3.2  0.60  5.30 99.00 999 1024.6  -2.9   5.7 999.0  1.6 99.00
2019 01 03 02 04 357  1.3  2.9  0.80 10.70 99.00 999 1024.4  -2.9   5.7 999.0  1.6 99.00
2019 01 03 03 04 237  1.9  3.2  0.80 10.70 99.00 999 1024.2  -2.6   5.7 999.0  1.6 99.00
2019 01 03 04 04 225  1.9  3.0  0.70 10.70 99.00 999 1022.9  -2.5   5.6 999.0  1.6 99.00
2019 01 03 05 04 186  2.9  4.6  0.70 10.70 99.00 999 1023.1  -2.2   5.6 999.0  1.6 99.00
2019 01 03 06 04 166  3.6  5.4  0.80 10.70 99.00 999 1022.0  -1.8   5.8 999.0  1.6 99.00
2019 01 03 07 04 178  3.9  5.3  0.60 10.70 99.00 999 1021.4  -1.3   6.1 999.0  1.6 99.00
2019 01 03 08 04 170  6.1  8.5  0.70  8.00 99.00 999 1020.4  -0.8   6.2 999.0  1.6 99.00
2019 01 03 09 04 174  6.3  9.2  0.50  2.30 99.00 999 1018.4  -0.2   6.2 999.0  1.6 99.00
2019 01 03 10 04 143  9.2 11.4  0.60  2.90 99.00 999 1015.2   0.6   6.2 999.0  1.6 99.00
2019 01 03 11 04 149 10.0 13.0  0.90  3.20 99.00 999 1013.8   1.1   6.2 999.0  1.6 99.00
2019 01 03 12 04 147  9.8 11.2  1.10  3.60 99.00 999 1013.0   1.6   6.2 999.0  1.6 99.00
2019 01 03 13 04 144 10.7 13.4  1.10  4.00 99.00 999 1012.8   1.3   5.7 999.0  1.6 99.00
2019 01 03 14 04 144 10.7 13.4  1.10  4.00 99.00 999 1012.8   1.3   5.7 999.0  1.6 99.00
2019 01 03 15 04 144 10.7 13.4  1.10  4.00 99.00 999 1012.8   1.3   5.7 999.0  1.6 99.00
2019 01 03 16 04 132  9.5 11.3  1.40  5.30 99.00 999 1010.2   1.5   5.6 999.0  1.6 99.00
2019 01 03 17 04 122 10.3 12.1  1.70  5.30 99.00 999 1008.5   1.5   5.6 999.0  1.6 99.00
2019 01 03 18 04 115  9.9 11.9  2.10  5.30 99.00 999 1007.7   1.6   5.5 999.0  1.6 99.00
2019 01 03 19 04 119  9.4 10.8  2.10  6.40 99.00 999 1007.3   2.2   5.6 999.0  1.6 99.00
2019 01 03 20 04 128  8.8 10.3  1.90  6.40 99.00 999 1007.6   2.5   5.6 999.0  1.6 99.00
2019 01 03 21 04 125  7.3  8.1  2.00  6.40 99.00 999 1008.4   2.4   5.7 999.0  1.6 99.00
2019 01 03 22 04 136  6.7  7.9  1.70  6.40 99.00 999 1008.9   2.4   5.8 999.0  1.6 99.00
2019 01 03 23 04 142  6.8  8.7  1.80  6.40 99.00 999 1009.0   2.8   5.8 999.0  1.6 99.00
2019 01 04 00 04 139  6.1  7.8  1.80  6.40 99.00 999 1009.4   3.1   5.9 999.0  1.6 99.00
2019 01 04 01 04 153  5.8  7.3  1.80  6.40 99.00 999 1009.7   3.2   5.9 999.0  1.6 99.00
2019 01 04 02 04 317  5.7  7.2  1.60  6.40 99.00 999 1010.0   2.8   5.9 999.0  1.6 99.00
2019 01 04 03 04 316  7.6 10.2  1.60  6.40 99.00 999 1010.8   2.5   5.8 999.0  1.6 99.00
2019 01 04 04 04 322  6.9  8.4  1.60  6.40 99.00 999 1010.1   1.9   5.9 999.0  1.6 99.00
2019 01 04 05 04 338  6.8  8.1  1.50  6.40 99.00 999 1011.0   1.8   5.9 999.0  1.6 99.00
2019 01 04 06 04 338  5.9  7.4  1.20  5.30 99.00 999 1011.3   1.6   6.0 999.0  1.6 99.00
2019 01 04 07 04 312  6.5  8.4  1.20  4.60 99.00 999 1012.8   2.0   5.9 999.0  1.6 99.00
2019 01 04 08 04 334  4.4  5.9  1.10  6.40 99.00 999 1011.5   2.1   5.8 999.0  1.6 99.00
2019 01 04 09 04 306  3.6  5.3  0.90  5.30 99.00 999 1011.5   2.3   5.6 999.0  1.6 99.00
2019 01 04 10 04 283  5.6  6.7  0.80  6.40 99.00 999 1011.7   2.7   5.5 999.0  1.6 99.00
2019 01 04 11 04 259  4.4  5.3  0.80  5.30 99.00 999 1011.7   3.0   5.5 999.0  1.6 99.00
2019 01 04 12 04 236  5.6  6.8  1.00  6.40 99.00 999 1012.3   3.5   5.4 999.0  1.6 99.00
2019 01 04 13 04 221  7.7  9.3  0.90  8.00 99.00 999 1012.0   4.0   5.4 999.0  1.6 99.00
2019 01 04 14 04 221  7.7  9.3  0.90  8.00 99.00 999 1012.0   4.0   5.4 999.0  1.6 99.00
2019 01 04 15 04 229  8.7 10.4  0.80  3.20 99.00 999 1011.3   4.4   5.5 999.0  1.6 99.00
2019 01 04 16 04 227  9.4 10.9  1.30  4.00 99.00 999 1010.1   4.2   5.7 999.0  1.6 99.00
2019 01 04 17 04 234 10.0 12.7  1.50  5.30 99.00 999 1009.5   4.4   5.7 999.0  1.6 99.00
2019 01 04 18 04 236 10.1 13.0  1.70  5.30 99.00 999 1009.3   4.5   5.8 999.0  1.6 99.00
2019 01 04 19 04 220 10.1 12.5  1.90  5.30 99.00 999 1009.0   4.7   5.8 999.0  1.6 99.00
2019 01 04 20 04 221  9.5 11.0  2.20  6.40 99.00 999 1009.0   5.2   5.8 999.0  1.6 99.00
2019 01 04 21 04 222  9.4 11.4  2.20  6.40 99.00 999 1008.5   5.6   5.8 999.0  1.6 99.00
2019 01 04 22 04 218 10.6 13.1  2.70  6.40 99.00 999 1008.1   5.9   5.9 999.0  1.6 99.00
2019 01 04 23 04 234  9.8 11.5  2.60  6.40 99.00 999 1008.4   5.9   5.9 999.0  1.6 99.00
2019 01 05 00 04 231  8.3 10.0  2.20  8.00 99.00 999 1008.6   5.7   5.9 999.0  1.6 99.00
2019 01 05 01 04 228  8.7 11.0  2.20  8.00 99.00 999 1008.6   5.9   5.9 999.0  1.6 99.00
2019 01 05 02 04 231  7.3  9.0  2.10  8.00 99.00 999 1008.1   5.9   5.9 999.0  1.6 99.00
2019 01 05 03 04 230  7.2  8.7  2.00  8.00 99.00 999 1007.6   5.9   5.9 999.0  1.6 99.00
2019 01 05 04 04 229  7.5  9.1  2.30  8.00 99.00 999 1007.2   5.9   5.9 999.0  1.6 99.00
2019 01 05 05 04 227  6.8  8.1  2.00  8.00 99.00 999 1007.0   5.9   5.9 999.0  1.6 99.00
2019 01 05 06 04 222  6.9  8.1  2.40  8.00 99.00 999 1007.1   5.9   5.9 999.0  1.6 99.00
2019 01 05 07 04 221  5.7  6.6  2.30  8.00 99.00 999 1007.1   5.9   5.9 999.0  1.6 99.00
2019 01 05 08 04 217  4.5  5.3  2.10  8.00 99.00 999 1006.6   5.9   5.9 999.0  1.6 99.00
2019 01 05 09 04 218  4.3  5.2  1.90  8.00 99.00 999 1006.0   5.8   6.0 999.0  1.6 99.00
2019 01 05 10 04 218  5.0  5.7  1.70  8.00 99.00 999 1005.7   5.8   6.1 999.0  1.6 99.00
2019 01 05 11 04 214  3.8  4.6  1.90  8.00 99.00 999 1005.7   5.7   6.0 999.0  1.6 99.00
2019 01 05 12 04 209  2.0  2.8  1.50  6.40 99.00 999 1005.6   5.8   5.9 999.0  1.6 99.00
2019 01 05 13 04 109  3.0  4.0  1.50  6.40 99.00 999 1004.9   5.8   6.2 999.0  1.6 99.00
2019 01 05 14 04 144  4.1  4.7  1.50 10.70 99.00 999 1005.1   5.7   6.2 999.0  1.6 99.00
2019 01 05 15 04 120  2.7  3.3  1.50  8.00 99.00 999 1004.5   5.8   6.2 999.0  1.6 99.00
2019 01 05 16 04 105  3.8  4.6  1.40  8.00 99.00 999 1002.6   5.7   6.2 999.0  1.6 99.00
2019 01 05 17 04  95  2.5  3.0  1.40  8.00 99.00 999 1001.7   5.7   6.2 999.0  1.6 99.00
2019 01 05 18 04  95  2.8  3.4  1.30 10.70 99.00 999 1001.3   5.7   6.2 999.0  1.6 99.00
2019 01 05 19 04  92  3.5  4.2  1.30 10.70 99.00 999 1000.7   5.6   6.2 999.0  1.6 99.00
2019 01 05 20 04  61  5.1  6.2  1.00 10.70 99.00 999  999.4   5.4   6.0 999.0  1.6 99.00
2019 01 05 21 04  67  6.3  7.0  1.00 10.70 99.00 999  998.3   5.3   6.0 999.0  1.6 99.00
2019 01 05 22 04  50  7.0  8.1  1.00 99.00 99.00 999  997.6   5.2 999.0 999.0  1.6 99.00
2019 01 05 23 04  53  7.7  9.2  0.70  2.90 99.00 999  997.0   5.1   6.2 999.0  1.6 99.00
2019 01 06 00 04  48  7.8  9.2  0.80  4.00 99.00 999  996.4   5.0   6.2 999.0  1.6 99.00
2019 01 06 01 04  32  8.9 10.7  1.40  4.60 99.00 999  995.7   4.8   6.2 999.0  1.6 99.00
2019 01 06 02 04  29 10.2 12.1  1.20  4.60 99.00 999  995.4   4.9   6.2 999.0  1.6 99.00
2019 01 06 03 04  24 10.1 12.4  1.50 99.00 99.00 999  995.3   4.5   6.2 999.0  1.6 99.00
2019 01 06 04 04  21 10.0 12.6  1.70  5.30 99.00 999  995.2   4.3   6.2 999.0  1.6 99.00
2019 01 06 05 04 357 10.4 12.3  1.80  5.30 99.00 999  995.3   3.7   6.1 999.0  1.6 99.00
2019 01 06 06 04 350 10.1 12.1  2.10  5.30 99.00 999  996.3   3.2   6.1 999.0  1.6 99.00
2019 01 06 07 04 346 10.5 12.3  1.70  5.30 99.00 999  997.5   3.4   6.1 999.0  1.6 99.00
2019 01 06 08 04 335 10.0 12.2  1.70  4.60 99.00 999  997.8   3.4   6.2 999.0  1.6 99.00
2019 01 06 09 04 325 10.5 12.9  1.60  5.30 99.00 999  998.3   3.3   6.2 999.0  1.6 99.00
2019 01 06 10 04 317 10.4 12.1  1.40  4.60 99.00 999  999.3   3.3   6.2 999.0  1.6 99.00
2019 01 06 11 04 315  9.4 11.5  1.60  5.30 99.00 999 1000.0   3.8   6.2 999.0  1.6 99.00
2019 01 06 12 04 311  9.4 11.7  1.60  5.30 99.00 999 1001.0   3.8   6.1 999.0  1.6 99.00
2019 01 06 13 04 305  9.4 11.0  1.60  5.30 99.00 999 1001.8   3.8   6.1 999.0  1.6 99.00
2019 01 06 14 04 313  7.9  9.9  1.30  5.30 99.00 999 1002.7   4.0   6.1 999.0  1.6 99.00
2019 01 06 15 04 309  8.3 10.1  1.20  5.30 99.00 999 1003.0   3.9   6.1 999.0  1.6 99.00
2019 01 06 16 04 308  8.1  9.6  1.30  4.60 99.00 999 1002.9   4.1   6.1 999.0  1.6 99.00
2019 01 06 17 04 304 10.2 12.2  1.40  4.60 99.00 999 1002.7   4.1   6.1 999.0  1.6 99.00
2019 01 06 18 04 317  8.6 10.6  1.40  4.60 99.00 999 1003.0   3.7   6.1 999.0  1.6 99.00
2019 01 06 19 04 311  9.2 11.8  1.30  5.30 99.00 999 1003.5   3.8   6.1 999.0  1.6 99.00
2019 01 06 20 04 321 10.4 12.2  1.50  5.30 99.00 999 1004.4   3.7   5.9 999.0  1.6 99.00
2019 01 06 21 04 331 11.4 13.9  2.40 10.70 99.00 999 1005.4   3.1   5.8 999.0  1.6 99.00
2019 01 06 22 04 344 11.3 13.4  2.40 10.70 99.00 999 1006.4   3.1   5.9 999.0  1.6 99.00
2019 01 06 23 04 330 10.6 13.1  2.30 10.70 99.00 999 1007.5   2.9   6.0 999.0  1.6 99.00
2019 01 07 00 04 336 13.6 18.1  2.60  5.30 99.00 999 1008.7   2.2   6.0 999.0  1.6 99.00
2019 01 07 01 04 325 14.5 18.5  2.90  6.40 99.00 999 1009.8   0.9   6.0 999.0  1.6 99.00
2019 01 07 02 04 327 15.4 19.6  3.50  8.00 99.00 999 1010.8  -0.3   6.1 999.0  1.6 99.00
2019 01 07 03 04 328 13.8 17.1  4.00  8.00 99.00 999 1012.0  -1.8   6.2 999.0  1.6 99.00
2019 01 07 04 04 999 99.0 99.0  3.90  8.00 99.00 999 9999.0 999.0   6.3 999.0 99.0 99.00
2019 01 07 05 04 329 14.9 18.1  3.60  8.00 99.00 999 1013.0  -2.8   6.2 999.0  1.6 99.00
2019 01 07 06 04 999 99.0 99.0  3.90  8.00 99.00 999 9999.0 999.0   6.0 999.0 99.0 99.00
2019 01 07 07 04 325 13.5 17.0  3.60  8.00 99.00 999 1015.5  -3.3   6.0 999.0  1.6 99.00
2019 01 07 08 04 333 14.1 17.3  3.60  8.00 99.00 999 1016.1  -3.8   6.0 999.0  1.6 99.00
2019 01 07 09 04 328 15.7 20.1  4.80  8.00 99.00 999 1016.9  -4.0   6.1 999.0  1.6 99.00
2019 01 07 10 04 337 15.2 18.6  4.00  8.00 99.00 999 1017.8  -3.9   6.1 999.0  1.6 99.00
2019 01 07 11 04 336 14.7 18.0  4.10  8.00 99.00 999 1018.5  -4.1   6.1 999.0  1.6 99.00
2019 01 07 12 04 330 13.7 17.8  4.00  8.00 99.00 999 1019.9  -4.5   6.1 999.0  1.6 99.00
2019 01 07 13 04 334 13.8 17.1  3.60  8.00 99.00 999 1021.5  -5.1   6.0 999.0  1.6 99.00
2019 01 07 14 04 339 13.5 16.8  3.90  8.00 99.00 999 1023.1  -5.8   6.0 999.0  1.6 99.00
2019 01 07 15 04 337 12.6 15.3  3.40  6.40 99.00 999 1023.5  -5.5   5.9 999.0  1.6 99.00
2019 01 07 16 04 338 12.6 16.1  3.30  8.00 99.00 999 1022.9  -4.7   5.9 999.0  1.6 99.00
2019 01 07 17 04 999 99.0 99.0  2.80  8.00 99.00 999 9999.0 999.0   5.9 999.0 99.0 99.00
2019 01 07 18 04 324 11.2 14.4  2.50  6.40 99.00 999 1023.8  -3.4   6.0 999.0  1.6 99.00
2019 01 07 19 04 328 11.2 14.6  2.60  6.40 99.00 999 1024.3  -3.1   5.9 999.0  1.6 99.00
2019 01 07 20 04 343 11.3 13.3  2.50  6.40 99.00 999 1025.2  -2.4   5.9 999.0  1.6 99.00
2019 01 07 21 04 350  9.9 12.3  2.40  6.40 99.00 999 1026.2  -2.7   5.9 999.0  1.6 99.00
2019 01 07 22 04   2  8.5 10.8  2.00  6.40 99.00 999 1026.5  -2.6   5.9 999.0  1.6 99.00
2019 01 07 23 04 352  8.2 10.2  2.10  6.40 99.00 999 1027.1  -2.5   5.9 999.0  1.6 99.00
2019 01 08 00 04  11  8.6 11.3  1.60  6.40 99.00 999 1027.0  -2.7   5.8 999.0  1.6 99.00
2019 01 08 01 04 356  7.7 10.2  1.40  5.30 99.00 999 1027.4  -3.1   5.8 999.0  1.6 99.00
2019 01 08 02 04 352  6.7  9.1  1.30  5.30 99.00 999 1028.1  -3.5   5.8 999.0  1.6 99.00
2019 01 08 03 04  20  6.8  9.1  1.30  5.30 99.00 999 1027.1  -3.6   5.7 999.0  1.6 99.00
2019 01 08 04 04  23  5.4  7.1  1.10  5.30 99.00 999 1027.0  -3.8   5.7 999.0  1.6 99.00
2019 01 08 05 04  39  4.3  6.6  1.10  5.30 99.00 999 1027.0  -3.7   5.7 999.0  1.6 99.00
2019 01 08 06 04  85  5.6  7.3  1.00  5.30 99.00 999 1026.1  -3.2   5.7 999.0  1.6 99.00
2019 01 08 07 04  97  4.4  5.7  0.90  5.30 99.00 999 1026.5  -2.8   5.6 999.0  1.6 99.00
2019 01 08 08 04 175  3.1  5.1  0.80  4.60 99.00 999 1026.8  -2.4   5.6 999.0  1.6 99.00
2019 01 08 09 04 145  4.8  7.1  0.70  4.60 99.00 999 1025.4  -1.9   5.6 999.0  1.6 99.00
2019 01 08 10 04 167  6.6  8.0  0.70  5.30 99.00 999 1024.8  -1.0   5.6 999.0  1.6 99.00
2019 01 08 11 04 176  7.2 10.2  0.70  2.70 99.00 999 1024.3  -0.2   5.6 999.0  1.6 99.00
2019 01 08 12 04 173  8.8 10.6  0.80  3.20 99.00 999 1023.0   0.7   5.5 999.0  1.6 99.00
2019 01 08 13 04 195  9.3 11.0  0.90  3.20 99.00 999 1023.6   0.3   5.6 999.0  1.6 99.00
2019 01 08 14 04 178  9.6 11.9  1.10  4.00 99.00 999 1022.8   0.8   5.6 999.0  1.6 99.00
2019 01 08 15 04 171  9.3 11.7  1.20  4.00 99.00 999 1021.4   1.5   5.6 999.0  1.6 99.00
2019 01 08 16 04 174 10.6 12.5  1.40  4.60 99.00 999 1019.6   2.5   5.6 999.0  1.6 99.00
2019 01 08 17 04 176 10.6 12.6  1.50  5.30 99.00 999 1018.2   2.8   5.7 999.0  1.6 99.00
2019 01 08 18 04 184  9.8 12.4  1.80  5.30 99.00 999 1017.5   3.7   5.7 999.0  1.6 99.00
2019 01 08 19 04 178  9.2 11.4  1.80  5.30 99.00 999 1016.8   3.8   5.7 999.0  1.6 99.00
2019 01 08 20 04 169  9.5 10.9  1.80  6.40 99.00 999 1015.8   4.0   5.8 999.0  1.6 99.00
2019 01 08 21 04 149  9.0 10.5  1.80  6.40 99.00 999 1014.6   4.0   5.8 999.0  1.6 99.00
2019 01 08 22 04 151  9.3 11.4  1.80  6.40 99.00 999 1014.2   4.4   5.8 999.0  1.6 99.00
2019 01 08 23 04 139 10.8 13.8  2.00  6.40 99.00 999 1013.0   4.4   5.8 999.0  1.6 99.00
2019 01 09 00 04 130 11.6 14.1  2.10  6.40 99.00 999 1011.2   4.1   5.8 999.0  1.6 99.00
2019 01 09 01 04 130 10.7 13.2  2.30  6.40 99.00 999 1009.8   4.5   5.8 999.0  1.6 99.00
2019 01 09 02 04 121 11.7 13.9  2.30 99.00 99.00 999 1007.9   4.6 999.0 999.0  1.6 99.00
2019 01 09 03 04 109 10.7 12.5  2.10  6.40 99.00 999 1006.5   4.4   5.8 999.0  1.6 99.00
2019 01 09 04 04 101  9.7 11.1  2.40  6.40 99.00 999 1004.1   4.8   5.7 999.0  1.6 99.00
2019 01 09 05 04 111  6.8  8.4  2.70  8.00 99.00 999 1002.1   5.6   5.7 999.0  1.6 99.00
2019 01 09 06 04 145  8.5 10.2  2.70  8.00 99.00 999 1000.4   6.2   5.7 999.0  1.6 99.00
2019 01 09 07 04 145  8.2  9.8  2.70  8.00 99.00 999  998.9   6.2   5.7 999.0  1.6 99.00
2019 01 09 08 04 139  5.8  7.4  2.50  8.00 99.00 999  997.4   6.0   5.8 999.0  1.6 99.00
2019 01 09 09 04 169  4.4  5.7  2.20  8.00 99.00 999  996.0   6.0   5.8 999.0  1.6 99.00
2019 01 09 10 04 187  5.0  5.9  2.00  8.00 99.00 999  994.7   6.3   5.8 999.0  1.6 99.00
2019 01 09 11 04 186  4.8  5.9  2.60  8.00 99.00 999  993.6   6.5   5.6 999.0  1.6 99.00
2019 01 09 12 04 187  4.0  5.0  2.40  8.00 99.00 999  992.2   6.5   5.6 999.0  1.6 99.00
2019 01 09 13 04 141  3.3  4.7  2.80  8.00 99.00 999  990.3   6.2   5.2 999.0  1.6 99.00
2019 01 09 14 04 181  8.4 11.0  2.60  8.00 99.00 999  989.9   6.3   5.1 999.0  1.6 99.00
2019 01 09 15 04 203  7.3  8.9  3.00  8.00 99.00 999  988.5   6.3   5.1 999.0  1.6 99.00
2019 01 09 16 04 226  8.8 10.6  2.80 10.70 99.00 999  986.9   6.2   5.1 999.0  1.6 99.00
2019 01 09 17 04 220 10.7 13.5  3.50 10.70 99.00 999  985.4   6.0   5.2 999.0  1.6 99.00
2019 01 09 18 04 232 11.8 14.2  2.80  8.00 99.00 999  984.9   5.3   5.2 999.0  1.6 99.00
2019 01 09 19 04 226 11.7 14.5  3.70 10.70 99.00 999  984.7   4.9   5.1 999.0  1.6 99.00
2019 01 09 20 04 235 12.3 14.3  3.60 10.70 99.00 999  984.5   4.5   5.0 999.0  1.6 99.00
2019 01 09 21 04 240 12.3 15.3  3.80 10.70 99.00 999  984.1   4.3   5.0 999.0  1.6 99.00
2019 01 09 22 04 258 12.9 17.0  4.20 10.70 99.00 999  984.3   3.3   5.0 999.0  1.6 99.00
2019 01 09 23 04 269 14.1 18.5  4.20 99.00 99.00 999  985.1   3.1 999.0 999.0  1.6 99.00
2019 01 10 00 04 269 15.2 19.8  4.30 10.70 99.00 999  986.0   2.5   4.8 999.0  1.6 99.00
2019 01 10 01 04 274 15.0 18.0  4.20 10.70 99.00 999  987.1   2.1   4.8 999.0  1.6 99.00
2019 01 10 02 04 274 15.5 19.9  4.80  8.00 99.00 999  987.4   2.1   4.8 999.0  1.6 99.00
2019 01 10 03 04 278 15.3 18.9  4.70  8.00 99.00 999  987.8   1.6   4.8 999.0  1.6 99.00
2019 01 10 04 04 277 15.3 18.9  4.20  8.00 99.00 999  988.0   1.7   4.9 999.0  1.6 99.00
2019 01 10 05 04 281 14.3 16.4  4.10  8.00 99.00 999  988.3   2.1   4.9 999.0  1.6 99.00
2019 01 10 06 04 279 12.6 16.2  3.90 10.70 99.00 999  989.2   2.5   4.9 999.0  1.6 99.00
2019 01 10 07 04 277 13.2 16.7  4.20  8.00 99.00 999  989.7   2.3   4.9 999.0  1.6 99.00
2019 01 10 08 04 285 12.4 15.4  4.10 10.70 99.00 999  990.0   2.4   4.8 999.0  1.6 99.00
2019 01 10 09 04 278 12.8 15.5  3.80  8.00 99.00 999  990.3   2.4   4.9 999.0  1.6 99.00
2019 01 10 10 04 302 11.0 15.0  3.30 10.70 99.00 999  990.8   2.1   5.1 999.0  1.6 99.00
2019 01 10 11 04 296  9.9 12.1  3.50 10.70 99.00 999  991.3   1.8   5.1 999.0  1.6 99.00
2019 01 10 12 04 295 10.0 11.8  3.40  8.00 99.00 999  991.6   1.6   5.2 999.0  1.6 99.00
2019 01 10 13 04 296 10.2 12.2  3.20 10.70 99.00 999  992.4   1.6   5.2 999.0  1.6 99.00
2019 01 10 14 04 297 10.9 13.2  2.60  8.00 99.00 999  992.7   1.3   5.1 999.0  1.6 99.00
2019 01 10 15 04 297 10.9 14.7  2.90  8.00 99.00 999  993.2   1.1   5.0 999.0  1.6 99.00
2019 01 10 16 04 299 11.9 14.2  2.20  6.40 99.00 999  992.9   0.7   5.0 999.0  1.6 99.00
2019 01 10 17 04 306 11.2 13.1  2.50 10.70 99.00 999  992.8   0.6   5.0 999.0  1.6 99.00
2019 01 10 18 04 300 11.7 15.1  2.50  6.40 99.00 999  993.1   0.5   5.0 999.0  1.6 99.00
2019 01 10 19 04 312 11.6 13.5  2.60 10.70 99.00 999  993.8   0.5   4.9 999.0  1.6 99.00
2019 01 10 20 04 305 11.2 13.6  2.50 10.70 99.00 999  994.7  -0.5   5.0 999.0  1.6 99.00
2019 01 10 21 04 311 11.2 13.3  2.00  5.30 99.00 999  995.2   0.5   5.1 999.0  1.6 99.00
2019 01 10 22 04 999 99.0 99.0  2.40  5.30 99.00 999 9999.0 999.0   5.0 999.0 99.0 99.00
2019 01 10 23 04 315 11.2 14.8  2.20  5.30 99.00 999  996.8   0.5   5.0 999.0  1.6 99.00
2019 01 11 00 04 307 11.3 13.8  2.50  6.40 99.00 999  997.5   0.3   4.9 999.0  1.6 99.00
2019 01 11 01 04 302 13.1 15.6  2.40  5.30 99.00 999  998.2   0.3   4.9 999.0  1.6 99.00
2019 01 11 02 04 304 13.6 16.9  2.80  6.40 99.00 999  998.9  -0.5   5.0 999.0  1.6 99.00
2019 01 11 03 04 305 13.1 15.9  2.90  6.40 99.00 999  999.7  -1.1   5.0 999.0  1.6 99.00
2019 01 11 04 04 308 12.3 15.0  2.90  8.00 99.00 999 1000.0  -1.6   5.0 999.0  1.6 99.00
2019 01 11 05 04 299 12.8 15.7  2.90  8.00 99.00 999 1001.0  -2.0   5.0 999.0  1.6 99.00
2019 01 11 06 04 308 11.9 14.1  3.00  8.00 99.00 999 1002.0  -2.4   5.0 999.0  1.6 99.00
2019 01 11 07 04 302 12.1 14.7  3.00  8.00 99.00 999 1003.2  -2.9   5.0 999.0  1.6 99.00
2019 01 11 08 04 296 11.9 14.8  3.00  6.40 99.00 999 1003.9  -3.2   5.0 999.0  1.6 99.00
2019 01 11 09 04 303 11.6 13.9  2.50  8.00 99.00 999 1004.7  -3.6   5.0 999.0  1.6 99.00
2019 01 11 10 04 310 11.1 14.0  2.50  8.00 99.00 999 1005.8  -3.8   5.0 999.0  1.6 99.00
2019 01 11 11 04 308 10.4 13.8  2.50  8.00 99.00 999 1006.8  -4.0   5.0 999.0  1.6 99.00
2019 01 11 12 04 308 10.4 13.8  2.50  8.00 99.00 999 1006.8  -4.0   5.0 999.0  1.6 99.00
2019 01 11 13 04 308 10.4 13.8  2.50  8.00 99.00 999 1006.8  -4.0   5.0 999.0  1.6 99.00
2019 01 11 14 04 312 11.0 13.3  2.40  6.40 99.00 999 1010.3  -4.7   4.9 999.0  1.6 99.00
2019 01 11 15 04 299 10.6 13.9  2.40  6.40 99.00 999 1010.9  -4.9   4.9 999.0  1.6 99.00
2019 01 11 16 04 291 10.4 13.5  2.30  6.40 99.00 999 1010.9  -5.3   4.9 999.0  1.6 99.00
2019 01 11 17 04 302 11.0 13.1  1.90  8.00 99.00 999 1011.0  -5.2   4.9 999.0  1.6 99.00
2019 01 11 18 04 298 11.6 13.7  2.60  6.40 99.00 999 1011.2  -4.8   4.9 999.0  1.6 99.00
2019 01 11 19 04 286 12.0 15.4  2.50  6.40 99.00 999 1012.1  -4.1   4.9 999.0  1.6 99.00
2019 01 11 20 04 294 12.2 14.8  2.70  6.40 99.00 999 1012.6  -3.5   4.9 999.0  1.6 99.00
2019 01 11 21 04 296 11.7 13.9  2.30  8.00 99.00 999 1013.2  -3.3   4.9 999.0  1.6 99.00
2019 01 11 22 04 999 99.0 99.0  2.70  8.00 99.00 999 9999.0 999.0   4.9 999.0 99.0 99.00
2019 01 11 23 04 296 13.2 15.6  2.80  8.00 99.00 999 1015.5  -4.1   4.9 999.0  1.6 99.00
2019 01 12 00 04 302 12.8 15.7  2.40  6.40 99.00 999 1016.6  -5.2   4.9 999.0  1.6 99.00
2019 01 12 01 04 304 11.0 13.4  2.80  6.40 99.00 999 1017.8  -5.7   4.9 999.0  1.6 99.00
2019 01 12 02 04 316  9.9 12.5  2.50  8.00 99.00 999 1018.7  -6.6   4.9 999.0  1.6 99.00
2019 01 12 03 04 312 11.4 14.4  2.70  8.00 99.00 999 1019.8  -7.6   4.8 999.0  1.6 99.00
2019 01 12 04 04 317 10.6 13.5  2.60  8.00 99.00 999 1020.4  -8.2   4.9 999.0  1.6 99.00
2019 01 12 05 04 314  9.6 12.4  2.30  8.00 99.00 999 1021.1  -8.4   4.8 999.0  1.6 99.00
2019 01 12 06 04 305 10.5 13.2  2.70  8.00 99.00 999 1021.3  -8.1   4.8 999.0  1.6 99.00
2019 01 12 07 04 301 12.2 15.6  2.70  8.00 99.00 999 1021.7  -7.9   4.8 999.0  1.6 99.00
2019 01 12 08 04 303 11.8 14.5  2.80  6.40 99.00 999 1021.7  -7.4   4.8 999.0  1.6 99.00
2019 01 12 09 04 300 13.3 16.6  2.70  8.00 99.00 999 1021.7  -6.9   4.8 999.0  1.6 99.00
2019 01 12 10 04 295 14.1 17.1  3.20  8.00 99.00 999 1022.1  -6.9   4.8 999.0  1.6 99.00
2019 01 12 11 04 297 14.3 17.4  2.90  6.40 99.00 999 1022.7  -6.8   4.8 999.0  1.6 99.00
2019 01 12 12 04 300 14.7 17.8  2.70  6.40 99.00 999 1023.1  -6.3   4.7 999.0  1.6 99.00
2019 01 12 13 04 300 14.2 16.3  2.70  8.00 99.00 999 1024.1  -6.6   4.8 999.0  1.6 99.00
2019 01 12 14 04 301 13.0 15.6  3.00  8.00 99.00 999 1025.1  -6.2   4.7 999.0  1.6 99.00
2019 01 12 15 04 296 11.8 14.8  2.90  8.00 99.00 999 1025.7  -6.4   4.8 999.0  1.6 99.00
2019 01 12 16 04 304 12.2 16.9  2.90  8.00 99.00 999 1024.9  -6.4   4.8 999.0  1.6 99.00
2019 01 12 17 04 999 99.0 99.0  2.40  8.00 99.00 999 9999.0 999.0   4.7 999.0 99.0 99.00
2019 01 12 18 04 305 11.6 15.1  3.00  8.00 99.00 999 1024.3  -6.0   4.8 999.0  1.6 99.00
2019 01 12 19 04 296 11.6 14.6  2.70  8.00 99.00 999 1024.6  -5.5   4.8 999.0  1.6 99.00
2019 01 12 20 04 293 11.9 14.7  2.70  8.00 99.00 999 1024.9  -5.2   4.8 999.0  1.6 99.00
2019 01 12 21 04 302 11.2 15.0  2.90  8.00 99.00 999 1025.5  -4.6   4.8 999.0  1.6 99.00
2019 01 12 22 04 310 11.3 14.1  2.40  6.40 99.00 999 1025.9  -4.3   4.8 999.0  1.6 99.00
2019 01 12 23 04 310 11.4 13.9  2.50  6.40 99.00 999 1026.7  -4.2   4.8 999.0  1.6 99.00
2019 01 13 00 04 318 10.4 12.9  2.30  6.40 99.00 999 1027.3  -4.3   4.8 999.0  1.6 99.00
2019 01 13 01 04 999 99.0 99.0  2.20  6.40 99.00 999 9999.0 999.0   4.8 999.0 99.0 99.00
2019 01 13 02 04 327  8.2 11.4  2.00  6.40 99.00 999 1028.3  -5.0   4.8 999.0  1.6 99.00
2019 01 13 03 04 323  8.2 10.4  1.70  6.40 99.00 999 1028.5  -5.3   4.8 999.0  1.6 99.00
2019 01 13 04 04 338  7.1  9.1  1.60  6.40 99.00 999 1028.5  -5.9   4.8 999.0  1.6 99.00
2019 01 13 05 04 329  6.0  7.8  1.50  6.40 99.00 999 1028.3  -6.0   4.7 999.0  1.6 99.00
2019 01 13 06 04 344  5.0  7.5  1.40  6.40 99.00 999 1028.6  -6.1   4.7 999.0  1.6 99.00
2019 01 13 07 04 360  4.2  6.3  1.30  6.40 99.00 999 1029.1  -5.9   4.8 999.0  1.6 99.00
2019 01 13 08 04 354  4.8  7.9  1.00  6.40 99.00 999 1029.2  -5.9   3.8 999.0  1.6 99.00
2019 01 13 09 04 352  4.8  7.0  1.00  6.40 99.00 999 1028.8  -6.1   3.7 999.0  1.6 99.00
2019 01 13 10 04 358  4.8  6.5  1.00  4.00 99.00 999 1028.9  -5.9   3.8 999.0  1.6 99.00
2019 01 13 11 04  11  6.2  7.9  1.00  4.60 99.00 999 1029.2  -5.7   3.7 999.0  1.6 99.00
2019 01 13 12 04   8  6.0  8.2  0.90  4.60 99.00 999 1029.6  -5.6   3.7 999.0  1.6 99.00
2019 01 13 13 04   6  5.8  8.1  0.90  5.30 99.00 999 1030.2  -5.8   3.7 999.0  1.6 99.00
2019 01 13 14 04  19  6.0  8.2  0.90  4.60 99.00 999 1030.2  -5.7   3.7 999.0  1.6 99.00
2019 01 13 15 04  23  4.5  6.0  0.90  4.60 99.00 999 1030.3  -5.7   3.6 999.0  1.6 99.00
2019 01 13 16 04   4  4.2  5.7  0.90 99.00 99.00 999 1029.7  -5.3 999.0 999.0  1.6 99.00
2019 01 13 17 04 346  3.9  5.8  0.80  4.60 99.00 999 1028.9  -5.4   3.7 999.0  1.6 99.00
2019 01 13 18 04 340  4.2  6.3  1.00  5.30 99.00 999 1028.7  -5.3   3.8 999.0  1.6 99.00
2019 01 13 19 04 327  3.9  6.0  0.90  4.60 99.00 999 1028.6  -5.0   3.8 999.0  1.6 99.00
2019 01 13 20 04 332  5.5  7.0  0.90  5.30 99.00 999 1028.4  -4.1   3.8 999.0  1.6 99.00
2019 01 13 21 04 322  4.5  6.4  1.00  5.30 99.00 999 1028.4  -4.1   3.9 999.0  1.6 99.00
2019 01 13 22 04 317  4.8  6.7  0.80  4.60 99.00 999 1028.3  -3.8   3.9 999.0  1.6 99.00
2019 01 13 23 04 339  4.4  5.7  0.70  4.60 99.00 999 1028.4  -3.3   3.9 999.0  1.6 99.00
2019 01 14 00 04 336  4.7  6.1  0.70  4.60 99.00 999 1028.3  -2.9   3.9 999.0  1.6 99.00
2019 01 14 01 04 344  4.7  6.1  0.60  4.00 99.00 999 1028.3  -2.8   3.9 999.0  1.6 99.00
2019 01 14 02 04   2  3.7  4.9  0.60  4.00 99.00 999 1028.5  -2.9   3.9 999.0  1.6 99.00
2019 01 14 03 04  13  5.5  7.3  0.60  4.00 99.00 999 1028.3  -2.5   3.9 999.0  1.6 99.00
2019 01 14 04 04  31  5.4  7.0  0.60  4.00 99.00 999 1027.5  -2.9   3.8 999.0  1.6 99.00
2019 01 14 05 04  34  5.2  6.6  0.50  4.00 99.00 999 1026.9  -2.8   3.9 999.0  1.6 99.00
2019 01 14 06 04  56  4.9  6.5  0.50  4.00 99.00 999 1026.7  -3.1   3.9 999.0  1.6 99.00
2019 01 14 07 04  52  4.3  5.9  0.50  3.60 99.00 999 1026.8  -3.0   3.8 999.0  1.6 99.00
2019 01 14 08 04  38  4.4  6.6  0.50  4.00 99.00 999 1026.0  -3.2   3.9 999.0  1.6 99.00
2019 01 14 09 04  24  4.4  6.1  0.50  3.60 99.00 999 1025.3  -3.3   3.6 999.0  1.6 99.00
2019 01 14 10 04  31  4.7  6.2  0.50  3.60 99.00 999 1024.4  -3.4   3.6 999.0  1.6 99.00
2019 01 14 11 04  41  5.6  7.5  0.60  4.00 99.00 999 1024.6  -3.5   3.6 999.0  1.6 99.00
2019 01 14 12 04  34  6.6  8.5  0.70  4.00 99.00 999 1024.6  -3.3   3.6 999.0  1.6 99.00
2019 01 14 13 04  37  6.7  8.9  0.70  3.20 99.00 999 1024.5  -3.5   3.6 999.0  1.6 99.00
2019 01 14 14 04  40  6.3  8.7  0.70  4.00 99.00 999 1024.9  -3.6   3.6 999.0  1.6 99.00
2019 01 14 15 04  34  5.7  7.5  0.70  4.00 99.00 999 1024.6  -3.4   3.6 999.0  1.6 99.00
2019 01 14 16 04  26  5.8  8.4  0.60  4.00 99.00 999 1023.3  -3.3   3.6 999.0  1.6 99.00
2019 01 14 17 04  25  5.8  8.2  0.70  4.00 99.00 999 1021.7  -3.6   3.3 999.0  1.6 99.00
2019 01 14 18 04  25  6.3  8.1  0.70 99.00 99.00 999 1020.9  -3.6 999.0 999.0  1.6 99.00
2019 01 14 19 04  12  7.9 10.2  0.70  4.60 99.00 999 1019.5  -3.5   3.3 999.0  1.6 99.00
2019 01 14 20 04  14  8.0  9.6  0.80  4.00 99.00 999 1018.9  -3.5   3.3 999.0  1.6 99.00
2019 01 14 21 04  12  7.4  9.5  1.00  4.00 99.00 999 1018.5  -3.4   3.3 999.0  1.6 99.00
2019 01 14 22 04  18  6.7  8.6  1.00  4.60 99.00 999 1018.4  -3.4   3.3 999.0  1.6 99.00
2019 01 14 23 04  14  7.3  9.2  1.00  4.00 99.00 999 1017.9  -3.0   3.3 999.0  1.6 99.00
2019 01 15 00 04  17  7.6  9.2  1.00  4.00 99.00 999 1017.4  -2.7   3.3 999.0  1.6 99.00
2019 01 15 01 04  17  7.1  8.5  1.00  4.00 99.00 999 1016.5  -2.5   3.3 999.0  1.6 99.00
2019 01 15 02 04   9  8.4 10.3  1.00  4.60 99.00 999 1015.9  -2.0   3.3 999.0  1.6 99.00
2019 01 15 03 04   3  9.0 10.3  1.10  4.60 99.00 999 1015.3  -2.1   3.4 999.0  1.6 99.00
2019 01 15 04 04   7  9.1 11.1  1.20  4.60 99.00 999 1014.7  -2.2   3.5 999.0  1.6 99.00
2019 01 15 05 04   6  8.9 10.7  1.40  4.60 99.00 999 1013.9  -2.0   3.5 999.0  1.6 99.00
2019 01 15 06 04 999 99.0 99.0  1.60  5.30 99.00 999 9999.0 999.0   3.5 999.0 99.0 99.00
2019 01 15 07 04   3  8.5 10.2  1.70  5.30 99.00 999 1013.5  -1.6   3.5 999.0  1.6 99.00
2019 01 15 08 04 353  8.2 10.0  1.70  5.30 99.00 999 1013.3  -1.5   3.5 999.0  1.6 99.00
2019 01 15 09 04 350  7.6  9.4  1.70  5.30 99.00 999 1013.1  -1.2   3.6 999.0  1.6 99.00
2019 01 15 10 04 339  6.6  8.5  1.50  5.30 99.00 999 1013.3  -1.5   3.6 999.0  1.6 99.00
2019 01 15 11 04 358  8.6 10.4  2.20 10.70 99.00 999 1013.5  -1.7   3.6 999.0  1.6 99.00
2019 01 15 12 04 357  9.4 11.2  2.40 10.70 99.00 999 1013.9  -2.2   3.6 999.0  1.6 99.00
2019 01 15 13 04 341  9.5 12.1  1.90  5.30 99.00 999 1014.2  -2.0   3.5 999.0  1.6 99.00
2019 01 15 14 04 346  8.7 10.4  2.40 10.70 99.00 999 1015.2  -2.0   3.6 999.0  1.6 99.00
2019 01 15 15 04 352  8.8 10.8  2.40 99.00 99.00 999 1015.6  -2.0   3.7 999.0  1.6 99.00
2019 01 15 16 04 354  8.0  9.8  1.40  5.30 99.00 999 1015.3  -2.3   3.7 999.0  1.6 99.00
2019 01 15 17 04 348  7.0  8.9  2.00 10.70 99.00 999 1014.6  -2.2   3.7 999.0  1.6 99.00
2019 01 15 18 04 348  6.2  8.2  2.00 10.70 99.00 999 1014.6  -2.1   3.8 999.0  1.6 99.00
2019 01 15 19 04 327  5.6  7.2  1.90 99.00 99.00 999 1014.9  -1.9   3.9 999.0  1.6 99.00
2019 01 15 20 04 328  6.3  7.8  1.80 10.70 99.00 999 1015.4  -2.0   3.7 999.0  1.6 99.00
2019 01 15 21 04 320  6.4  9.7  2.10 10.70 99.00 999 1015.8  -1.7   3.7 999.0  1.6 99.00
2019 01 15 22 04 320  6.4  9.7  2.10 10.70 99.00 999 1015.8  -1.7   3.7 999.0  1.6 99.00
2019 01 15 23 04 337  6.0  7.4  2.00 10.70 99.00 999 1016.6  -1.3   3.7 999.0  1.6 99.00
2019 01 16 00 04 999 99.0 99.0  1.90 10.70 99.00 999 9999.0 999.0   3.7 999.0 99.0 99.00
2019 01 16 01 04 999 99.0 99.0  1.90 99.00 99.00 999 9999.0 999.0   3.8 999.0 99.0 99.00
2019 01 16 02 04 999 99.0 99.0  1.90 99.00 99.00 999 9999.0 999.0   3.8 999.0 99.0 99.00
2019 01 16 03 04  32  3.4  4.6  1.90 99.00 99.00 999 1018.2  -1.1   3.8 999.0  1.6 99.00
2019 01 16 04 04  79  1.8  2.9  1.30 10.70 99.00 999 1018.0  -1.2   3.8 999.0  1.6 99.00
2019 01 16 05 04 118  2.0  3.8  1.30 10.70 99.00 999 1017.4  -1.1   3.7 999.0  1.6 99.00
2019 01 16 06 04 151  1.9  3.0  1.30 10.70 99.00 999 1017.1  -1.1   3.7 999.0  1.6 99.00
2019 01 16 07 04 151  3.5  4.7  1.30 10.70 99.00 999 1016.6  -0.8   3.8 999.0  1.6 99.00
2019 01 16 08 04 999 99.0 99.0  1.50 10.70 99.00 999 9999.0 999.0   3.9 999.0 99.0 99.00
2019 01 16 09 04 172  6.6  8.1  1.40 10.70 99.00 999 1015.4  -0.2   3.9 999.0  1.6 99.00
2019 01 16 10 04 170  7.3  8.6  1.70 10.70 99.00 999 1015.0   0.4   3.8 999.0  1.6 99.00
2019 01 16 11 04 164  7.8  9.2  1.60 10.70 99.00 999 1014.9   0.8   3.8 999.0  1.6 99.00
2019 01 16 12 04 164  7.8  9.2  1.60 10.70 99.00 999 1014.9   0.8   3.8 999.0  1.6 99.00
2019 01 16 13 04 164  7.8  9.2  1.60 10.70 99.00 999 1014.9   0.8   3.8 999.0  1.6 99.00
2019 01 16 14 04 179 10.1 12.6  1.10  4.60 99.00 999 1014.2   2.2   3.8 999.0  1.6 99.00
2019 01 16 15 04 219 10.4 13.0  1.20  4.60 99.00 999 1013.5   3.0   3.8 999.0  1.6 99.00
2019 01 16 16 04 231 11.4 13.2  1.70  5.30 99.00 999 1012.6   2.5   3.8 999.0  1.6 99.00
2019 01 16 17 04 226 10.6 13.5  1.80  5.30 99.00 999 1011.4   2.3   3.8 999.0  1.6 99.00
2019 01 16 18 04 227 11.6 13.5  2.00  6.40 99.00 999 1010.4   2.3   3.8 999.0  1.6 99.00
2019 01 16 19 04 220 12.1 14.8  2.70  6.40 99.00 999 1009.5   2.7   3.8 999.0  1.6 99.00
2019 01 16 20 04 242 13.6 16.3  2.60  6.40 99.00 999 1009.5   2.4   3.8 999.0  1.6 99.00
2019 01 16 21 04 250 11.6 13.7  3.20  8.00 99.00 999 1009.8   2.2   3.8 999.0  1.6 99.00
2019 01 16 22 04 259 10.6 12.4  3.00  8.00 99.00 999 1010.3   2.2   3.8 999.0  1.6 99.00
2019 01 16 23 04 260  8.9 10.9  2.90  8.00 99.00 999 1010.8   2.4   3.8 999.0  1.6 99.00
2019 01 17 00 04 257  9.0 10.4  2.60  8.00 99.00 999 1011.1   2.7   3.8 999.0  1.6 99.00
2019 01 17 01 04 258 10.1 12.3  2.40  8.00 99.00 999 1011.7   3.0   3.8 999.0  1.6 99.00
2019 01 17 02 04 259  9.6 12.6  2.10  8.00 99.00 999 1011.9   3.5   3.9 999.0  1.6 99.00
2019 01 17 03 04 274 10.4 13.2  2.60  6.40 99.00 999 1012.6   3.5   3.8 999.0  1.6 99.00
2019 01 17 04 04 305 11.3 13.4  2.40  6.40 99.00 999 1013.5   2.7   3.9 999.0  1.6 99.00
2019 01 17 05 04 313 12.9 15.3  2.30  6.40 99.00 999 1014.4   1.4   3.8 999.0  1.6 99.00
2019 01 17 06 04 324 13.4 16.7  2.60  6.40 99.00 999 1015.9  -0.7   3.8 999.0  1.6 99.00
2019 01 17 07 04 325 11.8 14.0  2.70  6.40 99.00 999 1018.2  -2.6   3.8 999.0  1.6 99.00
2019 01 17 08 04 327 12.0 14.6  3.20  6.40 99.00 999 1019.8  -4.2   3.8 999.0  1.6 99.00
2019 01 17 09 04 327 12.9 16.1  3.60  8.00 99.00 999 1020.7  -5.5   3.8 999.0  1.6 99.00
2019 01 17 10 04 329 12.3 16.4  2.80  6.40 99.00 999 1021.7  -5.9   3.7 999.0  1.6 99.00
2019 01 17 11 04 341 12.9 15.9  2.80  6.40 99.00 999 1022.5  -6.5   3.8 999.0  1.6 99.00
2019 01 17 12 04 337 11.2 14.2  2.60  6.40 99.00 999 1023.8  -7.0   3.7 999.0  1.6 99.00
2019 01 17 13 04 329 10.3 12.9  2.70  6.40 99.00 999 1024.8  -6.8   3.7 999.0  1.6 99.00
2019 01 17 14 04 333 10.2 13.4  2.30  6.40 99.00 999 1025.9  -6.6   3.7 999.0  1.6 99.00
2019 01 17 15 04 328 10.2 12.5  2.20  6.40 99.00 999 1026.3  -6.6   3.8 999.0  1.6 99.00
2019 01 17 16 04 324  7.9  9.9  1.90  6.40 99.00 999 1026.7  -6.8   3.7 999.0  1.6 99.00
2019 01 17 17 04 319  6.3  8.3  1.50  5.30 99.00 999 1026.3  -6.9   3.7 999.0  1.6 99.00
2019 01 17 18 04 322  6.5  9.5  1.40  5.30 99.00 999 1026.1  -6.7   3.6 999.0  1.6 99.00
2019 01 17 19 04 333  5.6  7.4  1.30  5.30 99.00 999 1026.8  -6.8   3.6 999.0  1.6 99.00
2019 01 17 20 04 306  4.6  7.1  1.00  5.30 99.00 999 1027.1  -6.5   3.6 999.0  1.6 99.00
2019 01 17 21 04 310  3.9  5.9  0.90  5.30 99.00 999 1026.8  -6.3   3.7 999.0  1.6 99.00
2019 01 17 22 04 304  3.3  5.0  0.80  4.60 99.00 999 1027.1  -6.3   3.7 999.0  1.6 99.00
2019 01 17 23 04 308  2.5  4.1  0.80  4.60 99.00 999 1027.5  -6.2   3.8 999.0  1.6 99.00
2019 01 18 00 04 353  2.5  4.7  0.70  4.60 99.00 999 1027.9  -5.9   3.7 999.0  1.6 99.00
2019 01 18 01 04 319  2.2  4.6  0.70  4.00 99.00 999 1027.8  -5.8   3.7 999.0  1.6 99.00
2019 01 18 02 04   8  1.4  2.2  0.50  3.60 99.00 999 1027.9  -5.7   3.6 999.0  1.6 99.00
2019 01 18 03 04 150  1.5  2.2  0.60  8.00 99.00 999 1027.9  -5.5   3.7 999.0  1.6 99.00
2019 01 18 04 04  30  0.8  1.3  0.50  8.00 99.00 999 1028.1  -5.3   3.6 999.0  1.6 99.00
2019 01 18 05 04 159  1.4  2.8  0.50  8.00 99.00 999 1027.5  -5.0   3.6 999.0  1.6 99.00
2019 01 18 06 04 149  2.3  4.3  0.60 10.70 99.00 999 1027.0  -4.6   3.6 999.0  1.6 99.00
2019 01 18 07 04 150  3.6  6.2  0.40  8.00 99.00 999 1026.7  -4.1   3.6 999.0  1.6 99.00
2019 01 18 08 04 148  5.7  7.6  0.50 10.70 99.00 999 1025.5  -3.3   3.6 999.0  1.5 99.00
2019 01 18 09 04 138  6.3  8.3  0.40  2.50 99.00 999 1023.8  -3.0   3.6 999.0  1.6 99.00
2019 01 18 10 04 143  6.1  8.0  0.50  2.70 99.00 999 1023.1  -2.7   3.6 999.0  1.6 99.00
2019 01 18 11 04 149  6.5  8.4  0.50  2.90 99.00 999 1023.0  -2.2   3.6 999.0  1.6 99.00
2019 01 18 12 04 148  6.7  9.4  0.60  2.90 99.00 999 1022.7  -1.6   3.6 999.0  1.6 99.00
2019 01 18 13 04 144  6.5  9.4  0.60  3.60 99.00 999 1022.5  -1.4   3.6 999.0  1.6 99.00
2019 01 18 14 04 142  7.1  9.8  0.80  3.60 99.00 999 1022.5  -1.2   3.6 999.0  1.6 99.00
2019 01 18 15 04 138  7.1  9.3  0.70  4.00 99.00 999 1022.5  -1.0   3.7 999.0  1.6 99.00
2019 01 18 16 04 135  7.8  9.3  0.80  4.00 99.00 999 1021.1  -0.9   3.7 999.0  1.6 99.00
2019 01 18 17 04 135  7.9  9.6  0.90  4.60 99.00 999 1019.6  -0.1   3.7 999.0  1.6 99.00
2019 01 18 18 04 134  8.0  9.3  0.90  4.60 99.00 999 1018.4   0.3   3.8 999.0  1.6 99.00
2019 01 18 19 04 137  7.9  9.2  1.10  4.60 99.00 999 1017.3   0.6   3.9 999.0  1.6 99.00
2019 01 18 20 04 133  6.6  8.2  1.10  4.60 99.00 999 1016.8   1.0   3.7 999.0  1.6 99.00
2019 01 18 21 04 137  5.7  6.6  1.10  4.60 99.00 999 1016.1   1.1   3.7 999.0  1.6 99.00
2019 01 18 22 04 154  5.1  6.3  1.10  4.60 99.00 999 1015.7   1.6   3.8 999.0  1.6 99.00
2019 01 18 23 04 187  3.9  5.1  1.10  5.30 99.00 999 1015.9   1.9   3.8 999.0  1.6 99.00
2019 01 19 00 04 177  4.0  5.2  1.00  5.30 99.00 999 1015.5   1.9   3.8 999.0  1.6 99.00
2019 01 19 01 04 210  3.9  4.8  0.90  5.30 99.00 999 1015.2   2.1   3.8 999.0  1.6 99.00
2019 01 19 02 04 209  4.9  5.9  0.90  5.30 99.00 999 1015.4   2.3   3.8 999.0  1.6 99.00
2019 01 19 03 04 231  6.8  8.2  0.90  5.30 99.00 999 1015.5   2.9   3.9 999.0  1.6 99.00
2019 01 19 04 04 228  6.6  8.4  0.80  5.30 99.00 999 1016.0   2.4   3.7 999.0  1.6 99.00
2019 01 19 05 04 310 10.1 12.5  0.80  5.30 99.00 999 1016.1   3.0   3.5 999.0  1.6 99.00
2019 01 19 06 04 999 99.0 99.0  1.10  5.30 99.00 999 9999.0 999.0   3.5 999.0 99.0 99.00
2019 01 19 07 04 338 10.9 13.0  1.40  5.30 99.00 999 1018.0   1.1   3.5 999.0  1.6 99.00
2019 01 19 08 04 335 10.1 12.2  1.60  5.30 99.00 999 1019.0   0.4   3.4 999.0  1.6 99.00
2019 01 19 09 04 354  9.6 12.3  1.50  4.60 99.00 999 1019.9  -0.4   3.5 999.0  1.6 99.00
2019 01 19 10 04 356 10.5 13.3  1.50  5.30 99.00 999 1020.7  -1.5   3.5 999.0  1.6 99.00
2019 01 19 11 04 357 10.1 11.7  1.50  5.30 99.00 999 1021.4  -2.2   3.5 999.0  1.6 99.00
2019 01 19 12 04 345 10.0 11.9  1.70  5.30 99.00 999 1022.3  -2.7   3.4 999.0  1.6 99.00
2019 01 19 13 04 346 10.6 13.2  1.90  5.30 99.00 999 1023.5  -3.5   3.4 999.0  1.6 99.00
2019 01 19 14 04 349 10.4 12.0  1.90  5.30 99.00 999 1024.6  -4.4   3.5 999.0  1.6 99.00
2019 01 19 15 04 344  9.2 11.9  1.70  5.30 99.00 999 1026.0  -4.6   3.5 999.0  1.6 99.00
2019 01 19 16 04   1  7.4  8.9  1.60  5.30 99.00 999 1025.6  -5.1   3.5 999.0  1.6 99.00
2019 01 19 17 04   4  6.7  7.9  1.10  5.30 99.00 999 1025.7  -5.4   3.4 999.0  1.6 99.00
2019 01 19 18 04  13  6.9  9.4  1.10  5.30 99.00 999 1025.7  -6.0   3.5 999.0  1.6 99.00
2019 01 19 19 04  31  6.0  7.9  1.10  5.30 99.00 999 1025.7  -6.5   3.5 999.0  1.6 99.00
2019 01 19 20 04  36  5.9  7.5  0.90  5.30 99.00 999 1025.7  -6.4   3.5 999.0  1.6 99.00
2019 01 19 21 04  56  6.5  9.6  1.00  4.60 99.00 999 1025.5  -5.8   3.5 999.0  1.6 99.00
2019 01 19 22 04  50  7.2  9.4  1.00  5.30 99.00 999 1026.5  -5.8   3.5 999.0  1.6 99.00
2019 01 19 23 04  42  7.1  9.3  1.00  5.30 99.00 999 1026.8  -5.9   3.4 999.0  1.6 99.00
2019 01 20 00 04  62  7.9  9.3  1.10  4.60 99.00 999 1026.4  -5.6   3.4 999.0  1.6 99.00
2019 01 20 01 04  54  9.2 11.1  1.30  5.30 99.00 999 1025.2  -5.2   3.4 999.0  1.6 99.00
2019 01 20 02 04  61  9.6 12.8  1.60  5.30 99.00 999 1024.8  -5.1   3.3 999.0  1.6 99.00
2019 01 20 03 04  58  8.9 11.1  1.70  5.30 99.00 999 1025.0  -4.4   3.4 999.0  1.6 99.00
2019 01 20 04 04  75  9.4 11.4  1.70  5.30 99.00 999 1023.9  -3.6   3.4 999.0  1.6 99.00
2019 01 20 05 04  69 10.7 13.0  1.90  5.30 99.00 999 1022.4  -3.4   3.4 999.0  1.6 99.00
2019 01 20 06 04  79 10.1 11.6  1.90  5.30 99.00 999 1021.7  -4.2   3.4 999.0  1.6 99.00
2019 01 20 07 04  73 10.9 12.8  1.80  5.30 99.00 999 1020.3  -3.3   3.4 999.0  1.6 99.00
2019 01 20 08 04  75 11.8 14.0  1.90  5.30 99.00 999 1018.2  -2.3   3.4 999.0  1.6 99.00
2019 01 20 09 04  94 12.5 14.9  2.30  5.30 99.00 999 1016.3  -1.2   3.4 999.0  1.6 99.00
2019 01 20 10 04 100 14.6 17.8  2.30 99.00 99.00 999 1013.5  -1.1 999.0 999.0  1.6 99.00
2019 01 20 11 04  91 14.8 18.2  3.10  6.40 99.00 999 1011.1  -0.8   3.4 999.0  1.6 99.00
2019 01 20 12 04  92 15.3 18.2  4.40  8.00 99.00 999 1008.1   0.3   3.4 999.0  1.6 99.00
2019 01 20 13 04  98 15.5 19.2  4.50  8.00 99.00 999 1004.0   1.6   3.4 999.0  1.6 99.00
2019 01 20 14 04 115 17.5 21.5  4.20  8.00 99.00 999 1001.0   3.3   3.5 999.0  1.6 99.00
2019 01 20 15 04 120 14.1 18.6  4.60  8.00 99.00 999 9999.0   4.4   3.5 999.0  1.6 99.00
2019 01 20 16 04 137 13.2 16.8  4.10  8.00 99.00 999  995.8   6.5   3.6 999.0  1.6 99.00
2019 01 20 17 04 166 12.2 14.3  3.60  8.00 99.00 999  994.2   7.5   3.6 999.0  1.6 99.00
2019 01 20 18 04 165 12.6 16.0  3.60  8.00 99.00 999  991.9   7.8   3.6 999.0  1.6 99.00
2019 01 20 19 04 179 10.9 12.7  3.60  8.00 99.00 999  991.1   7.8   3.6 999.0  1.6 99.00
2019 01 20 20 04 185  5.8  7.0  3.40  8.00 99.00 999  991.3   6.4   3.6 999.0  1.6 99.00
2019 01 20 21 04 180  7.0  8.6  2.80  8.00 99.00 999  990.4   6.5   3.5 999.0  1.6 99.00
2019 01 20 22 04 156  4.4  5.8  3.20  8.00 99.00 999  988.0   6.1   3.6 999.0  1.6 99.00
2019 01 20 23 04 148  7.7  9.0  3.90  8.00 99.00 999  986.2   6.8   3.6 999.0  1.6 99.00
2019 01 21 00 04 178 12.3 16.7  4.00  8.00 99.00 999  984.4   7.5   3.6 999.0  1.6 99.00
2019 01 21 01 04 201 10.3 14.7  5.20  8.00 99.00 999  984.2   6.9   3.7 999.0  1.6 99.00
2019 01 21 02 04 310 10.8 13.8  4.00 10.70 99.00 999  986.2 999.0   3.6 999.0  1.6 99.00
2019 01 21 03 04 325  9.3 11.6  4.20 10.70 99.00 999  986.6 999.0   3.6 999.0  1.6 99.00
2019 01 21 04 04 308 10.9 14.5  4.20 10.70 99.00 999  987.7  -2.7   3.6 999.0  1.6 99.00
2019 01 21 05 04 311 11.0 13.9  4.20 99.00 99.00 999  988.6  -4.3 999.0 999.0  1.6 99.00
2019 01 21 06 04 309 11.0 15.1  4.40 10.70 99.00 999  990.2  -4.7   3.6 999.0  1.6 99.00
2019 01 21 07 04 302 12.0 15.1  4.00 10.70 99.00 999  991.7  -4.7   3.6 999.0  1.6 99.00
2019 01 21 08 04 307 10.9 14.6  4.00 10.70 99.00 999  992.4  -5.1   3.6 999.0  1.6 99.00
2019 01 21 09 04 313 10.8 13.4  3.50 10.70 99.00 999  993.4  -5.3   3.6 999.0  1.6 99.00
2019 01 21 10 04 323 11.2 13.7  3.70 10.70 99.00 999  994.1  -5.6   3.6 999.0  1.6 99.00
2019 01 21 11 04 326  9.4 11.3  3.40 10.70 99.00 999  995.2  -5.8   3.6 999.0  1.6 99.00
2019 01 21 12 04 318  8.5 11.5  3.00 10.70 99.00 999  996.4  -5.9   3.6 999.0  1.6 99.00
2019 01 21 13 04 317  7.7 10.6  2.00  6.40 99.00 999  997.5  -6.3   3.6 999.0  1.6 99.00
2019 01 21 14 04 312  8.3 10.7  1.90  6.40 99.00 999  998.3  -6.5   3.6 999.0  1.6 99.00
2019 01 21 15 04 314  8.1 10.3  3.50 10.70 99.00 999  999.4  -7.1   3.5 999.0  1.6 99.00
2019 01 21 16 04 308  7.3  9.9  3.90 10.70 99.00 999  999.9  -7.5   3.6 999.0  1.6 99.00
2019 01 21 17 04 312  7.6 10.4  3.50 10.70 99.00 999  999.8  -7.5   3.5 999.0  1.6 99.00
2019 01 21 18 04 310  8.6 10.3  3.50 99.00 99.00 999 1000.2  -7.8   3.6 999.0  1.6 99.00
2019 01 21 19 04 315  9.6 12.6  2.00 99.00 99.00 999 1000.7  -8.1   3.6 999.0  1.6 99.00
2019 01 21 20 04 312  9.4 12.0  1.70  5.30 99.00 999 1001.9  -8.7   3.5 999.0  1.6 99.00
2019 01 21 21 04 313  8.7 11.3  2.00 99.00 99.00 999 1003.0  -8.9   3.6 999.0  1.6 99.00
2019 01 21 22 04 309 10.9 14.6  2.00 99.00 99.00 999 1003.7  -9.4   3.6 999.0  1.6 99.00
2019 01 21 23 04 318 11.9 15.0  2.00  5.30 99.00 999 1004.5  -9.4   3.5 999.0  1.6 99.00
2019 01 22 00 04 321 10.7 14.2  2.00  5.30 99.00 999 1005.6  -9.9   3.5 999.0  1.6 99.00
2019 01 22 01 04 326 11.3 14.4  3.00  6.40 99.00 999 1006.4 -10.2   3.6 999.0  1.6 99.00
2019 01 22 02 04 335 11.0 14.6  2.40  6.40 99.00 999 1007.0 -10.5   3.6 999.0  1.6 99.00
2019 01 22 03 04 326 13.2 16.9  2.90  6.40 99.00 999 1007.9 -10.0   3.7 999.0  1.6 99.00
2019 01 22 04 04 329 12.1 15.8  3.90  8.00 99.00 999 1008.8  -9.7   3.7 999.0  1.6 99.00
2019 01 22 05 04 331 13.7 17.1  4.30  8.00 99.00 999 1009.2  -9.4   3.7 999.0  1.6 99.00
2019 01 22 06 04 327 13.9 17.7  3.50  8.00 99.00 999 1010.3  -9.0   3.7 999.0  1.6 99.00
2019 01 22 07 04 328 13.8 17.4  3.70  8.00 99.00 999 1011.7  -9.0   3.7 999.0  1.6 99.00
2019 01 22 08 04 319 14.6 18.9  4.00 99.00 99.00 999 1012.9  -9.3 999.0 999.0  1.6 99.00
2019 01 22 09 04 313 15.0 18.3  4.10  8.00 99.00 999 1013.8  -9.1   3.6 999.0  1.6 99.00
2019 01 22 10 04 323 14.6 19.0  3.60  8.00 99.00 999 1015.2  -9.3   3.6 999.0  1.6 99.00
2019 01 22 11 04 317 15.3 18.2  3.90  8.00 99.00 999 1016.4  -9.4   3.7 999.0  1.6 99.00
2019 01 22 12 04 316 15.2 21.3  4.30  8.00 99.00 999 1017.7  -9.2   3.8 999.0  1.6 99.00
2019 01 22 13 04 324 14.4 18.5  4.00  8.00 99.00 999 1020.0  -8.4   3.8 999.0  1.6 99.00
2019 01 22 14 04 320 15.1 19.4  4.20  8.00 99.00 999 9999.0  -7.8   3.8 999.0  1.6 99.00
2019 01 22 15 04 306 14.6 19.3  4.10  8.00 99.00 999 1021.7  -6.9   3.9 999.0  1.6 99.00
2019 01 22 16 04 313 12.6 17.3  4.60  8.00 99.00 999 1022.7  -6.9   4.0 999.0  1.6 99.00
2019 01 22 17 04 317 12.3 15.3  3.60  8.00 99.00 999 1023.0  -5.6   4.1 999.0  1.6 99.00
2019 01 22 18 04 313 14.2 17.3  3.60  8.00 99.00 999 1023.5  -4.7   4.1 999.0  1.6 99.00
2019 01 22 19 04 315 13.7 16.2  3.30  6.40 99.00 999 1024.1  -4.0   4.1 999.0  1.6 99.00
2019 01 22 20 04 313 13.4 16.4  3.20  6.40 99.00 999 1026.2  -3.2   4.1 999.0  1.6 99.00
2019 01 22 21 04 310 13.7 16.9  2.90  6.40 99.00 999 1026.3  -2.8   4.1 999.0  1.6 99.00
2019 01 22 22 04 310 12.6 15.5  2.80  6.40 99.00 999 1028.1  -2.7   4.1 999.0  1.6 99.00
2019 01 22 23 04 314 12.1 15.0  2.60  6.40 99.00 999 1029.5  -2.7   4.4 999.0  1.6 99.00
2019 01 23 00 04 320 13.5 15.7  2.80 99.00 99.00 999 1030.8  -2.6 999.0 999.0  1.6 99.00
2019 01 23 01 04 324 12.4 16.6  3.20  6.40 99.00 999 1030.5  -2.8   4.2 999.0  1.6 99.00
2019 01 23 02 04 324 12.4 16.6  3.20  6.40 99.00 999 1030.5  -2.8   4.2 999.0  1.6 99.00
2019 01 23 03 04 325 10.4 12.2  2.40  6.40 99.00 999 1031.1  -3.4   4.1 999.0  1.6 99.00
2019 01 23 04 04 327  8.4 11.1  2.00  6.40 99.00 999 1030.8  -3.5   4.1 999.0  1.6 99.00
2019 01 23 05 04 314  7.3  9.8  1.80  5.30 99.00 999 1030.7  -3.5   4.1 999.0  1.6 99.00
2019 01 23 06 04 309  6.6  9.0  1.60  5.30 99.00 999 1031.0  -3.6   4.1 999.0  1.6 99.00
2019 01 23 07 04 285  4.9  6.9  1.30  4.60 99.00 999 1031.1  -3.7   4.1 999.0  1.6 99.00
2019 01 23 08 04 279  5.6  7.5  1.10  4.60 99.00 999 1030.4  -3.5   4.1 999.0  1.6 99.00
2019 01 23 09 04 279  5.0  6.7  1.20  4.60 99.00 999 1030.2  -3.2   4.1 999.0  1.6 99.00
2019 01 23 10 04 270  5.4  6.9  0.90  4.60 99.00 999 1030.2  -2.1   4.1 999.0  1.6 99.00
2019 01 23 11 04 238  4.7  6.7  0.80  4.60 99.00 999 1029.7  -1.7   4.0 999.0  1.6 99.00
2019 01 23 12 04 205  6.3  7.3  0.70  4.00 99.00 999 1029.4  -0.9   3.8 999.0  1.6 99.00
2019 01 23 13 04 201  8.4  9.9  0.80  4.60 99.00 999 1028.6   0.4   3.8 999.0  1.6 99.00
2019 01 23 14 04 210 10.0 12.1  1.00  3.60 99.00 999 1027.7   1.2   3.8 999.0  1.6 99.00
2019 01 23 15 04 211 10.4 12.3  1.20  4.00 99.00 999 1027.1   1.4   3.8 999.0  1.6 99.00
2019 01 23 16 04 999 99.0 99.0  1.40  4.60 99.00 999 9999.0 999.0   3.7 999.0 99.0 99.00
2019 01 23 17 04 201 12.4 15.2  1.80  5.30 99.00 999 1023.6   2.6   3.7 999.0  1.6 99.00
2019 01 23 18 04 201 12.3 14.4  2.10  5.30 99.00 999 1021.9   3.2   3.8 999.0  1.6 99.00
2019 01 23 19 04 202 11.2 13.8  2.40  6.40 99.00 999 1021.2   3.9   3.8 999.0  1.6 99.00
2019 01 23 20 04 202 10.2 12.2  2.40  6.40 99.00 999 1020.2   4.3   3.8 999.0  1.6 99.00
2019 01 23 21 04 201 11.0 13.2  2.90  6.40 99.00 999 1019.1   4.7   3.8 999.0  1.6 99.00
2019 01 23 22 04 211 11.0 14.4  2.80  8.00 99.00 999 1018.5   5.2   3.9 999.0  1.6 99.00
2019 01 23 23 04 212  7.9  9.6  2.40  8.00 99.00 999 1018.1   5.0   3.8 999.0  1.6 99.00
2019 01 24 00 04 209  7.5  9.5  3.10  8.00 99.00 999 1017.5   5.0   3.8 999.0  1.6 99.00
2019 01 24 01 04 206  8.0  9.5  2.80  8.00 99.00 999 1015.8   5.2   3.9 999.0  1.6 99.00
2019 01 24 02 04 210  9.8 11.7  2.60  8.00 99.00 999 1014.5   5.8   3.9 999.0  1.6 99.00
2019 01 24 03 04 222  9.6 11.7  2.90  8.00 99.00 999 1014.2   6.3   3.9 999.0  1.6 99.00
2019 01 24 04 04 216 10.0 12.0  3.00  8.00 99.00 999 1013.7   6.2   3.9 999.0  1.6 99.00
2019 01 24 05 04 212 10.3 12.1  3.00 99.00 99.00 999 1012.9   6.3 999.0 999.0  1.6 99.00
2019 01 24 06 04 214 12.4 15.6  2.90  8.00 99.00 999 1012.0   6.8   3.8 999.0  1.6 99.00
2019 01 24 07 04 213 11.7 13.6  3.40  8.00 99.00 999 1012.2   6.8   3.7 999.0  1.6 99.00
2019 01 24 08 04 213 11.3 13.6  2.90  8.00 99.00 999 1011.5   6.8   3.7 999.0  1.6 99.00
2019 01 24 09 04 206 10.1 11.9  3.30  8.00 99.00 999 1010.9   6.5   3.8 999.0  1.6 99.00
2019 01 24 10 04 200 10.3 12.1  3.00  8.00 99.00 999 1010.1   6.5   3.8 999.0  1.6 99.00
2019 01 24 11 04 199 10.0 11.4  2.50  8.00 99.00 999 1009.3   6.7   3.9 999.0  1.6 99.00
2019 01 24 12 04 196 10.6 12.2  2.60  8.00 99.00 999 1008.9   6.6   3.9 999.0  1.6 99.00
2019 01 24 13 04 192 10.6 12.1  2.80  8.00 99.00 999 1008.2   6.9   3.9 999.0  1.6 99.00
2019 01 24 14 04 190 11.9 13.9  2.60  8.00 99.00 999 1006.9   7.0   3.8 999.0  1.6 99.00
2019 01 24 15 04 187 11.5 13.4  3.00  8.00 99.00 999 1006.2   7.0   3.8 999.0  1.6 99.00
2019 01 24 16 04 191 12.1 15.3  2.90  8.00 99.00 999 1004.5   7.4   3.8 999.0  1.6 99.00
2019 01 24 17 04 185 11.7 14.7  2.90  8.00 99.00 999 1002.6   7.2   3.8 999.0  1.6 99.00
2019 01 24 18 04 185 12.9 15.7  2.70  8.00 99.00 999 1000.7   7.7   3.9 999.0  1.6 99.00
2019 01 24 19 04 183 13.4 15.8  3.40  8.00 99.00 999  999.4   8.0   3.9 999.0  1.6 99.00
2019 01 24 20 04 177 13.6 15.7  3.60  8.00 99.00 999  997.6   7.9   4.0 999.0  1.6 99.00
2019 01 24 21 04 175 13.5 17.0  3.80 10.70 99.00 999  996.0   7.8   4.0 999.0  1.6 99.00
2019 01 24 22 04 172 14.1 17.2  3.60 10.70 99.00 999  994.0   7.7   4.0 999.0  1.6 99.00
2019 01 24 23 04 166 15.4 18.5  4.40  8.00 99.00 999  990.8   8.4   4.0 999.0  1.6 99.00
2019 01 25 00 04 168 18.2 21.3  4.50  8.00 99.00 999  987.8   8.6   4.0 999.0  1.6 99.00
2019 01 25 01 04 185 16.4 19.4  4.80 10.70 99.00 999  986.9   8.7   4.0 999.0  1.6 99.00
2019 01 25 02 04 205 16.6 21.8  5.30  8.00 99.00 999  986.6   8.5   3.9 999.0  1.6 99.00
2019 01 25 03 04 212 12.0 13.9  5.20 99.00 99.00 999  987.7   6.5   3.9 999.0  1.6 99.00
2019 01 25 04 04 250 13.5 16.3  4.80 10.70 99.00 999  991.5   6.3   3.9 999.0  1.6 99.00
2019 01 25 05 04 259 11.3 13.3  4.50 10.70 99.00 999  993.9   6.0   3.9 999.0  1.6 99.00
2019 01 25 06 04 250  8.9 10.5  4.20 10.70 99.00 999  996.0   5.1   3.9 999.0  1.6 99.00
2019 01 25 07 04 254  9.6 11.4  3.60 10.70 99.00 999  997.1   4.7   3.9 999.0  1.6 99.00
2019 01 25 08 04 266 10.1 11.7  3.60 10.70 99.00 999  998.6   4.7   3.9 999.0  1.6 99.00
2019 01 25 09 04 274 10.0 12.3  3.70 10.70 99.00 999 1000.2   4.4   3.9 999.0  1.6 99.00
2019 01 25 10 04 300  9.3 11.1  4.10 10.70 99.00 999 1001.5   3.4   3.9 999.0  1.6 99.00
2019 01 25 11 04 298  9.1 11.1  4.00 10.70 99.00 999 1003.4   2.8   4.0 999.0  1.6 99.00
2019 01 25 12 04 290  8.3 10.0  4.80 10.70 99.00 999 1005.3   2.6   4.0 999.0  1.6 99.00
2019 01 25 13 04 285  8.4 11.2  4.00 10.70 99.00 999 1006.6   2.8   4.1 999.0  1.6 99.00
2019 01 25 14 04 305  8.8 11.2  4.00 99.00 99.00 999 1007.4   2.2   4.1 999.0  1.6 99.00
2019 01 25 15 04 308  6.7  8.6  4.00 99.00 99.00 999 1008.1   1.9   4.2 999.0  1.6 99.00
2019 01 25 16 04 299  6.7  8.4  4.00 99.00 99.00 999 1008.2   1.9   4.2 999.0  1.6 99.00
2019 01 25 17 04 297  5.5  6.9  3.60 16.00 99.00 999 1007.6   1.6   4.2 999.0  1.6 99.00
2019 01 25 18 04 999 99.0 99.0  4.00 99.00 99.00 999 9999.0 999.0   4.2 999.0 99.0 99.00
2019 01 25 19 04 256  6.0  7.2  4.40 16.00 99.00 999 1007.6   2.2   4.2 999.0  1.6 99.00
2019 01 25 20 04 999 99.0 99.0  4.20 99.00 99.00 999 9999.0 999.0   4.2 999.0 99.0 99.00
2019 01 25 21 04 254  9.5 11.2  3.70 10.70 99.00 999 1008.7   2.6   4.2 999.0  1.6 99.00
2019 01 25 22 04 249  9.8 11.9  3.00 99.00 99.00 999 1009.3   2.7   4.2 999.0  1.6 99.00
2019 01 25 23 04 251  9.9 11.9  2.20  6.40 99.00 999 1010.3   3.0   4.2 999.0  1.6 99.00
2019 01 26 00 04 258 11.2 13.3  3.40 10.70 99.00 999 1011.2   3.1   4.2 999.0  1.6 99.00
2019 01 26 01 04 268 11.6 14.0  3.20 10.70 99.00 999 1012.1   2.9   4.2 999.0  1.6 99.00
2019 01 26 02 04 275 13.5 16.0  2.30  6.40 99.00 999 1013.1   2.5   4.1 999.0  1.6 99.00
2019 01 26 03 04 280 13.3 15.8  3.00  6.40 99.00 999 1013.9   1.9   4.1 999.0  1.6 99.00
2019 01 26 04 04 279 11.2 13.5  2.90  6.40 99.00 999 1015.1   1.1   4.2 999.0  1.6 99.00
2019 01 26 05 04 272 10.8 12.8  3.20  6.40 99.00 999 1015.7   0.7   4.2 999.0  1.6 99.00
2019 01 26 06 04 270  8.5 10.7  2.90 10.70 99.00 999 1016.8   0.4   4.2 999.0  1.6 99.00
2019 01 26 07 04 276  8.4 10.7  2.60  6.40 99.00 999 1018.4   0.4   4.3 999.0  1.6 99.00
2019 01 26 08 04 272  7.7  9.8  3.10 10.70 99.00 999 1018.7   0.0   4.2 999.0  1.6 99.00
2019 01 26 09 04 265  7.3  9.7  2.20 10.70 99.00 999 1018.9  -0.1   4.1 999.0  1.6 99.00
2019 01 26 10 04 259  6.8  9.5  2.50 10.70 99.00 999 1019.5  -0.1   4.1 999.0  1.6 99.00
2019 01 26 11 04 257  9.2 12.6  3.00 10.70 99.00 999 1020.3  -0.2   4.0 999.0  1.6 99.00
2019 01 26 12 04 251  9.1 12.5  2.60 10.70 99.00 999 1021.1  -0.2   4.1 999.0  1.6 99.00
2019 01 26 13 04 252  8.0 11.7  2.60 10.70 99.00 999 1021.5  -0.2   4.0 999.0  1.6 99.00
2019 01 26 14 04 262  8.2 10.2  2.50 10.70 99.00 999 1022.0  -0.2   4.1 999.0  1.6 99.00
2019 01 26 15 04 260  8.8 11.0  2.30 10.70 99.00 999 1022.5  -0.5   4.0 999.0  1.6 99.00
2019 01 26 16 04 250  8.1  9.6  2.40  6.40 99.00 999 1022.8  -0.6   4.0 999.0  1.6 99.00
2019 01 26 17 04 240  8.1  9.7  2.10  6.40 99.00 999 1022.3  -0.8   4.0 999.0  1.6 99.00
2019 01 26 18 04 229  8.1 10.6  2.20 10.70 99.00 999 1022.1  -0.7   4.1 999.0  1.6 99.00
2019 01 26 19 04 226  8.1  9.9  1.80 10.70 99.00 999 1021.5  -0.4   4.1 999.0  1.6 99.00
2019 01 26 20 04 221  7.1  8.7  1.70 10.70 99.00 999 1021.4  -0.2   4.1 999.0  1.6 99.00
2019 01 26 21 04 224  7.4  9.1  1.80 10.70 99.00 999 1022.0   0.0   4.1 999.0  1.6 99.00
2019 01 26 22 04 222  7.8 10.8  1.90 10.70 99.00 999 1022.4   0.4   4.0 999.0  1.6 99.00
2019 01 26 23 04 227  7.5  9.9  2.00 10.70 99.00 999 1023.1   0.7   4.0 999.0  1.6 99.00
2019 01 27 00 04 247  8.8 10.6  2.10 10.70 99.00 999 1023.6   0.9   4.1 999.0  1.6 99.00
2019 01 27 01 04 267  8.2  9.2  1.90 10.70 99.00 999 1023.8   0.6   4.1 999.0  1.6 99.00
2019 01 27 02 04 296  6.2  7.4  1.70 10.70 99.00 999 1024.4   0.3   4.1 999.0  1.6 99.00
2019 01 27 03 04 322  5.3  7.3  2.00 10.70 99.00 999 1024.3   0.1   4.1 999.0  1.6 99.00
2019 01 27 04 04 356  4.3  5.8  1.60 10.70 99.00 999 1024.4  -0.3   4.1 999.0  1.6 99.00
2019 01 27 05 04  12  3.8  5.0  1.40 10.70 99.00 999 1024.4  -0.5   4.1 999.0  1.6 99.00
2019 01 27 06 04  46  3.2  4.8  1.30 10.70 99.00 999 1024.0  -0.6   4.2 999.0  1.6 99.00
2019 01 27 07 04  44  2.5  3.6  1.20 10.70 99.00 999 1024.6  -0.5   4.2 999.0  1.6 99.00
2019 01 27 08 04  56  2.8  4.4  1.30 10.70 99.00 999 1024.5  -0.3   4.2 999.0  1.6 99.00
2019 01 27 09 04  69  3.3  4.6  1.40 10.70 99.00 999 1024.2  -0.2   4.2 999.0  1.6 99.00
2019 01 27 10 04  70  3.3  4.7  1.20  8.00 99.00 999 1024.3  -0.1   4.2 999.0  1.6 99.00
2019 01 27 11 04  74  4.6  6.5  1.20 10.70 99.00 999 1024.0   0.4   4.2 999.0  1.6 99.00
2019 01 27 12 04 124  4.2  5.8  1.20 10.70 99.00 999 1024.0   1.0   4.2 999.0  1.6 99.00
2019 01 27 13 04 124  6.0  7.6  1.20  8.00 99.00 999 1023.8   1.4   4.2 999.0  1.6 99.00
2019 01 27 14 04 122  6.8  8.6  1.30 10.70 99.00 999 1023.4   1.8   4.2 999.0  1.6 99.00
2019 01 27 15 04 151  8.2 10.2  1.10  8.00 99.00 999 1022.7   2.0   4.2 999.0  1.6 99.00
2019 01 27 16 04 151  8.1  9.5  0.80  3.20 99.00 999 1021.6   2.4   4.2 999.0  1.6 99.00
2019 01 27 17 04 151  9.6 11.1  1.30 10.70 99.00 999 1020.0   2.6   4.2 999.0  1.6 99.00
2019 01 27 18 04 148 11.0 12.9  1.30  3.60 99.00 999 1018.5   2.9   4.2 999.0  1.6 99.00
2019 01 27 19 04 144 11.9 14.9  1.30  3.60 99.00 999 1017.4   3.1   4.2 999.0  1.6 99.00
2019 01 27 20 04 149 11.4 14.0  1.60  4.60 99.00 999 1017.1   3.3   4.2 999.0  1.6 99.00
2019 01 27 21 04 147 11.4 13.0  1.60  4.60 99.00 999 1015.4   3.6   4.2 999.0  1.6 99.00
2019 01 27 22 04 153 10.1 11.9  1.80  5.30 99.00 999 1015.2   3.9   4.2 999.0  1.6 99.00
2019 01 27 23 04 152 10.9 13.2  2.00  5.30 99.00 999 1014.8   4.3   4.2 999.0  1.6 99.00
2019 01 28 00 04 152  9.7 11.9  2.10  5.30 99.00 999 1014.6   4.2   4.2 999.0  1.6 99.00
2019 01 28 01 04 163  8.6 10.6  1.90  6.40 99.00 999 1014.4   4.4   4.2 999.0  1.6 99.00
2019 01 28 02 04 168  7.9  8.9  1.70  6.40 99.00 999 1013.6   4.6   4.2 999.0  1.6 99.00
2019 01 28 03 04 188  7.8  9.0  1.50  5.30 99.00 999 1013.6   4.9   4.3 999.0  1.6 99.00
2019 01 28 04 04 199  7.4  8.6  1.60  6.40 99.00 999 1013.2   4.9   4.3 999.0  1.6 99.00
2019 01 28 05 04 201  7.2  8.4  1.50  5.30 99.00 999 1012.2   4.9   4.2 999.0  1.6 99.00
2019 01 28 06 04 214  7.3  8.4  1.50  5.30 99.00 999 1011.7   5.1   4.2 999.0  1.6 99.00
2019 01 28 07 04 227  7.1  9.2  1.50  5.30 99.00 999 1012.0   5.1   4.2 999.0  1.6 99.00
2019 01 28 08 04 230  5.3  6.4  1.30  5.30 99.00 999 1012.1   4.7   4.2 999.0  1.6 99.00
2019 01 28 09 04 316  9.4 11.6  1.40  5.30 99.00 999 1012.0   3.3   4.2 999.0  1.6 99.00
2019 01 28 10 04 329  7.7  9.7  1.30  5.30 99.00 999 1013.1   2.2   4.2 999.0  1.6 99.00
2019 01 28 11 04 334  8.4 10.7  1.30  5.30 99.00 999 1013.9   1.1   4.2 999.0  1.6 99.00
2019 01 28 12 04 339  7.1  8.7  1.50  4.60 99.00 999 1015.2   0.5   4.2 999.0  1.6 99.00
2019 01 28 13 04   1  9.3 12.0  1.50  6.40 99.00 999 1015.7  -0.2   4.2 999.0  1.6 99.00
2019 01 28 14 04   5 10.5 12.6  1.80  5.30 99.00 999 1015.9  -1.9   4.2 999.0  1.6 99.00
2019 01 28 15 04 353  9.9 12.6  1.70  5.30 99.00 999 1018.2  -2.6   4.2 999.0  1.6 99.00
2019 01 28 16 04 345  8.9 10.7  1.70  5.30 99.00 999 1017.9  -3.0   4.1 999.0  1.6 99.00
2019 01 28 17 04 339  7.9 10.2  1.70  5.30 99.00 999 1017.5  -3.0   4.1 999.0  1.6 99.00
2019 01 28 18 04 345  7.7  9.8  1.40  5.30 99.00 999 1017.1  -3.2   4.2 999.0  1.6 99.00
2019 01 28 19 04 357  8.8 10.5  1.30  5.30 99.00 999 1016.8  -3.0   4.1 999.0  1.6 99.00
2019 01 28 20 04 360  8.4 10.8  1.80  5.30 99.00 999 1016.3  -3.1   4.1 999.0  1.6 99.00
2019 01 28 21 04 356  7.6  9.9  1.70  4.60 99.00 999 1018.1  -3.0   4.2 999.0  1.6 99.00
2019 01 28 22 04   3  8.1 10.2  1.60  4.60 99.00 999 1018.2  -3.0   4.1 999.0  1.6 99.00
2019 01 28 23 04  16  9.5 12.2  2.00  4.60 99.00 999 1017.6  -3.1   4.1 999.0  1.6 99.00
2019 01 29 00 04   6 11.6 13.9  2.10  4.60 99.00 999 1017.6  -3.8   4.1 999.0  1.6 99.00
2019 01 29 01 04  22 10.1 12.2  1.90  4.60 99.00 999 1017.9  -3.9   4.1 999.0  1.6 99.00
2019 01 29 02 04  27 10.4 13.1  1.80  5.30 99.00 999 1018.1  -4.8   4.1 999.0  1.6 99.00
2019 01 29 03 04  24 11.2 13.3  1.70  5.30 99.00 999 1018.5  -4.7   4.1 999.0  1.6 99.00
2019 01 29 04 04  28 10.7 13.2  1.80  5.30 99.00 999 1018.4  -4.9   4.1 999.0  1.6 99.00
2019 01 29 05 04  28 10.9 13.4  1.80  5.30 99.00 999 1018.1  -4.7   4.1 999.0  1.6 99.00
2019 01 29 06 04  28 10.9 13.4  1.80  5.30 99.00 999 1018.1  -4.7   4.1 999.0  1.6 99.00
2019 01 29 07 04  41 10.1 13.2  1.70  6.40 99.00 999 1017.9  -4.6   4.0 999.0  1.6 99.00
2019 01 29 08 04 999 99.0 99.0  2.20  6.40 99.00 999 9999.0 999.0   4.0 999.0 99.0 99.00
2019 01 29 09 04 999 99.0 99.0  2.20  6.40 99.00 999 9999.0 999.0   4.0 999.0 99.0 99.00
2019 01 29 10 04  38  8.6 11.1  2.20  6.40 99.00 999 1017.7  -4.6   4.1 999.0  1.6 99.00
2019 01 29 11 04  49  8.4 10.1  2.00  6.40 99.00 999 1017.2  -4.0   4.1 999.0  1.6 99.00
2019 01 29 12 04  48  7.8  9.6  2.00  6.40 99.00 999 1018.2  -3.1   4.1 999.0  1.6 99.00
2019 01 29 13 04  55  7.6  9.9  1.80  6.40 99.00 999 1018.5  -2.5   4.1 999.0  1.6 99.00
2019 01 29 14 04  74  4.9  6.7  1.70  6.40 99.00 999 1019.6  -2.6   4.1 999.0  1.6 99.00
2019 01 29 15 04  96  4.2  6.5  1.40  6.40 99.00 999 1019.7  -2.7   4.1 999.0  1.6 99.00
2019 01 29 16 04  79  3.4  4.7  1.70  6.40 99.00 999 1019.9  -2.7   4.1 999.0  1.6 99.00
2019 01 29 17 04 125  3.9  5.4  1.40  6.40 99.00 999 1018.5  -2.3   4.1 999.0  1.6 99.00
2019 01 29 18 04 146  4.2  6.4  1.40  6.40 99.00 999 1018.5  -1.8   4.1 999.0  1.6 99.00
2019 01 29 19 04 157  4.3  6.1  1.50  6.40 99.00 999 1018.4  -1.6   4.0 999.0  1.6 99.00
2019 01 29 20 04 154  3.2  4.5  1.50  6.40 99.00 999 1018.2  -1.3   4.1 999.0  1.6 99.00
2019 01 29 21 04 137  5.0  6.7  1.50  6.40 99.00 999 1018.0  -0.7   4.0 999.0  1.6 99.00
2019 01 29 22 04 111  4.9  6.0  1.60 10.70 99.00 999 1017.6  -0.8   4.0 999.0  1.6 99.00
2019 01 29 23 04 116  7.3  9.3  2.00 10.70 99.00 999 1017.4  -0.3   4.0 999.0  1.6 99.00
2019 01 30 00 04 107  9.7 10.9  2.00 10.70 99.00 999 1017.0  -0.4   4.0 999.0  1.6 99.00
2019 01 30 01 04 108  8.5 10.7  2.30 10.70 99.00 999 1016.8  -0.3   4.0 999.0  1.6 99.00
2019 01 30 02 04 103  9.2 11.1  2.30 10.70 99.00 999 1015.8   0.4   4.0 999.0  1.6 99.00
2019 01 30 03 04 107  9.7 11.5  2.60 10.70 99.00 999 1014.9   1.0   4.0 999.0  1.6 99.00
2019 01 30 04 04 108  9.8 11.4  2.70 10.70 99.00 999 1013.8   1.4   4.0 999.0  1.6 99.00
2019 01 30 05 04 106 10.3 12.3  2.60 10.70 99.00 999 1013.1   1.5   4.1 999.0  1.6 99.00
2019 01 30 06 04 104 10.6 12.5  2.70 10.70 99.00 999 1011.4   2.2   4.2 999.0  1.6 99.00
2019 01 30 07 04 114  9.8 12.5  2.60 10.70 99.00 999 1010.9   2.8   4.3 999.0  1.6 99.00
2019 01 30 08 04 114  9.9 12.0  2.50 10.70 99.00 999 1009.5   3.0   4.3 999.0  1.6 99.00
2019 01 30 09 04 112 10.2 12.7  2.90  8.00 99.00 999 1007.8   3.3   4.2 999.0  1.6 99.00
2019 01 30 10 04 125 11.2 13.8  2.90  8.00 99.00 999 1006.8   3.7   4.3 999.0  1.6 99.00
2019 01 30 11 04 117  8.6 10.3  3.30 10.70 99.00 999 1006.0   3.7   4.4 999.0  1.6 99.00
2019 01 30 12 04 127  7.6  9.2  2.90  8.00 99.00 999 1004.9   4.0   4.3 999.0  1.6 99.00
2019 01 30 13 04 132  6.9  8.1  2.60  8.00 99.00 999 1004.3   4.3   4.3 999.0  1.6 99.00
2019 01 30 14 04 143  7.1  8.6  2.40 10.70 99.00 999 1003.3   4.4   4.2 999.0  1.6 99.00
2019 01 30 15 04 155  7.9  9.3  2.40 10.70 99.00 999 1003.0   4.7   4.1 999.0  1.6 99.00
2019 01 30 16 04 217  7.4  9.8  2.20 10.70 99.00 999 1002.7   4.5   4.1 999.0  1.6 99.00
2019 01 30 17 04 243 11.1 13.6  2.30 10.70 99.00 999 1002.7   2.5   4.1 999.0  1.6 99.00
2019 01 30 18 04 245 11.8 14.1  1.80  5.30 99.00 999 1002.7   1.3   4.0 999.0  1.6 99.00
2019 01 30 19 04 247 12.8 15.6  2.70  5.30 99.00 999 1003.0   1.3   4.1 999.0  1.6 99.00
2019 01 30 20 04 245 13.1 16.4  2.60  6.40 99.00 999 1003.8   0.8   4.1 999.0  1.6 99.00
2019 01 30 21 04 250 13.1 16.6  3.40  6.40 99.00 999 1004.4   0.8   4.1 999.0  1.6 99.00
2019 01 30 22 04 257 13.0 16.7  3.90  8.00 99.00 999 1005.8   0.5   4.1 999.0  1.6 99.00
2019 01 30 23 04 260 11.5 14.2  3.60  8.00 99.00 999 1007.0   0.2   4.1 999.0  1.6 99.00
2019 01 31 00 04 257 10.5 12.7  3.60  8.00 99.00 999 1007.6   0.0   4.1 999.0  1.6 99.00
2019 01 31 01 04 249  9.9 13.5  3.30  8.00 99.00 999 1007.8   0.2   4.1 999.0  1.6 99.00
2019 01 31 02 04 231  8.6 11.6  3.20  8.00 99.00 999 1007.0   0.5   4.1 999.0  1.6 99.00
2019 01 31 03 04 210 12.9 16.4  2.90  8.00 99.00 999 1006.0   0.2   4.1 999.0  1.6 99.00
2019 01 31 04 04 240 15.7 19.2  3.20  6.40 99.00 999 1005.7   0.1   4.1 999.0  1.6 99.00
2019 01 31 05 04 243 15.1 18.0  4.20  8.00 99.00 999 1007.0  -2.3   4.1 999.0  1.6 99.00
2019 01 31 06 04 265 16.4 19.7  4.50  8.00 99.00 999 1008.5  -4.3   4.1 999.0  1.6 99.00
2019 01 31 07 04 304 14.1 17.2  4.40  8.00 99.00 999 1010.9  -6.3   4.1 999.0  1.6 99.00
2019 01 31 08 04 301 11.0 13.2  3.60  8.00 99.00 999 1011.9  -7.0   4.0 999.0  1.6 99.00
2019 01 31 09 04 294 10.9 13.5  3.40  8.00 99.00 999 1012.9  -7.6   4.0 999.0  1.6 99.00
2019 01 31 10 04 295 12.2 15.2  3.40 99.00 99.00 999 1013.9  -7.9 999.0 999.0  1.6 99.00
2019 01 31 11 04 304 12.8 16.0  3.60  8.00 99.00 999 1014.9  -8.6   4.0 999.0  1.6 99.00
2019 01 31 12 04 308 12.4 14.7  3.60 10.70 99.00 999 1016.3  -8.7   4.1 999.0  1.6 99.00
2019 01 31 13 04 295 10.4 13.2  3.10  8.00 99.00 999 1017.4  -8.8   4.1 999.0  1.6 99.00
2019 01 31 14 04 286 10.4 13.2  3.30  8.00 99.00 999 1017.9  -8.2   4.1 999.0  1.6 99.00
2019 01 31 15 04 263 12.8 16.4  3.20  8.00 99.00 999 1018.7  -8.0   4.2 999.0  1.6 99.00
2019 01 31 16 04 261 13.0 16.4  3.60  8.00 99.00 999 1018.8  -8.4   4.3 999.0  1.6 99.00
2019 01 31 17 04 283 14.9 18.7  3.20  8.00 99.00 999 1019.0  -8.2   4.3 999.0  1.6 99.00
2019 01 31 18 04 268 14.0 17.2  3.90  8.00 99.00 999 1018.2  -7.7   4.3 999.0  1.6 99.00
2019 01 31 19 04 268 14.8 18.3  3.60  8.00 99.00 999 1018.7  -7.1   4.3 999.0  1.6 99.00
2019 01 31 20 04 279 13.3 15.7  3.90  8.00 99.00 999 1018.9  -7.0   4.3 999.0  1.6 99.00
2019 01 31 21 04 273 13.6 16.8  3.40  8.00 99.00 999 1019.0  -7.1   4.3 999.0  1.6 99.00
2019 01 31 22 04 273 12.3 16.9  3.90  8.00 99.00 999 1019.3  -6.9   4.3 999.0  1.6 99.00
2019 01 31 23 04 263 12.8 16.2  3.50  8.00 99.00 999 1020.1  -6.2   4.3 999.0  1.6 99.00
