2019 01 04 18 50 999 99.0 99.0  2.04  6.25  5.12 223 1008.9   5.9   6.2 999.0 99.0 99.00
2019 01 04 19 50 999 99.0 99.0  2.11  6.25  5.12 213 1009.1   5.8   6.2 999.0 99.0 99.00
2019 01 04 20 50 999 99.0 99.0  2.10  6.67  5.30 211 1008.7   5.6   6.2 999.0 99.0 99.00
2019 01 04 21 50 999 99.0 99.0  1.95  6.67  5.12 211 1008.7   5.7   6.2 999.0 99.0 99.00
2019 01 04 22 50 999 99.0 99.0  1.94  6.67  5.02 210 1008.7   6.0   6.2 999.0 99.0 99.00
2019 01 04 23 50 999 99.0 99.0  1.83  5.88  5.01 219 1009.0   6.2   6.2 999.0 99.0 99.00
2019 01 05 00 50 999 99.0 99.0  1.89  6.25  5.08 188 1009.0   6.3   6.2 999.0 99.0 99.00
2019 01 05 01 50 999 99.0 99.0  1.85  6.67  5.07 165 1008.2   6.0   6.2 999.0 99.0 99.00
2019 01 05 02 50 999 99.0 99.0  1.82  6.67  4.98 174 1008.0   6.0   6.2 999.0 99.0 99.00
2019 01 05 03 50 999 99.0 99.0  1.86  6.67  5.11 166 1007.8   6.1   6.2 999.0 99.0 99.00
2019 01 05 04 50 999 99.0 99.0  1.71  5.88  5.06 176 1007.5   6.1   6.2 999.0 99.0 99.00
2019 01 05 05 50 999 99.0 99.0  1.87  7.14  5.51 164 1007.6   6.0   6.2 999.0 99.0 99.00
2019 01 05 06 50 999 99.0 99.0  1.62  6.25  5.23 181 1007.4   5.9   6.2 999.0 99.0 99.00
2019 01 05 07 50 999 99.0 99.0  1.65  6.25  5.52 175 1007.1   5.8   6.2 999.0 99.0 99.00
2019 01 05 08 50 999 99.0 99.0  1.61  6.67  5.56 163 1006.7   5.8   6.1 999.0 99.0 99.00
2019 01 05 09 50 999 99.0 99.0  1.43  6.67  5.69 159 1006.2   5.6   6.1 999.0 99.0 99.00
2019 01 05 10 50 999 99.0 99.0  1.43  6.67  5.65 160 1005.9   5.6   6.1 999.0 99.0 99.00
2019 01 05 11 50 999 99.0 99.0  1.26  9.09  5.39 110 1005.4   5.6   6.1 999.0 99.0 99.00
2019 01 05 12 50 999 99.0 99.0  1.23 10.00  5.24 134 1005.4   5.7   6.0 999.0 99.0 99.00
2019 01 05 13 50 999 99.0 99.0  1.19 10.00  5.46 131 1005.4   5.3   6.0 999.0 99.0 99.00
2019 01 05 14 50 999 99.0 99.0  1.11 10.00  5.59 124 1004.6   5.4   6.0 999.0 99.0 99.00
2019 01 05 15 50 999 99.0 99.0  1.04  9.09  5.64 131 1003.6   5.7   6.0 999.0 99.0 99.00
2019 01 05 16 50 999 99.0 99.0  1.05 10.00  5.87 134 1002.3   5.5   6.0 999.0 99.0 99.00
2019 01 05 17 50 999 99.0 99.0  1.07  9.09  5.97 133 1001.5   5.6   6.1 999.0 99.0 99.00
2019 01 05 18 50 999 99.0 99.0  1.19  8.33  6.53 135 1000.5   5.5   6.1 999.0 99.0 99.00
2019 01 05 19 50 999 99.0 99.0  1.08  9.09  6.20 131  999.4   5.4   6.1 999.0 99.0 99.00
2019 01 05 20 50 999 99.0 99.0  1.16  9.09  5.47 118  998.4   5.2   6.1 999.0 99.0 99.00
2019 01 05 21 50 999 99.0 99.0  1.17 10.00  5.35 137  998.1   5.0   6.0 999.0 99.0 99.00
2019 01 05 22 50 999 99.0 99.0  1.17  7.69  4.76 134  997.4   4.9   6.0 999.0 99.0 99.00
2019 01 05 23 50 999 99.0 99.0  1.22 10.81  4.49 135  998.1   5.0   6.0 999.0 99.0 99.00
2019 01 06 00 50 999 99.0 99.0  1.26  4.17  4.45  58  997.6   4.8   6.0 999.0 99.0 99.00
2019 01 06 01 50 999 99.0 99.0  1.56  4.55  4.66  45  997.4   4.4   6.0 999.0 99.0 99.00
2019 01 06 02 50 999 99.0 99.0  1.61  5.00  4.65  44  997.2   4.4   6.0 999.0 99.0 99.00
2019 01 06 03 50 999 99.0 99.0  1.69  5.56  4.90  34  997.6   3.6   6.0 999.0 99.0 99.00
2019 01 06 04 50 999 99.0 99.0  1.83  5.56  4.87  19  998.0   3.9   6.0 999.0 99.0 99.00
2019 01 06 05 50 999 99.0 99.0  1.86  5.56  4.70  20  998.9   3.7   6.0 999.0 99.0 99.00
2019 01 06 06 50 999 99.0 99.0  1.81  5.56  4.92  33 1000.0   3.5   6.0 999.0 99.0 99.00
2019 01 06 07 50 999 99.0 99.0  1.74  5.88  4.95  28 1000.8   3.8   5.9 999.0 99.0 99.00
2019 01 06 08 50 999 99.0 99.0  1.62  5.26  4.90  32 1001.2   4.1   5.9 999.0 99.0 99.00
2019 01 06 09 50 999 99.0 99.0  1.50  5.88  4.56  44 1001.8   4.4   5.9 999.0 99.0 99.00
2019 01 06 10 50 999 99.0 99.0  1.57  5.00  4.70 348 1002.1   4.6   5.9 999.0 99.0 99.00
2019 01 06 11 50 999 99.0 99.0  1.59  4.76  4.57 309 1002.8   4.7   5.8 999.0 99.0 99.00
2019 01 06 12 50 999 99.0 99.0  1.66  5.00  4.67 294 1003.8   5.0   5.8 999.0 99.0 99.00
2019 01 06 13 50 999 99.0 99.0  1.56  5.26  4.71 283 1004.6   5.1   5.8 999.0 99.0 99.00
2019 01 06 14 50 999 99.0 99.0  1.45  5.00  4.66 295 1005.2   5.1   5.8 999.0 99.0 99.00
2019 01 06 15 50 999 99.0 99.0  1.47  4.76  4.68 287 1005.0   5.3   5.8 999.0 99.0 99.00
2019 01 06 16 50 999 99.0 99.0  1.44  5.00  4.55 303 1004.6   5.5   5.9 999.0 99.0 99.00
2019 01 06 17 50 999 99.0 99.0  1.34  5.00  4.57 273 1005.0   4.2   5.9 999.0 99.0 99.00
2019 01 06 18 50 999 99.0 99.0  1.54  5.00  4.53 255 1005.1   5.1   5.9 999.0 99.0 99.00
2019 01 06 19 50 999 99.0 99.0  1.59 10.81  4.77 113 1006.1   5.1   5.8 999.0 99.0 99.00
2019 01 06 20 50 999 99.0 99.0  1.66  5.00  4.65 258 1007.3   3.4   5.8 999.0 99.0 99.00
2019 01 06 21 50 999 99.0 99.0  1.75  5.26  4.77 252 1007.8   4.2   5.8 999.0 99.0 99.00
2019 01 06 22 50 999 99.0 99.0  1.95  5.26  4.83 268 1009.7   3.0   5.8 999.0 99.0 99.00
2019 01 06 23 50 999 99.0 99.0  2.64  5.88  5.27 269 1011.2   0.9   5.8 999.0 99.0 99.00
2019 01 07 00 50 999 99.0 99.0  2.89  6.67  5.60 299 1012.7  -0.3   5.7 999.0 99.0 99.00
2019 01 07 01 50 999 99.0 99.0  2.98  7.14  5.75 289 1014.4  -1.5   5.6 999.0 99.0 99.00
2019 01 07 02 50 999 99.0 99.0  2.74  7.69  5.67 285 1015.0  -3.0   5.6 999.0 99.0 99.00
2019 01 07 03 50 999 99.0 99.0  2.84  7.69  5.70 285 1015.5  -2.9   5.5 999.0 99.0 99.00
2019 01 07 04 50 999 99.0 99.0  3.33  7.69  6.21 291 1015.7  -3.1   5.3 999.0 99.0 99.00
2019 01 07 05 50 999 99.0 99.0  3.02  7.69  5.95 290 1017.2  -3.4   5.2 999.0 99.0 99.00
2019 01 07 06 50 999 99.0 99.0  2.93  7.69  5.94 285 1018.6  -4.0   5.1 999.0 99.0 99.00
2019 01 07 07 50 999 99.0 99.0  3.03  6.67  5.74 311 1019.5  -4.7   5.1 999.0 99.0 99.00
2019 01 07 08 50 999 99.0 99.0  2.88  7.14  5.81 300 1020.3  -5.1   5.2 999.0 99.0 99.00
2019 01 07 09 50 999 99.0 99.0  2.69  7.14  5.54 281 1020.8  -5.1   5.2 999.0 99.0 99.00
2019 01 07 10 50 999 99.0 99.0  2.33  6.67  5.30 311 1022.0  -4.8   5.2 999.0 99.0 99.00
2019 01 07 11 50 999 99.0 99.0  2.89  7.14  5.77 308 1023.6  -5.6   5.2 999.0 99.0 99.00
2019 01 07 12 50 999 99.0 99.0  3.26  7.14  5.93 319 1024.5  -4.9   5.2 999.0 99.0 99.00
2019 01 07 13 50 999 99.0 99.0  3.02  6.67  5.80 322 1026.0  -4.6   5.2 999.0 99.0 99.00
2019 01 07 14 50 999 99.0 99.0  2.76  6.67  5.78 311 1026.6  -4.4   5.2 999.0 99.0 99.00
2019 01 07 15 50 999 99.0 99.0  2.73  6.67  5.59 329 1026.2  -3.9   5.3 999.0 99.0 99.00
2019 01 08 01 50 999 99.0 99.0  1.07  4.76  4.37 359 9999.0  -3.4   5.0 999.0 99.0 99.00
2019 01 08 02 50 999 99.0 99.0  0.97  5.00  4.22  45 1028.3  -3.1   5.0 999.0 99.0 99.00
2019 01 08 03 50 999 99.0 99.0  0.96  4.55  4.37  29 1028.2  -2.9   5.0 999.0 99.0 99.00
2019 01 08 04 50 999 99.0 99.0  0.93  4.35  4.36  24 1027.7  -2.5   5.0 999.0 99.0 99.00
2019 01 08 05 50 999 99.0 99.0  0.88  5.56  4.32  71 1027.8  -2.5   5.0 999.0 99.0 99.00
2019 01 08 06 50 999 99.0 99.0  0.81  5.56  4.26  74 1028.1  -2.0   5.0 999.0 99.0 99.00
2019 01 08 07 50 999 99.0 99.0  0.76  5.88  4.31  76 1027.3  -1.5   5.0 999.0 99.0 99.00
2019 01 08 08 50 999 99.0 99.0  0.68  6.25  4.36  68 1026.2  -0.7   5.0 999.0 99.0 99.00
2019 01 08 09 50 999 99.0 99.0  0.63  5.88  4.27  63 1025.4  -1.2   5.0 999.0 99.0 99.00
2019 01 08 10 50 999 99.0 99.0  0.71  5.88  3.57  74 1023.4  -0.5   5.0 999.0 99.0 99.00
2019 01 08 11 50 999 99.0 99.0  0.72  3.03  3.44 156 1023.9   0.1   5.0 999.0 99.0 99.00
2019 01 08 12 50 999 99.0 99.0  0.85  3.70  3.50 172 1023.1   0.6   5.1 999.0 99.0 99.00
2019 01 08 13 50 999 99.0 99.0  1.11  4.00  3.69 166 1021.9   1.8   5.1 999.0 99.0 99.00
2019 01 08 14 50 999 99.0 99.0  1.29  4.76  4.00 170 1021.1   2.5   5.1 999.0 99.0 99.00
2019 01 08 16 50 999 99.0 99.0  1.59  5.26  4.49 165 1018.0   2.9   5.2 999.0 99.0 99.00
2019 01 08 17 50 999 99.0 99.0  1.64  5.56  4.65 172 1016.6   3.9   5.2 999.0 99.0 99.00
2019 01 08 18 50 999 99.0 99.0  1.75  6.25  4.79 181 1015.7   4.0   5.2 999.0 99.0 99.00
2019 01 08 19 50 999 99.0 99.0  1.80  6.25  4.99 180 1014.5   4.4   5.2 999.0 99.0 99.00
2019 01 08 20 50 999 99.0 99.0  1.82  6.67  4.97 192 1013.5   4.5   5.2 999.0 99.0 99.00
2019 01 08 21 50 999 99.0 99.0  1.94  6.67  5.15 197 1012.6   4.9   5.2 999.0 99.0 99.00
2019 01 08 22 50 999 99.0 99.0  1.74  6.67  4.89 201 1011.4   5.2   5.2 999.0 99.0 99.00
2019 01 08 23 50 999 99.0 99.0  1.83  6.25  5.10 201 1009.9   5.5   5.2 999.0 99.0 99.00
2019 01 09 00 50 999 99.0 99.0  1.72  6.25  4.86 193 1008.4   5.4   5.2 999.0 99.0 99.00
2019 01 09 01 50 999 99.0 99.0  1.70  5.88  4.66 181 1006.6   5.4   5.2 999.0 99.0 99.00
2019 01 09 02 50 999 99.0 99.0  1.81  5.88  4.86 192 1004.5   5.4   5.2 999.0 99.0 99.00
2019 01 09 03 50 999 99.0 99.0  1.80  6.67  4.99 166 1002.8   5.7   5.2 999.0 99.0 99.00
2019 01 09 04 50 999 99.0 99.0  1.74  6.67  5.03 150 1001.3   6.4   5.2 999.0 99.0 99.00
2019 01 09 05 50 999 99.0 99.0  1.73  7.14  5.33 140  999.9   6.2   5.2 999.0 99.0 99.00
2019 01 09 06 50 999 99.0 99.0  1.85  7.14  5.62 129  998.7   6.4   5.2 999.0 99.0 99.00
2019 01 09 07 50 999 99.0 99.0  1.97  8.33  6.04 124  998.2   6.0   5.2 999.0 99.0 99.00
2019 01 09 08 50 999 99.0 99.0  1.93  8.33  6.15 130  996.6   5.7   5.2 999.0 99.0 99.00
2019 01 09 09 50 999 99.0 99.0  1.82  8.33  6.03 138  995.1   5.6   5.2 999.0 99.0 99.00
2019 01 09 10 50 999 99.0 99.0  1.90  7.69  6.08 142  994.2   5.5   5.2 999.0 99.0 99.00
2019 01 09 11 50 999 99.0 99.0  1.85  7.69  6.21 136  992.0   5.1   5.2 999.0 99.0 99.00
2019 01 09 12 50 999 99.0 99.0  2.10  8.33  6.42 153  990.2   5.1   5.2 999.0 99.0 99.00
2019 01 09 13 50 999 99.0 99.0  1.86  7.69  5.99 141  990.2   5.6   5.2 999.0 99.0 99.00
2019 01 09 14 50 999 99.0 99.0  1.76  9.09  6.03 140  989.6   5.4   5.3 999.0 99.0 99.00
2019 01 09 15 50 999 99.0 99.0  1.83  8.33  5.83 128  987.5   5.3   5.3 999.0 99.0 99.00
2019 01 09 16 50 999 99.0 99.0  2.23  9.09  5.65 147  986.3   4.3   5.2 999.0 99.0 99.00
2019 01 09 17 50 999 99.0 99.0  2.27  8.33  5.50 119  985.5   3.9   5.2 999.0 99.0 99.00
2019 01 09 18 50 999 99.0 99.0  2.41  9.09  5.76 144  985.5   4.1   5.2 999.0 99.0 99.00
2019 01 09 19 50 999 99.0 99.0  2.58 10.00  5.99 134  985.8   3.6   5.2 999.0 99.0 99.00
2019 01 09 20 50 999 99.0 99.0  3.06 10.00  6.13 128  986.4   2.6   5.3 999.0 99.0 99.00
2019 01 09 21 50 999 99.0 99.0  3.41  7.14  6.24 199  987.4   2.3   5.3 999.0 99.0 99.00
2019 01 09 22 50 999 99.0 99.0  3.68  7.14  6.40 202  988.4   2.3   5.3 999.0 99.0 99.00
2019 01 09 23 50 999 99.0 99.0  3.64  7.14  6.41 215  989.4   3.2   5.3 999.0 99.0 99.00
2019 01 10 00 50 999 99.0 99.0  3.19  7.69  6.22 205  990.1   3.5   5.3 999.0 99.0 99.00
2019 01 10 01 50 999 99.0 99.0  3.15  7.14  6.06 226  990.6   3.6   5.3 999.0 99.0 99.00
2019 01 10 02 50 999 99.0 99.0  2.98  7.69  5.96 240  990.6   3.5   5.3 999.0 99.0 99.00
2019 01 10 03 50 999 99.0 99.0  3.05  7.69  6.07 223  990.6   3.6   5.4 999.0 99.0 99.00
2019 01 10 04 50 999 99.0 99.0  2.99  7.69  6.22 224  990.9   3.5   5.4 999.0 99.0 99.00
2019 01 11 11 50 999 99.0 99.0  2.27  6.25  5.16 277 1010.0  -4.4   5.0 999.0 99.0 99.00
2019 01 11 12 50 999 99.0 99.0  2.08  6.25  5.05 265 1011.2  -4.2   5.0 999.0 99.0 99.00
2019 01 11 13 50 999 99.0 99.0  2.14  6.67  5.16 272 1012.1  -3.1   5.0 999.0 99.0 99.00
2019 01 11 14 50 999 99.0 99.0  2.04  6.25  5.12 282 1013.3  -4.5   5.0 999.0 99.0 99.00
2019 01 11 15 50 999 99.0 99.0  1.89  5.88  4.94 272 1013.7  -4.3   5.0 999.0 99.0 99.00
2019 01 11 16 50 999 99.0 99.0  1.85  6.25  5.11 252 1013.3  -3.7   5.0 999.0 99.0 99.00
2019 01 11 17 50 999 99.0 99.0  1.80  6.25  5.10 242 1013.6  -1.8   5.0 999.0 99.0 99.00
2019 01 11 18 50 999 99.0 99.0  1.94  7.14  5.18 234 1014.1  -2.0   5.1 999.0 99.0 99.00
2019 01 11 19 50 999 99.0 99.0  1.96  6.25  5.30 240 1014.8  -1.7   5.1 999.0 99.0 99.00
2019 01 11 20 50 999 99.0 99.0  2.03  7.14  5.20 234 1015.5  -2.4   5.1 999.0 99.0 99.00
2019 01 11 21 50 999 99.0 99.0  2.18  7.69  5.35 230 1016.6  -3.5   5.1 999.0 99.0 99.00
2019 01 11 22 50 999 99.0 99.0  2.21  6.67  5.32 232 1017.6  -4.0   5.0 999.0 99.0 99.00
2019 01 11 23 50 999 99.0 99.0  2.23  7.14  5.24 232 1018.8  -4.9   5.0 999.0 99.0 99.00
2019 01 12 00 50 999 99.0 99.0  2.21  7.14  5.14 227 1020.0  -6.4   5.0 999.0 99.0 99.00
2019 01 12 01 50 999 99.0 99.0  2.36  5.56  5.17 286 1021.1  -7.9   5.0 999.0 99.0 99.00
2019 01 12 02 50 999 99.0 99.0  2.65  6.67  5.64 250 1022.4  -8.2   4.9 999.0 99.0 99.00
2019 01 12 03 50 999 99.0 99.0  2.25  6.25  5.27 279 1023.2  -8.4   4.9 999.0 99.0 99.00
2019 01 12 04 50 999 99.0 99.0  2.60  6.67  5.47 275 1023.1  -8.0   4.9 999.0 99.0 99.00
2019 01 12 05 50 999 99.0 99.0  2.81  6.67  5.68 273 1023.4  -8.0   4.9 999.0 99.0 99.00
2019 01 12 06 50 999 99.0 99.0  2.20  7.14  5.28 283 1024.6  -8.3   4.9 999.0 99.0 99.00
2019 01 12 07 50 999 99.0 99.0  2.10  5.88  5.11 279 1024.1  -7.5   4.9 999.0 99.0 99.00
2019 01 12 08 50 999 99.0 99.0  2.40  6.25  5.34 280 1024.0  -6.9   5.0 999.0 99.0 99.00
2019 01 12 09 50 999 99.0 99.0  2.76  6.67  5.59 279 1024.6  -6.9   5.0 999.0 99.0 99.00
2019 01 12 10 50 999 99.0 99.0  2.20  7.14  5.23 274 1025.8  -7.2   5.0 999.0 99.0 99.00
2019 01 12 11 50 999 99.0 99.0  2.36  7.14  5.37 243 1026.0  -7.1   5.0 999.0 99.0 99.00
2019 01 12 12 50 999 99.0 99.0  2.17  6.67  5.21 241 1026.8  -6.5   5.0 999.0 99.0 99.00
2019 01 12 13 50 999 99.0 99.0  2.10  5.88  5.10 267 1027.7  -6.1   5.1 999.0 99.0 99.00
2019 01 12 14 50 999 99.0 99.0  2.33  6.25  5.27 245 1028.2  -5.0   5.2 999.0 99.0 99.00
2019 01 12 15 50 999 99.0 99.0  2.06  7.14  5.10 225 1027.9  -5.3   5.2 999.0 99.0 99.00
2019 01 12 16 50 999 99.0 99.0  1.95  6.67  5.18 233 1027.2  -4.5   5.2 999.0 99.0 99.00
2019 01 12 17 50 999 99.0 99.0  1.98  6.67  5.01 241 1026.7  -3.6   5.3 999.0 99.0 99.00
2019 01 12 18 50 999 99.0 99.0  1.85  6.25  4.92 230 1026.9  -3.9   5.2 999.0 99.0 99.00
2019 01 12 19 50 999 99.0 99.0  1.88  5.26  4.84 283 1027.2  -3.4   5.2 999.0 99.0 99.00
2019 01 12 20 50 999 99.0 99.0  1.63  6.67  4.73 222 1027.8  -3.6   5.2 999.0 99.0 99.00
2019 01 12 21 50 999 99.0 99.0  1.57  5.00  4.54 282 1028.1  -4.0   4.9 999.0 99.0 99.00
2019 01 12 22 50 999 99.0 99.0  1.60  5.00  4.55 275 1028.7  -3.7   4.7 999.0 99.0 99.00
2019 01 12 23 50 999 99.0 99.0  1.60  5.26  4.50 282 1029.5  -4.1   4.8 999.0 99.0 99.00
2019 01 13 00 50 999 99.0 99.0  1.80  5.26  4.62 279 1029.8  -4.1   4.8 999.0 99.0 99.00
2019 01 13 01 50 999 99.0 99.0  1.82  5.56  4.70 272 1029.8  -5.0   4.9 999.0 99.0 99.00
2019 01 13 02 50 999 99.0 99.0  1.58  5.56  4.58 270 1030.3  -5.3   4.9 999.0 99.0 99.00
2019 01 13 03 50 999 99.0 99.0  1.36  5.26  4.36 277 1030.5  -6.0   5.0 999.0 99.0 99.00
2019 01 13 04 50 999 99.0 99.0  1.29  5.26  4.30 271 1030.0  -6.2   5.0 999.0 99.0 99.00
2019 01 13 05 50 999 99.0 99.0  1.12  5.26  4.12 268 1030.4  -6.1   5.0 999.0 99.0 99.00
2019 01 13 06 50 999 99.0 99.0  1.01  5.56  4.12 239 1030.9  -6.3   4.9 999.0 99.0 99.00
2019 01 13 07 50 999 99.0 99.0  0.92  4.55  4.02 299 1030.9  -6.4   4.8 999.0 99.0 99.00
2019 01 13 08 50 999 99.0 99.0  0.96  4.55  4.08 333 1030.3  -6.4   4.6 999.0 99.0 99.00
2019 01 13 09 50 999 99.0 99.0  0.85  4.17  3.97 333 1030.2  -6.5   4.6 999.0 99.0 99.00
2019 01 13 10 50 999 99.0 99.0  0.74  4.55  4.00 343 1030.9  -6.4   4.5 999.0 99.0 99.00
2019 01 13 11 50 999 99.0 99.0  0.67  4.00  3.82 328 1031.3  -6.2   4.4 999.0 99.0 99.00
2019 01 13 12 50 999 99.0 99.0  0.61  4.00  3.82 315 1031.4  -6.1   4.2 999.0 99.0 99.00
2019 01 13 13 50 999 99.0 99.0  0.53  3.70  3.85 332 1031.5  -5.4   4.2 999.0 99.0 99.00
2019 01 13 14 50 999 99.0 99.0  0.54  3.45  3.79 335 1031.7  -4.5   4.1 999.0 99.0 99.00
2019 01 13 15 50 999 99.0 99.0  0.45  3.57  3.85 348 1031.4  -4.3   4.2 999.0 99.0 99.00
2019 01 13 16 50 999 99.0 99.0  0.46  3.45  3.84 356 1030.5  -4.0   4.2 999.0 99.0 99.00
2019 01 13 17 50 999 99.0 99.0  0.42  3.45  3.88 355 1029.9  -3.7   4.2 999.0 99.0 99.00
2019 01 13 18 50 999 99.0 99.0  0.44  3.33  3.87   5 1029.7  -3.6   4.2 999.0 99.0 99.00
2019 01 13 19 50 999 99.0 99.0  0.41  3.33  3.93  24 1029.7  -3.8   4.2 999.0 99.0 99.00
2019 01 13 20 50 999 99.0 99.0  0.40  9.09  3.80 118 1029.7  -3.9   4.3 999.0 99.0 99.00
2019 01 13 21 50 999 99.0 99.0  0.40 10.81  3.91   8 1029.6  -4.0   4.3 999.0 99.0 99.00
2019 01 13 22 50 999 99.0 99.0  0.39 10.81  4.24 110 1029.7  -4.2   4.2 999.0 99.0 99.00
2019 01 13 23 50 999 99.0 99.0  0.47  5.56  4.42  86 1029.6  -4.4   4.2 999.0 99.0 99.00
2019 01 14 00 50 999 99.0 99.0  0.40  5.00  4.22  97 1029.6  -4.4   4.2 999.0 99.0 99.00
2019 01 14 01 50 999 99.0 99.0  0.41 10.81  4.64 100 1029.6  -4.1   4.2 999.0 99.0 99.00
2019 01 14 02 50 999 99.0 99.0  0.38 10.81  4.55 120 1029.3  -3.6   4.1 999.0 99.0 99.00
2019 01 14 03 50 999 99.0 99.0  0.34  7.69  4.50 141 1028.9  -3.0   4.2 999.0 99.0 99.00
2019 01 14 04 50 999 99.0 99.0  0.34 10.81  4.17 127 1028.2  -2.6   4.2 999.0 99.0 99.00
2019 01 14 05 50 999 99.0 99.0  0.38 11.43  3.66  88 1027.8  -2.2   4.2 999.0 99.0 99.00
2019 01 14 06 50 999 99.0 99.0  0.41 11.43  3.68  80 1027.7  -2.2   4.2 999.0 99.0 99.00
2019 01 14 07 50 999 99.0 99.0  0.41 10.00  3.50 131 1027.2  -2.4   4.3 999.0 99.0 99.00
2019 01 14 08 50 999 99.0 99.0  0.49  3.13  3.33  33 1026.2  -2.4   4.3 999.0 99.0 99.00
2019 01 14 09 50 999 99.0 99.0  0.50  3.33  3.32  39 1025.1  -2.7   4.2 999.0 99.0 99.00
2019 01 14 10 50 999 99.0 99.0  0.59  3.23  3.33  29 1025.3  -3.1   4.2 999.0 99.0 99.00
2019 01 14 11 50 999 99.0 99.0  0.59  3.70  3.45  59 1025.3  -3.0   4.2 999.0 99.0 99.00
2019 01 14 12 50 999 99.0 99.0  0.64  3.45  3.31  48 1025.0  -2.3   4.2 999.0 99.0 99.00
2019 01 14 13 50 999 99.0 99.0  0.67  3.45  3.37  62 1025.4  -1.6   4.3 999.0 99.0 99.00
2019 01 14 14 50 999 99.0 99.0  0.61  3.85  3.37  68 1025.3  -1.0   4.3 999.0 99.0 99.00
2019 01 14 15 50 999 99.0 99.0  0.65  4.00  3.47  73 1024.5  -0.8   4.3 999.0 99.0 99.00
2019 01 14 16 50 999 99.0 99.0  0.66  3.70  3.53  71 1023.2  -1.9   4.3 999.0 99.0 99.00
2019 01 14 17 50 999 99.0 99.0  0.65  3.70  3.52  81 1022.2  -1.6   4.3 999.0 99.0 99.00
2019 01 14 18 50 999 99.0 99.0  0.68  4.00  3.47  77 1021.1  -1.1   4.3 999.0 99.0 99.00
2019 01 14 19 50 999 99.0 99.0  0.79  4.35  3.56  73 1020.3  -1.8   4.4 999.0 99.0 99.00
2019 01 14 20 50 999 99.0 99.0  0.79  4.17  3.58  75 1020.0  -2.5   4.4 999.0 99.0 99.00
2019 01 14 21 50 999 99.0 99.0  0.82  4.17  3.61  72 1019.5  -3.2   4.3 999.0 99.0 99.00
2019 01 14 22 50 999 99.0 99.0  0.81  4.00  3.63  63 1019.5  -2.6   4.3 999.0 99.0 99.00
2019 01 14 23 50 999 99.0 99.0  0.84  3.33  3.81 358 1019.0  -2.2   4.3 999.0 99.0 99.00
2019 01 15 00 50 999 99.0 99.0  0.96  4.35  4.02  75 1018.3  -2.0   4.3 999.0 99.0 99.00
2019 01 15 01 50 999 99.0 99.0  1.02  4.17  4.13  63 1017.8  -1.7   4.3 999.0 99.0 99.00
2019 01 15 02 50 999 99.0 99.0  1.03  4.00  4.04  48 1017.5  -1.5   4.3 999.0 99.0 99.00
2019 01 15 03 50 999 99.0 99.0  1.13  4.55  4.20  47 1017.0  -1.5   4.2 999.0 99.0 99.00
2019 01 15 04 50 999 99.0 99.0  1.24  4.17  4.44  50 1016.2  -1.4   4.3 999.0 99.0 99.00
2019 01 15 05 50 999 99.0 99.0  1.22  4.76  4.49  41 1015.8  -1.5   4.3 999.0 99.0 99.00
2019 01 15 06 50 999 99.0 99.0  1.37  9.09  4.89 121 1015.8  -1.5   4.3 999.0 99.0 99.00
2019 01 15 07 50 999 99.0 99.0  1.33  8.33  4.74 114 1015.5  -1.3   4.3 999.0 99.0 99.00
2019 01 15 08 50 999 99.0 99.0  1.38 10.00  5.12 113 1015.4  -1.4   4.3 999.0 99.0 99.00
2019 01 15 09 50 999 99.0 99.0  1.50 10.81  5.38 128 1015.3  -1.6   4.3 999.0 99.0 99.00
2019 01 15 10 50 999 99.0 99.0  1.57 10.00  5.47 113 1015.5  -1.5   4.3 999.0 99.0 99.00
2019 01 15 11 50 999 99.0 99.0  1.77 10.00  5.77 110 1015.9  -2.0   4.2 999.0 99.0 99.00
2019 01 15 12 50 999 99.0 99.0  1.95 10.00  6.22 118 1016.4  -1.2   4.2 999.0 99.0 99.00
2019 01 15 13 50 999 99.0 99.0  2.16 10.00  6.48 115 1017.1  -0.7   4.2 999.0 99.0 99.00
2019 01 15 14 50 999 99.0 99.0  2.36 10.81  6.71 117 1017.7  -0.3   4.2 999.0 99.0 99.00
2019 01 15 15 50 999 99.0 99.0  2.14 12.12  6.56 124 1017.5  -0.1   4.3 999.0 99.0 99.00
2019 01 15 16 50 999 99.0 99.0  2.07 12.12  6.61 107 1016.9   0.2   4.3 999.0 99.0 99.00
2019 01 15 17 50 999 99.0 99.0  1.78 10.81  6.28 103 1016.7  -0.1   4.3 999.0 99.0 99.00
2019 01 15 18 50 999 99.0 99.0  1.65 10.81  5.99  85 1016.9  -0.9   4.3 999.0 99.0 99.00
2019 01 15 19 50 999 99.0 99.0  1.59 10.00  6.21  97 1017.3  -0.6   4.3 999.0 99.0 99.00
2019 01 15 20 50 999 99.0 99.0  1.59 11.43  6.70  81 1017.3  -1.2   4.3 999.0 99.0 99.00
2019 01 15 21 50 999 99.0 99.0  1.35 11.43  6.35  95 1017.7  -1.3   4.3 999.0 99.0 99.00
2019 01 15 22 50 999 99.0 99.0  1.38 10.81  6.68  99 1017.9  -1.4   4.3 999.0 99.0 99.00
2019 01 15 23 50 999 99.0 99.0  1.66 11.43  7.70 101 1018.2  -1.1   4.2 999.0 99.0 99.00
2019 01 16 00 50 999 99.0 99.0  1.52 11.43  7.77 110 1018.5  -0.5   4.2 999.0 99.0 99.00
2019 01 16 01 50 999 99.0 99.0  1.56 10.81  7.58 100 1018.8  -0.5   4.2 999.0 99.0 99.00
2019 01 16 02 50 999 99.0 99.0  1.70  9.09  8.03 123 1018.8  -0.5   4.2 999.0 99.0 99.00
2019 01 16 03 50 999 99.0 99.0  1.79 10.81  8.43 126 1018.7   0.0   4.1 999.0 99.0 99.00
2019 01 16 04 50 999 99.0 99.0  1.82 10.00  8.65 123 1018.2   0.4   4.1 999.0 99.0 99.00
2019 01 16 05 50 999 99.0 99.0  1.59 11.43  8.68 118 1017.3   0.5   4.1 999.0 99.0 99.00
2019 01 16 06 50 999 99.0 99.0  1.48 11.43  8.03 117 1016.9   0.9   4.1 999.0 99.0 99.00
2019 01 16 07 50 999 99.0 99.0  1.61 11.43  8.32 105 1016.4   1.3   4.2 999.0 99.0 99.00
2019 01 16 08 50 999 99.0 99.0  1.44 11.43  7.49  95 1015.4   1.6   4.2 999.0 99.0 99.00
2019 01 16 09 50 999 99.0 99.0  1.51 10.81  6.48  93 1014.8   1.9   4.2 999.0 99.0 99.00
2019 01 16 10 50 999 99.0 99.0  1.45 10.81  5.59  96 1014.8   1.8   4.3 999.0 99.0 99.00
2019 01 16 11 50 999 99.0 99.0  1.62 10.81  5.25  71 1014.7   2.0   4.3 999.0 99.0 99.00
2019 01 16 14 50 999 99.0 99.0  1.93 11.43  5.37 112 1014.3   2.2   4.3 999.0 99.0 99.00
2019 01 16 15 50 999 99.0 99.0  1.98 10.00  5.43  76 1013.4   2.1   4.4 999.0 99.0 99.00
2019 01 16 16 50 999 99.0 99.0  2.04 10.00  5.09  86 1011.6   2.9   4.4 999.0 99.0 99.00
2019 01 16 17 50 999 99.0 99.0  2.28  5.56  5.27 206 1010.5   2.4   4.4 999.0 99.0 99.00
2019 01 16 18 50 999 99.0 99.0  2.38  5.88  5.42 214 1010.4   3.0   4.4 999.0 99.0 99.00
2019 01 16 19 50 999 99.0 99.0  2.22  7.14  5.20 215 1010.9   2.1   4.4 999.0 99.0 99.00
2019 01 16 20 50 999 99.0 99.0  2.19  6.25  5.14 217 1011.0   2.6   4.4 999.0 99.0 99.00
2019 01 16 21 50 999 99.0 99.0  1.92  6.67  5.14 213 1011.3   2.2   4.4 999.0 99.0 99.00
2019 01 16 22 50 999 99.0 99.0  1.72  6.67  4.96 200 1011.8   2.5   4.4 999.0 99.0 99.00
2019 01 16 23 50 999 99.0 99.0  1.63  5.88  4.86 217 1012.5   3.0   4.4 999.0 99.0 99.00
2019 01 17 00 50 999 99.0 99.0  1.79  5.88  4.80 202 1012.3   3.4   4.3 999.0 99.0 99.00
2019 01 17 01 50 999 99.0 99.0  2.01  5.88  4.98 220 1013.2   3.3   4.4 999.0 99.0 99.00
2019 01 17 02 50 999 99.0 99.0  2.00  6.67  4.99 204 1014.4   3.2   4.5 999.0 99.0 99.00
2019 01 17 03 50 999 99.0 99.0  2.24  6.67  5.15 207 1015.6   2.1   4.6 999.0 99.0 99.00
2019 01 17 04 50 999 99.0 99.0  2.09  5.88  4.95 208 1016.5   0.8   4.6 999.0 99.0 99.00
2019 01 17 05 50 999 99.0 99.0  2.26  5.56  5.01 266 1018.0  -1.2   4.6 999.0 99.0 99.00
2019 01 17 06 50 999 99.0 99.0  2.50  5.88  5.20 270 1020.0  -2.7   4.6 999.0 99.0 99.00
2019 01 17 07 50 999 99.0 99.0  2.28  6.25  5.12 253 1021.7  -4.3   4.6 999.0 99.0 99.00
2019 01 17 08 50 999 99.0 99.0  2.32  6.25  5.23 275 1022.7  -5.3   4.5 999.0 99.0 99.00
2019 01 17 09 50 999 99.0 99.0  2.26  6.67  5.16 282 1023.2  -5.8   4.5 999.0 99.0 99.00
2019 01 17 10 50 999 99.0 99.0  2.13  6.25  5.10 307 1024.1  -6.2   4.5 999.0 99.0 99.00
2019 01 17 11 50 999 99.0 99.0  2.06  5.88  4.91 304 1025.3  -6.6   4.6 999.0 99.0 99.00
2019 01 17 12 50 999 99.0 99.0  1.86  5.56  4.73 309 1025.8  -5.8   4.6 999.0 99.0 99.00
2019 01 17 13 50 999 99.0 99.0  1.82  5.56  4.54 311 1027.1  -5.4   4.6 999.0 99.0 99.00
2019 01 17 14 50 999 99.0 99.0  1.70  5.56  4.62 317 1028.5  -5.0   4.5 999.0 99.0 99.00
2019 01 17 15 50 999 99.0 99.0  1.37  5.26  4.40 321 1028.6  -4.8   4.6 999.0 99.0 99.00
2019 01 17 16 50 999 99.0 99.0  1.26  5.26  4.34 319 1028.0  -4.4   4.6 999.0 99.0 99.00
2019 01 17 17 50 999 99.0 99.0  1.14  4.76  4.16 292 1027.9  -4.4   4.6 999.0 99.0 99.00
2019 01 17 18 50 999 99.0 99.0  1.01  4.76  4.21 322 1028.4  -4.0   4.5 999.0 99.0 99.00
2019 01 17 19 50 999 99.0 99.0  0.93  4.55  4.26 300 1028.3  -4.2   4.5 999.0 99.0 99.00
2019 01 17 20 50 999 99.0 99.0  0.78  4.55  4.22 335 1028.4  -5.0   4.5 999.0 99.0 99.00
2019 01 18 04 50 999 99.0 99.0  0.44  7.69  5.03 153 1027.9  -3.7   4.2 999.0 99.0 99.00
2019 01 18 05 50 999 99.0 99.0  0.44 10.00  5.16 115 1027.1  -3.1   4.1 999.0 99.0 99.00
2019 01 18 06 50 999 99.0 99.0  0.44  7.14  4.52 152 1026.4  -2.5   4.0 999.0 99.0 99.00
2019 01 18 07 50 999 99.0 99.0  0.44 11.43  4.18 114 1025.4  -1.6   3.9 999.0 99.0 99.00
2019 01 18 08 50 999 99.0 99.0  0.47 10.81  3.60  61 1023.8  -1.0   4.0 999.0 99.0 99.00
2019 01 18 09 50 999 99.0 99.0  0.59  2.74  3.27 155 1022.9  -0.6   4.1 999.0 99.0 99.00
2019 01 18 10 50 999 99.0 99.0  0.74  3.33  3.43 146 1022.1  -0.4   4.2 999.0 99.0 99.00
2019 01 18 11 50 999 99.0 99.0  0.87  3.70  3.61 156 1022.2  -0.2   4.2 999.0 99.0 99.00
2019 01 18 12 50 999 99.0 99.0  0.86  3.57  3.60 150 1021.9   0.4   4.1 999.0 99.0 99.00
2019 01 18 13 50 999 99.0 99.0  0.84  3.85  3.70 159 1021.7   0.9   4.2 999.0 99.0 99.00
2019 01 18 14 50 999 99.0 99.0  0.87  3.57  3.66 167 1021.4   0.8   4.2 999.0 99.0 99.00
2019 01 18 15 50 999 99.0 99.0  0.95  4.17  3.81 165 1020.6   1.4   4.3 999.0 99.0 99.00
2019 01 18 16 50 999 99.0 99.0  1.00  4.17  4.00 153 1019.6   2.3   4.4 999.0 99.0 99.00
2019 01 18 17 50 999 99.0 99.0  1.05  4.35  4.03 142 1018.2   2.0   4.4 999.0 99.0 99.00
2019 01 18 18 50 999 99.0 99.0  1.07  4.76  4.11 146 1017.5   2.2   4.4 999.0 99.0 99.00
2019 01 18 19 50 999 99.0 99.0  1.07  5.26  4.22 138 1017.1   2.3   4.5 999.0 99.0 99.00
2019 01 18 20 50 999 99.0 99.0  1.06  5.26  4.18 152 1016.5   2.4   4.6 999.0 99.0 99.00
2019 01 18 21 50 999 99.0 99.0  0.98  5.26  4.21 156 1016.5   1.9   4.5 999.0 99.0 99.00
2019 01 18 22 50 999 99.0 99.0  0.98  5.00  4.36 128 1016.7   2.7   4.6 999.0 99.0 99.00
2019 01 18 23 50 999 99.0 99.0  0.92  5.00  4.28 128 1016.2   2.9   4.6 999.0 99.0 99.00
2019 01 19 00 50 999 99.0 99.0  0.97  4.76  4.26 114 1016.0   3.3   4.6 999.0 99.0 99.00
2019 01 19 01 50 999 99.0 99.0  0.93  5.26  4.19 115 1016.4   3.7   4.5 999.0 99.0 99.00
2019 01 19 02 50 999 99.0 99.0  1.02  5.56  4.20 112 1016.4   3.7   4.5 999.0 99.0 99.00
2019 01 19 03 50 999 99.0 99.0  1.03  3.85  3.98 232 1016.9   3.1   4.5 999.0 99.0 99.00
2019 01 19 04 50 999 99.0 99.0  1.17  4.17  4.19 249 1017.7   2.8   4.4 999.0 99.0 99.00
2019 01 19 05 50 999 99.0 99.0  1.31  4.76  4.11 254 1018.2   1.4   4.4 999.0 99.0 99.00
2019 01 19 06 50 999 99.0 99.0  1.33  4.76  4.16 275 1019.5   0.8   4.4 999.0 99.0 99.00
2019 01 19 07 50 999 99.0 99.0  1.31  5.26  4.14 251 1020.4   0.2   4.4 999.0 99.0 99.00
2019 01 19 08 50 999 99.0 99.0  1.26  4.55  4.09 303 1021.1  -0.5   4.3 999.0 99.0 99.00
2019 01 19 09 50 999 99.0 99.0  1.37  4.76  4.21 309 1021.8  -1.6   4.4 999.0 99.0 99.00
2019 01 19 10 50 999 99.0 99.0  1.59  5.26  4.51 350 1022.8  -2.4   4.4 999.0 99.0 99.00
2019 01 19 11 50 999 99.0 99.0  1.75  5.88  4.73  12 1023.8  -3.1   4.4 999.0 99.0 99.00
2019 01 19 12 50 999 99.0 99.0  1.40  5.26  4.44   7 1024.8  -3.2   4.3 999.0 99.0 99.00
2019 01 19 13 50 999 99.0 99.0  1.40  5.26  4.54   7 1025.7  -3.1   4.2 999.0 99.0 99.00
2019 01 19 14 50 999 99.0 99.0  1.36  5.26  4.38   5 1026.7  -3.4   4.2 999.0 99.0 99.00
2019 01 19 15 50 999 99.0 99.0  1.26  5.26  4.27  26 1026.5  -3.7   4.2 999.0 99.0 99.00
2019 01 19 16 50 999 99.0 99.0  1.18  5.00  4.20  19 1027.1  -3.6   4.2 999.0 99.0 99.00
2019 01 19 17 50 999 99.0 99.0  1.05  5.00  4.17  29 1026.6  -4.4   4.2 999.0 99.0 99.00
2019 01 19 18 50 999 99.0 99.0  1.03  5.56  4.24  53 1025.6  -4.7   4.3 999.0 99.0 99.00
2019 01 19 19 50 999 99.0 99.0  1.04  5.26  4.05  52 1026.0  -5.0   4.3 999.0 99.0 99.00
2019 01 19 20 50 999 99.0 99.0  1.00  5.56  4.16  82 1026.4  -5.3   4.4 999.0 99.0 99.00
2019 01 19 21 50 999 99.0 99.0  0.98  8.33  4.29 122 1027.0  -4.9   4.3 999.0 99.0 99.00
2019 01 19 22 50 999 99.0 99.0  0.93  7.69  4.24 151 1026.8  -4.7   4.2 999.0 99.0 99.00
2019 01 19 23 50 999 99.0 99.0  1.04  7.14  4.11 134 1026.8  -4.5   4.2 999.0 99.0 99.00
2019 01 20 00 50 999 99.0 99.0  1.06  4.35  4.14  74 1024.3  -3.9   4.3 999.0 99.0 99.00
2019 01 20 01 50 999 99.0 99.0  1.24  4.76  4.03  89 1025.2  -3.7   4.2 999.0 99.0 99.00
2019 01 20 02 50 999 99.0 99.0  1.28  4.55  4.12  84 1024.5  -3.5   4.2 999.0 99.0 99.00
2019 01 20 03 50 999 99.0 99.0  1.44  5.00  4.30  91 1023.6  -3.5   4.2 999.0 99.0 99.00
2019 01 20 04 50 999 99.0 99.0  1.76  5.26  4.65  95 1021.7  -3.8   4.2 999.0 99.0 99.00
2019 01 20 05 50 999 99.0 99.0  2.10  5.56  4.97  90 1020.8  -2.9   4.2 999.0 99.0 99.00
2019 01 20 06 50 999 99.0 99.0  2.14  6.25  5.11  89 1019.2  -2.8   4.2 999.0 99.0 99.00
2019 01 20 07 50 999 99.0 99.0  2.45  6.25  5.40 106 1017.7  -2.5   4.2 999.0 99.0 99.00
2019 01 20 08 50 999 99.0 99.0  2.59  6.67  5.51  92 1015.2  -1.0   4.2 999.0 99.0 99.00
2019 01 20 09 50 999 99.0 99.0  2.57  7.14  5.41  99 1012.2  -0.6   4.3 999.0 99.0 99.00
2019 01 20 10 50 999 99.0 99.0  3.05  6.67  5.66  94 1008.9   0.3   4.4 999.0 99.0 99.00
2019 01 20 11 50 999 99.0 99.0  3.34  7.14  6.01 104 1005.5   1.1   4.5 999.0 99.0 99.00
2019 01 20 12 50 999 99.0 99.0  3.85  7.69  6.31 108 1002.8   2.3   4.5 999.0 99.0 99.00
2019 01 20 13 50 999 99.0 99.0  3.57  7.14  6.28 120 1000.3   4.2   4.7 999.0 99.0 99.00
2019 01 20 14 50 999 99.0 99.0  4.16  9.09  7.03 112  998.3   7.5   4.7 999.0 99.0 99.00
2019 01 20 15 50 999 99.0 99.0  3.98  9.09  6.98  98  996.4   7.3   4.7 999.0 99.0 99.00
2019 01 20 16 50 999 99.0 99.0  3.98 10.00  7.24  86  993.0   7.7   4.7 999.0 99.0 99.00
2019 01 20 17 50 999 99.0 99.0  3.75  9.09  7.38  85  991.5   7.2   4.7 999.0 99.0 99.00
2019 01 20 18 50 999 99.0 99.0  3.55  9.09  7.23  79  991.5   6.0   4.9 999.0 99.0 99.00
2019 01 20 19 50 999 99.0 99.0  3.40  9.09  7.16  83  990.8   3.3   4.8 999.0 99.0 99.00
2019 01 20 20 50 999 99.0 99.0  3.65  9.09  6.95 127  988.8   4.8   4.7 999.0 99.0 99.00
2019 01 20 21 50 999 99.0 99.0  3.70  9.09  6.96 132  985.8   6.8   4.7 999.0 99.0 99.00
2019 01 20 22 50 999 99.0 99.0  3.03  8.33  6.37 105  986.8  -1.4   4.7 999.0 99.0 99.00
2019 01 20 23 50 999 99.0 99.0  2.97  8.33  5.85 116  987.9  -5.2   4.5 999.0 99.0 99.00
2019 01 21 00 50 999 99.0 99.0  3.09  8.33  5.64  96  987.9  -5.2   4.4 999.0 99.0 99.00
2019 01 21 01 50 999 99.0 99.0  3.02  9.09  6.02 109  989.8  -3.9   4.4 999.0 99.0 99.00
2019 01 21 02 50 999 99.0 99.0  3.64  6.67  6.49 329  990.3  -5.5   4.4 999.0 99.0 99.00
2019 01 21 03 50 999 99.0 99.0  3.68  9.09  6.60 102  991.3  -5.2   4.4 999.0 99.0 99.00
2019 01 21 04 50 999 99.0 99.0  3.46 10.00  6.60 114  993.0  -6.0   4.4 999.0 99.0 99.00
2019 01 21 05 50 999 99.0 99.0  3.93 11.43  7.05 141  993.7  -6.7   4.4 999.0 99.0 99.00
2019 01 21 06 50 999 99.0 99.0  3.69 12.12  6.83 141  994.5  -7.9   4.4 999.0 99.0 99.00
2019 01 21 07 50 999 99.0 99.0  3.15 10.81  6.66 140  996.0  -8.3   4.3 999.0 99.0 99.00
2019 01 21 08 50 999 99.0 99.0  3.16 12.90  6.70 152  996.4  -8.5   4.3 999.0 99.0 99.00
2019 01 21 09 50 999 99.0 99.0  3.31 12.90  6.64 146  997.2  -8.8   4.3 999.0 99.0 99.00
2019 01 21 10 50 999 99.0 99.0  3.16 12.90  6.79 146  998.2  -9.1   4.3 999.0 99.0 99.00
2019 01 21 11 50 999 99.0 99.0  2.81 12.12  6.40 118  999.5  -9.5   4.3 999.0 99.0 99.00
2019 01 21 12 50 999 99.0 99.0  2.59 12.90  6.40 133 1000.6 -10.0   4.2 999.0 99.0 99.00
2019 01 21 13 50 999 99.0 99.0  2.52 12.90  6.23 138 1001.6 -10.3   4.1 999.0 99.0 99.00
2019 01 21 14 50 999 99.0 99.0  2.85 12.12  6.50 132 1002.8 -10.5   4.1 999.0 99.0 99.00
2019 01 21 15 50 999 99.0 99.0  3.18 12.12  7.23 136 1003.2 -10.6   4.0 999.0 99.0 99.00
2019 01 21 16 50 999 99.0 99.0  2.87 12.12  6.96 149 1003.1 -10.9   4.0 999.0 99.0 99.00
2019 01 21 17 50 999 99.0 99.0  2.93 11.43  7.06 138 1003.4 -11.1   4.0 999.0 99.0 99.00
2019 01 21 18 50 999 99.0 99.0  2.67 11.43  6.33 132 1003.6 -11.4   4.1 999.0 99.0 99.00
2019 01 21 19 50 999 99.0 99.0  3.04 12.12  6.82 150 1004.9 -11.4   4.1 999.0 99.0 99.00
2019 01 21 20 50 999 99.0 99.0  2.58 11.43  6.35 133 1005.9 -11.6   4.2 999.0 99.0 99.00
2019 01 21 21 50 999 99.0 99.0  2.65 11.43  6.22 131 1007.0 -11.8   4.2 999.0 99.0 99.00
2019 01 21 22 50 999 99.0 99.0  2.65  5.88  6.11 274 1008.0 -11.9   4.2 999.0 99.0 99.00
2019 01 21 23 50 999 99.0 99.0  2.91 12.12  6.07 119 1009.4 -12.0   4.2 999.0 99.0 99.00
2019 01 22 00 50 999 99.0 99.0  2.83  6.67  5.99 300 1010.2 -12.3   4.1 999.0 99.0 99.00
2019 01 22 01 50 999 99.0 99.0  3.08  6.67  6.13 298 1010.8 -12.1   4.1 999.0 99.0 99.00
2019 01 22 02 50 999 99.0 99.0  3.38  7.14  6.29 286 1011.6 -11.2   4.1 999.0 99.0 99.00
2019 01 22 03 50 999 99.0 99.0  3.53  7.69  6.37 280 1012.5 -10.8   4.0 999.0 99.0 99.00
2019 01 22 04 50 999 99.0 99.0  3.44  7.69  6.43 286 1013.4 -10.6   4.0 999.0 99.0 99.00
2019 01 22 05 50 999 99.0 99.0  3.02  7.69  5.99 277 1014.4 -10.4   4.0 999.0 99.0 99.00
2019 01 22 06 50 999 99.0 99.0  3.44  7.69  6.23 276 1015.8 -10.1   4.0 999.0 99.0 99.00
2019 01 22 07 50 999 99.0 99.0  3.35  7.69  6.04 273 1017.1 -10.2   4.0 999.0 99.0 99.00
2019 01 22 08 50 999 99.0 99.0  2.83  7.14  5.72 270 1018.6 -10.1   4.0 999.0 99.0 99.00
2019 01 22 09 50 999 99.0 99.0  2.77  7.14  5.65 278 1019.7 -10.4   4.0 999.0 99.0 99.00
2019 01 22 10 50 999 99.0 99.0  2.81  6.67  5.58 279 1020.7  -9.8   4.1 999.0 99.0 99.00
2019 01 22 11 50 999 99.0 99.0  2.97  7.69  5.84 280 1021.8  -9.1   4.1 999.0 99.0 99.00
2019 01 22 12 50 999 99.0 99.0  2.97  7.14  5.82 278 1023.9  -7.7   4.0 999.0 99.0 99.00
2019 01 22 13 50 999 99.0 99.0  2.92  7.69  5.90 267 1025.3  -6.6   4.0 999.0 99.0 99.00
2019 01 22 14 50 999 99.0 99.0  2.92  7.14  6.03 275 1026.7  -5.7   4.0 999.0 99.0 99.00
2019 01 22 15 50 999 99.0 99.0  2.68  7.14  5.67 274 1027.1  -4.9   4.1 999.0 99.0 99.00
2019 01 22 16 50 999 99.0 99.0  2.71  6.67  5.62 268 1027.6  -4.1   4.2 999.0 99.0 99.00
2019 01 22 17 50 999 99.0 99.0  2.56  7.14  5.57 284 1027.5  -3.6   4.3 999.0 99.0 99.00
2019 01 22 18 50 999 99.0 99.0  2.38  6.67  5.38 266 1028.3  -2.7   4.3 999.0 99.0 99.00
2019 01 22 19 50 999 99.0 99.0  2.22  6.67  5.19 253 1029.2  -2.3   4.3 999.0 99.0 99.00
2019 01 22 20 50 999 99.0 99.0  2.15  6.25  5.08 259 1030.6  -2.6   4.3 999.0 99.0 99.00
2019 01 22 21 50 999 99.0 99.0  2.15  5.88  5.08 259 1031.6  -3.5   4.3 999.0 99.0 99.00
2019 01 22 22 50 999 99.0 99.0  2.00  6.67  4.95 269 1032.4  -3.5   4.3 999.0 99.0 99.00
2019 01 22 23 50 999 99.0 99.0  1.87  6.25  4.88 272 1032.9  -3.4   4.3 999.0 99.0 99.00
2019 01 23 00 50 999 99.0 99.0  1.84  6.25  4.83 275 1032.9  -3.7   4.3 999.0 99.0 99.00
2019 01 23 02 50 999 99.0 99.0  1.41  5.56  4.55 263 1032.9  -3.7   4.2 999.0 99.0 99.00
2019 01 23 03 50 999 99.0 99.0  1.34  5.56  4.54 276 1033.2  -3.6   4.3 999.0 99.0 99.00
2019 01 23 04 50 999 99.0 99.0  1.13  5.00  4.26 263 1033.1  -3.4   3.9 999.0 99.0 99.00
2019 01 23 05 50 999 99.0 99.0  0.97  5.00  4.13 269 1033.1  -3.3   3.8 999.0 99.0 99.00
2019 01 23 06 50 999 99.0 99.0  0.80  4.55  4.06 271 1032.5  -2.6   3.7 999.0 99.0 99.00
2019 01 23 07 50 999 99.0 99.0  0.74  4.17  4.11 292 1031.7  -2.2   3.7 999.0 99.0 99.00
2019 01 23 08 50 999 99.0 99.0  0.67  3.70  3.93 301 1031.1  -1.8   3.5 999.0 99.0 99.00
2019 01 23 09 50 999 99.0 99.0  0.62 11.43  3.70  70 1030.6  -1.4   3.5 999.0 99.0 99.00
2019 01 23 10 50 999 99.0 99.0  0.74  3.23  3.43 227 1030.2  -1.2   3.8 999.0 99.0 99.00
2019 01 23 11 50 999 99.0 99.0  0.80  3.70  3.49 215 1029.6   0.2   4.0 999.0 99.0 99.00
2019 01 23 12 50 999 99.0 99.0  0.89  3.85  3.52 219 1028.7   0.6   4.1 999.0 99.0 99.00
2019 01 23 13 50 999 99.0 99.0  1.16  4.55  3.89 211 1027.9   1.1   4.2 999.0 99.0 99.00
2019 01 23 14 50 999 99.0 99.0  1.51  5.00  4.18 206 1027.3   2.1   4.3 999.0 99.0 99.00
2019 01 23 15 50 999 99.0 99.0  1.82  5.88  4.72 208 1025.4   3.1   4.2 999.0 99.0 99.00
2019 01 23 16 50 999 99.0 99.0  2.06  6.25  4.99 200 1023.0   4.2   4.0 999.0 99.0 99.00
2019 01 23 17 50 999 99.0 99.0  2.10  6.25  4.93 206 1021.5   4.3   3.9 999.0 99.0 99.00
2019 01 23 18 50 999 99.0 99.0  2.42  6.67  5.35 212 1020.4   5.1   3.9 999.0 99.0 99.00
2019 01 23 19 50 999 99.0 99.0  2.37  7.14  5.45 206 1019.5   5.4   4.0 999.0 99.0 99.00
2019 01 23 20 50 999 99.0 99.0  2.38  7.14  5.37 212 1019.0   5.7   4.0 999.0 99.0 99.00
2019 01 23 21 50 999 99.0 99.0  2.57  7.14  5.77 203 1018.3   5.5   4.1 999.0 99.0 99.00
2019 01 23 22 50 999 99.0 99.0  2.34  7.14  5.42 200 1017.9   5.7   4.2 999.0 99.0 99.00
2019 01 23 23 50 999 99.0 99.0  2.39  7.14  5.37 195 1017.1   6.1   4.3 999.0 99.0 99.00
2019 01 24 00 50 999 99.0 99.0  2.38  6.67  5.44 197 1015.5   6.0   4.4 999.0 99.0 99.00
2019 01 24 01 50 999 99.0 99.0  2.30  7.69  5.35 189 1014.7   6.5   4.5 999.0 99.0 99.00
2019 01 24 02 50 999 99.0 99.0  2.48  7.14  5.53 186 1014.3   6.6   4.5 999.0 99.0 99.00
2019 01 24 03 50 999 99.0 99.0  2.39  7.69  5.54 176 1013.7   6.4   4.5 999.0 99.0 99.00
2019 01 24 04 50 999 99.0 99.0  2.08  7.14  5.13 174 1012.8   7.1   4.6 999.0 99.0 99.00
2019 01 24 05 50 999 99.0 99.0  2.26  6.25  5.23 186 1012.3   7.2   4.6 999.0 99.0 99.00
2019 01 24 06 50 999 99.0 99.0  2.34  7.14  5.43 179 1012.0   7.0   4.6 999.0 99.0 99.00
2019 01 24 07 50 999 99.0 99.0  2.01  7.14  5.01 175 1011.5   6.7   4.6 999.0 99.0 99.00
2019 01 24 08 50 999 99.0 99.0  2.28  7.14  5.34 164 1010.4   6.7   4.6 999.0 99.0 99.00
2019 01 24 09 50 999 99.0 99.0  2.22  6.67  5.33 187 1009.4   6.8   4.6 999.0 99.0 99.00
2019 01 24 10 50 999 99.0 99.0  2.17  7.69  5.23 163 1008.8   7.3   4.6 999.0 99.0 99.00
2019 01 24 11 50 999 99.0 99.0  2.46  7.14  5.48 169 1008.0   7.8   4.7 999.0 99.0 99.00
2019 01 24 12 50 999 99.0 99.0  2.49  7.69  5.47 169 1007.3   7.7   4.7 999.0 99.0 99.00
2019 01 24 13 50 999 99.0 99.0  2.31  7.14  5.28 182 1006.0   7.7   4.7 999.0 99.0 99.00
2019 01 24 14 50 999 99.0 99.0  2.42  6.67  5.37 185 1004.8   8.4   4.7 999.0 99.0 99.00
2019 01 24 15 50 999 99.0 99.0  2.34  6.67  5.27 178 1003.7   8.0   4.7 999.0 99.0 99.00
2019 01 24 16 50 999 99.0 99.0  2.45  7.69  5.45 172 1001.1   7.8   4.7 999.0 99.0 99.00
2019 01 24 17 50 999 99.0 99.0  2.48  7.69  5.47 177  999.2   8.0   4.7 999.0 99.0 99.00
2019 01 24 18 50 999 99.0 99.0  3.04  8.33  6.08 183  997.0   8.4   4.7 999.0 99.0 99.00
2019 01 24 19 50 999 99.0 99.0  3.27  8.33  6.23 191  995.2   8.2   4.7 999.0 99.0 99.00
2019 01 24 20 50 999 99.0 99.0  3.92  9.09  6.87 180  993.3   8.6   4.7 999.0 99.0 99.00
2019 01 24 21 50 999 99.0 99.0  4.20  9.09  7.11 188  990.1   9.1   4.8 999.0 99.0 99.00
2019 01 24 23 50 999 99.0 99.0  4.54  9.09  7.06 178  986.3   9.8   4.8 999.0 99.0 99.00
2019 01 25 00 50 999 99.0 99.0  4.49 10.00  7.14 166  985.7   8.9   4.7 999.0 99.0 99.00
2019 01 25 01 50 999 99.0 99.0  4.42 10.00  7.22 151  986.9   7.9   4.7 999.0 99.0 99.00
2019 01 25 02 50 999 99.0 99.0  3.69  9.09  6.96 161  991.5   6.9   4.7 999.0 99.0 99.00
2019 01 25 03 50 999 99.0 99.0  3.41 10.00  6.62 153  993.6   5.6   4.7 999.0 99.0 99.00
2019 01 25 04 50 999 99.0 99.0  3.10 10.00  6.34 147  995.6   5.8   4.7 999.0 99.0 99.00
2019 01 25 05 50 999 99.0 99.0  2.96  9.09  6.22 143  997.0   5.2   4.6 999.0 99.0 99.00
2019 01 25 06 50 999 99.0 99.0  3.33 10.81  6.40 158  999.0   4.5   4.6 999.0 99.0 99.00
2019 01 25 07 50 999 99.0 99.0  3.76 10.81  6.97 145 1000.4   3.9   4.5 999.0 99.0 99.00
2019 01 25 08 50 999 99.0 99.0  3.36 11.43  6.68 147 1001.6   3.2   4.5 999.0 99.0 99.00
2019 01 25 09 50 999 99.0 99.0  3.56 12.12  7.21 150 1003.1   3.1   4.5 999.0 99.0 99.00
2019 01 25 10 50 999 99.0 99.0  3.88 12.12  7.66 135 1004.6   2.7   4.5 999.0 99.0 99.00
2019 01 25 11 50 999 99.0 99.0  3.53 12.12  7.48 148 1006.5   2.4   4.6 999.0 99.0 99.00
2019 01 25 12 50 999 99.0 99.0  2.98 12.90  6.89 133 1008.2   2.5   4.6 999.0 99.0 99.00
2019 01 25 13 50 999 99.0 99.0  2.67 13.79  6.47 150 1008.3   2.4   4.5 999.0 99.0 99.00
2019 01 25 14 50 999 99.0 99.0  2.62 13.79  6.25 142 1009.0   3.9   4.4 999.0 99.0 99.00
2019 01 25 15 50 999 99.0 99.0  2.45 13.79  6.25 121 1009.2   3.6   4.4 999.0 99.0 99.00
2019 01 25 16 50 999 99.0 99.0  2.56 13.79  6.54 146 1008.4   3.6   4.4 999.0 99.0 99.00
2019 01 25 18 50 999 99.0 99.0  2.38 12.90  6.51 152 1008.5   3.8   4.3 999.0 99.0 99.00
2019 01 25 19 50 999 99.0 99.0  2.56 12.90  6.68 137 1009.1   2.6   4.3 999.0 99.0 99.00
2019 01 25 20 50 999 99.0 99.0  2.61 12.12  6.79 143 1009.4   2.7   4.4 999.0 99.0 99.00
2019 01 25 21 50 999 99.0 99.0  2.69 12.12  6.70 148 1010.0   2.7   4.4 999.0 99.0 99.00
2019 01 25 22 50 999 99.0 99.0  2.67 11.43  6.37 164 1011.2   2.9   4.4 999.0 99.0 99.00
2019 01 25 23 50 999 99.0 99.0  2.58 12.90  6.05 125 1012.0   2.7   4.4 999.0 99.0 99.00
2019 01 26 00 50 999 99.0 99.0  2.42 12.90  5.84 145 1013.4   2.2   4.4 999.0 99.0 99.00
2019 01 26 01 50 999 99.0 99.0  2.52 12.12  6.00 132 1014.6   1.8   4.5 999.0 99.0 99.00
2019 01 26 02 50 999 99.0 99.0  2.44  5.88  5.46 217 1015.5   0.8   4.5 999.0 99.0 99.00
2019 01 26 03 50 999 99.0 99.0  2.67  5.88  5.68 236 1016.2  -0.1   4.5 999.0 99.0 99.00
2019 01 26 04 50 999 99.0 99.0  2.30 12.90  5.73 132 1017.0  -0.8   4.5 999.0 99.0 99.00
2019 01 26 05 50 999 99.0 99.0  2.55  6.67  5.92 228 1018.4  -1.2   4.4 999.0 99.0 99.00
2019 01 26 06 50 999 99.0 99.0  2.44 11.43  6.10 148 1019.4  -1.4   4.4 999.0 99.0 99.00
2019 01 26 07 50 999 99.0 99.0  2.42 11.43  6.28 130 1020.0  -1.7   4.3 999.0 99.0 99.00
2019 01 26 08 50 999 99.0 99.0  2.42 10.81  6.33 134 1020.2  -1.8   4.3 999.0 99.0 99.00
2019 01 26 09 50 999 99.0 99.0  2.15 10.00  6.32 134 1020.7  -1.9   4.3 999.0 99.0 99.00
2019 01 26 10 50 999 99.0 99.0  2.22 10.81  6.40 140 1021.2  -1.9   4.2 999.0 99.0 99.00
2019 01 26 11 50 999 99.0 99.0  2.05 11.43  5.76 151 1021.7  -1.9   4.2 999.0 99.0 99.00
2019 01 26 12 50 999 99.0 99.0  2.12 10.81  5.65 131 1022.4  -0.8   4.2 999.0 99.0 99.00
2019 01 26 13 50 999 99.0 99.0  2.03 11.43  5.53 131 1022.9  -0.5   4.3 999.0 99.0 99.00
2019 01 26 14 50 999 99.0 99.0  1.88 11.43  5.28 155 1023.3  -0.4   4.4 999.0 99.0 99.00
2019 01 26 15 50 999 99.0 99.0  1.66 12.12  5.38 116 1023.9  -0.4   4.4 999.0 99.0 99.00
2019 01 26 16 50 999 99.0 99.0  1.39  5.00  4.85 220 1023.5  -0.5   4.5 999.0 99.0 99.00
2019 01 26 17 50 999 99.0 99.0  1.34 11.43  5.21 138 1022.8  -0.4   4.5 999.0 99.0 99.00
2019 01 26 18 50 999 99.0 99.0  1.23 10.81  5.08 150 1022.3  -0.3   4.6 999.0 99.0 99.00
2019 01 26 19 50 999 99.0 99.0  1.19 10.81  5.02 135 1022.5  -1.0   4.6 999.0 99.0 99.00
2019 01 26 20 50 999 99.0 99.0  1.35 10.00  5.50 133 1022.4   0.1   4.5 999.0 99.0 99.00
2019 01 26 21 50 999 99.0 99.0  1.28 10.00  5.09 143 1023.0  -0.9   4.5 999.0 99.0 99.00
2019 01 26 22 50 999 99.0 99.0  1.33 10.00  5.15 125 1023.7  -0.4   4.4 999.0 99.0 99.00
2019 01 26 23 50 999 99.0 99.0  1.41 10.00  5.47 128 1024.3   0.0   4.5 999.0 99.0 99.00
2019 01 27 00 50 999 99.0 99.0  1.41 10.81  5.81  95 1024.6   0.0   4.5 999.0 99.0 99.00
2019 01 27 01 50 999 99.0 99.0  1.47 10.00  5.87 132 1025.0   0.1   4.4 999.0 99.0 99.00
2019 01 27 02 50 999 99.0 99.0  1.32 10.00  5.71 137 1025.1   0.0   4.4 999.0 99.0 99.00
2019 01 27 03 50 999 99.0 99.0  1.17 10.81  5.31 117 1024.9  -0.3   4.5 999.0 99.0 99.00
2019 01 27 04 50 999 99.0 99.0  1.22 10.81  5.79 124 1025.2  -0.5   4.4 999.0 99.0 99.00
2019 01 27 05 50 999 99.0 99.0  1.14 10.00  5.48 123 1025.0  -0.7   4.4 999.0 99.0 99.00
2019 01 27 06 50 999 99.0 99.0  0.97 10.00  5.33 139 1025.5  -0.7   4.4 999.0 99.0 99.00
2019 01 27 07 50 999 99.0 99.0  1.00 10.00  5.18 139 1025.3  -0.6   4.4 999.0 99.0 99.00
2019 01 27 08 50 999 99.0 99.0  0.92 10.00  5.11 135 1024.9  -0.6   4.4 999.0 99.0 99.00
2019 01 27 09 50 999 99.0 99.0  0.97  9.09  5.35 160 1024.5  -0.2   4.4 999.0 99.0 99.00
2019 01 27 10 50 999 99.0 99.0  0.99  9.09  5.81 154 1024.5  -0.6   4.4 999.0 99.0 99.00
2019 01 27 11 50 999 99.0 99.0  0.93  9.09  5.90 159 1024.4  -0.1   4.4 999.0 99.0 99.00
2019 01 27 12 50 999 99.0 99.0  1.06  9.09  6.24 163 1023.7   1.2   4.4 999.0 99.0 99.00
2019 01 27 13 50 999 99.0 99.0  0.98  9.09  5.16 159 1023.0   2.6   4.5 999.0 99.0 99.00
2019 01 27 14 50 999 99.0 99.0  1.01  9.09  4.74 147 1022.2   2.4   4.6 999.0 99.0 99.00
2019 01 27 15 50 999 99.0 99.0  1.15 10.00  4.33 109 1021.2   3.5   4.6 999.0 99.0 99.00
2019 01 27 16 50 999 99.0 99.0  1.22  4.00  4.17 160 1019.3   4.4   4.7 999.0 99.0 99.00
2019 01 27 17 50 999 99.0 99.0  1.46  4.35  4.25 162 1017.5   4.0   4.6 999.0 99.0 99.00
2019 01 27 18 50 999 99.0 99.0  1.57  4.76  4.36 171 1016.2   4.7   4.6 999.0 99.0 99.00
2019 01 27 19 50 999 99.0 99.0  1.72  5.00  4.50 159 1016.2   5.4   4.6 999.0 99.0 99.00
2019 01 27 20 50 999 99.0 99.0  1.78  5.56  4.71 162 1014.6   5.2   4.6 999.0 99.0 99.00
2019 01 27 21 50 999 99.0 99.0  2.04  5.88  4.95 167 1014.1   4.6   4.6 999.0 99.0 99.00
2019 01 27 22 50 999 99.0 99.0  1.93  5.88  5.00 160 1014.0   4.9   4.6 999.0 99.0 99.00
2019 01 27 23 50 999 99.0 99.0  2.11  6.67  5.26 163 1014.6   4.9   4.6 999.0 99.0 99.00
2019 01 28 13 50 999 99.0 99.0  1.27  5.26  4.28 265 1017.0  -0.4   4.5 999.0 99.0 99.00
2019 01 28 14 50 999 99.0 99.0  1.23  4.76  4.26 309 1019.4  -1.3   4.5 999.0 99.0 99.00
2019 01 28 15 50 999 99.0 99.0  1.20  4.76  4.29 313 1019.6  -1.6   4.5 999.0 99.0 99.00
2019 01 28 16 50 999 99.0 99.0  1.28  4.76  4.50   7 1019.3  -2.2   4.5 999.0 99.0 99.00
2019 01 28 17 50 999 99.0 99.0  1.14  4.76  4.49 351 1018.9  -2.4   4.5 999.0 99.0 99.00
2019 01 28 18 50 999 99.0 99.0  1.12  4.76  4.59   8 1018.7  -2.4   4.4 999.0 99.0 99.00
2019 01 28 19 50 999 99.0 99.0  1.05  4.55  4.30  25 1018.3  -2.3   4.4 999.0 99.0 99.00
2019 01 28 20 50 999 99.0 99.0  1.12  4.55  4.40  19 1018.6  -3.6   4.4 999.0 99.0 99.00
2019 01 28 21 50 999 99.0 99.0  1.05 10.00  4.61 111 1018.9  -3.8   4.4 999.0 99.0 99.00
2019 01 28 22 50 999 99.0 99.0  1.04 10.00  4.47 134 1018.4  -3.5   4.4 999.0 99.0 99.00
2019 01 28 23 50 999 99.0 99.0  1.23 10.00  4.40 142 1018.8  -3.5   4.3 999.0 99.0 99.00
2019 01 29 00 50 999 99.0 99.0  1.33 10.00  4.60 138 1018.7  -3.8   4.3 999.0 99.0 99.00
2019 01 29 01 50 999 99.0 99.0  1.31 10.81  4.58 127 1018.8  -4.1   4.3 999.0 99.0 99.00
2019 01 29 02 50 999 99.0 99.0  1.45  4.76  4.63  38 1019.4  -5.1   4.3 999.0 99.0 99.00
2019 01 29 03 50 999 99.0 99.0  1.69  5.00  4.75  43 1018.9  -5.3   4.3 999.0 99.0 99.00
2019 01 29 04 50 999 99.0 99.0  1.84  5.56  4.94  61 1019.3  -5.4   4.2 999.0 99.0 99.00
2019 01 29 05 50 999 99.0 99.0  1.79  5.88  4.83  73 1019.4  -6.1   4.2 999.0 99.0 99.00
2019 01 29 06 50 999 99.0 99.0  1.70  6.25  4.94  84 1019.3  -6.0   4.2 999.0 99.0 99.00
2019 01 29 07 50 999 99.0 99.0  1.68  5.88  4.77  79 1019.3  -6.1   4.2 999.0 99.0 99.00
2019 01 29 08 50 999 99.0 99.0  1.70  5.88  4.90  80 1019.3  -6.0   4.2 999.0 99.0 99.00
2019 01 29 09 50 999 99.0 99.0  1.66  5.88  4.90  81 1018.6  -5.6   4.2 999.0 99.0 99.00
2019 01 29 10 50 999 99.0 99.0  1.61  6.25  4.82  78 1018.8  -5.5   4.2 999.0 99.0 99.00
2019 01 29 11 50 999 99.0 99.0  1.54  5.56  4.81  81 1019.6  -4.9   4.2 999.0 99.0 99.00
2019 01 29 12 50 999 99.0 99.0  1.50  6.25  5.10  85 1020.6  -4.6   4.2 999.0 99.0 99.00
2019 01 29 13 50 999 99.0 99.0  1.56  6.67  5.25  82 1021.1  -3.9   4.2 999.0 99.0 99.00
2019 01 29 14 50 999 99.0 99.0  1.43  6.67  5.19  95 1021.5  -3.5   4.2 999.0 99.0 99.00
2019 01 29 15 50 999 99.0 99.0  1.49  6.67  5.37  90 1020.4  -2.7   4.2 999.0 99.0 99.00
2019 01 29 16 50 999 99.0 99.0  1.39  6.67  5.21  97 1019.8  -3.5   4.2 999.0 99.0 99.00
2019 01 29 17 50 999 99.0 99.0  1.47  6.67  5.18  86 1019.5  -3.6   4.2 999.0 99.0 99.00
2019 01 29 18 50 999 99.0 99.0  1.38  6.67  5.01  78 1018.6  -3.1   4.2 999.0 99.0 99.00
2019 01 29 19 50 999 99.0 99.0  1.37  5.88  4.86  82 1018.3  -1.7   4.2 999.0 99.0 99.00
2019 01 29 20 50 999 99.0 99.0  1.26  7.69  5.06 120 1017.7  -0.9   4.2 999.0 99.0 99.00
2019 01 29 21 50 999 99.0 99.0  1.29 10.81  5.12 155 1017.4   0.0   4.2 999.0 99.0 99.00
2019 01 29 22 50 999 99.0 99.0  1.41 10.81  5.37 149 1016.7   0.4   4.2 999.0 99.0 99.00
2019 01 29 23 50 999 99.0 99.0  1.40 10.00  5.38 143 1015.9   1.1   4.3 999.0 99.0 99.00
2019 01 30 00 50 999 99.0 99.0 99.00 99.00 99.00 999 1015.8   1.5   4.3 999.0 99.0 99.00
2019 01 30 01 50 999 99.0 99.0  1.66  9.09  5.21 140 1014.7   1.5   4.4 999.0 99.0 99.00
2019 01 30 02 50 999 99.0 99.0  2.37  9.09  6.05 160 1014.5   1.8   4.4 999.0 99.0 99.00
2019 01 30 03 50 999 99.0 99.0  2.23 10.00  5.85 149 1013.3   1.5   4.5 999.0 99.0 99.00
2019 01 30 04 50 999 99.0 99.0  2.42 10.00  6.13 138 1012.6   2.2   4.5 999.0 99.0 99.00
2019 01 30 05 50 999 99.0 99.0  2.35 12.12  5.96 175 1011.1   2.5   4.5 999.0 99.0 99.00
2019 01 30 06 50 999 99.0 99.0  2.42  8.33  5.93 129 1009.5   2.8   4.5 999.0 99.0 99.00
2019 01 30 07 50 999 99.0 99.0  2.20 10.81  5.60 141 1008.1   2.9   4.5 999.0 99.0 99.00
2019 01 30 08 50 999 99.0 99.0  2.28 10.81  5.63 171 1006.9   3.5   4.5 999.0 99.0 99.00
2019 01 30 09 50 999 99.0 99.0  2.01  5.88  5.51 107 1005.6   3.8   4.5 999.0 99.0 99.00
2019 01 30 10 50 999 99.0 99.0  2.11 10.00  5.60 143 1004.7   3.7   4.5 999.0 99.0 99.00
2019 01 30 11 50 999 99.0 99.0  2.01 10.81  5.76 161 1004.4   3.7   4.6 999.0 99.0 99.00
2019 01 30 12 50 999 99.0 99.0  2.34 10.00  6.50 151 1003.9   4.3   4.6 999.0 99.0 99.00
2019 01 30 13 50 999 99.0 99.0  2.37 10.00  6.79 113 1003.4   4.4   4.6 999.0 99.0 99.00
2019 01 30 14 50 999 99.0 99.0  2.30  8.33  6.31  71 1003.9   1.4   4.5 999.0 99.0 99.00
2019 01 30 15 50 999 99.0 99.0  2.42  9.09  5.92 102 1004.4   1.0   4.4 999.0 99.0 99.00
2019 01 30 16 50 999 99.0 99.0  2.36  9.09  5.66 101 1004.1   1.9   4.3 999.0 99.0 99.00
2019 01 30 17 50 999 99.0 99.0  2.47 10.81  5.54 102 1003.8   1.3   4.4 999.0 99.0 99.00
2019 01 30 18 50 999 99.0 99.0  2.76  5.56  5.57 228 1004.1   1.4   4.4 999.0 99.0 99.00
2019 01 30 19 50 999 99.0 99.0  2.68  6.25  5.66 221 1004.9   0.8   4.4 999.0 99.0 99.00
2019 01 30 20 50 999 99.0 99.0  2.52  6.25  5.63 223 1006.2   0.2   4.3 999.0 99.0 99.00
2019 01 30 21 50 999 99.0 99.0  2.44  6.67  5.54 223 1007.2  -1.2   4.3 999.0 99.0 99.00
2019 01 30 22 50 999 99.0 99.0  2.12  6.25  5.33 219 1007.9  -1.0   4.3 999.0 99.0 99.00
2019 01 30 23 50 999 99.0 99.0  2.07  5.88  5.42 221 1007.8  -0.4   4.2 999.0 99.0 99.00
2019 01 31 00 50 999 99.0 99.0  2.11  6.67  5.37 221 1007.2   0.3   4.2 999.0 99.0 99.00
2019 01 31 01 50 999 99.0 99.0  1.97  6.25  5.17 228 1005.5   1.0   4.2 999.0 99.0 99.00
2019 01 31 02 50 999 99.0 99.0  2.67  6.67  5.53 201 1006.3  -2.8   4.3 999.0 99.0 99.00
2019 01 31 03 50 999 99.0 99.0  3.19  7.14  5.98 213 1007.8  -4.2   4.3 999.0 99.0 99.00
2019 01 31 04 50 999 99.0 99.0  2.89  7.14  5.67 209 1010.2  -6.0   4.2 999.0 99.0 99.00
2019 01 31 05 50 999 99.0 99.0  3.29  7.69  5.95 221 1011.8  -7.4   4.2 999.0 99.0 99.00
2019 01 31 06 50 999 99.0 99.0  3.10  7.69  5.92 197 1013.5  -8.2   4.2 999.0 99.0 99.00
2019 01 31 07 50 999 99.0 99.0  3.03  7.69  5.94 221 1014.4  -8.8   4.1 999.0 99.0 99.00
2019 01 31 08 50 999 99.0 99.0  2.89  7.69  5.88 216 1015.4  -9.5   4.0 999.0 99.0 99.00
2019 01 31 09 50 999 99.0 99.0  2.74  7.69  5.85 222 1016.8 -10.0   4.0 999.0 99.0 99.00
2019 01 31 10 50 999 99.0 99.0  2.57  7.14  5.71 212 1017.4 -10.0   3.9 999.0 99.0 99.00
2019 01 31 11 50 999 99.0 99.0  2.44  7.69  5.54 225 1018.5 -10.4   3.9 999.0 99.0 99.00
2019 01 31 12 50 999 99.0 99.0  2.51  7.69  5.49 232 1019.4  -9.7   3.9 999.0 99.0 99.00
2019 01 31 13 50 999 99.0 99.0  2.56  7.14  5.54 238 1020.4 -10.1   4.0 999.0 99.0 99.00
2019 01 31 14 50 999 99.0 99.0  2.33  7.14  5.47 231 1020.8  -9.6   4.1 999.0 99.0 99.00
2019 01 31 15 50 999 99.0 99.0  2.54  6.25  5.53 235 1021.4  -9.1   4.1 999.0 99.0 99.00
2019 01 31 16 50 999 99.0 99.0  2.63  6.67  5.48 229 1021.4  -8.4   4.1 999.0 99.0 99.00
2019 01 31 17 50 999 99.0 99.0  2.58  6.67  5.45 235 1020.8  -7.3   4.1 999.0 99.0 99.00
2019 01 31 18 50 999 99.0 99.0  2.48  7.14  5.37 232 1020.7  -7.5   4.1 999.0 99.0 99.00
2019 01 31 19 50 999 99.0 99.0  2.38  6.67  5.27 225 1020.7  -8.0   4.1 999.0 99.0 99.00
2019 01 31 20 50 999 99.0 99.0  2.10  6.25  5.03 237 1020.9  -7.8   4.1 999.0 99.0 99.00
2019 01 31 21 50 999 99.0 99.0  2.17  6.25  5.00 214 1021.0  -7.7   4.1 999.0 99.0 99.00
2019 01 31 22 50 999 99.0 99.0  1.80  6.67  4.74 219 1022.1  -7.5   4.0 999.0 99.0 99.00
