2019 01 01 00 50 207  7.4  8.4  0.84  4.55  3.99 200 1024.5   4.9   5.0 999.0 99.0 99.00
2019 01 01 01 50 212  8.0  9.8  0.85  4.76  4.15 199 1023.6   5.0   5.0 999.0 99.0 99.00
2019 01 01 02 50 197  9.5 10.8  0.95  5.26  4.08 201 1021.6   4.9   5.0 999.0 99.0 99.00
2019 01 01 03 50 191 10.4 13.7  1.14  5.26  4.12 202 1020.8   4.9   5.0 999.0 99.0 99.00
2019 01 01 04 50 182 11.8 13.8  1.44  5.56  4.49 204 1019.0   4.6   5.1 999.0 99.0 99.00
2019 01 01 05 50 173 12.7 15.1  1.81  5.56  4.72 200 1017.1   4.3   5.4 999.0 99.0 99.00
2019 01 01 06 50 170 14.3 17.4  2.02  6.25  4.90 206 1016.0   2.5   5.8 999.0 99.0 99.00
2019 01 01 07 50 167 13.7 15.9  2.43  6.67  5.19 201 1014.4   1.7   5.9 999.0 99.0 99.00
2019 01 01 08 50 160 15.2 17.9  2.90  7.14  5.41 205 1010.9   1.7   5.6 999.0 99.0 99.00
2019 01 01 09 50 152 17.1 20.7  2.90  7.14  5.39 203 1006.0   1.8   5.3 999.0 99.0 99.00
2019 01 01 10 50 143 17.9 22.6  3.77  7.69  6.07 187 1001.7   2.4   5.3 999.0 99.0 99.00
2019 01 01 11 50 138 18.3 22.0  4.02  8.33  6.35 170  997.6   3.0   5.2 999.0 99.0 99.00
2019 01 01 12 50 149 17.8 21.4  3.92  8.33  6.39 177  996.1   4.0   5.2 999.0 99.0 99.00
2019 01 01 13 50 152 15.7 19.6  3.98  8.33  6.58 177  993.6   4.7   5.1 999.0 99.0 99.00
2019 01 01 14 50 162 11.3 13.9  4.58  9.09  7.28 174  991.7   5.6   5.2 999.0 99.0 99.00
2019 01 01 15 50 233 11.9 14.4  4.20  9.09  7.21 174  990.7   7.7   5.2 999.0 99.0 99.00
2019 01 01 16 50 238 13.2 16.7  3.48  9.09  6.78 166  990.5   7.1   5.3 999.0 99.0 99.00
2019 01 01 17 50 265 14.1 17.2  3.43 10.00  6.64 182  991.2   8.0   5.4 999.0 99.0 99.00
2019 01 01 18 50 287 14.9 19.2  3.29 10.00  6.23 184  994.3   6.6   5.6 999.0 99.0 99.00
2019 01 01 19 50 303 15.5 20.5  2.87  9.09  5.76 164  997.1   6.0   5.8 999.0 99.0 99.00
2019 01 01 20 50 298 15.4 20.2  2.91  9.09  5.73 167  999.2   5.6   5.9 999.0 99.0 99.00
2019 01 01 21 50 307 13.1 16.2  2.63  8.33  5.47 165 1001.8   4.4   6.1 999.0 99.0 99.00
2019 01 01 22 50 312 14.9 18.6  2.45  5.26  5.40 289 1003.1   3.5   6.2 999.0 99.0 99.00
2019 01 01 23 50 324 12.4 15.9  2.41  5.26  5.27 302 1006.4   2.7   6.4 999.0 99.0 99.00
2019 01 02 00 50 313 11.1 13.2  2.17  5.56  5.37 321 1008.9   2.6   6.4 999.0 99.0 99.00
2019 01 02 01 50 316 14.2 17.0  1.90  9.09  5.20 164 1009.4   2.3   6.2 999.0 99.0 99.00
2019 01 02 02 50 315 13.5 16.2  2.05  5.26  5.27 308 1009.9   0.9   5.8 999.0 99.0 99.00
2019 01 02 03 50 325 13.4 15.5  2.00  5.00  5.17 303 1012.1  -0.6   5.7 999.0 99.0 99.00
2019 01 02 04 50 323 12.4 15.5  2.12  5.26  5.26 319 1014.0  -1.6   5.6 999.0 99.0 99.00
2019 01 02 05 50 323 13.9 17.2  2.02  5.00  5.10 310 1015.5  -2.9   5.6 999.0 99.0 99.00
2019 01 02 06 50 306 11.3 13.8  1.81  5.00  5.06 306 1016.7  -3.5   5.5 999.0 99.0 99.00
2019 01 02 07 50 313 10.7 13.2  1.76  9.09  4.99 189 1018.8  -4.5   5.5 999.0 99.0 99.00
2019 01 02 08 50 314 11.5 13.9  1.76  8.33  5.04 186 1019.0  -5.7   5.5 999.0 99.0 99.00
2019 01 02 09 50 323 10.5 13.2  1.62  4.76  4.74 320 1019.8  -6.2   5.4 999.0 99.0 99.00
2019 01 02 10 50 326 11.7 14.0  1.63 10.00  4.97 172 1020.8  -6.6   5.3 999.0 99.0 99.00
2019 01 02 11 50 317 11.5 13.6  1.71 10.00  5.12 189 1022.6  -7.4   5.1 999.0 99.0 99.00
2019 01 02 20 50 314  4.7  6.4  0.85  9.09  5.27 187 1025.7  -4.4   5.1 999.0 99.0 99.00
2019 01 02 21 50 313  4.7  6.9  0.66  9.09  4.96 194 1025.6  -4.3   4.9 999.0 99.0 99.00
2019 01 02 22 50 310  3.2  4.8  0.70  9.09  5.49 183 1025.6  -4.1   4.7 999.0 99.0 99.00
2019 01 02 23 50 341  4.3  6.0  0.76  8.33  5.76 185 1025.5  -4.3   4.5 999.0 99.0 99.00
2019 01 03 00 50 290  2.7  4.1  0.71  9.09  5.43 188 1025.8  -4.4   4.5 999.0 99.0 99.00
2019 01 03 01 50 292  1.7  3.6  0.58 10.00  5.10 171 1025.1  -4.6   4.3 999.0 99.0 99.00
2019 01 03 02 50 284  1.1  2.6  0.61 10.00  5.53 161 1025.2  -4.6   4.3 999.0 99.0 99.00
2019 01 03 03 50 294  0.3  1.5  0.54 10.00  5.37 167 1024.2  -4.4   4.2 999.0 99.0 99.00
2019 01 03 04 50  48  0.6  1.3  0.51 10.81  5.24 189 1023.7  -4.1   4.2 999.0 99.0 99.00
2019 01 03 05 50 186  2.6  4.8  0.51 10.00  5.68 187 1023.6  -3.5   4.2 999.0 99.0 99.00
2019 01 03 06 50 168  3.3  5.0  0.46 10.81  5.87 169 1022.5  -3.0   4.2 999.0 99.0 99.00
2019 01 03 07 50 201  4.0  5.1  0.46 10.00  6.43 183 1021.7  -2.0   4.2 999.0 99.0 99.00
2019 01 03 08 50 177  4.3  5.7  0.48 10.00  6.62 180 1020.2  -1.8   4.3 999.0 99.0 99.00
2019 01 03 09 50 171  6.9  8.7  0.47  8.33  4.98 198 1017.4  -1.1   4.3 999.0 99.0 99.00
2019 01 03 10 50 163  7.4  9.5  0.63  8.33  3.74 192 1016.2  -0.6   4.3 999.0 99.0 99.00
2019 01 03 11 50 166  7.4  9.3  0.74  9.09  3.64 186 1015.2  -0.1   4.3 999.0 99.0 99.00
2019 01 03 12 50 148  7.4  9.4  0.78  8.33  3.65 215 1014.8  -0.1   4.5 999.0 99.0 99.00
2019 01 03 13 50 146  8.8 10.7  0.82  9.09  3.72 197 1014.7  -1.0   4.4 999.0 99.0 99.00
2019 01 03 14 50 145  9.9 11.4  0.93  4.00  3.84 186 1013.8  -0.6   4.4 999.0 99.0 99.00
2019 01 03 15 50 142 10.6 13.1  1.11  4.35  3.88 167 1012.1   0.1   4.4 999.0 99.0 99.00
2019 01 03 17 50 136 11.1 12.7  1.83  5.88  4.65 155 1009.3   0.5   4.4 999.0 99.0 99.00
2019 01 03 18 50 135 10.8 13.0  1.96  5.88  5.01 160 1008.9   0.6   4.4 999.0 99.0 99.00
2019 01 03 19 50 134  9.5 11.1  2.01  6.25  5.11 152 1008.9   0.7   4.5 999.0 99.0 99.00
2019 01 03 20 50 136  7.9  9.5  1.68  6.25  4.90 159 1009.3   1.0   4.5 999.0 99.0 99.00
2019 01 03 21 50 146  7.0  8.5  1.78  5.88  4.94 173 1009.9   1.2   4.5 999.0 99.0 99.00
2019 01 03 22 50 150  8.1  9.3  1.74  6.25  5.03 170 1009.7   1.3   4.5 999.0 99.0 99.00
2019 01 03 23 50 149  8.1  9.8  1.73  6.25  5.08 164 1010.0   1.5   4.6 999.0 99.0 99.00
2019 01 04 00 50 150  7.9  9.9  1.59  5.88  4.93 174 1010.3   1.7   4.5 999.0 99.0 99.00
2019 01 04 01 50 160  7.5  9.1  1.50  6.67  4.90 184 1010.2   2.7   4.5 999.0 99.0 99.00
2019 01 04 02 50 167  8.6 10.1  1.69  7.14  5.08 195 1009.8   3.0   4.6 999.0 99.0 99.00
2019 01 04 03 50 243  4.6  5.5  1.50  5.88  4.79 165 1010.4   1.4   4.5 999.0 99.0 99.00
2019 01 04 04 50 315  6.1  7.8  1.22  7.14  4.91 177 1010.3   1.0   4.5 999.0 99.0 99.00
2019 01 04 05 50 323  6.4  7.6  1.13  6.67  4.48 158 1010.8   0.4   4.4 999.0 99.0 99.00
2019 01 04 06 50 320  5.3  6.4  1.07  6.25  4.50 147 1012.1   1.0   4.4 999.0 99.0 99.00
2019 01 04 07 50 290  4.6  5.7  0.95  6.67  4.44 163 1012.4   0.9   4.4 999.0 99.0 99.00
2019 01 04 08 50 292  3.4  5.0  0.90  5.88  4.58 149 1011.8   0.5   4.4 999.0 99.0 99.00
2019 01 04 09 50 272  5.3  6.3  0.79  5.88  4.70 151 1011.8   0.7   4.4 999.0 99.0 99.00
2019 01 04 10 50 251  3.5  4.4  0.71  5.88  4.64 166 1011.5   1.0   4.4 999.0 99.0 99.00
2019 01 04 11 50 240  5.3  6.4  0.70  5.56  4.62 184 1011.9   1.9   4.4 999.0 99.0 99.00
2019 01 04 12 50 207  4.8  5.9  0.66  5.88  4.49 163 1012.0   2.7   4.4 999.0 99.0 99.00
2019 01 04 13 50 202  6.5  7.6  0.71  5.88  4.61 171 1012.0   3.3   4.4 999.0 99.0 99.00
2019 01 04 15 50 220  8.1  9.5  0.81  5.56  3.91 147 1010.1   4.3   4.5 999.0 99.0 99.00
2019 01 04 16 50 219  9.6 11.9  0.95  3.70  4.15 227 1009.4   4.4   4.5 999.0 99.0 99.00
2019 01 04 17 50 219  9.9 11.4  1.08  4.55  4.25 224 1009.0   4.3   4.5 999.0 99.0 99.00
2019 01 04 18 50 213  9.5 11.2  1.15  4.76  4.47 222 1008.7   4.5   4.5 999.0 99.0 99.00
2019 01 04 19 50 218 11.2 13.4  1.51  5.26  4.75 223 1008.7   4.7   4.5 999.0 99.0 99.00
2019 01 04 20 50 213 10.3 13.3  1.74  5.56  4.90 223 1008.4   4.9   4.5 999.0 99.0 99.00
2019 01 04 21 50 209 10.9 12.5  1.82  5.56  4.83 221 1007.9   5.2   4.5 999.0 99.0 99.00
2019 01 04 22 50 217  8.2 10.9  1.86  6.25  5.07 226 1008.6   5.4   4.5 999.0 99.0 99.00
2019 01 04 23 50 216  7.6  9.1  1.72  6.25  4.85 219 1008.3   5.5   4.6 999.0 99.0 99.00
2019 01 05 00 50 224  7.3  8.6  1.85  6.67  5.21 215 1008.5   5.5   4.6 999.0 99.0 99.00
2019 01 05 01 50 220  6.3  7.3  1.60  7.14  5.19 209 1008.0   5.6   4.5 999.0 99.0 99.00
2019 01 05 02 50 216  6.1  7.2  1.59  7.14  5.44 204 1007.5   5.7   4.5 999.0 99.0 99.00
2019 01 05 03 50 213  6.7  7.6  1.64  7.69  5.63 200 1007.3   5.6   4.6 999.0 99.0 99.00
2019 01 05 04 50 224  5.1  6.3  1.62  7.69  5.70 209 1007.4   5.6   4.5 999.0 99.0 99.00
2019 01 05 05 50 216  3.3  4.1  1.48  7.69  5.97 210 1007.5   5.6   4.5 999.0 99.0 99.00
2019 01 05 06 50 215  2.5  3.2  1.59  7.69  6.10 210 1007.9   5.5   4.5 999.0 99.0 99.00
2019 01 05 07 50 186  3.1  3.7  1.52  7.69  6.06 202 1007.6   5.1   4.5 999.0 99.0 99.00
2019 01 05 08 50 197  1.4  2.4  1.66  7.69  6.21 206 1006.8   5.1   4.5 999.0 99.0 99.00
2019 01 05 09 50  32  0.7  1.9  1.68  7.14  6.20 203 1006.9   5.0   4.5 999.0 99.0 99.00
2019 01 05 10 50  74  0.7  1.3  1.55  7.69  6.10 191 1006.7   5.0   4.5 999.0 99.0 99.00
2019 01 05 11 50  92  2.2  3.0  1.52  7.14  5.75 202 1006.8   5.2   4.5 999.0 99.0 99.00
2019 01 05 12 50  88  2.1  3.5  1.50  7.69  5.92 192 1006.6   5.0   4.5 999.0 99.0 99.00
2019 01 05 13 50  91  3.6  4.5  1.34  7.69  5.72 203 1006.0   5.1   4.5 999.0 99.0 99.00
2019 01 05 14 50 101  3.6  4.1  1.41  7.69  6.25 200 1006.1   5.2   4.5 999.0 99.0 99.00
2019 01 05 15 50 112  3.6  4.3  1.33  7.69  5.97 199 1005.1   5.5   4.6 999.0 99.0 99.00
2019 01 05 16 50  75  3.1  3.9  1.15  7.14  5.71 202 1003.6   5.2   4.6 999.0 99.0 99.00
2019 01 05 17 50  91  5.8  6.5  1.15  7.69  5.65 201 1002.6   4.9   4.6 999.0 99.0 99.00
2019 01 05 18 50 106  5.6  6.3  1.03  7.14  5.27 207 1002.1   4.2   4.6 999.0 99.0 99.00
2019 01 05 19 50  97  5.0  5.9  0.96  7.14  5.28 204 1002.2   4.3   4.6 999.0 99.0 99.00
2019 01 05 20 50 103  5.3  6.0  0.99  7.14  5.09 198 1001.2   4.5   4.6 999.0 99.0 99.00
2019 01 05 21 50  65  6.0  6.9  0.93  6.25  5.02 211 1000.2   4.8   4.6 999.0 99.0 99.00
2019 01 05 22 50  55  7.3  9.0  0.88  6.67  4.69 183  999.7   5.1   4.6 999.0 99.0 99.00
2019 01 05 23 50  49  9.8 11.9  0.92  5.56  4.38 207  998.9   4.9   4.7 999.0 99.0 99.00
2019 01 06 00 50  49 10.6 12.9  1.25  4.35  4.32  65  997.8   4.4   4.9 999.0 99.0 99.00
2019 01 06 01 50  36 10.1 12.2  1.29  5.26  4.53  67  997.2   4.1   4.6 999.0 99.0 99.00
2019 01 06 02 50  36 10.4 12.1  1.47  5.00  4.77  54  996.1   3.7   4.8 999.0 99.0 99.00
2019 01 06 03 50  15  9.3 10.8  1.40  5.26  4.58  41  996.0   3.2   4.8 999.0 99.0 99.00
2019 01 06 04 50   8  9.5 11.0  1.30  5.26  4.45  37  995.9   2.3   4.8 999.0 99.0 99.00
2019 01 06 05 50 354  9.4 11.4  1.24  5.00  4.28  38  996.2   2.4   4.8 999.0 99.0 99.00
2019 01 06 06 50 339  9.8 11.6  1.13  4.35  3.92  26  997.0   2.6   4.8 999.0 99.0 99.00
2019 01 06 07 50 342 10.0 12.3  1.11  4.35  3.87  14  997.2   2.4   4.7 999.0 99.0 99.00
2019 01 06 08 50 329 11.1 12.8  1.11  4.00  3.94   1  997.5   2.5   4.8 999.0 99.0 99.00
2019 01 06 09 50 332 10.3 12.4  1.13  4.00  3.86 340  998.0   2.4   4.9 999.0 99.0 99.00
2019 01 06 10 50 320 10.2 12.2  1.06  3.85  3.88 326  998.9   2.2   4.9 999.0 99.0 99.00
2019 01 06 11 50 329  8.9 11.7  1.01  4.00  3.90 334 1000.2   2.3   4.9 999.0 99.0 99.00
2019 01 06 12 50 327  8.0  9.7  0.96  3.85  3.90 338 1001.2   2.5   4.8 999.0 99.0 99.00
2019 01 06 13 50 317  7.2  8.6  0.82  4.55  3.95   7 1001.9   2.7   4.8 999.0 99.0 99.00
2019 01 06 14 50 300  7.4  8.5  0.84  3.85  3.93 315 1002.5   2.8   4.8 999.0 99.0 99.00
2019 01 06 15 50 302  7.1  8.6  0.85  4.35  3.86 263 1002.1   3.0   4.9 999.0 99.0 99.00
2019 01 06 16 50 298  8.4 10.2  0.89  4.00  3.84 262 1001.8   3.4   4.9 999.0 99.0 99.00
2019 01 06 17 50 299  9.6 11.2  0.93  4.17  3.77 270 1002.2   3.0   4.9 999.0 99.0 99.00
2019 01 06 18 50 301  8.4 10.1  1.03  4.35  3.96 265 1003.0   2.9   4.9 999.0 99.0 99.00
2019 01 06 19 50 309  8.7 10.5  0.99  4.55  3.95 253 1003.8   2.9   4.8 999.0 99.0 99.00
2019 01 06 20 50 312  9.6 11.4  0.96  4.55  3.92 257 1004.6   3.0   4.8 999.0 99.0 99.00
2019 01 06 21 50 319 11.0 13.3  1.03 11.43  3.77 168 1005.5   2.1   5.0 999.0 99.0 99.00
2019 01 06 22 50 314 12.6 15.7  1.17  3.57  4.11 318 1006.4   1.9   5.1 999.0 99.0 99.00
2019 01 06 23 50 308 15.2 18.2  1.43  4.17  4.22 308 1007.3   0.9   5.2 999.0 99.0 99.00
2019 01 07 00 50 316 14.9 18.4  1.82  5.26  4.62 308 1008.5  -0.1   5.1 999.0 99.0 99.00
2019 01 07 01 50 304 13.2 15.6  2.04  5.26  4.89 301 1009.7  -0.9   5.2 999.0 99.0 99.00
2019 01 07 02 50 320 14.2 17.4  2.48  5.88  5.12 287 1010.4  -2.6   5.2 999.0 99.0 99.00
2019 01 07 03 50 316 13.7 16.9  2.27  5.88  5.12 299 1010.9  -3.4   4.9 999.0 99.0 99.00
2019 01 07 04 50 318 15.6 18.6  2.28  5.56  5.06 312 1010.8  -3.9   4.8 999.0 99.0 99.00
2019 01 07 05 50 313 15.6 18.9  2.39  5.88  5.03 297 1011.9  -4.2   4.9 999.0 99.0 99.00
2019 01 07 06 50 322 15.5 19.4  2.31  5.88  4.99 304 1013.0  -4.4   5.1 999.0 99.0 99.00
2019 01 07 07 50 317 16.6 19.8  2.34  5.88  4.96 321 1013.8  -4.6   5.3 999.0 99.0 99.00
2019 01 07 08 50 327 15.4 18.7  2.10  5.56  4.76 316 1015.3  -5.2   5.4 999.0 99.0 99.00
2019 01 07 09 50 327 16.0 21.2  2.28  5.88  4.84 325 1016.4  -5.5   5.5 999.0 99.0 99.00
2019 01 07 10 50 320 15.1 18.3  2.22  5.88  4.80 313 1017.3  -6.3   5.5 999.0 99.0 99.00
2019 01 07 11 50 328 15.0 17.5  1.97  5.26  4.63 336 1019.2  -7.3   5.4 999.0 99.0 99.00
2019 01 07 12 50 334 14.8 17.9  2.07  6.25  4.92 341 1020.9  -7.8   5.2 999.0 99.0 99.00
2019 01 07 13 50 333 13.8 16.6  2.26  6.25  5.16 338 1022.5  -7.9   5.2 999.0 99.0 99.00
2019 01 07 14 50 340 13.0 15.8  2.35  5.88  5.21 340 1022.5  -7.3   5.2 999.0 99.0 99.00
2019 01 07 15 50 329 13.3 16.3  1.92  5.88  5.08 344 1021.8  -6.4   5.0 999.0 99.0 99.00
2019 01 07 16 50 323 11.0 14.0  1.88  5.26  4.84 340 1022.5  -5.8   5.0 999.0 99.0 99.00
2019 01 07 17 50 319 12.4 15.3  1.64  5.26  4.53   4 1022.5  -5.1   5.0 999.0 99.0 99.00
2019 01 07 18 50 355 10.0 12.6  1.49  5.00  4.26 354 1024.2  -4.9   5.0 999.0 99.0 99.00
2019 01 07 19 50 349  9.4 12.3  1.42  4.76  4.16 347 1025.5  -4.5   5.0 999.0 99.0 99.00
2019 01 07 20 50 346  8.0 10.8  1.27  4.35  4.01 345 1026.4  -4.7   5.0 999.0 99.0 99.00
2019 01 07 21 50 360 10.1 12.7  1.28  4.17  3.97 360 1027.0  -4.9   5.1 999.0 99.0 99.00
2019 01 07 22 50 349 11.0 13.6  1.09  4.35  3.90   6 1027.2  -5.5   5.1 999.0 99.0 99.00
2019 01 07 23 50   3  9.8 11.9  1.15  4.35  4.03 354 1028.1  -5.5   4.9 999.0 99.0 99.00
2019 01 08 00 50   7  9.4 11.5  1.15  4.55  4.20   3 1027.6  -6.1   4.8 999.0 99.0 99.00
2019 01 08 01 50 359  6.9  9.2  1.02  4.55  4.29  17 1028.3  -6.1   4.7 999.0 99.0 99.00
2019 01 08 02 50 357  6.2  7.8  0.92  4.55  4.19  11 1028.6  -6.7   4.6 999.0 99.0 99.00
2019 01 08 03 50  29  6.1  8.4  0.80  4.55  4.01  36 1027.8  -6.7   4.6 999.0 99.0 99.00
2019 01 08 04 50  50  3.5  5.2  0.75  4.55  3.96  46 1027.7  -6.4   4.5 999.0 99.0 99.00
2019 01 08 05 50  67  3.2  4.8  0.66  4.35  3.85  45 1027.7  -5.6   4.5 999.0 99.0 99.00
2019 01 08 06 50  59  4.0  5.4  0.63  3.70  3.88  47 1027.7  -4.6   4.5 999.0 99.0 99.00
2019 01 08 07 50  99  4.8  6.4  0.58  5.00  3.63  94 1026.8  -3.8   4.5 999.0 99.0 99.00
2019 01 08 08 50 145  3.4  4.9  0.54  4.76  3.55  88 1026.6  -2.6   4.5 999.0 99.0 99.00
2019 01 08 09 50 155  5.4  7.0  0.48  4.76  3.62  80 1025.6  -1.7   4.5 999.0 99.0 99.00
2019 01 08 10 50 170  6.2  7.5  0.46  4.76  3.39  79 1025.2  -1.1   4.5 999.0 99.0 99.00
2019 01 08 11 50 176  8.1  9.8  0.52  3.23  3.35 141 1024.2  -0.4   4.5 999.0 99.0 99.00
2019 01 08 12 50 181  8.6 10.4  0.67  3.03  3.35 176 1024.4  -0.5   4.6 999.0 99.0 99.00
2019 01 08 13 50 176  8.9 10.4  0.81  3.85  3.52 167 1024.1  -0.5   4.6 999.0 99.0 99.00
2019 01 08 14 50 171 10.0 11.9  1.02  4.17  3.68 176 1022.9   0.5   4.7 999.0 99.0 99.00
2019 01 08 15 50 169 10.5 12.5  1.12  4.35  3.80 186 1020.9   1.3   4.8 999.0 99.0 99.00
2019 01 08 16 50 169 11.0 12.7  1.32  4.76  4.03 180 1019.5   1.7   4.9 999.0 99.0 99.00
2019 01 08 17 50 172 10.9 12.9  1.53  5.26  4.38 180 1018.5   2.4   4.9 999.0 99.0 99.00
2019 01 08 18 50 174 11.6 13.3  1.60  5.56  4.50 189 1017.6   2.8   4.9 999.0 99.0 99.00
2019 01 08 19 50 168 11.1 13.6  1.74  5.88  4.81 192 1016.9   3.5   4.9 999.0 99.0 99.00
2019 01 08 20 50 159 10.1 12.7  2.00  6.25  5.22 190 1016.1   3.5   4.9 999.0 99.0 99.00
2019 01 08 21 50 156 10.5 12.5  1.82  6.67  5.03 205 1015.4   3.5   4.8 999.0 99.0 99.00
2019 01 08 22 50 152 11.7 13.8  2.12  6.25  5.29 193 1015.0   3.7   4.8 999.0 99.0 99.00
2019 01 08 23 50 149 13.2 15.8  2.33  6.67  5.41 216 1013.3   3.5   4.8 999.0 99.0 99.00
2019 01 09 00 50 148 13.0 14.9  2.36  6.25  5.29 191 1012.4   3.9   4.8 999.0 99.0 99.00
2019 01 09 01 50 137 13.4 17.0  2.60  7.14  5.54 179 1010.6   3.9   4.8 999.0 99.0 99.00
2019 01 09 02 50 131 13.1 16.0  2.65  6.67  5.55 185 1008.9   4.1   4.8 999.0 99.0 99.00
2019 01 09 03 50 133 13.5 16.7  2.56  6.67  5.57 167 1007.4   4.5   4.9 999.0 99.0 99.00
2019 01 09 04 50 122 13.7 17.6  2.87  6.67  5.62 174 1005.4   4.5   4.9 999.0 99.0 99.00
2019 01 09 05 50 117 14.3 18.6  2.46  7.14  5.42 164 1003.3   4.2   5.0 999.0 99.0 99.00
2019 01 09 06 50 114 13.8 16.4  2.72  7.14  5.57 164 1001.8   4.3   5.1 999.0 99.0 99.00
2019 01 09 07 50 120 13.9 17.0  2.54  6.25  5.25 155  999.9   5.2   5.1 999.0 99.0 99.00
2019 01 09 08 50 119 12.3 15.4  3.00  7.69  5.93 159  997.9   5.4   5.1 999.0 99.0 99.00
2019 01 09 09 50 118 11.5 14.0  3.19  7.69  6.14 162  996.4   5.6   5.1 999.0 99.0 99.00
2019 01 09 10 50 127 10.5 13.5  2.77  7.69  5.95 170  994.7   5.8   5.1 999.0 99.0 99.00
2019 01 09 11 50 130  7.1  9.1  2.55  6.67  5.68 159  994.0   6.0   5.1 999.0 99.0 99.00
2019 01 09 12 50 116  5.8  7.2  2.35  8.33  5.87 185  992.9   5.9   5.1 999.0 99.0 99.00
2019 01 09 13 50 117  6.0  7.1  2.01  7.69  5.79 183  991.3   5.8   5.2 999.0 99.0 99.00
2019 01 09 14 50 116  7.8  9.3  2.14  7.69  6.08 173  988.9   5.7   5.2 999.0 99.0 99.00
2019 01 09 15 50 179  9.8 11.6  2.75  9.09  6.71 164  986.8   6.4   5.2 999.0 99.0 99.00
2019 01 09 16 50 184  6.9  8.1  2.95  9.09  6.95 151  985.4   6.1   5.2 999.0 99.0 99.00
2019 01 09 17 50 209  8.5 10.2  3.01  9.09  6.87 155  984.5   6.0   5.2 999.0 99.0 99.00
2019 01 09 18 50 195  8.4 10.9  3.03  9.09  7.00 157  984.3   5.8   5.2 999.0 99.0 99.00
2019 01 09 19 50 201 10.2 12.8  2.70 10.00  6.97 157  983.8   5.5   5.2 999.0 99.0 99.00
2019 01 09 20 50 205 12.1 14.4  2.91 10.00  6.78 152  983.2   4.6   5.2 999.0 99.0 99.00
2019 01 09 21 50 209  9.3 11.5  3.21 10.00  7.17 168  983.2   4.7   5.1 999.0 99.0 99.00
2019 01 09 22 50 210  8.3 10.0  2.94 10.81  7.11 162  982.6   3.8   5.1 999.0 99.0 99.00
2019 01 09 23 50 230  7.5  9.2  3.22 10.81  7.31 158  982.3   3.8   5.2 999.0 99.0 99.00
2019 01 10 00 50 258 13.6 16.0  3.09 10.00  6.92 170  982.3   2.7   5.1 999.0 99.0 99.00
2019 01 10 01 50 255 14.4 17.9  3.45 10.00  6.51 187  983.2   2.2   5.2 999.0 99.0 99.00
2019 01 10 02 50 260 13.7 16.1  3.48 10.81  6.36 172  984.0   2.2   5.1 999.0 99.0 99.00
2019 01 10 03 50 259 12.9 16.6  3.44 10.00  6.68 175  984.6   2.1   5.1 999.0 99.0 99.00
2019 01 10 04 50 262 13.9 16.6  3.70 10.00  6.90 188  984.9   1.7   5.2 999.0 99.0 99.00
2019 01 10 05 50 267 12.5 15.5  3.52 10.00  6.94 182  985.9   1.6   5.2 999.0 99.0 99.00
2019 01 10 06 50 266 12.5 15.6  3.51 10.00  7.18 175  987.0   1.2   5.2 999.0 99.0 99.00
2019 01 10 07 50 269 12.6 15.0  3.34 10.81  6.77 178  987.7   0.8   5.2 999.0 99.0 99.00
2019 01 10 08 50 266 12.0 14.8  3.14 10.81  6.84 169  988.4   1.1   5.3 999.0 99.0 99.00
2019 01 10 09 50 271 11.4 13.6  2.74 11.43  6.49 186  988.9   1.1   5.3 999.0 99.0 99.00
2019 01 10 10 50 266 10.0 12.2  3.19 10.81  7.31 175  989.7   1.0   5.4 999.0 99.0 99.00
2019 01 10 11 50 273  9.8 11.9  3.07 10.00  7.02 182  990.3   0.9   5.4 999.0 99.0 99.00
2019 01 10 12 50 276 10.3 12.0  2.93  9.09  6.78 187  991.1   0.7   5.4 999.0 99.0 99.00
2019 01 10 13 50 285 10.9 13.2  2.64  9.09  6.61 177  991.6   0.5   5.5 999.0 99.0 99.00
2019 01 10 14 50 283 10.2 12.2  2.56  9.09  6.55 179  991.9   0.2   5.5 999.0 99.0 99.00
2019 01 10 15 50 288  9.7 12.1  2.19  9.09  6.15 173  991.8  -0.2   5.3 999.0 99.0 99.00
2019 01 10 16 50 287  8.9 10.7  2.16 10.00  6.17 172  991.8  -0.4   5.3 999.0 99.0 99.00
2019 01 10 17 50 282  8.4 11.1  2.30 10.81  6.32 150  992.2  -0.6   5.4 999.0 99.0 99.00
2019 01 10 18 50 295  8.6 11.1  2.09 10.81  6.21 150  992.7  -0.2   5.3 999.0 99.0 99.00
2019 01 10 19 50 294  9.1 12.2  2.02 10.81  5.98 154  993.5  -0.4   5.4 999.0 99.0 99.00
2019 01 10 20 50 291  9.9 12.3  1.82 10.81  5.65 125  994.1  -0.1   5.4 999.0 99.0 99.00
2019 01 10 21 50 287 10.2 12.8  1.76 10.81  5.76 133  994.7   0.3   5.5 999.0 99.0 99.00
2019 01 10 22 50 288 10.7 13.1  1.76 10.81  5.61 133  995.5   0.3   5.5 999.0 99.0 99.00
2019 01 10 23 50 294 10.7 13.7  1.74  7.14  5.31 196  996.2   0.1   5.3 999.0 99.0 99.00
2019 01 11 00 50 299 10.0 12.3  1.50 10.81  4.90 158  997.0  -0.1   5.2 999.0 99.0 99.00
2019 01 11 01 50 281 12.1 15.3  1.37 10.81  4.91 122  997.0  -0.4   5.1 999.0 99.0 99.00
2019 01 11 02 50 287 13.2 16.2  1.49 10.00  4.74 179  997.5  -1.0   5.1 999.0 99.0 99.00
2019 01 11 03 50 281 13.3 16.3  1.70  4.76  4.73 260  998.0  -1.6   5.2 999.0 99.0 99.00
2019 01 11 04 50 289 13.8 16.4  1.72  5.26  4.79 257  998.5  -2.3   5.3 999.0 99.0 99.00
2019 01 11 05 50 292 12.9 15.8  1.80  5.26  4.80 268  999.6  -3.0   5.3 999.0 99.0 99.00
2019 01 11 06 50 301 12.2 14.9  1.83  6.25  4.82 235 1000.9  -3.6   5.5 999.0 99.0 99.00
2019 01 11 07 50 287 12.6 15.0  1.91 10.81  4.98 148 1001.7  -4.3   5.5 999.0 99.0 99.00
2019 01 11 08 50 291 11.9 15.2  1.99  5.56  4.97 270 1002.9  -4.7   5.5 999.0 99.0 99.00
2019 01 11 09 50 291 12.7 15.5  1.76  5.26  4.87 258 1003.9  -5.5   5.2 999.0 99.0 99.00
2019 01 11 10 50 289 11.4 13.9  1.88  5.26  4.92 274 1005.2  -6.1   5.1 999.0 99.0 99.00
2019 01 11 11 50 299 12.0 14.8  1.67  5.88  4.79 250 1006.0  -6.7   5.0 999.0 99.0 99.00
2019 01 11 12 50 290 10.7 13.6  1.55  5.26  4.87 249 1007.7  -6.7   5.1 999.0 99.0 99.00
2019 01 11 13 50 289 10.3 16.3  1.50  5.26  4.59 257 1009.1  -7.2   5.2 999.0 99.0 99.00
2019 01 11 14 50 301  9.8 12.8  1.45  5.00  4.66 255 1009.8  -7.6   5.1 999.0 99.0 99.00
2019 01 11 15 50 287  8.9 11.4  1.43  5.26  4.65 245 1009.6  -7.6   5.0 999.0 99.0 99.00
2019 01 11 16 50 284  9.0 11.3  1.38 10.00  4.64 151 1009.7  -7.3   5.1 999.0 99.0 99.00
2019 01 11 17 50 292 10.1 12.0  1.25 10.00  4.63 151 1009.9  -6.8   5.2 999.0 99.0 99.00
2019 01 11 18 50 291 10.6 13.4  1.33  6.67  4.66 227 1010.5  -6.6   5.3 999.0 99.0 99.00
2019 01 11 19 50 277 11.1 13.6  1.38  4.55  4.53 263 1011.6  -6.3   5.3 999.0 99.0 99.00
2019 01 11 20 50 281 10.6 13.5  1.51  5.26  4.62 238 1012.1  -5.9   5.4 999.0 99.0 99.00
2019 01 11 21 50 286 10.6 13.4  1.61  5.56  4.62 229 1013.2  -5.9   5.2 999.0 99.0 99.00
2019 01 11 22 50 292 12.5 15.7  1.95  6.25  4.89 221 1014.5  -6.4   5.4 999.0 99.0 99.00
2019 01 11 23 50 285 13.2 16.5  1.98  6.67  4.94 223 1015.2  -7.1   5.4 999.0 99.0 99.00
2019 01 12 00 50 302 12.2 15.7  1.95  6.25  4.73 234 1016.5  -8.1   5.6 999.0 99.0 99.00
2019 01 12 01 50 311  9.9 12.1  1.89  6.25  4.87 230 1018.1  -9.6   5.6 999.0 99.0 99.00
2019 01 12 02 50 304  9.5 12.7  1.87  6.25  4.90 236 1019.0 -10.6   5.6 999.0 99.0 99.00
2019 01 12 03 50 293  8.8 12.2  1.93  6.25  5.01 228 1019.8 -10.5   5.6 999.0 99.0 99.00
2019 01 12 04 50 283  9.8 13.5  1.84  6.25  5.18 230 1020.1 -10.4   5.5 999.0 99.0 99.00
2019 01 12 05 50 290  9.7 11.8  1.79  6.67  5.06 227 1020.4 -10.4   5.5 999.0 99.0 99.00
2019 01 12 06 50 272 10.3 13.3  1.81  6.67  4.94 224 1020.7 -10.5   5.5 999.0 99.0 99.00
2019 01 12 07 50 281 10.9 13.6  1.87  6.67  5.10 226 1021.0 -10.4   5.4 999.0 99.0 99.00
2019 01 12 08 50 283 10.4 13.7  1.77  6.67  5.02 231 1020.9 -10.4   5.4 999.0 99.0 99.00
2019 01 12 09 50 282 11.6 14.0  1.98  6.67  5.23 238 1021.4  -9.9   5.4 999.0 99.0 99.00
2019 01 12 10 50 291 12.8 15.9  1.82  6.67  5.12 240 1021.8  -9.7   5.5 999.0 99.0 99.00
2019 01 12 11 50 282 12.7 15.2  1.98  7.14  5.27 234 1022.6  -9.4   5.6 999.0 99.0 99.00
2019 01 12 12 50 281 13.7 17.8  2.07  7.69  5.30 230 1022.9  -9.8   5.6 999.0 99.0 99.00
2019 01 12 13 50 294 10.6 13.6  2.05  7.14  4.99 237 1024.2  -9.9   5.6 999.0 99.0 99.00
2019 01 12 14 50 282 10.3 13.7  1.87  6.67  4.94 246 1024.6  -9.9   5.6 999.0 99.0 99.00
2019 01 12 15 50 298  9.3 12.7  1.76  6.67  4.81 247 1024.5 -10.0   5.6 999.0 99.0 99.00
2019 01 12 16 50 299  9.2 12.4  1.58  6.67  4.72 249 1023.5  -9.3   5.6 999.0 99.0 99.00
2019 01 12 17 50 290  9.5 13.0  1.84  6.67  5.13 250 1023.1  -8.4   5.6 999.0 99.0 99.00
2019 01 12 18 50 297  8.9 10.7  1.86  6.25  5.05 259 1023.5  -7.4   5.6 999.0 99.0 99.00
2019 01 12 19 50 305  9.7 12.3  1.76  7.14  4.98 252 1023.8  -6.8   5.6 999.0 99.0 99.00
2019 01 12 20 50 302  8.3 10.9  1.64  6.67  4.79 254 1024.4  -6.4   5.6 999.0 99.0 99.00
2019 01 12 21 50 318  9.1 11.5  1.58  6.67  4.80 250 1025.4  -6.6   5.6 999.0 99.0 99.00
2019 01 12 22 50 315  9.7 12.0  1.51  6.25  4.52 267 1026.5  -7.0   5.6 999.0 99.0 99.00
2019 01 12 23 50 332  9.8 11.9  1.43  7.14  4.55 247 1027.4  -7.4   5.6 999.0 99.0 99.00
2019 01 13 00 50 336  9.8 11.7  1.48  4.00  4.53 321 1028.1  -7.9   5.6 999.0 99.0 99.00
2019 01 13 01 50 332  9.5 11.8  1.31  6.67  4.49 259 1028.4  -8.3   5.6 999.0 99.0 99.00
2019 01 13 02 50 330  7.4  9.9  1.36  6.67  4.67 238 1028.9  -8.7   5.5 999.0 99.0 99.00
2019 01 13 03 50 335  7.6 10.2  1.26  7.14  4.61 231 1028.9  -8.7   5.5 999.0 99.0 99.00
2019 01 13 04 50 338  7.1  9.4  1.16  6.67  4.45 241 1029.0  -9.0   5.2 999.0 99.0 99.00
2019 01 13 05 50 337  6.9  9.1  1.04  6.25  4.51 266 1029.0  -9.2   5.1 999.0 99.0 99.00
2019 01 13 06 50 346  6.6  8.8  0.91  5.88  4.20 261 1029.7  -9.3   5.3 999.0 99.0 99.00
2019 01 13 07 50 338  6.6  8.6  0.88  5.88  4.19 248 1029.7  -9.3   5.3 999.0 99.0 99.00
2019 01 13 08 50 344  7.2  9.9  0.81  6.25  3.83 254 1029.6  -9.2   5.1 999.0 99.0 99.00
2019 01 13 09 50 352  8.9 10.8  0.79  3.13  3.60 359 1029.1  -8.7   5.2 999.0 99.0 99.00
2019 01 13 10 50 355  9.3 11.2  0.92  3.33  3.43   3 1029.7  -8.6   5.1 999.0 99.0 99.00
2019 01 13 11 50 351  9.9 12.1  0.92  3.70  3.46   7 1030.1  -8.5   5.2 999.0 99.0 99.00
2019 01 13 12 50 357 10.4 12.6  0.96  3.85  3.55   4 1030.5  -8.6   5.4 999.0 99.0 99.00
2019 01 13 13 50 357  9.3 11.0  0.95  3.70  3.52   2 1030.8  -8.6   5.5 999.0 99.0 99.00
2019 01 13 14 50 357  8.2 10.1  0.91  4.00  3.58  14 1030.6  -8.4   5.5 999.0 99.0 99.00
2019 01 13 15 50 346  6.8  8.4  0.73  4.00  3.65  28 1029.9  -7.4   5.6 999.0 99.0 99.00
2019 01 13 16 50 336  5.0  6.5  0.68  3.70  3.78   4 1029.3  -6.5   5.3 999.0 99.0 99.00
2019 01 13 17 50 329  5.8  7.5  0.62  4.00  3.81  27 1028.8  -5.3   5.2 999.0 99.0 99.00
2019 01 13 18 50 315  5.3  7.3  0.56  4.35  3.90  52 1028.6  -4.8   5.1 999.0 99.0 99.00
2019 01 13 19 50 329  5.5  7.3  0.50  4.17  3.57  63 1028.7  -4.1   4.9 999.0 99.0 99.00
2019 01 13 20 50 330  4.0  5.7  0.43  5.00  3.52 103 1028.8  -4.0   4.9 999.0 99.0 99.00
2019 01 13 21 50 326  4.6  6.3  0.42  2.74  3.36 356 1028.9  -4.1   4.8 999.0 99.0 99.00
2019 01 13 22 50 341  5.4  8.6  0.40  8.33  3.29 147 1029.1  -3.8   4.7 999.0 99.0 99.00
2019 01 13 23 50 330  5.4  7.1  0.38  2.47  3.21 345 1029.4  -4.1   4.7 999.0 99.0 99.00
2019 01 14 00 50 353  6.0  7.7  0.40  2.60  3.08 344 1029.5  -4.3   4.7 999.0 99.0 99.00
2019 01 14 01 50 357  6.2  8.1  0.44  2.74  2.99 338 1029.3  -4.8   4.6 999.0 99.0 99.00
2019 01 14 02 50 360  6.4  8.2  0.51  3.03  3.06 354 1029.5  -4.9   4.7 999.0 99.0 99.00
2019 01 14 03 50   5  6.4  7.6  0.48  3.13  3.21   5 1029.5  -5.4   4.7 999.0 99.0 99.00
2019 01 14 04 50  17  5.9  7.9  0.48  3.33  3.26 356 1028.9  -5.7   4.7 999.0 99.0 99.00
2019 01 14 05 50  28  6.9  9.2  0.52  3.57  3.30   7 1027.9  -5.5   4.6 999.0 99.0 99.00
2019 01 14 06 50  45  5.5  6.8  0.55  3.70  3.54  16 1028.3  -5.7   4.6 999.0 99.0 99.00
2019 01 14 07 50  32  5.4  7.1  0.56  4.00  3.64  41 1027.9  -5.8   4.5 999.0 99.0 99.00
2019 01 14 08 50  24  4.6  6.2  0.59  3.57  3.59  12 1027.3  -6.3   4.5 999.0 99.0 99.00
2019 01 14 09 50  21  4.7  6.7  0.59  3.33  3.48  22 1026.4  -6.6   4.5 999.0 99.0 99.00
2019 01 14 10 50  13  5.1  6.5  0.65  3.85  3.45  35 1026.0  -6.4   4.5 999.0 99.0 99.00
2019 01 14 11 50  17  4.7  6.1  0.53  3.57  3.34  31 1026.3  -6.6   4.5 999.0 99.0 99.00
2019 01 14 12 50  17  4.2  6.0  0.52  3.23  3.24  32 1026.6  -7.0   4.6 999.0 99.0 99.00
2019 01 14 13 50   7  5.7  7.8  0.48  3.03  3.17  30 1026.4  -6.9   4.7 999.0 99.0 99.00
2019 01 14 14 50  22  3.8  5.0  0.49  3.23  3.13  22 1026.5  -6.9   4.8 999.0 99.0 99.00
2019 01 14 15 50   9  2.9  4.7  0.42  3.03  3.26  22 1025.6  -6.4   4.7 999.0 99.0 99.00
2019 01 14 16 50  22  3.8  5.5  0.32  2.94  3.38  10 1023.7  -6.1   4.5 999.0 99.0 99.00
2019 01 14 17 50  14  3.2  4.6  0.28  3.33  3.71  48 1022.6  -5.6   3.9 999.0 99.0 99.00
2019 01 14 18 50 354  3.4  4.6  0.27  9.09  3.78 173 1021.9  -5.1   4.1 999.0 99.0 99.00
2019 01 14 19 50 353  4.8  6.3  0.27  9.09  3.79 226 1020.7  -4.5   3.8 999.0 99.0 99.00
2019 01 14 20 50   2  5.0  6.8  0.25 99.00  3.80 999 1019.8  -4.4   3.4 999.0 99.0 99.00
2019 01 14 21 50   3  5.4  6.9  0.27  7.69  3.25 161 1019.4  -4.3   3.4 999.0 99.0 99.00
2019 01 14 22 50   4  6.4  7.9  0.33  2.47  2.90  37 1019.1  -3.8   3.4 999.0 99.0 99.00
2019 01 14 23 50   9  7.3  9.3  0.41  2.74  2.84  15 1018.5  -3.6   3.2 999.0 99.0 99.00
2019 01 15 00 50  16  7.5  9.3  0.51  2.94  2.96  15 1017.9  -4.5   3.2 999.0 99.0 99.00
2019 01 15 01 50  13  7.3  9.7  0.61  3.23  3.06   8 1017.2  -4.6   3.1 999.0 99.0 99.00
2019 01 15 02 50   8  8.7 10.6  0.72  3.23  3.15  12 1016.5  -4.5   4.6 999.0 99.0 99.00
2019 01 15 03 50  11  9.3 11.5  0.78  3.57  3.27   9 1015.6  -4.1   4.6 999.0 99.0 99.00
2019 01 15 04 50 359  9.2 10.8  0.84  3.70  3.44  11 1014.8  -4.1   4.8 999.0 99.0 99.00
2019 01 15 05 50   8  9.7 12.6  0.94  4.17  3.69  19 1014.2  -3.4   5.1 999.0 99.0 99.00
2019 01 15 06 50 358 10.1 12.3  0.94  4.17  3.86   8 1013.9  -3.5   3.9 999.0 99.0 99.00
2019 01 15 07 50 356 10.0 12.3  0.98  4.35  4.00  17 1013.7  -3.6   4.0 999.0 99.0 99.00
2019 01 15 08 50   1  9.6 11.2  1.08  4.76  4.10  42 1013.6  -4.1   3.8 999.0 99.0 99.00
2019 01 15 09 50 358  9.5 11.3  1.12  4.35  4.19  41 1013.7  -4.6   3.8 999.0 99.0 99.00
2019 01 15 10 50 356 10.3 13.0  1.16  4.35  4.08  41 1013.7  -4.7   3.8 999.0 99.0 99.00
2019 01 15 11 50 355 10.5 12.1  1.30 12.12  4.38  89 1013.8  -4.7   3.9 999.0 99.0 99.00
2019 01 15 12 50 353  9.7 11.5  1.43 12.12  4.56 130 1014.3  -4.7   4.0 999.0 99.0 99.00
2019 01 15 13 50 356  9.8 12.0  1.62 11.43  4.77 136 1015.1  -4.6   4.2 999.0 99.0 99.00
2019 01 15 14 50   1  9.6 11.0  1.62 11.43  4.81 159 1015.6  -4.0   5.1 999.0 99.0 99.00
2019 01 15 15 50 336  8.5 10.6  1.55 10.81  4.90 142 1015.7  -3.7   5.3 999.0 99.0 99.00
2019 01 15 16 50 335  8.2  9.7  1.38 10.81  5.13 102 1014.8  -3.5   5.4 999.0 99.0 99.00
2019 01 15 17 50 337  7.0  9.3  1.13 12.12  5.13 138 1014.7  -2.9   5.3 999.0 99.0 99.00
2019 01 15 18 50 334  7.3  9.2  1.25 11.43  6.67 169 1014.9  -2.2   4.5 999.0 99.0 99.00
2019 01 15 19 50 313  5.5  7.2  1.26 11.43  6.83 174 1015.5  -2.0   4.3 999.0 99.0 99.00
2019 01 15 20 50 320  5.9  7.8  1.05 10.81  6.14 176 1015.9  -1.6   4.2 999.0 99.0 99.00
2019 01 15 21 50 328  6.8  8.3  0.98 11.43  5.74 165 1016.3  -1.6   3.6 999.0 99.0 99.00
2019 01 15 22 50 331  7.6  9.3  0.99 11.43  4.88 153 1017.1  -2.2   3.6 999.0 99.0 99.00
2019 01 15 23 50 355  6.7  8.5  1.04 12.12  4.72 152 1017.2  -2.2   3.4 999.0 99.0 99.00
2019 01 16 00 50   2  5.5  7.3  0.98 12.12  5.22 164 1017.9  -2.0   3.3 999.0 99.0 99.00
2019 01 16 01 50 333  4.8  6.8  0.85 11.43  5.61 216 1018.5  -1.8   3.7 999.0 99.0 99.00
2019 01 16 02 50 352  4.3  6.6  0.75 10.81  6.02 172 1018.7  -1.9   3.7 999.0 99.0 99.00
2019 01 16 03 50 336  2.6  4.1  0.75 10.81  6.01 174 1018.6  -1.8   4.7 999.0 99.0 99.00
2019 01 16 04 50 304  1.6  3.2  0.79 11.43  6.72 181 1018.1  -1.8   4.8 999.0 99.0 99.00
2019 01 16 05 50 248  1.3  2.2  0.77 10.81  7.72 141 1017.6  -1.7   4.4 999.0 99.0 99.00
2019 01 16 06 50 220  2.1  3.6  0.73 11.43  7.84 175 1017.5  -1.5   3.3 999.0 99.0 99.00
2019 01 16 07 50 190  2.8  4.0  0.75 10.81  8.25 182 1016.7  -1.2   3.2 999.0 99.0 99.00
2019 01 16 08 50 188  4.2  5.6  0.67 10.00  7.97 175 1016.3  -0.9   3.1 999.0 99.0 99.00
2019 01 16 09 50 206  5.3  7.0  0.80 10.81  7.56 157 1016.0  -0.2   3.1 999.0 99.0 99.00
2019 01 16 10 50 191  6.6  8.7  0.78 10.81  5.52 159 1015.6   0.1   3.2 999.0 99.0 99.00
2019 01 16 11 50 187  7.9  9.5  0.79 10.00  4.68 155 1015.4   0.6   3.3 999.0 99.0 99.00
2019 01 16 14 50 175 11.0 13.2  1.26  5.00  4.56 189 1013.6   2.2   3.6 999.0 99.0 99.00
2019 01 16 15 50 183 12.8 15.4  1.78  5.56  4.88 171 1012.1   2.5   3.8 999.0 99.0 99.00
2019 01 16 16 50 195 11.5 14.3  2.12  6.25  5.06 181 1011.0   2.9   4.4 999.0 99.0 99.00
2019 01 16 17 50 208 12.0 14.6  2.50  6.25  5.28 187 1010.1   2.9   4.4 999.0 99.0 99.00
2019 01 16 18 50 212 11.6 13.8  2.47  5.56  5.16 212 1009.2   2.7   4.1 999.0 99.0 99.00
2019 01 16 19 50 208 12.0 13.7  2.34  6.67  5.27 229 1008.6   2.9   4.1 999.0 99.0 99.00
2019 01 16 20 50 230 12.6 15.1  2.37  6.67  5.24 234 1008.2   2.7   3.9 999.0 99.0 99.00
2019 01 16 21 50 251 11.5 13.8  2.37  7.14  5.37 239 1008.5   2.3   3.9 999.0 99.0 99.00
2019 01 16 22 50 258  8.7 11.9  2.34  7.69  5.53 224 1009.5   2.7   3.9 999.0 99.0 99.00
2019 01 16 23 50 246  9.3 10.7  2.20  7.69  5.64 221 1010.1   2.7   4.0 999.0 99.0 99.00
2019 01 17 00 50 237 10.0 11.5  1.98  8.33  5.60 219 1010.5   3.2   4.2 999.0 99.0 99.00
2019 01 17 01 50 244 11.3 13.8  2.03  8.33  5.68 226 1010.5   3.6   4.6 999.0 99.0 99.00
2019 01 17 02 50 277 11.9 15.1  2.17  8.33  5.65 214 1011.3   2.6   5.0 999.0 99.0 99.00
2019 01 17 03 50 277 13.1 17.3  2.07  7.69  5.53 217 1012.5   2.0   4.9 999.0 99.0 99.00
2019 01 17 04 50 306 14.2 17.2  2.28  6.25  5.37 225 1013.2  -0.1   4.9 999.0 99.0 99.00
2019 01 17 05 50 302 15.5 18.4  2.28  7.69  5.12 216 1014.1  -2.4   4.8 999.0 99.0 99.00
2019 01 17 06 50 307 14.7 18.6  2.38  5.56  5.22 272 1016.3  -4.8   4.8 999.0 99.0 99.00
2019 01 17 07 50 309 15.9 19.6  2.56  5.56  5.30 278 1017.5  -6.8   4.8 999.0 99.0 99.00
2019 01 17 08 50 300 13.4 16.7  2.18  5.26  4.94 284 1019.7  -7.8   4.7 999.0 99.0 99.00
2019 01 17 09 50 310 12.2 15.1  2.27  5.26  5.09 292 1021.0  -8.6   4.7 999.0 99.0 99.00
2019 01 17 10 50 305 12.0 14.9  2.12  5.26  5.01 302 1022.1  -9.4   4.7 999.0 99.0 99.00
2019 01 17 11 50 321 12.0 14.5  1.94  4.76  4.87 310 1023.0 -10.4   4.7 999.0 99.0 99.00
2019 01 17 12 50 311 11.9 14.2  1.72  4.76  4.73 321 1024.4 -10.7   4.6 999.0 99.0 99.00
2019 01 17 13 50 303 10.2 12.3  1.60  5.00  4.70 294 1025.8 -10.5   4.7 999.0 99.0 99.00
2019 01 17 14 50 327  9.3 11.7  1.59  5.26  4.55 274 1026.6 -10.4   4.8 999.0 99.0 99.00
2019 01 17 15 50 313  7.9 11.0  1.27  7.14  4.37 230 1026.8 -10.4   4.9 999.0 99.0 99.00
2019 01 17 16 50 341  7.3  9.0  1.20  4.17  4.20 334 1026.1  -9.8   5.0 999.0 99.0 99.00
2019 01 17 17 50 327  5.1  7.3  1.10  6.25  4.38 244 1026.6  -9.3   4.9 999.0 99.0 99.00
2019 01 17 18 50 315  5.0  7.1  0.87  3.85  4.15 306 1027.3  -8.6   4.9 999.0 99.0 99.00
2019 01 17 19 50 323  2.5  4.9  0.79  5.56  4.32 239 1027.6  -8.1   4.8 999.0 99.0 99.00
2019 01 17 20 50 333  1.8  3.6  0.70  6.25  4.35 183 1027.6  -7.8   4.8 999.0 99.0 99.00
2019 01 17 21 50 341  3.6  5.8  0.58  7.69  4.33 181 1027.6  -7.8   4.8 999.0 99.0 99.00
2019 01 17 22 50 326  3.2  4.9  0.54  7.69  4.17 180 1027.9  -7.6   4.7 999.0 99.0 99.00
2019 01 17 23 50 341  1.4  2.8  0.48  7.69  4.19 192 1028.8  -7.4   4.7 999.0 99.0 99.00
2019 01 18 00 50  12  1.8  3.5  0.48  7.69  4.69 178 1028.8  -7.1   4.6 999.0 99.0 99.00
2019 01 18 01 50 253  1.9  3.1  0.42  8.33  4.67 169 1029.0  -6.6   4.7 999.0 99.0 99.00
2019 01 18 02 50  17  0.8  1.9  0.43  8.33  4.79 182 1029.1  -6.7   4.8 999.0 99.0 99.00
2019 01 18 03 50  22  0.8  1.6  0.41  8.33  4.70 169 1029.2  -6.3   4.8 999.0 99.0 99.00
2019 01 18 04 50  31  2.6  3.4  0.39  8.33  4.55 183 1028.8  -6.3   4.9 999.0 99.0 99.00
2019 01 18 05 50  27  0.8  2.4  0.36  8.33  4.55 203 1028.2  -6.2   4.7 999.0 99.0 99.00
2019 01 18 06 50 168  2.5  5.0  0.33  7.69  4.66 190 1028.1  -5.2   4.5 999.0 99.0 99.00
2019 01 18 07 50 150  3.6  5.9  0.30  7.69  4.92 186 1027.2  -4.8   4.6 999.0 99.0 99.00
2019 01 18 08 50 156  5.6  7.4  0.33  6.67  5.06 177 1025.9  -4.2   4.7 999.0 99.0 99.00
2019 01 18 09 50 150  6.0  8.7  0.43  7.14  3.75 172 1024.4  -3.6   4.9 999.0 99.0 99.00
2019 01 18 10 50 147  5.8  8.0  0.50  7.14  3.45 171 1024.0  -3.2   4.9 999.0 99.0 99.00
2019 01 18 11 50 168  6.3  8.3  0.57  6.67  3.45 172 1024.0  -2.7   4.9 999.0 99.0 99.00
2019 01 18 12 50 177  6.7  8.4  0.62  3.45  3.54 164 1024.0  -2.0   4.9 999.0 99.0 99.00
2019 01 18 13 50 168  7.5  9.0  0.74  3.70  3.67 161 1023.7  -1.5   4.8 999.0 99.0 99.00
2019 01 18 14 50 163  7.4 10.2  0.86  4.00  3.82 152 1023.4  -1.1   5.0 999.0 99.0 99.00
2019 01 18 15 50 164  9.4 11.3  0.98  4.17  3.95 158 1022.2  -0.7   4.7 999.0 99.0 99.00
2019 01 18 16 50 153  9.5 11.8  1.10  4.55  4.02 175 1021.0  -0.8   4.7 999.0 99.0 99.00
2019 01 18 17 50 152  9.5 11.9  1.30  4.76  4.21 153 1019.6  -0.4   4.9 999.0 99.0 99.00
2019 01 18 18 50 155  9.5 11.5  1.20  4.76  4.01 154 1018.6   0.1   5.0 999.0 99.0 99.00
2019 01 18 19 50 155  9.0 11.3  1.10  5.26  4.01 148 1018.0   0.6   4.9 999.0 99.0 99.00
2019 01 18 20 50 158  8.1 10.4  1.18  5.00  4.08 158 1017.1   1.0   4.8 999.0 99.0 99.00
2019 01 18 21 50 153  8.8 10.3  1.10  5.00  4.06 155 1016.1   1.4   4.8 999.0 99.0 99.00
2019 01 18 22 50 168  7.1  9.2  0.99  4.76  4.06 153 1016.2   1.7   4.8 999.0 99.0 99.00
2019 01 18 23 50 195  7.4  8.7  0.91  5.00  3.91 156 1015.8   2.0   4.9 999.0 99.0 99.00
2019 01 19 00 50 198  7.8 10.0  0.95  5.56  4.15 152 1015.2   2.5   4.7 999.0 99.0 99.00
2019 01 19 01 50 195  8.3  9.6  0.99  5.26  4.18 150 1014.9   2.5   4.7 999.0 99.0 99.00
2019 01 19 02 50 205  8.1  9.9  1.00  5.88  4.20 136 1015.4   3.0   4.9 999.0 99.0 99.00
2019 01 19 03 50 231  8.0  9.3  0.93  5.56  4.23 151 1015.7   2.0   4.9 999.0 99.0 99.00
2019 01 19 04 50 285 10.0 11.3  0.90  4.55  4.02 190 1016.0   3.0   5.0 999.0 99.0 99.00
2019 01 19 05 50 306 12.0 14.2  1.15  4.17  3.95 274 1016.3   1.4   5.0 999.0 99.0 99.00
2019 01 19 06 50 325 10.5 12.4  1.26  4.55  4.00 273 1017.9   0.3   4.9 999.0 99.0 99.00
2019 01 19 07 50 311 12.0 15.2  1.42  4.35  4.08 310 1018.8  -1.2   4.8 999.0 99.0 99.00
2019 01 19 08 50 319 10.0 13.0  1.38  4.76  4.10 306 1020.4  -2.3   4.9 999.0 99.0 99.00
2019 01 19 09 50 307 11.5 13.9  1.33  5.00  4.13 290 1021.0  -3.4   4.9 999.0 99.0 99.00
2019 01 19 10 50 312  9.6 12.0  1.36  5.00  4.16 293 1021.8  -4.4   5.0 999.0 99.0 99.00
2019 01 19 11 50 322 11.7 14.3  1.24  4.76  4.19 299 1022.1  -5.9   4.9 999.0 99.0 99.00
2019 01 19 12 50 339 10.1 12.6  1.32  4.76  4.17 313 1023.4  -6.9   4.9 999.0 99.0 99.00
2019 01 19 13 50 356  8.6 11.1  1.33  4.76  4.29 324 1024.9  -8.1   4.9 999.0 99.0 99.00
2019 01 19 14 50 347  6.7  8.9  1.17  4.76  4.14 338 1026.7  -8.5   4.9 999.0 99.0 99.00
2019 01 19 15 50  13  6.0  8.5  1.00  4.17  3.90   2 1027.1  -9.0   4.7 999.0 99.0 99.00
2019 01 19 16 50  14  5.8  8.4  0.74  3.70  3.63 357 1026.7  -8.7   4.8 999.0 99.0 99.00
2019 01 19 17 50  19  5.7  7.9  0.64  3.13  3.38 358 1026.9  -8.8   4.8 999.0 99.0 99.00
2019 01 19 18 50   9  6.2  8.1  0.58  3.03  3.38   6 1027.4  -9.0   4.8 999.0 99.0 99.00
2019 01 19 19 50  22  6.0  7.8  0.52  3.33  3.53  34 1026.6  -8.8   4.9 999.0 99.0 99.00
2019 01 19 20 50  33  5.2  7.1  0.51  5.00  3.70  88 1027.3  -8.7   4.9 999.0 99.0 99.00
2019 01 19 21 50  21  4.9  7.5  0.55 10.00  3.91 148 1028.6  -8.3   4.7 999.0 99.0 99.00
2019 01 19 22 50   3  6.0  8.6  0.56  3.70  3.98  50 1029.1  -8.6   4.6 999.0 99.0 99.00
2019 01 19 23 50  24  7.4 10.6  0.61  4.17  3.90  60 1028.2  -9.3   4.6 999.0 99.0 99.00
2019 01 20 00 50  41  8.5 10.8  0.76  4.17  3.87  50 1027.8  -9.1   4.5 999.0 99.0 99.00
2019 01 20 01 50  35  8.2 10.5  0.92  4.17  3.96  40 1027.5  -8.7   4.4 999.0 99.0 99.00
2019 01 20 02 50  57  8.2 10.7  1.02  4.35  3.83  51 1026.7  -7.8   4.4 999.0 99.0 99.00
2019 01 20 03 50  49  8.9 11.4  0.95  4.00  3.67  53 1026.6  -7.3   4.5 999.0 99.0 99.00
2019 01 20 04 50  51 10.1 12.6  0.97  4.17  3.58  54 1025.2  -6.3   4.7 999.0 99.0 99.00
2019 01 20 05 50  70 10.1 13.0  1.09  4.17  3.66  68 1024.3  -4.7   4.8 999.0 99.0 99.00
2019 01 20 06 50  92  9.8 12.3  1.22  4.35  3.76  85 1023.9  -4.7   4.9 999.0 99.0 99.00
2019 01 20 07 50  86 10.4 12.5  1.26  4.76  3.89  85 1022.2  -4.7   4.9 999.0 99.0 99.00
2019 01 20 08 50  95 11.0 13.2  1.38  4.76  4.02  90 1021.1  -4.1   4.8 999.0 99.0 99.00
2019 01 20 09 50 102 12.9 15.9  1.49  5.26  4.30  89 1018.9  -3.2   4.7 999.0 99.0 99.00
2019 01 20 10 50  98 13.9 16.5  1.63  5.26  4.52 105 1016.4  -2.7   5.0 999.0 99.0 99.00
2019 01 20 11 50  98 14.1 17.4  2.29  5.88  5.10  99 1014.3  -2.3   5.0 999.0 99.0 99.00
2019 01 20 12 50  93 15.8 19.2  2.63  6.67  5.49 106 1010.4  -1.3   4.8 999.0 99.0 99.00
2019 01 20 13 50  93 15.8 20.3  2.99  7.14  5.76 112 1006.7  -1.7   4.8 999.0 99.0 99.00
2019 01 20 14 50  88 13.9 16.5  3.29  6.67  5.97 101 1005.3  -0.4   4.8 999.0 99.0 99.00
2019 01 20 15 50  77 11.8 14.0  3.31  7.69  5.98 119 1002.4   1.3   4.7 999.0 99.0 99.00
2019 01 20 16 50  81 11.4 13.9  4.13  8.33  6.45 128  997.8   3.8   4.8 999.0 99.0 99.00
2019 01 20 17 50  20  5.2  9.9  4.50  9.09  6.77 129  996.6   5.7   4.9 999.0 99.0 99.00
2019 01 20 18 50 158 13.3 17.3  3.67  9.09  6.39 140  992.0   8.0   4.9 999.0 99.0 99.00
2019 01 20 19 50 169 11.5 15.1  3.23  8.33  6.18 138  991.6   8.1   4.9 999.0 99.0 99.00
2019 01 20 20 50 182  9.7 12.6  2.72  6.67  5.73 132  991.2   8.2   4.9 999.0 99.0 99.00
2019 01 20 21 50 180 10.7 13.1  2.38  7.69  5.59 140  990.1   8.1   5.0 999.0 99.0 99.00
2019 01 20 22 50 169  7.8  9.5  2.41  7.69  5.73 147  988.6   7.2   5.0 999.0 99.0 99.00
2019 01 20 23 50 157  9.8 11.5  3.04  8.33  6.47 172  985.7   8.1   5.0 999.0 99.0 99.00
2019 01 21 00 50 174 12.1 14.7  3.05  8.33  6.66 161  984.1   8.2   5.1 999.0 99.0 99.00
2019 01 21 01 50 185 11.2 13.5  3.46  9.09  6.52 148  983.8   7.6   5.1 999.0 99.0 99.00
2019 01 21 02 50 293  9.5 12.8  3.47  8.33  6.75 134  985.1   1.1   5.1 999.0 99.0 99.00
2019 01 21 03 50 315 11.1 14.3  3.52 10.00  6.93 133  985.3  -4.2   5.0 999.0 99.0 99.00
2019 01 21 04 50 312 10.1 12.8  3.59 10.00  6.89 151  986.4  -4.3   4.9 999.0 99.0 99.00
2019 01 21 05 50 318 11.0 14.0  3.41 10.81  7.16 145  986.9  -4.4   4.8 999.0 99.0 99.00
2019 01 21 06 50 299 10.9 13.2  3.01 10.81  6.60 148  988.8  -5.1   4.8 999.0 99.0 99.00
2019 01 21 07 50 312 10.9 14.0  2.99 10.00  7.02 145  990.0  -5.5   4.8 999.0 99.0 99.00
2019 01 21 08 50 307 10.6 13.0  3.06 10.81  6.95 161  990.8  -6.2   4.8 999.0 99.0 99.00
2019 01 21 09 50 306 11.5 14.2  3.19 11.43  7.15 171  992.0  -6.9   4.7 999.0 99.0 99.00
2019 01 21 10 50 323 10.6 13.4  3.28 10.81  7.06 173  993.6  -6.9   4.7 999.0 99.0 99.00
2019 01 21 11 50 320 10.3 12.7  3.53 11.43  7.65 178  994.3  -7.4   4.6 999.0 99.0 99.00
2019 01 21 12 50 328  9.6 13.2  3.43 11.43  7.63 165  996.1  -7.5   4.6 999.0 99.0 99.00
2019 01 21 13 50 304  7.8 10.7  3.39 10.81  7.85 174  996.9  -7.9   4.5 999.0 99.0 99.00
2019 01 21 14 50 296  8.6 10.8  3.31 12.90  8.26 153  998.5  -8.7   4.4 999.0 99.0 99.00
2019 01 21 15 50 301  7.4 10.1  3.44 12.90  8.50 141  999.4  -8.9   4.4 999.0 99.0 99.00
2019 01 21 16 50 303  7.0 10.3  3.00 12.90  8.34 132  999.6  -9.1   4.4 999.0 99.0 99.00
2019 01 21 17 50 298  7.1  9.4  2.89 12.12  8.51 126  999.8  -9.0   4.3 999.0 99.0 99.00
2019 01 21 18 50 306  7.6  9.9  2.74 12.90  8.32 128 1000.3  -9.0   4.3 999.0 99.0 99.00
2019 01 21 19 50 308  7.3  9.2  2.49 12.90  8.29 129 1001.4  -9.1   4.4 999.0 99.0 99.00
2019 01 21 20 50 309  7.6  9.8  2.57 12.12  8.09 148 1002.4  -9.1   4.4 999.0 99.0 99.00
2019 01 21 21 50 319  9.6 13.0  2.35 12.12  7.45 175 1003.0  -9.3   4.4 999.0 99.0 99.00
2019 01 21 22 50 318 10.9 15.2  2.61 11.43  7.16 173 1003.7 -10.0   4.4 999.0 99.0 99.00
2019 01 21 23 50 320 12.0 15.6  2.44 12.12  6.63 172 1004.2 -10.4   4.3 999.0 99.0 99.00
2019 01 22 00 50 310 12.2 16.7  2.95 12.90  7.29 144 1004.9 -11.1   4.1 999.0 99.0 99.00
2019 01 22 01 50 310 12.5 16.3  2.76 12.90  6.55 152 1005.4 -11.7   4.0 999.0 99.0 99.00
2019 01 22 02 50 307 12.0 16.7  2.66 12.12  6.39 150 1006.5 -11.8   4.1 999.0 99.0 99.00
2019 01 22 03 50 312 12.6 16.7  2.67 12.90  6.28 154 1007.2 -11.5   4.0 999.0 99.0 99.00
2019 01 22 04 50 312 14.1 17.5  2.59 12.12  6.38 122 1007.5 -10.9   4.0 999.0 99.0 99.00
2019 01 22 05 50 305 14.9 18.9  2.42 12.90  5.95 122 1008.5 -10.8   4.1 999.0 99.0 99.00
2019 01 22 06 50 309 15.1 18.5  2.69 12.90  5.95 108 1010.0 -10.6   4.2 999.0 99.0 99.00
2019 01 22 07 50 306 15.0 19.5  2.38 12.12  5.69 127 1011.3 -10.4   4.2 999.0 99.0 99.00
2019 01 22 08 50 310 14.2 18.0  2.21 12.12  5.46 172 1012.7 -10.3   4.3 999.0 99.0 99.00
2019 01 22 09 50 309 15.5 20.3  2.25  5.88  5.40 276 1013.8 -10.7   4.3 999.0 99.0 99.00
2019 01 22 10 50 320 14.9 18.9  2.37  6.67  5.20 268 1015.3 -11.1   4.3 999.0 99.0 99.00
2019 01 22 11 50 321 14.6 18.9  2.32  6.25  5.35 277 1016.6 -11.4   4.2 999.0 99.0 99.00
2019 01 22 12 50 319 13.2 17.0  2.16  5.56  5.22 290 1018.1 -11.4   4.3 999.0 99.0 99.00
2019 01 22 13 50 314 13.8 17.5  2.30  6.67  5.48 243 1018.7 -11.1   4.3 999.0 99.0 99.00
2019 01 22 14 50 309 15.6 20.0  2.28  5.88  5.35 285 1019.1 -10.2   4.2 999.0 99.0 99.00
2019 01 22 15 50 302 14.2 19.0  2.45  5.88  5.39 293 1020.3  -8.3   4.0 999.0 99.0 99.00
2019 01 22 16 50 306 13.2 17.4  2.32  6.25  5.21 278 1021.1  -8.1   4.0 999.0 99.0 99.00
2019 01 22 17 50 314 14.7 18.4  2.37  5.88  5.25 293 1021.4  -6.2   4.1 999.0 99.0 99.00
2019 01 22 18 50 316 14.8 17.7  2.36  6.67  5.15 272 1021.6  -4.9   4.1 999.0 99.0 99.00
2019 01 22 19 50 313 13.1 16.2  2.41  6.25  5.22 273 1024.2  -4.5   4.3 999.0 99.0 99.00
2019 01 22 20 50 313 12.9 15.8  2.39  5.88  5.12 296 1025.4  -4.2   4.2 999.0 99.0 99.00
2019 01 22 21 50 311 13.3 17.1  1.85  4.76  4.72 335 1027.1  -4.1   4.3 999.0 99.0 99.00
2019 01 22 22 50 310 12.8 16.2  1.77  5.88  4.90 266 1028.2  -4.1   4.3 999.0 99.0 99.00
2019 01 22 23 50 308 12.4 15.1  1.80  7.14  4.73 242 1029.6  -4.2   4.3 999.0 99.0 99.00
2019 01 23 00 50 311 11.6 13.9  1.87  6.25  4.88 241 1030.1  -5.0   4.2 999.0 99.0 99.00
2019 01 23 01 50 316 11.1 13.3  1.81  6.25  4.84 251 1030.0  -5.3   4.2 999.0 99.0 99.00
2019 01 23 02 50 321  9.0 11.1  1.69  5.00  4.71 285 1030.0  -5.9   4.2 999.0 99.0 99.00
2019 01 23 03 50 317  8.8 11.3  1.48  6.67  4.88 235 1030.6  -6.0   4.1 999.0 99.0 99.00
2019 01 23 04 50 316  8.2 10.3  1.38  5.88  4.74 246 1030.0  -6.0   4.0 999.0 99.0 99.00
2019 01 23 05 50 307  8.2 10.0  1.25  5.88  4.62 244 1030.9  -6.3   3.8 999.0 99.0 99.00
2019 01 23 06 50 328  6.5  8.5  1.27  6.25  4.64 246 1031.0  -6.4   3.7 999.0 99.0 99.00
2019 01 23 07 50 315  4.9  6.1  1.02  6.67  4.44 241 1031.0  -6.4   4.0 999.0 99.0 99.00
2019 01 23 08 50 311  2.7  4.3  0.87  5.00  4.30 254 1031.0  -6.1   4.0 999.0 99.0 99.00
2019 01 23 09 50 293  1.6  2.7  0.78  6.25  4.39 230 1031.0  -5.7   4.1 999.0 99.0 99.00
2019 01 23 10 50 281  2.0  3.3  0.66 10.81  4.54 206 1030.7  -5.2   4.1 999.0 99.0 99.00
2019 01 23 11 50 200  1.2  2.4  0.65 10.81  4.69 173 1030.2  -4.9   4.1 999.0 99.0 99.00
2019 01 23 12 50 166  1.7  3.0  0.62 10.00  4.58 187 1029.6  -3.9   4.1 999.0 99.0 99.00
2019 01 23 13 50 168  5.9  7.5  0.56  9.09  4.29 149 1028.6  -2.0   3.9 999.0 99.0 99.00
2019 01 23 14 50 186 10.1 12.0  0.66 10.00  3.46 143 1027.0   0.4   3.8 999.0 99.0 99.00
2019 01 23 15 50 187 11.8 14.2  0.92  3.23  3.49 195 1025.1   1.7   3.7 999.0 99.0 99.00
2019 01 23 16 50 195 12.4 14.8  1.47  4.35  3.98 198 1023.8   2.3   4.0 999.0 99.0 99.00
2019 01 23 17 50 191 13.6 16.2  1.81  5.26  4.68 198 1022.0   2.5   4.0 999.0 99.0 99.00
2019 01 23 18 50 193 13.0 16.2  2.33  5.88  5.22 213 1021.3   3.3   4.0 999.0 99.0 99.00
2019 01 23 19 50 194 12.3 14.8  2.43  6.67  5.60 214 1020.8   3.9   4.0 999.0 99.0 99.00
2019 01 23 20 50 195 10.5 12.9  2.53  7.14  5.91 214 1020.0   4.4   4.2 999.0 99.0 99.00
2019 01 23 21 50 190 10.3 13.0  2.45  7.69  6.00 208 1018.8   4.8   4.1 999.0 99.0 99.00
2019 01 23 22 50 193 10.2 12.8  2.68  7.14  6.08 214 1018.1   5.1   4.2 999.0 99.0 99.00
2019 01 23 23 50 206 10.8 12.9  2.72  7.69  6.00 209 1017.0   5.4   4.3 999.0 99.0 99.00
2019 01 24 00 50 201 10.3 12.4  2.50  7.14  5.74 213 1015.8   5.4   4.2 999.0 99.0 99.00
2019 01 24 01 50 199  9.3 11.7  2.57  7.69  5.74 204 1014.7   5.5   4.2 999.0 99.0 99.00
2019 01 24 02 50 205  9.4 11.1  2.45  7.69  5.66 202 1014.0   5.6   4.3 999.0 99.0 99.00
2019 01 24 03 50 200  7.6  8.9  2.43  7.69  5.81 201 1013.5   5.3   4.1 999.0 99.0 99.00
2019 01 24 04 50 201  8.9 11.1  2.52  7.69  6.01 201 1012.7   5.7   4.2 999.0 99.0 99.00
2019 01 24 05 50 206  9.6 11.4  2.40  8.33  6.19 206 1011.9   5.8   4.2 999.0 99.0 99.00
2019 01 24 06 50 206  9.0 10.8  2.31  8.33  6.04 206 1011.7   5.9   4.2 999.0 99.0 99.00
2019 01 24 07 50 206  9.7 12.1  2.28  9.09  6.41 204 1010.8   6.1   4.2 999.0 99.0 99.00
2019 01 24 08 50 208 12.0 14.5  2.63  8.33  6.50 208 1009.7   6.7   4.2 999.0 99.0 99.00
2019 01 24 09 50 205 13.1 15.8  2.85  8.33  6.44 212 1009.0   7.2   4.3 999.0 99.0 99.00
2019 01 24 10 50 200 12.1 14.8  3.17  8.33  6.63 207 1008.5   7.0   4.2 999.0 99.0 99.00
2019 01 24 11 50 208  9.7 12.0  3.09  8.33  6.42 202 1009.1   6.7   4.3 999.0 99.0 99.00
2019 01 24 12 50 200  8.4 10.3  2.95  8.33  6.54 200 1008.6   6.7   4.3 999.0 99.0 99.00
2019 01 24 13 50 192 11.2 13.5  2.65  7.69  6.02 212 1007.2   6.9   4.3 999.0 99.0 99.00
2019 01 24 14 50 187 11.7 14.1  2.82  7.69  5.87 196 1005.8   7.3   4.2 999.0 99.0 99.00
2019 01 24 15 50 189 13.2 16.0  2.88  7.14  5.74 200 1004.2   7.7   4.3 999.0 99.0 99.00
2019 01 24 16 50 188 13.8 16.3  3.01  7.69  5.98 198 1002.1   8.1   4.3 999.0 99.0 99.00
2019 01 24 17 50 192 13.5 16.2  3.09  8.33  6.07 193 1000.7   8.2   4.2 999.0 99.0 99.00
2019 01 24 18 50 186 13.8 16.1  3.07  8.33  6.02 198  999.6   8.2   4.2 999.0 99.0 99.00
2019 01 24 19 50 180 13.9 16.3  3.41  8.33  6.53 198  997.9   8.4   4.2 999.0 99.0 99.00
2019 01 24 20 50 176 14.1 17.5  3.23  9.09  6.50 197  996.1   8.3   4.2 999.0 99.0 99.00
2019 01 24 21 50 174 14.9 18.1  3.88  9.09  7.02 193  994.4   8.1   4.3 999.0 99.0 99.00
2019 01 24 22 50 170 14.8 17.2  3.72  8.33  6.84 200  992.5   8.1   4.5 999.0 99.0 99.00
2019 01 24 23 50 164 16.8 21.1  4.27  9.09  7.11 194  988.1   8.6   4.6 999.0 99.0 99.00
2019 01 25 00 50 173 18.8 23.7  4.45  9.09  7.06 180  985.2   9.3   4.6 999.0 99.0 99.00
2019 01 25 01 50 182 17.0 20.8  5.77  9.09  7.72 189  984.3   9.2   4.6 999.0 99.0 99.00
2019 01 25 02 50 197 15.4 18.2  5.82 10.00  7.91 186  984.2   8.6   4.6 999.0 99.0 99.00
2019 01 25 03 50 207 12.9 15.9  5.50 10.00  7.67 188  985.9   6.8   4.5 999.0 99.0 99.00
2019 01 25 04 50 251 11.4 14.8  5.07 10.00  7.68 183  989.4   7.3   4.4 999.0 99.0 99.00
2019 01 25 05 50 238  9.7 11.9  4.67 10.00  7.74 182  992.7   6.5   4.4 999.0 99.0 99.00
2019 01 25 06 50 239  7.7  9.2  4.72 10.81  8.06 172  995.5   5.9   4.4 999.0 99.0 99.00
2019 01 25 07 50 247  8.8 10.6  3.87 10.81  7.75 172  996.6   5.6   4.4 999.0 99.0 99.00
2019 01 25 08 50 260 11.4 13.8  3.70 10.00  7.95 166  998.2   5.3   4.3 999.0 99.0 99.00
2019 01 25 09 50 261 11.2 13.3  3.59 10.81  7.98 161 1000.0   4.2   4.5 999.0 99.0 99.00
2019 01 25 10 50 269 11.2 13.5  3.41 10.81  7.81 166 1001.2   3.1   4.6 999.0 99.0 99.00
2019 01 25 11 50 274 11.5 14.3  4.19 10.81  8.48 173 1003.1   2.8   4.7 999.0 99.0 99.00
2019 01 25 12 50 259  9.4 11.6  3.70 12.12  8.06 181 1005.2   2.4   4.7 999.0 99.0 99.00
2019 01 25 13 50 258 10.5 12.7  3.94 10.81  8.27 173 1006.2   2.1   4.7 999.0 99.0 99.00
2019 01 25 14 50 263 11.7 13.8  3.96 12.90  8.24 178 1006.4   1.7   4.7 999.0 99.0 99.00
2019 01 25 15 50 267  9.3 11.2  3.79 11.43  7.82 183 1007.2   1.3   4.6 999.0 99.0 99.00
2019 01 25 16 50 268  8.0  9.8  3.21 10.81  7.47 179 1007.2   1.5   4.5 999.0 99.0 99.00
2019 01 25 17 50 260  8.1 10.1  2.73 11.43  6.95 182 1006.7   2.0   4.5 999.0 99.0 99.00
2019 01 25 18 50 248  7.9  9.6  3.21 13.79  7.99 168 1006.6   2.5   4.5 999.0 99.0 99.00
2019 01 25 19 50 231  7.4  9.5  3.25 13.79  8.19 164 1007.5   2.6   4.5 999.0 99.0 99.00
2019 01 25 20 50 223  8.2 10.0  3.27 13.79  9.02 165 1008.1   2.5   4.5 999.0 99.0 99.00
2019 01 25 21 50 232  8.6  9.9  3.11 13.79  8.93 168 1008.6   2.7   4.5 999.0 99.0 99.00
2019 01 25 22 50 242  8.6 10.8  2.83 13.79  8.09 157 1009.3   3.0   4.5 999.0 99.0 99.00
2019 01 25 23 50 234  9.6 11.9  2.63 12.90  8.08 172 1009.9   3.1   4.5 999.0 99.0 99.00
2019 01 26 00 50 244 11.9 14.0  2.75 12.90  7.06 174 1010.4   3.4   4.5 999.0 99.0 99.00
2019 01 26 01 50 261 13.5 16.4  2.99 12.90  6.82 180 1011.4   2.9   4.4 999.0 99.0 99.00
2019 01 26 02 50 256 12.4 14.9  2.82 12.12  6.76 190 1012.5   2.4   4.5 999.0 99.0 99.00
2019 01 26 03 50 265 10.3 12.6  2.93 12.12  6.83 181 1013.6   1.9   4.5 999.0 99.0 99.00
2019 01 26 04 50 303  9.8 12.1  2.65 11.43  6.39 176 1014.5   0.3   4.5 999.0 99.0 99.00
2019 01 26 05 50 313  7.4 10.0  2.62 12.12  6.53 158 1015.6  -0.2   4.5 999.0 99.0 99.00
2019 01 26 06 50 297  7.8 10.1  2.70 11.43  6.61 145 1017.5  -0.5   4.5 999.0 99.0 99.00
2019 01 26 07 50 292  8.6 10.8  2.47 12.12  6.82 133 1018.4  -0.9   4.5 999.0 99.0 99.00
2019 01 26 08 50 300  7.5  9.8  2.50 12.12  6.93 143 1019.0  -1.3   4.4 999.0 99.0 99.00
2019 01 26 09 50 300  5.7  7.7  2.37 12.12  7.12 142 1019.6  -1.7   4.3 999.0 99.0 99.00
2019 01 26 10 50 312  4.1  6.0  2.39 12.12  7.58 147 1020.1  -1.9   4.3 999.0 99.0 99.00
2019 01 26 11 50 290  3.8  5.4  2.12 12.12  7.37 155 1021.4  -1.8   4.3 999.0 99.0 99.00
2019 01 26 12 50 312  3.1  4.7  2.48 11.43  8.11 163 1022.1  -2.0   4.3 999.0 99.0 99.00
2019 01 26 13 50 292  0.9  2.3  2.25 10.81  7.76 171 1022.4  -1.9   4.3 999.0 99.0 99.00
2019 01 26 14 50  90  0.5  1.2  2.18 10.00  7.28 189 1022.4  -0.8   4.3 999.0 99.0 99.00
2019 01 26 15 50 244  5.8  9.0  2.08 11.43  6.94 205 1022.1  -0.5   4.3 999.0 99.0 99.00
2019 01 26 16 50 230  7.3 10.0  2.03 11.43  6.39 167 1022.1  -0.6   4.3 999.0 99.0 99.00
2019 01 26 17 50 225  8.9 10.9  2.11 11.43  6.06 179 1021.7  -0.5   4.4 999.0 99.0 99.00
2019 01 26 18 50 223  8.3 10.8  2.03 10.81  5.70 179 1021.6  -0.4   4.4 999.0 99.0 99.00
2019 01 26 19 50 211  7.5  9.5  1.90  9.09  5.93 176 1021.5  -0.3   4.5 999.0 99.0 99.00
2019 01 26 20 50 220  8.2 10.3  1.88 10.81  5.75 152 1021.8  -0.4   4.5 999.0 99.0 99.00
2019 01 26 21 50 224  8.1 10.7  1.87 10.81  5.73 153 1022.5  -0.2   4.4 999.0 99.0 99.00
2019 01 26 22 50 224  7.6  9.3  1.73 10.81  5.78 150 1023.5   0.0   4.4 999.0 99.0 99.00
2019 01 26 23 50 237  7.5 11.1  1.60 11.43  5.74 167 1024.2   0.0   4.3 999.0 99.0 99.00
2019 01 27 00 50 295  5.8  7.1  1.66 10.81  5.88 157 1024.7  -1.1   4.3 999.0 99.0 99.00
2019 01 27 01 50 269  5.5  8.6  1.59 10.00  6.01 160 1025.2  -1.2   4.3 999.0 99.0 99.00
2019 01 27 02 50 289  5.2  6.6  1.56 10.00  6.11 167 1025.4  -1.4   4.3 999.0 99.0 99.00
2019 01 27 03 50 297  6.0  7.5  1.50 10.00  5.90 169 1025.5  -1.4   4.3 999.0 99.0 99.00
2019 01 27 04 50 347  3.7  5.4  1.52 10.00  6.08 169 1025.6  -1.8   4.2 999.0 99.0 99.00
2019 01 27 05 50   8  4.8  6.4  1.34 10.00  6.03 176 1025.2  -1.7   4.2 999.0 99.0 99.00
2019 01 27 06 50  44  4.0  5.7  1.22  9.09  5.84 177 1025.3  -1.6   4.2 999.0 99.0 99.00
2019 01 27 07 50  17  2.0  3.5  1.28 10.00  6.27 174 1025.6  -1.4   4.1 999.0 99.0 99.00
2019 01 27 08 50 298  0.8  2.1  1.15  9.09  5.97 157 1025.6  -1.4   4.3 999.0 99.0 99.00
2019 01 27 09 50  35  1.3  2.4  1.24 10.00  6.32 172 1025.7  -1.2   4.3 999.0 99.0 99.00
2019 01 27 10 50  77  3.1  4.5  1.14 10.00  6.40 167 1025.6  -0.9   4.2 999.0 99.0 99.00
2019 01 27 11 50 115  3.5  5.1  0.97 10.00  5.81 169 1025.8  -0.7   4.2 999.0 99.0 99.00
2019 01 27 12 50 117  5.6  7.6  0.95 10.00  6.30 173 1025.6   0.1   4.3 999.0 99.0 99.00
2019 01 27 13 50 112  6.6  7.9  1.02 10.00  5.93 189 1024.8   0.7   4.4 999.0 99.0 99.00
2019 01 27 14 50 122  6.6  8.4  0.99  9.09  5.25 182 1024.4   0.7   4.5 999.0 99.0 99.00
2019 01 27 15 50 135  8.3 10.1  1.11  8.33  5.25 183 1023.6   1.2   4.5 999.0 99.0 99.00
2019 01 27 16 50 131  8.0  9.7  1.18  8.33  4.91 181 1021.9   1.7   4.5 999.0 99.0 99.00
2019 01 27 17 50 153  9.5 11.7  1.11  7.69  4.39 185 1019.9   2.3   4.6 999.0 99.0 99.00
2019 01 27 18 50 147  9.8 11.3  1.17  9.09  4.47 188 1018.4   3.1   4.5 999.0 99.0 99.00
2019 01 27 19 50 153 12.0 14.7  1.29  3.70  4.22 147 1017.5   3.4   4.5 999.0 99.0 99.00
2019 01 27 20 50 153 12.1 14.0  1.67  5.00  4.61 150 1016.7   3.6   4.6 999.0 99.0 99.00
2019 01 27 21 50 146 11.7 13.7  1.78  5.56  4.63 170 1015.5   3.7   4.6 999.0 99.0 99.00
2019 01 27 22 50 147 11.4 14.5  1.84  5.88  4.80 157 1015.4   4.1   4.6 999.0 99.0 99.00
2019 01 27 23 50 151 12.1 14.8  1.97  6.25  4.96 172 1014.8   4.2   4.6 999.0 99.0 99.00
2019 01 28 00 50 151 11.7 14.0  2.43  5.88  5.43 153 1014.4   4.0   4.6 999.0 99.0 99.00
2019 01 28 01 50 157 11.5 13.8  2.00  5.88  5.15 156 1013.6   4.5   4.7 999.0 99.0 99.00
2019 01 28 03 50 178  9.6 11.6  2.20  6.25  5.25 169 1013.2   5.1   4.7 999.0 99.0 99.00
2019 01 28 04 50 179  9.6 11.5  1.75  6.25  4.97 164 1012.3   5.4   4.7 999.0 99.0 99.00
2019 01 28 05 50 198  8.8 10.8  1.73  5.88  4.88 162 1011.5   5.7   4.7 999.0 99.0 99.00
2019 01 28 06 50 212  9.7 11.6  1.72  5.56  4.76 173 1011.2   5.9   4.7 999.0 99.0 99.00
2019 01 28 07 50 215  8.9 10.4  1.77  5.56  4.83 164 1011.4   5.6   4.7 999.0 99.0 99.00
2019 01 28 08 50 296 10.6 12.7  1.58  5.56  4.60 160 1011.4   3.2   4.7 999.0 99.0 99.00
2019 01 28 09 50 323  8.2 10.1  1.46  6.67  4.69 208 1012.2   1.7   4.7 999.0 99.0 99.00
2019 01 28 10 50 325 10.0 12.0  1.42  5.88  4.74 204 1013.8   0.1   4.7 999.0 99.0 99.00
2019 01 28 11 50 337  9.1 11.6  1.27  4.00  4.46 315 1014.9  -1.2   4.6 999.0 99.0 99.00
2019 01 28 12 50 342 10.1 12.4  1.26  3.85  4.24 327 1016.4  -2.6   4.6 999.0 99.0 99.00
2019 01 28 13 50 344  8.2 11.2  1.23  6.67  4.30 210 1017.1  -3.9   4.5 999.0 99.0 99.00
2019 01 28 14 50 342  8.6 10.9  1.20  3.85  4.21 329 1018.0  -4.3   4.5 999.0 99.0 99.00
2019 01 28 15 50 330  6.9  9.6  1.01  3.70  4.24 333 1018.5  -4.2   4.5 999.0 99.0 99.00
2019 01 28 16 50 309  6.0  8.8  0.99  5.88  4.31 227 1019.2  -3.7   4.5 999.0 99.0 99.00
2019 01 28 17 50 326  6.2  8.9  0.96 10.00  4.49 139 1018.3  -3.7   4.5 999.0 99.0 99.00
2019 01 28 18 50 343  7.0  9.2  0.97  9.09  4.60 136 1017.8  -3.6   4.4 999.0 99.0 99.00
2019 01 28 19 50 319  9.2 12.3  0.96 10.81  4.73 147 1017.3  -3.7   4.4 999.0 99.0 99.00
2019 01 28 20 50 321 10.7 13.2  1.12 10.00  4.36 147 1017.0  -4.2   4.4 999.0 99.0 99.00
2019 01 28 21 50 336  7.4 10.2  1.10  4.35  4.26 337 1019.0  -4.7   4.3 999.0 99.0 99.00
2019 01 28 22 50 347  7.6  9.8  0.95  4.00  4.08 329 1019.7  -5.7   4.3 999.0 99.0 99.00
2019 01 28 23 50 356  7.9 11.7  1.00  4.00  4.02 330 1019.8  -6.8   4.3 999.0 99.0 99.00
2019 01 29 00 50   6  9.9 12.2  0.95  3.85  3.82 357 1019.4  -6.7   4.3 999.0 99.0 99.00
2019 01 29 01 50  19 10.2 12.6  1.00  3.70  3.71  15 1019.5  -7.4   4.4 999.0 99.0 99.00
2019 01 29 02 50  26 11.3 13.7  1.10  4.00  3.65  32 1019.2  -7.4   4.4 999.0 99.0 99.00
2019 01 29 03 50  22 10.1 12.9  1.19  4.17  3.90  33 1019.9  -7.4   4.5 999.0 99.0 99.00
2019 01 29 04 50  10 10.3 12.5  1.23  4.76  4.04  30 1019.8  -8.1   4.5 999.0 99.0 99.00
2019 01 29 05 50  18 10.5 13.4  1.19  4.76  4.24  28 1019.4  -9.0   4.4 999.0 99.0 99.00
2019 01 29 06 50  24  9.9 12.7  1.31  4.76  4.30  27 1019.8  -8.8   4.4 999.0 99.0 99.00
2019 01 29 07 50  28 10.4 13.0  1.39  5.26  4.49  40 1019.3  -8.2   4.2 999.0 99.0 99.00
2019 01 29 08 50  28 10.7 12.8  1.46  5.26  4.61  41 1018.8  -8.1   4.2 999.0 99.0 99.00
2019 01 29 09 50  30 10.1 12.7  1.52  5.26  4.59  40 1019.0  -8.0   4.2 999.0 99.0 99.00
2019 01 29 10 50  50  8.5 11.0  1.44  5.00  4.45  50 1019.5  -7.9   4.1 999.0 99.0 99.00
2019 01 29 11 50  40  9.2 11.6  1.46  5.26  4.50  48 1019.7  -7.6   4.1 999.0 99.0 99.00
2019 01 29 12 50  40  9.9 12.2  1.40  5.26  4.31  61 1019.9  -6.8   4.1 999.0 99.0 99.00
2019 01 29 13 50  53  9.1 11.4  1.46  5.56  4.27  64 1020.5  -6.5   4.2 999.0 99.0 99.00
2019 01 29 14 50  35  8.9 10.7  1.54  4.76  4.49  57 1021.2  -6.7   4.2 999.0 99.0 99.00
2019 01 29 15 50  28  8.5 10.6  1.36  5.26  4.35  70 1021.3  -6.4   4.1 999.0 99.0 99.00
2019 01 29 16 50  44  8.3 10.1  1.23  5.00  4.29  71 1020.7  -5.6   4.1 999.0 99.0 99.00
2019 01 29 17 50  88  7.6 10.0  1.12  6.25  4.11  72 1019.8  -4.1   4.1 999.0 99.0 99.00
2019 01 29 18 50 110  4.0  5.5  0.98  4.17  4.42  52 1020.5  -4.1   4.1 999.0 99.0 99.00
2019 01 29 19 50 111  1.9  2.9  0.84  5.88  4.57  71 1020.3  -3.9   4.2 999.0 99.0 99.00
2019 01 29 20 50  37  1.3  2.1  0.84  6.67  4.90 101 1020.1  -3.4   4.2 999.0 99.0 99.00
2019 01 29 21 50 111  0.5  1.7  0.74 10.81  5.39 153 1019.5  -2.5   4.1 999.0 99.0 99.00
2019 01 29 22 50 151  4.6  6.8  0.74 10.81  5.63 159 1019.2  -1.3   3.9 999.0 99.0 99.00
2019 01 29 23 50 132  7.4  9.2  0.75 10.81  5.12 160 1019.1  -1.4   3.9 999.0 99.0 99.00
2019 01 30 00 50 120  5.4  7.4  0.98 10.81  5.23 160 1018.7  -1.4   3.9 999.0 99.0 99.00
2019 01 30 01 50 116  7.5  9.5  1.06 10.81  5.73 157 1017.9  -1.2   3.9 999.0 99.0 99.00
2019 01 30 02 50 106  8.8 10.5  1.23 10.81  5.65 166 1017.1  -1.3   3.9 999.0 99.0 99.00
2019 01 30 03 50 111  8.0  9.8  1.34 11.43  5.15 177 1016.9  -1.2   3.9 999.0 99.0 99.00
2019 01 30 04 50 108  9.5 11.7  1.41 10.81  5.12 176 1015.6  -0.6   4.0 999.0 99.0 99.00
2019 01 30 05 50 111  9.5 11.2  1.53 11.43  4.78 167 1014.5  -0.1   4.1 999.0 99.0 99.00
2019 01 30 06 50 111  9.4 10.9  1.62 10.00  5.00 166 1013.4   0.3   4.1 999.0 99.0 99.00
2019 01 30 07 50 114 10.8 12.5  1.77 10.81  5.24 162 1012.1   0.9   4.0 999.0 99.0 99.00
2019 01 30 08 50 114 11.0 13.5  1.90 11.43  5.19 176 1010.4   1.3   4.0 999.0 99.0 99.00
2019 01 30 09 50 120 10.4 13.4  2.02 10.81  5.45 173 1009.1   2.1   4.0 999.0 99.0 99.00
2019 01 30 10 50 129 12.7 15.1  2.20 11.43  5.53 176 1007.6   2.7   4.3 999.0 99.0 99.00
2019 01 30 11 50 131 12.6 15.3  2.61  6.67  5.55 143 1006.4   3.2   4.4 999.0 99.0 99.00
2019 01 30 12 50 132 11.4 13.1  2.47  6.67  5.54 137 1005.7   3.7   4.3 999.0 99.0 99.00
2019 01 30 13 50 132 12.8 15.6  2.16  6.25  5.31 142 1004.3   3.8   4.2 999.0 99.0 99.00
2019 01 30 14 50 131 12.2 15.1  2.28  6.67  5.51 144 1002.8   4.0   4.2 999.0 99.0 99.00
2019 01 30 15 50 140 11.7 14.2  2.40  7.14  5.66 144 1002.1   4.2   4.2 999.0 99.0 99.00
2019 01 30 16 50 148 11.6 13.6  2.32  6.25  5.52 139 1001.0   4.1   4.2 999.0 99.0 99.00
2019 01 30 17 50 217 12.9 15.4  2.12  6.25  5.41 142 1000.5   4.2   4.2 999.0 99.0 99.00
2019 01 30 18 50 222 12.8 16.0  1.91 10.81  5.02 163 1000.7   2.9   4.2 999.0 99.0 99.00
2019 01 30 19 50 231 13.9 16.1  2.08 10.81  5.04 178 1001.3   1.7   4.2 999.0 99.0 99.00
2019 01 30 20 50 238 13.1 16.5  2.32  5.56  5.13 205 1001.9   1.4   4.2 999.0 99.0 99.00
2019 01 30 21 50 240 14.6 17.8  2.69  6.25  5.34 219 1002.6   1.2   4.1 999.0 99.0 99.00
2019 01 30 22 50 246 14.8 17.6  3.06  7.14  5.99 216 1004.1   0.9   4.1 999.0 99.0 99.00
2019 01 30 23 50 287 12.2 14.4  3.05  7.69  6.17 210 1006.7  -2.1   4.1 999.0 99.0 99.00
2019 01 31 00 50 290  7.7  9.6  2.66  7.69  6.13 204 1008.1  -2.7   4.1 999.0 99.0 99.00
2019 01 31 01 50 287  3.4  4.7  2.61  8.33  6.65 212 1008.4  -2.7   4.1 999.0 99.0 99.00
2019 01 31 02 50  59  2.5  3.8  2.36  9.09  6.68 203 1007.2  -2.8   4.1 999.0 99.0 99.00
2019 01 31 03 50  99  5.8  7.7  2.07  8.33  6.73 222 1005.6  -1.8   4.1 999.0 99.0 99.00
2019 01 31 04 50 209 13.8 16.7  2.23  8.33  5.82 206 1004.3   0.0   4.1 999.0 99.0 99.00
2019 01 31 05 50 214 16.7 20.1  2.95  7.69  6.17 224 1003.4  -0.6   4.2 999.0 99.0 99.00
2019 01 31 06 50 310 15.7 19.7  3.06  8.33  6.33 208 1006.5  -7.1   4.2 999.0 99.0 99.00
2019 01 31 07 50 291 14.8 18.2  3.14  8.33  5.85 200 1009.8  -8.7   4.2 999.0 99.0 99.00
2019 01 31 08 50 288 11.7 14.8  3.28  8.33  6.16 202 1011.8  -9.0   4.1 999.0 99.0 99.00
2019 01 31 09 50 279 12.1 14.5  3.05  8.33  6.25 199 1012.8  -9.5   4.1 999.0 99.0 99.00
2019 01 31 10 50 278 11.9 15.8  2.76  9.09  6.21 203 1013.5  -9.6   4.1 999.0 99.0 99.00
2019 01 31 11 50 274 12.9 16.9  2.63  9.09  6.10 197 1014.5  -9.9   4.1 999.0 99.0 99.00
2019 01 31 12 50 284 13.1 16.3  2.59  8.33  6.23 200 1015.9 -10.1   4.1 999.0 99.0 99.00
2019 01 31 13 50 274 11.5 15.1  2.56  9.09  6.42 200 1016.9  -9.6   4.1 999.0 99.0 99.00
2019 01 31 14 50 260 11.8 15.0  2.59  9.09  6.44 212 1017.3  -9.4   4.1 999.0 99.0 99.00
2019 01 31 15 50 253 13.2 16.2  2.60  9.09  6.19 205 1017.4  -8.5   4.1 999.0 99.0 99.00
2019 01 31 16 50 255 13.8 16.9  2.44  9.09  5.98 201 1016.9  -8.5   4.1 999.0 99.0 99.00
2019 01 31 17 50 240 13.2 15.9  2.35  7.69  5.95 215 1016.6  -8.3   4.1 999.0 99.0 99.00
2019 01 31 18 50 249 15.8 19.2  2.72  8.33  5.90 204 1016.4  -7.7   4.1 999.0 99.0 99.00
2019 01 31 19 50 253 15.3 19.0  2.80  6.67  5.95 234 1017.1  -8.0   4.1 999.0 99.0 99.00
2019 01 31 20 50 268 14.0 17.5  2.61  9.09  5.50 190 1017.5  -7.9   4.1 999.0 99.0 99.00
2019 01 31 21 50 270 13.7 18.0  2.83  7.14  5.71 225 1018.0  -8.2   4.1 999.0 99.0 99.00
2019 01 31 22 50 261 14.3 18.6  2.92  8.33  5.86 209 1018.9  -7.8   4.1 999.0 99.0 99.00
