  -0.333
   0.088
   0.040
   0.085
   0.292
  -0.225
  -0.457
   0.053
   0.348
  -0.030
   0.590
   0.369
   0.163
  -0.097
  -0.069
   0.272
  -0.399
   0.151
   0.318
  -0.780
   0.278
  -0.242
   0.260
   0.074
   0.391
  -0.034
  -0.375
  -0.320
  -0.569
   0.125
   0.331
   0.029
   0.449
   0.015
   0.883
  -0.108
  -0.199
  -0.073
   0.021
  -0.226
   0.162
  -0.087
  -0.376
   0.400
   0.151
   0.214
  -0.196
  -0.390
   0.062
  -0.613
  -0.556
  -0.113
   0.177
  -0.074
   0.225
   0.355
  -0.038
   0.565
   0.052
   0.167
   0.495
   0.393
  -0.769
  -0.373
  -0.321
   0.050
  -0.193
  -0.459
  -0.035
  -0.209
   0.130
   0.106
  -0.207
   0.079
   0.080
  -0.227
   0.399
  -0.218
  -0.130
  -0.263
   0.687
  -0.167
  -0.364
  -0.205
   0.757
   0.299
   0.424
   0.117
   0.378
   0.185
  -0.133
  -0.147
  -0.120
   0.593
   0.165
   0.315
   0.437
   0.076
   0.062
  -0.185
   0.380
  -0.057
   0.250
  -0.274
   0.058
   0.065
  -0.616
   0.318
  -0.004
  -0.136
   0.102
  -0.194
   0.373
  -0.676
   0.100
   0.085
  -0.202
  -0.078
   0.147
   0.572
   1.062
   0.640
   0.531
  -0.672
  -0.170
  -0.251
  -0.017
   0.163
   0.108
  -0.413
  -0.057
  -0.183
   0.016
   0.334
   0.236
  -0.767
   0.363
  -0.536
   0.348
  -0.235
  -0.104
  -0.413
   0.472
  -0.040
   0.341
   0.314
  -0.137
   0.443
   0.091
   0.087
  -0.270
  -0.303
   0.196
  -0.346
   0.241
  -0.246
  -0.362
   0.047
   0.617
  -0.047
  -0.070
  -0.079
  -0.218
   0.476
   0.459
  -0.023
   0.610
   0.945
  -0.043
   0.546
   0.244
  -0.250
  -0.236
   0.028
   0.057
  -0.331
   0.170
   0.011
   0.399
  -0.548
  -0.118
  -0.280
  -0.470
   0.538
   0.366
   0.607
  -0.118
  -0.506
  -0.403
   0.161
   0.243
  -0.047
   0.134
   0.243
   0.020
  -0.176
  -0.665
   0.933
   0.263
   0.271
  -0.143
  -0.378
  -0.086
   0.178
   0.569
   0.154
  -0.368
  -0.119
  -0.233
  -0.298
  -0.305
   0.121
   0.614
   0.478
  -0.101
  -0.046
  -0.123
  -0.354
  -0.331
   0.342
  -0.498
  -0.141
  -0.460
  -0.077
   0.491
  -0.336
  -0.302
  -0.165
   0.738
   0.882
   0.991
   1.246
   1.223
   1.205
   1.206
   1.455
   0.797
   1.316
   1.562
   1.543
   1.114
   2.014
   1.195
   0.608
   1.418
   0.470
   0.263
  -0.241
   0.444
   0.346
  -0.353
  -0.180
  -0.463
  -0.081
   0.168
  -0.015
  -0.436
   2.050
   2.157
   1.809
   2.019
   2.350
   2.348
   2.759
   2.678
   2.897
   2.902
   2.719
   3.764
   3.077
   2.943
   2.525
   2.682
  -0.364
   0.099
  -0.163
  -0.361
   0.114
  -0.087
   0.025
   0.968
   0.310
   0.011
   0.041
   0.243
   0.278
   0.573
  -0.398
   0.159
   0.368
   0.212
  -0.684
  -0.205
   0.449
   0.323
  -0.156
  -0.383
  -0.349
  -0.038
  -0.388
  -0.765
  -0.199
   0.420
  -0.002
   0.107
   0.696
   1.258
   0.003
   0.637
  -0.424
   0.056
   0.366
  -0.159
  -0.108
  -0.014
   0.292
   0.236
  -0.631
   0.122
   0.258
  -0.041
  -0.121
   0.042
   0.386
   0.311
  -0.207
   0.240
   0.258
   0.396
   0.058
   0.246
   0.027
  -0.162
  -0.219
   0.289
   0.139
  -0.099
  -0.031
   0.224
  -0.137
   0.162
  -0.346
   0.536
  -0.018
  -0.072
  -0.295
  -0.422
   0.157
   1.095
   0.078
  -0.386
  -0.164
   0.581
   0.131
   0.182
  -0.400
   0.105
   0.126
  -0.320
  -0.080
  -0.391
   0.255
   0.074
  -0.186
  -0.021
   0.015
  -0.177
  -0.802
   0.297
  -0.386
   0.331
   0.120
   0.978
   0.749
   1.185
   1.419
   1.455
   0.049
  -0.508
   1.045
   1.304
   1.055
   0.859
   0.354
  -0.671
   0.037
   0.143
   0.451
   0.102
   0.118
  -0.241
   0.071
   0.258
   1.458
   1.427
   2.007
   1.995
   2.073
   2.295
   1.892
   2.908
   2.409
   3.149
   2.428
   2.484
   2.558
   2.563
   2.812
   2.704
   2.812
   0.361
   0.201
   0.296
   0.263
   0.186
   0.344
  -0.201
   0.464
  -0.262
   0.234
   0.279
   0.015
   0.200
  -0.435
   0.114
  -1.068
   0.061
   0.256
  -0.094
   0.236
   0.178
  -0.282
   0.451
   0.255
  -0.349
   0.275
   0.020
  -0.120
  -0.458
  -0.499
   0.089
   0.194
   0.053
  -0.158
   0.234
  -0.022
   0.273
   0.239
   0.347
  -0.339
  -0.367
  -0.318
   0.083
  -0.284
   0.431
   0.073
   0.380
   0.076
   0.261
   0.466
  -0.855
  -0.281
  -0.273
   0.250
  -0.222
   0.073
   0.449
  -0.136
  -0.151
  -0.123
  -0.667
  -0.010
  -0.221
  -0.173
  -0.133
   0.151
   0.317
  -0.370
   0.143
   0.077
   0.451
  -0.627
  -0.486
   0.456
   0.153
   0.130
   0.013
   0.182
  -0.051
   0.052
   0.405
  -0.017
  -0.367
   0.330
   0.100
   0.006
  -0.440
  -0.058
  -0.416
   0.070
  -0.112
   0.731
  -0.113
   0.100
   0.613
  -0.071
   0.415
   0.181
  -0.288
  -0.443
  -0.074
   0.299
  -0.383
   0.281
  -0.649
  -0.182
   0.446
  -0.678
   0.256
  -0.150
  -0.222
  -0.108
  -0.144
   0.083
   0.239
  -0.150
  -0.269
   1.750
   1.819
   1.641
   2.036
   2.011
   1.837
   2.356
   2.158
   2.192
   2.959
   2.326
   2.967
   2.626
   2.720
   2.907
   2.610
   2.756
   2.873
   3.026
   2.856
  -0.216
  -0.019
   0.116
   0.546
  -0.504
  -0.228
   0.038
  -0.106
  -0.229
   0.069
  -0.357
   0.211
   0.632
   0.354
  -0.575
   0.062
   0.370
   0.105
   0.100
  -0.365
   0.192
   0.706
  -0.433
  -0.400
   0.123
   0.063
  -0.086
   0.055
   0.120
   0.344
   0.023
   0.213
   0.429
  -0.061
  -0.446
  -0.098
   0.319
  -0.103
  -0.211
   0.367
   0.095
  -0.057
   0.467
  -0.300
   0.042
   0.043
  -0.038
   0.491
   0.001
   0.266
  -0.032
   0.183
   0.344
  -0.088
   0.146
  -0.337
  -0.047
   0.691
  -0.399
  -0.039
   0.723
   0.621
   0.462
  -0.709
   0.621
  -0.296
  -0.249
  -0.090
   0.543
  -0.402
   0.269
  -0.321
   0.515
   0.135
  -0.226
  -0.285
   0.243
  -0.593
  -0.548
  -0.539
   0.567
  -0.122
   0.659
  -0.060
   0.135
  -0.569
  -0.137
   0.311
   0.004
  -0.218
   0.100
  -0.007
   0.284
   0.002
   0.164
  -0.156
   0.603
  -0.300
   0.732
   0.052
   0.441
  -0.458
  -0.352
  -0.036
  -0.307
  -0.341
  -0.343
  -0.239
  -0.230
  -0.122
   0.082
  -0.280
   0.363
   1.528
   1.278
   0.988
   1.317
   1.814
   1.935
   2.142
   2.210
   2.372
   2.979
   2.557
   2.555
   2.517
   2.171
   2.786
   2.860
   2.870
   3.280
   2.788
   3.046
   2.477
   2.964
   3.359
   2.927
   0.055
   0.110
  -0.319
   0.557
  -0.914
   0.090
   0.326
  -0.393
  -0.281
  -0.272
  -0.073
  -0.318
   0.696
  -0.293
   0.183
  -0.410
   0.288
   0.288
  -0.122
   0.752
   0.589
   0.434
  -0.255
   0.781
  -0.319
   0.174
   0.140
   0.056
   0.565
   0.369
  -0.062
  -0.331
  -0.531
  -0.041
  -0.422
  -0.222
  -0.197
  -0.069
   0.188
   0.322
   0.190
  -0.415
  -0.226
   0.187
   0.178
   0.029
   0.250
  -0.401
  -0.222
  -0.041
   0.422
   0.016
  -0.227
  -0.318
   0.088
   0.294
   0.633
   0.471
  -0.372
  -0.366
  -0.028
   0.057
   0.666
   0.815
  -0.399
   0.055
  -0.069
  -0.330
  -0.161
  -0.015
   0.228
  -0.169
  -0.263
   0.440
   0.525
   0.890
   0.198
   0.008
  -0.189
   0.391
   0.331
   0.841
   0.566
  -0.146
  -0.024
   0.416
   0.042
   0.132
  -0.116
  -0.316
  -0.631
  -0.243
   0.308
   0.111
   0.049
   0.194
   0.625
  -0.095
  -0.031
  -0.182
  -0.218
   0.228
   0.230
  -0.246
  -0.202
  -0.554
   0.078
   0.276
  -0.667
  -0.268
  -0.093
   1.358
   1.250
   0.981
   0.760
   1.607
   1.992
   2.259
   1.512
   2.100
   2.317
   2.172
   2.609
   2.533
   2.119
   3.343
   2.662
   2.763
   2.312
   2.871
   2.919
   2.448
   3.302
   3.093
   3.437
   3.188
   3.637
   0.321
   0.442
  -0.288
  -0.058
  -0.061
   0.823
  -0.185
  -0.264
   0.171
  -0.056
  -0.241
  -0.487
  -0.575
  -0.314
   0.494
  -0.512
  -0.379
   0.029
  -0.385
   0.100
  -0.269
  -0.655
  -0.666
  -0.811
  -0.193
  -0.391
  -0.078
  -0.256
   0.436
   0.432
   0.090
   0.179
  -0.023
   0.279
  -0.467
  -0.565
   0.418
   0.102
  -0.736
  -0.101
  -0.864
   0.045
   0.461
   0.162
   0.446
   0.223
  -0.334
   0.277
  -0.602
   0.319
   0.600
  -0.157
  -0.397
   0.117
  -0.719
  -0.136
  -0.181
   0.168
   0.091
  -0.029
  -0.054
   0.235
  -0.234
   0.171
  -0.135
   0.153
  -0.146
  -0.556
  -0.065
  -0.567
   0.656
  -0.053
   0.278
  -0.118
  -0.109
   0.393
   0.498
   0.676
  -0.040
   0.673
   0.704
   0.584
   0.384
   0.613
   0.225
  -0.137
   0.274
   0.651
  -0.055
  -0.486
  -0.013
   0.127
  -0.779
  -0.747
   0.664
   0.266
  -0.091
  -0.197
  -0.442
   0.027
   0.375
   0.480
  -0.208
  -0.299
   0.214
  -0.149
  -0.357
  -0.224
  -0.571
  -0.209
  -0.076
   0.583
   0.016
   1.070
   1.751
   1.791
   1.623
   1.678
   2.026
   2.128
   2.465
   2.367
   2.445
   1.906
   2.765
   2.482
   3.154
   2.926
   3.475
   2.904
   3.270
   3.219
   3.164
   3.146
   3.232
   3.448
   3.574
   0.338
  -0.198
  -0.929
   0.115
  -0.034
   0.011
  -0.374
  -0.495
   0.032
  -0.524
   0.023
   0.299
  -0.317
  -0.267
  -0.137
   0.023
  -0.089
   0.037
  -0.547
  -0.105
   0.250
   0.112
  -0.075
   0.103
   0.146
  -0.111
   0.139
  -0.445
   0.397
   0.281
   0.097
  -0.219
  -0.239
  -0.250
  -0.054
  -0.091
  -0.012
   0.054
   0.091
   0.791
  -0.090
  -0.362
  -0.098
  -0.209
  -0.521
   0.432
   0.064
   0.310
   0.259
   0.154
  -0.045
  -0.142
  -0.639
  -0.148
  -0.322
   0.103
   0.057
   0.002
   0.373
   0.201
  -0.347
   0.308
   0.270
   0.234
  -0.280
  -0.048
   0.204
  -0.126
   0.523
   0.048
  -0.312
   0.173
   0.843
   0.166
   0.924
   0.875
   1.329
   1.168
   0.236
   0.804
   1.005
   0.707
   0.504
  -0.542
   0.015
   0.095
  -0.250
  -0.110
  -0.208
   0.134
   0.042
  -0.095
   0.402
   0.017
  -0.240
   0.264
  -0.351
  -0.176
  -0.218
  -0.350
   0.102
   0.339
   0.079
   0.098
   0.108
  -0.074
   0.305
   0.160
   1.291
   0.954
   1.424
   1.768
   1.532
   2.258
   2.628
   1.229
   1.989
   1.836
   2.159
   2.276
   2.072
   2.104
   1.734
   2.447
   3.348
   2.580
   2.739
   2.819
   3.186
   3.379
   3.030
   3.265
   3.434
   3.496
   3.510
   3.067
   3.445
   0.384
  -0.648
   0.195
   0.025
  -0.221
   0.955
  -0.147
   0.345
   0.442
   0.084
   0.064
   0.399
   0.300
  -0.047
  -0.110
  -0.047
   0.498
  -0.051
  -0.002
   0.152
   0.083
   0.022
   0.239
   0.145
  -0.025
   0.039
  -0.745
   0.707
   0.250
   0.282
   0.366
  -0.376
  -0.493
  -0.033
  -0.020
  -0.022
   0.172
  -0.198
   0.552
  -0.222
   0.542
   0.426
   0.184
  -0.558
   0.113
  -0.209
   0.585
  -0.033
  -0.920
  -0.008
   0.065
  -0.181
  -0.309
   0.167
   0.565
  -0.284
   0.294
   0.285
  -0.525
  -0.453
   0.760
  -0.331
  -0.241
   0.261
  -0.203
   0.260
   0.477
   1.096
   0.277
   0.931
   0.796
   0.763
   0.569
   0.417
   0.776
   0.654
   0.856
   1.438
   1.563
   0.830
   0.106
   0.415
   0.268
  -0.230
  -0.098
  -0.161
   0.020
   0.248
   0.508
   0.079
   0.120
  -0.374
   0.138
   0.041
   0.431
  -0.475
  -0.067
   0.207
  -0.095
  -0.125
   0.000
  -0.341
  -0.310
   0.282
   0.645
   0.468
   1.437
   1.240
   1.592
   1.408
   1.899
   2.524
   2.328
   1.918
   1.755
   2.272
   2.126
   2.473
   2.147
   2.008
   2.611
   2.673
   2.412
   2.337
   2.454
   2.773
   2.842
   2.426
   2.694
   3.277
   2.659
   2.987
   2.341
   3.039
   3.356
   3.470
   3.459
   0.370
   0.177
  -0.055
  -0.215
  -0.421
   0.066
   0.178
   0.095
   0.419
  -0.554
  -0.569
  -0.132
   0.741
   0.119
  -0.069
  -0.365
  -0.380
   0.808
  -0.023
  -0.134
   0.033
  -0.063
   0.175
  -0.433
  -0.298
  -0.044
   0.043
  -0.043
  -0.154
  -0.009
  -0.058
  -0.044
  -0.508
   0.984
   0.096
   0.203
  -0.482
   1.024
   0.057
  -0.059
   0.675
  -0.297
   0.124
  -0.126
  -0.059
   0.067
  -0.327
  -0.121
   0.117
   0.004
  -0.191
  -0.470
  -0.261
   0.151
   0.251
  -0.441
  -0.103
   0.149
  -0.116
  -0.069
   0.434
   0.801
   0.065
   0.282
   0.052
   0.941
   1.053
   1.343
   0.884
   0.556
   0.996
   1.054
   1.017
   1.214
   0.453
   1.150
   1.099
   1.985
  -0.099
  -0.360
   0.157
  -0.469
  -0.037
   0.285
  -0.028
  -0.334
  -0.086
  -0.859
  -0.076
  -0.029
  -0.236
  -0.087
   0.043
  -0.189
  -0.262
   0.346
   0.176
  -0.110
  -0.160
  -0.437
   0.012
  -0.587
   0.509
   0.825
   1.238
   1.332
   1.841
   1.646
   1.560
   1.670
   1.692
   2.073
   2.178
   2.757
   2.142
   2.609
   2.560
   2.456
   2.363
   2.836
   2.825
   2.545
   2.319
   2.529
   2.600
   2.981
   2.920
   2.830
   3.460
   3.115
   2.929
   2.591
   3.616
   3.045
   3.842
   2.987
   3.324
  -0.026
  -0.101
  -0.425
  -0.096
   0.019
   0.034
  -0.016
   0.339
   0.019
   0.045
  -0.492
   0.675
  -0.298
  -0.060
  -0.160
  -0.339
   0.974
  -1.086
   0.466
  -0.488
   0.484
  -0.218
  -0.377
   0.304
   0.205
  -0.288
  -0.040
   0.047
   0.004
   0.200
   0.204
  -0.387
   0.601
  -0.429
  -0.239
  -0.140
  -0.261
   0.180
   0.292
   0.058
   0.090
   0.477
  -0.346
  -0.106
  -0.411
  -0.914
  -0.052
   0.088
  -0.285
   0.487
  -0.106
  -0.486
   0.690
   0.321
   0.159
  -0.511
   0.224
   0.105
   0.265
  -0.445
  -0.094
   0.250
   0.410
   0.044
   0.193
   1.006
   0.817
   0.230
   1.433
   1.049
   1.056
   1.065
   1.793
   1.489
   1.215
   0.999
  -0.233
  -0.292
  -0.485
  -0.827
   0.113
   0.247
  -0.225
  -0.130
   0.158
   0.061
  -0.162
  -0.486
  -0.404
   0.209
   0.530
   0.322
  -0.205
  -0.255
  -0.198
  -0.065
  -0.225
  -0.064
   0.253
   0.161
   1.185
   2.075
   1.535
   1.519
   1.862
   2.116
   2.024
   2.126
   1.964
   2.032
   2.047
   2.287
   2.391
   2.446
   2.508
   2.860
   2.734
   2.773
   2.651
   2.639
   2.652
   2.103
   3.070
   2.293
   2.869
   2.853
   3.114
   2.558
   2.739
   3.071
   3.048
   2.877
   3.245
   3.579
   2.972
   3.080
   3.455
  -0.738
   0.279
  -0.001
   0.248
   0.107
  -0.484
   0.034
  -0.529
  -0.117
   0.640
  -0.212
   0.169
  -0.219
   0.069
  -0.291
  -0.366
  -0.231
   0.130
  -0.513
   0.181
  -0.022
  -0.028
   0.374
  -0.587
  -0.502
  -0.118
   0.287
   0.521
  -0.090
  -0.031
   0.039
   0.695
   0.279
   0.572
  -0.007
  -0.600
  -0.015
  -0.026
  -0.726
   0.454
   0.062
  -0.096
  -0.341
   0.524
   0.230
  -0.236
  -0.323
   0.173
   0.264
  -0.388
  -0.150
   0.132
   0.288
  -0.289
  -0.530
   0.573
  -0.528
   0.504
  -0.177
   0.215
   0.510
  -0.071
   0.693
   0.624
   0.716
   1.324
   1.466
   0.677
   1.259
   1.269
   1.064
   1.838
   1.271
   1.195
   1.388
   0.053
   0.246
   0.406
  -0.239
  -0.177
  -0.001
   0.235
   0.096
  -0.076
  -0.257
   0.128
  -0.474
  -0.284
  -0.062
   0.103
  -0.092
   0.232
   0.043
   0.430
   1.369
   1.543
   1.459
   1.272
   1.437
   1.775
   1.493
   2.551
   2.113
   2.350
   1.887
   2.647
   2.335
   1.842
   2.475
   1.817
   2.334
   2.377
   2.382
   2.444
   2.398
   2.515
   1.927
   2.248
   2.637
   2.336
   2.083
   2.509
   1.959
   2.491
   2.338
   2.447
   3.019
   2.707
   3.423
   2.608
   2.710
   3.226
   3.991
   2.870
   4.183
   3.856
   3.532
  -0.403
   0.246
  -0.194
  -0.047
   0.012
  -0.216
   0.093
   0.515
  -0.394
   0.512
  -0.826
  -0.531
  -0.116
   0.040
   0.346
  -0.779
  -0.198
   0.145
   0.826
  -0.366
  -0.030
   0.480
  -0.104
  -0.063
  -0.003
   0.158
  -0.284
  -0.269
  -0.059
  -0.475
  -0.253
   0.314
  -0.173
  -0.054
   0.012
  -0.140
  -0.283
   0.047
  -0.173
  -0.404
  -0.066
   0.119
  -0.074
  -0.002
  -0.032
  -0.121
   0.175
   0.161
  -0.156
   0.392
   0.545
  -0.515
  -0.152
  -0.401
  -0.459
   0.564
  -0.085
   0.448
   0.725
   0.818
   0.923
   1.155
   1.098
   1.574
   1.664
   1.481
   1.159
   1.271
   1.384
   1.434
   1.657
   1.303
   1.789
   0.413
   0.346
   0.292
  -0.027
  -0.202
  -0.388
   0.007
  -0.073
  -0.232
  -0.184
  -0.344
   0.570
  -0.032
  -0.348
   0.094
   0.622
   0.823
   1.225
  -0.600
  -0.193
   0.828
   1.184
   1.735
   1.114
   1.772
   1.889
   1.659
   1.814
   1.538
   2.144
   1.683
   1.934
   1.855
   1.962
   2.030
   2.212
   2.167
   2.472
   2.514
   2.846
   2.251
   2.340
   2.369
   2.450
   2.613
   2.787
   3.022
   2.735
   2.116
   2.367
   1.938
   2.637
   2.671
   2.252
   3.426
   2.560
   2.876
   3.443
   3.760
   3.918
   2.953
   3.753
   3.283
   3.892
  -0.110
  -0.156
   0.155
   0.014
  -0.391
   0.353
   0.409
   0.038
  -0.250
  -0.457
   0.203
   0.089
  -0.284
   0.356
  -0.308
   0.042
  -0.179
   0.291
  -0.166
  -0.275
  -0.174
  -0.389
   0.229
   0.189
  -0.380
  -0.554
   0.325
  -0.036
  -0.015
  -0.055
  -0.483
   0.487
   0.192
  -0.319
  -0.102
   0.322
  -0.053
  -0.015
   0.056
  -0.419
   0.084
   0.194
  -0.254
   0.500
  -0.437
  -0.229
  -0.388
   0.109
   0.902
  -0.140
   0.774
  -0.095
  -0.286
   0.460
   0.404
   0.247
   0.572
   1.639
   0.163
   1.384
   1.457
   1.843
   1.613
   2.576
   2.061
   1.678
   1.075
   2.102
   1.829
   1.325
   1.518
   1.724
   0.065
  -0.047
   0.318
   0.367
  -0.085
  -0.215
   0.033
   0.166
  -0.089
  -0.037
  -0.025
  -0.277
  -0.483
  -0.044
  -0.206
   0.290
   0.869
   0.604
   0.701
   1.092
   1.078
   1.337
   1.378
   1.727
   0.837
   2.178
   1.559
   1.716
   2.508
   1.967
   2.333
   2.423
   2.546
   2.383
   2.324
   1.894
   2.201
   2.136
   2.349
   2.343
   2.319
   2.656
   2.579
   1.635
   2.845
   1.876
   2.888
   2.694
   3.044
   3.254
   2.443
   2.590
   2.788
   3.221
   2.998
   2.505
   2.970
   2.825
   2.948
   3.194
   3.081
   3.199
   3.953
   3.681
   3.078
   0.332
   0.122
   0.461
  -0.678
   0.146
  -0.457
  -0.279
  -0.071
   0.296
   0.130
  -0.455
   0.194
   0.235
   0.124
  -0.078
  -0.303
   0.316
  -0.066
   0.198
  -0.171
   0.291
  -0.155
   0.059
  -0.052
  -0.274
   0.179
   0.414
  -0.100
   0.048
   0.093
  -0.470
  -0.297
  -0.344
   0.245
  -0.238
  -0.047
   0.204
  -0.177
  -0.482
   0.024
   0.053
  -0.350
   0.015
  -0.725
  -0.201
  -0.463
  -0.143
   0.286
   0.306
   0.438
   0.546
   0.980
  -0.192
   0.589
   0.853
   1.055
   1.380
   1.096
   1.555
   1.262
   1.819
   1.194
   2.197
   2.700
   1.794
   2.173
   2.388
   1.694
   1.925
   1.906
   1.392
   1.192
   0.176
   0.590
  -0.260
  -0.517
  -0.385
  -0.398
   0.395
  -0.113
   0.536
  -0.078
   0.035
   0.069
  -0.116
   0.306
  -0.568
   0.672
   1.111
   1.446
   1.661
   1.912
   1.837
   1.386
   1.910
   1.932
   2.253
   2.411
   1.308
   2.076
   2.375
   1.524
   2.228
   1.791
   1.671
   2.034
   2.344
   2.193
   2.152
   2.289
   2.861
   2.394
   2.149
   2.833
   1.970
   2.538
   2.595
   3.055
   2.438
   3.226
   2.777
   2.379
   2.485
   2.976
   3.185
   2.855
   2.359
   2.883
   3.231
   2.657
   2.775
   2.904
   3.850
   3.588
   3.284
   3.713
   3.631
   0.592
   0.351
  -0.462
  -0.348
   0.009
   0.651
  -0.139
   0.059
   0.024
  -0.183
  -0.160
   0.476
   0.153
  -0.168
   0.376
  -0.123
   0.161
  -0.734
  -0.216
   0.018
  -0.391
  -0.205
  -0.132
  -0.342
  -0.530
  -0.139
   0.143
  -0.020
  -0.226
  -0.498
  -0.115
  -0.044
   0.709
  -0.255
  -0.034
   0.395
  -0.207
   0.363
   0.198
   0.017
  -0.084
   0.215
  -0.077
   0.033
  -0.331
  -0.044
   0.187
  -0.456
  -0.050
   0.801
   0.788
   0.790
   1.500
   1.444
   0.641
   0.993
   0.598
   1.907
   1.782
   1.614
   1.460
   1.665
   1.855
   1.810
   2.029
   2.088
   2.121
   2.104
   2.565
   2.415
   1.557
   1.569
   0.049
   0.018
   0.163
   0.053
  -0.788
   0.386
  -0.351
   0.391
  -0.305
  -0.309
   0.116
   0.554
  -0.099
   0.567
   1.370
   0.924
   1.751
   1.934
   1.857
   1.995
   1.905
   2.119
   2.196
   2.013
   1.956
   1.651
   1.981
   2.456
   2.661
   1.878
   2.507
   2.492
   2.139
   1.705
   1.994
   2.548
   2.509
   2.940
   2.523
   2.597
   2.370
   2.240
   2.703
   2.894
   2.688
   2.460
   2.498
   2.567
   2.626
   3.210
   3.295
   2.634
   2.673
   2.608
   3.104
   3.294
   3.580
   3.142
   3.057
   3.568
   3.045
   3.278
   3.143
   3.886
   3.718
  -0.036
  -0.053
  -0.024
  -0.160
  -0.166
  -0.008
  -0.203
   0.443
   0.588
   0.191
   0.276
  -0.449
   0.056
  -0.411
   0.043
   0.626
  -0.036
  -0.284
   0.279
   0.403
  -0.270
   0.311
   0.025
   0.033
   0.133
  -0.239
  -0.129
  -0.589
   0.078
  -0.216
   0.456
   0.009
  -0.311
  -0.097
  -0.518
   0.023
   0.216
  -0.366
   0.652
   0.035
  -0.486
   0.228
   0.185
   0.125
  -0.309
  -0.049
   0.778
   0.503
   1.184
   1.143
   0.729
   1.975
   1.397
   1.110
   0.836
   1.197
   1.925
   1.437
   1.783
   1.755
   2.371
   2.170
   2.144
   2.408
   2.675
   2.043
   2.108
   2.074
   2.608
   2.519
   1.821
   1.307
   0.252
  -0.041
   0.405
  -0.311
  -0.219
  -0.883
  -0.369
   0.055
   0.175
  -0.378
  -0.161
   0.599
   1.021
   1.494
   1.347
   1.623
   1.766
   1.725
   1.303
   1.954
   2.138
   1.795
   1.943
   2.419
   2.306
   2.625
   2.132
   2.490
   2.330
   1.606
   2.681
   2.848
   2.799
   1.959
   2.616
   1.760
   2.472
   2.282
   2.613
   2.912
   2.097
   2.460
   2.828
   2.575
   2.449
   2.499
   2.113
   2.710
   2.435
   3.109
   2.286
   2.079
   2.774
   2.757
   2.776
   2.692
   2.959
   3.806
   2.749
   2.930
   3.850
   3.427
   3.641
   3.041
   3.398
  -0.054
   0.174
  -0.131
  -0.573
  -0.136
   0.249
   0.126
  -0.015
  -0.340
   0.029
  -0.491
   0.188
   0.065
  -0.316
  -0.132
  -0.606
  -0.666
  -0.270
   0.009
  -0.178
   0.770
  -0.124
  -0.032
   0.555
   0.190
  -0.200
   0.065
  -0.326
   0.459
  -0.492
   0.006
   0.516
   0.326
  -0.186
  -0.450
  -0.271
  -0.459
  -0.222
  -0.325
   0.089
   0.098
  -0.246
  -0.618
   0.905
   0.699
   0.947
   0.638
   0.886
   1.318
   1.044
   0.978
   1.030
   1.393
   1.281
   1.119
   1.623
   1.714
   1.434
   1.914
   2.290
   2.473
   1.649
   2.540
   2.462
   2.535
   2.802
   2.425
   2.572
   2.824
   3.116
   2.557
   2.336
  -0.579
   0.433
  -0.570
  -0.309
   0.193
  -0.367
  -0.640
   0.109
   0.055
  -0.002
   0.089
   0.560
   0.898
   1.850
   0.926
   1.989
   1.652
   2.017
   2.285
   1.885
   1.613
   2.017
   1.743
   2.214
   2.345
   2.493
   1.649
   2.471
   2.211
   2.192
   2.276
   2.472
   2.205
   2.809
   2.913
   2.024
   2.224
   2.347
   3.057
   2.425
   2.728
   2.886
   2.709
   2.723
   2.547
   2.261
   2.921
   2.742
   1.806
   2.368
   2.378
   2.493
   2.554
   3.086
   2.880
   2.501
   3.260
   3.549
   3.489
   3.597
   3.160
   3.428
   3.811
   3.924
   2.771
   0.054
   0.390
   0.554
   0.154
  -0.243
  -0.211
   0.144
   0.006
   0.177
   0.021
   0.116
   0.071
  -0.566
  -0.061
  -0.197
  -0.099
   0.569
  -0.425
  -0.198
  -0.057
  -0.340
  -0.069
   0.249
   0.011
  -0.000
   0.069
  -0.613
  -0.658
  -0.118
   0.463
   0.385
   0.496
  -0.193
  -0.315
  -0.153
  -0.287
  -0.397
   0.232
   0.256
   0.228
   0.030
   0.871
   0.613
   0.393
   0.783
   1.548
   1.633
   1.443
   1.546
   1.359
   1.816
   2.523
   1.115
   1.920
   1.947
   2.034
   1.882
   2.509
   2.601
   2.670
   2.865
   2.262
   2.413
   2.816
   2.718
   2.951
   2.546
   2.348
   2.955
   1.783
   2.560
   2.523
   1.219
  -0.395
   0.095
   0.404
  -0.139
   0.288
   0.196
   0.051
   0.063
  -0.418
   0.941
   1.291
   1.175
   1.366
   1.503
   1.861
   1.723
   1.880
   1.544
   1.574
   2.165
   1.687
   1.921
   2.630
   2.237
   2.315
   2.103
   2.298
   2.693
   3.246
   2.795
   2.373
   3.004
   2.695
   2.821
   2.571
   3.066
   2.177
   2.756
   2.065
   2.441
   2.702
   2.567
   2.067
   2.976
   2.416
   2.802
   3.360
   2.554
   2.137
   3.087
   1.905
   2.732
   2.462
   2.806
   3.383
   3.157
   3.493
   2.626
   3.088
   3.436
   3.648
   3.859
   3.849
   3.433
   0.553
  -0.220
   0.167
  -0.245
  -0.391
   0.205
   0.716
   0.566
   0.274
  -0.144
  -0.478
  -0.482
   0.200
   0.520
   0.067
   0.264
   0.251
  -0.630
   0.094
  -0.096
  -0.308
  -0.006
   0.229
  -0.098
  -0.302
   0.206
  -0.028
   0.313
  -0.086
   0.586
   0.092
   0.019
  -0.258
   0.017
  -0.310
   0.250
  -0.878
   0.102
  -0.220
   0.004
   1.092
   0.753
   1.119
   0.713
   0.772
   1.262
   1.439
   1.719
   1.955
   1.312
   1.757
   2.399
   2.017
   1.734
   2.643
   2.169
   2.051
   2.563
   2.043
   2.961
   2.853
   2.654
   2.497
   2.696
   2.252
   2.556
   3.439
   2.984
   2.564
   2.941
   2.587
   2.298
   1.981
   0.719
  -0.013
  -0.049
   0.121
  -0.158
   0.038
   1.081
   1.694
   1.222
   1.573
   1.336
   1.872
   1.121
   1.621
   2.464
   1.856
   2.375
   2.554
   1.524
   2.581
   2.169
   2.702
   2.260
   2.345
   2.060
   2.546
   1.896
   2.744
   2.663
   2.269
   2.357
   2.744
   2.253
   2.743
   2.774
   2.668
   2.678
   2.403
   2.645
   2.671
   2.810
   3.003
   2.855
   2.965
   2.799
   2.674
   2.965
   3.081
   2.768
   2.374
   2.435
   3.130
   2.465
   2.876
   3.120
   3.175
   3.203
   3.586
   2.729
   3.096
   3.907
   3.924
   3.353
   3.357
   0.207
  -0.197
  -0.354
  -0.795
  -0.968
   0.521
   0.245
   0.140
  -0.286
  -0.319
   0.021
  -0.315
  -0.148
   0.249
   0.229
   0.164
   0.338
   0.453
   1.006
   0.088
  -0.130
   0.077
  -0.098
  -0.177
   0.152
  -0.151
   0.022
   0.105
   0.289
  -0.106
  -0.373
  -0.843
  -0.120
   0.497
  -0.194
   0.182
  -0.060
   0.315
   0.871
   0.082
   1.005
   1.098
   0.866
   1.889
   0.792
   2.086
   1.297
   1.912
   2.025
   2.218
   2.459
   2.136
   2.074
   1.929
   2.341
   2.954
   2.413
   2.357
   2.655
   2.568
   2.593
   2.499
   2.728
   3.071
   2.704
   2.500
   2.623
   2.579
   2.489
   2.821
   2.588
   2.905
   1.648
   0.740
   0.461
   0.443
  -0.493
   0.209
   0.874
   1.188
   0.809
   2.015
   1.450
   2.111
   2.276
   2.471
   2.090
   2.009
   2.320
   2.594
   2.340
   2.009
   1.680
   2.642
   1.690
   2.388
   2.726
   2.241
   2.618
   2.207
   2.027
   2.724
   2.327
   2.736
   2.443
   2.750
   2.627
   2.413
   2.505
   2.391
   2.439
   2.885
   2.474
   2.994
   2.356
   3.054
   2.893
   3.447
   2.248
   2.770
   2.515
   2.714
   2.719
   2.783
   2.877
   2.552
   2.827
   3.101
   3.131
   3.840
   3.221
   2.900
   3.901
   3.319
   3.200
   3.453
   3.378
  -0.261
  -0.332
  -0.089
  -0.098
  -0.076
  -0.213
   0.048
  -0.071
   0.193
   0.179
   0.329
   0.326
   0.127
   0.443
  -0.326
  -0.180
  -0.319
   0.028
   0.452
  -0.208
   0.073
   0.042
  -0.176
  -0.035
   0.277
   0.631
  -0.246
  -0.554
  -0.196
  -0.029
   0.051
  -0.157
   0.145
  -0.290
  -0.320
   0.400
   0.211
   0.168
   0.721
   0.586
   0.518
   1.680
   1.019
   1.238
   2.184
   2.230
   1.976
   2.221
   2.210
   2.200
   2.200
   1.224
   2.151
   2.673
   2.698
   2.606
   2.778
   2.311
   2.639
   2.840
   2.452
   2.918
   2.575
   2.513
   3.529
   2.912
   2.805
   2.646
   2.876
   2.844
   3.196
   2.944
   2.463
   1.516
   1.751
   2.112
   1.222
   1.090
   1.835
   1.418
   1.439
   1.488
   1.159
   1.482
   1.955
   2.273
   2.614
   2.129
   2.710
   2.108
   1.438
   2.227
   1.894
   2.617
   1.989
   2.311
   1.855
   1.988
   2.459
   2.557
   2.349
   2.302
   2.652
   1.830
   2.353
   3.192
   2.585
   2.701
   2.380
   2.504
   2.979
   2.768
   2.217
   2.524
   2.690
   3.584
   2.474
   2.987
   2.846
   2.785
   2.986
   2.813
   3.081
   2.767
   3.078
   2.883
   3.318
   3.976
   3.377
   3.488
   3.466
   3.053
   2.807
   3.310
   3.281
   3.019
   3.707
   0.379
  -0.153
  -0.338
  -0.345
  -0.501
  -0.132
   0.276
   0.078
   0.414
   0.552
  -0.122
  -0.649
   0.274
  -0.237
   0.520
  -0.226
  -0.439
  -0.291
  -0.017
  -0.118
  -0.424
   0.281
   0.046
   0.515
   0.354
  -0.393
   0.632
  -0.375
  -0.134
  -0.191
   0.305
  -0.459
  -0.331
  -0.024
  -0.697
   0.063
  -0.251
   1.136
   1.389
   0.965
   1.691
   1.571
   1.408
   1.833
   1.557
   1.919
   2.061
   2.920
   2.055
   1.911
   2.400
   2.882
   2.079
   2.302
   2.448
   2.784
   3.285
   2.842
   3.009
   3.752
   3.635
   2.135
   2.635
   2.659
   3.773
   2.687
   3.505
   2.722
   2.936
   2.692
   3.448
   2.462
   2.789
   3.023
   2.266
   1.913
   1.555
   1.839
   1.056
   2.228
   1.833
   2.103
   1.901
   2.059
   2.005
   2.307
   2.241
   2.202
   2.387
   2.128
   2.463
   2.664
   2.070
   2.953
   2.568
   2.484
   2.653
   2.588
   2.009
   2.346
   2.743
   2.040
   2.441
   2.150
   1.608
   2.417
   2.357
   2.964
   2.481
   2.260
   2.522
   2.387
   3.135
   2.575
   3.291
   2.417
   2.961
   2.909
   2.529
   2.814
   2.240
   3.039
   3.218
   2.442
   2.711
   3.441
   3.368
   3.234
   3.349
   4.057
   3.321
   2.753
   3.414
   3.407
   3.609
   3.459
   3.829
  -0.351
  -0.177
  -0.305
  -0.100
  -0.078
  -0.150
  -0.564
  -0.015
   0.372
  -0.125
   0.037
  -0.165
   0.446
   0.077
   0.256
  -0.367
   0.429
  -0.260
  -0.168
  -0.150
   0.419
  -0.232
  -0.255
  -0.124
  -0.319
  -0.135
   0.105
  -0.220
   0.029
  -0.398
  -0.268
  -0.157
  -0.590
  -0.503
   0.237
   0.340
   0.683
   0.397
   1.234
   1.509
   1.446
   1.516
   2.206
   1.825
   2.059
   1.825
   2.534
   2.534
   2.218
   3.012
   2.296
   2.807
   3.154
   2.760
   2.408
   2.568
   3.231
   2.785
   3.017
   2.944
   2.720
   3.019
   3.200
   3.331
   2.915
   3.134
   2.999
   3.106
   3.687
   2.267
   2.975
   2.902
   2.545
   1.873
   2.824
   1.922
   1.775
   1.835
   2.162
   1.989
   2.435
   2.566
   2.049
   2.333
   2.233
   2.545
   1.653
   2.555
   2.356
   2.310
   2.276
   3.026
   2.419
   2.290
   2.533
   2.303
   2.815
   2.458
   2.784
   2.791
   2.259
   2.601
   2.508
   2.604
   2.296
   2.825
   2.692
   2.311
   2.332
   2.710
   2.406
   2.161
   2.534
   2.872
   2.971
   3.281
   2.626
   3.178
   3.086
   3.301
   2.712
   3.320
   2.970
   3.594
   3.045
   3.427
   3.283
   2.903
   3.338
   3.255
   3.865
   2.981
   3.228
   3.381
   2.777
   3.669
   4.298
  -0.327
   0.316
  -0.100
   0.222
   0.150
   0.514
   0.226
  -0.295
   0.116
   0.133
  -0.282
   0.138
  -0.197
   0.470
   0.199
  -0.160
   0.092
   0.185
   0.032
  -0.396
  -0.351
  -0.203
  -0.237
   0.392
  -0.139
   0.340
  -0.371
   0.024
   0.155
  -0.024
   0.485
   0.157
  -0.355
  -0.165
   0.054
   1.163
   0.621
   1.114
   1.387
   1.491
   1.545
   1.599
   1.702
   1.196
   2.610
   2.234
   2.561
   3.004
   2.550
   2.575
   2.577
   2.837
   2.863
   2.953
   2.812
   3.415
   3.082
   2.718
   2.527
   2.893
   3.446
   3.178
   3.163
   3.329
   2.763
   3.232
   3.022
   3.200
   3.753
   2.562
   2.845
   3.285
   3.371
   2.826
   2.969
   2.742
   2.857
   3.119
   1.821
   2.767
   2.357
   2.483
   2.256
   2.055
   2.943
   2.767
   2.462
   3.052
   2.740
   2.017
   2.629
   2.819
   2.333
   2.901
   2.214
   2.697
   2.054
   1.897
   2.398
   3.236
   2.687
   2.830
   2.042
   2.261
   3.726
   2.827
   2.676
   3.052
   2.831
   2.848
   2.549
   2.491
   2.599
   2.955
   2.444
   3.004
   2.399
   3.026
   3.019
   3.184
   2.705
   3.781
   2.848
   2.888
   3.773
   3.459
   2.724
   2.754
   3.363
   3.786
   4.273
   3.793
   2.773
   3.700
   3.167
   3.370
   3.003
  -0.251
   0.350
  -0.098
  -0.028
  -0.010
  -0.198
   0.027
   0.047
  -0.126
   0.176
  -0.332
   0.086
  -0.599
   0.604
   0.816
  -0.310
  -0.338
   0.267
   0.169
   0.155
   0.299
  -0.186
   0.461
   0.649
  -0.544
  -0.076
  -0.240
   0.448
   0.110
  -0.141
   0.274
  -0.162
  -0.308
   0.323
  -0.320
   0.817
   0.811
   1.239
   1.484
   1.234
   1.475
   2.862
   2.012
   2.616
   2.620
   2.353
   2.891
   2.640
   2.780
   2.824
   3.169
   2.926
   3.144
   3.201
   2.486
   3.488
   2.564
   3.449
   2.335
   3.309
   3.065
   3.031
   3.274
   2.808
   3.856
   3.174
   3.043
   3.476
   3.089
   2.999
   2.987
   3.100
   3.033
   3.428
   3.276
   2.468
   2.459
   2.329
   2.699
   2.622
   2.999
   2.891
   1.806
   3.464
   2.819
   2.744
   2.550
   1.856
   2.606
   2.326
   2.384
   2.693
   2.798
   3.159
   2.598
   2.792
   2.473
   2.681
   1.997
   2.125
   2.609
   2.437
   2.918
   2.918
   2.091
   2.705
   2.582
   2.202
   2.821
   2.820
   2.488
   2.439
   2.708
   2.726
   3.003
   3.059
   2.824
   3.128
   3.414
   3.111
   2.782
   2.725
   2.783
   2.616
   3.040
   3.436
   3.467
   3.118
   3.812
   3.598
   2.632
   3.286
   3.555
   2.820
   3.962
   3.584
   3.738
  -0.362
   0.311
  -0.210
   0.173
  -0.078
  -0.898
  -0.014
  -0.212
   0.134
   0.277
   0.375
  -0.369
  -0.040
   0.229
   0.000
  -0.204
  -0.806
   0.198
  -0.121
   0.210
  -0.166
  -0.092
   0.000
  -0.221
  -0.298
  -0.309
   0.773
   0.157
   0.003
   0.133
   0.605
  -0.101
   0.256
   0.382
   0.330
   0.662
   1.688
   1.748
   1.542
   2.341
   1.826
   2.688
   2.571
   2.939
   2.597
   2.528
   2.333
   2.938
   3.008
   2.838
   3.813
   3.279
   2.619
   2.945
   2.883
   3.442
   3.058
   3.616
   3.722
   3.088
   3.321
   3.495
   3.317
   3.581
   3.336
   3.346
   2.708
   3.439
   3.289
   3.373
   3.523
   3.006
   3.109
   2.688
   3.240
   3.336
   3.513
   3.398
   2.965
   2.121
   2.755
   3.150
   2.937
   3.060
   2.527
   3.144
   3.031
   3.282
   2.781
   2.781
   1.988
   3.063
   2.538
   2.401
   2.637
   2.557
   2.111
   1.985
   2.295
   2.684
   2.461
   3.169
   2.791
   2.632
   2.592
   3.459
   2.082
   2.283
   2.632
   2.675
   2.714
   2.147
   2.673
   2.612
   3.388
   3.355
   3.510
   3.224
   3.627
   2.747
   3.755
   2.890
   2.977
   2.473
   3.371
   3.155
   2.901
   3.153
   3.435
   3.176
   2.981
   3.345
   3.267
   3.684
   3.502
   3.416
   3.471
  -0.074
   0.197
   0.459
   0.289
  -0.071
   0.056
   0.132
  -0.077
   0.320
   0.642
   0.092
   0.211
  -1.061
  -0.216
   0.282
   0.510
   0.246
   0.129
   0.152
   0.206
   0.077
   0.252
  -0.371
   0.542
   0.193
  -0.188
   0.134
  -0.034
   0.065
   0.033
   0.015
   0.057
   0.296
  -0.505
   0.635
   0.399
   1.131
   0.851
   2.075
   1.590
   2.197
   1.933
   2.427
   2.454
   2.791
   2.355
   2.643
   2.891
   2.546
   2.545
   3.180
   3.317
   2.957
   3.579
   3.714
   2.855
   3.317
   2.592
   3.565
   2.910
   3.548
   3.829
   3.503
   3.715
   3.604
   3.778
   2.908
   3.547
   3.208
   3.388
   3.196
   3.077
   3.663
   3.231
   2.482
   2.538
   3.331
   2.877
   3.432
   2.190
   2.478
   2.798
   3.065
   2.287
   2.881
   3.014
   3.157
   2.745
   2.629
   2.517
   2.387
   2.203
   2.143
   2.781
   2.282
   2.527
   2.537
   2.833
   2.435
   2.322
   2.261
   2.992
   2.817
   2.764
   2.850
   2.734
   2.507
   2.820
   2.518
   1.982
   2.352
   2.965
   3.163
   2.758
   3.175
   2.290
   2.959
   2.754
   3.015
   2.849
   3.560
   3.179
   2.988
   3.145
   2.813
   2.890
   3.086
   3.131
   3.611
   3.767
   3.377
   3.100
   3.560
   3.684
   3.496
   3.706
   2.959
  -0.231
   0.312
   0.072
  -0.209
   0.507
   0.400
   0.349
   0.087
  -0.028
   0.955
  -0.325
  -0.262
  -0.073
   0.032
   0.425
   0.104
  -0.171
   0.173
   0.152
   0.108
   0.799
  -0.024
   0.009
   0.031
   0.115
  -0.369
   0.210
   0.029
   0.111
   0.031
   0.013
  -0.049
   0.046
  -0.101
   0.573
   0.620
   1.240
   1.600
   1.545
   2.098
   1.693
   3.207
   2.777
   2.806
   3.350
   2.294
   2.763
   3.497
   2.611
   2.394
   2.660
   2.260
   2.906
   3.468
   2.818
   3.214
   2.943
   3.479
   3.088
   3.104
   3.139
   3.365
   3.286
   3.008
   3.119
   3.793
   3.331
   3.034
   4.163
   3.501
   3.253
   3.249
   3.303
   3.132
   3.520
   2.986
   2.910
   3.340
   2.328
   2.981
   2.217
   2.950
   2.851
   2.819
   2.469
   2.958
   3.887
   2.789
   3.145
   3.081
   2.396
   3.020
   2.894
   2.671
   2.633
   2.668
   2.666
   2.078
   2.819
   2.589
   3.090
   2.624
   2.466
   2.942
   2.807
   2.867
   2.884
   2.365
   2.553
   2.817
   2.699
   3.088
   3.401
   2.801
   3.214
   2.659
   2.947
   3.198
   2.766
   2.712
   3.105
   2.773
   2.966
   2.859
   2.866
   3.355
   3.160
   3.342
   3.234
   2.778
   3.601
   3.806
   3.868
   3.096
   3.293
   3.312
   3.874
  -0.013
   0.353
  -0.120
   0.264
   0.016
   0.299
  -0.238
   0.147
   0.047
   0.112
  -0.130
   0.200
  -0.281
  -0.378
  -0.134
   0.556
  -0.226
   0.147
   0.150
   0.533
   0.522
   0.294
  -0.340
   0.500
  -0.755
  -0.891
   0.206
   0.114
  -0.155
   0.298
   0.063
   0.317
   0.208
   0.098
   0.358
   0.941
   1.047
   1.792
   1.663
   2.717
   2.877
   2.352
   2.496
   2.615
   2.949
   3.217
   2.731
   3.467
   2.889
   3.352
   3.270
   3.070
   3.141
   3.315
   2.720
   3.446
   2.737
   3.668
   3.293
   3.488
   3.080
   3.340
   2.851
   3.599
   3.660
   2.937
   3.269
   2.670
   3.833
   2.744
   3.227
   3.032
   3.436
   3.407
   3.430
   3.146
   3.192
   3.334
   2.453
   2.269
   3.612
   3.044
   2.518
   2.896
   2.780
   3.255
   2.657
   2.755
   3.126
   2.933
   2.829
   3.446
   2.980
   3.289
   2.519
   2.533
   2.677
   2.980
   2.704
   2.569
   2.517
   2.919
   3.202
   3.002
   2.649
   2.957
   2.728
   2.504
   2.611
   2.197
   2.862
   3.615
   3.034
   2.769
   2.729
   3.073
   3.154
   2.768
   2.964
   2.822
   3.035
   3.091
   2.478
   3.398
   3.273
   3.143
   2.942
   3.559
   2.606
   3.000
   3.337
   3.333
   3.625
   2.861
   4.424
   3.042
   2.704
  -0.331
   0.031
  -0.815
   0.283
   0.058
   0.354
  -0.403
   0.130
  -0.274
   0.932
  -0.112
   0.140
   0.126
   0.326
   0.009
   0.766
  -0.578
  -0.266
  -0.232
   0.359
   0.461
   0.034
   0.199
  -0.081
   0.437
  -0.082
  -0.443
  -0.142
  -0.685
  -0.200
  -0.067
   0.599
  -0.026
   0.095
   0.335
   1.266
   1.197
   1.718
   2.500
   2.446
   2.365
   3.002
   1.827
   3.346
   2.625
   2.415
   3.215
   3.184
   3.341
   2.853
   3.225
   3.042
   3.138
   2.990
   3.442
   4.090
   3.452
   3.620
   2.863
   3.148
   3.769
   3.569
   3.590
   3.637
   3.505
   3.325
   3.610
   4.402
   3.095
   3.049
   3.005
   3.322
   3.742
   3.326
   3.402
   3.507
   3.156
   3.193
   2.868
   3.403
   3.046
   3.071
   2.444
   2.694
   2.769
   2.623
   3.075
   2.519
   2.721
   3.101
   2.898
   2.401
   3.073
   2.546
   2.854
   2.499
   3.154
   2.099
   2.633
   2.672
   2.235
   2.608
   2.959
   2.801
   3.282
   2.484
   2.978
   2.648
   2.485
   2.681
   3.031
   2.465
   3.446
   2.757
   2.938
   2.547
   3.049
   3.115
   3.095
   3.069
   2.265
   3.157
   2.193
   3.265
   3.018
   3.008
   2.752
   3.382
   3.363
   3.680
   3.338
   3.776
   3.197
   3.761
   2.952
   3.402
   3.253
   0.015
   0.527
   0.436
  -0.000
   0.833
   0.650
  -0.309
   0.459
  -0.123
  -0.528
  -0.172
   0.079
   0.627
  -0.156
  -0.117
  -0.701
  -0.307
  -0.139
  -0.221
   0.325
  -0.041
   0.181
  -0.184
  -0.376
   0.288
   0.118
   0.615
   0.037
   0.441
  -0.256
  -0.524
   0.579
   0.171
   0.091
   0.289
  -0.042
   1.057
   1.537
   1.436
   2.154
   2.546
   2.313
   2.917
   3.274
   2.981
   2.524
   3.061
   2.881
   3.266
   3.866
   3.355
   2.742
   3.708
   3.032
   3.671
   3.279
   3.039
   3.359
   3.452
   3.614
   3.103
   3.438
   3.538
   2.795
   3.350
   3.427
   3.101
   3.639
   3.072
   4.026
   3.401
   3.293
   3.509
   3.589
   3.388
   3.055
   2.863
   2.890
   3.318
   3.371
   3.845
   3.293
   2.888
   2.997
   3.361
   3.195
   3.240
   3.457
   3.340
   3.164
   3.472
   2.769
   2.937
   2.752
   2.888
   2.897
   3.205
   2.860
   3.061
   3.009
   3.143
   3.039
   3.219
   3.249
   3.323
   2.562
   2.874
   2.497
   2.400
   2.522
   3.105
   2.710
   2.613
   3.120
   3.311
   3.194
   3.369
   3.685
   3.072
   2.852
   3.464
   2.938
   2.474
   2.950
   3.817
   2.340
   3.753
   3.056
   3.421
   2.939
   3.185
   3.447
   3.085
   3.506
   3.117
   3.152
   3.514
  -0.118
  -0.808
  -0.759
   0.037
  -0.550
   0.081
  -0.205
  -0.109
   0.006
   0.479
  -0.042
   0.166
  -0.167
  -0.147
   0.228
   0.384
   0.343
   0.287
  -0.082
   0.112
  -0.243
   0.357
  -0.374
   0.142
  -0.446
  -0.091
   0.592
  -0.054
   0.184
  -0.076
   0.093
  -0.450
  -0.098
  -0.297
  -0.034
  -0.062
   1.010
   1.539
   1.982
   1.579
   1.751
   2.671
   2.661
   2.391
   3.335
   3.436
   3.638
   2.959
   3.389
   3.519
   3.957
   3.428
   3.655
   3.417
   3.563
   3.285
   3.415
   3.069
   3.304
   3.356
   3.561
   3.687
   3.116
   3.263
   3.771
   3.653
   3.577
   3.761
   3.579
   3.550
   3.072
   3.795
   3.586
   2.903
   3.209
   3.263
   3.227
   3.404
   3.099
   3.071
   3.480
   3.296
   2.592
   2.129
   3.420
   3.144
   3.003
   2.603
   2.781
   2.595
   2.298
   2.608
   2.876
   2.799
   2.712
   2.714
   2.885
   2.182
   2.687
   3.499
   2.704
   3.456
   2.440
   2.710
   2.598
   2.846
   2.999
   2.520
   3.133
   3.293
   3.255
   3.144
   3.164
   2.338
   2.775
   2.822
   3.505
   2.444
   3.761
   2.534
   2.796
   2.411
   2.912
   3.071
   2.829
   2.729
   3.046
   3.622
   2.690
   3.456
   2.555
   2.969
   3.840
   3.946
   3.310
   3.012
   3.303
  -0.030
   0.008
  -0.114
   0.299
   0.547
  -0.280
  -0.011
   0.140
  -0.265
   0.280
  -0.077
  -0.145
  -0.226
   0.163
  -0.557
  -0.209
  -0.015
  -0.062
  -0.260
   0.339
  -0.064
   0.290
  -0.007
   0.081
   0.804
   0.208
  -0.536
   0.228
   0.390
   0.345
   0.206
   0.329
   0.108
   0.020
   0.022
  -0.193
   0.124
   1.249
   1.814
   1.711
   1.654
   0.897
   2.591
   3.049
   2.425
   3.523
   2.905
   2.476
   3.112
   3.466
   2.895
   3.474
   2.756
   3.705
   3.732
   2.623
   3.139
   3.287
   3.537
   3.528
   3.600
   3.788
   3.083
   3.670
   3.490
   3.778
   3.601
   3.606
   3.395
   2.986
   2.786
   2.976
   3.104
   3.371
   2.989
   3.481
   3.398
   3.121
   3.458
   3.095
   3.182
   2.551
   3.213
   3.269
   3.737
   2.738
   2.912
   3.586
   3.005
   3.098
   3.593
   2.566
   2.897
   2.987
   2.378
   3.115
   3.538
   2.482
   2.905
   2.791
   2.683
   2.193
   3.036
   2.802
   3.511
   2.834
   3.234
   3.365
   3.221
   2.816
   2.558
   3.090
   2.239
   3.097
   2.605
   2.677
   2.926
   3.242
   3.467
   2.629
   2.597
   3.347
   3.299
   3.036
   3.085
   2.670
   3.247
   3.206
   3.505
   2.995
   2.556
   3.007
   3.714
   3.640
   3.459
   3.488
   3.623
   0.196
   0.066
  -0.523
   0.189
   0.301
  -0.457
  -0.068
   0.359
  -0.010
  -0.558
  -0.546
   0.253
   0.124
  -0.080
  -0.316
   1.005
   0.193
   0.188
   0.040
  -0.023
  -0.446
   0.631
   0.369
   0.342
   0.022
  -0.332
   0.030
   0.207
   0.395
  -0.222
   0.103
  -0.237
   0.087
   0.120
   0.033
  -0.272
  -0.500
  -0.411
   1.025
   1.014
   0.580
  -0.078
   2.264
   2.735
   2.772
   2.575
   3.859
   2.481
   3.205
   3.317
   3.750
   3.184
   3.210
   3.550
   3.841
   3.250
   3.920
   3.043
   3.385
   3.119
   3.430
   3.829
   3.527
   3.639
   3.825
   3.345
   3.730
   4.184
   2.806
   3.747
   3.648
   3.414
   4.306
   3.057
   3.367
   2.869
   3.047
   3.247
   3.801
   2.972
   3.041
   2.866
   3.390
   3.291
   3.300
   2.748
   3.341
   2.998
   2.835
   3.773
   3.199
   3.424
   2.605
   2.874
   2.926
   2.955
   2.576
   2.889
   3.217
   3.145
   2.476
   2.911
   3.501
   2.693
   2.406
   2.800
   2.397
   2.978
   2.738
   2.613
   2.793
   3.458
   3.289
   3.034
   2.435
   3.166
   2.941
   3.154
   2.983
   2.539
   3.436
   3.200
   3.254
   3.382
   2.359
   3.149
   2.690
   3.601
   3.303
   3.928
   3.577
   3.505
   4.176
   3.400
   3.205
   3.044
   3.411
  -0.225
  -0.225
   0.492
   0.393
   0.636
   0.143
  -0.112
  -0.060
   0.259
  -0.079
   0.252
  -0.352
  -0.186
  -0.352
  -0.341
  -0.314
   0.409
   0.270
  -0.256
  -0.039
  -0.201
   0.348
   0.762
  -0.374
   0.378
