     898
    1035
    1036
    1173
    1174
    1311
    2276
    2414
    2552
    2689
    2690
    2827
    2828
    2965
    2966
    3103
    3241
    3379
    3516
    3517
    3654
    3655
    3792
    3793
    3930
    4067
    4068
    4205
    4206
    4343
    4344
    4481
    4619
    4756
    4757
    4894
    4895
    5032
    5170
    5307
    5308
    5445
    5446
    5583
    5721
    5858
    5859
    5996
    5997
    6134
    6272
    6409
    6410
    6547
    6548
    6685
    6823
    6960
    6961
    7098
    7236
    7373
    7374
    7511
    7512
    7649
    7787
    7924
    7925
    8062
    8200
    8337
    8338
    8475
    8613
    8750
    8751
    8888
    9026
    9163
    9164
    9301
    9439
    9576
    9577
    9714
    9852
    9989
    9990
   10127
   10264
   10265
   10402
   10540
   10677
   10678
   10815
   10953
   11090
   11091
   11092
   11093
   11094
   11095
   11096
