   1.268
   1.711
   2.001
   2.384
   2.488
   3.653
   1.388
   1.829
   2.276
   2.642
   2.656
   2.913
   2.994
   2.872
   2.932
   2.738
   2.749
   2.589
   2.818
   2.805
   2.780
   2.921
   2.776
   2.704
   2.690
   2.642
   2.977
   2.799
   3.049
   3.299
   3.250
   3.368
   3.536
   3.363
   3.546
   3.507
   3.765
   3.498
   3.534
   3.672
   3.726
   3.017
   3.856
   3.426
   3.311
   3.201
   3.460
   2.924
   3.502
   3.687
   3.753
   4.033
   4.042
   3.782
   4.332
   3.991
   3.703
   4.016
   3.523
   3.576
   3.830
   4.738
   4.088
   4.443
   4.327
   4.340
   3.711
   3.711
   3.622
   4.453
   4.984
   5.545
   5.555
   5.769
   5.630
   6.161
   5.465
   5.826
   5.735
   6.195
   5.739
   5.876
   5.628
   5.748
   5.814
   5.613
   5.385
   5.259
   4.737
   5.341
   5.424
   5.234
   5.181
   4.686
   4.917
   4.570
   4.556
   4.354
   4.273
   4.489
   4.540
   4.313
   4.295
   4.026
   4.439
