0.00
0.00
0.00
0.00
0.00
0.00
0.00
0.00
0.00
0.00
0.00
0.00
0.00
0.00
0.00
0.00
0.00
0.00
0.00
0.00
0.00
0.00
0.00
0.00
0.00
0.00
0.00
0.00
0.00
0.00
0.00
0.00
0.00
0.00
0.00
0.00
0.00
0.00
0.00
0.00
0.00
0.00
0.00
0.00
0.00
0.00
0.00
0.00
0.00
0.00
0.00
0.00
0.00
0.00
0.00
0.00
0.00
0.00
0.00
0.00
0.00
0.00
0.00
0.00
0.00
0.00
0.00
0.00
0.00
0.00
0.00
0.00
0.00
0.00
0.00
0.00
0.00
0.00
0.00
0.00
0.00
0.00
0.00
0.00
0.00
0.00
0.00
0.00
0.00
0.00
0.00
0.00
0.00
0.00
0.00
0.00
0.00
0.00
0.00
0.00
0.00
0.00
0.00
0.00
0.00
0.00
0.00
0.00
0.00
0.00
0.00
0.00
0.00
0.00
0.00
0.00
0.00
0.00
0.00
0.00
0.00
0.00
0.00
0.00
0.00
0.00
0.00
0.00
0.00
0.00
0.00
0.00
0.00
0.00
0.00
0.00
0.00
0.00
0.00
0.00
0.00
0.00
0.00
0.00
0.00
0.00
0.00
0.00
0.00
0.00
0.00
0.00
0.00
0.00
0.00
0.00
0.00
0.00
0.00
0.00
0.00
0.00
0.00
0.00
0.00
0.00
0.00
0.00
0.00
0.00
0.00
0.00
0.00
0.00
0.00
0.00
0.00
0.00
0.00
0.00
0.00
0.00
0.00
0.00
0.00
0.00
0.00
0.00
0.00
0.00
0.00
0.00
0.00
0.00
0.00
0.00
0.00
0.00
0.00
0.00
0.00
0.00
0.00
0.00
0.00
0.00
0.00
0.00
0.00
0.00
0.00
0.00
0.00
0.00
0.00
0.00
0.00
0.00
0.00
0.00
0.00
0.00
0.00
0.00
0.00
0.00
0.00
0.05
0.65
0.70
0.73
0.81
0.89
1.00
1.10
1.17
1.22
1.29
1.35
1.40
1.44
1.47
1.42
1.39
1.40
0.92
0.00
0.00
0.00
0.00
0.04
0.07
0.09
0.00
0.00
0.00
0.00
1.25
1.58
1.82
1.94
2.07
2.18
2.28
2.39
2.48
2.58
2.68
2.77
2.85
2.91
2.97
3.04
0.00
0.00
0.00
0.00
0.00
0.00
0.00
0.00
0.00
0.00
0.00
0.00
0.00
0.00
0.00
0.00
0.00
0.00
0.00
0.00
0.00
0.00
0.00
0.00
0.00
0.00
0.00
0.00
0.00
0.00
0.00
0.00
0.00
0.00
0.00
0.00
0.00
0.00
0.00
0.00
0.00
0.00
0.00
0.00
0.00
0.00
0.00
0.00
0.00
0.00
0.00
0.00
0.00
0.00
0.00
0.00
0.00
0.00
0.00
0.00
0.00
0.00
0.00
0.00
0.00
0.00
0.00
0.00
0.00
0.00
0.00
0.00
0.00
0.00
0.00
0.00
0.00
0.00
0.00
0.00
0.00
0.00
0.00
0.00
0.01
0.01
0.00
0.00
0.00
0.00
0.00
0.00
0.00
0.00
0.00
0.00
0.00
0.00
0.00
0.69
0.46
0.85
1.26
1.29
0.00
0.00
0.82
1.19
1.34
1.25
0.00
0.00
0.00
0.05
0.14
0.00
0.00
0.00
0.00
0.00
1.46
1.75
1.94
2.08
2.17
2.25
2.35
2.43
2.52
2.61
2.71
2.80
2.88
2.96
3.02
3.08
3.15
0.00
0.00
0.00
0.00
0.00
0.00
0.00
0.00
0.00
0.00
0.00
0.00
0.00
0.00
0.00
0.00
0.00
0.00
0.00
0.00
0.00
0.00
0.00
0.00
0.00
0.00
0.00
0.00
0.00
0.00
0.00
0.00
0.00
0.00
0.00
0.00
0.00
0.00
0.00
0.00
0.00
0.00
0.00
0.00
0.00
0.00
0.00
0.00
0.00
0.00
0.00
0.00
0.00
0.00
0.00
0.00
0.00
0.00
0.00
0.00
0.00
0.00
0.00
0.00
0.00
0.00
0.00
0.00
0.00
0.00
0.00
0.00
0.00
0.00
0.00
0.00
0.00
0.00
0.00
0.00
0.00
0.00
0.00
0.01
0.01
0.00
0.00
0.00
0.00
0.00
0.00
0.00
0.00
0.00
0.00
0.00
0.00
0.00
0.00
0.00
0.00
0.00
0.00
0.00
0.00
0.00
0.00
0.00
0.00
0.00
0.00
0.00
0.00
0.00
0.00
0.00
0.00
1.42
1.65
1.82
1.93
2.06
2.14
2.23
2.31
2.38
2.45
2.54
2.62
2.70
2.79
2.87
2.95
3.02
3.09
3.14
3.21
0.00
0.00
0.00
0.00
0.00
0.00
0.00
0.00
0.00
0.00
0.00
0.00
0.00
0.00
0.00
0.00
0.00
0.00
0.00
0.00
0.00
0.00
0.00
0.00
0.00
0.00
0.00
0.00
0.00
0.00
0.00
0.00
0.00
0.00
0.00
0.00
0.00
0.00
0.00
0.00
0.00
0.00
0.00
0.00
0.00
0.00
0.00
0.00
0.00
0.00
0.00
0.00
0.00
0.00
0.00
0.00
0.00
0.00
0.00
0.00
0.00
0.00
0.00
0.00
0.00
0.00
0.00
0.00
0.00
0.00
0.00
0.00
0.00
0.00
0.00
0.00
0.00
0.00
0.00
0.00
0.09
0.10
0.05
0.00
0.00
0.00
0.00
0.00
0.00
0.00
0.00
0.00
0.00
0.00
0.00
0.00
0.00
0.00
0.00
0.00
0.00
0.00
0.00
0.00
0.00
0.00
0.00
0.00
0.00
0.00
0.00
0.09
0.72
0.84
1.12
1.35
1.61
1.82
1.94
2.03
2.11
2.18
2.25
2.33
2.40
2.47
2.55
2.62
2.70
2.77
2.85
2.92
3.00
3.06
3.13
3.20
3.26
0.00
0.00
0.00
0.00
0.00
0.00
0.00
0.00
0.00
0.00
0.00
0.00
0.00
0.00
0.00
0.00
0.00
0.00
0.00
0.00
0.00
0.00
0.00
0.00
0.00
0.00
0.00
0.00
0.00
0.00
0.00
0.00
0.00
0.00
0.00
0.00
0.00
0.00
0.00
0.00
0.00
0.00
0.00
0.00
0.00
0.00
0.00
0.00
0.00
0.00
0.00
0.00
0.00
0.00
0.00
0.00
0.00
0.00
0.00
0.00
0.00
0.00
0.00
0.00
0.00
0.00
0.00
0.00
0.00
0.00
0.00
0.00
0.00
0.00
0.00
0.00
0.00
0.00
0.16
0.19
0.22
0.21
0.00
0.00
0.03
0.01
0.00
0.01
0.01
0.01
0.01
0.02
0.02
0.00
0.00
0.00
0.00
0.00
0.00
0.00
0.00
0.00
0.00
0.00
0.00
0.00
0.00
0.00
0.00
0.00
0.07
0.68
0.86
1.05
1.38
1.70
1.90
2.03
2.11
2.17
2.23
2.28
2.35
2.42
2.49
2.56
2.63
2.69
2.76
2.83
2.90
2.97
3.04
3.10
3.17
3.23
3.29
0.00
0.00
0.00
0.00
0.00
0.00
0.00
0.00
0.00
0.00
0.00
0.00
0.00
0.00
0.00
0.00
0.00
0.00
0.00
0.00
0.00
0.00
0.00
0.00
0.00
0.00
0.00
0.00
0.00
0.00
0.00
0.00
0.00
0.00
0.00
0.00
0.00
0.00
0.00
0.00
0.00
0.00
0.00
0.00
0.00
0.00
0.00
0.00
0.00
0.00
0.00
0.00
0.00
0.00
0.00
0.00
0.00
0.00
0.00
0.00
0.00
0.00
0.00
0.00
0.00
0.00
0.00
0.00
0.00
0.00
0.00
0.00
0.00
0.00
0.00
0.24
0.27
0.32
0.35
0.56
0.59
0.56
0.49
0.42
0.22
0.06
0.00
0.01
0.01
0.01
0.00
0.00
0.00
0.00
0.00
0.00
0.00
0.00
0.00
0.00
0.00
0.00
0.00
0.00
0.00
0.00
0.00
0.00
0.00
0.00
0.00
0.38
0.00
1.30
1.74
1.95
2.08
2.16
2.23
2.27
2.32
2.38
2.44
2.50
2.57
2.64
2.70
2.76
2.83
2.89
2.95
3.01
3.08
3.13
3.20
3.26
3.33
0.00
0.00
0.00
0.00
0.00
0.00
0.00
0.00
0.00
0.00
0.00
0.00
0.00
0.00
0.00
0.00
0.00
0.00
0.00
0.00
0.00
0.00
0.00
0.00
0.00
0.00
0.00
0.00
0.00
0.00
0.00
0.00
0.00
0.00
0.00
0.00
0.00
0.00
0.00
0.00
0.00
0.00
0.00
0.00
0.00
0.00
0.00
0.00
0.00
0.00
0.00
0.00
0.00
0.00
0.00
0.00
0.00
0.00
0.00
0.00
0.00
0.00
0.00
0.00
0.00
0.10
0.00
0.00
0.00
0.00
0.00
0.40
0.46
0.57
0.80
0.74
0.70
0.68
0.68
0.69
0.67
0.62
0.54
0.00
0.00
0.00
0.00
0.01
0.00
0.00
0.00
0.00
0.00
0.00
0.00
0.00
0.00
0.00
0.00
0.00
0.00
0.00
0.00
0.00
0.00
0.00
0.00
0.00
1.04
1.38
1.59
1.89
1.87
1.97
2.07
2.15
2.21
2.26
2.30
2.34
2.39
2.46
2.51
2.57
2.63
2.69
2.75
2.80
2.86
2.92
2.98
3.03
3.10
3.16
3.22
3.29
3.36
0.00
0.00
0.00
0.00
0.00
0.00
0.00
0.00
0.00
0.00
0.00
0.00
0.00
0.00
0.00
0.00
0.00
0.00
0.00
0.00
0.00
0.00
0.00
0.00
0.00
0.00
0.00
0.00
0.00
0.00
0.00
0.00
0.00
0.00
0.00
0.00
0.00
0.00
0.00
0.00
0.00
0.00
0.00
0.00
0.00
0.00
0.00
0.00
0.00
0.00
0.00
0.00
0.00
0.00
0.00
0.00
0.00
0.00
0.00
0.00
0.00
0.00
0.00
0.00
0.00
0.66
0.64
0.68
0.80
0.82
0.83
0.84
0.83
0.85
0.88
0.86
0.85
0.83
0.82
0.80
0.00
0.00
0.00
0.00
0.00
0.00
0.00
0.00
0.00
0.00
0.00
0.00
0.00
0.00
0.00
0.00
0.00
0.00
0.00
0.00
0.00
0.00
0.00
0.00
0.00
0.00
1.10
1.46
1.73
1.83
1.92
2.00
2.07
2.13
2.19
2.25
2.29
2.33
2.38
2.43
2.47
2.53
2.58
2.63
2.68
2.73
2.79
2.84
2.89
2.95
3.01
3.06
3.12
3.18
3.25
3.32
3.40
0.00
0.00
0.00
0.00
0.00
0.00
0.00
0.00
0.00
0.00
0.00
0.00
0.00
0.00
0.00
0.00
0.00
0.00
0.00
0.00
0.00
0.00
0.00
0.00
0.00
0.00
0.00
0.00
0.00
0.00
0.00
0.00
0.00
0.00
0.00
0.00
0.00
0.00
0.00
0.00
0.00
0.00
0.00
0.00
0.00
0.00
0.00
0.00
0.00
0.00
0.00
0.00
0.00
0.00
0.00
0.00
0.00
0.00
0.00
0.00
0.00
0.00
0.00
0.00
0.09
0.70
0.88
0.87
0.97
1.02
1.06
1.08
1.06
1.05
1.03
0.98
0.95
0.91
0.00
0.00
0.00
0.00
0.00
0.00
0.00
0.00
0.00
0.00
0.00
0.00
0.00
0.00
0.00
0.00
0.00
0.00
0.00
0.00
0.00
0.00
0.00
0.00
0.27
1.06
1.34
1.47
1.64
1.77
1.89
1.98
2.05
2.12
2.17
2.22
2.27
2.31
2.35
2.41
2.46
2.50
2.54
2.58
2.63
2.68
2.73
2.77
2.82
2.87
2.92
2.97
3.03
3.08
3.15
3.20
3.26
3.35
3.43
0.00
0.00
0.00
0.00
0.00
0.00
0.00
0.00
0.00
0.00
0.00
0.00
0.00
0.00
0.00
0.00
0.00
0.00
0.00
0.00
0.00
0.00
0.00
0.00
0.00
0.00
0.00
0.00
0.00
0.00
0.00
0.00
0.00
0.00
0.00
0.00
0.00
0.00
0.00
0.00
0.00
0.00
0.00
0.00
0.00
0.00
0.00
0.00
0.00
0.00
0.00
0.00
0.00
0.00
0.00
0.00
0.00
0.00
0.00
0.00
0.00
0.00
0.00
0.00
0.00
0.92
0.94
1.02
1.05
1.15
1.21
1.24
1.21
1.15
1.10
1.04
0.00
0.00
0.00
0.00
0.00
0.00
0.00
0.00
0.00
0.00
0.00
0.00
0.00
0.00
0.00
0.00
0.00
0.00
0.00
0.00
0.00
0.00
0.00
0.32
1.23
1.37
1.62
1.65
1.75
1.82
1.89
1.95
2.02
2.08
2.14
2.20
2.25
2.29
2.33
2.37
2.41
2.47
2.52
2.55
2.59
2.63
2.68
2.72
2.76
2.80
2.85
2.89
2.94
2.98
3.04
3.10
3.17
3.22
3.29
3.36
3.43
0.00
0.00
0.00
0.00
0.00
0.00
0.00
0.00
0.00
0.00
0.00
0.00
0.00
0.00
0.00
0.00
0.00
0.00
0.00
0.00
0.00
0.00
0.00
0.00
0.00
0.00
0.00
0.00
0.00
0.00
0.00
0.00
0.00
0.00
0.00
0.00
0.00
0.00
0.00
0.00
0.00
0.00
0.00
0.00
0.00
0.00
0.00
0.00
0.00
0.00
0.00
0.00
0.00
0.00
0.00
0.00
0.00
0.00
0.00
0.00
0.00
0.12
0.83
0.95
1.07
1.22
1.21
0.35
1.22
1.30
1.36
1.36
1.33
1.25
1.15
0.00
0.00
0.00
0.00
0.00
0.00
0.00
0.00
0.00
0.00
0.00
0.00
0.00
0.00
0.10
0.00
0.00
0.00
0.00
0.86
1.07
1.17
1.29
1.38
1.57
1.61
1.70
1.77
1.84
1.90
1.95
2.00
2.05
2.10
2.16
2.22
2.26
2.31
2.35
2.38
2.41
2.43
2.47
2.56
2.59
2.63
2.67
2.70
2.74
2.78
2.81
2.85
2.89
2.94
2.99
3.05
3.10
3.19
3.24
3.30
3.36
3.41
0.00
0.00
0.00
0.00
0.00
0.00
0.00
0.00
0.00
0.00
0.00
0.00
0.00
0.00
0.00
0.00
0.00
0.00
0.00
0.00
0.00
0.00
0.00
0.00
0.00
0.00
0.00
0.00
0.00
0.00
0.00
0.00
0.00
0.00
0.00
0.00
0.00
0.00
0.00
0.00
0.00
0.00
0.00
0.00
0.00
0.00
0.00
0.00
0.00
0.00
0.00
0.00
0.00
0.00
0.00
0.61
0.00
0.00
0.80
0.95
0.90
1.02
1.27
1.32
1.41
1.46
1.47
1.47
1.57
1.59
1.56
1.44
1.37
0.42
0.00
0.00
0.00
0.00
0.00
0.00
0.00
0.00
0.00
0.00
0.00
0.00
0.00
0.03
0.07
0.82
0.95
0.00
0.00
1.10
1.36
1.47
1.55
1.63
1.70
1.76
1.82
1.88
1.92
1.96
2.00
2.04
2.08
2.12
2.17
2.23
2.28
2.33
2.37
2.40
2.43
2.46
2.48
2.50
2.57
2.63
2.67
2.70
2.72
2.74
2.76
2.80
2.85
2.90
2.95
2.98
3.03
3.10
3.21
3.26
3.30
3.36
3.42
0.00
0.00
0.00
0.00
0.00
0.00
0.00
0.00
0.00
0.00
0.00
0.00
0.00
0.00
0.00
0.00
0.00
0.00
0.00
0.00
0.00
0.00
0.00
0.00
0.00
0.00
0.00
0.00
0.00
0.00
0.00
0.00
0.00
0.00
0.00
0.00
0.00
0.00
0.00
0.00
0.00
0.00
0.00
0.00
0.00
0.00
0.00
0.00
0.00
0.00
0.66
0.00
0.00
0.60
0.64
0.00
0.35
0.81
0.98
1.16
1.28
1.45
1.59
1.64
1.68
1.69
1.72
1.75
1.79
1.77
1.72
1.54
0.39
0.00
0.00
0.00
0.00
0.00
0.00
0.00
0.00
0.00
0.00
0.00
0.00
0.00
0.00
0.08
0.39
1.06
1.23
1.34
1.43
1.55
1.63
1.69
1.75
1.81
1.87
1.92
1.96
2.00
2.03
2.06
2.09
2.13
2.16
2.20
2.24
2.28
2.33
2.36
2.39
2.43
2.46
2.50
2.54
2.57
2.61
2.66
2.68
2.71
2.71
2.72
2.76
2.80
2.86
2.93
2.99
3.02
3.07
3.14
3.24
3.29
3.31
3.37
3.42
0.00
0.00
0.00
0.00
0.00
0.00
0.00
0.00
0.00
0.00
0.00
0.00
0.00
0.00
0.00
0.00
0.00
0.00
0.00
0.00
0.00
0.00
0.00
0.00
0.00
0.00
0.00
0.00
0.00
0.00
0.00
0.00
0.00
0.00
0.00
0.00
0.00
0.00
0.00
0.00
0.00
0.00
0.00
0.00
0.00
0.00
0.00
0.00
0.00
0.65
0.79
0.77
0.21
0.77
0.89
0.84
0.94
1.15
1.31
1.50
1.64
1.77
1.83
1.86
1.89
1.90
1.92
1.96
1.96
1.95
1.75
0.95
0.00
0.00
0.00
0.00
0.00
0.00
0.00
0.00
0.00
0.00
0.00
0.00
0.00
0.00
0.00
0.87
1.09
1.30
1.43
1.55
1.63
1.71
1.77
1.83
1.88
1.93
1.98
2.03
2.07
2.10
2.13
2.16
2.19
2.21
2.24
2.27
2.30
2.33
2.36
2.39
2.41
2.44
2.46
2.52
2.56
2.60
2.64
2.67
2.68
2.67
2.67
2.68
2.73
2.77
2.86
2.94
3.01
3.06
3.12
3.19
3.27
3.34
3.38
3.46
3.51
0.00
0.00
0.00
0.00
0.00
0.00
0.00
0.00
0.00
0.00
0.00
0.00
0.00
0.00
0.00
0.00
0.00
0.00
0.00
0.00
0.00
0.00
0.00
0.00
0.00
0.00
0.00
0.00
0.00
0.00
0.00
0.00
0.00
0.00
0.00
0.00
0.00
0.00
0.00
0.00
0.00
0.00
0.00
0.00
0.00
0.00
0.00
0.00
0.00
0.82
0.85
0.90
0.84
0.83
1.03
1.12
1.30
1.44
1.62
1.77
1.90
2.01
2.05
2.07
2.09
2.09
2.11
2.13
2.11
2.06
1.88
1.58
0.00
0.00
0.00
0.00
0.00
0.00
0.00
0.00
0.00
0.00
0.00
0.00
0.00
0.82
1.01
1.22
1.36
1.50
1.61
1.72
1.79
1.84
1.90
1.95
2.00
2.04
2.09
2.13
2.16
2.19
2.22
2.25
2.28
2.30
2.32
2.34
2.36
2.38
2.40
2.42
2.43
2.45
2.47
2.51
2.56
2.60
2.65
2.66
2.63
2.63
2.59
2.51
2.67
2.67
2.83
2.95
3.02
3.09
3.17
3.24
3.32
3.39
3.46
3.51
3.57
0.00
0.00
0.00
0.00
0.00
0.00
0.00
0.00
0.00
0.00
0.00
0.00
0.00
0.00
0.00
0.00
0.00
0.00
0.00
0.00
0.00
0.00
0.00
0.00
0.00
0.00
0.00
0.00
0.00
0.00
0.00
0.00
0.00
0.00
0.00
0.00
0.00
0.00
0.00
0.00
0.00
0.00
0.00
0.00
0.00
0.00
0.77
0.00
0.71
0.94
1.01
1.13
1.16
1.19
1.33
1.51
1.67
1.80
1.93
2.05
2.15
2.25
2.28
2.29
2.29
2.29
2.29
2.28
2.25
2.20
2.07
1.83
0.00
0.00
0.00
0.00
0.00
0.00
0.00
0.00
0.00
0.00
0.00
0.00
0.58
1.06
1.26
1.41
1.53
1.66
1.76
1.85
1.92
1.97
2.02
2.06
2.11
2.15
2.18
2.22
2.25
2.28
2.31
2.34
2.37
2.39
2.40
2.41
2.42
2.43
2.44
2.45
2.46
2.47
2.48
2.51
2.55
2.59
2.62
2.63
2.56
2.61
2.52
2.26
2.45
2.60
2.78
2.92
3.05
3.13
3.22
3.29
3.37
3.43
3.49
3.54
3.59
0.00
0.00
0.00
0.00
0.00
0.00
0.00
0.00
0.00
0.00
0.00
0.00
0.00
0.00
0.00
0.00
0.00
0.00
0.00
0.00
0.00
0.00
0.00
0.00
0.00
0.00
0.00
0.00
0.00
0.00
0.00
0.00
0.00
0.00
0.00
0.00
0.00
0.00
0.00
0.00
0.00
0.00
0.00
0.65
0.67
0.73
0.91
0.86
1.07
1.19
1.14
1.33
1.37
1.47
1.64
1.78
1.92
2.04
2.15
2.25
2.35
2.44
2.47
2.47
2.47
2.46
2.44
2.42
2.39
2.35
2.24
2.07
0.00
0.00
0.00
0.00
0.00
0.00
0.00
0.00
0.00
0.00
0.00
0.57
1.08
1.28
1.43
1.55
1.67
1.79
1.88
1.97
2.03
2.08
2.12
2.16
2.20
2.23
2.26
2.30
2.33
2.35
2.38
2.41
2.43
2.45
2.46
2.46
2.46
2.46
2.47
2.47
2.49
2.49
2.51
2.54
2.58
2.62
2.66
2.66
2.59
2.58
2.58
2.66
2.71
2.80
2.93
3.02
3.14
3.20
3.28
3.34
3.40
3.45
3.50
3.55
3.60
0.00
0.00
0.00
0.00
0.00
0.00
0.00
0.00
0.00
0.00
0.00
0.00
0.00
0.00
0.00
0.00
0.00
0.00
0.00
0.00
0.00
0.00
0.00
0.00
0.00
0.00
0.00
0.00
0.00
0.00
0.00
0.00
0.00
0.00
0.00
0.00
0.00
0.00
0.00
0.00
0.05
0.63
0.65
0.81
0.94
1.13
1.22
1.35
1.42
1.54
1.57
1.70
1.73
1.82
1.92
2.01
2.11
2.21
2.31
2.42
2.52
2.61
2.63
2.64
2.63
2.61
2.58
2.55
2.52
2.49
2.40
2.25
1.18
0.00
0.00
0.00
0.00
0.00
0.00
0.00
0.00
0.00
0.93
1.11
1.29
1.43
1.56
1.68
1.80
1.91
2.00
2.08
2.13
2.17
2.21
2.25
2.28
2.30
2.33
2.36
2.39
2.41
2.44
2.47
2.49
2.50
2.51
2.51
2.49
2.49
2.50
2.50
2.50
2.50
2.52
2.57
2.62
2.66
2.71
2.72
2.71
2.72
2.75
2.79
2.85
2.96
3.06
3.13
3.20
3.26
3.32
3.36
3.42
3.46
3.51
3.55
3.60
0.00
0.00
0.00
0.00
0.00
0.00
0.00
0.00
0.00
0.00
0.00
0.00
0.00
0.00
0.00
0.00
0.00
0.00
0.00
0.00
0.00
0.00
0.00
0.00
0.00
0.00
0.00
0.00
0.00
0.00
0.00
0.00
0.00
0.00
0.00
0.00
0.00
0.00
0.00
0.00
0.70
0.83
0.95
1.07
1.22
1.39
1.52
1.65
1.72
1.81
1.87
1.97
2.01
2.08
2.13
2.19
2.26
2.34
2.43
2.53
2.63
2.73
2.75
2.75
2.74
2.72
2.70
2.67
2.64
2.61
2.54
2.40
1.95
0.42
0.10
0.00
0.00
0.00
0.00
0.80
0.95
1.04
1.26
1.40
1.50
1.60
1.70
1.80
1.91
2.01
2.09
2.16
2.21
2.25
2.28
2.31
2.33
2.34
2.37
2.40
2.42
2.44
2.47
2.50
2.51
2.53
2.53
2.51
2.49
2.51
2.53
2.52
2.51
2.52
2.55
2.61
2.67
2.72
2.76
2.79
2.81
2.84
2.86
2.90
2.98
3.07
3.13
3.18
3.23
3.28
3.32
3.37
3.41
3.46
3.50
3.54
3.59
0.00
0.00
0.00
0.00
0.00
0.00
0.00
0.00
0.00
0.00
0.00
0.00
0.00
0.00
0.00
0.00
0.00
0.00
0.00
0.00
0.00
0.00
0.00
0.00
0.00
0.00
0.00
0.00
0.00
0.00
0.00
0.00
0.00
0.00
0.00
0.00
0.00
0.00
0.62
0.68
0.82
1.05
1.19
1.33
1.49
1.64
1.76
1.88
1.97
2.06
2.12
2.19
2.24
2.28
2.32
2.35
2.40
2.45
2.53
2.62
2.72
2.82
2.84
2.83
2.82
2.79
2.78
2.77
2.75
2.72
2.68
2.55
2.36
0.70
0.44
0.32
0.22
0.18
0.86
1.17
1.31
1.43
1.56
1.65
1.73
1.79
1.85
1.92
2.01
2.10
2.17
2.23
2.28
2.31
2.33
2.35
2.36
2.37
2.39
2.41
2.44
2.46
2.49
2.51
2.53
2.55
2.54
2.51
2.48
2.49
2.50
2.48
2.48
2.54
2.61
2.68
2.73
2.78
2.82
2.86
2.89
2.93
2.96
3.01
3.06
3.10
3.15
3.19
3.24
3.28
3.32
3.36
3.40
3.45
3.49
3.53
3.57
0.00
0.00
0.00
0.00
0.00
0.00
0.00
0.00
0.00
0.00
0.00
0.00
0.00
0.00
0.00
0.00
0.00
0.00
0.00
0.00
0.00
0.00
0.00
0.00
0.00
0.00
0.00
0.00
0.00
0.00
0.00
0.00
0.00
0.00
0.00
0.00
0.00
0.00
0.75
0.90
1.05
1.27
1.42
1.56
1.71
1.86
1.99
2.11
2.20
2.27
2.33
2.38
2.41
2.45
2.48
2.51
2.55
2.59
2.66
2.73
2.82
2.90
2.91
2.90
2.89
2.88
2.87
2.86
2.84
2.82
2.78
2.68
2.53
1.92
1.63
1.48
1.34
1.36
1.43
1.56
1.67
1.76
1.84
1.90
1.95
1.99
2.03
2.08
2.14
2.20
2.25
2.30
2.33
2.36
2.37
2.38
2.38
2.39
2.40
2.43
2.45
2.48
2.50
2.52
2.54
2.56
2.54
2.50
2.45
2.39
2.40
2.46
2.53
2.62
2.68
2.74
2.79
2.83
2.87
2.90
2.93
2.97
3.00
3.04
3.08
3.12
3.16
3.20
3.24
3.28
3.32
3.35
3.39
3.44
3.48
3.51
3.55
0.00
0.00
0.00
0.00
0.00
0.00
0.00
0.00
0.00
0.00
0.00
0.00
0.00
0.00
0.00
0.00
0.00
0.00
0.00
0.00
0.00
0.00
0.00
0.00
0.00
0.00
0.00
0.00
0.00
0.00
0.00
0.00
0.00
0.00
0.00
0.00
0.00
0.69
0.95
1.14
1.30
1.48
1.63
1.78
1.92
2.07
2.21
2.34
2.41
2.47
2.51
2.55
2.58
2.61
2.64
2.67
2.71
2.74
2.79
2.84
2.90
2.96
2.97
2.97
2.97
2.96
2.96
2.95
2.94
2.92
2.88
2.80
2.67
2.47
2.23
2.03
1.95
1.92
1.95
2.00
2.05
2.09
2.13
2.17
2.19
2.21
2.23
2.25
2.27
2.30
2.33
2.37
2.38
2.39
2.40
2.40
2.40
2.40
2.41
2.43
2.45
2.48
2.50
2.53
2.55
2.57
2.57
2.52
2.48
2.48
2.49
2.57
2.64
2.69
2.74
2.78
2.82
2.86
2.90
2.93
2.96
3.00
3.03
3.06
3.10
3.13
3.17
3.21
3.24
3.28
3.31
3.35
3.39
3.42
3.46
3.50
3.53
0.00
0.00
0.00
0.00
0.00
0.00
0.00
0.00
0.00
0.00
0.00
0.00
0.00
0.00
0.00
0.00
0.00
0.00
0.00
0.00
0.00
0.00
0.00
0.00
0.00
0.00
0.00
0.00
0.00
0.00
0.00
0.00
0.00
0.00
0.00
0.00
0.50
0.90
1.15
1.33
1.50
1.67
1.82
1.97
2.12
2.26
2.39
2.51
2.58
2.63
2.67
2.71
2.73
2.76
2.78
2.81
2.84
2.87
2.90
2.93
2.98
3.02
3.04
3.04
3.04
3.04
3.04
3.04
3.02
3.01
2.97
2.91
2.81
2.70
2.57
2.45
2.37
2.32
2.30
2.30
2.31
2.33
2.34
2.36
2.37
2.38
2.38
2.39
2.39
2.40
2.42
2.44
2.44
2.45
2.44
2.44
2.44
2.43
2.44
2.46
2.48
2.50
2.53
2.55
2.57
2.59
2.60
2.60
2.59
2.60
2.64
2.67
2.70
2.74
2.77
2.81
2.85
2.89
2.92
2.95
2.98
3.02
3.05
3.08
3.11
3.14
3.18
3.21
3.24
3.28
3.31
3.34
3.38
3.41
3.45
3.48
3.52
0.00
0.00
0.00
0.00
0.00
0.00
0.00
0.00
0.00
0.00
0.00
0.00
0.00
0.00
0.00
0.00
0.00
0.00
0.00
0.00
0.00
0.00
0.00
0.00
0.00
0.00
0.00
0.00
0.00
0.00
0.00
0.00
0.00
0.00
0.00
0.41
0.83
1.12
1.33
1.51
1.68
1.84
2.00
2.15
2.30
2.45
2.56
2.66
2.73
2.78
2.81
2.84
2.86
2.88
2.91
2.93
2.95
2.98
3.00
3.02
3.06
3.09
3.11
3.11
3.12
3.12
3.12
3.12
3.10
3.09
3.05
3.00
2.93
2.85
2.77
2.69
2.62
2.56
2.52
2.51
2.50
2.50
2.51
2.52
2.52
2.52
2.51
2.50
2.50
2.50
2.50
2.51
2.51
2.50
2.50
2.49
2.48
2.48
2.48
2.50
2.51
2.54
2.56
2.58
2.60
2.61
2.63
2.64
2.65
2.66
2.68
2.70
2.73
2.76
2.80
2.83
2.87
2.91
2.94
2.97
3.00
3.03
3.06
3.08
3.11
3.14
3.18
3.21
3.24
3.27
3.30
3.33
3.37
3.40
3.43
3.46
3.50
0.00
0.00
0.00
0.00
0.00
0.00
0.00
0.00
0.00
0.00
0.00
0.00
0.00
0.00
0.00
0.00
0.00
0.00
0.00
0.00
0.00
0.00
0.00
0.00
0.00
0.00
0.00
0.00
0.00
0.00
0.00
0.00
0.00
0.00
0.00
0.76
1.05
1.28
1.47
1.66
1.83
1.99
2.15
2.30
2.44
2.57
2.68
2.78
2.84
2.88
2.92
2.94
2.97
2.98
3.00
3.02
3.04
3.06
3.08
3.11
3.13
3.16
3.18
3.19
3.19
3.19
3.19
3.19
3.17
3.15
3.12
3.07
3.02
2.96
2.90
2.84
2.77
2.72
2.67
2.64
2.63
2.62
2.62
2.62
2.61
2.61
2.60
2.59
2.58
2.57
2.57
2.58
2.57
2.57
2.56
2.55
2.54
2.53
2.54
2.55
2.57
2.58
2.60
2.62
2.64
2.65
2.66
2.67
2.68
2.69
2.71
2.73
2.76
2.78
2.82
2.85
2.88
2.92
2.95
2.98
3.01
3.03
3.06
3.09
3.11
3.14
3.17
3.20
3.23
3.26
3.29
3.32
3.35
3.39
3.42
3.45
3.48
0.00
0.00
0.00
0.00
0.00
0.00
0.00
0.00
0.00
0.00
0.00
0.00
0.00
0.00
0.00
0.00
0.00
0.00
0.00
0.00
0.00
0.00
0.00
0.00
0.00
0.00
0.00
0.00
0.00
0.00
0.00
0.00
0.00
0.00
0.00
0.92
1.24
1.41
1.61
1.79
1.97
2.13
2.29
2.43
2.55
2.67
2.77
2.86
2.92
2.96
3.00
3.03
3.05
3.07
3.09
3.10
3.12
3.13
3.15
3.18
3.20
3.23
3.25
3.25
3.26
3.26
3.26
3.25
3.24
3.22
3.18
3.13
3.09
3.04
2.99
2.94
2.89
2.83
2.78
2.74
2.72
2.70
2.69
2.69
2.68
2.67
2.66
2.65
2.64
2.64
2.64
2.63
2.63
2.63
2.63
2.62
2.61
2.60
2.60
2.61
2.63
2.64
2.65
2.67
2.68
2.68
2.69
2.70
2.71
2.72
2.73
2.75
2.78
2.80
2.83
2.87
2.90
2.93
2.96
2.98
3.01
3.03
3.06
3.08
3.11
3.13
3.16
3.19
3.22
3.25
3.28
3.31
3.34
3.38
3.41
3.44
3.47
0.00
0.00
0.00
0.00
0.00
0.00
0.00
0.00
0.00
0.00
0.00
0.00
0.00
0.00
0.00
0.00
0.00
0.00
0.00
0.00
0.00
0.00
0.00
0.00
0.00
0.00
0.00
0.00
0.00
0.00
0.00
0.00
0.00
0.00
0.00
0.00
1.14
1.46
1.71
1.91
2.08
2.25
2.39
2.52
2.64
2.75
2.84
2.93
2.99
3.03
3.07
3.10
3.12
3.13
3.15
3.16
3.18
3.19
3.22
3.24
3.27
3.30
3.31
3.32
3.32
3.32
3.32
3.31
3.29
3.27
3.24
3.20
3.16
3.12
3.07
3.03
2.98
2.93
2.88
2.83
2.80
2.77
2.76
2.75
2.74
2.72
2.71
2.70
2.70
2.69
2.69
2.69
2.69
2.69
2.68
2.68
2.67
2.66
2.67
2.67
2.68
2.69
2.70
2.71
2.72
2.72
2.73
2.74
2.74
2.75
2.76
2.78
2.80
2.82
2.85
2.88
2.90
2.93
2.96
2.99
3.01
3.03
3.06
3.08
3.10
3.13
3.15
3.18
3.21
3.24
3.27
3.30
3.33
3.37
3.40
3.42
3.45
0.00
0.00
0.00
0.00
0.00
0.00
0.00
0.00
0.00
0.00
0.00
0.00
0.00
0.00
0.00
0.00
0.00
0.00
0.00
0.00
0.00
0.00
0.00
0.00
0.00
0.00
0.00
0.00
0.00
0.00
0.00
0.00
0.00
0.00
0.60
0.70
1.09
1.52
1.79
2.02
2.19
2.34
2.47
2.59
2.70
2.80
2.89
2.98
3.04
3.08
3.11
3.14
3.16
3.18
3.19
3.21
3.23
3.25
3.28
3.30
3.33
3.35
3.37
3.37
3.38
3.38
3.37
3.36
3.35
3.32
3.29
3.26
3.22
3.19
3.15
3.10
3.06
3.01
2.96
2.91
2.87
2.84
2.82
2.80
2.79
2.77
2.77
2.76
2.75
2.75
2.74
2.74
2.74
2.73
2.73
2.73
2.73
2.73
2.73
2.74
2.74
2.75
2.75
2.76
2.76
2.76
2.77
2.77
2.78
2.78
2.79
2.80
2.82
2.84
2.86
2.89
2.91
2.93
2.96
2.98
3.01
3.03
3.05
3.07
3.10
3.12
3.14
3.17
3.20
3.23
3.26
3.29
3.32
3.36
3.38
3.41
3.44
0.00
0.00
0.00
0.00
0.00
0.00
0.00
0.00
0.00
0.00
0.00
0.00
0.00
0.00
0.00
0.00
0.00
0.00
0.00
0.00
0.00
0.00
0.00
0.00
0.00
0.00
0.00
0.00
0.00
0.00
0.00
0.00
0.00
0.17
0.70
0.92
1.25
1.59
1.85
2.06
2.25
2.40
2.53
2.65
2.75
2.85
2.94
3.03
3.08
3.12
3.16
3.18
3.20
3.22
3.23
3.25
3.27
3.29
3.32
3.34
3.37
3.40
3.41
3.41
3.42
3.42
3.41
3.40
3.38
3.36
3.33
3.31
3.28
3.24
3.21
3.17
3.12
3.08
3.03
2.99
2.94
2.91
2.88
2.86
2.85
2.83
2.82
2.82
2.81
2.80
2.80
2.80
2.79
2.79
2.79
2.79
2.78
2.78
2.78
2.78
2.79
2.79
2.79
2.79
2.79
2.80
2.80
2.80
2.81
2.81
2.82
2.83
2.84
2.86
2.88
2.90
2.92
2.94
2.96
2.99
3.01
3.03
3.05
3.07
3.09
3.12
3.14
3.16
3.19
3.22
3.25
3.28
3.32
3.35
3.38
3.40
3.43
0.00
0.00
0.00
0.00
0.00
0.00
0.00
0.00
0.00
0.00
0.00
0.00
0.00
0.00
0.00
0.00
0.00
0.00
0.00
0.00
0.00
0.00
0.00
0.00
0.00
0.00
0.00
0.00
0.00
0.00
0.00
0.00
0.00
0.00
0.58
1.06
1.36
1.64
1.84
2.16
2.25
2.44
2.58
2.70
2.80
2.90
2.99
3.07
3.13
3.16
3.19
3.22
3.24
3.25
3.27
3.28
3.30
3.32
3.35
3.38
3.40
3.43
3.44
3.45
3.45
3.44
3.43
3.42
3.40
3.39
3.37
3.35
3.32
3.29
3.26
3.22
3.18
3.14
3.09
3.05
3.01
2.97
2.94
2.92
2.91
2.89
2.88
2.87
2.87
2.86
2.86
2.85
2.85
2.85
2.84
2.84
2.84
2.83
2.83
2.83
2.83
2.83
2.82
2.82
2.82
2.82
2.82
2.83
2.83
2.83
2.84
2.85
2.86
2.87
2.89
2.91
2.93
2.95
2.97
2.99
3.01
3.03
3.05
3.07
3.09
3.12
3.14
3.16
3.19
3.22
3.25
3.28
3.31
3.34
3.37
3.40
3.42
0.00
0.00
0.00
0.00
0.00
0.00
0.00
0.00
0.00
0.00
0.00
0.00
0.00
0.00
0.00
0.00
0.00
0.00
0.00
0.00
0.00
0.00
0.00
0.00
0.00
0.00
0.00
0.00
0.00
0.00
0.00
0.00
0.00
0.00
0.00
0.00
1.32
1.62
1.87
2.09
2.28
2.41
2.58
2.71
2.83
2.94
3.03
3.11
3.16
3.20
3.23
3.25
3.27
3.29
3.30
3.32
3.33
3.35
3.38
3.40
3.43
3.45
3.45
3.45
3.45
3.44
3.43
3.42
3.41
3.39
3.38
3.37
3.35
3.33
3.30
3.27
3.23
3.19
3.15
3.11
3.08
3.04
3.01
2.99
2.97
2.96
2.94
2.93
2.92
2.92
2.91
2.91
2.90
2.90
2.89
2.89
2.88
2.87
2.86
2.86
2.86
2.86
2.85
2.85
2.85
2.85
2.85
2.85
2.85
2.86
2.86
2.87
2.88
2.89
2.91
2.92
2.94
2.96
2.98
3.00
3.02
3.04
3.06
3.08
3.10
3.12
3.14
3.17
3.19
3.22
3.25
3.28
3.31
3.34
3.37
3.39
3.42
0.00
0.00
0.00
0.00
0.00
0.00
0.00
0.00
0.00
0.00
0.00
0.00
0.00
0.00
0.00
0.00
0.00
0.00
0.00
0.00
0.00
0.00
0.00
0.00
0.00
0.00
0.00
0.00
0.00
0.00
0.00
0.00
0.00
0.00
0.00
0.00
1.02
1.56
1.80
1.90
1.93
2.31
2.47
2.64
2.82
2.96
3.06
3.14
3.19
3.23
3.26
3.28
3.30
3.32
3.33
3.35
3.37
3.39
3.40
3.41
3.41
3.42
3.42
3.42
3.43
3.43
3.42
3.41
3.40
3.39
3.38
3.38
3.37
3.37
3.34
3.31
3.28
3.24
3.21
3.17
3.14
3.11
3.08
3.06
3.04
3.03
3.01
2.99
2.98
2.98
2.97
2.97
2.96
2.95
2.94
2.93
2.92
2.90
2.89
2.89
2.88
2.88
2.88
2.87
2.87
2.87
2.87
2.87
2.87
2.88
2.89
2.90
2.91
2.92
2.93
2.94
2.95
2.97
2.99
3.01
3.02
3.04
3.06
3.08
3.10
3.12
3.15
3.17
3.20
3.22
3.25
3.28
3.31
3.34
3.36
3.39
3.41
0.00
0.00
0.00
0.00
0.00
0.00
0.00
0.00
0.00
0.00
0.00
0.00
0.00
0.00
0.00
0.00
0.00
0.00
0.00
0.00
0.00
0.00
0.00
0.00
0.00
0.00
0.00
0.00
0.00
0.00
0.00
0.00
0.00
0.00
0.00
0.00
0.00
1.43
1.67
1.78
1.46
0.78
2.33
2.53
2.80
2.95
3.07
3.16
3.22
3.26
3.29
3.31
3.33
3.35
3.37
3.39
3.39
3.39
3.38
3.36
3.36
3.39
3.42
3.43
3.43
3.43
3.42
3.41
3.40
3.39
3.38
3.38
3.38
3.38
3.37
3.35
3.32
3.29
3.26
3.23
3.20
3.18
3.16
3.14
3.12
3.10
3.08
3.06
3.05
3.04
3.03
3.02
3.01
3.00
2.99
2.97
2.95
2.93
2.92
2.92
2.91
2.90
2.90
2.89
2.89
2.89
2.89
2.89
2.89
2.90
2.91
2.92
2.93
2.94
2.95
2.96
2.97
2.98
3.00
3.02
3.03
3.05
3.07
3.09
3.11
3.13
3.15
3.18
3.20
3.23
3.26
3.28
3.31
3.34
3.36
3.39
3.41
0.00
0.00
0.00
0.00
0.00
0.00
0.00
0.00
0.00
0.00
0.00
0.00
0.00
0.00
0.00
0.00
0.00
0.00
0.00
0.00
0.00
0.00
0.00
0.00
0.00
0.00
0.00
0.00
0.00
0.00
0.00
0.00
0.00
0.00
0.00
0.00
0.00
0.00
1.45
1.50
1.16
0.00
2.15
2.45
2.76
2.94
3.06
3.17
3.24
3.28
3.32
3.34
3.36
3.38
3.39
3.39
3.37
3.33
3.29
3.30
3.36
3.39
3.40
3.42
3.43
3.42
3.42
3.40
3.39
3.38
3.38
3.38
3.38
3.38
3.38
3.38
3.36
3.34
3.32
3.29
3.27
3.25
3.23
3.21
3.19
3.17
3.15
3.13
3.12
3.10
3.09
3.08
3.06
3.04
3.02
3.00
2.99
2.97
2.95
2.94
2.93
2.93
2.92
2.92
2.91
2.91
2.91
2.91
2.92
2.93
2.94
2.95
2.95
2.96
2.97
2.98
2.99
3.00
3.02
3.03
3.05
3.06
3.08
3.10
3.12
3.14
3.16
3.19
3.21
3.24
3.26
3.29
3.31
3.34
3.36
3.38
3.40
0.00
0.00
0.00
0.00
0.00
0.00
0.00
0.00
0.00
0.00
0.00
0.00
0.00
0.00
0.00
0.00
0.00
0.00
0.00
0.00
0.00
0.00
0.00
0.00
0.00
0.00
0.00
0.00
0.00
0.00
0.02
0.05
0.00
0.00
0.08
0.59
0.62
0.00
0.85
1.00
1.12
0.73
1.91
2.34
2.70
2.90
3.05
3.17
3.24
3.29
3.33
3.36
3.39
3.40
3.37
3.32
3.28
3.28
3.29
3.30
3.36
3.39
3.42
3.43
3.43
3.43
3.42
3.41
3.39
3.38
3.38
3.38
3.38
3.39
3.39
3.39
3.38
3.37
3.35
3.33
3.31
3.29
3.28
3.26
3.25
3.23
3.21
3.20
3.18
3.17
3.15
3.14
3.12
3.10
3.08
3.06
3.04
3.02
3.00
2.99
2.98
2.97
2.96
2.95
2.95
2.94
2.94
2.94
2.95
2.95
2.96
2.97
2.98
2.98
2.99
3.00
3.01
3.02
3.03
3.04
3.06
3.07
3.09
3.11
3.13
3.15
3.17
3.19
3.22
3.24
3.27
3.29
3.32
3.34
3.36
3.38
3.40
0.00
0.00
0.00
0.00
0.00
0.00
0.00
0.00
0.00
0.00
0.00
0.00
0.00
0.00
0.00
0.00
0.00
0.00
0.00
0.00
0.00
0.00
0.00
0.00
0.00
0.00
0.00
0.00
0.00
0.00
0.60
0.57
0.58
0.61
0.60
0.63
0.72
0.71
0.95
1.18
1.24
1.33
1.77
2.21
2.60
2.84
3.02
3.15
3.24
3.30
3.34
3.37
3.40
3.40
3.40
3.39
3.35
3.33
3.34
3.36
3.37
3.41
3.42
3.44
3.45
3.45
3.43
3.39
3.38
3.38
3.39
3.38
3.38
3.39
3.39
3.40
3.39
3.38
3.37
3.36
3.34
3.32
3.31
3.30
3.29
3.28
3.27
3.26
3.24
3.22
3.21
3.20
3.18
3.17
3.15
3.12
3.10
3.08
3.06
3.05
3.03
3.02
3.01
3.00
3.00
2.99
2.98
2.98
2.98
2.98
2.99
3.00
3.00
3.00
3.01
3.01
3.02
3.03
3.04
3.05
3.07
3.08
3.10
3.11
3.13
3.15
3.17
3.20
3.22
3.25
3.27
3.29
3.32
3.34
3.36
3.38
3.40
0.00
0.00
0.00
0.00
0.00
0.00
0.00
0.00
0.00
0.00
0.00
0.00
0.00
0.00
0.00
0.00
0.00
0.00
0.00
0.00
0.00
0.00
0.00
0.00
0.00
0.00
0.00
0.00
0.21
0.26
0.61
0.70
0.75
0.82
0.80
0.75
0.85
0.65
0.93
1.10
1.35
1.37
1.82
2.10
2.48
2.76
2.98
3.13
3.23
3.29
3.34
3.38
3.40
3.41
3.41
3.40
3.37
3.38
3.39
3.40
3.41
3.43
3.45
3.46
3.47
3.47
3.46
3.44
3.43
3.42
3.41
3.40
3.39
3.39
3.40
3.40
3.40
3.39
3.38
3.37
3.36
3.34
3.33
3.32
3.32
3.32
3.31
3.30
3.29
3.28
3.26
3.25
3.24
3.22
3.21
3.19
3.17
3.15
3.13
3.11
3.10
3.08
3.07
3.06
3.05
3.04
3.03
3.02
3.01
3.01
3.02
3.02
3.03
3.03
3.03
3.03
3.03
3.04
3.05
3.06
3.07
3.09
3.10
3.12
3.14
3.16
3.18
3.20
3.22
3.25
3.27
3.30
3.32
3.34
3.36
3.38
3.40
0.00
0.00
0.00
0.00
0.00
0.00
0.00
0.00
0.00
0.00
0.00
0.00
0.00
0.00
0.00
0.00
0.00
0.00
0.02
0.05
0.19
0.49
0.58
0.63
0.60
0.60
0.62
0.65
0.66
0.70
0.82
0.90
0.94
1.02
1.00
1.07
1.17
1.16
1.33
1.27
1.41
1.50
1.89
2.14
2.46
2.68
2.94
3.11
3.21
3.28
3.33
3.37
3.39
3.40
3.40
3.39
3.40
3.41
3.41
3.44
3.44
3.47
3.49
3.50
3.50
3.49
3.48
3.47
3.46
3.44
3.43
3.41
3.40
3.39
3.40
3.40
3.40
3.40
3.39
3.38
3.37
3.36
3.35
3.34
3.34
3.34
3.34
3.34
3.34
3.33
3.32
3.31
3.30
3.28
3.27
3.26
3.24
3.22
3.20
3.18
3.16
3.15
3.14
3.12
3.11
3.10
3.08
3.07
3.06
3.05
3.05
3.05
3.05
3.05
3.05
3.04
3.05
3.05
3.06
3.07
3.08
3.09
3.10
3.12
3.14
3.16
3.18
3.20
3.23
3.25
3.27
3.30
3.32
3.34
3.36
3.38
3.40
0.00
0.00
0.00
0.00
0.00
0.00
0.00
0.00
0.00
0.00
0.00
0.00
0.00
0.00
0.00
0.01
0.01
0.02
0.04
0.12
0.51
0.54
0.58
0.62
0.62
0.71
0.77
0.82
0.87
0.97
1.04
1.12
1.18
1.23
1.22
1.33
1.41
1.46
1.56
1.51
1.73
1.78
2.07
2.28
2.55
2.69
2.92
3.09
3.20
3.27
3.32
3.35
3.38
3.38
3.38
3.39
3.41
3.43
3.45
3.47
3.50
3.51
3.52
3.52
3.52
3.51
3.50
3.49
3.47
3.46
3.44
3.43
3.42
3.41
3.41
3.41
3.41
3.40
3.40
3.39
3.39
3.38
3.37
3.37
3.37
3.37
3.37
3.38
3.38
3.37
3.37
3.36
3.35
3.34
3.32
3.31
3.30
3.28
3.26
3.25
3.23
3.21
3.20
3.19
3.17
3.15
3.14
3.12
3.10
3.09
3.08
3.08
3.08
3.07
3.07
3.06
3.06
3.06
3.07
3.08
3.09
3.10
3.11
3.13
3.14
3.16
3.18
3.21
3.23
3.25
3.28
3.30
3.32
3.34
3.36
3.38
3.40
0.00
0.00
0.00
0.00
0.00
0.00
0.00
0.00
0.00
0.00
0.00
0.00
0.01
0.06
0.13
0.25
0.31
0.38
0.44
0.49
0.54
0.48
0.53
0.00
0.58
0.80
0.86
1.00
1.08
1.18
1.26
1.35
1.42
1.47
1.51
1.58
1.66
1.73
1.80
1.83
1.95
2.06
2.23
2.46
2.65
2.77
2.93
3.09
3.19
3.25
3.30
3.34
3.35
3.36
3.38
3.41
3.43
3.46
3.48
3.51
3.53
3.54
3.54
3.54
3.53
3.53
3.51
3.50
3.49
3.47
3.46
3.45
3.44
3.43
3.42
3.42
3.41
3.41
3.40
3.40
3.40
3.39
3.39
3.39
3.39
3.39
3.40
3.41
3.41
3.42
3.41
3.41
3.40
3.39
3.38
3.37
3.35
3.34
3.33
3.31
3.30
3.28
3.26
3.25
3.23
3.21
3.19
3.17
3.15
3.14
3.13
3.12
3.11
3.10
3.09
3.08
3.08
3.08
3.08
3.09
3.09
3.10
3.12
3.13
3.15
3.17
3.19
3.21
3.23
3.25
3.28
3.30
3.32
3.34
3.36
3.38
3.39
0.00
0.00
0.00
0.00
0.00
0.00
0.00
0.00
0.00
0.00
0.00
0.07
0.20
0.00
0.00
0.00
0.00
0.00
0.00
0.00
0.00
0.53
0.66
0.65
0.76
0.87
1.03
1.17
1.27
1.36
1.45
1.52
1.58
1.64
1.70
1.77
1.85
1.92
1.99
2.06
2.16
2.23
2.39
2.57
2.72
2.84
2.95
3.09
3.18
3.25
3.29
3.33
3.35
3.37
3.40
3.43
3.46
3.49
3.51
3.53
3.55
3.56
3.56
3.56
3.55
3.54
3.53
3.51
3.50
3.49
3.47
3.46
3.45
3.44
3.44
3.43
3.43
3.43
3.43
3.42
3.42
3.42
3.42
3.42
3.42
3.43
3.43
3.44
3.45
3.45
3.45
3.44
3.43
3.42
3.42
3.41
3.39
3.39
3.37
3.36
3.34
3.33
3.31
3.29
3.28
3.26
3.24
3.22
3.20
3.18
3.16
3.15
3.14
3.13
3.12
3.11
3.10
3.10
3.10
3.10
3.11
3.12
3.13
3.15
3.16
3.18
3.20
3.22
3.24
3.26
3.28
3.30
3.32
3.34
3.36
3.37
3.39
0.00
0.00
0.00
0.00
0.00
0.00
0.00
0.00
0.00
0.00
0.00
0.00
0.00
0.00
0.00
0.00
0.00
0.06
0.63
0.61
0.60
0.69
0.82
0.89
0.98
1.11
1.24
1.35
1.44
1.53
1.60
1.67
1.73
1.78
1.84
1.91
1.99
2.06
2.13
2.22
2.32
2.41
2.54
2.67
2.79
2.90
2.99
3.10
3.19
3.24
3.28
3.32
3.35
3.38
3.42
3.45
3.49
3.51
3.54
3.55
3.56
3.57
3.57
3.57
3.56
3.55
3.54
3.52
3.51
3.50
3.49
3.48
3.47
3.46
3.46
3.45
3.45
3.45
3.45
3.45
3.45
3.46
3.46
3.46
3.46
3.46
3.47
3.48
3.48
3.49
3.48
3.47
3.47
3.46
3.45
3.44
3.43
3.42
3.40
3.39
3.37
3.36
3.34
3.33
3.31
3.29
3.27
3.25
3.23
3.21
3.19
3.18
3.17
3.16
3.14
3.13
3.13
3.12
3.12
3.12
3.13
3.14
3.15
3.16
3.17
3.19
3.21
3.23
3.25
3.27
3.29
3.31
3.32
3.34
3.36
3.37
3.39
0.00
0.00
0.00
0.00
0.00
0.00
0.00
0.00
0.00
0.01
0.02
0.03
0.04
0.13
0.61
0.63
0.62
0.58
0.65
0.68
0.75
0.85
0.98
1.08
1.19
1.32
1.43
1.52
1.60
1.68
1.74
1.81
1.86
1.91
1.97
2.03
2.10
2.18
2.26
2.34
2.43
2.53
2.63
2.74
2.85
2.94
3.02
3.12
3.19
3.24
3.29
3.32
3.36
3.40
3.44
3.48
3.51
3.53
3.55
3.57
3.58
3.59
3.58
3.58
3.57
3.56
3.55
3.53
3.52
3.51
3.50
3.50
3.49
3.48
3.48
3.48
3.48
3.48
3.48
3.49
3.49
3.49
3.49
3.50
3.50
3.50
3.51
3.51
3.52
3.52
3.52
3.51
3.50
3.49
3.47
3.46
3.46
3.45
3.43
3.42
3.40
3.38
3.37
3.35
3.33
3.32
3.30
3.28
3.26
3.24
3.22
3.21
3.19
3.18
3.17
3.16
3.15
3.14
3.14
3.14
3.15
3.16
3.17
3.18
3.19
3.20
3.22
3.24
3.25
3.27
3.29
3.31
3.33
3.34
3.36
3.37
3.38
0.00
0.00
0.00
0.00
0.00
0.00
0.00
0.01
0.04
0.07
0.42
0.54
0.60
0.63
0.64
0.65
0.67
0.70
0.77
0.83
0.92
1.03
1.15
1.27
1.38
1.48
1.58
1.66
1.74
1.81
1.87
1.92
1.97
2.02
2.08
2.15
2.21
2.28
2.36
2.43
2.52
2.60
2.70
2.80
2.89
2.97
3.05
3.13
3.20
3.25
3.29
3.33
3.38
3.42
3.46
3.49
3.52
3.55
3.57
3.58
3.59
3.60
3.60
3.59
3.58
3.57
3.56
3.54
3.53
3.52
3.52
3.51
3.51
3.50
3.50
3.50
3.50
3.51
3.51
3.52
3.53
3.53
3.54
3.54
3.54
3.54
3.55
3.55
3.56
3.56
3.55
3.54
3.53
3.51
3.50
3.49
3.48
3.47
3.45
3.44
3.42
3.41
3.39
3.37
3.35
3.34
3.32
3.30
3.28
3.26
3.25
3.23
3.22
3.21
3.20
3.18
3.17
3.17
3.17
3.17
3.17
3.17
3.18
3.19
3.21
3.22
3.23
3.25
3.26
3.28
3.30
3.31
3.33
3.34
3.35
3.36
3.37
0.00
0.00
0.00
0.00
0.00
0.00
0.00
0.00
0.00
0.31
0.54
0.59
0.61
0.65
0.67
0.72
0.77
0.84
0.92
1.00
1.09
1.20
1.31
1.41
1.51
1.60
1.69
1.78
1.85
1.91
1.97
2.02
2.07
2.12
2.18
2.24
2.30
2.37
2.44
2.51
2.59
2.67
2.75
2.84
2.92
3.00
3.07
3.14
3.21
3.26
3.30
3.35
3.39
3.43
3.47
3.50
3.53
3.56
3.58
3.59
3.60
3.61
3.61
3.60
3.59
3.58
3.57
3.56
3.55
3.54
3.53
3.53
3.53
3.53
3.52
3.52
3.53
3.53
3.54
3.55
3.56
3.57
3.57
3.58
3.58
3.58
3.59
3.59
3.59
3.59
3.59
3.58
3.56
3.54
3.53
3.52
3.51
3.49
3.48
3.46
3.45
3.43
3.41
3.39
3.38
3.36
3.34
3.32
3.31
3.29
3.27
3.26
3.24
3.23
3.22
3.21
3.20
3.19
3.19
3.19
3.19
3.19
3.20
3.21
3.22
3.23
3.24
3.26
3.27
3.28
3.30
3.31
3.32
3.34
3.34
3.35
3.36
0.00
0.00
0.00
0.00
0.00
0.00
0.00
0.00
0.00
0.48
0.55
0.58
0.62
0.69
0.76
0.84
0.91
1.00
1.08
1.18
1.27
1.36
1.45
1.54
1.62
1.71
1.80
1.88
1.95
2.01
2.06
2.12
2.16
2.21
2.27
2.32
2.39
2.45
2.52
2.59
2.65
2.72
2.80
2.87
2.94
3.02
3.09
3.16
3.22
3.27
3.32
3.36
3.40
3.44
3.48
3.52
3.54
3.57
3.59
3.60
3.61
3.62
3.62
3.61
3.61
3.59
3.58
3.57
3.56
3.55
3.55
3.55
3.55
3.55
3.55
3.55
3.55
3.56
3.57
3.58
3.59
3.60
3.61
3.61
3.62
3.62
3.62
3.63
3.63
3.63
3.62
3.61
3.59
3.58
3.56
3.55
3.53
3.52
3.50
3.48
3.47
3.45
3.43
3.41
3.40
3.38
3.36
3.34
3.33
3.31
3.30
3.28
3.27
3.26
3.24
3.23
3.22
3.22
3.21
3.21
3.21
3.21
3.22
3.23
3.23
3.24
3.25
3.26
3.28
3.29
3.30
3.31
3.32
3.33
3.34
3.34
3.35
0.00
0.00
0.00
0.00
0.00
0.00
0.00
0.00
0.00
0.50
0.56
0.62
0.69
0.79
0.88
0.97
1.06
1.15
1.24
1.33
1.41
1.49
1.56
1.64
1.72
1.80
1.88
1.96
2.03
2.09
2.14
2.19
2.23
2.28
2.34
2.40
2.46
2.52
2.59
2.65
2.71
2.77
2.84
2.91
2.98
3.04
3.11
3.17
3.23
3.28
3.32
3.37
3.41
3.45
3.49
3.53
3.55
3.58
3.60
3.61
3.62
3.63
3.63
3.63
3.62
3.61
3.60
3.59
3.58
3.58
3.57
3.57
3.57
3.57
3.57
3.57
3.57
3.58
3.59
3.60
3.61
3.63
3.63
3.64
3.64
3.65
3.65
3.66
3.66
3.66
3.65
3.64
3.62
3.61
3.59
3.58
3.56
3.55
3.53
3.51
3.49
3.48
3.46
3.44
3.42
3.41
3.39
3.37
3.35
3.34
3.32
3.31
3.30
3.28
3.27
3.26
3.25
3.24
3.23
3.23
3.23
3.23
3.24
3.24
3.25
3.25
3.26
3.27
3.28
3.29
3.30
3.31
3.32
3.32
3.33
3.33
3.34
0.00
0.00
0.00
0.00
0.00
0.00
0.00
0.00
0.07
0.54
0.63
0.71
0.81
0.91
1.01
1.11
1.21
1.30
1.38
1.46
1.53
1.60
1.66
1.73
1.80
1.87
1.95
2.03
2.09
2.15
2.20
2.24
2.30
2.35
2.41
2.47
2.53
2.59
2.64
2.70
2.76
2.82
2.88
2.95
3.01
3.07
3.13
3.19
3.24
3.29
3.33
3.38
3.42
3.46
3.50
3.53
3.56
3.59
3.61
3.62
3.64
3.65
3.65
3.65
3.64
3.63
3.62
3.61
3.61
3.60
3.60
3.60
3.60
3.60
3.59
3.59
3.59
3.60
3.61
3.62
3.63
3.65
3.65
3.66
3.66
3.67
3.67
3.68
3.68
3.68
3.67
3.67
3.65
3.64
3.62
3.61
3.59
3.57
3.56
3.54
3.52
3.51
3.49
3.47
3.45
3.44
3.42
3.40
3.38
3.37
3.35
3.34
3.32
3.31
3.30
3.28
3.27
3.26
3.26
3.25
3.25
3.25
3.25
3.26
3.26
3.27
3.27
3.28
3.29
3.29
3.30
3.30
3.31
3.31
3.32
3.32
3.33
0.00
0.00
0.00
0.00
0.00
0.00
0.00
0.00
0.14
0.61
0.73
0.83
0.94
1.05
1.16
1.26
1.35
1.44
1.51
1.58
1.64
1.70
1.76
1.82
1.88
1.94
2.02
2.09
2.15
2.20
2.25
2.30
2.36
2.42
2.47
2.53
2.58
2.64
2.69
2.75
2.81
2.86
2.92
2.98
3.04
3.10
3.15
3.21
3.25
3.30
3.34
3.39
3.43
3.47
3.51
3.54
3.57
3.60
3.62
3.64
3.65
3.67
3.67
3.67
3.66
3.66
3.65
3.64
3.63
3.63
3.63
3.63
3.62
3.62
3.62
3.62
3.62
3.62
3.63
3.64
3.65
3.66
3.67
3.68
3.68
3.69
3.69
3.70
3.70
3.70
3.69
3.69
3.68
3.66
3.65
3.63
3.62
3.60
3.59
3.57
3.56
3.54
3.52
3.50
3.49
3.47
3.45
3.43
3.42
3.40
3.38
3.37
3.35
3.34
3.32
3.31
3.30
3.29
3.28
3.28
3.27
3.27
3.27
3.27
3.27
3.28
3.28
3.28
3.29
3.29
3.30
3.30
3.30
3.30
3.31
3.32
3.32
0.00
0.00
0.00
0.00
0.00
0.00
0.00
0.00
0.40
0.72
0.86
0.97
1.08
1.19
1.30
1.41
1.49
1.56
1.62
1.68
1.74
1.80
1.85
1.91
1.96
2.02
2.08
2.14
2.20
2.25
2.31
2.36
2.42
2.47
2.53
2.58
2.63
2.69
2.74
2.80
2.85
2.91
2.96
3.02
3.07
3.12
3.18
3.22
3.27
3.31
3.36
3.40
3.44
3.48
3.52
3.56
3.59
3.61
3.63
3.65
3.67
3.69
3.69
3.69
3.69
3.68
3.68
3.67
3.66
3.66
3.66
3.65
3.65
3.64
3.64
3.64
3.64
3.64
3.65
3.66
3.67
3.68
3.69
3.70
3.70
3.71
3.71
3.72
3.72
3.72
3.71
3.71
3.70
3.69
3.68
3.66
3.65
3.64
3.62
3.61
3.59
3.57
3.56
3.54
3.52
3.50
3.49
3.47
3.45
3.43
3.42
3.40
3.38
3.37
3.35
3.34
3.33
3.32
3.31
3.30
3.29
3.29
3.29
3.28
3.29
3.29
3.29
3.29
3.29
3.29
3.29
3.29
3.29
3.30
3.30
3.31
3.32
0.00
0.00
0.00
0.00
0.00
0.00
0.00
0.08
0.65
0.86
0.99
1.10
1.22
1.33
1.43
1.53
1.59
1.66
1.72
1.78
1.83
1.88
1.93
1.98
2.04
2.09
2.14
2.20
2.25
2.31
2.36
2.42
2.47
2.52
2.58
2.63
2.68
2.73
2.79
2.84
2.89
2.94
3.00
3.05
3.10
3.15
3.20
3.24
3.28
3.32
3.37
3.41
3.45
3.49
3.53
3.57
3.60
3.63
3.65
3.67
3.69
3.71
3.71
3.72
3.71
3.71
3.70
3.70
3.69
3.69
3.68
3.68
3.67
3.67
3.67
3.67
3.67
3.67
3.68
3.68
3.69
3.70
3.71
3.72
3.72
3.73
3.73
3.73
3.74
3.74
3.73
3.73
3.72
3.71
3.70
3.69
3.68
3.67
3.65
3.64
3.62
3.61
3.59
3.57
3.56
3.54
3.52
3.50
3.49
3.47
3.45
3.43
3.42
3.40
3.39
3.37
3.36
3.35
3.34
3.33
3.32
3.31
3.31
3.30
3.30
3.30
3.30
3.29
3.29
3.29
3.29
3.29
3.29
3.30
3.30
3.31
3.31
0.00
0.00
0.00
0.00
0.00
0.00
0.09
0.61
0.83
1.00
1.13
1.24
1.36
1.47
1.55
1.62
1.69
1.75
1.80
1.85
1.91
1.96
2.01
2.06
2.10
2.15
2.20
2.25
2.31
2.36
2.41
2.47
2.52
2.57
2.62
2.67
2.73
2.78
2.83
2.88
2.93
2.98
3.03
3.08
3.12
3.17
3.22
3.26
3.30
3.34
3.38
3.42
3.47
3.51
3.55
3.58
3.61
3.64
3.67
3.69
3.71
3.73
3.74
3.74
3.74
3.74
3.73
3.73
3.72
3.72
3.71
3.71
3.70
3.70
3.70
3.69
3.69
3.70
3.70
3.71
3.72
3.73
3.73
3.74
3.74
3.75
3.75
3.75
3.76
3.76
3.75
3.75
3.74
3.73
3.72
3.71
3.70
3.69
3.68
3.67
3.66
3.64
3.63
3.61
3.59
3.57
3.55
3.54
3.52
3.50
3.49
3.47
3.45
3.44
3.42
3.41
3.39
3.38
3.37
3.35
3.34
3.33
3.33
3.32
3.32
3.31
3.31
3.30
3.30
3.29
3.29
3.29
3.30
3.30
3.31
3.31
3.32
0.00
0.00
0.00
0.00
0.00
0.09
0.60
0.80
0.98
1.13
1.26
1.37
1.47
1.57
1.64
1.70
1.76
1.82
1.87
1.92
1.97
2.02
2.07
2.11
2.16
2.21
2.26
2.31
2.36
2.41
2.46
2.51
2.56
2.62
2.67
2.72
2.77
2.82
2.87
2.92
2.97
3.01
3.06
3.10
3.15
3.19
3.23
3.28
3.31
3.36
3.40
3.44
3.48
3.52
3.56
3.59
3.63
3.66
3.68
3.71
3.73
3.75
3.76
3.76
3.77
3.76
3.76
3.76
3.75
3.75
3.74
3.74
3.73
3.73
3.73
3.72
3.73
3.73
3.73
3.74
3.75
3.75
3.76
3.76
3.77
3.77
3.77
3.78
3.78
3.78
3.77
3.77
3.76
3.75
3.74
3.74
3.73
3.72
3.71
3.70
3.69
3.67
3.66
3.64
3.62
3.60
3.59
3.57
3.56
3.54
3.52
3.51
3.49
3.48
3.46
3.44
3.43
3.41
3.40
3.39
3.37
3.36
3.35
3.34
3.33
3.32
3.32
3.31
3.30
3.30
3.30
3.30
3.31
3.31
3.31
3.32
3.32
0.00
0.00
0.00
0.00
0.54
0.64
0.80
0.97
1.13
1.26
1.38
1.49
1.57
1.64
1.70
1.76
1.82
1.87
1.92
1.97
2.02
2.07
2.11
2.16
2.21
2.25
2.31
2.36
2.41
2.46
2.51
2.56
2.61
2.66
2.71
2.76
2.81
2.86
2.91
2.95
3.00
3.04
3.08
3.12
3.17
3.21
3.25
3.30
3.33
3.37
3.41
3.45
3.49
3.53
3.57
3.61
3.64
3.67
3.70
3.73
3.75
3.77
3.78
3.79
3.79
3.79
3.79
3.79
3.78
3.78
3.77
3.77
3.76
3.76
3.76
3.75
3.76
3.76
3.77
3.77
3.78
3.78
3.79
3.79
3.79
3.79
3.79
3.80
3.80
3.80
3.79
3.79
3.78
3.77
3.77
3.76
3.75
3.75
3.74
3.73
3.71
3.70
3.69
3.67
3.65
3.64
3.62
3.60
3.59
3.58
3.56
3.55
3.53
3.52
3.50
3.48
3.46
3.45
3.43
3.42
3.40
3.39
3.38
3.36
3.35
3.34
3.33
3.32
3.32
3.31
3.31
3.32
3.32
3.32
3.33
3.33
3.33
0.00
0.00
0.03
0.09
0.67
0.80
0.95
1.11
1.24
1.37
1.47
1.56
1.63
1.70
1.75
1.81
1.86
1.92
1.97
2.02
2.06
2.11
2.16
2.20
2.25
2.30
2.36
2.41
2.46
2.51
2.56
2.60
2.65
2.70
2.75
2.80
2.85
2.90
2.94
2.99
3.03
3.06
3.11
3.15
3.19
3.23
3.27
3.31
3.35
3.39
3.43
3.47
3.51
3.55
3.58
3.62
3.65
3.68
3.71
3.74
3.77
3.79
3.80
3.81
3.81
3.82
3.82
3.82
3.81
3.81
3.80
3.80
3.79
3.79
3.79
3.79
3.79
3.79
3.79
3.80
3.80
3.81
3.81
3.81
3.81
3.82
3.82
3.82
3.82
3.82
3.82
3.81
3.80
3.80
3.79
3.78
3.78
3.77
3.76
3.75
3.74
3.73
3.71
3.70
3.68
3.67
3.65
3.64
3.63
3.61
3.60
3.58
3.57
3.55
3.54
3.52
3.50
3.48
3.47
3.45
3.43
3.42
3.40
3.38
3.37
3.36
3.35
3.34
3.33
3.33
3.33
3.33
3.33
3.34
3.34
3.34
3.34
0.00
0.00
0.08
0.59
0.80
0.95
1.10
1.23
1.36
1.46
1.54
1.62
1.68
1.74
1.79
1.84
1.90
1.95
2.00
2.05
2.10
2.15
2.20
2.25
2.30
2.35
2.41
2.46
2.51
2.56
2.60
2.65
2.70
2.74
2.79
2.84
2.89
2.93
2.97
3.01
3.05
3.09
3.13
3.17
3.21
3.26
3.29
3.33
3.37
3.41
3.45
3.48
3.52
3.56
3.60
3.63
3.66
3.70
3.73
3.76
3.78
3.81
3.82
3.83
3.84
3.84
3.85
3.85
3.85
3.84
3.84
3.83
3.83
3.82
3.82
3.82
3.82
3.82
3.82
3.82
3.83
3.83
3.83
3.84
3.84
3.84
3.84
3.84
3.84
3.84
3.84
3.83
3.82
3.82
3.81
3.81
3.80
3.79
3.79
3.78
3.77
3.75
3.74
3.73
3.71
3.70
3.69
3.67
3.66
3.65
3.63
3.62
3.61
3.59
3.57
3.56
3.54
3.52
3.50
3.48
3.46
3.44
3.42
3.41
3.39
3.38
3.37
3.36
3.35
3.35
3.35
3.35
3.35
3.35
3.35
3.36
3.36
0.00
0.00
0.57
0.78
0.94
1.08
1.22
1.34
1.44
1.53
1.60
1.66
1.72
1.77
1.82
1.87
1.93
1.98
2.03
2.08
2.13
2.18
2.23
2.28
2.34
2.39
2.45
2.50
2.55
2.60
2.64
2.69
2.73
2.78
2.83
2.88
2.92
2.96
3.00
3.04
3.08
3.12
3.16
3.20
3.24
3.28
3.32
3.35
3.39
3.43
3.46
3.50
3.54
3.58
3.61
3.65
3.68
3.71
3.74
3.77
3.80
3.82
3.84
3.85
3.86
3.86
3.86
3.87
3.87
3.86
3.86
3.85
3.85
3.85
3.84
3.84
3.84
3.84
3.85
3.85
3.85
3.86
3.86
3.86
3.86
3.86
3.86
3.87
3.86
3.86
3.86
3.86
3.85
3.85
3.84
3.84
3.83
3.82
3.81
3.80
3.79
3.78
3.77
3.76
3.75
3.74
3.72
3.71
3.70
3.69
3.67
3.66
3.64
3.63
3.61
3.59
3.57
3.55
3.53
3.51
3.49
3.47
3.45
3.43
3.41
3.39
3.38
3.37
3.37
3.36
3.36
3.36
3.36
3.36
3.36
3.36
3.36
0.00
0.00
0.76
0.92
1.07
1.20
1.32
1.42
1.50
1.58
1.64
1.70
1.75
1.80
1.85
1.90
1.95
2.00
2.06
2.11
2.16
2.21
2.26
2.32
2.37
2.43
2.48
2.53
2.58
2.63
2.68
2.72
2.77
2.81
2.86
2.91
2.95
2.99
3.03
3.07
3.11
3.15
3.19
3.23
3.27
3.31
3.34
3.38
3.41
3.45
3.48
3.52
3.55
3.59
3.63
3.66
3.69
3.73
3.76
3.79
3.81
3.84
3.85
3.86
3.87
3.88
3.88
3.88
3.88
3.88
3.88
3.87
3.87
3.87
3.86
3.87
3.87
3.87
3.87
3.87
3.88
3.88
3.88
3.88
3.88
3.89
3.89
3.89
3.89
3.89
3.89
3.88
3.88
3.88
3.87
3.87
3.86
3.85
3.85
3.84
3.83
3.82
3.81
3.80
3.79
3.78
3.76
3.75
3.74
3.73
3.71
3.70
3.68
3.66
3.65
3.62
3.60
3.58
3.56
3.54
3.51
3.49
3.46
3.44
3.43
3.41
3.40
3.39
3.38
3.37
3.37
3.36
3.36
3.36
3.36
3.37
3.37
0.00
0.00
0.87
1.03
1.17
1.29
1.39
1.48
1.56
1.62
1.68
1.73
1.78
1.83
1.88
1.92
1.98
2.03
2.08
2.14
2.19
2.25
2.30
2.35
2.40
2.45
2.51
2.56
2.61
2.66
2.71
2.75
2.80
2.84
2.89
2.93
2.98
3.02
3.06
3.10
3.14
3.18
3.22
3.26
3.29
3.33
3.37
3.40
3.43
3.47
3.50
3.54
3.57
3.61
3.64
3.68
3.71
3.74
3.77
3.80
3.83
3.85
3.86
3.88
3.88
3.89
3.89
3.90
3.89
3.89
3.89
3.89
3.89
3.88
3.88
3.89
3.89
3.89
3.89
3.90
3.90
3.90
3.90
3.91
3.91
3.91
3.91
3.91
3.91
3.91
3.91
3.91
3.91
3.91
3.90
3.90
3.89
3.89
3.88
3.87
3.86
3.86
3.85
3.84
3.83
3.82
3.81
3.80
3.78
3.77
3.75
3.74
3.72
3.70
3.68
3.66
3.64
3.61
3.59
3.56
3.53
3.51
3.48
3.46
3.44
3.43
3.41
3.40
3.39
3.38
3.37
3.37
3.36
3.36
3.37
3.37
3.37
0.00
0.00
0.96
1.12
1.25
1.36
1.45
1.53
1.60
1.66
1.71
1.76
1.81
1.85
1.90
1.95
2.00
2.05
2.11
2.16
2.22
2.28
2.33
2.38
2.43
2.48
2.53
2.58
2.63
2.68
2.73
2.78
2.82
2.87
2.91
2.96
3.00
3.04
3.08
3.13
3.16
3.20
3.24
3.28
3.32
3.36
3.39
3.42
3.46
3.49
3.52
3.56
3.59
3.63
3.66
3.70
3.73
3.76
3.79
3.81
3.84
3.86
3.88
3.89
3.89
3.90
3.90
3.90
3.90
3.90
3.90
3.90
3.90
3.90
3.90
3.90
3.91
3.91
3.91
3.92
3.92
3.93
3.93
3.93
3.93
3.93
3.93
3.94
3.94
3.94
3.94
3.94
3.94
3.94
3.94
3.93
3.93
3.92
3.91
3.91
3.90
3.90
3.89
3.88
3.87
3.87
3.85
3.84
3.83
3.81
3.80
3.78
3.76
3.74
3.72
3.69
3.67
3.64
3.61
3.58
3.56
3.53
3.50
3.48
3.46
3.44
3.43
3.41
3.40
3.39
3.38
3.37
3.36
3.36
3.36
3.37
3.37
0.00
0.00
1.03
1.19
1.31
1.40
1.49
1.57
1.63
1.69
1.74
1.78
1.83
1.88
1.92
1.97
2.02
2.08
2.13
2.19
2.25
2.31
2.36
2.41
2.45
2.50
2.55
2.60
2.65
2.70
2.75
2.80
2.84
2.89
2.93
2.97
3.02
3.06
3.10
3.15
3.19
3.23
3.27
3.31
3.34
3.38
3.41
3.44
3.48
3.51
3.54
3.57
3.61
3.64
3.68
3.71
3.74
3.77
3.80
3.83
3.85
3.87
3.89
3.89
3.90
3.90
3.91
3.91
3.91
3.91
3.91
3.91
3.91
3.92
3.92
3.92
3.93
3.93
3.93
3.94
3.94
3.95
3.95
3.95
3.95
3.96
3.96
3.96
3.96
3.97
3.97
3.97
3.97
3.97
3.97
3.97
3.96
3.96
3.95
3.95
3.94
3.94
3.93
3.93
3.92
3.91
3.90
3.89
3.88
3.86
3.84
3.82
3.80
3.78
3.75
3.73
3.70
3.67
3.64
3.61
3.58
3.55
3.53
3.50
3.48
3.46
3.44
3.42
3.40
3.39
3.38
3.37
3.36
3.36
3.36
3.37
3.38
0.00
0.00
1.10
1.24
1.35
1.44
1.52
1.60
1.66
1.71
1.76
1.81
1.85
1.90
1.94
1.99
2.05
2.10
2.16
2.22
2.28
2.34
2.39
2.43
2.48
2.53
2.58
2.62
2.67
2.72
2.77
2.81
2.86
2.90
2.94
2.99
3.03
3.08
3.12
3.17
3.21
3.25
3.29
3.33
3.36
3.40
3.43
3.46
3.50
3.53
3.56
3.59
3.63
3.66
3.69
3.73
3.76
3.78
3.81
3.83
3.86
3.88
3.89
3.90
3.91
3.91
3.91
3.91
3.92
3.92
3.92
3.92
3.93
3.93
3.93
3.94
3.94
3.95
3.95
3.96
3.97
3.97
3.97
3.98
3.98
3.98
3.98
3.99
3.99
4.00
4.00
4.00
4.00
4.00
4.00
4.00
4.00
4.00
3.99
3.99
3.98
3.98
3.97
3.97
3.96
3.96
3.95
3.94
3.92
3.91
3.89
3.87
3.84
3.82
3.79
3.76
3.73
3.70
3.67
3.64
3.61
3.58
3.55
3.52
3.49
3.47
3.45
3.43
3.41
3.39
3.38
3.37
3.36
3.36
3.36
3.37
3.38
0.00
0.00
1.15
1.27
1.38
1.46
1.54
1.62
1.68
1.73
1.78
1.82
1.87
1.92
1.96
2.01
2.07
2.12
2.18
2.24
2.30
2.36
2.41
2.45
2.50
2.55
2.60
2.64
2.69
2.74
2.79
2.83
2.88
2.92
2.96
3.01
3.05
3.09
3.14
3.19
3.23
3.27
3.31
3.35
3.38
3.41
3.45
3.48
3.51
3.54
3.57
3.61
3.64
3.67
3.71
3.74
3.77
3.79
3.82
3.84
3.87
3.89
3.90
3.91
3.92
3.92
3.92
3.92
3.93
3.93
3.93
3.94
3.94
3.95
3.95
3.96
3.97
3.97
3.98
3.98
3.99
3.99
4.00
4.00
4.00
4.01
4.01
4.01
4.02
4.02
4.03
4.03
4.03
4.03
4.03
4.04
4.04
4.03
4.03
4.03
4.02
4.02
4.01
4.01
4.01
4.00
3.99
3.98
3.97
3.95
3.93
3.91
3.89
3.86
3.83
3.80
3.77
3.74
3.71
3.67
3.64
3.61
3.57
3.54
3.51
3.48
3.45
3.43
3.41
3.39
3.38
3.37
3.36
3.36
3.36
3.37
3.38
0.00
0.00
1.19
1.30
1.39
1.47
1.56
1.63
1.69
1.74
1.79
1.84
1.88
1.93
1.98
2.03
2.08
2.14
2.20
2.26
2.32
2.37
2.42
2.47
2.52
2.56
2.61
2.66
2.71
2.76
2.80
2.85
2.89
2.94
2.98
3.02
3.07
3.11
3.16
3.21
3.25
3.29
3.33
3.36
3.39
3.43
3.46
3.49
3.52
3.55
3.58
3.62
3.65
3.68
3.72
3.75
3.78
3.80
3.83
3.85
3.87
3.90
3.91
3.92
3.92
3.92
3.93
3.93
3.94
3.94
3.95
3.95
3.96
3.97
3.98
3.98
3.99
3.99
4.00
4.00
4.01
4.01
4.02
4.02
4.02
4.03
4.03
4.04
4.04
4.05
4.05
4.05
4.06
4.06
4.06
4.07
4.07
4.07
4.07
4.07
4.06
4.06
4.06
4.05
4.04
4.04
4.03
4.02
4.01
3.99
3.98
3.96
3.93
3.90
3.87
3.84
3.81
3.78
3.74
3.71
3.67
3.64
3.60
3.56
3.52
3.49
3.46
3.44
3.41
3.40
3.38
3.37
3.36
3.36
3.37
3.38
3.39
0.00
0.00
1.23
1.33
1.41
1.49
1.56
1.64
1.69
1.75
1.80
1.84
1.89
1.94
1.99
2.05
2.10
2.15
2.21
2.27
2.33
2.38
2.43
2.48
2.53
2.58
2.62
2.67
2.72
2.77
2.82
2.87
2.91
2.96
3.00
3.04
3.09
3.13
3.18
3.22
3.26
3.30
3.34
3.37
3.40
3.44
3.47
3.50
3.53
3.56
3.59
3.62
3.66
3.69
3.72
3.76
3.78
3.81
3.83
3.86
3.88
3.90
3.91
3.92
3.93
3.93
3.94
3.94
3.95
3.96
3.96
3.97
3.98
3.99
4.00
4.00
4.01
4.02
4.02
4.03
4.03
4.03
4.04
4.04
4.05
4.05
4.06
4.06
4.07
4.07
4.08
4.08
4.09
4.09
4.10
4.10
4.10
4.11
4.11
4.10
4.10
4.10
4.10
4.09
4.08
4.08
4.07
4.06
4.05
4.04
4.02
4.00
3.97
3.95
3.92
3.88
3.85
3.82
3.78
3.75
3.71
3.67
3.63
3.58
3.54
3.51
3.47
3.45
3.42
3.40
3.38
3.37
3.37
3.37
3.37
3.38
3.40
0.00
0.00
1.27
1.36
1.43
1.50
1.57
1.64
1.69
1.75
1.80
1.85
1.90
1.95
2.01
2.06
2.11
2.17
2.22
2.28
2.33
2.39
2.44
2.49
2.54
2.59
2.64
2.69
2.74
2.79
2.84
2.88
2.93
2.98
3.02
3.06
3.11
3.15
3.20
3.24
3.28
3.32
3.35
3.38
3.41
3.44
3.47
3.50
3.53
3.56
3.59
3.63
3.66
3.70
3.73
3.76
3.79
3.81
3.84
3.86
3.88
3.90
3.92
3.93
3.93
3.94
3.95
3.96
3.96
3.97
3.98
3.99
4.00
4.01
4.01
4.02
4.03
4.04
4.04
4.04
4.05
4.05
4.06
4.06
4.07
4.07
4.08
4.08
4.09
4.10
4.10
4.11
4.11
4.12
4.13
4.13
4.14
4.14
4.14
4.14
4.14
4.14
4.14
4.13
4.12
4.11
4.11
4.10
4.08
4.07
4.06
4.04
4.01
3.99
3.96
3.93
3.89
3.86
3.82
3.78
3.74
3.70
3.66
3.61
3.57
3.53
3.49
3.46
3.43
3.41
3.39
3.38
3.38
3.38
3.39
3.40
3.41
0.00
0.00
1.31
1.39
1.45
1.51
1.58
1.64
1.70
1.75
1.80
1.86
1.91
1.96
2.02
2.07
2.13
2.18
2.23
2.28
2.34
2.40
2.45
2.50
2.55
2.60
2.65
2.70
2.75
2.80
2.85
2.90
2.94
2.99
3.04
3.08
3.13
3.17
3.21
3.25
3.29
3.33
3.36
3.39
3.42
3.45
3.48
3.51
3.54
3.57
3.60
3.63
3.66
3.70
3.73
3.76
3.79
3.81
3.84
3.86
3.88
3.90
3.92
3.93
3.94
3.95
3.96
3.97
3.97
3.98
3.99
4.00
4.01
4.02
4.03
4.04
4.05
4.05
4.06
4.06
4.06
4.07
4.07
4.08
4.08
4.09
4.10
4.10
4.11
4.12
4.12
4.13
4.14
4.15
4.15
4.16
4.16
4.17
4.17
4.17
4.17
4.17
4.17
4.17
4.16
4.15
4.14
4.14
4.12
4.11
4.09
4.07
4.05
4.03
4.00
3.97
3.94
3.90
3.86
3.82
3.78
3.74
3.69
3.64
3.60
3.55
3.51
3.48
3.45
3.42
3.41
3.40
3.39
3.40
3.40
3.42
3.43
0.00
0.00
1.35
1.43
1.48
1.54
1.60
1.65
1.70
1.75
1.81
1.86
1.92
1.97
2.03
2.08
2.14
2.19
2.24
2.30
2.35
2.40
2.45
2.51
2.56
2.61
2.66
2.71
2.76
2.81
2.86
2.91
2.96
3.01
3.05
3.10
3.14
3.18
3.22
3.26
3.30
3.34
3.37
3.40
3.43
3.46
3.48
3.51
3.54
3.57
3.60
3.63
3.66
3.70
3.73
3.76
3.79
3.81
3.83
3.86
3.88
3.90
3.92
3.93
3.94
3.95
3.96
3.97
3.98
3.99
4.00
4.01
4.02
4.03
4.04
4.05
4.06
4.06
4.07
4.07
4.08
4.08
4.09
4.09
4.10
4.11
4.11
4.12
4.13
4.14
4.15
4.15
4.16
4.17
4.18
4.19
4.19
4.20
4.20
4.20
4.20
4.20
4.20
4.20
4.20
4.19
4.18
4.17
4.16
4.15
4.13
4.11
4.09
4.07
4.04
4.01
3.98
3.95
3.91
3.87
3.82
3.78
3.73
3.68
3.63
3.58
3.54
3.50
3.47
3.45
3.43
3.42
3.42
3.42
3.43
3.44
3.46
0.00
0.00
1.38
1.46
1.51
1.56
1.61
1.66
1.71
1.76
1.81
1.87
1.93
1.98
2.04
2.10
2.15
2.20
2.25
2.31
2.36
2.41
2.46
2.51
2.56
2.61
2.67
2.72
2.77
2.82
2.87
2.92
2.97
3.02
3.06
3.10
3.14
3.18
3.22
3.26
3.30
3.34
3.37
3.40
3.43
3.45
3.48
3.51
3.54
3.57
3.59
3.63
3.66
3.69
3.72
3.75
3.78
3.80
3.82
3.84
3.86
3.88
3.90
3.92
3.93
3.94
3.95
3.96
3.97
3.98
3.99
4.00
4.01
4.02
4.04
4.05
4.06
4.07
4.08
4.08
4.09
4.09
4.10
4.10
4.11
4.12
4.13
4.14
4.15
4.16
4.16
4.17
4.18
4.19
4.20
4.21
4.21
4.22
4.22
4.22
4.23
4.23
4.23
4.23
4.23
4.22
4.22
4.21
4.20
4.19
4.17
4.15
4.13
4.11
4.08
4.06
4.03
3.99
3.95
3.91
3.87
3.82
3.77
3.72
3.67
3.62
3.58
3.54
3.51
3.49
3.47
3.46
3.46
3.46
3.47
3.48
3.50
0.00
0.00
1.41
1.49
1.54
1.59
1.63
1.67
1.72
1.77
1.83
1.88
1.94
1.99
2.05
2.11
2.16
2.22
2.27
2.32
2.37
2.42
2.47
2.52
2.57
2.62
2.67
2.73
2.78
2.83
2.88
2.93
2.98
3.02
3.06
3.10
3.14
3.18
3.22
3.26
3.30
3.33
3.36
3.39
3.42
3.44
3.47
3.50
3.53
3.56
3.58
3.61
3.64
3.67
3.70
3.73
3.76
3.78
3.80
3.82
3.84
3.86
3.88
3.89
3.91
3.92
3.93
3.95
3.96
3.97
3.98
3.99
4.00
4.01
4.03
4.04
4.06
4.07
4.08
4.09
4.09
4.10
4.11
4.11
4.12
4.13
4.14
4.15
4.16
4.17
4.18
4.19
4.20
4.20
4.21
4.22
4.23
4.23
4.24
4.24
4.24
4.25
4.25
4.26
4.26
4.26
4.25
4.25
4.24
4.23
4.21
4.20
4.18
4.16
4.13
4.10
4.07
4.04
4.00
3.96
3.91
3.86
3.82
3.76
3.72
3.67
3.63
3.59
3.56
3.54
3.52
3.51
3.51
3.51
3.52
3.53
3.54
0.00
0.00
1.44
1.51
1.56
1.61
1.65
1.69
1.74
1.79
1.84
1.89
1.95
2.01
2.07
2.12
2.18
2.23
2.28
2.33
2.38
2.43
2.48
2.53
2.58
2.63
2.68
2.74
2.79
2.84
2.89
2.94
2.98
3.02
3.06
3.10
3.14
3.18
3.21
3.25
3.29
3.32
3.35
3.38
3.41
3.43
3.46
3.49
3.52
3.55
3.57
3.60
3.63
3.66
3.68
3.71
3.73
3.76
3.78
3.80
3.81
3.83
3.85
3.86
3.88
3.89
3.91
3.92
3.93
3.94
3.95
3.97
3.98
3.99
4.01
4.03
4.04
4.06
4.07
4.09
4.10
4.10
4.11
4.12
4.13
4.14
4.15
4.16
4.17
4.18
4.19
4.20
4.21
4.22
4.22
4.23
4.24
4.24
4.25
4.25
4.26
4.27
4.27
4.28
4.28
4.28
4.28
4.28
4.28
4.27
4.26
4.24
4.23
4.21
4.18
4.15
4.12
4.08
4.04
4.00
3.96
3.91
3.87
3.82
3.77
3.72
3.68
3.65
3.62
3.60
3.59
3.58
3.57
3.57
3.58
3.59
3.60
0.00
0.00
1.47
1.53
1.58
1.63
1.67
1.71
1.76
1.80
1.86
1.91
1.97
2.03
2.08
2.14
2.19
2.24
2.29
2.34
2.39
2.44
2.49
2.54
2.59
2.64
2.69
2.75
2.80
2.85
2.89
2.94
2.98
3.01
3.05
3.09
3.13
3.16
3.20
3.24
3.27
3.31
3.34
3.36
3.39
3.42
3.45
3.48
3.51
3.53
3.56
3.58
3.61
3.63
3.66
3.69
3.71
3.73
3.75
3.76
3.78
3.80
3.81
3.83
3.84
3.86
3.88
3.89
3.90
3.92
3.93
3.94
3.96
3.97
3.99
4.01
4.02
4.04
4.06
4.08
4.09
4.10
4.11
4.12
4.13
4.14
4.16
4.17
4.18
4.19
4.20
4.21
4.21
4.22
4.23
4.24
4.24
4.25
4.26
4.27
4.27
4.28
4.28
4.29
4.30
4.30
4.31
4.31
4.31
4.31
4.30
4.29
4.28
4.26
4.23
4.20
4.17
4.13
4.09
4.05
4.01
3.97
3.92
3.87
3.82
3.78
3.75
3.71
3.69
3.67
3.66
3.65
3.64
3.64
3.64
3.65
3.65
0.00
0.00
1.49
1.56
1.60
1.65
1.69
1.73
1.78
1.83
1.88
1.93
1.99
2.05
2.10
2.16
2.21
2.26
2.31
2.35
2.40
2.45
2.50
2.55
2.60
2.65
2.70
2.75
2.80
2.85
2.89
2.93
2.97
3.01
3.04
3.08
3.12
3.15
3.19
3.22
3.26
3.29
3.32
3.35
3.37
3.40
3.43
3.46
3.49
3.51
3.54
3.56
3.58
3.61
3.63
3.66
3.68
3.70
3.71
3.73
3.75
3.76
3.77
3.79
3.81
3.82
3.84
3.86
3.87
3.88
3.90
3.91
3.93
3.95
3.96
3.98
4.00
4.02
4.04
4.06
4.08
4.09
4.10
4.12
4.13
4.14
4.15
4.17
4.18
4.19
4.20
4.21
4.22
4.22
4.23
4.24
4.25
4.26
4.26
4.27
4.28
4.28
4.29
4.30
4.31
4.32
4.33
4.34
4.34
4.34
4.34
4.33
4.32
4.30
4.28
4.25
4.22
4.18
4.14
4.10
4.06
4.02
3.97
3.93
3.89
3.85
3.81
3.78
3.76
3.74
3.73
3.72
3.71
3.71
3.71
3.70
3.70
0.00
0.00
1.51
1.58
1.63
1.67
1.71
1.75
1.80
1.85
1.90
1.96
2.01
2.07
2.12
2.17
2.22
2.27
2.32
2.36
2.41
2.46
2.51
2.56
2.61
2.66
2.71
2.76
2.81
2.85
2.89
2.93
2.96
3.00
3.03
3.07
3.10
3.14
3.17
3.21
3.24
3.27
3.30
3.32
3.35
3.38
3.41
3.44
3.46
3.49
3.51
3.53
3.56
3.58
3.60
3.62
3.64
3.66
3.68
3.69
3.71
3.72
3.73
3.75
3.76
3.78
3.80
3.82
3.83
3.85
3.87
3.88
3.90
3.92
3.94
3.96
3.98
4.00
4.02
4.04
4.06
4.08
4.09
4.11
4.12
4.14
4.15
4.16
4.18
4.19
4.20
4.21
4.22
4.22
4.23
4.24
4.24
4.25
4.26
4.27
4.28
4.29
4.30
4.31
4.33
4.34
4.35
4.36
4.37
4.37
4.37
4.36
4.36
4.34
4.32
4.30
4.27
4.23
4.19
4.15
4.11
4.07
4.03
3.99
3.95
3.92
3.88
3.85
3.83
3.81
3.80
3.79
3.78
3.77
3.77
3.75
3.74
0.00
0.00
1.53
1.60
1.65
1.69
1.74
1.78
1.82
1.87
1.92
1.98
2.03
2.09
2.14
2.19
2.24
2.28
2.33
2.37
2.41
2.46
2.51
2.56
2.62
2.67
2.71
2.76
2.81
2.85
2.89
2.92
2.96
2.99
3.02
3.05
3.09
3.12
3.16
3.19
3.22
3.25
3.27
3.30
3.32
3.35
3.38
3.41
3.43
3.46
3.48
3.50
3.52
3.54
3.56
3.58
3.60
3.62
3.64
3.65
3.66
3.68
3.69
3.71
3.72
3.74
3.76
3.78
3.80
3.81
3.83
3.85
3.87
3.89
3.91
3.93
3.95
3.97
3.99
4.01
4.03
4.05
4.07
4.09
4.11
4.12
4.14
4.15
4.16
4.18
4.19
4.20
4.21
4.21
4.22
4.23
4.24
4.25
4.25
4.26
4.28
4.29
4.30
4.32
4.33
4.34
4.36
4.37
4.38
4.38
4.38
4.38
4.38
4.37
4.35
4.33
4.30
4.27
4.23
4.19
4.16
4.13
4.09
4.06
4.02
3.99
3.95
3.93
3.90
3.88
3.87
3.85
3.84
3.83
3.81
3.78
3.76
0.00
0.00
1.55
1.62
1.67
1.72
1.76
1.80
1.85
1.89
1.95
2.00
2.05
2.11
2.15
2.20
2.25
2.29
2.33
2.37
2.42
2.47
2.52
2.57
2.62
2.67
2.71
2.76
2.80
2.84
2.88
2.91
2.95
2.98
3.01
3.04
3.07
3.11
3.14
3.17
3.20
3.23
3.25
3.27
3.29
3.32
3.34
3.37
3.39
3.42
3.44
3.46
3.48
3.50
3.52
3.54
3.56
3.58
3.59
3.61
3.62
3.63
3.65
3.66
3.68
3.70
3.72
3.74
3.76
3.78
3.80
3.82
3.84
3.86
3.88
3.90
3.92
3.94
3.96
3.98
4.01
4.03
4.05
4.07
4.09
4.10
4.12
4.13
4.15
4.16
4.17
4.18
4.19
4.20
4.21
4.22
4.23
4.24
4.25
4.26
4.27
4.29
4.30
4.32
4.33
4.34
4.36
4.37
4.38
4.38
4.39
4.39
4.38
4.38
4.37
4.35
4.32
4.29
4.26
4.23
4.20
4.18
4.15
4.12
4.09
4.05
4.02
4.00
3.97
3.95
3.93
3.92
3.89
3.87
3.84
3.81
3.77
0.00
0.00
1.57
1.64
1.69
1.74
1.78
1.82
1.87
1.92
1.97
2.02
2.07
2.12
2.17
2.21
2.26
2.30
2.34
2.38
2.42
2.47
2.52
2.57
2.61
2.66
2.71
2.75
2.79
2.83
2.87
2.90
2.93
2.96
2.99
3.02
3.06
3.09
3.12
3.15
3.17
3.20
3.22
3.24
3.26
3.28
3.30
3.33
3.35
3.37
3.39
3.41
3.43
3.45
3.47
3.49
3.51
3.52
3.54
3.56
3.58
3.59
3.60
3.62
3.64
3.66
3.68
3.70
3.72
3.74
3.76
3.78
3.80
3.82
3.84
3.87
3.89
3.91
3.93
3.96
3.98
4.00
4.02
4.04
4.06
4.08
4.10
4.11
4.13
4.14
4.15
4.17
4.18
4.19
4.20
4.21
4.22
4.23
4.24
4.25
4.27
4.28
4.30
4.31
4.33
4.34
4.35
4.36
4.37
4.37
4.38
4.38
4.38
4.37
4.36
4.35
4.33
4.31
4.29
4.26
4.24
4.22
4.20
4.18
4.15
4.12
4.09
4.06
4.03
4.01
3.98
3.96
3.92
3.89
3.85
3.81
3.77
0.00
0.00
1.59
1.66
1.72
1.76
1.80
1.85
1.89
1.94
1.99
2.04
2.08
2.13
2.18
2.22
2.26
2.30
2.34
2.38
2.42
2.47
2.51
2.56
2.61
2.65
2.70
2.74
2.78
2.82
2.85
2.88
2.92
2.95
2.98
3.01
3.03
3.06
3.09
3.12
3.15
3.17
3.19
3.21
3.23
3.24
3.26
3.28
3.30
3.32
3.34
3.36
3.38
3.40
3.41
3.43
3.45
3.47
3.49
3.51
3.53
3.54
3.56
3.58
3.59
3.62
3.64
3.66
3.68
3.70
3.73
3.75
3.77
3.79
3.81
3.83
3.86
3.88
3.90
3.93
3.95
3.98
4.00
4.02
4.04
4.06
4.08
4.09
4.11
4.12
4.14
4.15
4.16
4.17
4.18
4.19
4.20
4.21
4.23
4.24
4.26
4.28
4.29
4.31
4.32
4.33
4.34
4.35
4.36
4.36
4.36
4.36
4.36
4.35
4.35
4.34
4.32
4.31
4.29
4.28
4.26
4.24
4.23
4.21
4.18
4.16
4.13
4.10
4.07
4.04
4.01
3.97
3.93
3.88
3.84
3.79
3.75
0.00
0.00
1.61
1.69
1.74
1.79
1.83
1.87
1.92
1.96
2.01
2.06
2.10
2.14
2.19
2.23
2.27
2.31
2.35
2.38
2.42
2.47
2.51
2.56
2.60
2.64
2.68
2.73
2.76
2.80
2.83
2.86
2.89
2.92
2.95
2.98
3.01
3.04
3.06
3.09
3.11
3.14
3.16
3.17
3.19
3.20
3.22
3.23
3.25
3.27
3.29
3.30
3.32
3.34
3.35
3.37
3.39
3.41
3.43
3.45
3.47
3.48
3.50
3.52
3.54
3.56
3.59
3.61
3.63
3.66
3.68
3.70
3.72
3.75
3.77
3.79
3.82
3.84
3.87
3.89
3.92
3.94
3.96
3.99
4.01
4.03
4.04
4.06
4.08
4.09
4.11
4.12
4.13
4.14
4.16
4.17
4.18
4.19
4.20
4.22
4.23
4.25
4.26
4.27
4.28
4.29
4.30
4.31
4.31
4.31
4.31
4.31
4.30
4.30
4.29
4.28
4.27
4.26
4.25
4.24
4.22
4.21
4.19
4.17
4.15
4.12
4.09
4.06
4.03
4.00
3.96
3.92
3.87
3.83
3.78
3.73
3.68
0.00
0.00
0.00
0.00
0.00
0.00
0.00
0.00
0.00
0.00
0.00
0.00
0.00
0.00
0.00
0.00
0.00
0.00
0.00
0.00
0.00
0.00
0.00
0.00
0.00
0.00
0.00
0.00
0.00
0.00
0.00
0.00
0.00
0.00
0.00
0.00
0.00
0.00
0.00
0.00
0.00
0.00
0.00
0.00
0.00
0.00
0.00
0.00
0.00
0.00
0.00
0.00
0.00
0.00
0.00
0.00
0.00
0.00
0.00
0.00
0.00
0.00
0.00
0.00
0.00
0.00
0.00
0.00
0.00
0.00
0.00
0.00
0.00
0.00
0.00
0.00
0.00
0.00
0.00
0.00
0.00
0.00
0.00
0.00
0.00
0.00
0.00
0.00
0.00
0.00
0.00
0.00
0.00
0.00
0.00
0.00
0.00
0.00
0.00
0.00
0.00
0.00
0.00
0.00
0.00
0.00
0.00
0.00
0.00
0.00
0.00
0.00
0.00
0.00
0.00
0.00
0.00
0.00
0.00
0.00
0.00
0.00
0.00
0.00
0.00
0.00
0.00
0.00
0.00
0.00
0.00
0.00
0.00
0.00
0.00
0.00
0.00
0.00
