 -65.534
   0.000
   0.000
   0.000
   0.000
   0.000
   0.000
   0.000
   0.000
   0.000
   0.000
   0.000
   0.000
   0.000
   0.000
   0.000
   0.000
   0.000
   0.000
   0.000
   0.000
   0.000
   0.000
   0.000
   0.000
   0.000
   0.000
   0.000
   0.000
   0.000
   0.000
   0.000
   0.000
   0.000
   0.000
   0.000
   0.000
   0.000
   0.000
   0.000
   0.000
   0.000
   0.000
   0.000
   0.000
   0.000
   0.000
   0.000
   0.000
   0.000
   0.000
   0.000
   0.000
   0.000
   0.000
   0.000
   0.000
   0.000
   0.000
   0.000
   0.000
   0.000
   0.000
   0.000
   0.000
   0.000
   0.000
   0.000
 -65.534
   0.000
   0.666
   0.696
   0.694
   0.700
   0.710
   0.724
   0.740
   0.760
   0.778
   0.792
   0.800
   0.804
   0.804
   0.800
   0.792
   0.784
   0.776
   0.764
   0.752
   0.734
   0.714
   0.696
   0.686
   0.678
   0.670
   0.668
   0.664
   0.660
   0.656
   0.650
   0.646
   0.640
   0.636
   0.630
   0.624
   0.624
   0.626
   0.628
   0.634
   0.650
   0.674
   0.696
   0.714
   0.730
   0.738
   0.738
   0.734
   0.728
   0.726
   0.728
   0.734
   0.742
   0.754
   0.768
   0.784
   0.798
   0.812
   0.826
   0.840
   0.854
   0.866
   0.876
   0.886
   0.896
   0.904
   0.910
   0.868
   0.000
   0.000
   0.722
   0.746
   0.744
   0.748
   0.758
   0.772
   0.792
   0.820
   0.848
   0.874
   0.892
   0.904
   0.906
   0.898
   0.884
   0.866
   0.846
   0.824
   0.800
   0.772
   0.742
   0.718
   0.704
   0.694
   0.688
   0.688
   0.684
   0.680
   0.672
   0.666
   0.658
   0.650
   0.642
   0.634
   0.626
   0.622
   0.626
   0.632
   0.648
   0.674
   0.704
   0.736
   0.770
   0.800
   0.816
   0.822
   0.822
   0.818
   0.814
   0.812
   0.812
   0.816
   0.824
   0.834
   0.850
   0.872
   0.892
   0.912
   0.930
   0.946
   0.962
   0.978
   0.996
   1.010
   1.024
   1.034
   0.990
   0.000
   0.000
   0.712
   0.736
   0.732
   0.736
   0.742
   0.754
   0.772
   0.796
   0.826
   0.856
   0.880
   0.900
   0.906
   0.900
   0.882
   0.860
   0.836
   0.808
   0.780
   0.748
   0.716
   0.694
   0.682
   0.672
   0.672
   0.670
   0.668
   0.664
   0.658
   0.650
   0.640
   0.632
   0.622
   0.614
   0.608
   0.604
   0.606
   0.616
   0.640
   0.672
   0.712
   0.754
   0.796
   0.830
   0.852
   0.860
   0.864
   0.864
   0.860
   0.852
   0.846
   0.844
   0.844
   0.848
   0.860
   0.878
   0.902
   0.924
   0.946
   0.968
   0.986
   1.006
   1.026
   1.046
   1.062
   1.072
   1.026
   0.000
   0.000
   0.720
   0.722
   0.716
   0.718
   0.722
   0.730
   0.742
   0.764
   0.790
   0.818
   0.846
   0.866
   0.878
   0.872
   0.858
   0.838
   0.812
   0.784
   0.752
   0.720
   0.690
   0.672
   0.660
   0.656
   0.656
   0.656
   0.658
   0.656
   0.650
   0.644
   0.634
   0.624
   0.614
   0.604
   0.596
   0.592
   0.596
   0.608
   0.634
   0.676
   0.722
   0.774
   0.822
   0.862
   0.888
   0.904
   0.912
   0.912
   0.906
   0.894
   0.880
   0.868
   0.858
   0.854
   0.860
   0.874
   0.896
   0.918
   0.942
   0.966
   0.988
   1.010
   1.036
   1.058
   1.076
   1.086
   1.038
   0.000
   0.000
   0.714
   0.714
   0.702
   0.702
   0.702
   0.706
   0.714
   0.728
   0.748
   0.772
   0.794
   0.814
   0.826
   0.824
   0.812
   0.796
   0.776
   0.750
   0.720
   0.690
   0.666
   0.654
   0.642
   0.638
   0.644
   0.646
   0.648
   0.650
   0.650
   0.646
   0.638
   0.628
   0.616
   0.604
   0.594
   0.590
   0.590
   0.604
   0.632
   0.676
   0.728
   0.784
   0.840
   0.890
   0.926
   0.950
   0.964
   0.966
   0.958
   0.942
   0.922
   0.900
   0.880
   0.866
   0.864
   0.872
   0.888
   0.908
   0.932
   0.954
   0.980
   1.006
   1.034
   1.056
   1.076
   1.086
   1.036
   0.000
   0.000
   0.728
   0.720
   0.698
   0.686
   0.684
   0.684
   0.686
   0.694
   0.708
   0.724
   0.742
   0.760
   0.768
   0.768
   0.762
   0.750
   0.736
   0.714
   0.692
   0.668
   0.650
   0.640
   0.632
   0.628
   0.628
   0.630
   0.634
   0.642
   0.648
   0.648
   0.644
   0.634
   0.620
   0.606
   0.596
   0.590
   0.592
   0.604
   0.632
   0.674
   0.726
   0.784
   0.846
   0.904
   0.954
   0.990
   1.014
   1.020
   1.010
   0.990
   0.964
   0.934
   0.906
   0.886
   0.874
   0.874
   0.884
   0.900
   0.918
   0.942
   0.968
   0.996
   1.024
   1.046
   1.064
   1.074
   1.024
   0.000
   0.000
   0.742
   0.726
   0.698
   0.680
   0.668
   0.664
   0.662
   0.666
   0.672
   0.684
   0.698
   0.712
   0.720
   0.722
   0.718
   0.710
   0.700
   0.688
   0.670
   0.654
   0.640
   0.628
   0.622
   0.614
   0.612
   0.614
   0.622
   0.634
   0.644
   0.650
   0.650
   0.642
   0.626
   0.610
   0.598
   0.592
   0.594
   0.606
   0.632
   0.670
   0.718
   0.774
   0.838
   0.902
   0.962
   1.012
   1.046
   1.058
   1.052
   1.030
   1.000
   0.966
   0.930
   0.902
   0.882
   0.874
   0.874
   0.884
   0.900
   0.920
   0.946
   0.974
   1.002
   1.024
   1.042
   1.052
   0.996
   0.000
   0.000
   0.754
   0.738
   0.704
   0.684
   0.670
   0.652
   0.646
   0.646
   0.648
   0.656
   0.666
   0.676
   0.684
   0.688
   0.686
   0.682
   0.678
   0.668
   0.658
   0.644
   0.632
   0.620
   0.610
   0.602
   0.598
   0.600
   0.610
   0.626
   0.640
   0.648
   0.650
   0.644
   0.630
   0.612
   0.598
   0.594
   0.596
   0.608
   0.632
   0.666
   0.712
   0.764
   0.824
   0.888
   0.952
   1.010
   1.054
   1.076
   1.074
   1.054
   1.022
   0.984
   0.942
   0.906
   0.878
   0.860
   0.854
   0.856
   0.870
   0.888
   0.912
   0.936
   0.962
   0.984
   1.000
   1.010
   0.952
   0.000
   0.000
   0.768
   0.758
   0.724
   0.698
   0.672
   0.654
   0.642
   0.636
   0.636
   0.640
   0.646
   0.656
   0.662
   0.668
   0.670
   0.670
   0.668
   0.664
   0.654
   0.642
   0.628
   0.614
   0.602
   0.594
   0.588
   0.590
   0.600
   0.616
   0.632
   0.640
   0.642
   0.638
   0.624
   0.608
   0.596
   0.594
   0.598
   0.610
   0.634
   0.666
   0.706
   0.754
   0.806
   0.864
   0.924
   0.982
   1.034
   1.064
   1.072
   1.058
   1.026
   0.984
   0.938
   0.896
   0.862
   0.838
   0.824
   0.822
   0.828
   0.844
   0.864
   0.886
   0.908
   0.928
   0.944
   0.952
   0.894
   0.000
   0.000
   0.778
   0.776
   0.748
   0.720
   0.690
   0.662
   0.644
   0.636
   0.632
   0.636
   0.640
   0.648
   0.656
   0.664
   0.670
   0.672
   0.672
   0.668
   0.660
   0.646
   0.630
   0.614
   0.600
   0.588
   0.582
   0.582
   0.592
   0.608
   0.622
   0.630
   0.630
   0.624
   0.610
   0.598
   0.590
   0.590
   0.594
   0.608
   0.630
   0.662
   0.696
   0.734
   0.776
   0.822
   0.872
   0.926
   0.978
   1.016
   1.036
   1.030
   1.004
   0.962
   0.918
   0.874
   0.832
   0.800
   0.780
   0.774
   0.778
   0.788
   0.806
   0.824
   0.844
   0.860
   0.874
   0.882
   0.824
   0.000
   0.000
   0.780
   0.792
   0.772
   0.748
   0.716
   0.686
   0.664
   0.652
   0.646
   0.646
   0.650
   0.656
   0.666
   0.674
   0.680
   0.684
   0.684
   0.678
   0.668
   0.652
   0.634
   0.616
   0.600
   0.586
   0.580
   0.578
   0.586
   0.600
   0.612
   0.616
   0.616
   0.606
   0.592
   0.582
   0.578
   0.578
   0.586
   0.598
   0.620
   0.646
   0.674
   0.702
   0.730
   0.760
   0.798
   0.842
   0.892
   0.938
   0.970
   0.976
   0.956
   0.922
   0.884
   0.838
   0.792
   0.752
   0.726
   0.718
   0.722
   0.732
   0.746
   0.762
   0.778
   0.794
   0.806
   0.812
   0.754
   0.000
   0.000
   0.736
   0.804
   0.796
   0.774
   0.746
   0.716
   0.694
   0.678
   0.668
   0.666
   0.668
   0.674
   0.682
   0.688
   0.694
   0.696
   0.694
   0.684
   0.672
   0.656
   0.636
   0.618
   0.602
   0.588
   0.578
   0.578
   0.584
   0.596
   0.606
   0.608
   0.604
   0.592
   0.574
   0.562
   0.558
   0.560
   0.566
   0.578
   0.596
   0.618
   0.638
   0.656
   0.670
   0.686
   0.708
   0.742
   0.790
   0.842
   0.886
   0.902
   0.894
   0.870
   0.836
   0.794
   0.744
   0.700
   0.674
   0.664
   0.668
   0.680
   0.694
   0.710
   0.724
   0.740
   0.750
   0.754
   0.700
   0.000
 -65.534
 -65.534
   0.734
   0.800
   0.786
   0.768
   0.748
   0.726
   0.708
   0.696
   0.688
   0.686
   0.688
   0.692
   0.698
   0.700
   0.700
   0.694
   0.682
   0.670
   0.654
   0.636
   0.618
   0.602
   0.588
   0.580
   0.578
   0.582
   0.592
   0.602
   0.606
   0.602
   0.586
   0.564
   0.546
   0.536
   0.536
   0.540
   0.548
   0.560
   0.574
   0.586
   0.594
   0.600
   0.606
   0.618
   0.644
   0.688
   0.746
   0.798
   0.824
   0.826
   0.808
   0.782
   0.742
   0.694
   0.654
   0.628
   0.622
   0.628
   0.640
   0.654
   0.670
   0.686
   0.700
   0.712
   0.716
   0.664
   0.000
 -65.534
 -65.534
 -65.534
   0.724
   0.786
   0.782
   0.778
   0.764
   0.744
   0.724
   0.712
   0.702
   0.698
   0.694
   0.694
   0.692
   0.690
   0.682
   0.672
   0.660
   0.648
   0.634
   0.618
   0.602
   0.590
   0.578
   0.574
   0.576
   0.586
   0.596
   0.604
   0.602
   0.588
   0.562
   0.536
   0.516
   0.506
   0.504
   0.508
   0.514
   0.520
   0.526
   0.528
   0.528
   0.528
   0.536
   0.558
   0.604
   0.664
   0.720
   0.752
   0.760
   0.746
   0.722
   0.686
   0.646
   0.614
   0.594
   0.592
   0.598
   0.608
   0.624
   0.640
   0.656
   0.670
   0.682
   0.688
   0.642
   0.000
 -65.534
 -65.534
 -65.534
 -65.534
   0.758
   0.788
   0.798
   0.792
   0.776
   0.754
   0.736
   0.718
   0.704
   0.694
   0.686
   0.680
   0.674
   0.668
   0.660
   0.652
   0.642
   0.630
   0.616
   0.602
   0.588
   0.574
   0.566
   0.566
   0.574
   0.586
   0.596
   0.598
   0.588
   0.564
   0.530
   0.500
   0.478
   0.466
   0.462
   0.462
   0.464
   0.464
   0.462
   0.460
   0.460
   0.468
   0.494
   0.544
   0.606
   0.660
   0.690
   0.696
   0.682
   0.658
   0.630
   0.600
   0.578
   0.568
   0.570
   0.574
   0.586
   0.602
   0.616
   0.632
   0.646
   0.656
   0.662
   0.622
   0.000
 -65.534
 -65.534
 -65.534
 -65.534
   0.732
   0.782
   0.798
   0.800
   0.790
   0.776
   0.758
   0.740
   0.720
   0.702
   0.688
   0.678
   0.668
   0.662
   0.654
   0.648
   0.638
   0.628
   0.614
   0.598
   0.580
   0.562
   0.550
   0.546
   0.550
   0.562
   0.578
   0.586
   0.582
   0.560
   0.526
   0.490
   0.460
   0.440
   0.426
   0.418
   0.414
   0.412
   0.408
   0.404
   0.406
   0.420
   0.454
   0.510
   0.568
   0.612
   0.636
   0.636
   0.624
   0.602
   0.580
   0.560
   0.548
   0.546
   0.552
   0.556
   0.568
   0.582
   0.598
   0.612
   0.626
   0.636
   0.642
   0.606
   0.000
 -65.534
 -65.534
 -65.534
 -65.534
   0.696
   0.758
   0.782
   0.788
   0.784
   0.780
   0.772
   0.758
   0.740
   0.722
   0.704
   0.686
   0.674
   0.664
   0.658
   0.650
   0.640
   0.628
   0.610
   0.590
   0.568
   0.548
   0.532
   0.524
   0.524
   0.534
   0.548
   0.562
   0.566
   0.552
   0.524
   0.486
   0.450
   0.426
   0.410
   0.394
   0.384
   0.378
   0.374
   0.370
   0.374
   0.392
   0.424
   0.476
   0.526
   0.564
   0.584
   0.586
   0.576
   0.560
   0.544
   0.532
   0.528
   0.532
   0.542
   0.548
   0.558
   0.570
   0.584
   0.598
   0.610
   0.622
   0.630
   0.596
   0.000
 -65.534
 -65.534
 -65.534
 -65.534
   0.606
   0.666
   0.700
   0.724
   0.754
   0.756
   0.760
   0.756
   0.750
   0.738
   0.722
   0.704
   0.690
   0.678
   0.670
   0.662
   0.650
   0.632
   0.610
   0.584
   0.558
   0.536
   0.522
   0.510
   0.504
   0.506
   0.514
   0.528
   0.538
   0.534
   0.514
   0.482
   0.448
   0.420
   0.406
   0.392
   0.374
   0.364
   0.358
   0.354
   0.356
   0.374
   0.394
   0.430
   0.472
   0.506
   0.528
   0.536
   0.534
   0.526
   0.516
   0.512
   0.516
   0.524
   0.536
   0.544
   0.554
   0.568
   0.580
   0.594
   0.606
   0.618
   0.626
   0.594
   0.000
 -65.534
 -65.534
 -65.534
 -65.534
 -65.534
 -65.534
 -65.534
 -65.534
   0.648
   0.690
   0.710
   0.726
   0.734
   0.736
   0.730
   0.722
   0.712
   0.704
   0.696
   0.686
   0.672
   0.648
   0.620
   0.588
   0.558
   0.534
   0.516
   0.504
   0.496
   0.488
   0.486
   0.490
   0.498
   0.500
   0.488
   0.466
   0.438
   0.418
   0.404
   0.392
   0.372
   0.362
   0.354
   0.348
   0.342
   0.356
   0.368
   0.388
   0.418
   0.450
   0.474
   0.490
   0.496
   0.498
   0.498
   0.502
   0.508
   0.520
   0.532
   0.544
   0.558
   0.572
   0.584
   0.598
   0.610
   0.620
   0.628
   0.598
   0.000
 -65.534
 -65.534
 -65.534
 -65.534
 -65.534
 -65.534
   0.442
   0.466
   0.554
   0.614
   0.646
   0.678
   0.704
   0.722
   0.732
   0.736
   0.738
   0.738
   0.734
   0.726
   0.708
   0.680
   0.646
   0.608
   0.570
   0.542
   0.518
   0.504
   0.492
   0.482
   0.474
   0.466
   0.462
   0.458
   0.450
   0.436
   0.420
   0.408
   0.398
   0.388
   0.372
   0.364
   0.356
   0.348
   0.340
   0.336
   0.350
   0.362
   0.380
   0.406
   0.434
   0.456
   0.472
   0.480
   0.488
   0.496
   0.504
   0.518
   0.532
   0.546
   0.562
   0.578
   0.592
   0.606
   0.620
   0.630
   0.638
   0.610
   0.000
 -65.534
 -65.534
 -65.534
 -65.534
 -65.534
 -65.534
 -65.534
 -65.534
 -65.534
   0.512
   0.556
   0.594
   0.630
   0.664
   0.700
   0.736
   0.750
   0.764
   0.772
   0.768
   0.750
   0.726
   0.692
   0.654
   0.610
   0.570
   0.538
   0.516
   0.498
   0.484
   0.472
   0.460
   0.448
   0.438
   0.426
   0.416
   0.406
   0.398
   0.390
   0.382
   0.376
   0.370
   0.364
   0.356
   0.346
   0.338
   0.332
   0.348
   0.356
   0.374
   0.402
   0.428
   0.450
   0.466
   0.478
   0.488
   0.500
   0.516
   0.532
   0.550
   0.568
   0.586
   0.602
   0.618
   0.632
   0.644
   0.652
   0.624
   0.000
 -65.534
 -65.534
 -65.534
 -65.534
 -65.534
 -65.534
 -65.534
 -65.534
 -65.534
 -65.534
 -65.534
 -65.534
 -65.534
 -65.534
 -65.534
   0.604
   0.676
   0.718
   0.758
   0.792
   0.790
   0.778
   0.756
   0.726
   0.682
   0.634
   0.592
   0.556
   0.526
   0.502
   0.482
   0.466
   0.450
   0.438
   0.426
   0.416
   0.406
   0.398
   0.392
   0.388
   0.384
   0.380
   0.374
   0.366
   0.356
   0.346
   0.336
   0.334
   0.348
   0.358
   0.376
   0.402
   0.426
   0.448
   0.466
   0.482
   0.498
   0.516
   0.538
   0.558
   0.578
   0.598
   0.614
   0.632
   0.646
   0.660
   0.668
   0.636
   0.000
 -65.534
 -65.534
 -65.534
 -65.534
 -65.534
 -65.534
 -65.534
 -65.534
 -65.534
 -65.534
 -65.534
 -65.534
 -65.534
 -65.534
 -65.534
 -65.534
 -65.534
 -65.534
 -65.534
   0.728
   0.804
   0.826
   0.828
   0.816
   0.780
   0.730
   0.682
   0.636
   0.594
   0.552
   0.518
   0.488
   0.464
   0.446
   0.432
   0.422
   0.412
   0.406
   0.412
   0.416
   0.416
   0.414
   0.410
   0.402
   0.394
   0.382
   0.366
   0.352
   0.348
   0.352
   0.366
   0.386
   0.408
   0.430
   0.454
   0.474
   0.496
   0.520
   0.542
   0.566
   0.588
   0.608
   0.626
   0.644
   0.660
   0.672
   0.682
   0.648
   0.000
 -65.534
 -65.534
 -65.534
 -65.534
 -65.534
 -65.534
 -65.534
 -65.534
 -65.534
 -65.534
 -65.534
 -65.534
 -65.534
 -65.534
 -65.534
 -65.534
 -65.534
 -65.534
   0.594
   0.768
   0.842
   0.878
   0.900
   0.902
   0.876
   0.834
   0.786
   0.736
   0.686
   0.636
   0.586
   0.542
   0.502
   0.474
   0.454
   0.444
   0.438
   0.432
   0.430
   0.430
   0.432
   0.432
   0.430
   0.424
   0.416
   0.402
   0.386
   0.372
   0.364
   0.364
   0.372
   0.386
   0.406
   0.426
   0.450
   0.474
   0.498
   0.524
   0.550
   0.576
   0.600
   0.620
   0.640
   0.656
   0.672
   0.686
   0.696
   0.666
   0.000
 -65.534
 -65.534
 -65.534
 -65.534
 -65.534
 -65.534
 -65.534
 -65.534
 -65.534
 -65.534
 -65.534
 -65.534
 -65.534
 -65.534
 -65.534
 -65.534
 -65.534
   0.602
   0.746
   0.844
   0.898
   0.936
   0.966
   0.978
   0.960
   0.922
   0.880
   0.832
   0.782
   0.730
   0.676
   0.622
   0.570
   0.528
   0.496
   0.474
   0.460
   0.452
   0.448
   0.448
   0.450
   0.454
   0.460
   0.464
   0.462
   0.450
   0.432
   0.414
   0.400
   0.394
   0.396
   0.404
   0.418
   0.436
   0.458
   0.482
   0.508
   0.534
   0.560
   0.586
   0.612
   0.634
   0.654
   0.670
   0.688
   0.702
   0.716
   0.688
   0.000
 -65.534
 -65.534
 -65.534
 -65.534
 -65.534
 -65.534
 -65.534
 -65.534
 -65.534
 -65.534
 -65.534
 -65.534
 -65.534
 -65.534
 -65.534
 -65.534
 -65.534
   0.714
   0.828
   0.896
   0.942
   0.986
   1.020
   1.036
   1.020
   0.986
   0.944
   0.898
   0.852
   0.804
   0.752
   0.696
   0.640
   0.590
   0.548
   0.518
   0.496
   0.482
   0.472
   0.468
   0.470
   0.478
   0.490
   0.504
   0.512
   0.504
   0.486
   0.466
   0.448
   0.436
   0.430
   0.432
   0.440
   0.456
   0.476
   0.498
   0.522
   0.548
   0.576
   0.604
   0.628
   0.652
   0.672
   0.690
   0.708
   0.724
   0.740
   0.718
   0.000
 -65.534
 -65.534
 -65.534
 -65.534
 -65.534
 -65.534
 -65.534
 -65.534
 -65.534
 -65.534
 -65.534
 -65.534
 -65.534
 -65.534
 -65.534
 -65.534
 -65.534
   0.736
   0.838
   0.896
   0.946
   0.998
   1.046
   1.068
   1.052
   1.014
   0.968
   0.920
   0.872
   0.828
   0.780
   0.730
   0.678
   0.628
   0.582
   0.548
   0.522
   0.502
   0.492
   0.488
   0.492
   0.500
   0.514
   0.530
   0.538
   0.534
   0.522
   0.506
   0.488
   0.474
   0.468
   0.468
   0.474
   0.486
   0.502
   0.522
   0.544
   0.570
   0.598
   0.624
   0.650
   0.674
   0.698
   0.718
   0.736
   0.754
   0.774
   0.754
   0.000
 -65.534
 -65.534
 -65.534
 -65.534
 -65.534
 -65.534
 -65.534
 -65.534
 -65.534
 -65.534
 -65.534
 -65.534
 -65.534
 -65.534
 -65.534
 -65.534
 -65.534
   0.694
   0.806
   0.862
   0.918
   0.984
   1.042
   1.070
   1.050
   1.006
   0.956
   0.904
   0.856
   0.814
   0.774
   0.730
   0.684
   0.640
   0.596
   0.562
   0.534
   0.516
   0.506
   0.506
   0.514
   0.524
   0.536
   0.546
   0.552
   0.550
   0.540
   0.526
   0.514
   0.504
   0.502
   0.504
   0.512
   0.522
   0.536
   0.554
   0.574
   0.598
   0.624
   0.650
   0.678
   0.702
   0.726
   0.750
   0.770
   0.788
   0.810
   0.794
   0.000
 -65.534
 -65.534
 -65.534
 -65.534
 -65.534
 -65.534
 -65.534
 -65.534
 -65.534
 -65.534
 -65.534
 -65.534
 -65.534
 -65.534
 -65.534
 -65.534
 -65.534
 -65.534
   0.712
   0.810
   0.878
   0.948
   1.010
   1.036
   1.016
   0.970
   0.920
   0.868
   0.822
   0.786
   0.756
   0.724
   0.686
   0.644
   0.602
   0.568
   0.542
   0.524
   0.518
   0.520
   0.530
   0.542
   0.554
   0.562
   0.566
   0.564
   0.554
   0.544
   0.534
   0.530
   0.534
   0.542
   0.550
   0.560
   0.574
   0.588
   0.608
   0.632
   0.656
   0.682
   0.708
   0.734
   0.758
   0.782
   0.804
   0.824
   0.844
   0.830
   0.000
 -65.534
 -65.534
 -65.534
 -65.534
 -65.534
 -65.534
 -65.534
 -65.534
 -65.534
 -65.534
 -65.534
 -65.534
 -65.534
 -65.534
 -65.534
 -65.534
 -65.534
 -65.534
 -65.534
   0.710
   0.822
   0.898
   0.948
   0.966
   0.946
   0.908
   0.868
   0.828
   0.794
   0.774
   0.756
   0.728
   0.690
   0.650
   0.610
   0.580
   0.550
   0.526
   0.518
   0.524
   0.538
   0.544
   0.556
   0.570
   0.580
   0.582
   0.576
   0.568
   0.562
   0.562
   0.570
   0.580
   0.588
   0.598
   0.610
   0.624
   0.642
   0.664
   0.688
   0.714
   0.740
   0.766
   0.790
   0.814
   0.838
   0.858
   0.876
   0.862
   0.000
 -65.534
 -65.534
 -65.534
 -65.534
 -65.534
 -65.534
 -65.534
 -65.534
 -65.534
 -65.534
 -65.534
 -65.534
 -65.534
 -65.534
 -65.534
 -65.534
 -65.534
 -65.534
 -65.534
 -65.534
   0.706
   0.788
   0.842
   0.862
   0.864
   0.840
   0.816
   0.796
   0.784
   0.782
   0.776
   0.744
   0.698
   0.650
   0.604
   0.552
 -65.534
 -65.534
 -65.534
 -65.534
   0.384
   0.452
   0.506
   0.548
   0.582
   0.602
   0.602
   0.598
   0.594
   0.598
   0.604
   0.614
   0.622
   0.632
   0.642
   0.656
   0.674
   0.696
   0.720
   0.744
   0.770
   0.794
   0.820
   0.842
   0.866
   0.886
   0.904
   0.886
   0.000
 -65.534
 -65.534
 -65.534
 -65.534
 -65.534
 -65.534
 -65.534
 -65.534
 -65.534
 -65.534
 -65.534
 -65.534
 -65.534
 -65.534
 -65.534
 -65.534
 -65.534
 -65.534
 -65.534
 -65.534
 -65.534
 -65.534
 -65.534
 -65.534
   0.752
   0.784
   0.786
   0.786
   0.788
   0.796
   0.792
   0.760
   0.712
   0.662
   0.616
   0.550
 -65.534
 -65.534
 -65.534
 -65.534
 -65.534
 -65.534
   0.418
   0.512
   0.578
   0.612
   0.620
   0.618
   0.620
   0.626
   0.634
   0.642
   0.648
   0.658
   0.668
   0.684
   0.702
   0.724
   0.746
   0.770
   0.794
   0.818
   0.840
   0.864
   0.886
   0.906
   0.922
   0.902
   0.000
 -65.534
 -65.534
 -65.534
 -65.534
 -65.534
 -65.534
 -65.534
 -65.534
 -65.534
 -65.534
 -65.534
 -65.534
 -65.534
 -65.534
 -65.534
 -65.534
 -65.534
 -65.534
 -65.534
 -65.534
 -65.534
 -65.534
 -65.534
 -65.534
   0.638
   0.696
   0.716
   0.738
   0.764
   0.788
   0.784
   0.756
   0.712
   0.670
   0.628
   0.554
 -65.534
 -65.534
 -65.534
 -65.534
 -65.534
 -65.534
 -65.534
   0.466
   0.560
   0.606
   0.626
   0.632
   0.642
   0.652
   0.660
   0.666
   0.672
   0.682
   0.694
   0.710
   0.730
   0.752
   0.772
   0.792
   0.812
   0.834
   0.854
   0.874
   0.894
   0.914
   0.928
   0.906
   0.000
 -65.534
 -65.534
 -65.534
 -65.534
 -65.534
 -65.534
 -65.534
 -65.534
 -65.534
 -65.534
 -65.534
 -65.534
 -65.534
 -65.534
 -65.534
 -65.534
 -65.534
 -65.534
 -65.534
 -65.534
 -65.534
 -65.534
 -65.534
 -65.534
 -65.534
 -65.534
 -65.534
 -65.534
 -65.534
   0.668
   0.700
   0.696
   0.692
   0.668
   0.634
   0.572
   0.374
 -65.534
 -65.534
 -65.534
 -65.534
 -65.534
 -65.534
   0.416
   0.494
 -65.534
   0.552
   0.608
   0.640
   0.670
   0.686
   0.692
   0.698
   0.708
   0.724
   0.742
   0.762
   0.780
   0.794
   0.810
   0.826
   0.842
   0.858
   0.876
   0.894
   0.910
   0.922
   0.894
   0.000
 -65.534
 -65.534
 -65.534
 -65.534
 -65.534
 -65.534
 -65.534
 -65.534
 -65.534
 -65.534
 -65.534
 -65.534
 -65.534
 -65.534
 -65.534
 -65.534
 -65.534
 -65.534
 -65.534
 -65.534
 -65.534
 -65.534
 -65.534
 -65.534
 -65.534
 -65.534
 -65.534
 -65.534
 -65.534
 -65.534
 -65.534
 -65.534
   0.602
   0.642
   0.626
   0.576
   0.484
   0.336
 -65.534
 -65.534
 -65.534
 -65.534
 -65.534
 -65.534
 -65.534
 -65.534
 -65.534
 -65.534
 -65.534
   0.566
   0.642
   0.680
   0.704
   0.720
   0.738
   0.758
   0.776
   0.790
   0.802
   0.814
   0.828
   0.842
   0.856
   0.870
   0.882
   0.894
   0.902
   0.866
   0.000
 -65.534
 -65.534
 -65.534
 -65.534
 -65.534
 -65.534
 -65.534
 -65.534
 -65.534
 -65.534
 -65.534
 -65.534
 -65.534
 -65.534
 -65.534
 -65.534
 -65.534
 -65.534
 -65.534
 -65.534
 -65.534
 -65.534
 -65.534
 -65.534
 -65.534
 -65.534
 -65.534
 -65.534
 -65.534
 -65.534
 -65.534
 -65.534
   0.510
   0.568
   0.572
   0.540
   0.494
   0.426
   0.322
   0.232
 -65.534
 -65.534
 -65.534
 -65.534
 -65.534
 -65.534
 -65.534
 -65.534
 -65.534
 -65.534
 -65.534
 -65.534
   0.568
   0.644
   0.686
   0.730
   0.754
   0.772
   0.788
   0.804
   0.822
   0.836
   0.850
   0.860
   0.868
   0.874
   0.874
   0.828
   0.000
 -65.534
 -65.534
 -65.534
 -65.534
 -65.534
 -65.534
 -65.534
 -65.534
 -65.534
 -65.534
 -65.534
 -65.534
 -65.534
 -65.534
 -65.534
 -65.534
 -65.534
 -65.534
 -65.534
 -65.534
 -65.534
 -65.534
 -65.534
 -65.534
 -65.534
 -65.534
 -65.534
 -65.534
 -65.534
 -65.534
 -65.534
 -65.534
 -65.534
 -65.534
 -65.534
 -65.534
   0.394
   0.402
   0.368
   0.316
   0.244
   0.204
   0.182
   0.176
   0.174
 -65.534
 -65.534
 -65.534
 -65.534
 -65.534
 -65.534
 -65.534
 -65.534
 -65.534
 -65.534
   0.578
   0.674
   0.720
   0.752
   0.780
   0.804
   0.824
   0.836
   0.846
   0.850
   0.848
   0.840
   0.784
   0.000
 -65.534
 -65.534
 -65.534
 -65.534
 -65.534
 -65.534
 -65.534
 -65.534
 -65.534
 -65.534
 -65.534
 -65.534
 -65.534
 -65.534
 -65.534
 -65.534
 -65.534
 -65.534
 -65.534
 -65.534
 -65.534
 -65.534
 -65.534
 -65.534
 -65.534
 -65.534
 -65.534
 -65.534
 -65.534
 -65.534
 -65.534
 -65.534
 -65.534
 -65.534
 -65.534
 -65.534
 -65.534
 -65.534
 -65.534
 -65.534
   0.232
 -65.534
 -65.534
 -65.534
 -65.534
 -65.534
 -65.534
 -65.534
 -65.534
 -65.534
 -65.534
 -65.534
 -65.534
 -65.534
 -65.534
   0.482
   0.572
   0.626
   0.670
   0.730
   0.766
   0.788
   0.802
   0.812
   0.816
   0.810
   0.796
   0.732
   0.000
 -65.534
 -65.534
 -65.534
 -65.534
 -65.534
 -65.534
 -65.534
 -65.534
 -65.534
 -65.534
 -65.534
 -65.534
 -65.534
 -65.534
 -65.534
 -65.534
 -65.534
 -65.534
 -65.534
 -65.534
 -65.534
 -65.534
 -65.534
 -65.534
 -65.534
 -65.534
 -65.534
 -65.534
 -65.534
 -65.534
 -65.534
 -65.534
 -65.534
 -65.534
 -65.534
 -65.534
 -65.534
 -65.534
 -65.534
 -65.534
 -65.534
 -65.534
 -65.534
 -65.534
 -65.534
 -65.534
 -65.534
 -65.534
 -65.534
 -65.534
 -65.534
 -65.534
 -65.534
 -65.534
 -65.534
 -65.534
 -65.534
 -65.534
 -65.534
   0.554
   0.646
   0.694
   0.710
   0.720
   0.724
   0.720
   0.704
   0.636
   0.000
 -65.534
 -65.534
 -65.534
 -65.534
 -65.534
 -65.534
 -65.534
 -65.534
 -65.534
 -65.534
 -65.534
 -65.534
 -65.534
 -65.534
 -65.534
 -65.534
 -65.534
 -65.534
 -65.534
 -65.534
 -65.534
 -65.534
 -65.534
 -65.534
 -65.534
 -65.534
 -65.534
 -65.534
 -65.534
 -65.534
 -65.534
 -65.534
 -65.534
 -65.534
 -65.534
 -65.534
 -65.534
 -65.534
 -65.534
 -65.534
 -65.534
 -65.534
 -65.534
 -65.534
 -65.534
 -65.534
 -65.534
 -65.534
 -65.534
 -65.534
 -65.534
 -65.534
 -65.534
 -65.534
 -65.534
 -65.534
 -65.534
 -65.534
 -65.534
 -65.534
 -65.534
   0.000
   0.000
   0.000
   0.000
   0.000
   0.000
   0.000
 -65.534
