 -65.534
   0.000
   0.000
   0.000
   0.000
   0.000
   0.000
   0.000
   0.000
   0.000
   0.000
   0.000
   0.000
   0.000
   0.000
   0.000
   0.000
   0.000
   0.000
   0.000
   0.000
   0.000
   0.000
   0.000
   0.000
   0.000
   0.000
   0.000
   0.000
   0.000
   0.000
   0.000
   0.000
   0.000
   0.000
   0.000
   0.000
   0.000
   0.000
   0.000
   0.000
   0.000
   0.000
   0.000
   0.000
   0.000
   0.000
   0.000
   0.000
   0.000
   0.000
   0.000
   0.000
   0.000
   0.000
   0.000
   0.000
   0.000
   0.000
   0.000
   0.000
   0.000
   0.000
   0.000
   0.000
   0.000
   0.000
   0.000
 -65.534
   0.000
   0.910
   0.992
   1.036
   1.084
   1.127
   1.168
   1.201
   1.227
   1.246
   1.260
   1.270
   1.280
   1.287
   1.293
   1.304
   1.307
   1.318
   1.335
   1.365
   1.402
   1.442
   1.480
   1.523
   1.515
   1.484
   1.452
   1.425
   1.393
   1.368
   1.346
   1.322
   1.309
   1.303
   1.287
   1.275
   1.255
   1.239
   1.235
   1.232
   1.240
   1.258
   1.275
   1.290
   1.296
   1.289
   1.283
   1.284
   1.292
   1.309
   1.331
   1.355
   1.386
   1.410
   1.441
   1.452
   1.457
   1.454
   1.446
   1.440
   1.435
   1.429
   1.424
   1.418
   1.407
   1.395
   1.386
   1.303
   0.000
   0.000
   0.996
   1.071
   1.104
   1.150
   1.195
   1.242
   1.286
   1.322
   1.355
   1.377
   1.395
   1.408
   1.416
   1.420
   1.422
   1.422
   1.428
   1.438
   1.457
   1.480
   1.508
   1.531
   1.558
   1.551
   1.524
   1.498
   1.471
   1.447
   1.431
   1.416
   1.403
   1.393
   1.388
   1.380
   1.364
   1.344
   1.324
   1.310
   1.309
   1.314
   1.330
   1.349
   1.369
   1.379
   1.379
   1.382
   1.399
   1.422
   1.453
   1.489
   1.527
   1.568
   1.606
   1.638
   1.657
   1.669
   1.677
   1.679
   1.678
   1.674
   1.669
   1.657
   1.644
   1.633
   1.617
   1.601
   1.509
   0.000
   0.000
   1.003
   1.073
   1.100
   1.140
   1.184
   1.231
   1.277
   1.319
   1.355
   1.383
   1.400
   1.412
   1.422
   1.424
   1.422
   1.421
   1.421
   1.424
   1.434
   1.446
   1.464
   1.481
   1.492
   1.493
   1.477
   1.459
   1.442
   1.426
   1.412
   1.402
   1.395
   1.395
   1.394
   1.391
   1.381
   1.363
   1.342
   1.327
   1.318
   1.323
   1.336
   1.352
   1.368
   1.380
   1.386
   1.399
   1.425
   1.461
   1.503
   1.547
   1.595
   1.640
   1.685
   1.721
   1.749
   1.768
   1.780
   1.778
   1.777
   1.772
   1.761
   1.744
   1.729
   1.713
   1.695
   1.677
   1.578
   0.000
   0.000
   1.005
   1.073
   1.092
   1.126
   1.162
   1.203
   1.246
   1.287
   1.325
   1.355
   1.377
   1.393
   1.404
   1.404
   1.400
   1.395
   1.389
   1.389
   1.391
   1.398
   1.410
   1.420
   1.426
   1.427
   1.420
   1.415
   1.408
   1.403
   1.400
   1.399
   1.399
   1.403
   1.405
   1.404
   1.397
   1.378
   1.354
   1.334
   1.328
   1.327
   1.334
   1.344
   1.358
   1.370
   1.381
   1.403
   1.437
   1.483
   1.532
   1.583
   1.635
   1.685
   1.731
   1.771
   1.805
   1.826
   1.839
   1.839
   1.833
   1.826
   1.813
   1.798
   1.784
   1.768
   1.751
   1.736
   1.637
   0.000
   0.000
   1.010
   1.074
   1.091
   1.118
   1.146
   1.180
   1.215
   1.254
   1.288
   1.317
   1.338
   1.353
   1.359
   1.360
   1.352
   1.344
   1.336
   1.334
   1.333
   1.336
   1.342
   1.349
   1.357
   1.358
   1.362
   1.373
   1.382
   1.392
   1.400
   1.405
   1.412
   1.416
   1.418
   1.415
   1.407
   1.386
   1.361
   1.336
   1.326
   1.327
   1.328
   1.333
   1.343
   1.354
   1.370
   1.393
   1.433
   1.485
   1.543
   1.603
   1.660
   1.713
   1.762
   1.799
   1.831
   1.854
   1.865
   1.866
   1.860
   1.852
   1.839
   1.827
   1.817
   1.805
   1.795
   1.784
   1.686
   0.000
   0.000
   1.011
   1.075
   1.095
   1.116
   1.136
   1.163
   1.193
   1.224
   1.254
   1.280
   1.298
   1.310
   1.313
   1.309
   1.296
   1.287
   1.278
   1.272
   1.271
   1.273
   1.275
   1.277
   1.285
   1.296
   1.319
   1.346
   1.374
   1.396
   1.415
   1.425
   1.434
   1.434
   1.433
   1.427
   1.415
   1.394
   1.367
   1.342
   1.332
   1.330
   1.330
   1.329
   1.332
   1.339
   1.348
   1.368
   1.405
   1.462
   1.525
   1.597
   1.663
   1.722
   1.772
   1.809
   1.839
   1.861
   1.872
   1.870
   1.867
   1.859
   1.849
   1.839
   1.833
   1.830
   1.824
   1.818
   1.722
   0.000
   0.000
   1.010
   1.078
   1.099
   1.118
   1.136
   1.155
   1.178
   1.204
   1.231
   1.252
   1.267
   1.275
   1.275
   1.266
   1.254
   1.240
   1.229
   1.225
   1.219
   1.220
   1.224
   1.230
   1.242
   1.261
   1.294
   1.333
   1.372
   1.404
   1.431
   1.446
   1.452
   1.452
   1.445
   1.435
   1.420
   1.400
   1.375
   1.359
   1.353
   1.350
   1.342
   1.335
   1.331
   1.328
   1.324
   1.334
   1.362
   1.411
   1.484
   1.563
   1.641
   1.708
   1.763
   1.804
   1.834
   1.854
   1.863
   1.865
   1.864
   1.857
   1.848
   1.841
   1.837
   1.837
   1.836
   1.835
   1.743
   0.000
   0.000
   1.004
   1.081
   1.104
   1.125
   1.139
   1.155
   1.172
   1.193
   1.214
   1.233
   1.245
   1.249
   1.247
   1.239
   1.224
   1.209
   1.198
   1.190
   1.186
   1.186
   1.191
   1.203
   1.218
   1.246
   1.279
   1.322
   1.368
   1.408
   1.435
   1.455
   1.461
   1.460
   1.455
   1.441
   1.425
   1.411
   1.396
   1.388
   1.387
   1.379
   1.364
   1.352
   1.340
   1.329
   1.315
   1.312
   1.329
   1.370
   1.434
   1.515
   1.603
   1.683
   1.745
   1.792
   1.823
   1.843
   1.852
   1.851
   1.851
   1.848
   1.840
   1.834
   1.831
   1.836
   1.837
   1.836
   1.747
   0.000
   0.000
   0.985
   1.068
   1.104
   1.128
   1.143
   1.158
   1.173
   1.191
   1.210
   1.228
   1.237
   1.238
   1.232
   1.220
   1.205
   1.191
   1.179
   1.169
   1.167
   1.168
   1.176
   1.190
   1.209
   1.237
   1.272
   1.315
   1.361
   1.401
   1.431
   1.450
   1.457
   1.458
   1.455
   1.447
   1.439
   1.432
   1.425
   1.420
   1.416
   1.407
   1.391
   1.375
   1.363
   1.350
   1.335
   1.322
   1.326
   1.357
   1.413
   1.486
   1.574
   1.662
   1.733
   1.781
   1.817
   1.835
   1.839
   1.835
   1.836
   1.833
   1.826
   1.820
   1.820
   1.824
   1.827
   1.826
   1.742
   0.000
   0.000
   0.957
   1.044
   1.089
   1.120
   1.141
   1.156
   1.172
   1.192
   1.212
   1.229
   1.236
   1.238
   1.231
   1.218
   1.202
   1.183
   1.171
   1.163
   1.159
   1.163
   1.174
   1.190
   1.209
   1.235
   1.268
   1.307
   1.349
   1.388
   1.419
   1.438
   1.450
   1.454
   1.454
   1.452
   1.452
   1.450
   1.448
   1.442
   1.437
   1.428
   1.415
   1.403
   1.392
   1.384
   1.374
   1.360
   1.352
   1.375
   1.420
   1.482
   1.564
   1.645
   1.716
   1.767
   1.802
   1.818
   1.820
   1.816
   1.815
   1.816
   1.813
   1.808
   1.807
   1.809
   1.815
   1.814
   1.734
   0.000
   0.000
   0.927
   1.019
   1.065
   1.101
   1.127
   1.148
   1.170
   1.188
   1.211
   1.229
   1.242
   1.246
   1.245
   1.233
   1.214
   1.196
   1.178
   1.165
   1.159
   1.164
   1.176
   1.193
   1.213
   1.240
   1.270
   1.305
   1.344
   1.380
   1.410
   1.431
   1.447
   1.456
   1.458
   1.459
   1.462
   1.465
   1.463
   1.459
   1.454
   1.448
   1.442
   1.433
   1.422
   1.415
   1.410
   1.402
   1.400
   1.411
   1.445
   1.498
   1.565
   1.632
   1.694
   1.742
   1.773
   1.788
   1.793
   1.793
   1.797
   1.803
   1.805
   1.803
   1.803
   1.806
   1.810
   1.810
   1.732
   0.000
   0.000
   0.864
   0.995
   1.040
   1.075
   1.101
   1.127
   1.151
   1.177
   1.202
   1.226
   1.243
   1.253
   1.257
   1.250
   1.236
   1.216
   1.197
   1.179
   1.169
   1.170
   1.179
   1.194
   1.216
   1.243
   1.273
   1.307
   1.342
   1.376
   1.406
   1.432
   1.450
   1.464
   1.469
   1.474
   1.478
   1.478
   1.478
   1.472
   1.470
   1.467
   1.462
   1.457
   1.448
   1.441
   1.436
   1.434
   1.436
   1.446
   1.473
   1.513
   1.568
   1.622
   1.671
   1.709
   1.734
   1.748
   1.757
   1.765
   1.779
   1.790
   1.797
   1.803
   1.808
   1.815
   1.821
   1.819
   1.738
   0.000
 -65.534
 -65.534
   0.888
   1.000
   1.034
   1.064
   1.092
   1.121
   1.148
   1.175
   1.202
   1.225
   1.239
   1.245
   1.245
   1.238
   1.224
   1.207
   1.191
   1.179
   1.176
   1.184
   1.196
   1.217
   1.244
   1.278
   1.311
   1.345
   1.377
   1.408
   1.436
   1.457
   1.475
   1.484
   1.489
   1.494
   1.496
   1.492
   1.488
   1.485
   1.483
   1.479
   1.476
   1.468
   1.459
   1.453
   1.451
   1.456
   1.464
   1.486
   1.517
   1.559
   1.603
   1.636
   1.662
   1.685
   1.701
   1.716
   1.731
   1.753
   1.770
   1.786
   1.807
   1.820
   1.834
   1.841
   1.835
   1.745
   0.000
 -65.534
 -65.534
 -65.534
   0.876
   0.981
   1.018
   1.051
   1.080
   1.107
   1.134
   1.159
   1.181
   1.195
   1.207
   1.210
   1.211
   1.208
   1.199
   1.188
   1.179
   1.178
   1.183
   1.197
   1.219
   1.248
   1.281
   1.317
   1.350
   1.384
   1.414
   1.442
   1.466
   1.485
   1.498
   1.507
   1.512
   1.518
   1.517
   1.514
   1.510
   1.505
   1.504
   1.499
   1.489
   1.478
   1.466
   1.459
   1.460
   1.470
   1.483
   1.508
   1.536
   1.566
   1.591
   1.611
   1.633
   1.654
   1.672
   1.692
   1.717
   1.744
   1.771
   1.797
   1.823
   1.841
   1.852
   1.851
   1.753
   0.000
 -65.534
 -65.534
 -65.534
 -65.534
   0.898
   0.963
   0.999
   1.027
   1.051
   1.076
   1.104
   1.125
   1.141
   1.151
   1.159
   1.163
   1.166
   1.162
   1.158
   1.157
   1.160
   1.170
   1.187
   1.214
   1.243
   1.279
   1.315
   1.349
   1.382
   1.412
   1.439
   1.465
   1.486
   1.503
   1.517
   1.530
   1.539
   1.543
   1.542
   1.539
   1.535
   1.531
   1.525
   1.508
   1.493
   1.475
   1.460
   1.455
   1.458
   1.466
   1.483
   1.505
   1.526
   1.548
   1.566
   1.585
   1.608
   1.633
   1.661
   1.692
   1.722
   1.752
   1.784
   1.813
   1.836
   1.855
   1.854
   1.755
   0.000
 -65.534
 -65.534
 -65.534
 -65.534
   0.837
   0.905
   0.940
   0.961
   0.982
   1.010
   1.038
   1.060
   1.079
   1.096
   1.104
   1.109
   1.110
   1.109
   1.110
   1.109
   1.118
   1.135
   1.156
   1.184
   1.218
   1.258
   1.294
   1.328
   1.362
   1.393
   1.423
   1.447
   1.472
   1.495
   1.518
   1.536
   1.552
   1.563
   1.565
   1.562
   1.560
   1.553
   1.542
   1.525
   1.502
   1.477
   1.461
   1.445
   1.439
   1.440
   1.447
   1.461
   1.480
   1.495
   1.516
   1.542
   1.572
   1.603
   1.635
   1.668
   1.700
   1.732
   1.763
   1.794
   1.820
   1.840
   1.845
   1.746
   0.000
 -65.534
 -65.534
 -65.534
 -65.534
   0.780
   0.842
   0.875
   0.894
   0.912
   0.939
   0.969
   0.995
   1.019
   1.036
   1.048
   1.054
   1.051
   1.049
   1.048
   1.053
   1.064
   1.080
   1.104
   1.132
   1.167
   1.204
   1.243
   1.280
   1.315
   1.348
   1.382
   1.411
   1.439
   1.469
   1.497
   1.525
   1.549
   1.565
   1.574
   1.573
   1.567
   1.558
   1.546
   1.525
   1.499
   1.471
   1.445
   1.426
   1.410
   1.404
   1.403
   1.414
   1.427
   1.446
   1.470
   1.500
   1.535
   1.573
   1.613
   1.649
   1.680
   1.710
   1.741
   1.769
   1.794
   1.815
   1.822
   1.730
   0.000
 -65.534
 -65.534
 -65.534
 -65.534
   0.695
   0.742
   0.777
   0.806
   0.846
   0.868
   0.897
   0.926
   0.949
   0.970
   0.984
   0.988
   0.989
   0.990
   0.993
   0.995
   1.003
   1.018
   1.039
   1.066
   1.098
   1.134
   1.172
   1.207
   1.245
   1.280
   1.316
   1.349
   1.384
   1.415
   1.451
   1.486
   1.517
   1.540
   1.552
   1.555
   1.549
   1.540
   1.526
   1.504
   1.477
   1.448
   1.422
   1.395
   1.376
   1.362
   1.357
   1.363
   1.379
   1.400
   1.426
   1.461
   1.500
   1.546
   1.593
   1.633
   1.670
   1.703
   1.728
   1.753
   1.775
   1.794
   1.800
   1.713
   0.000
 -65.534
 -65.534
 -65.534
 -65.534
 -65.534
 -65.534
 -65.534
 -65.534
   0.737
   0.782
   0.819
   0.848
   0.874
   0.894
   0.909
   0.918
   0.924
   0.931
   0.939
   0.946
   0.954
   0.964
   0.977
   1.002
   1.032
   1.064
   1.097
   1.129
   1.163
   1.199
   1.236
   1.271
   1.306
   1.342
   1.380
   1.416
   1.452
   1.481
   1.497
   1.504
   1.503
   1.495
   1.482
   1.466
   1.442
   1.414
   1.387
   1.362
   1.341
   1.330
   1.322
   1.327
   1.341
   1.365
   1.393
   1.431
   1.477
   1.526
   1.578
   1.626
   1.670
   1.707
   1.731
   1.753
   1.771
   1.786
   1.786
   1.707
   0.000
 -65.534
 -65.534
 -65.534
 -65.534
 -65.534
 -65.534
   0.449
   0.509
   0.648
   0.707
   0.740
   0.769
   0.796
   0.818
   0.837
   0.851
   0.867
   0.881
   0.894
   0.905
   0.914
   0.921
   0.936
   0.953
   0.973
   1.002
   1.033
   1.064
   1.094
   1.127
   1.159
   1.194
   1.227
   1.261
   1.296
   1.333
   1.367
   1.395
   1.417
   1.430
   1.433
   1.430
   1.423
   1.412
   1.395
   1.373
   1.346
   1.328
   1.310
   1.299
   1.293
   1.297
   1.315
   1.341
   1.375
   1.415
   1.464
   1.515
   1.567
   1.618
   1.664
   1.706
   1.737
   1.758
   1.777
   1.787
   1.789
   1.702
   0.000
 -65.534
 -65.534
 -65.534
 -65.534
 -65.534
 -65.534
 -65.534
 -65.534
 -65.534
   0.613
   0.644
   0.672
   0.696
   0.721
   0.750
   0.791
   0.812
   0.835
   0.857
   0.870
   0.878
   0.887
   0.902
   0.922
   0.947
   0.970
   0.993
   1.019
   1.044
   1.068
   1.095
   1.125
   1.158
   1.190
   1.221
   1.250
   1.279
   1.301
   1.322
   1.338
   1.350
   1.356
   1.356
   1.348
   1.337
   1.321
   1.306
   1.290
   1.277
   1.270
   1.270
   1.278
   1.294
   1.322
   1.356
   1.401
   1.448
   1.499
   1.548
   1.594
   1.644
   1.686
   1.724
   1.750
   1.772
   1.786
   1.785
   1.689
   0.000
 -65.534
 -65.534
 -65.534
 -65.534
 -65.534
 -65.534
 -65.534
 -65.534
 -65.534
 -65.534
 -65.534
 -65.534
 -65.534
 -65.534
 -65.534
   0.633
   0.701
   0.748
   0.789
   0.837
   0.847
   0.861
   0.882
   0.906
   0.933
   0.959
   0.984
   1.000
   1.019
   1.039
   1.058
   1.080
   1.103
   1.128
   1.155
   1.178
   1.201
   1.219
   1.243
   1.261
   1.272
   1.282
   1.285
   1.284
   1.280
   1.273
   1.263
   1.258
   1.252
   1.248
   1.250
   1.259
   1.277
   1.308
   1.343
   1.384
   1.431
   1.477
   1.518
   1.556
   1.601
   1.649
   1.695
   1.729
   1.752
   1.766
   1.762
   1.658
   0.000
 -65.534
 -65.534
 -65.534
 -65.534
 -65.534
 -65.534
 -65.534
 -65.534
 -65.534
 -65.534
 -65.534
 -65.534
 -65.534
 -65.534
 -65.534
 -65.534
 -65.534
 -65.534
 -65.534
   0.729
   0.800
   0.837
   0.871
   0.906
   0.935
   0.965
   0.990
   1.012
   1.026
   1.037
   1.047
   1.062
   1.076
   1.093
   1.115
   1.133
   1.150
   1.163
   1.177
   1.193
   1.208
   1.218
   1.229
   1.232
   1.236
   1.234
   1.231
   1.229
   1.232
   1.233
   1.238
   1.249
   1.269
   1.297
   1.332
   1.368
   1.407
   1.445
   1.479
   1.510
   1.549
   1.599
   1.648
   1.692
   1.721
   1.734
   1.727
   1.620
   0.000
 -65.534
 -65.534
 -65.534
 -65.534
 -65.534
 -65.534
 -65.534
 -65.534
 -65.534
 -65.534
 -65.534
 -65.534
 -65.534
 -65.534
 -65.534
 -65.534
 -65.534
 -65.534
   0.586
   0.735
   0.789
   0.835
   0.876
   0.915
   0.949
   0.976
   1.005
   1.029
   1.045
   1.057
   1.063
   1.068
   1.076
   1.089
   1.103
   1.120
   1.132
   1.140
   1.148
   1.155
   1.169
   1.186
   1.197
   1.209
   1.212
   1.210
   1.206
   1.206
   1.213
   1.224
   1.236
   1.251
   1.271
   1.298
   1.320
   1.341
   1.371
   1.401
   1.428
   1.456
   1.490
   1.537
   1.589
   1.636
   1.672
   1.691
   1.689
   1.585
   0.000
 -65.534
 -65.534
 -65.534
 -65.534
 -65.534
 -65.534
 -65.534
 -65.534
 -65.534
 -65.534
 -65.534
 -65.534
 -65.534
 -65.534
 -65.534
 -65.534
 -65.534
   0.592
   0.706
   0.771
   0.811
   0.850
   0.892
   0.932
   0.963
   0.992
   1.021
   1.048
   1.068
   1.082
   1.091
   1.093
   1.099
   1.106
   1.116
   1.126
   1.134
   1.138
   1.140
   1.142
   1.152
   1.169
   1.191
   1.214
   1.224
   1.221
   1.212
   1.207
   1.210
   1.222
   1.239
   1.260
   1.277
   1.294
   1.309
   1.324
   1.340
   1.358
   1.376
   1.400
   1.430
   1.473
   1.523
   1.573
   1.613
   1.640
   1.643
   1.547
   0.000
 -65.534
 -65.534
 -65.534
 -65.534
 -65.534
 -65.534
 -65.534
 -65.534
 -65.534
 -65.534
 -65.534
 -65.534
 -65.534
 -65.534
 -65.534
 -65.534
 -65.534
   0.685
   0.759
   0.803
   0.841
   0.877
   0.915
   0.950
   0.980
   1.007
   1.035
   1.062
   1.085
   1.103
   1.113
   1.117
   1.122
   1.127
   1.129
   1.134
   1.139
   1.135
   1.131
   1.131
   1.137
   1.156
   1.186
   1.220
   1.243
   1.240
   1.227
   1.214
   1.217
   1.227
   1.242
   1.263
   1.283
   1.298
   1.305
   1.309
   1.315
   1.321
   1.328
   1.342
   1.370
   1.411
   1.458
   1.505
   1.548
   1.583
   1.594
   1.521
   0.000
 -65.534
 -65.534
 -65.534
 -65.534
 -65.534
 -65.534
 -65.534
 -65.534
 -65.534
 -65.534
 -65.534
 -65.534
 -65.534
 -65.534
 -65.534
 -65.534
 -65.534
   0.729
   0.790
   0.832
   0.866
   0.902
   0.937
   0.967
   0.993
   1.016
   1.039
   1.066
   1.090
   1.111
   1.124
   1.126
   1.128
   1.131
   1.131
   1.131
   1.126
   1.121
   1.114
   1.111
   1.116
   1.132
   1.165
   1.201
   1.227
   1.233
   1.224
   1.216
   1.217
   1.223
   1.238
   1.257
   1.278
   1.296
   1.306
   1.307
   1.308
   1.304
   1.303
   1.307
   1.325
   1.356
   1.396
   1.441
   1.484
   1.519
   1.543
   1.494
   0.000
 -65.534
 -65.534
 -65.534
 -65.534
 -65.534
 -65.534
 -65.534
 -65.534
 -65.534
 -65.534
 -65.534
 -65.534
 -65.534
 -65.534
 -65.534
 -65.534
 -65.534
   0.757
   0.809
   0.852
   0.886
   0.920
   0.952
   0.979
   0.998
   1.017
   1.037
   1.058
   1.082
   1.103
   1.118
   1.119
   1.123
   1.125
   1.123
   1.121
   1.112
   1.105
   1.096
   1.092
   1.095
   1.110
   1.138
   1.168
   1.193
   1.206
   1.206
   1.204
   1.206
   1.212
   1.224
   1.246
   1.271
   1.292
   1.306
   1.310
   1.308
   1.298
   1.290
   1.290
   1.299
   1.318
   1.345
   1.378
   1.414
   1.448
   1.485
   1.449
   0.000
 -65.534
 -65.534
 -65.534
 -65.534
 -65.534
 -65.534
 -65.534
 -65.534
 -65.534
 -65.534
 -65.534
 -65.534
 -65.534
 -65.534
 -65.534
 -65.534
 -65.534
 -65.534
   0.810
   0.856
   0.893
   0.925
   0.950
   0.974
   0.989
   1.004
   1.020
   1.039
   1.056
   1.077
   1.093
   1.098
   1.102
   1.106
   1.107
   1.106
   1.098
   1.090
   1.084
   1.079
   1.080
   1.089
   1.111
   1.136
   1.159
   1.176
   1.184
   1.189
   1.194
   1.201
   1.219
   1.241
   1.266
   1.289
   1.306
   1.310
   1.309
   1.300
   1.287
   1.282
   1.284
   1.294
   1.310
   1.330
   1.352
   1.378
   1.409
   1.381
   0.000
 -65.534
 -65.534
 -65.534
 -65.534
 -65.534
 -65.534
 -65.534
 -65.534
 -65.534
 -65.534
 -65.534
 -65.534
 -65.534
 -65.534
 -65.534
 -65.534
 -65.534
 -65.534
 -65.534
   0.838
   0.879
   0.906
   0.930
   0.947
   0.959
   0.970
   0.982
   0.996
   1.013
   1.032
   1.046
   1.056
   1.063
   1.070
   1.079
   1.085
   1.081
   1.073
   1.066
   1.064
   1.061
   1.061
   1.075
   1.099
   1.123
   1.145
   1.161
   1.176
   1.188
   1.203
   1.226
   1.247
   1.272
   1.296
   1.311
   1.314
   1.309
   1.298
   1.281
   1.273
   1.269
   1.272
   1.281
   1.292
   1.305
   1.318
   1.337
   1.297
   0.000
 -65.534
 -65.534
 -65.534
 -65.534
 -65.534
 -65.534
 -65.534
 -65.534
 -65.534
 -65.534
 -65.534
 -65.534
 -65.534
 -65.534
 -65.534
 -65.534
 -65.534
 -65.534
 -65.534
 -65.534
   0.846
   0.872
   0.894
   0.905
   0.923
   0.930
   0.937
   0.947
   0.959
   0.974
   0.984
   0.999
   1.006
   1.011
   1.010
   0.978
 -65.534
 -65.534
 -65.534
 -65.534
   0.868
   0.954
   1.014
   1.050
   1.088
   1.122
   1.148
   1.171
   1.191
   1.213
   1.237
   1.260
   1.284
   1.304
   1.315
   1.315
   1.308
   1.293
   1.275
   1.259
   1.249
   1.248
   1.250
   1.254
   1.260
   1.264
   1.275
   1.222
   0.000
 -65.534
 -65.534
 -65.534
 -65.534
 -65.534
 -65.534
 -65.534
 -65.534
 -65.534
 -65.534
 -65.534
 -65.534
 -65.534
 -65.534
 -65.534
 -65.534
 -65.534
 -65.534
 -65.534
 -65.534
 -65.534
 -65.534
 -65.534
 -65.534
   0.849
   0.879
   0.895
   0.908
   0.922
   0.934
   0.946
   0.964
   0.977
   0.986
   0.980
   0.934
 -65.534
 -65.534
 -65.534
 -65.534
 -65.534
 -65.534
   0.878
   0.987
   1.056
   1.107
   1.141
   1.168
   1.193
   1.216
   1.238
   1.262
   1.284
   1.300
   1.309
   1.306
   1.297
   1.279
   1.259
   1.237
   1.225
   1.219
   1.215
   1.211
   1.208
   1.203
   1.203
   1.140
   0.000
 -65.534
 -65.534
 -65.534
 -65.534
 -65.534
 -65.534
 -65.534
 -65.534
 -65.534
 -65.534
 -65.534
 -65.534
 -65.534
 -65.534
 -65.534
 -65.534
 -65.534
 -65.534
 -65.534
 -65.534
 -65.534
 -65.534
 -65.534
 -65.534
   0.784
   0.820
   0.845
   0.867
   0.889
   0.913
   0.926
   0.941
   0.954
   0.958
   0.943
   0.897
 -65.534
 -65.534
 -65.534
 -65.534
 -65.534
 -65.534
 -65.534
   0.892
   1.015
   1.083
   1.136
   1.163
   1.184
   1.201
   1.220
   1.242
   1.264
   1.279
   1.287
   1.287
   1.278
   1.262
   1.239
   1.216
   1.197
   1.184
   1.173
   1.160
   1.144
   1.129
   1.117
   1.051
   0.000
 -65.534
 -65.534
 -65.534
 -65.534
 -65.534
 -65.534
 -65.534
 -65.534
 -65.534
 -65.534
 -65.534
 -65.534
 -65.534
 -65.534
 -65.534
 -65.534
 -65.534
 -65.534
 -65.534
 -65.534
 -65.534
 -65.534
 -65.534
 -65.534
 -65.534
 -65.534
 -65.534
 -65.534
 -65.534
   0.797
   0.860
   0.885
   0.913
   0.914
   0.891
   0.848
   0.502
 -65.534
 -65.534
 -65.534
 -65.534
 -65.534
 -65.534
   0.801
   0.954
 -65.534
   0.930
   1.058
   1.118
   1.173
   1.200
   1.221
   1.236
   1.250
   1.259
   1.259
   1.253
   1.236
   1.212
   1.188
   1.164
   1.143
   1.122
   1.096
   1.071
   1.043
   1.022
   0.954
   0.000
 -65.534
 -65.534
 -65.534
 -65.534
 -65.534
 -65.534
 -65.534
 -65.534
 -65.534
 -65.534
 -65.534
 -65.534
 -65.534
 -65.534
 -65.534
 -65.534
 -65.534
 -65.534
 -65.534
 -65.534
 -65.534
 -65.534
 -65.534
 -65.534
 -65.534
 -65.534
 -65.534
 -65.534
 -65.534
 -65.534
 -65.534
 -65.534
   0.775
   0.826
   0.824
   0.780
   0.601
   0.390
 -65.534
 -65.534
 -65.534
 -65.534
 -65.534
 -65.534
 -65.534
 -65.534
 -65.534
 -65.534
 -65.534
   0.896
   1.065
   1.142
   1.204
   1.221
   1.226
   1.217
   1.206
   1.188
   1.164
   1.139
   1.113
   1.086
   1.058
   1.027
   1.000
   0.967
   0.938
   0.871
   0.000
 -65.534
 -65.534
 -65.534
 -65.534
 -65.534
 -65.534
 -65.534
 -65.534
 -65.534
 -65.534
 -65.534
 -65.534
 -65.534
 -65.534
 -65.534
 -65.534
 -65.534
 -65.534
 -65.534
 -65.534
 -65.534
 -65.534
 -65.534
 -65.534
 -65.534
 -65.534
 -65.534
 -65.534
 -65.534
 -65.534
 -65.534
 -65.534
   0.677
   0.720
   0.733
   0.700
   0.608
   0.486
   0.357
   0.274
 -65.534
 -65.534
 -65.534
 -65.534
 -65.534
 -65.534
 -65.534
 -65.534
 -65.534
 -65.534
 -65.534
 -65.534
   0.896
   1.057
   1.108
   1.138
   1.129
   1.111
   1.088
   1.066
   1.044
   1.016
   0.989
   0.962
   0.933
   0.907
   0.879
   0.813
   0.000
 -65.534
 -65.534
 -65.534
 -65.534
 -65.534
 -65.534
 -65.534
 -65.534
 -65.534
 -65.534
 -65.534
 -65.534
 -65.534
 -65.534
 -65.534
 -65.534
 -65.534
 -65.534
 -65.534
 -65.534
 -65.534
 -65.534
 -65.534
 -65.534
 -65.534
 -65.534
 -65.534
 -65.534
 -65.534
 -65.534
 -65.534
 -65.534
 -65.534
 -65.534
 -65.534
 -65.534
   0.442
   0.437
   0.390
   0.346
   0.285
   0.245
   0.225
   0.227
   0.239
 -65.534
 -65.534
 -65.534
 -65.534
 -65.534
 -65.534
 -65.534
 -65.534
 -65.534
 -65.534
   0.833
   0.974
   1.005
   1.002
   0.988
   0.968
   0.948
   0.925
   0.903
   0.882
   0.861
   0.833
   0.769
   0.000
 -65.534
 -65.534
 -65.534
 -65.534
 -65.534
 -65.534
 -65.534
 -65.534
 -65.534
 -65.534
 -65.534
 -65.534
 -65.534
 -65.534
 -65.534
 -65.534
 -65.534
 -65.534
 -65.534
 -65.534
 -65.534
 -65.534
 -65.534
 -65.534
 -65.534
 -65.534
 -65.534
 -65.534
 -65.534
 -65.534
 -65.534
 -65.534
 -65.534
 -65.534
 -65.534
 -65.534
 -65.534
 -65.534
 -65.534
 -65.534
   0.196
 -65.534
 -65.534
 -65.534
 -65.534
 -65.534
 -65.534
 -65.534
 -65.534
 -65.534
 -65.534
 -65.534
 -65.534
 -65.534
 -65.534
   0.676
   0.826
   0.890
   0.903
   0.913
   0.903
   0.875
   0.856
   0.842
   0.828
   0.813
   0.791
   0.724
   0.000
 -65.534
 -65.534
 -65.534
 -65.534
 -65.534
 -65.534
 -65.534
 -65.534
 -65.534
 -65.534
 -65.534
 -65.534
 -65.534
 -65.534
 -65.534
 -65.534
 -65.534
 -65.534
 -65.534
 -65.534
 -65.534
 -65.534
 -65.534
 -65.534
 -65.534
 -65.534
 -65.534
 -65.534
 -65.534
 -65.534
 -65.534
 -65.534
 -65.534
 -65.534
 -65.534
 -65.534
 -65.534
 -65.534
 -65.534
 -65.534
 -65.534
 -65.534
 -65.534
 -65.534
 -65.534
 -65.534
 -65.534
 -65.534
 -65.534
 -65.534
 -65.534
 -65.534
 -65.534
 -65.534
 -65.534
 -65.534
 -65.534
 -65.534
 -65.534
   0.704
   0.787
   0.802
   0.785
   0.777
   0.776
   0.771
   0.757
   0.688
   0.000
 -65.534
 -65.534
 -65.534
 -65.534
 -65.534
 -65.534
 -65.534
 -65.534
 -65.534
 -65.534
 -65.534
 -65.534
 -65.534
 -65.534
 -65.534
 -65.534
 -65.534
 -65.534
 -65.534
 -65.534
 -65.534
 -65.534
 -65.534
 -65.534
 -65.534
 -65.534
 -65.534
 -65.534
 -65.534
 -65.534
 -65.534
 -65.534
 -65.534
 -65.534
 -65.534
 -65.534
 -65.534
 -65.534
 -65.534
 -65.534
 -65.534
 -65.534
 -65.534
 -65.534
 -65.534
 -65.534
 -65.534
 -65.534
 -65.534
 -65.534
 -65.534
 -65.534
 -65.534
 -65.534
 -65.534
 -65.534
 -65.534
 -65.534
 -65.534
 -65.534
 -65.534
   0.000
   0.000
   0.000
   0.000
   0.000
   0.000
   0.000
 -65.534
