 -65.534
   0.000
   0.000
   0.000
   0.000
   0.000
   0.000
   0.000
   0.000
   0.000
   0.000
   0.000
   0.000
   0.000
   0.000
   0.000
   0.000
   0.000
   0.000
   0.000
   0.000
   0.000
   0.000
   0.000
   0.000
   0.000
   0.000
   0.000
   0.000
   0.000
   0.000
   0.000
   0.000
   0.000
   0.000
   0.000
   0.000
   0.000
   0.000
   0.000
   0.000
   0.000
   0.000
   0.000
   0.000
   0.000
   0.000
   0.000
   0.000
   0.000
   0.000
   0.000
   0.000
   0.000
   0.000
   0.000
   0.000
   0.000
   0.000
   0.000
   0.000
   0.000
   0.000
   0.000
   0.000
   0.000
   0.000
   0.000
 -65.534
   0.000
   1.015
   1.103
   1.134
   1.166
   1.201
   1.248
   1.294
   1.331
   1.351
   1.355
   1.345
   1.325
   1.302
   1.269
   1.237
   1.212
   1.204
   1.213
   1.223
   1.236
   1.250
   1.264
   1.271
   1.300
   1.334
   1.361
   1.383
   1.401
   1.418
   1.431
   1.450
   1.473
   1.497
   1.531
   1.546
   1.551
   1.541
   1.509
   1.473
   1.437
   1.399
   1.372
   1.347
   1.324
   1.297
   1.263
   1.222
   1.192
   1.172
   1.169
   1.175
   1.188
   1.210
   1.249
   1.286
   1.320
   1.347
   1.371
   1.395
   1.417
   1.431
   1.439
   1.442
   1.439
   1.439
   1.441
   1.410
   0.000
   0.000
   1.127
   1.218
   1.249
   1.279
   1.310
   1.351
   1.400
   1.442
   1.478
   1.501
   1.502
   1.489
   1.467
   1.432
   1.399
   1.370
   1.355
   1.356
   1.363
   1.377
   1.394
   1.414
   1.435
   1.464
   1.490
   1.510
   1.527
   1.538
   1.549
   1.561
   1.579
   1.606
   1.645
   1.692
   1.734
   1.757
   1.758
   1.737
   1.708
   1.674
   1.639
   1.604
   1.569
   1.536
   1.504
   1.472
   1.440
   1.413
   1.398
   1.393
   1.397
   1.412
   1.433
   1.462
   1.498
   1.538
   1.579
   1.615
   1.651
   1.680
   1.700
   1.712
   1.714
   1.716
   1.715
   1.716
   1.671
   0.000
   0.000
   1.137
   1.234
   1.270
   1.302
   1.328
   1.361
   1.401
   1.444
   1.483
   1.516
   1.534
   1.535
   1.523
   1.499
   1.471
   1.448
   1.436
   1.439
   1.450
   1.462
   1.483
   1.506
   1.533
   1.556
   1.572
   1.579
   1.580
   1.579
   1.582
   1.594
   1.610
   1.640
   1.686
   1.740
   1.792
   1.830
   1.841
   1.832
   1.814
   1.788
   1.754
   1.718
   1.679
   1.641
   1.607
   1.579
   1.552
   1.533
   1.523
   1.520
   1.522
   1.531
   1.547
   1.570
   1.603
   1.639
   1.679
   1.717
   1.756
   1.788
   1.810
   1.826
   1.832
   1.837
   1.836
   1.835
   1.783
   0.000
   0.000
   1.135
   1.229
   1.267
   1.301
   1.329
   1.355
   1.385
   1.423
   1.462
   1.499
   1.525
   1.541
   1.542
   1.535
   1.521
   1.512
   1.510
   1.521
   1.533
   1.548
   1.563
   1.585
   1.609
   1.623
   1.632
   1.629
   1.616
   1.602
   1.601
   1.610
   1.628
   1.657
   1.703
   1.762
   1.821
   1.867
   1.888
   1.883
   1.871
   1.855
   1.832
   1.799
   1.763
   1.724
   1.692
   1.665
   1.646
   1.633
   1.625
   1.622
   1.624
   1.630
   1.642
   1.661
   1.686
   1.715
   1.746
   1.776
   1.805
   1.832
   1.854
   1.870
   1.883
   1.893
   1.896
   1.896
   1.842
   0.000
   0.000
   1.126
   1.214
   1.250
   1.288
   1.315
   1.337
   1.362
   1.393
   1.430
   1.469
   1.500
   1.524
   1.537
   1.543
   1.545
   1.550
   1.562
   1.578
   1.592
   1.607
   1.619
   1.636
   1.651
   1.662
   1.663
   1.653
   1.630
   1.605
   1.596
   1.606
   1.623
   1.653
   1.702
   1.759
   1.819
   1.864
   1.894
   1.899
   1.893
   1.883
   1.871
   1.851
   1.824
   1.790
   1.758
   1.733
   1.720
   1.710
   1.704
   1.704
   1.707
   1.710
   1.721
   1.736
   1.756
   1.777
   1.797
   1.812
   1.828
   1.844
   1.856
   1.868
   1.885
   1.899
   1.908
   1.913
   1.864
   0.000
   0.000
   1.119
   1.197
   1.231
   1.267
   1.295
   1.318
   1.340
   1.365
   1.398
   1.435
   1.468
   1.496
   1.518
   1.535
   1.551
   1.570
   1.588
   1.606
   1.622
   1.634
   1.643
   1.657
   1.671
   1.673
   1.663
   1.642
   1.614
   1.586
   1.576
   1.587
   1.606
   1.637
   1.683
   1.740
   1.796
   1.843
   1.872
   1.884
   1.887
   1.887
   1.886
   1.878
   1.857
   1.828
   1.802
   1.782
   1.771
   1.763
   1.762
   1.763
   1.767
   1.775
   1.786
   1.801
   1.815
   1.832
   1.841
   1.843
   1.844
   1.843
   1.840
   1.841
   1.850
   1.865
   1.883
   1.897
   1.855
   0.000
   0.000
   1.110
   1.184
   1.213
   1.244
   1.272
   1.296
   1.317
   1.341
   1.368
   1.403
   1.435
   1.463
   1.491
   1.516
   1.541
   1.568
   1.590
   1.610
   1.625
   1.634
   1.642
   1.651
   1.656
   1.649
   1.627
   1.601
   1.570
   1.545
   1.539
   1.553
   1.580
   1.615
   1.663
   1.719
   1.768
   1.811
   1.839
   1.856
   1.864
   1.868
   1.876
   1.876
   1.867
   1.849
   1.825
   1.807
   1.795
   1.789
   1.791
   1.798
   1.806
   1.817
   1.833
   1.849
   1.865
   1.873
   1.874
   1.866
   1.851
   1.834
   1.814
   1.801
   1.800
   1.813
   1.832
   1.850
   1.816
   0.000
   0.000
   1.090
   1.170
   1.197
   1.227
   1.253
   1.275
   1.292
   1.312
   1.339
   1.369
   1.400
   1.430
   1.462
   1.491
   1.521
   1.551
   1.577
   1.597
   1.611
   1.621
   1.625
   1.629
   1.627
   1.611
   1.581
   1.549
   1.519
   1.497
   1.492
   1.513
   1.548
   1.592
   1.648
   1.704
   1.752
   1.789
   1.816
   1.830
   1.840
   1.847
   1.855
   1.863
   1.863
   1.855
   1.840
   1.822
   1.811
   1.806
   1.807
   1.819
   1.834
   1.850
   1.870
   1.889
   1.902
   1.907
   1.898
   1.878
   1.852
   1.819
   1.787
   1.760
   1.747
   1.751
   1.767
   1.785
   1.755
   0.000
   0.000
   1.055
   1.143
   1.179
   1.208
   1.230
   1.252
   1.273
   1.291
   1.313
   1.339
   1.367
   1.397
   1.428
   1.462
   1.495
   1.524
   1.551
   1.572
   1.588
   1.600
   1.605
   1.603
   1.597
   1.575
   1.543
   1.509
   1.475
   1.450
   1.450
   1.478
   1.517
   1.571
   1.637
   1.699
   1.752
   1.793
   1.817
   1.827
   1.834
   1.838
   1.844
   1.852
   1.857
   1.858
   1.852
   1.838
   1.826
   1.823
   1.827
   1.839
   1.856
   1.876
   1.898
   1.915
   1.925
   1.920
   1.900
   1.869
   1.834
   1.792
   1.750
   1.714
   1.691
   1.690
   1.703
   1.721
   1.692
   0.000
   0.000
   1.012
   1.110
   1.154
   1.187
   1.211
   1.227
   1.247
   1.268
   1.288
   1.312
   1.337
   1.368
   1.400
   1.434
   1.468
   1.496
   1.519
   1.541
   1.556
   1.568
   1.576
   1.578
   1.572
   1.551
   1.520
   1.482
   1.444
   1.422
   1.426
   1.455
   1.500
   1.557
   1.630
   1.702
   1.760
   1.804
   1.833
   1.843
   1.843
   1.842
   1.843
   1.846
   1.853
   1.857
   1.857
   1.852
   1.843
   1.841
   1.846
   1.856
   1.872
   1.888
   1.906
   1.919
   1.918
   1.901
   1.871
   1.830
   1.788
   1.743
   1.696
   1.657
   1.634
   1.632
   1.644
   1.663
   1.636
   0.000
   0.000
   0.967
   1.074
   1.127
   1.166
   1.188
   1.203
   1.222
   1.241
   1.262
   1.286
   1.310
   1.343
   1.375
   1.411
   1.443
   1.470
   1.490
   1.506
   1.522
   1.537
   1.547
   1.557
   1.561
   1.547
   1.519
   1.485
   1.448
   1.427
   1.429
   1.457
   1.501
   1.563
   1.638
   1.711
   1.774
   1.821
   1.852
   1.863
   1.863
   1.857
   1.849
   1.847
   1.849
   1.854
   1.857
   1.858
   1.855
   1.855
   1.860
   1.869
   1.883
   1.895
   1.905
   1.901
   1.887
   1.856
   1.815
   1.772
   1.725
   1.677
   1.631
   1.597
   1.580
   1.585
   1.600
   1.622
   1.594
   0.000
   0.000
   0.914
   1.042
   1.091
   1.132
   1.157
   1.174
   1.191
   1.209
   1.230
   1.253
   1.280
   1.312
   1.350
   1.386
   1.418
   1.439
   1.458
   1.470
   1.487
   1.506
   1.524
   1.543
   1.555
   1.554
   1.537
   1.511
   1.480
   1.458
   1.455
   1.478
   1.517
   1.576
   1.650
   1.723
   1.784
   1.831
   1.862
   1.872
   1.870
   1.862
   1.854
   1.847
   1.846
   1.847
   1.849
   1.856
   1.859
   1.864
   1.870
   1.881
   1.893
   1.896
   1.889
   1.868
   1.837
   1.795
   1.748
   1.700
   1.650
   1.603
   1.561
   1.536
   1.535
   1.552
   1.575
   1.595
   1.564
   0.000
 -65.534
 -65.534
   0.941
   1.040
   1.073
   1.104
   1.127
   1.147
   1.166
   1.188
   1.214
   1.241
   1.272
   1.306
   1.341
   1.373
   1.397
   1.415
   1.429
   1.450
   1.472
   1.497
   1.523
   1.544
   1.553
   1.553
   1.538
   1.516
   1.490
   1.484
   1.502
   1.532
   1.589
   1.659
   1.724
   1.777
   1.821
   1.846
   1.857
   1.858
   1.849
   1.837
   1.830
   1.829
   1.829
   1.832
   1.840
   1.848
   1.858
   1.868
   1.881
   1.888
   1.878
   1.854
   1.819
   1.774
   1.722
   1.669
   1.619
   1.569
   1.523
   1.489
   1.482
   1.498
   1.526
   1.555
   1.576
   1.542
   0.000
 -65.534
 -65.534
 -65.534
   0.907
   0.994
   1.032
   1.067
   1.092
   1.115
   1.139
   1.164
   1.190
   1.218
   1.250
   1.281
   1.311
   1.337
   1.357
   1.376
   1.400
   1.426
   1.453
   1.485
   1.515
   1.538
   1.551
   1.552
   1.540
   1.520
   1.510
   1.515
   1.541
   1.589
   1.642
   1.687
   1.754
   1.794
   1.817
   1.826
   1.825
   1.814
   1.801
   1.792
   1.790
   1.792
   1.795
   1.805
   1.817
   1.833
   1.848
   1.859
   1.858
   1.839
   1.803
   1.755
   1.702
   1.645
   1.592
   1.540
   1.488
   1.446
   1.422
   1.430
   1.462
   1.499
   1.532
   1.556
   1.519
   0.000
 -65.534
 -65.534
 -65.534
 -65.534
   0.865
   0.947
   0.993
   1.026
   1.054
   1.079
   1.106
   1.133
   1.157
   1.185
   1.212
   1.241
   1.264
   1.287
   1.308
   1.330
   1.358
   1.389
   1.423
   1.460
   1.494
   1.523
   1.540
   1.540
   1.528
   1.516
   1.514
   1.529
   1.561
   1.602
   1.645
   1.694
   1.727
   1.767
   1.778
   1.773
   1.762
   1.745
   1.734
   1.727
   1.727
   1.732
   1.740
   1.755
   1.772
   1.790
   1.802
   1.797
   1.772
   1.735
   1.681
   1.628
   1.573
   1.518
   1.465
   1.418
   1.382
   1.371
   1.389
   1.426
   1.465
   1.502
   1.529
   1.493
   0.000
 -65.534
 -65.534
 -65.534
 -65.534
   0.783
   0.867
   0.918
   0.951
   0.980
   1.011
   1.041
   1.071
   1.098
   1.123
   1.148
   1.172
   1.193
   1.213
   1.232
   1.253
   1.275
   1.304
   1.339
   1.377
   1.417
   1.453
   1.483
   1.496
   1.495
   1.490
   1.489
   1.494
   1.514
   1.545
   1.581
   1.617
   1.649
   1.682
   1.688
   1.694
   1.679
   1.657
   1.640
   1.632
   1.628
   1.630
   1.640
   1.652
   1.669
   1.686
   1.699
   1.696
   1.677
   1.641
   1.597
   1.550
   1.501
   1.452
   1.404
   1.364
   1.341
   1.339
   1.359
   1.391
   1.425
   1.460
   1.489
   1.456
   0.000
 -65.534
 -65.534
 -65.534
 -65.534
   0.725
   0.803
   0.851
   0.883
   0.910
   0.944
   0.981
   1.012
   1.040
   1.067
   1.091
   1.109
   1.125
   1.143
   1.158
   1.174
   1.193
   1.215
   1.240
   1.273
   1.309
   1.345
   1.379
   1.401
   1.414
   1.419
   1.421
   1.427
   1.443
   1.468
   1.496
   1.526
   1.554
   1.573
   1.576
   1.574
   1.556
   1.528
   1.506
   1.492
   1.485
   1.488
   1.498
   1.511
   1.527
   1.542
   1.555
   1.559
   1.549
   1.525
   1.496
   1.460
   1.424
   1.387
   1.355
   1.330
   1.318
   1.318
   1.331
   1.353
   1.378
   1.406
   1.433
   1.404
   0.000
 -65.534
 -65.534
 -65.534
 -65.534
   0.657
   0.731
   0.778
   0.815
   0.855
   0.882
   0.919
   0.953
   0.985
   1.011
   1.034
   1.049
   1.062
   1.075
   1.089
   1.103
   1.115
   1.128
   1.145
   1.168
   1.192
   1.220
   1.251
   1.275
   1.294
   1.307
   1.316
   1.324
   1.340
   1.361
   1.384
   1.408
   1.429
   1.439
   1.437
   1.423
   1.397
   1.362
   1.335
   1.315
   1.308
   1.312
   1.325
   1.337
   1.355
   1.370
   1.386
   1.395
   1.397
   1.387
   1.370
   1.354
   1.335
   1.318
   1.302
   1.294
   1.294
   1.298
   1.305
   1.317
   1.336
   1.360
   1.383
   1.354
   0.000
 -65.534
 -65.534
 -65.534
 -65.534
 -65.534
 -65.534
 -65.534
 -65.534
   0.727
   0.801
   0.848
   0.886
   0.919
   0.949
   0.972
   0.990
   1.005
   1.018
   1.032
   1.042
   1.049
   1.055
   1.061
   1.072
   1.086
   1.102
   1.121
   1.141
   1.157
   1.171
   1.182
   1.193
   1.207
   1.225
   1.241
   1.257
   1.271
   1.277
   1.267
   1.247
   1.215
   1.175
   1.140
   1.122
   1.116
   1.123
   1.137
   1.155
   1.174
   1.192
   1.209
   1.223
   1.231
   1.233
   1.233
   1.233
   1.233
   1.234
   1.237
   1.244
   1.256
   1.268
   1.275
   1.284
   1.301
   1.321
   1.346
   1.319
   0.000
 -65.534
 -65.534
 -65.534
 -65.534
 -65.534
 -65.534
   0.333
   0.429
   0.629
   0.719
   0.771
   0.815
   0.853
   0.887
   0.916
   0.937
   0.958
   0.973
   0.985
   0.993
   0.998
   0.997
   0.998
   0.999
   1.000
   1.007
   1.015
   1.027
   1.039
   1.047
   1.055
   1.061
   1.070
   1.077
   1.084
   1.090
   1.096
   1.092
   1.080
   1.060
   1.026
   0.986
   0.950
   0.930
   0.930
   0.944
   0.963
   0.986
   1.006
   1.026
   1.047
   1.063
   1.078
   1.089
   1.100
   1.111
   1.127
   1.142
   1.160
   1.179
   1.198
   1.217
   1.231
   1.242
   1.260
   1.282
   1.308
   1.277
   0.000
 -65.534
 -65.534
 -65.534
 -65.534
 -65.534
 -65.534
 -65.534
 -65.534
 -65.534
   0.598
   0.668
   0.722
   0.769
   0.811
   0.851
   0.897
   0.922
   0.941
   0.951
   0.954
   0.957
   0.955
   0.955
   0.955
   0.955
   0.951
   0.950
   0.956
   0.959
   0.963
   0.962
   0.959
   0.954
   0.950
   0.942
   0.934
   0.926
   0.917
   0.900
   0.879
   0.853
   0.822
   0.790
   0.770
   0.772
   0.789
   0.817
   0.845
   0.868
   0.891
   0.915
   0.936
   0.955
   0.970
   0.987
   1.004
   1.025
   1.049
   1.074
   1.100
   1.125
   1.149
   1.168
   1.184
   1.205
   1.229
   1.254
   1.221
   0.000
 -65.534
 -65.534
 -65.534
 -65.534
 -65.534
 -65.534
 -65.534
 -65.534
 -65.534
 -65.534
 -65.534
 -65.534
 -65.534
 -65.534
 -65.534
   0.742
   0.840
   0.884
   0.902
   0.908
   0.917
   0.924
   0.932
   0.938
   0.939
   0.937
   0.932
   0.929
   0.925
   0.920
   0.911
   0.895
   0.879
   0.861
   0.841
   0.819
   0.799
   0.776
   0.755
   0.734
   0.714
   0.694
   0.675
   0.658
   0.655
   0.671
   0.701
   0.736
   0.764
   0.792
   0.818
   0.842
   0.865
   0.883
   0.900
   0.917
   0.938
   0.962
   0.990
   1.016
   1.043
   1.070
   1.092
   1.112
   1.135
   1.159
   1.185
   1.149
   0.000
 -65.534
 -65.534
 -65.534
 -65.534
 -65.534
 -65.534
 -65.534
 -65.534
 -65.534
 -65.534
 -65.534
 -65.534
 -65.534
 -65.534
 -65.534
 -65.534
 -65.534
 -65.534
 -65.534
   0.735
   0.838
   0.888
   0.919
   0.941
   0.949
   0.949
   0.946
   0.939
   0.931
   0.918
   0.899
   0.875
   0.847
   0.820
   0.791
   0.761
   0.730
   0.700
   0.673
   0.650
   0.634
   0.623
   0.613
   0.602
   0.592
   0.597
   0.619
   0.654
   0.687
   0.717
   0.747
   0.773
   0.799
   0.817
   0.831
   0.845
   0.861
   0.880
   0.905
   0.931
   0.958
   0.985
   1.010
   1.033
   1.058
   1.084
   1.108
   1.070
   0.000
 -65.534
 -65.534
 -65.534
 -65.534
 -65.534
 -65.534
 -65.534
 -65.534
 -65.534
 -65.534
 -65.534
 -65.534
 -65.534
 -65.534
 -65.534
 -65.534
 -65.534
 -65.534
   0.455
   0.719
   0.812
   0.873
   0.923
   0.957
   0.975
   0.981
   0.980
   0.975
   0.968
   0.951
   0.927
   0.898
   0.862
   0.827
   0.795
   0.760
   0.729
   0.696
   0.664
   0.636
   0.616
   0.607
   0.605
   0.601
   0.589
   0.575
   0.575
   0.596
   0.628
   0.662
   0.695
   0.725
   0.750
   0.765
   0.774
   0.784
   0.795
   0.810
   0.829
   0.852
   0.878
   0.906
   0.933
   0.960
   0.985
   1.008
   1.029
   0.985
   0.000
 -65.534
 -65.534
 -65.534
 -65.534
 -65.534
 -65.534
 -65.534
 -65.534
 -65.534
 -65.534
 -65.534
 -65.534
 -65.534
 -65.534
 -65.534
 -65.534
 -65.534
   0.450
   0.640
   0.766
   0.835
   0.890
   0.942
   0.987
   1.010
   1.020
   1.025
   1.025
   1.019
   1.007
   0.987
   0.954
   0.918
   0.878
   0.840
   0.804
   0.767
   0.732
   0.697
   0.668
   0.647
   0.637
   0.640
   0.646
   0.640
   0.617
   0.589
   0.584
   0.601
   0.628
   0.660
   0.690
   0.714
   0.725
   0.732
   0.737
   0.743
   0.755
   0.768
   0.787
   0.810
   0.835
   0.861
   0.885
   0.908
   0.929
   0.946
   0.897
   0.000
 -65.534
 -65.534
 -65.534
 -65.534
 -65.534
 -65.534
 -65.534
 -65.534
 -65.534
 -65.534
 -65.534
 -65.534
 -65.534
 -65.534
 -65.534
 -65.534
 -65.534
   0.623
   0.744
   0.823
   0.879
   0.928
   0.979
   1.023
   1.049
   1.063
   1.071
   1.077
   1.075
   1.070
   1.055
   1.027
   0.993
   0.952
   0.907
   0.866
   0.825
   0.785
   0.748
   0.716
   0.694
   0.688
   0.693
   0.706
   0.707
   0.681
   0.643
   0.619
   0.612
   0.627
   0.649
   0.672
   0.691
   0.701
   0.703
   0.705
   0.709
   0.715
   0.726
   0.738
   0.757
   0.777
   0.796
   0.815
   0.835
   0.854
   0.864
   0.808
   0.000
 -65.534
 -65.534
 -65.534
 -65.534
 -65.534
 -65.534
 -65.534
 -65.534
 -65.534
 -65.534
 -65.534
 -65.534
 -65.534
 -65.534
 -65.534
 -65.534
 -65.534
   0.717
   0.812
   0.874
   0.924
   0.975
   1.025
   1.067
   1.094
   1.107
   1.115
   1.122
   1.125
   1.128
   1.120
   1.099
   1.070
   1.031
   0.984
   0.936
   0.889
   0.842
   0.802
   0.768
   0.746
   0.739
   0.744
   0.754
   0.753
   0.730
   0.695
   0.666
   0.647
   0.645
   0.655
   0.669
   0.685
   0.693
   0.695
   0.694
   0.694
   0.697
   0.701
   0.707
   0.718
   0.728
   0.740
   0.754
   0.765
   0.777
   0.779
   0.728
   0.000
 -65.534
 -65.534
 -65.534
 -65.534
 -65.534
 -65.534
 -65.534
 -65.534
 -65.534
 -65.534
 -65.534
 -65.534
 -65.534
 -65.534
 -65.534
 -65.534
 -65.534
   0.797
   0.863
   0.921
   0.973
   1.028
   1.081
   1.120
   1.142
   1.155
   1.162
   1.170
   1.178
   1.181
   1.181
   1.168
   1.140
   1.106
   1.061
   1.012
   0.958
   0.909
   0.862
   0.827
   0.805
   0.798
   0.797
   0.799
   0.795
   0.775
   0.744
   0.713
   0.689
   0.675
   0.671
   0.679
   0.687
   0.693
   0.695
   0.693
   0.688
   0.685
   0.685
   0.686
   0.690
   0.692
   0.695
   0.700
   0.705
   0.708
   0.702
   0.651
   0.000
 -65.534
 -65.534
 -65.534
 -65.534
 -65.534
 -65.534
 -65.534
 -65.534
 -65.534
 -65.534
 -65.534
 -65.534
 -65.534
 -65.534
 -65.534
 -65.534
 -65.534
 -65.534
   0.894
   0.959
   1.025
   1.085
   1.139
   1.175
   1.190
   1.198
   1.206
   1.214
   1.226
   1.238
   1.244
   1.232
   1.210
   1.178
   1.136
   1.087
   1.033
   0.978
   0.930
   0.892
   0.868
   0.853
   0.847
   0.847
   0.840
   0.824
   0.797
   0.768
   0.738
   0.716
   0.704
   0.699
   0.699
   0.700
   0.697
   0.692
   0.687
   0.683
   0.678
   0.675
   0.671
   0.668
   0.664
   0.659
   0.657
   0.648
   0.634
   0.577
   0.000
 -65.534
 -65.534
 -65.534
 -65.534
 -65.534
 -65.534
 -65.534
 -65.534
 -65.534
 -65.534
 -65.534
 -65.534
 -65.534
 -65.534
 -65.534
 -65.534
 -65.534
 -65.534
 -65.534
   0.974
   1.065
   1.137
   1.183
   1.210
   1.221
   1.228
   1.238
   1.252
   1.270
   1.291
   1.306
   1.302
   1.283
   1.251
   1.214
   1.173
   1.131
   1.069
   1.013
   0.960
   0.914
   0.886
   0.875
   0.878
   0.883
   0.879
   0.861
   0.835
   0.807
   0.780
   0.758
   0.742
   0.732
   0.724
   0.714
   0.706
   0.697
   0.688
   0.682
   0.676
   0.670
   0.661
   0.649
   0.636
   0.621
   0.603
   0.574
   0.505
   0.000
 -65.534
 -65.534
 -65.534
 -65.534
 -65.534
 -65.534
 -65.534
 -65.534
 -65.534
 -65.534
 -65.534
 -65.534
 -65.534
 -65.534
 -65.534
 -65.534
 -65.534
 -65.534
 -65.534
 -65.534
   1.057
   1.144
   1.200
   1.225
   1.243
   1.250
   1.260
   1.276
   1.302
   1.338
   1.366
   1.369
   1.345
   1.306
   1.256
   1.155
 -65.534
 -65.534
 -65.534
 -65.534
   0.732
   0.807
   0.848
   0.885
   0.922
   0.938
   0.933
   0.915
   0.889
   0.862
   0.836
   0.812
   0.791
   0.771
   0.754
   0.738
   0.721
   0.708
   0.696
   0.683
   0.673
   0.659
   0.643
   0.620
   0.595
   0.566
   0.531
   0.447
   0.000
 -65.534
 -65.534
 -65.534
 -65.534
 -65.534
 -65.534
 -65.534
 -65.534
 -65.534
 -65.534
 -65.534
 -65.534
 -65.534
 -65.534
 -65.534
 -65.534
 -65.534
 -65.534
 -65.534
 -65.534
 -65.534
 -65.534
 -65.534
 -65.534
   1.130
   1.218
   1.257
   1.288
   1.325
   1.366
   1.401
   1.404
   1.377
   1.333
   1.272
   1.154
 -65.534
 -65.534
 -65.534
 -65.534
 -65.534
 -65.534
   0.762
   0.868
   0.947
   0.989
   0.997
   0.987
   0.970
   0.946
   0.918
   0.888
   0.859
   0.832
   0.807
   0.785
   0.761
   0.739
   0.720
   0.700
   0.681
   0.662
   0.637
   0.608
   0.575
   0.536
   0.490
   0.399
   0.000
 -65.534
 -65.534
 -65.534
 -65.534
 -65.534
 -65.534
 -65.534
 -65.534
 -65.534
 -65.534
 -65.534
 -65.534
 -65.534
 -65.534
 -65.534
 -65.534
 -65.534
 -65.534
 -65.534
 -65.534
 -65.534
 -65.534
 -65.534
 -65.534
   1.041
   1.143
   1.205
   1.256
   1.305
   1.363
   1.394
   1.393
   1.367
   1.325
   1.272
   1.156
 -65.534
 -65.534
 -65.534
 -65.534
 -65.534
 -65.534
 -65.534
   0.835
   0.960
   1.028
   1.042
   1.036
   1.025
   1.003
   0.979
   0.951
   0.923
   0.893
   0.866
   0.839
   0.813
   0.787
   0.759
   0.732
   0.704
   0.675
   0.642
   0.602
   0.558
   0.509
   0.454
   0.356
   0.000
 -65.534
 -65.534
 -65.534
 -65.534
 -65.534
 -65.534
 -65.534
 -65.534
 -65.534
 -65.534
 -65.534
 -65.534
 -65.534
 -65.534
 -65.534
 -65.534
 -65.534
 -65.534
 -65.534
 -65.534
 -65.534
 -65.534
 -65.534
 -65.534
 -65.534
 -65.534
 -65.534
 -65.534
 -65.534
   1.115
   1.241
   1.277
   1.303
   1.284
   1.241
   1.155
   0.755
 -65.534
 -65.534
 -65.534
 -65.534
 -65.534
 -65.534
   0.800
   0.904
 -65.534
   0.912
   1.002
   1.028
   1.031
   1.017
   0.996
   0.966
   0.941
   0.916
   0.893
   0.869
   0.841
   0.807
   0.772
   0.736
   0.696
   0.651
   0.600
   0.544
   0.486
   0.420
   0.319
   0.000
 -65.534
 -65.534
 -65.534
 -65.534
 -65.534
 -65.534
 -65.534
 -65.534
 -65.534
 -65.534
 -65.534
 -65.534
 -65.534
 -65.534
 -65.534
 -65.534
 -65.534
 -65.534
 -65.534
 -65.534
 -65.534
 -65.534
 -65.534
 -65.534
 -65.534
 -65.534
 -65.534
 -65.534
 -65.534
 -65.534
 -65.534
 -65.534
   1.053
   1.168
   1.175
   1.107
   0.917
   0.638
 -65.534
 -65.534
 -65.534
 -65.534
 -65.534
 -65.534
 -65.534
 -65.534
 -65.534
 -65.534
 -65.534
   0.857
   0.960
   0.984
   0.988
   0.970
   0.950
   0.926
   0.903
   0.872
   0.837
   0.798
   0.755
   0.708
   0.657
   0.601
   0.542
   0.475
   0.406
   0.303
   0.000
 -65.534
 -65.534
 -65.534
 -65.534
 -65.534
 -65.534
 -65.534
 -65.534
 -65.534
 -65.534
 -65.534
 -65.534
 -65.534
 -65.534
 -65.534
 -65.534
 -65.534
 -65.534
 -65.534
 -65.534
 -65.534
 -65.534
 -65.534
 -65.534
 -65.534
 -65.534
 -65.534
 -65.534
 -65.534
 -65.534
 -65.534
 -65.534
   0.870
   0.998
   1.037
   0.999
   0.907
   0.776
   0.598
   0.463
 -65.534
 -65.534
 -65.534
 -65.534
 -65.534
 -65.534
 -65.534
 -65.534
 -65.534
 -65.534
 -65.534
 -65.534
   0.809
   0.900
   0.920
   0.917
   0.897
   0.868
   0.834
   0.795
   0.753
   0.708
   0.660
   0.605
   0.547
   0.488
   0.421
   0.319
   0.000
 -65.534
 -65.534
 -65.534
 -65.534
 -65.534
 -65.534
 -65.534
 -65.534
 -65.534
 -65.534
 -65.534
 -65.534
 -65.534
 -65.534
 -65.534
 -65.534
 -65.534
 -65.534
 -65.534
 -65.534
 -65.534
 -65.534
 -65.534
 -65.534
 -65.534
 -65.534
 -65.534
 -65.534
 -65.534
 -65.534
 -65.534
 -65.534
 -65.534
 -65.534
 -65.534
 -65.534
   0.650
   0.683
   0.642
   0.585
   0.482
   0.425
   0.394
   0.386
   0.383
 -65.534
 -65.534
 -65.534
 -65.534
 -65.534
 -65.534
 -65.534
 -65.534
 -65.534
 -65.534
   0.738
   0.822
   0.831
   0.812
   0.781
   0.745
   0.706
   0.661
   0.615
   0.566
   0.512
   0.450
   0.358
   0.000
 -65.534
 -65.534
 -65.534
 -65.534
 -65.534
 -65.534
 -65.534
 -65.534
 -65.534
 -65.534
 -65.534
 -65.534
 -65.534
 -65.534
 -65.534
 -65.534
 -65.534
 -65.534
 -65.534
 -65.534
 -65.534
 -65.534
 -65.534
 -65.534
 -65.534
 -65.534
 -65.534
 -65.534
 -65.534
 -65.534
 -65.534
 -65.534
 -65.534
 -65.534
 -65.534
 -65.534
 -65.534
 -65.534
 -65.534
 -65.534
   0.399
 -65.534
 -65.534
 -65.534
 -65.534
 -65.534
 -65.534
 -65.534
 -65.534
 -65.534
 -65.534
 -65.534
 -65.534
 -65.534
 -65.534
   0.681
   0.775
   0.799
   0.789
   0.763
   0.732
   0.688
   0.649
   0.614
   0.576
   0.538
   0.487
   0.399
   0.000
 -65.534
 -65.534
 -65.534
 -65.534
 -65.534
 -65.534
 -65.534
 -65.534
 -65.534
 -65.534
 -65.534
 -65.534
 -65.534
 -65.534
 -65.534
 -65.534
 -65.534
 -65.534
 -65.534
 -65.534
 -65.534
 -65.534
 -65.534
 -65.534
 -65.534
 -65.534
 -65.534
 -65.534
 -65.534
 -65.534
 -65.534
 -65.534
 -65.534
 -65.534
 -65.534
 -65.534
 -65.534
 -65.534
 -65.534
 -65.534
 -65.534
 -65.534
 -65.534
 -65.534
 -65.534
 -65.534
 -65.534
 -65.534
 -65.534
 -65.534
 -65.534
 -65.534
 -65.534
 -65.534
 -65.534
 -65.534
 -65.534
 -65.534
 -65.534
   0.633
   0.672
   0.656
   0.622
   0.599
   0.584
   0.568
   0.540
   0.464
   0.000
 -65.534
 -65.534
 -65.534
 -65.534
 -65.534
 -65.534
 -65.534
 -65.534
 -65.534
 -65.534
 -65.534
 -65.534
 -65.534
 -65.534
 -65.534
 -65.534
 -65.534
 -65.534
 -65.534
 -65.534
 -65.534
 -65.534
 -65.534
 -65.534
 -65.534
 -65.534
 -65.534
 -65.534
 -65.534
 -65.534
 -65.534
 -65.534
 -65.534
 -65.534
 -65.534
 -65.534
 -65.534
 -65.534
 -65.534
 -65.534
 -65.534
 -65.534
 -65.534
 -65.534
 -65.534
 -65.534
 -65.534
 -65.534
 -65.534
 -65.534
 -65.534
 -65.534
 -65.534
 -65.534
 -65.534
 -65.534
 -65.534
 -65.534
 -65.534
 -65.534
 -65.534
   0.000
   0.000
   0.000
   0.000
   0.000
   0.000
   0.000
 -65.534
