 -65.534
   0.000
   0.000
   0.000
   0.000
   0.000
   0.000
   0.000
   0.000
   0.000
   0.000
   0.000
   0.000
   0.000
   0.000
   0.000
   0.000
   0.000
   0.000
   0.000
   0.000
   0.000
   0.000
   0.000
   0.000
   0.000
   0.000
   0.000
   0.000
   0.000
   0.000
   0.000
   0.000
   0.000
   0.000
   0.000
   0.000
   0.000
   0.000
   0.000
   0.000
   0.000
   0.000
   0.000
   0.000
   0.000
   0.000
   0.000
   0.000
   0.000
   0.000
   0.000
   0.000
   0.000
   0.000
   0.000
   0.000
   0.000
   0.000
   0.000
   0.000
   0.000
   0.000
   0.000
   0.000
   0.000
   0.000
   0.000
 -65.534
   0.000
   1.608
   1.776
   1.858
   1.932
   1.978
   2.004
   2.012
   2.008
   2.005
   2.002
   2.003
   2.007
   2.015
   2.024
   2.034
   2.048
   2.068
   2.112
   2.169
   2.230
   2.293
   2.358
   2.426
   2.439
   2.422
   2.402
   2.389
   2.365
   2.345
   2.328
   2.316
   2.308
   2.305
   2.284
   2.263
   2.237
   2.211
   2.175
   2.118
   2.047
   1.969
   1.875
   1.769
   1.689
   1.623
   1.577
   1.541
   1.522
   1.521
   1.529
   1.543
   1.556
   1.573
   1.610
   1.641
   1.670
   1.691
   1.707
   1.733
   1.756
   1.774
   1.793
   1.811
   1.810
   1.808
   1.810
   1.776
   0.000
   0.000
   1.739
   1.909
   1.993
   2.067
   2.121
   2.156
   2.173
   2.184
   2.196
   2.205
   2.211
   2.217
   2.222
   2.225
   2.235
   2.248
   2.270
   2.311
   2.366
   2.435
   2.503
   2.567
   2.632
   2.650
   2.645
   2.632
   2.616
   2.601
   2.591
   2.587
   2.587
   2.592
   2.601
   2.599
   2.588
   2.566
   2.537
   2.491
   2.430
   2.352
   2.256
   2.138
   2.017
   1.913
   1.843
   1.802
   1.778
   1.768
   1.775
   1.791
   1.816
   1.845
   1.875
   1.903
   1.933
   1.965
   1.991
   2.021
   2.051
   2.083
   2.111
   2.134
   2.151
   2.161
   2.162
   2.162
   2.117
   0.000
   0.000
   1.722
   1.891
   1.977
   2.059
   2.113
   2.156
   2.192
   2.216
   2.239
   2.259
   2.273
   2.281
   2.284
   2.288
   2.293
   2.303
   2.326
   2.362
   2.417
   2.486
   2.559
   2.630
   2.688
   2.720
   2.722
   2.714
   2.703
   2.691
   2.689
   2.695
   2.709
   2.730
   2.760
   2.774
   2.777
   2.762
   2.726
   2.677
   2.609
   2.524
   2.419
   2.292
   2.156
   2.039
   1.961
   1.921
   1.898
   1.891
   1.902
   1.920
   1.947
   1.978
   2.010
   2.041
   2.071
   2.103
   2.133
   2.162
   2.191
   2.225
   2.256
   2.282
   2.307
   2.320
   2.329
   2.335
   2.279
   0.000
   0.000
   1.674
   1.841
   1.923
   2.001
   2.064
   2.116
   2.158
   2.193
   2.228
   2.261
   2.285
   2.300
   2.310
   2.317
   2.325
   2.336
   2.360
   2.397
   2.449
   2.516
   2.591
   2.665
   2.722
   2.758
   2.768
   2.770
   2.761
   2.754
   2.757
   2.775
   2.801
   2.836
   2.882
   2.921
   2.940
   2.937
   2.909
   2.855
   2.787
   2.701
   2.590
   2.457
   2.320
   2.192
   2.100
   2.046
   2.018
   2.010
   2.013
   2.028
   2.052
   2.077
   2.105
   2.135
   2.167
   2.202
   2.232
   2.260
   2.290
   2.324
   2.356
   2.386
   2.413
   2.434
   2.446
   2.452
   2.385
   0.000
   0.000
   1.605
   1.772
   1.851
   1.933
   1.998
   2.054
   2.104
   2.152
   2.197
   2.238
   2.268
   2.291
   2.311
   2.325
   2.336
   2.350
   2.376
   2.414
   2.464
   2.525
   2.594
   2.667
   2.727
   2.761
   2.781
   2.795
   2.795
   2.792
   2.803
   2.831
   2.866
   2.919
   2.982
   3.038
   3.071
   3.078
   3.063
   3.015
   2.948
   2.865
   2.758
   2.631
   2.495
   2.362
   2.254
   2.176
   2.136
   2.118
   2.113
   2.120
   2.138
   2.158
   2.183
   2.211
   2.242
   2.274
   2.307
   2.333
   2.362
   2.398
   2.431
   2.465
   2.496
   2.518
   2.528
   2.532
   2.455
   0.000
   0.000
   1.529
   1.702
   1.782
   1.864
   1.931
   1.993
   2.051
   2.106
   2.157
   2.203
   2.243
   2.275
   2.301
   2.319
   2.336
   2.355
   2.381
   2.417
   2.461
   2.512
   2.573
   2.638
   2.696
   2.736
   2.767
   2.788
   2.796
   2.804
   2.821
   2.865
   2.914
   2.979
   3.049
   3.121
   3.171
   3.199
   3.190
   3.153
   3.095
   3.023
   2.928
   2.810
   2.672
   2.534
   2.414
   2.318
   2.258
   2.222
   2.207
   2.207
   2.217
   2.230
   2.253
   2.279
   2.308
   2.339
   2.368
   2.391
   2.419
   2.455
   2.489
   2.523
   2.553
   2.576
   2.588
   2.589
   2.509
   0.000
   0.000
   1.459
   1.632
   1.717
   1.797
   1.867
   1.935
   1.995
   2.058
   2.117
   2.171
   2.217
   2.255
   2.287
   2.311
   2.332
   2.353
   2.379
   2.412
   2.448
   2.491
   2.539
   2.597
   2.654
   2.695
   2.730
   2.757
   2.772
   2.788
   2.821
   2.879
   2.949
   3.026
   3.107
   3.189
   3.250
   3.289
   3.295
   3.271
   3.226
   3.163
   3.083
   2.977
   2.855
   2.717
   2.577
   2.464
   2.378
   2.316
   2.286
   2.277
   2.278
   2.290
   2.309
   2.334
   2.360
   2.388
   2.411
   2.431
   2.457
   2.489
   2.522
   2.559
   2.593
   2.621
   2.632
   2.631
   2.550
   0.000
   0.000
   1.381
   1.557
   1.646
   1.734
   1.808
   1.873
   1.939
   2.007
   2.075
   2.136
   2.189
   2.235
   2.273
   2.304
   2.329
   2.353
   2.379
   2.405
   2.437
   2.472
   2.510
   2.558
   2.611
   2.653
   2.686
   2.714
   2.738
   2.765
   2.811
   2.887
   2.970
   3.058
   3.154
   3.240
   3.309
   3.360
   3.377
   3.364
   3.335
   3.288
   3.219
   3.131
   3.021
   2.892
   2.752
   2.619
   2.512
   2.429
   2.372
   2.343
   2.332
   2.335
   2.350
   2.374
   2.398
   2.423
   2.438
   2.450
   2.476
   2.504
   2.541
   2.578
   2.617
   2.650
   2.666
   2.669
   2.585
   0.000
   0.000
   1.315
   1.480
   1.571
   1.664
   1.743
   1.814
   1.887
   1.958
   2.032
   2.101
   2.160
   2.211
   2.256
   2.294
   2.325
   2.353
   2.379
   2.405
   2.430
   2.460
   2.494
   2.535
   2.581
   2.618
   2.646
   2.678
   2.705
   2.740
   2.803
   2.889
   2.982
   3.078
   3.182
   3.274
   3.348
   3.408
   3.438
   3.434
   3.419
   3.386
   3.334
   3.264
   3.169
   3.056
   2.925
   2.787
   2.665
   2.564
   2.483
   2.427
   2.397
   2.387
   2.388
   2.400
   2.416
   2.434
   2.444
   2.455
   2.476
   2.508
   2.546
   2.586
   2.632
   2.669
   2.692
   2.700
   2.618
   0.000
   0.000
   1.299
   1.449
   1.533
   1.618
   1.695
   1.764
   1.835
   1.910
   1.986
   2.060
   2.123
   2.181
   2.233
   2.276
   2.316
   2.348
   2.379
   2.406
   2.430
   2.456
   2.486
   2.523
   2.563
   2.594
   2.620
   2.644
   2.673
   2.721
   2.795
   2.885
   2.982
   3.082
   3.186
   3.283
   3.364
   3.431
   3.470
   3.480
   3.475
   3.459
   3.422
   3.368
   3.296
   3.196
   3.079
   2.954
   2.825
   2.710
   2.609
   2.526
   2.475
   2.441
   2.420
   2.411
   2.412
   2.419
   2.426
   2.436
   2.460
   2.496
   2.535
   2.581
   2.630
   2.673
   2.704
   2.719
   2.642
   0.000
   0.000
   1.319
   1.459
   1.532
   1.608
   1.673
   1.733
   1.791
   1.855
   1.929
   2.006
   2.074
   2.137
   2.194
   2.245
   2.293
   2.334
   2.369
   2.400
   2.426
   2.454
   2.481
   2.516
   2.552
   2.582
   2.605
   2.629
   2.660
   2.711
   2.786
   2.878
   2.975
   3.078
   3.185
   3.284
   3.369
   3.440
   3.486
   3.505
   3.512
   3.510
   3.487
   3.450
   3.394
   3.313
   3.214
   3.103
   2.980
   2.857
   2.743
   2.643
   2.570
   2.508
   2.457
   2.421
   2.396
   2.386
   2.389
   2.404
   2.434
   2.475
   2.520
   2.570
   2.623
   2.670
   2.707
   2.727
   2.651
   0.000
   0.000
   1.308
   1.477
   1.545
   1.613
   1.672
   1.720
   1.765
   1.807
   1.863
   1.932
   2.001
   2.071
   2.134
   2.193
   2.248
   2.297
   2.342
   2.380
   2.414
   2.446
   2.479
   2.513
   2.548
   2.577
   2.600
   2.625
   2.659
   2.706
   2.776
   2.867
   2.964
   3.066
   3.177
   3.276
   3.364
   3.433
   3.484
   3.511
   3.526
   3.536
   3.531
   3.508
   3.468
   3.403
   3.316
   3.222
   3.108
   2.988
   2.866
   2.759
   2.667
   2.583
   2.504
   2.435
   2.378
   2.347
   2.343
   2.361
   2.396
   2.447
   2.499
   2.554
   2.615
   2.667
   2.710
   2.732
   2.654
   0.000
 -65.534
 -65.534
   1.405
   1.543
   1.605
   1.661
   1.706
   1.742
   1.769
   1.807
   1.857
   1.911
   1.974
   2.042
   2.106
   2.166
   2.222
   2.280
   2.329
   2.376
   2.419
   2.456
   2.495
   2.534
   2.569
   2.601
   2.630
   2.664
   2.707
   2.771
   2.853
   2.943
   3.047
   3.158
   3.255
   3.337
   3.406
   3.459
   3.492
   3.519
   3.537
   3.543
   3.537
   3.511
   3.463
   3.388
   3.302
   3.202
   3.086
   2.968
   2.852
   2.746
   2.644
   2.540
   2.445
   2.365
   2.313
   2.301
   2.320
   2.363
   2.420
   2.481
   2.547
   2.612
   2.673
   2.716
   2.741
   2.660
   0.000
 -65.534
 -65.534
 -65.534
   1.435
   1.569
   1.619
   1.666
   1.699
   1.725
   1.754
   1.791
   1.831
   1.879
   1.933
   1.990
   2.050
   2.111
   2.172
   2.231
   2.293
   2.345
   2.398
   2.447
   2.500
   2.547
   2.590
   2.631
   2.671
   2.714
   2.770
   2.839
   2.924
   3.022
   3.114
   3.192
   3.293
   3.368
   3.422
   3.463
   3.497
   3.526
   3.541
   3.543
   3.526
   3.486
   3.425
   3.350
   3.257
   3.150
   3.036
   2.923
   2.808
   2.694
   2.572
   2.456
   2.363
   2.303
   2.284
   2.303
   2.350
   2.413
   2.478
   2.548
   2.619
   2.683
   2.732
   2.762
   2.678
   0.000
 -65.534
 -65.534
 -65.534
 -65.534
   1.470
   1.551
   1.593
   1.628
   1.655
   1.685
   1.720
   1.754
   1.794
   1.838
   1.882
   1.929
   1.982
   2.042
   2.104
   2.168
   2.228
   2.291
   2.352
   2.414
   2.476
   2.537
   2.596
   2.651
   2.702
   2.756
   2.815
   2.886
   2.966
   3.048
   3.127
   3.211
   3.278
   3.361
   3.413
   3.455
   3.493
   3.513
   3.519
   3.509
   3.476
   3.423
   3.359
   3.275
   3.180
   3.073
   2.967
   2.849
   2.727
   2.605
   2.485
   2.387
   2.325
   2.307
   2.325
   2.375
   2.437
   2.505
   2.576
   2.645
   2.708
   2.762
   2.796
   2.708
   0.000
 -65.534
 -65.534
 -65.534
 -65.534
   1.355
   1.442
   1.490
   1.526
   1.559
   1.597
   1.633
   1.668
   1.703
   1.743
   1.785
   1.823
   1.863
   1.907
   1.958
   2.016
   2.077
   2.139
   2.206
   2.275
   2.349
   2.422
   2.501
   2.573
   2.639
   2.702
   2.765
   2.827
   2.896
   2.966
   3.037
   3.109
   3.178
   3.254
   3.304
   3.367
   3.415
   3.439
   3.452
   3.443
   3.415
   3.370
   3.317
   3.250
   3.167
   3.078
   2.980
   2.870
   2.756
   2.639
   2.529
   2.439
   2.382
   2.363
   2.382
   2.427
   2.488
   2.550
   2.615
   2.678
   2.735
   2.788
   2.822
   2.732
   0.000
 -65.534
 -65.534
 -65.534
 -65.534
   1.232
   1.316
   1.368
   1.409
   1.445
   1.491
   1.533
   1.568
   1.605
   1.644
   1.681
   1.717
   1.750
   1.783
   1.819
   1.863
   1.911
   1.965
   2.027
   2.098
   2.172
   2.256
   2.344
   2.433
   2.517
   2.594
   2.666
   2.728
   2.793
   2.855
   2.917
   2.984
   3.052
   3.116
   3.169
   3.228
   3.278
   3.308
   3.329
   3.325
   3.299
   3.261
   3.217
   3.169
   3.107
   3.041
   2.959
   2.868
   2.767
   2.665
   2.573
   2.497
   2.448
   2.433
   2.450
   2.491
   2.543
   2.599
   2.654
   2.705
   2.750
   2.793
   2.820
   2.724
   0.000
 -65.534
 -65.534
 -65.534
 -65.534
   1.073
   1.147
   1.201
   1.249
   1.317
   1.362
   1.412
   1.452
   1.491
   1.533
   1.576
   1.612
   1.642
   1.670
   1.698
   1.727
   1.756
   1.797
   1.844
   1.906
   1.978
   2.059
   2.151
   2.245
   2.341
   2.427
   2.509
   2.577
   2.638
   2.694
   2.749
   2.809
   2.873
   2.933
   2.986
   3.036
   3.079
   3.108
   3.130
   3.131
   3.118
   3.092
   3.061
   3.026
   2.987
   2.941
   2.888
   2.821
   2.746
   2.668
   2.593
   2.534
   2.498
   2.490
   2.505
   2.543
   2.593
   2.640
   2.685
   2.720
   2.753
   2.782
   2.795
   2.687
   0.000
 -65.534
 -65.534
 -65.534
 -65.534
 -65.534
 -65.534
 -65.534
 -65.534
   1.133
   1.209
   1.260
   1.311
   1.362
   1.413
   1.464
   1.506
   1.543
   1.574
   1.603
   1.624
   1.634
   1.652
   1.682
   1.729
   1.791
   1.865
   1.952
   2.041
   2.134
   2.223
   2.302
   2.373
   2.433
   2.487
   2.536
   2.589
   2.645
   2.704
   2.751
   2.796
   2.837
   2.869
   2.891
   2.899
   2.898
   2.882
   2.860
   2.843
   2.825
   2.804
   2.780
   2.744
   2.699
   2.643
   2.593
   2.553
   2.532
   2.528
   2.549
   2.584
   2.627
   2.668
   2.701
   2.726
   2.747
   2.764
   2.765
   2.646
   0.000
 -65.534
 -65.534
 -65.534
 -65.534
 -65.534
 -65.534
   0.641
   0.776
   0.984
   1.072
   1.127
   1.185
   1.246
   1.303
   1.358
   1.406
   1.448
   1.489
   1.523
   1.541
   1.546
   1.547
   1.563
   1.592
   1.636
   1.699
   1.772
   1.854
   1.936
   2.016
   2.087
   2.151
   2.206
   2.256
   2.304
   2.349
   2.402
   2.452
   2.497
   2.544
   2.584
   2.619
   2.647
   2.664
   2.674
   2.668
   2.659
   2.654
   2.652
   2.645
   2.644
   2.639
   2.622
   2.600
   2.576
   2.558
   2.547
   2.552
   2.573
   2.605
   2.640
   2.671
   2.695
   2.713
   2.732
   2.741
   2.738
   2.598
   0.000
 -65.534
 -65.534
 -65.534
 -65.534
 -65.534
 -65.534
 -65.534
 -65.534
 -65.534
   0.927
   0.985
   1.038
   1.091
   1.152
   1.217
   1.303
   1.351
   1.402
   1.441
   1.469
   1.472
   1.472
   1.483
   1.503
   1.533
   1.576
   1.631
   1.695
   1.760
   1.825
   1.883
   1.934
   1.982
   2.030
   2.071
   2.113
   2.158
   2.204
   2.250
   2.296
   2.341
   2.383
   2.415
   2.440
   2.457
   2.464
   2.467
   2.473
   2.481
   2.494
   2.510
   2.530
   2.541
   2.542
   2.542
   2.540
   2.538
   2.546
   2.567
   2.592
   2.616
   2.638
   2.661
   2.676
   2.692
   2.701
   2.693
   2.542
   0.000
 -65.534
 -65.534
 -65.534
 -65.534
 -65.534
 -65.534
 -65.534
 -65.534
 -65.534
 -65.534
 -65.534
 -65.534
 -65.534
 -65.534
 -65.534
   1.075
   1.162
   1.225
   1.282
   1.379
   1.402
   1.418
   1.432
   1.448
   1.470
   1.497
   1.534
   1.576
   1.623
   1.668
   1.710
   1.746
   1.782
   1.821
   1.862
   1.902
   1.944
   1.986
   2.036
   2.088
   2.138
   2.183
   2.219
   2.250
   2.273
   2.289
   2.302
   2.320
   2.337
   2.359
   2.388
   2.421
   2.451
   2.474
   2.495
   2.508
   2.512
   2.520
   2.533
   2.549
   2.564
   2.579
   2.600
   2.617
   2.630
   2.638
   2.630
   2.472
   0.000
 -65.534
 -65.534
 -65.534
 -65.534
 -65.534
 -65.534
 -65.534
 -65.534
 -65.534
 -65.534
 -65.534
 -65.534
 -65.534
 -65.534
 -65.534
 -65.534
 -65.534
 -65.534
 -65.534
   1.218
   1.299
   1.344
   1.376
   1.405
   1.423
   1.443
   1.468
   1.497
   1.525
   1.554
   1.581
   1.604
   1.628
   1.658
   1.695
   1.733
   1.777
   1.822
   1.871
   1.927
   1.988
   2.043
   2.088
   2.122
   2.149
   2.167
   2.182
   2.201
   2.225
   2.250
   2.286
   2.330
   2.374
   2.411
   2.442
   2.464
   2.471
   2.473
   2.478
   2.482
   2.492
   2.506
   2.525
   2.541
   2.553
   2.562
   2.555
   2.393
   0.000
 -65.534
 -65.534
 -65.534
 -65.534
 -65.534
 -65.534
 -65.534
 -65.534
 -65.534
 -65.534
 -65.534
 -65.534
 -65.534
 -65.534
 -65.534
 -65.534
 -65.534
 -65.534
   0.886
   1.113
   1.178
   1.236
   1.288
   1.334
   1.367
   1.392
   1.415
   1.437
   1.455
   1.473
   1.489
   1.505
   1.519
   1.543
   1.573
   1.608
   1.652
   1.699
   1.755
   1.817
   1.883
   1.955
   2.018
   2.064
   2.095
   2.109
   2.112
   2.122
   2.140
   2.169
   2.206
   2.254
   2.303
   2.347
   2.379
   2.400
   2.406
   2.404
   2.401
   2.401
   2.406
   2.421
   2.439
   2.455
   2.466
   2.473
   2.466
   2.300
   0.000
 -65.534
 -65.534
 -65.534
 -65.534
 -65.534
 -65.534
 -65.534
 -65.534
 -65.534
 -65.534
 -65.534
 -65.534
 -65.534
 -65.534
 -65.534
 -65.534
 -65.534
   0.759
   0.910
   0.998
   1.059
   1.118
   1.177
   1.240
   1.288
   1.324
   1.355
   1.377
   1.392
   1.409
   1.421
   1.432
   1.444
   1.459
   1.482
   1.514
   1.551
   1.598
   1.654
   1.722
   1.802
   1.892
   1.979
   2.054
   2.103
   2.121
   2.108
   2.096
   2.095
   2.111
   2.143
   2.192
   2.244
   2.286
   2.318
   2.338
   2.342
   2.334
   2.327
   2.321
   2.323
   2.336
   2.354
   2.370
   2.378
   2.384
   2.374
   2.205
   0.000
 -65.534
 -65.534
 -65.534
 -65.534
 -65.534
 -65.534
 -65.534
 -65.534
 -65.534
 -65.534
 -65.534
 -65.534
 -65.534
 -65.534
 -65.534
 -65.534
 -65.534
   0.771
   0.841
   0.894
   0.948
   0.999
   1.057
   1.123
   1.185
   1.235
   1.274
   1.301
   1.322
   1.339
   1.358
   1.370
   1.382
   1.396
   1.410
   1.432
   1.460
   1.502
   1.555
   1.624
   1.714
   1.822
   1.934
   2.039
   2.116
   2.146
   2.134
   2.110
   2.089
   2.085
   2.102
   2.137
   2.179
   2.222
   2.252
   2.273
   2.281
   2.279
   2.268
   2.257
   2.253
   2.261
   2.275
   2.286
   2.292
   2.301
   2.288
   2.104
   0.000
 -65.534
 -65.534
 -65.534
 -65.534
 -65.534
 -65.534
 -65.534
 -65.534
 -65.534
 -65.534
 -65.534
 -65.534
 -65.534
 -65.534
 -65.534
 -65.534
 -65.534
   0.736
   0.777
   0.815
   0.852
   0.894
   0.940
   0.995
   1.065
   1.121
   1.167
   1.203
   1.234
   1.263
   1.290
   1.305
   1.322
   1.336
   1.346
   1.360
   1.379
   1.411
   1.458
   1.525
   1.619
   1.734
   1.857
   1.977
   2.069
   2.117
   2.124
   2.111
   2.090
   2.076
   2.079
   2.097
   2.131
   2.166
   2.198
   2.219
   2.231
   2.234
   2.227
   2.218
   2.209
   2.205
   2.210
   2.214
   2.205
   2.206
   2.186
   2.020
   0.000
 -65.534
 -65.534
 -65.534
 -65.534
 -65.534
 -65.534
 -65.534
 -65.534
 -65.534
 -65.534
 -65.534
 -65.534
 -65.534
 -65.534
 -65.534
 -65.534
 -65.534
   0.700
   0.737
   0.761
   0.789
   0.812
   0.843
   0.883
   0.940
   1.000
   1.048
   1.095
   1.139
   1.180
   1.215
   1.241
   1.260
   1.279
   1.292
   1.307
   1.321
   1.344
   1.384
   1.444
   1.532
   1.640
   1.757
   1.876
   1.973
   2.037
   2.063
   2.071
   2.064
   2.055
   2.053
   2.063
   2.086
   2.112
   2.141
   2.166
   2.183
   2.192
   2.193
   2.189
   2.180
   2.168
   2.162
   2.151
   2.137
   2.129
   2.107
   1.942
   0.000
 -65.534
 -65.534
 -65.534
 -65.534
 -65.534
 -65.534
 -65.534
 -65.534
 -65.534
 -65.534
 -65.534
 -65.534
 -65.534
 -65.534
 -65.534
 -65.534
 -65.534
 -65.534
   0.699
   0.729
   0.748
   0.764
   0.779
   0.803
   0.840
   0.887
   0.934
   0.984
   1.037
   1.092
   1.138
   1.170
   1.197
   1.224
   1.245
   1.262
   1.278
   1.296
   1.330
   1.382
   1.456
   1.549
   1.655
   1.762
   1.858
   1.930
   1.975
   1.998
   2.013
   2.020
   2.027
   2.035
   2.048
   2.067
   2.089
   2.112
   2.136
   2.151
   2.160
   2.161
   2.151
   2.139
   2.118
   2.100
   2.080
   2.053
   2.018
   1.842
   0.000
 -65.534
 -65.534
 -65.534
 -65.534
 -65.534
 -65.534
 -65.534
 -65.534
 -65.534
 -65.534
 -65.534
 -65.534
 -65.534
 -65.534
 -65.534
 -65.534
 -65.534
 -65.534
 -65.534
   0.692
   0.712
   0.726
   0.735
   0.755
   0.780
   0.807
   0.842
   0.884
   0.939
   0.997
   1.052
   1.092
   1.127
   1.161
   1.196
   1.232
   1.239
   1.259
   1.288
   1.330
   1.390
   1.462
   1.548
   1.645
   1.743
   1.825
   1.883
   1.919
   1.948
   1.972
   1.995
   2.009
   2.024
   2.041
   2.059
   2.080
   2.100
   2.117
   2.127
   2.131
   2.121
   2.104
   2.077
   2.044
   2.011
   1.968
   1.905
   1.705
   0.000
 -65.534
 -65.534
 -65.534
 -65.534
 -65.534
 -65.534
 -65.534
 -65.534
 -65.534
 -65.534
 -65.534
 -65.534
 -65.534
 -65.534
 -65.534
 -65.534
 -65.534
 -65.534
 -65.534
 -65.534
   0.671
   0.684
   0.701
   0.717
   0.746
   0.762
   0.786
   0.815
   0.854
   0.903
   0.949
   0.989
   1.009
   1.014
   0.991
   0.879
 -65.534
 -65.534
 -65.534
 -65.534
   1.211
   1.323
   1.424
   1.527
   1.636
   1.733
   1.804
   1.855
   1.895
   1.923
   1.949
   1.973
   1.992
   2.008
   2.024
   2.046
   2.066
   2.082
   2.091
   2.095
   2.086
   2.066
   2.035
   1.990
   1.937
   1.871
   1.785
   1.562
   0.000
 -65.534
 -65.534
 -65.534
 -65.534
 -65.534
 -65.534
 -65.534
 -65.534
 -65.534
 -65.534
 -65.534
 -65.534
 -65.534
 -65.534
 -65.534
 -65.534
 -65.534
 -65.534
 -65.534
 -65.534
 -65.534
 -65.534
 -65.534
 -65.534
   0.693
   0.721
   0.740
   0.762
   0.790
   0.822
   0.853
   0.875
   0.880
   0.861
   0.798
   0.678
 -65.534
 -65.534
 -65.534
 -65.534
 -65.534
 -65.534
   1.263
   1.403
   1.531
   1.642
   1.724
   1.783
   1.829
   1.857
   1.880
   1.905
   1.928
   1.949
   1.975
   2.000
   2.025
   2.047
   2.063
   2.067
   2.059
   2.037
   2.000
   1.943
   1.867
   1.775
   1.657
   1.418
   0.000
 -65.534
 -65.534
 -65.534
 -65.534
 -65.534
 -65.534
 -65.534
 -65.534
 -65.534
 -65.534
 -65.534
 -65.534
 -65.534
 -65.534
 -65.534
 -65.534
 -65.534
 -65.534
 -65.534
 -65.534
 -65.534
 -65.534
 -65.534
 -65.534
   0.645
   0.672
   0.691
   0.711
   0.734
   0.758
   0.766
   0.769
   0.761
   0.732
   0.681
   0.606
 -65.534
 -65.534
 -65.534
 -65.534
 -65.534
 -65.534
 -65.534
   1.277
   1.433
   1.535
   1.624
   1.691
   1.738
   1.771
   1.800
   1.827
   1.851
   1.877
   1.908
   1.944
   1.983
   2.019
   2.044
   2.050
   2.044
   2.018
   1.970
   1.897
   1.802
   1.688
   1.547
   1.287
   0.000
 -65.534
 -65.534
 -65.534
 -65.534
 -65.534
 -65.534
 -65.534
 -65.534
 -65.534
 -65.534
 -65.534
 -65.534
 -65.534
 -65.534
 -65.534
 -65.534
 -65.534
 -65.534
 -65.534
 -65.534
 -65.534
 -65.534
 -65.534
 -65.534
 -65.534
 -65.534
 -65.534
 -65.534
 -65.534
   0.638
   0.653
   0.659
   0.668
   0.652
   0.623
   0.579
   0.367
 -65.534
 -65.534
 -65.534
 -65.534
 -65.534
 -65.534
   1.054
   1.075
 -65.534
   1.338
   1.504
   1.586
   1.655
   1.703
   1.738
   1.768
   1.800
   1.835
   1.877
   1.929
   1.972
   2.000
   2.016
   2.014
   1.986
   1.930
   1.847
   1.741
   1.613
   1.458
   1.197
   0.000
 -65.534
 -65.534
 -65.534
 -65.534
 -65.534
 -65.534
 -65.534
 -65.534
 -65.534
 -65.534
 -65.534
 -65.534
 -65.534
 -65.534
 -65.534
 -65.534
 -65.534
 -65.534
 -65.534
 -65.534
 -65.534
 -65.534
 -65.534
 -65.534
 -65.534
 -65.534
 -65.534
 -65.534
 -65.534
 -65.534
 -65.534
 -65.534
   0.559
   0.578
   0.581
   0.557
   0.437
   0.318
 -65.534
 -65.534
 -65.534
 -65.534
 -65.534
 -65.534
 -65.534
 -65.534
 -65.534
 -65.534
 -65.534
   1.317
   1.492
   1.585
   1.666
   1.710
   1.748
   1.785
   1.830
   1.870
   1.900
   1.923
   1.929
   1.908
   1.860
   1.789
   1.694
   1.568
   1.412
   1.159
   0.000
 -65.534
 -65.534
 -65.534
 -65.534
 -65.534
 -65.534
 -65.534
 -65.534
 -65.534
 -65.534
 -65.534
 -65.534
 -65.534
 -65.534
 -65.534
 -65.534
 -65.534
 -65.534
 -65.534
 -65.534
 -65.534
 -65.534
 -65.534
 -65.534
 -65.534
 -65.534
 -65.534
 -65.534
 -65.534
 -65.534
 -65.534
 -65.534
   0.457
   0.493
   0.513
   0.500
   0.448
   0.381
   0.305
   0.251
 -65.534
 -65.534
 -65.534
 -65.534
 -65.534
 -65.534
 -65.534
 -65.534
 -65.534
 -65.534
 -65.534
 -65.534
   1.297
   1.480
   1.565
   1.628
   1.680
   1.720
   1.749
   1.775
   1.789
   1.787
   1.765
   1.717
   1.647
   1.546
   1.410
   1.173
   0.000
 -65.534
 -65.534
 -65.534
 -65.534
 -65.534
 -65.534
 -65.534
 -65.534
 -65.534
 -65.534
 -65.534
 -65.534
 -65.534
 -65.534
 -65.534
 -65.534
 -65.534
 -65.534
 -65.534
 -65.534
 -65.534
 -65.534
 -65.534
 -65.534
 -65.534
 -65.534
 -65.534
 -65.534
 -65.534
 -65.534
 -65.534
 -65.534
 -65.534
 -65.534
 -65.534
 -65.534
   0.324
   0.342
   0.326
   0.306
   0.270
   0.233
   0.213
   0.198
   0.200
 -65.534
 -65.534
 -65.534
 -65.534
 -65.534
 -65.534
 -65.534
 -65.534
 -65.534
 -65.534
   1.237
   1.456
   1.544
   1.583
   1.611
   1.636
   1.657
   1.654
   1.634
   1.591
   1.517
   1.402
   1.197
   0.000
 -65.534
 -65.534
 -65.534
 -65.534
 -65.534
 -65.534
 -65.534
 -65.534
 -65.534
 -65.534
 -65.534
 -65.534
 -65.534
 -65.534
 -65.534
 -65.534
 -65.534
 -65.534
 -65.534
 -65.534
 -65.534
 -65.534
 -65.534
 -65.534
 -65.534
 -65.534
 -65.534
 -65.534
 -65.534
 -65.534
 -65.534
 -65.534
 -65.534
 -65.534
 -65.534
 -65.534
 -65.534
 -65.534
 -65.534
 -65.534
   0.188
 -65.534
 -65.534
 -65.534
 -65.534
 -65.534
 -65.534
 -65.534
 -65.534
 -65.534
 -65.534
 -65.534
 -65.534
 -65.534
 -65.534
   0.997
   1.229
   1.345
   1.397
   1.446
   1.494
   1.518
   1.538
   1.535
   1.515
   1.471
   1.388
   1.215
   0.000
 -65.534
 -65.534
 -65.534
 -65.534
 -65.534
 -65.534
 -65.534
 -65.534
 -65.534
 -65.534
 -65.534
 -65.534
 -65.534
 -65.534
 -65.534
 -65.534
 -65.534
 -65.534
 -65.534
 -65.534
 -65.534
 -65.534
 -65.534
 -65.534
 -65.534
 -65.534
 -65.534
 -65.534
 -65.534
 -65.534
 -65.534
 -65.534
 -65.534
 -65.534
 -65.534
 -65.534
 -65.534
 -65.534
 -65.534
 -65.534
 -65.534
 -65.534
 -65.534
 -65.534
 -65.534
 -65.534
 -65.534
 -65.534
 -65.534
 -65.534
 -65.534
 -65.534
 -65.534
 -65.534
 -65.534
 -65.534
 -65.534
 -65.534
 -65.534
   1.071
   1.275
   1.366
   1.393
   1.418
   1.425
   1.415
   1.376
   1.239
   0.000
 -65.534
 -65.534
 -65.534
 -65.534
 -65.534
 -65.534
 -65.534
 -65.534
 -65.534
 -65.534
 -65.534
 -65.534
 -65.534
 -65.534
 -65.534
 -65.534
 -65.534
 -65.534
 -65.534
 -65.534
 -65.534
 -65.534
 -65.534
 -65.534
 -65.534
 -65.534
 -65.534
 -65.534
 -65.534
 -65.534
 -65.534
 -65.534
 -65.534
 -65.534
 -65.534
 -65.534
 -65.534
 -65.534
 -65.534
 -65.534
 -65.534
 -65.534
 -65.534
 -65.534
 -65.534
 -65.534
 -65.534
 -65.534
 -65.534
 -65.534
 -65.534
 -65.534
 -65.534
 -65.534
 -65.534
 -65.534
 -65.534
 -65.534
 -65.534
 -65.534
 -65.534
   0.000
   0.000
   0.000
   0.000
   0.000
   0.000
   0.000
 -65.534
