 -65.534
   0.000
   0.000
   0.000
   0.000
   0.000
   0.000
   0.000
   0.000
   0.000
   0.000
   0.000
   0.000
   0.000
   0.000
   0.000
   0.000
   0.000
   0.000
   0.000
   0.000
   0.000
   0.000
   0.000
   0.000
   0.000
   0.000
   0.000
   0.000
   0.000
   0.000
   0.000
   0.000
   0.000
   0.000
   0.000
   0.000
   0.000
   0.000
   0.000
   0.000
   0.000
   0.000
   0.000
   0.000
   0.000
   0.000
   0.000
   0.000
   0.000
   0.000
   0.000
   0.000
   0.000
   0.000
   0.000
   0.000
   0.000
   0.000
   0.000
   0.000
   0.000
   0.000
   0.000
   0.000
   0.000
   0.000
   0.000
 -65.534
   0.000
   1.544
   1.755
   1.845
   1.944
   2.023
   2.092
   2.153
   2.209
   2.269
   2.331
   2.400
   2.477
   2.555
   2.629
   2.707
   2.779
   2.851
   2.920
   2.977
   3.024
   3.055
   3.088
   3.107
   3.143
   3.168
   3.178
   3.170
   3.134
   3.086
   3.039
   3.002
   2.959
   2.909
   2.865
   2.797
   2.738
   2.672
   2.587
   2.493
   2.409
   2.342
   2.283
   2.204
   2.132
   2.070
   2.022
   1.989
   1.982
   2.003
   2.028
   2.055
   2.112
   2.183
   2.312
   2.456
   2.610
   2.771
   2.932
   3.099
   3.261
   3.409
   3.550
   3.658
   3.727
   3.768
   3.799
   3.612
   0.000
   0.000
   1.639
   1.825
   1.897
   1.981
   2.054
   2.121
   2.186
   2.249
   2.317
   2.389
   2.460
   2.535
   2.614
   2.691
   2.771
   2.853
   2.939
   3.025
   3.111
   3.184
   3.246
   3.309
   3.360
   3.404
   3.431
   3.437
   3.422
   3.390
   3.353
   3.322
   3.286
   3.252
   3.212
   3.158
   3.090
   3.008
   2.927
   2.825
   2.718
   2.625
   2.544
   2.462
   2.375
   2.288
   2.221
   2.172
   2.149
   2.154
   2.187
   2.225
   2.277
   2.352
   2.444
   2.562
   2.706
   2.878
   3.061
   3.264
   3.480
   3.699
   3.909
   4.106
   4.281
   4.433
   4.540
   4.616
   4.463
   0.000
   0.000
   1.605
   1.773
   1.838
   1.909
   1.972
   2.038
   2.103
   2.171
   2.245
   2.321
   2.395
   2.470
   2.542
   2.618
   2.699
   2.782
   2.874
   2.972
   3.076
   3.176
   3.265
   3.354
   3.431
   3.473
   3.495
   3.496
   3.477
   3.438
   3.400
   3.375
   3.353
   3.335
   3.322
   3.282
   3.221
   3.139
   3.038
   2.924
   2.811
   2.704
   2.603
   2.511
   2.417
   2.330
   2.255
   2.213
   2.196
   2.213
   2.249
   2.298
   2.361
   2.438
   2.536
   2.661
   2.802
   2.967
   3.151
   3.355
   3.580
   3.807
   4.036
   4.259
   4.482
   4.670
   4.836
   4.960
   4.857
   0.000
   0.000
   1.561
   1.714
   1.765
   1.829
   1.887
   1.946
   2.013
   2.082
   2.158
   2.237
   2.310
   2.385
   2.459
   2.533
   2.612
   2.698
   2.790
   2.900
   3.017
   3.135
   3.249
   3.359
   3.455
   3.503
   3.520
   3.518
   3.485
   3.436
   3.399
   3.380
   3.366
   3.358
   3.367
   3.355
   3.309
   3.234
   3.138
   3.013
   2.895
   2.781
   2.672
   2.570
   2.477
   2.391
   2.321
   2.275
   2.261
   2.276
   2.303
   2.352
   2.414
   2.490
   2.581
   2.700
   2.849
   3.012
   3.188
   3.391
   3.617
   3.859
   4.099
   4.363
   4.615
   4.862
   5.074
   5.250
   5.198
   0.000
   0.000
   1.506
   1.649
   1.695
   1.757
   1.809
   1.867
   1.930
   2.001
   2.078
   2.157
   2.230
   2.301
   2.371
   2.442
   2.518
   2.602
   2.699
   2.811
   2.938
   3.065
   3.188
   3.312
   3.412
   3.476
   3.498
   3.483
   3.435
   3.378
   3.338
   3.320
   3.312
   3.323
   3.351
   3.362
   3.337
   3.276
   3.191
   3.071
   2.946
   2.832
   2.725
   2.628
   2.538
   2.453
   2.377
   2.320
   2.301
   2.304
   2.321
   2.351
   2.406
   2.468
   2.553
   2.660
   2.796
   2.956
   3.139
   3.349
   3.578
   3.834
   4.122
   4.419
   4.730
   5.028
   5.279
   5.505
   5.502
   0.000
   0.000
   1.441
   1.579
   1.627
   1.687
   1.744
   1.802
   1.868
   1.937
   2.012
   2.085
   2.158
   2.225
   2.289
   2.356
   2.430
   2.514
   2.607
   2.719
   2.841
   2.970
   3.097
   3.224
   3.332
   3.397
   3.410
   3.386
   3.332
   3.265
   3.220
   3.216
   3.218
   3.244
   3.277
   3.312
   3.312
   3.283
   3.207
   3.106
   2.990
   2.880
   2.777
   2.680
   2.584
   2.489
   2.406
   2.332
   2.289
   2.273
   2.268
   2.279
   2.308
   2.355
   2.427
   2.529
   2.665
   2.827
   3.004
   3.199
   3.434
   3.733
   4.059
   4.410
   4.765
   5.115
   5.429
   5.716
   5.767
   0.000
   0.000
   1.368
   1.505
   1.558
   1.621
   1.679
   1.746
   1.814
   1.883
   1.955
   2.027
   2.094
   2.159
   2.220
   2.284
   2.355
   2.432
   2.522
   2.626
   2.739
   2.855
   2.971
   3.090
   3.194
   3.249
   3.254
   3.228
   3.173
   3.106
   3.070
   3.075
   3.093
   3.133
   3.178
   3.228
   3.242
   3.232
   3.187
   3.113
   3.024
   2.924
   2.819
   2.713
   2.614
   2.506
   2.385
   2.285
   2.210
   2.157
   2.133
   2.126
   2.131
   2.165
   2.219
   2.313
   2.447
   2.606
   2.782
   2.989
   3.248
   3.556
   3.929
   4.336
   4.753
   5.148
   5.509
   5.841
   5.980
   0.000
   0.000
   1.276
   1.416
   1.474
   1.547
   1.613
   1.682
   1.753
   1.826
   1.899
   1.971
   2.037
   2.099
   2.162
   2.224
   2.290
   2.365
   2.448
   2.537
   2.636
   2.737
   2.836
   2.935
   3.026
   3.071
   3.066
   3.033
   2.984
   2.927
   2.908
   2.929
   2.964
   3.011
   3.074
   3.128
   3.157
   3.161
   3.137
   3.090
   3.035
   2.957
   2.856
   2.743
   2.633
   2.511
   2.368
   2.232
   2.126
   2.036
   1.967
   1.930
   1.911
   1.929
   1.968
   2.050
   2.175
   2.328
   2.509
   2.704
   3.006
   3.349
   3.763
   4.212
   4.673
   5.129
   5.545
   5.934
   6.131
   0.000
   0.000
   1.167
   1.305
   1.372
   1.452
   1.527
   1.603
   1.683
   1.760
   1.839
   1.912
   1.981
   2.046
   2.106
   2.170
   2.235
   2.302
   2.376
   2.454
   2.534
   2.617
   2.703
   2.788
   2.863
   2.891
   2.879
   2.850
   2.800
   2.762
   2.764
   2.807
   2.855
   2.910
   2.987
   3.047
   3.083
   3.102
   3.097
   3.063
   3.026
   2.974
   2.886
   2.780
   2.662
   2.533
   2.383
   2.219
   2.083
   1.964
   1.849
   1.737
   1.703
   1.696
   1.709
   1.773
   1.892
   2.048
   2.232
   2.457
   2.761
   3.153
   3.597
   4.077
   4.576
   5.073
   5.539
   5.984
   6.266
   0.000
   0.000
   1.058
   1.190
   1.259
   1.343
   1.428
   1.509
   1.593
   1.677
   1.764
   1.845
   1.919
   1.987
   2.055
   2.120
   2.184
   2.243
   2.309
   2.372
   2.435
   2.499
   2.568
   2.643
   2.708
   2.729
   2.716
   2.683
   2.648
   2.638
   2.665
   2.718
   2.780
   2.845
   2.928
   3.000
   3.045
   3.069
   3.073
   3.050
   3.019
   2.984
   2.913
   2.817
   2.702
   2.572
   2.419
   2.259
   2.093
   1.939
   1.762
   1.583
   1.537
   1.482
   1.459
   1.487
   1.627
   1.805
   2.006
   2.259
   2.602
   3.022
   3.497
   3.995
   4.514
   5.035
   5.542
   6.019
   6.391
   0.000
   0.000
   0.958
   1.079
   1.141
   1.221
   1.306
   1.395
   1.486
   1.574
   1.668
   1.763
   1.848
   1.927
   1.998
   2.067
   2.130
   2.187
   2.239
   2.287
   2.335
   2.385
   2.440
   2.503
   2.564
   2.591
   2.591
   2.576
   2.558
   2.564
   2.601
   2.665
   2.735
   2.817
   2.908
   2.991
   3.043
   3.063
   3.067
   3.048
   3.023
   2.992
   2.937
   2.851
   2.735
   2.606
   2.463
   2.303
   2.125
   1.944
   1.714
   1.490
   1.381
   1.285
   1.240
   1.270
   1.378
   1.573
   1.825
   2.124
   2.513
   2.981
   3.476
   3.987
   4.505
   5.039
   5.567
   6.066
   6.503
   0.000
   0.000
   0.852
   0.984
   1.031
   1.101
   1.180
   1.268
   1.361
   1.454
   1.555
   1.656
   1.752
   1.842
   1.927
   2.002
   2.067
   2.116
   2.159
   2.195
   2.230
   2.270
   2.315
   2.372
   2.437
   2.475
   2.495
   2.506
   2.511
   2.526
   2.564
   2.637
   2.711
   2.802
   2.907
   2.997
   3.052
   3.073
   3.064
   3.041
   3.018
   2.994
   2.950
   2.879
   2.766
   2.642
   2.506
   2.360
   2.171
   1.959
   1.708
   1.461
   1.307
   1.181
   1.103
   1.110
   1.207
   1.387
   1.678
   2.040
   2.490
   3.001
   3.521
   4.038
   4.562
   5.107
   5.649
   6.158
   6.608
   0.000
 -65.534
 -65.534
   0.846
   0.944
   0.992
   1.064
   1.141
   1.229
   1.323
   1.422
   1.528
   1.630
   1.726
   1.824
   1.908
   1.975
   2.024
   2.063
   2.091
   2.119
   2.148
   2.187
   2.244
   2.310
   2.365
   2.411
   2.448
   2.474
   2.500
   2.544
   2.612
   2.683
   2.786
   2.893
   2.981
   3.029
   3.049
   3.037
   3.012
   2.995
   2.978
   2.947
   2.892
   2.789
   2.676
   2.561
   2.423
   2.244
   2.018
   1.751
   1.477
   1.250
   1.104
   0.994
   0.992
   1.092
   1.271
   1.589
   2.013
   2.525
   3.079
   3.629
   4.168
   4.708
   5.253
   5.786
   6.298
   6.758
   0.000
 -65.534
 -65.534
 -65.534
   0.812
   0.901
   0.954
   1.024
   1.099
   1.184
   1.279
   1.380
   1.484
   1.588
   1.688
   1.778
   1.852
   1.906
   1.944
   1.969
   1.994
   2.020
   2.060
   2.118
   2.188
   2.256
   2.319
   2.382
   2.430
   2.470
   2.512
   2.573
   2.648
   2.742
   2.824
   2.878
   2.959
   2.980
   2.964
   2.946
   2.937
   2.930
   2.917
   2.865
   2.767
   2.666
   2.568
   2.448
   2.294
   2.085
   1.808
   1.521
   1.256
   1.076
   0.942
   0.919
   1.032
   1.271
   1.601
   2.063
   2.623
   3.215
   3.792
   4.336
   4.883
   5.427
   5.949
   6.461
   6.921
   0.000
 -65.534
 -65.534
 -65.534
 -65.534
   0.781
   0.851
   0.905
   0.969
   1.042
   1.129
   1.226
   1.324
   1.431
   1.533
   1.627
   1.704
   1.763
   1.802
   1.828
   1.848
   1.876
   1.915
   1.977
   2.052
   2.129
   2.210
   2.289
   2.354
   2.407
   2.455
   2.509
   2.570
   2.640
   2.705
   2.755
   2.805
   2.805
   2.839
   2.832
   2.831
   2.845
   2.849
   2.793
   2.708
   2.610
   2.532
   2.439
   2.310
   2.133
   1.878
   1.604
   1.331
   1.111
   0.997
   0.982
   1.112
   1.367
   1.731
   2.209
   2.779
   3.378
   3.970
   4.519
   5.055
   5.569
   6.076
   6.573
   7.051
   0.000
 -65.534
 -65.534
 -65.534
 -65.534
   0.687
   0.747
   0.791
   0.843
   0.903
   0.979
   1.066
   1.163
   1.267
   1.370
   1.465
   1.541
   1.601
   1.640
   1.663
   1.681
   1.709
   1.753
   1.811
   1.887
   1.971
   2.060
   2.148
   2.227
   2.288
   2.346
   2.399
   2.450
   2.503
   2.551
   2.586
   2.607
   2.609
   2.619
   2.601
   2.623
   2.663
   2.686
   2.656
   2.581
   2.493
   2.434
   2.370
   2.288
   2.160
   1.965
   1.712
   1.462
   1.282
   1.182
   1.223
   1.374
   1.644
   2.004
   2.453
   2.982
   3.549
   4.116
   4.663
   5.170
   5.636
   6.119
   6.583
   7.034
   0.000
 -65.534
 -65.534
 -65.534
 -65.534
   0.601
   0.648
   0.688
   0.729
   0.777
   0.842
   0.917
   1.005
   1.103
   1.202
   1.293
   1.368
   1.425
   1.464
   1.487
   1.505
   1.528
   1.563
   1.618
   1.686
   1.768
   1.862
   1.957
   2.046
   2.123
   2.186
   2.239
   2.280
   2.319
   2.350
   2.372
   2.380
   2.376
   2.358
   2.328
   2.322
   2.341
   2.357
   2.408
   2.374
   2.318
   2.280
   2.238
   2.189
   2.118
   1.987
   1.793
   1.616
   1.499
   1.473
   1.561
   1.750
   2.019
   2.352
   2.758
   3.224
   3.719
   4.233
   4.723
   5.167
   5.604
   6.068
   6.505
   6.892
   0.000
 -65.534
 -65.534
 -65.534
 -65.534
   0.518
   0.552
   0.587
   0.626
   0.672
   0.719
   0.787
   0.865
   0.950
   1.039
   1.121
   1.190
   1.245
   1.287
   1.308
   1.323
   1.337
   1.361
   1.399
   1.462
   1.538
   1.629
   1.727
   1.819
   1.901
   1.976
   2.032
   2.066
   2.095
   2.108
   2.113
   2.109
   2.096
   2.075
   2.040
   2.012
   1.995
   2.012
   2.051
   2.057
   2.058
   2.078
   2.078
   2.053
   2.020
   1.944
   1.839
   1.743
   1.706
   1.748
   1.865
   2.077
   2.368
   2.696
   3.057
   3.441
   3.858
   4.289
   4.696
   5.064
   5.475
   5.905
   6.346
   6.674
   0.000
 -65.534
 -65.534
 -65.534
 -65.534
 -65.534
 -65.534
 -65.534
 -65.534
   0.589
   0.636
   0.684
   0.746
   0.816
   0.892
   0.965
   1.025
   1.077
   1.116
   1.137
   1.151
   1.153
   1.163
   1.187
   1.232
   1.299
   1.381
   1.476
   1.567
   1.652
   1.723
   1.777
   1.812
   1.830
   1.837
   1.828
   1.823
   1.807
   1.778
   1.747
   1.722
   1.714
   1.735
   1.758
   1.797
   1.856
   1.888
   1.884
   1.892
   1.919
   1.899
   1.869
   1.852
   1.882
   1.969
   2.134
   2.378
   2.685
   3.000
   3.314
   3.619
   3.955
   4.291
   4.611
   4.928
   5.306
   5.722
   6.139
   6.420
   0.000
 -65.534
 -65.534
 -65.534
 -65.534
 -65.534
 -65.534
   0.419
   0.483
   0.553
   0.573
   0.610
   0.657
   0.715
   0.777
   0.837
   0.889
   0.936
   0.973
   0.994
   1.002
   1.000
   0.994
   1.002
   1.029
   1.074
   1.147
   1.232
   1.316
   1.395
   1.463
   1.516
   1.545
   1.561
   1.563
   1.552
   1.540
   1.530
   1.514
   1.494
   1.488
   1.499
   1.536
   1.582
   1.640
   1.705
   1.741
   1.773
   1.825
   1.845
   1.836
   1.859
   1.904
   2.007
   2.160
   2.378
   2.659
   2.980
   3.308
   3.600
   3.813
   4.043
   4.281
   4.530
   4.792
   5.141
   5.531
   5.934
   6.150
   0.000
 -65.534
 -65.534
 -65.534
 -65.534
 -65.534
 -65.534
 -65.534
 -65.534
 -65.534
   0.534
   0.555
   0.589
   0.628
   0.674
   0.723
   0.780
   0.824
   0.864
   0.890
   0.895
   0.883
   0.868
   0.867
   0.880
   0.915
   0.964
   1.024
   1.096
   1.161
   1.223
   1.270
   1.304
   1.324
   1.330
   1.323
   1.319
   1.318
   1.315
   1.320
   1.340
   1.376
   1.427
   1.489
   1.556
   1.627
   1.679
   1.720
   1.778
   1.817
   1.870
   1.946
   2.058
   2.211
   2.413
   2.673
   2.979
   3.322
   3.667
   3.963
   4.109
   4.227
   4.395
   4.595
   4.831
   5.100
   5.402
   5.770
   5.886
   0.000
 -65.534
 -65.534
 -65.534
 -65.534
 -65.534
 -65.534
 -65.534
 -65.534
 -65.534
 -65.534
 -65.534
 -65.534
 -65.534
 -65.534
 -65.534
   0.700
   0.748
   0.775
   0.794
   0.818
   0.812
   0.800
   0.790
   0.794
   0.814
   0.849
   0.893
   0.941
   0.990
   1.039
   1.083
   1.119
   1.143
   1.158
   1.168
   1.176
   1.189
   1.207
   1.242
   1.289
   1.346
   1.407
   1.474
   1.548
   1.623
   1.688
   1.746
   1.811
   1.877
   1.954
   2.057
   2.205
   2.400
   2.655
   2.966
   3.313
   3.672
   4.019
   4.296
   4.416
   4.464
   4.580
   4.770
   4.986
   5.219
   5.494
   5.784
   5.754
   0.000
 -65.534
 -65.534
 -65.534
 -65.534
 -65.534
 -65.534
 -65.534
 -65.534
 -65.534
 -65.534
 -65.534
 -65.534
 -65.534
 -65.534
 -65.534
 -65.534
 -65.534
 -65.534
 -65.534
   0.795
   0.791
   0.782
   0.775
   0.777
   0.788
   0.804
   0.835
   0.868
   0.903
   0.936
   0.970
   1.006
   1.042
   1.070
   1.096
   1.124
   1.155
   1.192
   1.245
   1.314
   1.388
   1.465
   1.541
   1.620
   1.700
   1.768
   1.833
   1.904
   1.992
   2.087
   2.213
   2.386
   2.618
   2.911
   3.252
   3.625
   3.993
   4.322
   4.546
   4.622
   4.619
   4.672
   4.802
   4.992
   5.268
   5.625
   5.896
   5.709
   0.000
 -65.534
 -65.534
 -65.534
 -65.534
 -65.534
 -65.534
 -65.534
 -65.534
 -65.534
 -65.534
 -65.534
 -65.534
 -65.534
 -65.534
 -65.534
 -65.534
 -65.534
 -65.534
   0.747
   0.825
   0.803
   0.799
   0.796
   0.802
   0.809
   0.821
   0.840
   0.859
   0.881
   0.906
   0.935
   0.971
   1.009
   1.052
   1.097
   1.148
   1.203
   1.260
   1.330
   1.410
   1.501
   1.593
   1.681
   1.767
   1.846
   1.918
   1.989
   2.068
   2.155
   2.268
   2.406
   2.591
   2.841
   3.154
   3.506
   3.885
   4.246
   4.533
   4.696
   4.726
   4.709
   4.735
   4.821
   5.015
   5.334
   5.683
   5.922
   5.607
   0.000
 -65.534
 -65.534
 -65.534
 -65.534
 -65.534
 -65.534
 -65.534
 -65.534
 -65.534
 -65.534
 -65.534
 -65.534
 -65.534
 -65.534
 -65.534
 -65.534
 -65.534
   0.750
   0.857
   0.847
   0.840
   0.836
   0.841
   0.853
   0.865
   0.879
   0.894
   0.908
   0.922
   0.937
   0.961
   0.996
   1.044
   1.101
   1.162
   1.231
   1.303
   1.376
   1.458
   1.551
   1.656
   1.762
   1.866
   1.964
   2.048
   2.125
   2.199
   2.280
   2.379
   2.478
   2.608
   2.787
   3.027
   3.340
   3.688
   4.061
   4.401
   4.638
   4.753
   4.765
   4.753
   4.768
   4.831
   4.998
   5.256
   5.546
   5.728
   5.312
   0.000
 -65.534
 -65.534
 -65.534
 -65.534
 -65.534
 -65.534
 -65.534
 -65.534
 -65.534
 -65.534
 -65.534
 -65.534
 -65.534
 -65.534
 -65.534
 -65.534
 -65.534
   0.864
   0.887
   0.866
   0.873
   0.876
   0.891
   0.912
   0.932
   0.951
   0.969
   0.982
   0.998
   1.017
   1.042
   1.076
   1.127
   1.188
   1.258
   1.337
   1.422
   1.506
   1.597
   1.698
   1.807
   1.925
   2.048
   2.164
   2.266
   2.352
   2.433
   2.523
   2.617
   2.715
   2.819
   2.924
   3.104
   3.387
   3.704
   4.045
   4.382
   4.614
   4.712
   4.726
   4.730
   4.753
   4.800
   4.884
   5.095
   5.320
   5.402
   4.882
   0.000
 -65.534
 -65.534
 -65.534
 -65.534
 -65.534
 -65.534
 -65.534
 -65.534
 -65.534
 -65.534
 -65.534
 -65.534
 -65.534
 -65.534
 -65.534
 -65.534
 -65.534
   0.892
   0.897
   0.883
   0.896
   0.912
   0.938
   0.965
   0.996
   1.021
   1.042
   1.063
   1.085
   1.112
   1.146
   1.184
   1.232
   1.296
   1.367
   1.451
   1.540
   1.634
   1.730
   1.832
   1.944
   2.065
   2.196
   2.325
   2.451
   2.554
   2.653
   2.756
   2.847
   2.944
   3.031
   3.102
   3.251
   3.455
   3.697
   3.962
   4.241
   4.449
   4.566
   4.611
   4.639
   4.664
   4.689
   4.735
   4.843
   4.977
   4.961
   4.402
   0.000
 -65.534
 -65.534
 -65.534
 -65.534
 -65.534
 -65.534
 -65.534
 -65.534
 -65.534
 -65.534
 -65.534
 -65.534
 -65.534
 -65.534
 -65.534
 -65.534
 -65.534
   0.910
   0.892
   0.898
   0.924
   0.950
   0.980
   1.012
   1.043
   1.078
   1.104
   1.132
   1.162
   1.199
   1.241
   1.286
   1.343
   1.409
   1.488
   1.576
   1.668
   1.765
   1.864
   1.964
   2.070
   2.191
   2.319
   2.456
   2.590
   2.720
   2.839
   2.944
   3.036
   3.127
   3.195
   3.250
   3.341
   3.463
   3.607
   3.785
   3.975
   4.173
   4.286
   4.365
   4.419
   4.446
   4.454
   4.443
   4.425
   4.487
   4.394
   3.848
   0.000
 -65.534
 -65.534
 -65.534
 -65.534
 -65.534
 -65.534
 -65.534
 -65.534
 -65.534
 -65.534
 -65.534
 -65.534
 -65.534
 -65.534
 -65.534
 -65.534
 -65.534
 -65.534
   0.899
   0.901
   0.936
   0.972
   1.009
   1.044
   1.079
   1.112
   1.144
   1.173
   1.209
   1.254
   1.307
   1.361
   1.432
   1.512
   1.601
   1.696
   1.791
   1.885
   1.982
   2.083
   2.195
   2.316
   2.450
   2.584
   2.715
   2.846
   2.973
   3.083
   3.189
   3.265
   3.323
   3.338
   3.375
   3.423
   3.492
   3.571
   3.704
   3.834
   3.930
   3.999
   4.027
   4.030
   3.995
   3.928
   3.831
   3.764
   3.626
   3.145
   0.000
 -65.534
 -65.534
 -65.534
 -65.534
 -65.534
 -65.534
 -65.534
 -65.534
 -65.534
 -65.534
 -65.534
 -65.534
 -65.534
 -65.534
 -65.534
 -65.534
 -65.534
 -65.534
 -65.534
   0.917
   0.933
   0.973
   1.018
   1.057
   1.096
   1.128
   1.155
   1.185
   1.223
   1.273
   1.330
   1.399
   1.480
   1.572
   1.673
   1.783
   1.899
   2.006
   2.109
   2.227
   2.319
   2.426
   2.540
   2.670
   2.798
   2.924
   3.040
   3.142
   3.241
   3.312
   3.385
   3.381
   3.384
   3.392
   3.403
   3.428
   3.468
   3.513
   3.557
   3.573
   3.533
   3.452
   3.351
   3.233
   3.082
   2.962
   2.804
   2.445
   0.000
 -65.534
 -65.534
 -65.534
 -65.534
 -65.534
 -65.534
 -65.534
 -65.534
 -65.534
 -65.534
 -65.534
 -65.534
 -65.534
 -65.534
 -65.534
 -65.534
 -65.534
 -65.534
 -65.534
 -65.534
   0.973
   1.012
   1.052
   1.089
   1.110
   1.137
   1.160
   1.186
   1.216
   1.260
   1.310
   1.377
   1.450
   1.515
   1.544
   1.426
 -65.534
 -65.534
 -65.534
 -65.534
   2.388
   2.505
   2.633
   2.734
   2.852
   2.964
   3.062
   3.153
   3.227
   3.286
   3.316
   3.295
   3.267
   3.237
   3.191
   3.161
   3.137
   3.119
   3.080
   3.021
   2.926
   2.805
   2.673
   2.526
   2.360
   2.237
   2.114
   1.874
   0.000
 -65.534
 -65.534
 -65.534
 -65.534
 -65.534
 -65.534
 -65.534
 -65.534
 -65.534
 -65.534
 -65.534
 -65.534
 -65.534
 -65.534
 -65.534
 -65.534
 -65.534
 -65.534
 -65.534
 -65.534
 -65.534
 -65.534
 -65.534
 -65.534
   1.120
   1.127
   1.145
   1.162
   1.191
   1.229
   1.275
   1.339
   1.399
   1.434
   1.407
   1.231
 -65.534
 -65.534
 -65.534
 -65.534
 -65.534
 -65.534
   2.516
   2.704
   2.805
   2.912
   2.982
   3.025
   3.064
   3.071
   3.059
   3.042
   2.995
   2.924
   2.853
   2.768
   2.677
   2.599
   2.508
   2.410
   2.305
   2.175
   2.043
   1.909
   1.766
   1.649
   1.559
   1.406
   0.000
 -65.534
 -65.534
 -65.534
 -65.534
 -65.534
 -65.534
 -65.534
 -65.534
 -65.534
 -65.534
 -65.534
 -65.534
 -65.534
 -65.534
 -65.534
 -65.534
 -65.534
 -65.534
 -65.534
 -65.534
 -65.534
 -65.534
 -65.534
 -65.534
   1.099
   1.098
   1.113
   1.136
   1.177
   1.205
   1.247
   1.295
   1.336
   1.349
   1.301
   1.170
 -65.534
 -65.534
 -65.534
 -65.534
 -65.534
 -65.534
 -65.534
   2.512
   2.654
   2.647
   2.800
   2.821
   2.827
   2.802
   2.770
   2.720
   2.641
   2.553
   2.445
   2.330
   2.216
   2.105
   1.979
   1.847
   1.711
   1.589
   1.479
   1.388
   1.330
   1.292
   1.256
   1.179
   0.000
 -65.534
 -65.534
 -65.534
 -65.534
 -65.534
 -65.534
 -65.534
 -65.534
 -65.534
 -65.534
 -65.534
 -65.534
 -65.534
 -65.534
 -65.534
 -65.534
 -65.534
 -65.534
 -65.534
 -65.534
 -65.534
 -65.534
 -65.534
 -65.534
 -65.534
 -65.534
 -65.534
 -65.534
 -65.534
   1.190
   1.191
   1.233
   1.269
   1.269
   1.223
   1.098
   0.342
 -65.534
 -65.534
 -65.534
 -65.534
 -65.534
 -65.534
   1.916
   2.008
 -65.534
   2.135
   2.294
   2.311
   2.428
   2.378
   2.302
   2.204
   2.110
   2.013
   1.906
   1.786
   1.643
   1.495
   1.350
   1.220
   1.125
   1.076
   1.056
   1.065
   1.068
   1.050
   0.973
   0.000
 -65.534
 -65.534
 -65.534
 -65.534
 -65.534
 -65.534
 -65.534
 -65.534
 -65.534
 -65.534
 -65.534
 -65.534
 -65.534
 -65.534
 -65.534
 -65.534
 -65.534
 -65.534
 -65.534
 -65.534
 -65.534
 -65.534
 -65.534
 -65.534
 -65.534
 -65.534
 -65.534
 -65.534
 -65.534
 -65.534
 -65.534
 -65.534
   1.245
   1.203
   1.161
   1.035
   0.523
   0.211
 -65.534
 -65.534
 -65.534
 -65.534
 -65.534
 -65.534
 -65.534
 -65.534
 -65.534
 -65.534
 -65.534
   1.615
   1.733
   1.704
   1.761
   1.683
   1.587
   1.470
   1.342
   1.212
   1.091
   0.990
   0.915
   0.869
   0.862
   0.879
   0.885
   0.872
   0.837
   0.735
   0.000
 -65.534
 -65.534
 -65.534
 -65.534
 -65.534
 -65.534
 -65.534
 -65.534
 -65.534
 -65.534
 -65.534
 -65.534
 -65.534
 -65.534
 -65.534
 -65.534
 -65.534
 -65.534
 -65.534
 -65.534
 -65.534
 -65.534
 -65.534
 -65.534
 -65.534
 -65.534
 -65.534
 -65.534
 -65.534
 -65.534
 -65.534
 -65.534
   1.157
   1.099
   1.038
   0.902
   0.572
   0.312
   0.169
   0.142
 -65.534
 -65.534
 -65.534
 -65.534
 -65.534
 -65.534
 -65.534
 -65.534
 -65.534
 -65.534
 -65.534
 -65.534
   1.042
   1.135
   1.090
   1.048
   0.968
   0.863
   0.777
   0.715
   0.683
   0.684
   0.707
   0.734
   0.747
   0.737
   0.690
   0.577
   0.000
 -65.534
 -65.534
 -65.534
 -65.534
 -65.534
 -65.534
 -65.534
 -65.534
 -65.534
 -65.534
 -65.534
 -65.534
 -65.534
 -65.534
 -65.534
 -65.534
 -65.534
 -65.534
 -65.534
 -65.534
 -65.534
 -65.534
 -65.534
 -65.534
 -65.534
 -65.534
 -65.534
 -65.534
 -65.534
 -65.534
 -65.534
 -65.534
 -65.534
 -65.534
 -65.534
 -65.534
   0.530
   0.359
   0.232
   0.148
   0.110
   0.080
   0.065
   0.057
   0.050
 -65.534
 -65.534
 -65.534
 -65.534
 -65.534
 -65.534
 -65.534
 -65.534
 -65.534
 -65.534
   0.641
   0.662
   0.611
   0.562
   0.531
   0.524
   0.540
   0.568
   0.592
   0.601
   0.582
   0.529
   0.417
   0.000
 -65.534
 -65.534
 -65.534
 -65.534
 -65.534
 -65.534
 -65.534
 -65.534
 -65.534
 -65.534
 -65.534
 -65.534
 -65.534
 -65.534
 -65.534
 -65.534
 -65.534
 -65.534
 -65.534
 -65.534
 -65.534
 -65.534
 -65.534
 -65.534
 -65.534
 -65.534
 -65.534
 -65.534
 -65.534
 -65.534
 -65.534
 -65.534
 -65.534
 -65.534
 -65.534
 -65.534
 -65.534
 -65.534
 -65.534
 -65.534
   0.071
 -65.534
 -65.534
 -65.534
 -65.534
 -65.534
 -65.534
 -65.534
 -65.534
 -65.534
 -65.534
 -65.534
 -65.534
 -65.534
 -65.534
   0.375
   0.433
   0.409
   0.391
   0.403
   0.406
   0.403
   0.415
   0.431
   0.439
   0.428
   0.379
   0.259
   0.000
 -65.534
 -65.534
 -65.534
 -65.534
 -65.534
 -65.534
 -65.534
 -65.534
 -65.534
 -65.534
 -65.534
 -65.534
 -65.534
 -65.534
 -65.534
 -65.534
 -65.534
 -65.534
 -65.534
 -65.534
 -65.534
 -65.534
 -65.534
 -65.534
 -65.534
 -65.534
 -65.534
 -65.534
 -65.534
 -65.534
 -65.534
 -65.534
 -65.534
 -65.534
 -65.534
 -65.534
 -65.534
 -65.534
 -65.534
 -65.534
 -65.534
 -65.534
 -65.534
 -65.534
 -65.534
 -65.534
 -65.534
 -65.534
 -65.534
 -65.534
 -65.534
 -65.534
 -65.534
 -65.534
 -65.534
 -65.534
 -65.534
 -65.534
 -65.534
   0.309
   0.283
   0.261
   0.240
   0.238
   0.248
   0.230
   0.192
   0.107
   0.000
 -65.534
 -65.534
 -65.534
 -65.534
 -65.534
 -65.534
 -65.534
 -65.534
 -65.534
 -65.534
 -65.534
 -65.534
 -65.534
 -65.534
 -65.534
 -65.534
 -65.534
 -65.534
 -65.534
 -65.534
 -65.534
 -65.534
 -65.534
 -65.534
 -65.534
 -65.534
 -65.534
 -65.534
 -65.534
 -65.534
 -65.534
 -65.534
 -65.534
 -65.534
 -65.534
 -65.534
 -65.534
 -65.534
 -65.534
 -65.534
 -65.534
 -65.534
 -65.534
 -65.534
 -65.534
 -65.534
 -65.534
 -65.534
 -65.534
 -65.534
 -65.534
 -65.534
 -65.534
 -65.534
 -65.534
 -65.534
 -65.534
 -65.534
 -65.534
 -65.534
 -65.534
   0.000
   0.000
   0.000
   0.000
   0.000
   0.000
   0.000
 -65.534
