 -65.534
   0.000
   0.000
   0.000
   0.000
   0.000
   0.000
   0.000
   0.000
   0.000
   0.000
   0.000
   0.000
   0.000
   0.000
   0.000
   0.000
   0.000
   0.000
   0.000
   0.000
   0.000
   0.000
   0.000
   0.000
   0.000
   0.000
   0.000
   0.000
   0.000
   0.000
   0.000
   0.000
   0.000
   0.000
   0.000
   0.000
   0.000
   0.000
   0.000
   0.000
   0.000
   0.000
   0.000
   0.000
   0.000
   0.000
   0.000
   0.000
   0.000
   0.000
   0.000
   0.000
   0.000
   0.000
   0.000
   0.000
   0.000
   0.000
   0.000
   0.000
   0.000
   0.000
   0.000
   0.000
   0.000
   0.000
   0.000
 -65.534
   0.000
   1.346
   1.579
   1.750
   1.927
   2.079
   2.197
   2.283
   2.346
   2.391
   2.438
   2.484
   2.540
   2.607
   2.680
   2.768
   2.855
   2.940
   3.008
   3.058
   3.084
   3.087
   3.077
   3.021
   3.025
   3.027
   2.988
   2.910
   2.806
   2.696
   2.592
   2.494
   2.389
   2.272
   2.178
   2.047
   1.919
   1.782
   1.639
   1.516
   1.413
   1.337
   1.300
   1.274
   1.243
   1.221
   1.216
   1.228
   1.252
   1.294
   1.342
   1.388
   1.442
   1.479
   1.533
   1.572
   1.601
   1.633
   1.645
   1.663
   1.677
   1.675
   1.666
   1.652
   1.623
   1.579
   1.510
   1.402
   0.000
   0.000
   1.414
   1.614
   1.759
   1.931
   2.094
   2.244
   2.368
   2.465
   2.548
   2.619
   2.686
   2.754
   2.824
   2.899
   2.979
   3.066
   3.153
   3.226
   3.285
   3.324
   3.337
   3.335
   3.298
   3.299
   3.292
   3.253
   3.181
   3.084
   2.983
   2.882
   2.786
   2.691
   2.586
   2.479
   2.353
   2.205
   2.053
   1.892
   1.741
   1.609
   1.499
   1.420
   1.360
   1.308
   1.276
   1.280
   1.325
   1.394
   1.484
   1.569
   1.656
   1.737
   1.802
   1.859
   1.908
   1.951
   1.991
   2.031
   2.066
   2.089
   2.095
   2.092
   2.083
   2.055
   2.000
   1.924
   1.765
   0.000
   0.000
   1.401
   1.573
   1.691
   1.841
   1.998
   2.152
   2.291
   2.411
   2.516
   2.611
   2.697
   2.779
   2.856
   2.930
   3.007
   3.087
   3.169
   3.243
   3.312
   3.367
   3.402
   3.421
   3.418
   3.399
   3.390
   3.352
   3.285
   3.196
   3.104
   3.014
   2.925
   2.838
   2.750
   2.654
   2.531
   2.391
   2.234
   2.067
   1.899
   1.749
   1.611
   1.494
   1.396
   1.312
   1.262
   1.261
   1.321
   1.430
   1.552
   1.689
   1.809
   1.901
   1.983
   2.052
   2.106
   2.154
   2.194
   2.225
   2.256
   2.278
   2.283
   2.281
   2.277
   2.251
   2.199
   2.122
   1.950
   0.000
   0.000
   1.393
   1.543
   1.635
   1.762
   1.901
   2.048
   2.189
   2.317
   2.437
   2.547
   2.647
   2.743
   2.828
   2.903
   2.979
   3.053
   3.132
   3.210
   3.292
   3.364
   3.415
   3.452
   3.474
   3.469
   3.462
   3.429
   3.373
   3.290
   3.208
   3.125
   3.038
   2.960
   2.887
   2.806
   2.700
   2.575
   2.429
   2.262
   2.094
   1.925
   1.761
   1.607
   1.467
   1.343
   1.261
   1.244
   1.297
   1.434
   1.590
   1.763
   1.905
   2.027
   2.124
   2.202
   2.266
   2.306
   2.338
   2.359
   2.378
   2.395
   2.393
   2.394
   2.388
   2.370
   2.324
   2.248
   2.058
   0.000
   0.000
   1.395
   1.532
   1.609
   1.717
   1.837
   1.968
   2.101
   2.228
   2.351
   2.468
   2.575
   2.672
   2.761
   2.842
   2.917
   2.992
   3.072
   3.152
   3.241
   3.325
   3.389
   3.440
   3.474
   3.499
   3.499
   3.469
   3.418
   3.346
   3.272
   3.194
   3.115
   3.047
   2.987
   2.922
   2.839
   2.738
   2.612
   2.466
   2.302
   2.136
   1.957
   1.776
   1.592
   1.411
   1.271
   1.212
   1.252
   1.412
   1.610
   1.810
   1.986
   2.131
   2.238
   2.321
   2.385
   2.431
   2.457
   2.467
   2.477
   2.481
   2.474
   2.466
   2.460
   2.441
   2.399
   2.327
   2.126
   0.000
   0.000
   1.398
   1.527
   1.599
   1.693
   1.801
   1.918
   2.040
   2.164
   2.284
   2.398
   2.502
   2.598
   2.689
   2.768
   2.844
   2.924
   3.003
   3.088
   3.177
   3.267
   3.346
   3.412
   3.464
   3.493
   3.484
   3.462
   3.421
   3.363
   3.298
   3.233
   3.163
   3.102
   3.051
   3.003
   2.945
   2.875
   2.778
   2.661
   2.522
   2.367
   2.194
   2.002
   1.784
   1.536
   1.298
   1.154
   1.166
   1.341
   1.575
   1.811
   2.024
   2.186
   2.311
   2.408
   2.471
   2.513
   2.532
   2.529
   2.525
   2.521
   2.505
   2.490
   2.477
   2.459
   2.421
   2.353
   2.152
   0.000
   0.000
   1.388
   1.521
   1.592
   1.682
   1.781
   1.888
   2.004
   2.119
   2.233
   2.343
   2.443
   2.539
   2.627
   2.705
   2.782
   2.863
   2.942
   3.029
   3.117
   3.206
   3.284
   3.353
   3.405
   3.433
   3.431
   3.418
   3.391
   3.345
   3.296
   3.240
   3.177
   3.121
   3.078
   3.045
   3.010
   2.969
   2.914
   2.832
   2.726
   2.598
   2.442
   2.254
   2.022
   1.730
   1.398
   1.131
   1.063
   1.201
   1.451
   1.721
   1.959
   2.154
   2.310
   2.422
   2.497
   2.542
   2.558
   2.545
   2.528
   2.508
   2.483
   2.462
   2.446
   2.426
   2.388
   2.324
   2.134
   0.000
   0.000
   1.360
   1.503
   1.576
   1.668
   1.764
   1.868
   1.974
   2.083
   2.196
   2.303
   2.400
   2.489
   2.573
   2.654
   2.731
   2.811
   2.894
   2.978
   3.062
   3.147
   3.221
   3.287
   3.337
   3.361
   3.363
   3.357
   3.339
   3.309
   3.267
   3.219
   3.162
   3.111
   3.076
   3.052
   3.037
   3.027
   3.000
   2.957
   2.890
   2.795
   2.660
   2.495
   2.276
   1.978
   1.611
   1.266
   1.083
   1.122
   1.306
   1.554
   1.806
   2.033
   2.226
   2.374
   2.471
   2.531
   2.546
   2.521
   2.494
   2.462
   2.431
   2.402
   2.386
   2.363
   2.324
   2.261
   2.073
   0.000
   0.000
   1.302
   1.457
   1.538
   1.635
   1.730
   1.831
   1.939
   2.049
   2.158
   2.264
   2.360
   2.448
   2.530
   2.609
   2.687
   2.768
   2.851
   2.931
   3.014
   3.093
   3.163
   3.225
   3.272
   3.294
   3.297
   3.291
   3.279
   3.255
   3.225
   3.184
   3.133
   3.088
   3.060
   3.040
   3.036
   3.043
   3.044
   3.031
   2.998
   2.935
   2.830
   2.691
   2.504
   2.238
   1.888
   1.517
   1.247
   1.165
   1.241
   1.412
   1.639
   1.867
   2.080
   2.252
   2.376
   2.451
   2.475
   2.452
   2.419
   2.390
   2.354
   2.327
   2.311
   2.287
   2.247
   2.181
   2.006
   0.000
   0.000
   1.232
   1.388
   1.472
   1.573
   1.673
   1.776
   1.884
   1.997
   2.111
   2.220
   2.318
   2.411
   2.496
   2.576
   2.651
   2.731
   2.812
   2.890
   2.969
   3.043
   3.111
   3.168
   3.214
   3.234
   3.234
   3.230
   3.215
   3.199
   3.175
   3.141
   3.100
   3.063
   3.039
   3.028
   3.030
   3.045
   3.059
   3.061
   3.054
   3.019
   2.943
   2.833
   2.678
   2.454
   2.157
   1.805
   1.485
   1.293
   1.256
   1.329
   1.503
   1.700
   1.897
   2.069
   2.207
   2.298
   2.335
   2.329
   2.310
   2.291
   2.267
   2.246
   2.232
   2.208
   2.170
   2.097
   1.925
   0.000
   0.000
   1.160
   1.309
   1.392
   1.490
   1.588
   1.698
   1.814
   1.927
   2.044
   2.157
   2.266
   2.363
   2.454
   2.538
   2.617
   2.695
   2.772
   2.847
   2.924
   2.995
   3.059
   3.113
   3.157
   3.180
   3.182
   3.175
   3.166
   3.150
   3.133
   3.107
   3.078
   3.054
   3.038
   3.030
   3.037
   3.052
   3.069
   3.079
   3.085
   3.069
   3.019
   2.931
   2.797
   2.608
   2.362
   2.065
   1.747
   1.490
   1.349
   1.329
   1.412
   1.552
   1.711
   1.865
   1.993
   2.092
   2.151
   2.169
   2.178
   2.186
   2.180
   2.176
   2.167
   2.146
   2.104
   2.026
   1.855
   0.000
   0.000
   1.098
   1.234
   1.308
   1.396
   1.489
   1.601
   1.717
   1.836
   1.956
   2.075
   2.184
   2.288
   2.389
   2.478
   2.563
   2.643
   2.722
   2.797
   2.872
   2.941
   3.002
   3.057
   3.101
   3.129
   3.139
   3.139
   3.131
   3.118
   3.102
   3.090
   3.073
   3.059
   3.052
   3.050
   3.057
   3.071
   3.084
   3.088
   3.095
   3.094
   3.062
   2.997
   2.885
   2.719
   2.511
   2.266
   1.985
   1.712
   1.503
   1.398
   1.402
   1.450
   1.553
   1.661
   1.766
   1.862
   1.943
   1.999
   2.042
   2.079
   2.097
   2.112
   2.115
   2.099
   2.051
   1.969
   1.789
   0.000
 -65.534
 -65.534
   1.117
   1.222
   1.294
   1.386
   1.490
   1.604
   1.723
   1.844
   1.962
   2.074
   2.180
   2.286
   2.380
   2.474
   2.560
   2.642
   2.719
   2.796
   2.866
   2.929
   2.985
   3.035
   3.073
   3.096
   3.106
   3.106
   3.095
   3.087
   3.079
   3.070
   3.068
   3.068
   3.071
   3.075
   3.083
   3.086
   3.085
   3.093
   3.096
   3.082
   3.037
   2.944
   2.807
   2.634
   2.424
   2.180
   1.920
   1.687
   1.513
   1.420
   1.408
   1.432
   1.488
   1.562
   1.645
   1.737
   1.820
   1.899
   1.968
   2.010
   2.048
   2.063
   2.046
   1.994
   1.905
   1.725
   0.000
 -65.534
 -65.534
 -65.534
   1.087
   1.191
   1.276
   1.374
   1.481
   1.594
   1.710
   1.825
   1.934
   2.038
   2.142
   2.244
   2.342
   2.434
   2.524
   2.606
   2.686
   2.765
   2.835
   2.898
   2.958
   3.009
   3.050
   3.074
   3.081
   3.079
   3.070
   3.066
   3.063
   3.068
   3.071
   3.075
   3.089
   3.093
   3.088
   3.082
   3.086
   3.091
   3.093
   3.062
   2.989
   2.874
   2.723
   2.543
   2.329
   2.096
   1.865
   1.667
   1.522
   1.446
   1.397
   1.392
   1.429
   1.498
   1.580
   1.671
   1.770
   1.858
   1.915
   1.950
   1.973
   1.960
   1.912
   1.826
   1.636
   0.000
 -65.534
 -65.534
 -65.534
 -65.534
   1.047
   1.165
   1.252
   1.348
   1.452
   1.562
   1.671
   1.776
   1.877
   1.979
   2.082
   2.180
   2.277
   2.368
   2.452
   2.538
   2.621
   2.706
   2.782
   2.857
   2.925
   2.980
   3.021
   3.040
   3.041
   3.038
   3.036
   3.038
   3.048
   3.060
   3.070
   3.086
   3.094
   3.097
   3.089
   3.086
   3.095
   3.098
   3.075
   3.011
   2.913
   2.786
   2.629
   2.435
   2.225
   2.012
   1.819
   1.655
   1.533
   1.448
   1.399
   1.396
   1.439
   1.502
   1.580
   1.674
   1.754
   1.807
   1.840
   1.855
   1.843
   1.803
   1.723
   1.528
   0.000
 -65.534
 -65.534
 -65.534
 -65.534
   0.939
   1.045
   1.120
   1.206
   1.302
   1.403
   1.505
   1.606
   1.705
   1.805
   1.907
   1.999
   2.095
   2.185
   2.269
   2.354
   2.441
   2.529
   2.617
   2.705
   2.785
   2.856
   2.912
   2.948
   2.966
   2.974
   2.981
   2.989
   3.008
   3.028
   3.050
   3.068
   3.084
   3.088
   3.075
   3.069
   3.076
   3.080
   3.061
   3.005
   2.914
   2.805
   2.674
   2.509
   2.323
   2.138
   1.956
   1.790
   1.654
   1.551
   1.487
   1.458
   1.468
   1.500
   1.552
   1.615
   1.676
   1.711
   1.731
   1.737
   1.718
   1.683
   1.611
   1.409
   0.000
 -65.534
 -65.534
 -65.534
 -65.534
   0.845
   0.933
   0.990
   1.062
   1.145
   1.239
   1.335
   1.430
   1.525
   1.621
   1.717
   1.811
   1.898
   1.982
   2.063
   2.148
   2.229
   2.315
   2.403
   2.494
   2.583
   2.667
   2.737
   2.796
   2.838
   2.870
   2.893
   2.913
   2.936
   2.966
   2.992
   3.015
   3.033
   3.038
   3.027
   3.011
   3.003
   3.001
   3.000
   2.959
   2.880
   2.791
   2.685
   2.549
   2.395
   2.240
   2.085
   1.937
   1.810
   1.705
   1.632
   1.588
   1.572
   1.580
   1.603
   1.631
   1.658
   1.671
   1.674
   1.662
   1.630
   1.593
   1.518
   1.310
   0.000
 -65.534
 -65.534
 -65.534
 -65.534
   0.761
   0.830
   0.870
   0.926
   0.996
   1.077
   1.168
   1.255
   1.342
   1.431
   1.519
   1.607
   1.691
   1.777
   1.855
   1.926
   2.001
   2.081
   2.163
   2.254
   2.345
   2.434
   2.516
   2.590
   2.655
   2.710
   2.754
   2.789
   2.821
   2.852
   2.882
   2.905
   2.923
   2.925
   2.913
   2.897
   2.883
   2.877
   2.873
   2.847
   2.801
   2.739
   2.656
   2.548
   2.429
   2.309
   2.185
   2.073
   1.970
   1.883
   1.809
   1.760
   1.734
   1.725
   1.728
   1.734
   1.734
   1.723
   1.693
   1.650
   1.604
   1.549
   1.468
   1.237
   0.000
 -65.534
 -65.534
 -65.534
 -65.534
 -65.534
 -65.534
 -65.534
 -65.534
   0.835
   0.935
   1.011
   1.090
   1.168
   1.247
   1.327
   1.406
   1.489
   1.571
   1.650
   1.724
   1.789
   1.858
   1.929
   2.015
   2.107
   2.197
   2.287
   2.369
   2.445
   2.513
   2.567
   2.614
   2.654
   2.687
   2.716
   2.739
   2.755
   2.758
   2.748
   2.738
   2.734
   2.739
   2.737
   2.723
   2.701
   2.656
   2.590
   2.513
   2.434
   2.348
   2.264
   2.185
   2.109
   2.051
   2.000
   1.959
   1.931
   1.917
   1.913
   1.902
   1.882
   1.845
   1.784
   1.714
   1.638
   1.560
   1.466
   1.227
   0.000
 -65.534
 -65.534
 -65.534
 -65.534
 -65.534
 -65.534
   0.392
   0.572
   0.743
   0.809
   0.876
   0.944
   1.012
   1.083
   1.152
   1.226
   1.302
   1.381
   1.458
   1.527
   1.593
   1.658
   1.731
   1.811
   1.893
   1.989
   2.079
   2.164
   2.241
   2.308
   2.362
   2.409
   2.449
   2.485
   2.514
   2.537
   2.556
   2.566
   2.569
   2.571
   2.582
   2.597
   2.610
   2.614
   2.602
   2.565
   2.521
   2.475
   2.416
   2.353
   2.300
   2.252
   2.214
   2.183
   2.158
   2.137
   2.119
   2.108
   2.097
   2.072
   2.035
   1.977
   1.897
   1.803
   1.703
   1.602
   1.491
   1.221
   0.000
 -65.534
 -65.534
 -65.534
 -65.534
 -65.534
 -65.534
 -65.534
 -65.534
 -65.534
   0.675
   0.747
   0.803
   0.861
   0.921
   0.987
   1.069
   1.140
   1.216
   1.293
   1.357
   1.418
   1.483
   1.561
   1.646
   1.736
   1.822
   1.902
   1.983
   2.052
   2.110
   2.157
   2.201
   2.241
   2.278
   2.307
   2.333
   2.358
   2.376
   2.390
   2.409
   2.435
   2.463
   2.491
   2.501
   2.502
   2.478
   2.444
   2.411
   2.367
   2.329
   2.301
   2.284
   2.269
   2.263
   2.259
   2.249
   2.240
   2.235
   2.220
   2.182
   2.125
   2.053
   1.969
   1.873
   1.762
   1.650
   1.520
   1.225
   0.000
 -65.534
 -65.534
 -65.534
 -65.534
 -65.534
 -65.534
 -65.534
 -65.534
 -65.534
 -65.534
 -65.534
 -65.534
 -65.534
 -65.534
 -65.534
   0.870
   0.971
   1.044
   1.126
   1.214
   1.275
   1.347
   1.425
   1.512
   1.604
   1.694
   1.771
   1.836
   1.893
   1.940
   1.982
   2.016
   2.051
   2.087
   2.121
   2.153
   2.183
   2.213
   2.251
   2.282
   2.314
   2.346
   2.371
   2.392
   2.398
   2.385
   2.365
   2.338
   2.310
   2.285
   2.269
   2.266
   2.272
   2.283
   2.297
   2.303
   2.302
   2.296
   2.271
   2.218
   2.145
   2.068
   1.991
   1.905
   1.799
   1.682
   1.543
   1.233
   0.000
 -65.534
 -65.534
 -65.534
 -65.534
 -65.534
 -65.534
 -65.534
 -65.534
 -65.534
 -65.534
 -65.534
 -65.534
 -65.534
 -65.534
 -65.534
 -65.534
 -65.534
 -65.534
 -65.534
   1.056
   1.163
   1.238
   1.324
   1.415
   1.504
   1.589
   1.665
   1.728
   1.775
   1.808
   1.838
   1.870
   1.904
   1.939
   1.978
   2.017
   2.055
   2.090
   2.130
   2.171
   2.206
   2.240
   2.267
   2.288
   2.296
   2.286
   2.269
   2.255
   2.243
   2.233
   2.232
   2.243
   2.264
   2.287
   2.306
   2.319
   2.319
   2.308
   2.276
   2.210
   2.128
   2.054
   1.986
   1.912
   1.818
   1.707
   1.562
   1.234
   0.000
 -65.534
 -65.534
 -65.534
 -65.534
 -65.534
 -65.534
 -65.534
 -65.534
 -65.534
 -65.534
 -65.534
 -65.534
 -65.534
 -65.534
 -65.534
 -65.534
 -65.534
 -65.534
   0.777
   1.030
   1.083
   1.163
   1.250
   1.341
   1.431
   1.514
   1.584
   1.642
   1.686
   1.718
   1.739
   1.765
   1.792
   1.826
   1.867
   1.909
   1.953
   1.992
   2.029
   2.067
   2.111
   2.151
   2.184
   2.204
   2.208
   2.193
   2.172
   2.159
   2.158
   2.171
   2.193
   2.217
   2.243
   2.268
   2.280
   2.283
   2.282
   2.267
   2.228
   2.161
   2.084
   2.022
   1.959
   1.896
   1.817
   1.716
   1.571
   1.234
   0.000
 -65.534
 -65.534
 -65.534
 -65.534
 -65.534
 -65.534
 -65.534
 -65.534
 -65.534
 -65.534
 -65.534
 -65.534
 -65.534
 -65.534
 -65.534
 -65.534
 -65.534
   0.699
   0.918
   0.977
   1.032
   1.102
   1.187
   1.278
   1.367
   1.449
   1.520
   1.575
   1.618
   1.649
   1.667
   1.683
   1.708
   1.733
   1.768
   1.809
   1.848
   1.886
   1.926
   1.968
   2.017
   2.068
   2.113
   2.143
   2.143
   2.122
   2.092
   2.077
   2.081
   2.099
   2.130
   2.159
   2.178
   2.195
   2.206
   2.215
   2.212
   2.191
   2.148
   2.087
   2.017
   1.954
   1.901
   1.853
   1.789
   1.704
   1.565
   1.241
   0.000
 -65.534
 -65.534
 -65.534
 -65.534
 -65.534
 -65.534
 -65.534
 -65.534
 -65.534
 -65.534
 -65.534
 -65.534
 -65.534
 -65.534
 -65.534
 -65.534
 -65.534
   0.789
   0.893
   0.924
   0.977
   1.038
   1.116
   1.202
   1.287
   1.370
   1.444
   1.503
   1.547
   1.581
   1.600
   1.607
   1.624
   1.642
   1.666
   1.699
   1.735
   1.772
   1.809
   1.856
   1.910
   1.969
   2.025
   2.064
   2.072
   2.049
   2.016
   1.995
   1.994
   2.012
   2.037
   2.054
   2.067
   2.078
   2.085
   2.086
   2.083
   2.062
   2.019
   1.964
   1.911
   1.864
   1.820
   1.773
   1.721
   1.646
   1.522
   1.214
   0.000
 -65.534
 -65.534
 -65.534
 -65.534
 -65.534
 -65.534
 -65.534
 -65.534
 -65.534
 -65.534
 -65.534
 -65.534
 -65.534
 -65.534
 -65.534
 -65.534
 -65.534
   0.764
   0.835
   0.866
   0.911
   0.964
   1.035
   1.111
   1.190
   1.273
   1.347
   1.412
   1.464
   1.500
   1.521
   1.524
   1.533
   1.543
   1.562
   1.586
   1.618
   1.655
   1.695
   1.741
   1.796
   1.852
   1.909
   1.945
   1.954
   1.939
   1.916
   1.898
   1.893
   1.906
   1.924
   1.935
   1.949
   1.954
   1.951
   1.939
   1.925
   1.899
   1.864
   1.820
   1.777
   1.737
   1.696
   1.657
   1.608
   1.528
   1.411
   1.122
   0.000
 -65.534
 -65.534
 -65.534
 -65.534
 -65.534
 -65.534
 -65.534
 -65.534
 -65.534
 -65.534
 -65.534
 -65.534
 -65.534
 -65.534
 -65.534
 -65.534
 -65.534
   0.689
   0.770
   0.802
   0.845
   0.893
   0.950
   1.014
   1.084
   1.161
   1.240
   1.312
   1.370
   1.413
   1.436
   1.438
   1.445
   1.453
   1.467
   1.490
   1.521
   1.558
   1.599
   1.643
   1.692
   1.743
   1.785
   1.813
   1.819
   1.810
   1.793
   1.778
   1.772
   1.778
   1.791
   1.802
   1.810
   1.807
   1.791
   1.768
   1.739
   1.716
   1.687
   1.657
   1.624
   1.587
   1.545
   1.498
   1.439
   1.363
   1.254
   0.971
   0.000
 -65.534
 -65.534
 -65.534
 -65.534
 -65.534
 -65.534
 -65.534
 -65.534
 -65.534
 -65.534
 -65.534
 -65.534
 -65.534
 -65.534
 -65.534
 -65.534
 -65.534
 -65.534
   0.664
   0.736
   0.777
   0.822
   0.868
   0.919
   0.973
   1.044
   1.123
   1.201
   1.264
   1.316
   1.345
   1.348
   1.358
   1.369
   1.385
   1.408
   1.441
   1.479
   1.519
   1.561
   1.608
   1.647
   1.675
   1.691
   1.689
   1.678
   1.661
   1.647
   1.643
   1.643
   1.653
   1.656
   1.656
   1.644
   1.622
   1.589
   1.560
   1.536
   1.513
   1.494
   1.465
   1.428
   1.378
   1.318
   1.247
   1.160
   1.053
   0.796
   0.000
 -65.534
 -65.534
 -65.534
 -65.534
 -65.534
 -65.534
 -65.534
 -65.534
 -65.534
 -65.534
 -65.534
 -65.534
 -65.534
 -65.534
 -65.534
 -65.534
 -65.534
 -65.534
 -65.534
   0.630
   0.706
   0.744
   0.781
   0.815
   0.858
   0.917
   0.990
   1.069
   1.143
   1.203
   1.235
   1.252
   1.266
   1.276
   1.298
   1.320
   1.352
   1.399
   1.442
   1.493
   1.531
   1.550
   1.567
   1.576
   1.570
   1.554
   1.534
   1.515
   1.505
   1.506
   1.514
   1.507
   1.500
   1.483
   1.456
   1.425
   1.394
   1.372
   1.357
   1.340
   1.312
   1.268
   1.210
   1.135
   1.052
   0.958
   0.832
   0.589
   0.000
 -65.534
 -65.534
 -65.534
 -65.534
 -65.534
 -65.534
 -65.534
 -65.534
 -65.534
 -65.534
 -65.534
 -65.534
 -65.534
 -65.534
 -65.534
 -65.534
 -65.534
 -65.534
 -65.534
 -65.534
   0.584
   0.642
   0.682
   0.716
   0.758
   0.801
   0.864
   0.937
   1.008
   1.071
   1.106
   1.134
   1.137
   1.122
   1.057
   0.849
 -65.534
 -65.534
 -65.534
 -65.534
   1.339
   1.418
   1.457
   1.464
   1.466
   1.451
   1.427
   1.406
   1.387
   1.378
   1.371
   1.356
   1.337
   1.310
   1.275
   1.241
   1.213
   1.195
   1.177
   1.163
   1.137
   1.096
   1.032
   0.953
   0.865
   0.765
   0.642
   0.417
   0.000
 -65.534
 -65.534
 -65.534
 -65.534
 -65.534
 -65.534
 -65.534
 -65.534
 -65.534
 -65.534
 -65.534
 -65.534
 -65.534
 -65.534
 -65.534
 -65.534
 -65.534
 -65.534
 -65.534
 -65.534
 -65.534
 -65.534
 -65.534
 -65.534
   0.630
   0.693
   0.747
   0.809
   0.874
   0.930
   0.967
   0.992
   0.987
   0.941
   0.822
   0.581
 -65.534
 -65.534
 -65.534
 -65.534
 -65.534
 -65.534
   1.282
   1.350
   1.365
   1.358
   1.327
   1.296
   1.271
   1.247
   1.225
   1.201
   1.168
   1.126
   1.087
   1.046
   1.009
   0.983
   0.967
   0.949
   0.925
   0.887
   0.829
   0.756
   0.675
   0.582
   0.458
   0.261
   0.000
 -65.534
 -65.534
 -65.534
 -65.534
 -65.534
 -65.534
 -65.534
 -65.534
 -65.534
 -65.534
 -65.534
 -65.534
 -65.534
 -65.534
 -65.534
 -65.534
 -65.534
 -65.534
 -65.534
 -65.534
 -65.534
 -65.534
 -65.534
 -65.534
   0.494
   0.563
   0.609
   0.668
   0.735
   0.797
   0.826
   0.847
   0.835
   0.782
   0.673
   0.496
 -65.534
 -65.534
 -65.534
 -65.534
 -65.534
 -65.534
 -65.534
   1.177
   1.217
   1.206
   1.204
   1.172
   1.151
   1.124
   1.097
   1.066
   1.022
   0.975
   0.922
   0.868
   0.822
   0.783
   0.754
   0.723
   0.688
   0.644
   0.589
   0.524
   0.453
   0.369
   0.261
   0.100
   0.000
 -65.534
 -65.534
 -65.534
 -65.534
 -65.534
 -65.534
 -65.534
 -65.534
 -65.534
 -65.534
 -65.534
 -65.534
 -65.534
 -65.534
 -65.534
 -65.534
 -65.534
 -65.534
 -65.534
 -65.534
 -65.534
 -65.534
 -65.534
 -65.534
 -65.534
 -65.534
 -65.534
 -65.534
 -65.534
   0.599
   0.660
   0.687
   0.699
   0.658
   0.579
   0.465
   0.196
 -65.534
 -65.534
 -65.534
 -65.534
 -65.534
 -65.534
   0.887
   0.822
 -65.534
   0.934
   0.961
   0.975
   0.999
   0.983
   0.956
   0.909
   0.854
   0.794
   0.730
   0.670
   0.613
   0.559
   0.510
   0.456
   0.400
   0.338
   0.271
   0.203
   0.128
   0.031
  -0.089
   0.000
 -65.534
 -65.534
 -65.534
 -65.534
 -65.534
 -65.534
 -65.534
 -65.534
 -65.534
 -65.534
 -65.534
 -65.534
 -65.534
 -65.534
 -65.534
 -65.534
 -65.534
 -65.534
 -65.534
 -65.534
 -65.534
 -65.534
 -65.534
 -65.534
 -65.534
 -65.534
 -65.534
 -65.534
 -65.534
 -65.534
 -65.534
 -65.534
   0.552
   0.556
   0.517
   0.436
   0.284
   0.146
 -65.534
 -65.534
 -65.534
 -65.534
 -65.534
 -65.534
 -65.534
 -65.534
 -65.534
 -65.534
 -65.534
   0.743
   0.810
   0.815
   0.812
   0.759
   0.694
   0.611
   0.532
   0.458
   0.385
   0.313
   0.238
   0.163
   0.088
   0.020
  -0.047
  -0.115
  -0.196
  -0.282
   0.000
 -65.534
 -65.534
 -65.534
 -65.534
 -65.534
 -65.534
 -65.534
 -65.534
 -65.534
 -65.534
 -65.534
 -65.534
 -65.534
 -65.534
 -65.534
 -65.534
 -65.534
 -65.534
 -65.534
 -65.534
 -65.534
 -65.534
 -65.534
 -65.534
 -65.534
 -65.534
 -65.534
 -65.534
 -65.534
 -65.534
 -65.534
 -65.534
   0.449
   0.469
   0.452
   0.405
   0.310
   0.215
   0.134
   0.090
 -65.534
 -65.534
 -65.534
 -65.534
 -65.534
 -65.534
 -65.534
 -65.534
 -65.534
 -65.534
 -65.534
 -65.534
   0.582
   0.576
   0.525
   0.463
   0.382
   0.304
   0.221
   0.133
   0.041
  -0.056
  -0.140
  -0.217
  -0.283
  -0.338
  -0.400
  -0.450
   0.000
 -65.534
 -65.534
 -65.534
 -65.534
 -65.534
 -65.534
 -65.534
 -65.534
 -65.534
 -65.534
 -65.534
 -65.534
 -65.534
 -65.534
 -65.534
 -65.534
 -65.534
 -65.534
 -65.534
 -65.534
 -65.534
 -65.534
 -65.534
 -65.534
 -65.534
 -65.534
 -65.534
 -65.534
 -65.534
 -65.534
 -65.534
 -65.534
 -65.534
 -65.534
 -65.534
 -65.534
   0.245
   0.217
   0.180
   0.145
   0.094
   0.072
   0.050
   0.039
   0.026
 -65.534
 -65.534
 -65.534
 -65.534
 -65.534
 -65.534
 -65.534
 -65.534
 -65.534
 -65.534
   0.256
   0.226
   0.157
   0.075
  -0.025
  -0.133
  -0.238
  -0.330
  -0.412
  -0.477
  -0.527
  -0.573
  -0.585
   0.000
 -65.534
 -65.534
 -65.534
 -65.534
 -65.534
 -65.534
 -65.534
 -65.534
 -65.534
 -65.534
 -65.534
 -65.534
 -65.534
 -65.534
 -65.534
 -65.534
 -65.534
 -65.534
 -65.534
 -65.534
 -65.534
 -65.534
 -65.534
 -65.534
 -65.534
 -65.534
 -65.534
 -65.534
 -65.534
 -65.534
 -65.534
 -65.534
 -65.534
 -65.534
 -65.534
 -65.534
 -65.534
 -65.534
 -65.534
 -65.534
   0.090
 -65.534
 -65.534
 -65.534
 -65.534
 -65.534
 -65.534
 -65.534
 -65.534
 -65.534
 -65.534
 -65.534
 -65.534
 -65.534
 -65.534
   0.043
   0.047
  -0.018
  -0.090
  -0.179
  -0.277
  -0.386
  -0.491
  -0.570
  -0.633
  -0.669
  -0.698
  -0.677
   0.000
 -65.534
 -65.534
 -65.534
 -65.534
 -65.534
 -65.534
 -65.534
 -65.534
 -65.534
 -65.534
 -65.534
 -65.534
 -65.534
 -65.534
 -65.534
 -65.534
 -65.534
 -65.534
 -65.534
 -65.534
 -65.534
 -65.534
 -65.534
 -65.534
 -65.534
 -65.534
 -65.534
 -65.534
 -65.534
 -65.534
 -65.534
 -65.534
 -65.534
 -65.534
 -65.534
 -65.534
 -65.534
 -65.534
 -65.534
 -65.534
 -65.534
 -65.534
 -65.534
 -65.534
 -65.534
 -65.534
 -65.534
 -65.534
 -65.534
 -65.534
 -65.534
 -65.534
 -65.534
 -65.534
 -65.534
 -65.534
 -65.534
 -65.534
 -65.534
  -0.251
  -0.386
  -0.506
  -0.609
  -0.674
  -0.719
  -0.740
  -0.742
  -0.711
   0.000
 -65.534
 -65.534
 -65.534
 -65.534
 -65.534
 -65.534
 -65.534
 -65.534
 -65.534
 -65.534
 -65.534
 -65.534
 -65.534
 -65.534
 -65.534
 -65.534
 -65.534
 -65.534
 -65.534
 -65.534
 -65.534
 -65.534
 -65.534
 -65.534
 -65.534
 -65.534
 -65.534
 -65.534
 -65.534
 -65.534
 -65.534
 -65.534
 -65.534
 -65.534
 -65.534
 -65.534
 -65.534
 -65.534
 -65.534
 -65.534
 -65.534
 -65.534
 -65.534
 -65.534
 -65.534
 -65.534
 -65.534
 -65.534
 -65.534
 -65.534
 -65.534
 -65.534
 -65.534
 -65.534
 -65.534
 -65.534
 -65.534
 -65.534
 -65.534
 -65.534
 -65.534
   0.000
   0.000
   0.000
   0.000
   0.000
   0.000
   0.000
 -65.534
