 -65.534
   0.000
   0.000
   0.000
   0.000
   0.000
   0.000
   0.000
   0.000
   0.000
   0.000
   0.000
   0.000
   0.000
   0.000
   0.000
   0.000
   0.000
   0.000
   0.000
   0.000
   0.000
   0.000
   0.000
   0.000
   0.000
   0.000
   0.000
   0.000
   0.000
   0.000
   0.000
   0.000
   0.000
   0.000
   0.000
   0.000
   0.000
   0.000
   0.000
   0.000
   0.000
   0.000
   0.000
   0.000
   0.000
   0.000
   0.000
   0.000
   0.000
   0.000
   0.000
   0.000
   0.000
   0.000
   0.000
   0.000
   0.000
   0.000
   0.000
   0.000
   0.000
   0.000
   0.000
   0.000
   0.000
   0.000
   0.000
 -65.534
   0.000
   1.154
   1.320
   1.433
   1.558
   1.675
   1.771
   1.844
   1.892
   1.925
   1.948
   1.973
   2.000
   2.038
   2.081
   2.130
   2.181
   2.236
   2.293
   2.355
   2.415
   2.467
   2.510
   2.539
   2.539
   2.510
   2.464
   2.403
   2.336
   2.270
   2.211
   2.154
   2.099
   2.044
   1.984
   1.913
   1.832
   1.746
   1.655
   1.562
   1.467
   1.378
   1.297
   1.228
   1.160
   1.102
   1.067
   1.064
   1.091
   1.166
   1.247
   1.362
   1.502
   1.654
   1.761
   1.805
   1.821
   1.803
   1.747
   1.674
   1.590
   1.485
   1.393
   1.319
   1.252
   1.198
   1.136
   1.038
   0.000
   0.000
   1.231
   1.386
   1.485
   1.601
   1.720
   1.829
   1.924
   1.996
   2.051
   2.090
   2.124
   2.156
   2.190
   2.225
   2.267
   2.312
   2.362
   2.417
   2.477
   2.537
   2.593
   2.639
   2.667
   2.672
   2.652
   2.618
   2.565
   2.505
   2.445
   2.383
   2.318
   2.254
   2.187
   2.112
   2.027
   1.932
   1.828
   1.717
   1.607
   1.495
   1.388
   1.288
   1.208
   1.138
   1.093
   1.079
   1.112
   1.198
   1.324
   1.481
   1.640
   1.809
   1.971
   2.081
   2.144
   2.178
   2.166
   2.103
   2.005
   1.894
   1.766
   1.647
   1.546
   1.463
   1.399
   1.338
   1.234
   0.000
   0.000
   1.219
   1.363
   1.447
   1.549
   1.659
   1.767
   1.871
   1.956
   2.026
   2.081
   2.123
   2.157
   2.191
   2.220
   2.253
   2.293
   2.339
   2.392
   2.450
   2.513
   2.571
   2.619
   2.652
   2.667
   2.663
   2.642
   2.602
   2.551
   2.496
   2.438
   2.376
   2.310
   2.237
   2.151
   2.057
   1.950
   1.836
   1.713
   1.589
   1.471
   1.356
   1.251
   1.163
   1.097
   1.061
   1.067
   1.120
   1.227
   1.385
   1.572
   1.754
   1.937
   2.105
   2.229
   2.300
   2.332
   2.313
   2.237
   2.123
   1.991
   1.857
   1.728
   1.621
   1.543
   1.480
   1.423
   1.319
   0.000
   0.000
   1.190
   1.327
   1.398
   1.488
   1.582
   1.684
   1.785
   1.879
   1.960
   2.030
   2.079
   2.120
   2.153
   2.180
   2.210
   2.244
   2.286
   2.337
   2.396
   2.460
   2.525
   2.578
   2.619
   2.643
   2.657
   2.654
   2.632
   2.599
   2.557
   2.506
   2.445
   2.376
   2.298
   2.206
   2.101
   1.987
   1.859
   1.725
   1.595
   1.466
   1.343
   1.236
   1.145
   1.081
   1.053
   1.071
   1.138
   1.251
   1.410
   1.600
   1.787
   1.965
   2.130
   2.248
   2.313
   2.340
   2.320
   2.246
   2.138
   2.011
   1.881
   1.764
   1.664
   1.593
   1.538
   1.487
   1.383
   0.000
   0.000
   1.159
   1.289
   1.353
   1.434
   1.517
   1.610
   1.704
   1.798
   1.884
   1.959
   2.014
   2.058
   2.091
   2.117
   2.146
   2.180
   2.221
   2.269
   2.328
   2.394
   2.461
   2.519
   2.568
   2.605
   2.632
   2.650
   2.653
   2.638
   2.612
   2.571
   2.514
   2.446
   2.363
   2.266
   2.155
   2.033
   1.899
   1.758
   1.621
   1.491
   1.369
   1.261
   1.171
   1.105
   1.074
   1.090
   1.157
   1.272
   1.426
   1.602
   1.776
   1.937
   2.088
   2.193
   2.248
   2.268
   2.248
   2.181
   2.088
   1.985
   1.871
   1.768
   1.688
   1.626
   1.579
   1.533
   1.428
   0.000
   0.000
   1.125
   1.251
   1.312
   1.388
   1.465
   1.550
   1.639
   1.730
   1.818
   1.893
   1.950
   1.993
   2.028
   2.056
   2.084
   2.119
   2.160
   2.210
   2.265
   2.332
   2.398
   2.457
   2.512
   2.560
   2.603
   2.640
   2.665
   2.675
   2.665
   2.634
   2.584
   2.518
   2.436
   2.335
   2.222
   2.098
   1.963
   1.822
   1.685
   1.554
   1.436
   1.333
   1.245
   1.176
   1.133
   1.132
   1.178
   1.275
   1.416
   1.574
   1.727
   1.869
   2.000
   2.092
   2.141
   2.164
   2.148
   2.094
   2.022
   1.939
   1.849
   1.761
   1.695
   1.644
   1.605
   1.558
   1.451
   0.000
   0.000
   1.087
   1.213
   1.273
   1.347
   1.423
   1.501
   1.588
   1.677
   1.763
   1.840
   1.899
   1.945
   1.980
   2.009
   2.039
   2.075
   2.116
   2.165
   2.219
   2.282
   2.348
   2.411
   2.469
   2.525
   2.582
   2.633
   2.676
   2.705
   2.713
   2.696
   2.652
   2.590
   2.511
   2.413
   2.304
   2.183
   2.051
   1.917
   1.781
   1.658
   1.544
   1.444
   1.355
   1.281
   1.227
   1.209
   1.227
   1.285
   1.386
   1.517
   1.647
   1.769
   1.883
   1.966
   2.020
   2.052
   2.051
   2.014
   1.961
   1.897
   1.820
   1.749
   1.696
   1.650
   1.613
   1.570
   1.464
   0.000
   0.000
   1.045
   1.174
   1.236
   1.308
   1.382
   1.460
   1.543
   1.631
   1.720
   1.800
   1.863
   1.910
   1.948
   1.980
   2.010
   2.045
   2.086
   2.132
   2.187
   2.247
   2.314
   2.380
   2.443
   2.507
   2.571
   2.633
   2.689
   2.733
   2.757
   2.750
   2.718
   2.666
   2.597
   2.504
   2.401
   2.288
   2.167
   2.037
   1.913
   1.793
   1.683
   1.586
   1.498
   1.418
   1.357
   1.321
   1.319
   1.347
   1.403
   1.485
   1.583
   1.683
   1.780
   1.861
   1.925
   1.971
   1.980
   1.953
   1.916
   1.866
   1.803
   1.742
   1.695
   1.656
   1.617
   1.573
   1.464
   0.000
   0.000
   0.998
   1.131
   1.196
   1.269
   1.341
   1.415
   1.498
   1.586
   1.678
   1.763
   1.832
   1.886
   1.926
   1.956
   1.986
   2.021
   2.061
   2.109
   2.162
   2.225
   2.293
   2.363
   2.432
   2.501
   2.571
   2.642
   2.709
   2.766
   2.799
   2.804
   2.784
   2.742
   2.681
   2.601
   2.508
   2.409
   2.297
   2.177
   2.063
   1.951
   1.844
   1.744
   1.658
   1.579
   1.506
   1.452
   1.433
   1.442
   1.472
   1.516
   1.583
   1.661
   1.741
   1.817
   1.883
   1.933
   1.945
   1.923
   1.889
   1.849
   1.790
   1.738
   1.698
   1.660
   1.622
   1.571
   1.455
   0.000
   0.000
   0.947
   1.080
   1.149
   1.224
   1.297
   1.369
   1.447
   1.536
   1.628
   1.721
   1.796
   1.858
   1.904
   1.936
   1.964
   1.997
   2.039
   2.089
   2.145
   2.210
   2.284
   2.359
   2.434
   2.508
   2.583
   2.659
   2.734
   2.797
   2.837
   2.851
   2.843
   2.815
   2.766
   2.702
   2.624
   2.540
   2.441
   2.333
   2.231
   2.124
   2.019
   1.921
   1.833
   1.753
   1.679
   1.612
   1.570
   1.557
   1.564
   1.590
   1.635
   1.693
   1.756
   1.815
   1.875
   1.914
   1.919
   1.894
   1.860
   1.821
   1.771
   1.724
   1.688
   1.652
   1.614
   1.564
   1.444
   0.000
   0.000
   0.892
   1.024
   1.094
   1.170
   1.242
   1.314
   1.390
   1.473
   1.565
   1.659
   1.745
   1.815
   1.868
   1.904
   1.936
   1.971
   2.011
   2.062
   2.123
   2.194
   2.275
   2.355
   2.435
   2.517
   2.595
   2.674
   2.752
   2.820
   2.866
   2.891
   2.893
   2.881
   2.848
   2.799
   2.741
   2.673
   2.592
   2.500
   2.406
   2.309
   2.211
   2.116
   2.028
   1.944
   1.870
   1.803
   1.750
   1.715
   1.701
   1.706
   1.735
   1.772
   1.814
   1.855
   1.886
   1.907
   1.901
   1.868
   1.831
   1.797
   1.753
   1.711
   1.677
   1.644
   1.608
   1.558
   1.437
   0.000
   0.000
   0.834
   0.965
   1.033
   1.105
   1.175
   1.244
   1.319
   1.399
   1.487
   1.579
   1.667
   1.746
   1.808
   1.854
   1.889
   1.926
   1.970
   2.023
   2.088
   2.165
   2.251
   2.340
   2.427
   2.513
   2.598
   2.680
   2.760
   2.829
   2.881
   2.914
   2.933
   2.935
   2.919
   2.888
   2.846
   2.793
   2.724
   2.649
   2.569
   2.489
   2.401
   2.314
   2.228
   2.145
   2.070
   2.005
   1.948
   1.903
   1.871
   1.856
   1.866
   1.880
   1.894
   1.907
   1.911
   1.908
   1.886
   1.850
   1.811
   1.779
   1.742
   1.705
   1.673
   1.643
   1.609
   1.557
   1.428
   0.000
 -65.534
 -65.534
   0.857
   0.965
   1.031
   1.099
   1.166
   1.237
   1.311
   1.392
   1.481
   1.570
   1.651
   1.722
   1.775
   1.817
   1.858
   1.907
   1.963
   2.033
   2.114
   2.209
   2.304
   2.400
   2.494
   2.584
   2.672
   2.752
   2.823
   2.879
   2.923
   2.955
   2.969
   2.967
   2.951
   2.926
   2.887
   2.833
   2.769
   2.701
   2.631
   2.557
   2.485
   2.405
   2.327
   2.255
   2.189
   2.132
   2.078
   2.034
   2.003
   1.984
   1.973
   1.961
   1.945
   1.926
   1.902
   1.869
   1.832
   1.799
   1.766
   1.737
   1.713
   1.686
   1.659
   1.621
   1.563
   1.418
   0.000
 -65.534
 -65.534
 -65.534
   0.845
   0.951
   1.015
   1.081
   1.147
   1.214
   1.291
   1.375
   1.459
   1.540
   1.614
   1.673
   1.722
   1.769
   1.821
   1.882
   1.956
   2.040
   2.140
   2.241
   2.345
   2.449
   2.547
   2.639
   2.721
   2.795
   2.857
   2.910
   2.949
   2.978
   2.993
   2.995
   2.978
   2.954
   2.910
   2.854
   2.800
   2.745
   2.688
   2.627
   2.557
   2.485
   2.412
   2.347
   2.288
   2.231
   2.175
   2.128
   2.087
   2.054
   2.014
   1.974
   1.939
   1.905
   1.865
   1.827
   1.796
   1.772
   1.750
   1.727
   1.705
   1.681
   1.640
   1.577
   1.418
   0.000
 -65.534
 -65.534
 -65.534
 -65.534
   0.834
   0.927
   0.985
   1.048
   1.112
   1.182
   1.262
   1.342
   1.423
   1.496
   1.561
   1.617
   1.667
   1.720
   1.777
   1.850
   1.936
   2.035
   2.140
   2.250
   2.360
   2.465
   2.565
   2.656
   2.737
   2.806
   2.865
   2.917
   2.958
   2.990
   3.007
   3.011
   3.003
   2.966
   2.921
   2.873
   2.828
   2.782
   2.733
   2.674
   2.609
   2.541
   2.474
   2.410
   2.346
   2.285
   2.224
   2.169
   2.117
   2.067
   2.016
   1.969
   1.928
   1.889
   1.854
   1.826
   1.806
   1.787
   1.766
   1.745
   1.719
   1.678
   1.603
   1.421
   0.000
 -65.534
 -65.534
 -65.534
 -65.534
   0.737
   0.829
   0.884
   0.943
   1.004
   1.072
   1.145
   1.222
   1.302
   1.379
   1.444
   1.500
   1.551
   1.602
   1.656
   1.720
   1.800
   1.894
   1.994
   2.105
   2.219
   2.333
   2.442
   2.544
   2.638
   2.720
   2.790
   2.851
   2.907
   2.956
   2.992
   3.010
   3.015
   2.995
   2.961
   2.915
   2.879
   2.844
   2.805
   2.754
   2.692
   2.628
   2.561
   2.491
   2.420
   2.354
   2.285
   2.223
   2.165
   2.110
   2.060
   2.015
   1.977
   1.944
   1.914
   1.891
   1.874
   1.856
   1.835
   1.810
   1.778
   1.730
   1.642
   1.436
   0.000
 -65.534
 -65.534
 -65.534
 -65.534
   0.645
   0.731
   0.781
   0.835
   0.893
   0.955
   1.026
   1.099
   1.176
   1.252
   1.318
   1.378
   1.426
   1.470
   1.518
   1.574
   1.643
   1.722
   1.815
   1.923
   2.038
   2.155
   2.274
   2.392
   2.501
   2.595
   2.683
   2.762
   2.827
   2.887
   2.937
   2.969
   2.988
   2.982
   2.960
   2.928
   2.896
   2.869
   2.843
   2.804
   2.753
   2.691
   2.625
   2.551
   2.477
   2.405
   2.334
   2.268
   2.210
   2.156
   2.111
   2.074
   2.045
   2.021
   2.001
   1.983
   1.965
   1.947
   1.925
   1.890
   1.842
   1.782
   1.680
   1.438
   0.000
 -65.534
 -65.534
 -65.534
 -65.534
   0.537
   0.620
   0.668
   0.721
   0.779
   0.836
   0.900
   0.971
   1.042
   1.115
   1.180
   1.236
   1.286
   1.330
   1.372
   1.417
   1.473
   1.541
   1.623
   1.722
   1.829
   1.948
   2.075
   2.201
   2.324
   2.440
   2.541
   2.631
   2.710
   2.776
   2.834
   2.880
   2.906
   2.914
   2.905
   2.891
   2.878
   2.864
   2.850
   2.823
   2.785
   2.738
   2.674
   2.605
   2.528
   2.455
   2.388
   2.321
   2.265
   2.217
   2.173
   2.143
   2.123
   2.110
   2.100
   2.089
   2.074
   2.054
   2.023
   1.978
   1.912
   1.836
   1.722
   1.450
   0.000
 -65.534
 -65.534
 -65.534
 -65.534
 -65.534
 -65.534
 -65.534
 -65.534
   0.645
   0.720
   0.778
   0.841
   0.905
   0.971
   1.032
   1.087
   1.136
   1.180
   1.223
   1.266
   1.311
   1.364
   1.430
   1.518
   1.622
   1.739
   1.865
   1.996
   2.132
   2.258
   2.369
   2.465
   2.549
   2.624
   2.686
   2.734
   2.772
   2.795
   2.805
   2.812
   2.823
   2.830
   2.834
   2.827
   2.803
   2.764
   2.709
   2.647
   2.577
   2.506
   2.441
   2.381
   2.327
   2.282
   2.247
   2.222
   2.207
   2.201
   2.202
   2.199
   2.188
   2.165
   2.124
   2.068
   1.993
   1.897
   1.778
   1.518
   0.000
 -65.534
 -65.534
 -65.534
 -65.534
 -65.534
 -65.534
   0.195
   0.382
   0.554
   0.614
   0.664
   0.720
   0.778
   0.835
   0.891
   0.946
   0.994
   1.036
   1.078
   1.117
   1.157
   1.202
   1.264
   1.338
   1.429
   1.542
   1.670
   1.808
   1.946
   2.077
   2.189
   2.288
   2.372
   2.446
   2.507
   2.560
   2.605
   2.640
   2.672
   2.704
   2.736
   2.766
   2.793
   2.807
   2.801
   2.769
   2.727
   2.677
   2.613
   2.545
   2.480
   2.424
   2.380
   2.340
   2.314
   2.294
   2.284
   2.283
   2.288
   2.290
   2.282
   2.257
   2.209
   2.143
   2.067
   1.963
   1.823
   1.551
   0.000
 -65.534
 -65.534
 -65.534
 -65.534
 -65.534
 -65.534
 -65.534
 -65.534
 -65.534
   0.472
   0.539
   0.584
   0.637
   0.692
   0.751
   0.811
   0.853
   0.896
   0.939
   0.982
   1.018
   1.063
   1.121
   1.194
   1.284
   1.389
   1.508
   1.643
   1.777
   1.902
   2.011
   2.108
   2.192
   2.263
   2.326
   2.378
   2.428
   2.474
   2.521
   2.574
   2.630
   2.684
   2.727
   2.756
   2.768
   2.751
   2.719
   2.677
   2.622
   2.562
   2.504
   2.453
   2.409
   2.381
   2.359
   2.347
   2.340
   2.339
   2.339
   2.338
   2.328
   2.301
   2.254
   2.184
   2.103
   1.998
   1.854
   1.569
   0.000
 -65.534
 -65.534
 -65.534
 -65.534
 -65.534
 -65.534
 -65.534
 -65.534
 -65.534
 -65.534
 -65.534
 -65.534
 -65.534
 -65.534
 -65.534
   0.628
   0.691
   0.731
   0.788
   0.864
   0.908
   0.956
   1.012
   1.079
   1.164
   1.265
   1.377
   1.496
   1.622
   1.739
   1.848
   1.940
   2.021
   2.092
   2.156
   2.211
   2.265
   2.320
   2.389
   2.453
   2.519
   2.584
   2.640
   2.683
   2.710
   2.708
   2.689
   2.658
   2.612
   2.559
   2.505
   2.457
   2.419
   2.395
   2.383
   2.377
   2.372
   2.369
   2.364
   2.352
   2.336
   2.311
   2.269
   2.201
   2.112
   1.996
   1.860
   1.571
   0.000
 -65.534
 -65.534
 -65.534
 -65.534
 -65.534
 -65.534
 -65.534
 -65.534
 -65.534
 -65.534
 -65.534
 -65.534
 -65.534
 -65.534
 -65.534
 -65.534
 -65.534
 -65.534
 -65.534
   0.753
   0.825
   0.874
   0.928
   0.991
   1.064
   1.152
   1.253
   1.362
   1.476
   1.584
   1.689
   1.788
   1.872
   1.949
   2.016
   2.075
   2.134
   2.195
   2.257
   2.328
   2.398
   2.469
   2.535
   2.591
   2.624
   2.633
   2.621
   2.599
   2.565
   2.517
   2.468
   2.424
   2.392
   2.372
   2.365
   2.362
   2.359
   2.357
   2.347
   2.330
   2.308
   2.286
   2.247
   2.187
   2.098
   1.971
   1.839
   1.547
   0.000
 -65.534
 -65.534
 -65.534
 -65.534
 -65.534
 -65.534
 -65.534
 -65.534
 -65.534
 -65.534
 -65.534
 -65.534
 -65.534
 -65.534
 -65.534
 -65.534
 -65.534
 -65.534
   0.547
   0.723
   0.764
   0.812
   0.863
   0.918
   0.982
   1.054
   1.139
   1.232
   1.332
   1.438
   1.544
   1.646
   1.740
   1.821
   1.890
   1.954
   2.014
   2.071
   2.132
   2.198
   2.271
   2.349
   2.423
   2.483
   2.520
   2.523
   2.508
   2.483
   2.452
   2.413
   2.372
   2.333
   2.304
   2.284
   2.273
   2.265
   2.268
   2.270
   2.261
   2.244
   2.226
   2.206
   2.175
   2.128
   2.046
   1.923
   1.790
   1.493
   0.000
 -65.534
 -65.534
 -65.534
 -65.534
 -65.534
 -65.534
 -65.534
 -65.534
 -65.534
 -65.534
 -65.534
 -65.534
 -65.534
 -65.534
 -65.534
 -65.534
 -65.534
   0.451
   0.618
   0.680
   0.722
   0.766
   0.809
   0.857
   0.910
   0.967
   1.036
   1.110
   1.197
   1.297
   1.403
   1.508
   1.607
   1.690
   1.760
   1.819
   1.874
   1.930
   1.986
   2.049
   2.126
   2.211
   2.295
   2.362
   2.395
   2.395
   2.371
   2.341
   2.308
   2.268
   2.224
   2.183
   2.147
   2.128
   2.117
   2.116
   2.121
   2.123
   2.116
   2.105
   2.091
   2.075
   2.056
   2.022
   1.953
   1.853
   1.726
   1.440
   0.000
 -65.534
 -65.534
 -65.534
 -65.534
 -65.534
 -65.534
 -65.534
 -65.534
 -65.534
 -65.534
 -65.534
 -65.534
 -65.534
 -65.534
 -65.534
 -65.534
 -65.534
   0.493
   0.597
   0.644
   0.690
   0.727
   0.764
   0.799
   0.840
   0.882
   0.932
   0.990
   1.061
   1.150
   1.253
   1.357
   1.458
   1.542
   1.608
   1.663
   1.714
   1.763
   1.816
   1.879
   1.955
   2.043
   2.134
   2.207
   2.242
   2.235
   2.205
   2.170
   2.134
   2.094
   2.051
   2.003
   1.963
   1.937
   1.924
   1.922
   1.928
   1.928
   1.920
   1.911
   1.906
   1.905
   1.896
   1.872
   1.826
   1.747
   1.631
   1.373
   0.000
 -65.534
 -65.534
 -65.534
 -65.534
 -65.534
 -65.534
 -65.534
 -65.534
 -65.534
 -65.534
 -65.534
 -65.534
 -65.534
 -65.534
 -65.534
 -65.534
 -65.534
   0.473
   0.559
   0.608
   0.654
   0.690
   0.721
   0.746
   0.771
   0.800
   0.832
   0.873
   0.926
   1.002
   1.095
   1.190
   1.287
   1.370
   1.438
   1.491
   1.538
   1.585
   1.636
   1.697
   1.770
   1.857
   1.944
   2.010
   2.045
   2.041
   2.016
   1.984
   1.948
   1.907
   1.867
   1.819
   1.778
   1.749
   1.730
   1.719
   1.716
   1.712
   1.706
   1.702
   1.701
   1.704
   1.703
   1.692
   1.662
   1.603
   1.507
   1.283
   0.000
 -65.534
 -65.534
 -65.534
 -65.534
 -65.534
 -65.534
 -65.534
 -65.534
 -65.534
 -65.534
 -65.534
 -65.534
 -65.534
 -65.534
 -65.534
 -65.534
 -65.534
   0.427
   0.517
   0.566
   0.612
   0.649
   0.675
   0.693
   0.707
   0.725
   0.745
   0.771
   0.810
   0.866
   0.940
   1.019
   1.109
   1.190
   1.259
   1.317
   1.367
   1.414
   1.465
   1.526
   1.594
   1.669
   1.743
   1.804
   1.835
   1.836
   1.815
   1.789
   1.755
   1.718
   1.678
   1.635
   1.595
   1.563
   1.537
   1.517
   1.502
   1.494
   1.489
   1.489
   1.493
   1.498
   1.500
   1.494
   1.475
   1.438
   1.378
   1.191
   0.000
 -65.534
 -65.534
 -65.534
 -65.534
 -65.534
 -65.534
 -65.534
 -65.534
 -65.534
 -65.534
 -65.534
 -65.534
 -65.534
 -65.534
 -65.534
 -65.534
 -65.534
 -65.534
   0.437
   0.515
   0.558
   0.596
   0.620
   0.634
   0.642
   0.651
   0.665
   0.684
   0.709
   0.750
   0.801
   0.858
   0.932
   1.007
   1.079
   1.143
   1.197
   1.248
   1.301
   1.357
   1.420
   1.486
   1.549
   1.603
   1.634
   1.638
   1.624
   1.597
   1.568
   1.533
   1.499
   1.460
   1.422
   1.387
   1.355
   1.326
   1.307
   1.292
   1.282
   1.283
   1.288
   1.297
   1.300
   1.295
   1.280
   1.254
   1.207
   1.061
   0.000
 -65.534
 -65.534
 -65.534
 -65.534
 -65.534
 -65.534
 -65.534
 -65.534
 -65.534
 -65.534
 -65.534
 -65.534
 -65.534
 -65.534
 -65.534
 -65.534
 -65.534
 -65.534
 -65.534
   0.429
   0.495
   0.523
   0.543
   0.554
   0.560
   0.566
   0.576
   0.593
   0.615
   0.644
   0.674
   0.714
   0.768
   0.829
   0.892
   0.949
   0.983
   1.037
   1.090
   1.159
   1.241
   1.296
   1.354
   1.407
   1.438
   1.444
   1.433
   1.411
   1.385
   1.358
   1.329
   1.294
   1.260
   1.227
   1.195
   1.167
   1.140
   1.119
   1.105
   1.103
   1.104
   1.105
   1.106
   1.101
   1.087
   1.065
   1.024
   0.897
   0.000
 -65.534
 -65.534
 -65.534
 -65.534
 -65.534
 -65.534
 -65.534
 -65.534
 -65.534
 -65.534
 -65.534
 -65.534
 -65.534
 -65.534
 -65.534
 -65.534
 -65.534
 -65.534
 -65.534
 -65.534
   0.397
   0.433
   0.453
   0.463
   0.477
   0.479
   0.490
   0.503
   0.525
   0.548
   0.563
   0.585
   0.608
   0.630
   0.636
   0.578
 -65.534
 -65.534
 -65.534
 -65.534
   0.970
   1.077
   1.167
   1.218
   1.257
   1.266
   1.255
   1.236
   1.215
   1.191
   1.166
   1.137
   1.109
   1.080
   1.050
   1.024
   0.997
   0.976
   0.960
   0.949
   0.945
   0.942
   0.936
   0.924
   0.910
   0.892
   0.859
   0.751
   0.000
 -65.534
 -65.534
 -65.534
 -65.534
 -65.534
 -65.534
 -65.534
 -65.534
 -65.534
 -65.534
 -65.534
 -65.534
 -65.534
 -65.534
 -65.534
 -65.534
 -65.534
 -65.534
 -65.534
 -65.534
 -65.534
 -65.534
 -65.534
 -65.534
   0.391
   0.404
   0.413
   0.427
   0.448
   0.466
   0.476
   0.490
   0.499
   0.495
   0.470
   0.393
 -65.534
 -65.534
 -65.534
 -65.534
 -65.534
 -65.534
   0.922
   1.043
   1.090
   1.101
   1.084
   1.061
   1.042
   1.019
   1.000
   0.980
   0.956
   0.934
   0.913
   0.890
   0.867
   0.847
   0.833
   0.821
   0.812
   0.804
   0.793
   0.778
   0.762
   0.744
   0.715
   0.623
   0.000
 -65.534
 -65.534
 -65.534
 -65.534
 -65.534
 -65.534
 -65.534
 -65.534
 -65.534
 -65.534
 -65.534
 -65.534
 -65.534
 -65.534
 -65.534
 -65.534
 -65.534
 -65.534
 -65.534
 -65.534
 -65.534
 -65.534
 -65.534
 -65.534
   0.316
   0.336
   0.346
   0.363
   0.385
   0.405
   0.414
   0.425
   0.430
   0.423
   0.397
   0.348
 -65.534
 -65.534
 -65.534
 -65.534
 -65.534
 -65.534
 -65.534
   0.828
   0.904
   0.908
   0.909
   0.883
   0.868
   0.851
   0.838
   0.825
   0.810
   0.793
   0.777
   0.761
   0.742
   0.726
   0.711
   0.701
   0.688
   0.676
   0.662
   0.645
   0.626
   0.603
   0.575
   0.499
   0.000
 -65.534
 -65.534
 -65.534
 -65.534
 -65.534
 -65.534
 -65.534
 -65.534
 -65.534
 -65.534
 -65.534
 -65.534
 -65.534
 -65.534
 -65.534
 -65.534
 -65.534
 -65.534
 -65.534
 -65.534
 -65.534
 -65.534
 -65.534
 -65.534
 -65.534
 -65.534
 -65.534
 -65.534
 -65.534
   0.341
   0.368
   0.380
   0.394
   0.387
   0.367
   0.332
   0.158
 -65.534
 -65.534
 -65.534
 -65.534
 -65.534
 -65.534
   0.571
   0.614
 -65.534
   0.648
   0.663
   0.675
   0.704
   0.703
   0.697
   0.684
   0.671
   0.657
   0.643
   0.628
   0.610
   0.592
   0.576
   0.560
   0.541
   0.518
   0.492
   0.469
   0.446
   0.420
   0.363
   0.000
 -65.534
 -65.534
 -65.534
 -65.534
 -65.534
 -65.534
 -65.534
 -65.534
 -65.534
 -65.534
 -65.534
 -65.534
 -65.534
 -65.534
 -65.534
 -65.534
 -65.534
 -65.534
 -65.534
 -65.534
 -65.534
 -65.534
 -65.534
 -65.534
 -65.534
 -65.534
 -65.534
 -65.534
 -65.534
 -65.534
 -65.534
 -65.534
   0.350
   0.361
   0.351
   0.318
   0.209
   0.118
 -65.534
 -65.534
 -65.534
 -65.534
 -65.534
 -65.534
 -65.534
 -65.534
 -65.534
 -65.534
 -65.534
   0.474
   0.546
   0.568
   0.589
   0.575
   0.558
   0.535
   0.512
   0.490
   0.468
   0.447
   0.422
   0.392
   0.358
   0.329
   0.304
   0.284
   0.266
   0.242
   0.000
 -65.534
 -65.534
 -65.534
 -65.534
 -65.534
 -65.534
 -65.534
 -65.534
 -65.534
 -65.534
 -65.534
 -65.534
 -65.534
 -65.534
 -65.534
 -65.534
 -65.534
 -65.534
 -65.534
 -65.534
 -65.534
 -65.534
 -65.534
 -65.534
 -65.534
 -65.534
 -65.534
 -65.534
 -65.534
 -65.534
 -65.534
 -65.534
   0.323
   0.335
   0.330
   0.303
   0.232
   0.159
   0.105
   0.078
 -65.534
 -65.534
 -65.534
 -65.534
 -65.534
 -65.534
 -65.534
 -65.534
 -65.534
 -65.534
 -65.534
 -65.534
   0.376
   0.411
   0.405
   0.407
   0.384
   0.360
   0.336
   0.310
   0.282
   0.249
   0.217
   0.190
   0.170
   0.129
   0.121
   0.118
   0.000
 -65.534
 -65.534
 -65.534
 -65.534
 -65.534
 -65.534
 -65.534
 -65.534
 -65.534
 -65.534
 -65.534
 -65.534
 -65.534
 -65.534
 -65.534
 -65.534
 -65.534
 -65.534
 -65.534
 -65.534
 -65.534
 -65.534
 -65.534
 -65.534
 -65.534
 -65.534
 -65.534
 -65.534
 -65.534
 -65.534
 -65.534
 -65.534
 -65.534
 -65.534
 -65.534
 -65.534
   0.189
   0.161
   0.129
   0.105
   0.079
   0.064
   0.055
   0.053
   0.052
 -65.534
 -65.534
 -65.534
 -65.534
 -65.534
 -65.534
 -65.534
 -65.534
 -65.534
 -65.534
   0.217
   0.252
   0.243
   0.222
   0.194
   0.164
   0.127
   0.082
   0.048
   0.028
   0.015
   0.013
   0.031
   0.000
 -65.534
 -65.534
 -65.534
 -65.534
 -65.534
 -65.534
 -65.534
 -65.534
 -65.534
 -65.534
 -65.534
 -65.534
 -65.534
 -65.534
 -65.534
 -65.534
 -65.534
 -65.534
 -65.534
 -65.534
 -65.534
 -65.534
 -65.534
 -65.534
 -65.534
 -65.534
 -65.534
 -65.534
 -65.534
 -65.534
 -65.534
 -65.534
 -65.534
 -65.534
 -65.534
 -65.534
 -65.534
 -65.534
 -65.534
 -65.534
   0.060
 -65.534
 -65.534
 -65.534
 -65.534
 -65.534
 -65.534
 -65.534
 -65.534
 -65.534
 -65.534
 -65.534
 -65.534
 -65.534
 -65.534
   0.048
   0.098
   0.096
   0.081
   0.071
   0.044
   0.010
  -0.019
  -0.042
  -0.055
  -0.060
  -0.057
  -0.028
   0.000
 -65.534
 -65.534
 -65.534
 -65.534
 -65.534
 -65.534
 -65.534
 -65.534
 -65.534
 -65.534
 -65.534
 -65.534
 -65.534
 -65.534
 -65.534
 -65.534
 -65.534
 -65.534
 -65.534
 -65.534
 -65.534
 -65.534
 -65.534
 -65.534
 -65.534
 -65.534
 -65.534
 -65.534
 -65.534
 -65.534
 -65.534
 -65.534
 -65.534
 -65.534
 -65.534
 -65.534
 -65.534
 -65.534
 -65.534
 -65.534
 -65.534
 -65.534
 -65.534
 -65.534
 -65.534
 -65.534
 -65.534
 -65.534
 -65.534
 -65.534
 -65.534
 -65.534
 -65.534
 -65.534
 -65.534
 -65.534
 -65.534
 -65.534
 -65.534
  -0.039
  -0.040
  -0.060
  -0.083
  -0.097
  -0.105
  -0.106
  -0.095
  -0.064
   0.000
 -65.534
 -65.534
 -65.534
 -65.534
 -65.534
 -65.534
 -65.534
 -65.534
 -65.534
 -65.534
 -65.534
 -65.534
 -65.534
 -65.534
 -65.534
 -65.534
 -65.534
 -65.534
 -65.534
 -65.534
 -65.534
 -65.534
 -65.534
 -65.534
 -65.534
 -65.534
 -65.534
 -65.534
 -65.534
 -65.534
 -65.534
 -65.534
 -65.534
 -65.534
 -65.534
 -65.534
 -65.534
 -65.534
 -65.534
 -65.534
 -65.534
 -65.534
 -65.534
 -65.534
 -65.534
 -65.534
 -65.534
 -65.534
 -65.534
 -65.534
 -65.534
 -65.534
 -65.534
 -65.534
 -65.534
 -65.534
 -65.534
 -65.534
 -65.534
 -65.534
 -65.534
   0.000
   0.000
   0.000
   0.000
   0.000
   0.000
   0.000
 -65.534
