 -65.534
   0.000
   0.000
   0.000
   0.000
   0.000
   0.000
   0.000
   0.000
   0.000
   0.000
   0.000
   0.000
   0.000
   0.000
   0.000
   0.000
   0.000
   0.000
   0.000
   0.000
   0.000
   0.000
   0.000
   0.000
   0.000
   0.000
   0.000
   0.000
   0.000
   0.000
   0.000
   0.000
   0.000
   0.000
   0.000
   0.000
   0.000
   0.000
   0.000
   0.000
   0.000
   0.000
   0.000
   0.000
   0.000
   0.000
   0.000
   0.000
   0.000
   0.000
   0.000
   0.000
   0.000
   0.000
   0.000
   0.000
   0.000
   0.000
   0.000
   0.000
   0.000
   0.000
   0.000
   0.000
   0.000
   0.000
   0.000
 -65.534
   0.000
   1.018
   1.124
   1.184
   1.247
   1.301
   1.336
   1.368
   1.403
   1.435
   1.463
   1.486
   1.502
   1.512
   1.515
   1.514
   1.513
   1.518
   1.529
   1.530
   1.527
   1.523
   1.527
   1.522
   1.567
   1.633
   1.687
   1.729
   1.769
   1.800
   1.810
   1.818
   1.816
   1.804
   1.792
   1.748
   1.708
   1.646
   1.584
   1.524
   1.467
   1.416
   1.388
   1.352
   1.321
   1.302
   1.295
   1.291
   1.302
   1.322
   1.348
   1.384
   1.427
   1.471
   1.517
   1.553
   1.579
   1.602
   1.623
   1.649
   1.677
   1.701
   1.734
   1.768
   1.800
   1.829
   1.859
   1.829
   0.000
   0.000
   1.125
   1.220
   1.273
   1.342
   1.405
   1.467
   1.517
   1.564
   1.607
   1.648
   1.681
   1.708
   1.725
   1.726
   1.723
   1.721
   1.725
   1.735
   1.743
   1.746
   1.751
   1.764
   1.777
   1.823
   1.882
   1.938
   1.991
   2.030
   2.061
   2.084
   2.096
   2.102
   2.095
   2.083
   2.052
   2.009
   1.956
   1.896
   1.829
   1.768
   1.710
   1.656
   1.601
   1.548
   1.510
   1.491
   1.487
   1.497
   1.518
   1.549
   1.593
   1.653
   1.713
   1.769
   1.814
   1.849
   1.877
   1.904
   1.932
   1.963
   1.999
   2.037
   2.080
   2.123
   2.159
   2.195
   2.171
   0.000
   0.000
   1.138
   1.218
   1.261
   1.325
   1.394
   1.466
   1.534
   1.593
   1.647
   1.698
   1.737
   1.772
   1.794
   1.801
   1.798
   1.794
   1.798
   1.808
   1.818
   1.823
   1.834
   1.858
   1.892
   1.935
   1.990
   2.045
   2.094
   2.135
   2.171
   2.202
   2.225
   2.242
   2.252
   2.246
   2.219
   2.181
   2.129
   2.071
   2.005
   1.943
   1.875
   1.808
   1.738
   1.669
   1.618
   1.591
   1.579
   1.580
   1.593
   1.616
   1.657
   1.712
   1.776
   1.839
   1.895
   1.944
   1.984
   2.019
   2.055
   2.091
   2.130
   2.173
   2.220
   2.267
   2.308
   2.346
   2.323
   0.000
   0.000
   1.150
   1.216
   1.244
   1.298
   1.364
   1.432
   1.503
   1.567
   1.628
   1.687
   1.736
   1.781
   1.809
   1.822
   1.826
   1.823
   1.828
   1.837
   1.847
   1.858
   1.872
   1.904
   1.952
   2.000
   2.056
   2.109
   2.151
   2.185
   2.221
   2.257
   2.288
   2.316
   2.337
   2.339
   2.321
   2.290
   2.248
   2.191
   2.135
   2.073
   2.003
   1.928
   1.850
   1.776
   1.715
   1.680
   1.662
   1.657
   1.658
   1.671
   1.702
   1.750
   1.810
   1.873
   1.937
   1.992
   2.038
   2.081
   2.123
   2.168
   2.214
   2.264
   2.315
   2.367
   2.411
   2.456
   2.436
   0.000
   0.000
   1.162
   1.220
   1.236
   1.278
   1.333
   1.392
   1.454
   1.517
   1.580
   1.638
   1.694
   1.744
   1.781
   1.804
   1.815
   1.820
   1.827
   1.834
   1.845
   1.858
   1.876
   1.916
   1.969
   2.032
   2.091
   2.137
   2.172
   2.197
   2.229
   2.263
   2.297
   2.331
   2.363
   2.376
   2.367
   2.344
   2.312
   2.268
   2.218
   2.164
   2.100
   2.026
   1.950
   1.871
   1.807
   1.761
   1.741
   1.731
   1.724
   1.728
   1.749
   1.786
   1.836
   1.895
   1.955
   2.011
   2.062
   2.107
   2.155
   2.207
   2.264
   2.322
   2.382
   2.439
   2.487
   2.536
   2.521
   0.000
   0.000
   1.171
   1.224
   1.236
   1.268
   1.309
   1.359
   1.413
   1.471
   1.527
   1.583
   1.638
   1.690
   1.734
   1.762
   1.781
   1.794
   1.802
   1.808
   1.818
   1.835
   1.864
   1.913
   1.973
   2.038
   2.088
   2.129
   2.159
   2.176
   2.201
   2.239
   2.275
   2.315
   2.348
   2.369
   2.370
   2.359
   2.336
   2.307
   2.271
   2.230
   2.177
   2.111
   2.036
   1.958
   1.890
   1.842
   1.814
   1.801
   1.790
   1.784
   1.794
   1.819
   1.857
   1.908
   1.962
   2.016
   2.063
   2.109
   2.162
   2.222
   2.284
   2.349
   2.412
   2.475
   2.533
   2.588
   2.581
   0.000
   0.000
   1.174
   1.232
   1.245
   1.267
   1.296
   1.335
   1.382
   1.432
   1.484
   1.537
   1.589
   1.639
   1.681
   1.715
   1.737
   1.754
   1.763
   1.772
   1.782
   1.800
   1.833
   1.880
   1.942
   2.000
   2.046
   2.087
   2.111
   2.123
   2.146
   2.180
   2.218
   2.260
   2.297
   2.326
   2.331
   2.329
   2.320
   2.307
   2.290
   2.266
   2.228
   2.174
   2.109
   2.034
   1.960
   1.906
   1.871
   1.849
   1.837
   1.827
   1.829
   1.841
   1.869
   1.910
   1.956
   2.003
   2.047
   2.094
   2.148
   2.206
   2.274
   2.343
   2.415
   2.487
   2.553
   2.613
   2.615
   0.000
   0.000
   1.163
   1.237
   1.256
   1.278
   1.295
   1.320
   1.355
   1.397
   1.444
   1.494
   1.543
   1.589
   1.630
   1.662
   1.687
   1.703
   1.714
   1.723
   1.735
   1.756
   1.787
   1.834
   1.889
   1.938
   1.977
   2.010
   2.031
   2.038
   2.055
   2.089
   2.129
   2.170
   2.212
   2.244
   2.261
   2.266
   2.270
   2.273
   2.276
   2.272
   2.253
   2.215
   2.161
   2.096
   2.023
   1.959
   1.914
   1.886
   1.864
   1.850
   1.843
   1.850
   1.867
   1.897
   1.934
   1.975
   2.016
   2.056
   2.112
   2.172
   2.242
   2.314
   2.393
   2.473
   2.548
   2.616
   2.628
   0.000
   0.000
   1.136
   1.225
   1.257
   1.285
   1.296
   1.309
   1.331
   1.367
   1.409
   1.454
   1.497
   1.540
   1.578
   1.609
   1.632
   1.649
   1.662
   1.673
   1.685
   1.706
   1.736
   1.777
   1.823
   1.859
   1.889
   1.914
   1.928
   1.935
   1.952
   1.981
   2.015
   2.056
   2.107
   2.146
   2.167
   2.184
   2.196
   2.212
   2.235
   2.254
   2.253
   2.233
   2.195
   2.139
   2.075
   2.008
   1.955
   1.915
   1.884
   1.856
   1.846
   1.847
   1.856
   1.874
   1.900
   1.930
   1.965
   2.004
   2.054
   2.118
   2.189
   2.267
   2.352
   2.439
   2.526
   2.605
   2.629
   0.000
   0.000
   1.102
   1.203
   1.249
   1.284
   1.296
   1.303
   1.317
   1.344
   1.377
   1.416
   1.456
   1.496
   1.530
   1.559
   1.582
   1.596
   1.608
   1.620
   1.631
   1.650
   1.678
   1.713
   1.748
   1.774
   1.793
   1.807
   1.814
   1.829
   1.849
   1.876
   1.908
   1.948
   2.000
   2.041
   2.069
   2.089
   2.107
   2.135
   2.171
   2.206
   2.226
   2.221
   2.199
   2.157
   2.101
   2.041
   1.980
   1.933
   1.889
   1.850
   1.836
   1.829
   1.828
   1.832
   1.849
   1.867
   1.890
   1.926
   1.978
   2.043
   2.120
   2.205
   2.298
   2.396
   2.493
   2.582
   2.615
   0.000
   0.000
   1.075
   1.179
   1.236
   1.276
   1.293
   1.299
   1.306
   1.322
   1.347
   1.379
   1.417
   1.453
   1.483
   1.512
   1.535
   1.549
   1.560
   1.567
   1.576
   1.593
   1.615
   1.645
   1.673
   1.693
   1.707
   1.720
   1.730
   1.745
   1.770
   1.803
   1.833
   1.873
   1.919
   1.958
   1.984
   2.002
   2.025
   2.051
   2.093
   2.138
   2.169
   2.179
   2.167
   2.136
   2.092
   2.040
   1.983
   1.930
   1.877
   1.832
   1.810
   1.793
   1.783
   1.778
   1.776
   1.779
   1.799
   1.833
   1.888
   1.961
   2.048
   2.143
   2.248
   2.356
   2.462
   2.557
   2.595
   0.000
   0.000
   1.027
   1.162
   1.221
   1.261
   1.277
   1.286
   1.292
   1.299
   1.315
   1.339
   1.369
   1.400
   1.431
   1.458
   1.483
   1.498
   1.510
   1.515
   1.524
   1.536
   1.556
   1.583
   1.611
   1.629
   1.648
   1.665
   1.682
   1.700
   1.729
   1.771
   1.808
   1.848
   1.889
   1.919
   1.936
   1.946
   1.958
   1.977
   2.012
   2.055
   2.091
   2.109
   2.107
   2.084
   2.049
   2.007
   1.954
   1.901
   1.846
   1.802
   1.775
   1.751
   1.728
   1.708
   1.690
   1.685
   1.705
   1.744
   1.806
   1.890
   1.987
   2.094
   2.211
   2.329
   2.442
   2.539
   2.575
   0.000
 -65.534
 -65.534
   1.069
   1.188
   1.225
   1.252
   1.267
   1.275
   1.279
   1.286
   1.301
   1.321
   1.342
   1.366
   1.390
   1.415
   1.436
   1.450
   1.457
   1.466
   1.480
   1.499
   1.528
   1.556
   1.583
   1.612
   1.641
   1.670
   1.696
   1.734
   1.780
   1.818
   1.858
   1.896
   1.917
   1.923
   1.923
   1.925
   1.930
   1.948
   1.978
   2.008
   2.025
   2.023
   2.009
   1.978
   1.941
   1.894
   1.843
   1.796
   1.751
   1.718
   1.688
   1.654
   1.626
   1.607
   1.600
   1.624
   1.674
   1.751
   1.844
   1.952
   2.074
   2.201
   2.325
   2.435
   2.530
   2.561
   0.000
 -65.534
 -65.534
 -65.534
   1.062
   1.166
   1.216
   1.250
   1.265
   1.263
   1.259
   1.264
   1.271
   1.278
   1.290
   1.306
   1.330
   1.351
   1.370
   1.387
   1.402
   1.417
   1.442
   1.473
   1.510
   1.549
   1.590
   1.636
   1.677
   1.713
   1.755
   1.803
   1.846
   1.887
   1.907
   1.909
   1.926
   1.925
   1.916
   1.909
   1.915
   1.926
   1.941
   1.945
   1.935
   1.915
   1.885
   1.846
   1.806
   1.762
   1.720
   1.686
   1.650
   1.618
   1.581
   1.550
   1.536
   1.545
   1.578
   1.639
   1.726
   1.829
   1.947
   2.071
   2.204
   2.326
   2.432
   2.526
   2.553
   0.000
 -65.534
 -65.534
 -65.534
 -65.534
   1.067
   1.179
   1.227
   1.245
   1.242
   1.234
   1.227
   1.218
   1.212
   1.211
   1.221
   1.237
   1.257
   1.278
   1.299
   1.319
   1.341
   1.373
   1.412
   1.457
   1.509
   1.568
   1.625
   1.679
   1.725
   1.772
   1.818
   1.856
   1.887
   1.903
   1.905
   1.912
   1.901
   1.913
   1.903
   1.895
   1.893
   1.890
   1.876
   1.848
   1.814
   1.778
   1.737
   1.695
   1.658
   1.626
   1.603
   1.574
   1.545
   1.521
   1.501
   1.499
   1.522
   1.571
   1.646
   1.743
   1.849
   1.967
   2.091
   2.215
   2.328
   2.431
   2.520
   2.544
   0.000
 -65.534
 -65.534
 -65.534
 -65.534
   1.009
   1.139
   1.192
   1.208
   1.202
   1.195
   1.183
   1.167
   1.152
   1.141
   1.142
   1.150
   1.164
   1.182
   1.201
   1.224
   1.251
   1.289
   1.334
   1.385
   1.446
   1.513
   1.580
   1.639
   1.691
   1.741
   1.786
   1.818
   1.842
   1.856
   1.859
   1.861
   1.862
   1.869
   1.854
   1.851
   1.842
   1.825
   1.794
   1.751
   1.703
   1.656
   1.609
   1.567
   1.534
   1.515
   1.503
   1.491
   1.484
   1.475
   1.480
   1.498
   1.540
   1.601
   1.686
   1.787
   1.895
   2.006
   2.117
   2.225
   2.324
   2.416
   2.499
   2.525
   0.000
 -65.534
 -65.534
 -65.534
 -65.534
   0.959
   1.092
   1.139
   1.152
   1.149
   1.146
   1.134
   1.116
   1.095
   1.083
   1.074
   1.073
   1.076
   1.087
   1.102
   1.124
   1.148
   1.185
   1.229
   1.282
   1.340
   1.405
   1.473
   1.536
   1.593
   1.644
   1.687
   1.717
   1.736
   1.749
   1.757
   1.763
   1.773
   1.777
   1.764
   1.750
   1.730
   1.699
   1.670
   1.623
   1.567
   1.514
   1.465
   1.426
   1.405
   1.396
   1.401
   1.414
   1.431
   1.450
   1.476
   1.515
   1.570
   1.645
   1.738
   1.840
   1.945
   2.046
   2.140
   2.228
   2.310
   2.391
   2.468
   2.489
   0.000
 -65.534
 -65.534
 -65.534
 -65.534
   0.837
   0.961
   1.015
   1.040
   1.069
   1.073
   1.067
   1.051
   1.034
   1.024
   1.013
   1.005
   1.002
   1.007
   1.016
   1.029
   1.048
   1.077
   1.114
   1.161
   1.213
   1.271
   1.332
   1.391
   1.447
   1.499
   1.539
   1.566
   1.587
   1.598
   1.607
   1.616
   1.629
   1.633
   1.622
   1.598
   1.568
   1.533
   1.496
   1.450
   1.403
   1.360
   1.321
   1.287
   1.274
   1.280
   1.304
   1.340
   1.381
   1.422
   1.465
   1.520
   1.590
   1.674
   1.773
   1.882
   1.986
   2.081
   2.159
   2.229
   2.300
   2.374
   2.448
   2.460
   0.000
 -65.534
 -65.534
 -65.534
 -65.534
 -65.534
 -65.534
 -65.534
 -65.534
   0.889
   0.958
   0.974
   0.972
   0.966
   0.961
   0.956
   0.947
   0.943
   0.944
   0.948
   0.956
   0.966
   0.984
   1.008
   1.042
   1.084
   1.131
   1.182
   1.231
   1.280
   1.324
   1.362
   1.387
   1.403
   1.414
   1.417
   1.424
   1.432
   1.437
   1.428
   1.406
   1.376
   1.344
   1.307
   1.271
   1.242
   1.211
   1.178
   1.161
   1.163
   1.183
   1.222
   1.272
   1.330
   1.387
   1.447
   1.514
   1.592
   1.681
   1.785
   1.896
   2.004
   2.098
   2.167
   2.229
   2.297
   2.372
   2.444
   2.449
   0.000
 -65.534
 -65.534
 -65.534
 -65.534
 -65.534
 -65.534
   0.376
   0.498
   0.744
   0.841
   0.878
   0.895
   0.904
   0.907
   0.906
   0.905
   0.906
   0.905
   0.906
   0.909
   0.913
   0.917
   0.929
   0.947
   0.970
   1.004
   1.041
   1.081
   1.118
   1.155
   1.181
   1.199
   1.209
   1.214
   1.210
   1.209
   1.213
   1.214
   1.209
   1.197
   1.177
   1.157
   1.137
   1.120
   1.107
   1.087
   1.070
   1.066
   1.073
   1.098
   1.146
   1.206
   1.275
   1.347
   1.418
   1.495
   1.576
   1.667
   1.770
   1.877
   1.981
   2.072
   2.146
   2.211
   2.286
   2.363
   2.439
   2.435
   0.000
 -65.534
 -65.534
 -65.534
 -65.534
 -65.534
 -65.534
 -65.534
 -65.534
 -65.534
   0.688
   0.755
   0.796
   0.824
   0.842
   0.860
   0.879
   0.886
   0.891
   0.891
   0.886
   0.883
   0.881
   0.881
   0.889
   0.900
   0.916
   0.936
   0.962
   0.988
   1.009
   1.024
   1.034
   1.038
   1.036
   1.027
   1.018
   1.013
   1.011
   1.010
   1.009
   1.013
   1.011
   1.010
   1.005
   1.004
   0.998
   0.991
   0.994
   1.010
   1.047
   1.100
   1.167
   1.240
   1.318
   1.395
   1.476
   1.558
   1.643
   1.735
   1.828
   1.920
   2.008
   2.091
   2.165
   2.244
   2.325
   2.401
   2.384
   0.000
 -65.534
 -65.534
 -65.534
 -65.534
 -65.534
 -65.534
 -65.534
 -65.534
 -65.534
 -65.534
 -65.534
 -65.534
 -65.534
 -65.534
 -65.534
   0.770
   0.839
   0.867
   0.876
   0.879
   0.879
   0.876
   0.874
   0.874
   0.876
   0.880
   0.888
   0.894
   0.906
   0.915
   0.921
   0.918
   0.911
   0.899
   0.884
   0.870
   0.861
   0.857
   0.868
   0.878
   0.892
   0.906
   0.915
   0.922
   0.928
   0.933
   0.937
   0.950
   0.976
   1.016
   1.069
   1.134
   1.207
   1.284
   1.367
   1.447
   1.523
   1.600
   1.675
   1.751
   1.830
   1.916
   2.003
   2.086
   2.165
   2.250
   2.326
   2.292
   0.000
 -65.534
 -65.534
 -65.534
 -65.534
 -65.534
 -65.534
 -65.534
 -65.534
 -65.534
 -65.534
 -65.534
 -65.534
 -65.534
 -65.534
 -65.534
 -65.534
 -65.534
 -65.534
 -65.534
   0.780
   0.858
   0.887
   0.898
   0.904
   0.901
   0.897
   0.896
   0.895
   0.893
   0.886
   0.877
   0.865
   0.848
   0.829
   0.813
   0.796
   0.785
   0.779
   0.782
   0.797
   0.816
   0.835
   0.850
   0.862
   0.872
   0.881
   0.892
   0.915
   0.949
   0.992
   1.045
   1.105
   1.174
   1.248
   1.325
   1.400
   1.468
   1.533
   1.594
   1.651
   1.718
   1.801
   1.889
   1.977
   2.060
   2.144
   2.218
   2.171
   0.000
 -65.534
 -65.534
 -65.534
 -65.534
 -65.534
 -65.534
 -65.534
 -65.534
 -65.534
 -65.534
 -65.534
 -65.534
 -65.534
 -65.534
 -65.534
 -65.534
 -65.534
 -65.534
   0.555
   0.823
   0.888
   0.924
   0.948
   0.965
   0.963
   0.955
   0.948
   0.941
   0.932
   0.919
   0.899
   0.878
   0.853
   0.831
   0.809
   0.792
   0.780
   0.771
   0.768
   0.775
   0.791
   0.810
   0.826
   0.838
   0.845
   0.852
   0.864
   0.885
   0.923
   0.969
   1.024
   1.082
   1.147
   1.213
   1.275
   1.336
   1.398
   1.451
   1.498
   1.543
   1.600
   1.676
   1.758
   1.847
   1.931
   2.015
   2.085
   2.028
   0.000
 -65.534
 -65.534
 -65.534
 -65.534
 -65.534
 -65.534
 -65.534
 -65.534
 -65.534
 -65.534
 -65.534
 -65.534
 -65.534
 -65.534
 -65.534
 -65.534
 -65.534
   0.570
   0.793
   0.907
   0.958
   0.994
   1.026
   1.046
   1.046
   1.035
   1.024
   1.014
   1.002
   0.988
   0.967
   0.941
   0.915
   0.889
   0.863
   0.843
   0.826
   0.812
   0.803
   0.803
   0.811
   0.828
   0.847
   0.866
   0.873
   0.874
   0.875
   0.889
   0.918
   0.958
   1.007
   1.061
   1.115
   1.170
   1.223
   1.278
   1.328
   1.373
   1.408
   1.444
   1.489
   1.552
   1.624
   1.708
   1.791
   1.873
   1.940
   1.884
   0.000
 -65.534
 -65.534
 -65.534
 -65.534
 -65.534
 -65.534
 -65.534
 -65.534
 -65.534
 -65.534
 -65.534
 -65.534
 -65.534
 -65.534
 -65.534
 -65.534
 -65.534
   0.775
   0.909
   0.985
   1.030
   1.067
   1.104
   1.129
   1.129
   1.115
   1.098
   1.085
   1.071
   1.059
   1.043
   1.016
   0.994
   0.966
   0.937
   0.912
   0.890
   0.870
   0.859
   0.856
   0.865
   0.882
   0.906
   0.927
   0.941
   0.938
   0.929
   0.931
   0.947
   0.975
   1.011
   1.048
   1.089
   1.132
   1.173
   1.215
   1.263
   1.305
   1.335
   1.365
   1.402
   1.453
   1.512
   1.580
   1.655
   1.734
   1.801
   1.751
   0.000
 -65.534
 -65.534
 -65.534
 -65.534
 -65.534
 -65.534
 -65.534
 -65.534
 -65.534
 -65.534
 -65.534
 -65.534
 -65.534
 -65.534
 -65.534
 -65.534
 -65.534
   0.857
   0.968
   1.026
   1.072
   1.119
   1.166
   1.196
   1.199
   1.181
   1.160
   1.141
   1.125
   1.113
   1.099
   1.077
   1.057
   1.034
   1.006
   0.980
   0.955
   0.936
   0.927
   0.928
   0.940
   0.963
   0.987
   1.010
   1.021
   1.017
   1.006
   1.000
   1.001
   1.017
   1.041
   1.069
   1.104
   1.137
   1.165
   1.195
   1.233
   1.269
   1.300
   1.327
   1.357
   1.391
   1.432
   1.488
   1.547
   1.614
   1.674
   1.636
   0.000
 -65.534
 -65.534
 -65.534
 -65.534
 -65.534
 -65.534
 -65.534
 -65.534
 -65.534
 -65.534
 -65.534
 -65.534
 -65.534
 -65.534
 -65.534
 -65.534
 -65.534
   0.894
   0.986
   1.047
   1.098
   1.155
   1.210
   1.248
   1.252
   1.239
   1.216
   1.194
   1.176
   1.162
   1.150
   1.129
   1.112
   1.095
   1.075
   1.055
   1.036
   1.020
   1.017
   1.024
   1.043
   1.067
   1.089
   1.105
   1.112
   1.107
   1.094
   1.080
   1.074
   1.079
   1.094
   1.117
   1.145
   1.171
   1.192
   1.210
   1.232
   1.261
   1.289
   1.314
   1.336
   1.360
   1.388
   1.427
   1.469
   1.518
   1.564
   1.516
   0.000
 -65.534
 -65.534
 -65.534
 -65.534
 -65.534
 -65.534
 -65.534
 -65.534
 -65.534
 -65.534
 -65.534
 -65.534
 -65.534
 -65.534
 -65.534
 -65.534
 -65.534
 -65.534
   0.965
   1.048
   1.117
   1.181
   1.241
   1.279
   1.287
   1.275
   1.259
   1.242
   1.225
   1.216
   1.209
   1.191
   1.179
   1.168
   1.158
   1.145
   1.127
   1.116
   1.116
   1.130
   1.154
   1.177
   1.194
   1.206
   1.211
   1.203
   1.190
   1.172
   1.161
   1.159
   1.169
   1.185
   1.206
   1.225
   1.236
   1.245
   1.259
   1.277
   1.297
   1.316
   1.332
   1.349
   1.363
   1.383
   1.409
   1.431
   1.449
   1.380
   0.000
 -65.534
 -65.534
 -65.534
 -65.534
 -65.534
 -65.534
 -65.534
 -65.534
 -65.534
 -65.534
 -65.534
 -65.534
 -65.534
 -65.534
 -65.534
 -65.534
 -65.534
 -65.534
 -65.534
   1.020
   1.119
   1.193
   1.245
   1.275
   1.285
   1.287
   1.282
   1.276
   1.277
   1.282
   1.284
   1.278
   1.270
   1.262
   1.266
   1.273
   1.281
   1.273
   1.274
   1.281
   1.266
   1.267
   1.271
   1.284
   1.293
   1.296
   1.286
   1.269
   1.255
   1.250
   1.261
   1.270
   1.285
   1.298
   1.303
   1.304
   1.308
   1.315
   1.323
   1.336
   1.344
   1.351
   1.353
   1.353
   1.354
   1.350
   1.334
   1.228
   0.000
 -65.534
 -65.534
 -65.534
 -65.534
 -65.534
 -65.534
 -65.534
 -65.534
 -65.534
 -65.534
 -65.534
 -65.534
 -65.534
 -65.534
 -65.534
 -65.534
 -65.534
 -65.534
 -65.534
 -65.534
   1.088
   1.178
   1.236
   1.267
   1.286
   1.294
   1.301
   1.312
   1.329
   1.356
   1.374
   1.380
   1.368
   1.357
   1.344
   1.285
 -65.534
 -65.534
 -65.534
 -65.534
   1.086
   1.196
   1.252
   1.300
   1.343
   1.371
   1.377
   1.372
   1.364
   1.361
   1.360
   1.363
   1.368
   1.372
   1.367
   1.364
   1.359
   1.359
   1.356
   1.358
   1.361
   1.361
   1.350
   1.331
   1.302
   1.269
   1.228
   1.090
   0.000
 -65.534
 -65.534
 -65.534
 -65.534
 -65.534
 -65.534
 -65.534
 -65.534
 -65.534
 -65.534
 -65.534
 -65.534
 -65.534
 -65.534
 -65.534
 -65.534
 -65.534
 -65.534
 -65.534
 -65.534
 -65.534
 -65.534
 -65.534
 -65.534
   1.187
   1.273
   1.314
   1.346
   1.381
   1.420
   1.451
   1.461
   1.452
   1.433
   1.400
   1.316
 -65.534
 -65.534
 -65.534
 -65.534
 -65.534
 -65.534
   1.165
   1.295
   1.384
   1.439
   1.462
   1.465
   1.467
   1.461
   1.458
   1.453
   1.449
   1.442
   1.434
   1.425
   1.415
   1.404
   1.393
   1.385
   1.381
   1.370
   1.346
   1.305
   1.253
   1.192
   1.118
   0.963
   0.000
 -65.534
 -65.534
 -65.534
 -65.534
 -65.534
 -65.534
 -65.534
 -65.534
 -65.534
 -65.534
 -65.534
 -65.534
 -65.534
 -65.534
 -65.534
 -65.534
 -65.534
 -65.534
 -65.534
 -65.534
 -65.534
 -65.534
 -65.534
 -65.534
   1.131
   1.244
   1.314
   1.373
   1.430
   1.470
   1.494
   1.503
   1.499
   1.483
   1.450
   1.370
 -65.534
 -65.534
 -65.534
 -65.534
 -65.534
 -65.534
 -65.534
   1.267
   1.423
   1.509
   1.539
   1.549
   1.555
   1.553
   1.552
   1.545
   1.535
   1.526
   1.516
   1.504
   1.494
   1.475
   1.455
   1.433
   1.409
   1.379
   1.334
   1.267
   1.190
   1.104
   1.012
   0.844
   0.000
 -65.534
 -65.534
 -65.534
 -65.534
 -65.534
 -65.534
 -65.534
 -65.534
 -65.534
 -65.534
 -65.534
 -65.534
 -65.534
 -65.534
 -65.534
 -65.534
 -65.534
 -65.534
 -65.534
 -65.534
 -65.534
 -65.534
 -65.534
 -65.534
 -65.534
 -65.534
 -65.534
 -65.534
 -65.534
   1.319
   1.437
   1.484
   1.512
   1.513
   1.484
   1.413
   0.905
 -65.534
 -65.534
 -65.534
 -65.534
 -65.534
 -65.534
   1.232
   1.367
 -65.534
   1.397
   1.539
   1.587
   1.624
   1.634
   1.630
   1.613
   1.605
   1.599
   1.594
   1.584
   1.561
   1.525
   1.487
   1.443
   1.385
   1.310
   1.218
   1.117
   1.010
   0.898
   0.730
   0.000
 -65.534
 -65.534
 -65.534
 -65.534
 -65.534
 -65.534
 -65.534
 -65.534
 -65.534
 -65.534
 -65.534
 -65.534
 -65.534
 -65.534
 -65.534
 -65.534
 -65.534
 -65.534
 -65.534
 -65.534
 -65.534
 -65.534
 -65.534
 -65.534
 -65.534
 -65.534
 -65.534
 -65.534
 -65.534
 -65.534
 -65.534
 -65.534
   1.339
   1.462
   1.478
   1.406
   1.134
   0.806
 -65.534
 -65.534
 -65.534
 -65.534
 -65.534
 -65.534
 -65.534
 -65.534
 -65.534
 -65.534
 -65.534
   1.398
   1.574
   1.628
   1.670
   1.669
   1.666
   1.649
   1.632
   1.603
   1.559
   1.506
   1.442
   1.365
   1.272
   1.169
   1.059
   0.943
   0.828
   0.667
   0.000
 -65.534
 -65.534
 -65.534
 -65.534
 -65.534
 -65.534
 -65.534
 -65.534
 -65.534
 -65.534
 -65.534
 -65.534
 -65.534
 -65.534
 -65.534
 -65.534
 -65.534
 -65.534
 -65.534
 -65.534
 -65.534
 -65.534
 -65.534
 -65.534
 -65.534
 -65.534
 -65.534
 -65.534
 -65.534
 -65.534
 -65.534
 -65.534
   1.217
   1.355
   1.400
   1.346
   1.187
   0.995
   0.775
   0.617
 -65.534
 -65.534
 -65.534
 -65.534
 -65.534
 -65.534
 -65.534
 -65.534
 -65.534
 -65.534
 -65.534
 -65.534
   1.370
   1.539
   1.587
   1.623
   1.612
   1.579
   1.534
   1.480
   1.412
   1.330
   1.233
   1.130
   1.024
   0.918
   0.809
   0.659
   0.000
 -65.534
 -65.534
 -65.534
 -65.534
 -65.534
 -65.534
 -65.534
 -65.534
 -65.534
 -65.534
 -65.534
 -65.534
 -65.534
 -65.534
 -65.534
 -65.534
 -65.534
 -65.534
 -65.534
 -65.534
 -65.534
 -65.534
 -65.534
 -65.534
 -65.534
 -65.534
 -65.534
 -65.534
 -65.534
 -65.534
 -65.534
 -65.534
 -65.534
 -65.534
 -65.534
 -65.534
   0.899
   0.916
   0.851
   0.772
   0.645
   0.561
   0.510
   0.483
   0.463
 -65.534
 -65.534
 -65.534
 -65.534
 -65.534
 -65.534
 -65.534
 -65.534
 -65.534
 -65.534
   1.321
   1.488
   1.508
   1.484
   1.435
   1.375
   1.297
   1.208
   1.117
   1.027
   0.932
   0.831
   0.694
   0.000
 -65.534
 -65.534
 -65.534
 -65.534
 -65.534
 -65.534
 -65.534
 -65.534
 -65.534
 -65.534
 -65.534
 -65.534
 -65.534
 -65.534
 -65.534
 -65.534
 -65.534
 -65.534
 -65.534
 -65.534
 -65.534
 -65.534
 -65.534
 -65.534
 -65.534
 -65.534
 -65.534
 -65.534
 -65.534
 -65.534
 -65.534
 -65.534
 -65.534
 -65.534
 -65.534
 -65.534
 -65.534
 -65.534
 -65.534
 -65.534
   0.508
 -65.534
 -65.534
 -65.534
 -65.534
 -65.534
 -65.534
 -65.534
 -65.534
 -65.534
 -65.534
 -65.534
 -65.534
 -65.534
 -65.534
   1.097
   1.309
   1.369
   1.371
   1.369
   1.323
   1.248
   1.170
   1.096
   1.028
   0.956
   0.873
   0.746
   0.000
 -65.534
 -65.534
 -65.534
 -65.534
 -65.534
 -65.534
 -65.534
 -65.534
 -65.534
 -65.534
 -65.534
 -65.534
 -65.534
 -65.534
 -65.534
 -65.534
 -65.534
 -65.534
 -65.534
 -65.534
 -65.534
 -65.534
 -65.534
 -65.534
 -65.534
 -65.534
 -65.534
 -65.534
 -65.534
 -65.534
 -65.534
 -65.534
 -65.534
 -65.534
 -65.534
 -65.534
 -65.534
 -65.534
 -65.534
 -65.534
 -65.534
 -65.534
 -65.534
 -65.534
 -65.534
 -65.534
 -65.534
 -65.534
 -65.534
 -65.534
 -65.534
 -65.534
 -65.534
 -65.534
 -65.534
 -65.534
 -65.534
 -65.534
 -65.534
   1.099
   1.199
   1.177
   1.122
   1.083
   1.051
   1.016
   0.967
   0.847
   0.000
 -65.534
 -65.534
 -65.534
 -65.534
 -65.534
 -65.534
 -65.534
 -65.534
 -65.534
 -65.534
 -65.534
 -65.534
 -65.534
 -65.534
 -65.534
 -65.534
 -65.534
 -65.534
 -65.534
 -65.534
 -65.534
 -65.534
 -65.534
 -65.534
 -65.534
 -65.534
 -65.534
 -65.534
 -65.534
 -65.534
 -65.534
 -65.534
 -65.534
 -65.534
 -65.534
 -65.534
 -65.534
 -65.534
 -65.534
 -65.534
 -65.534
 -65.534
 -65.534
 -65.534
 -65.534
 -65.534
 -65.534
 -65.534
 -65.534
 -65.534
 -65.534
 -65.534
 -65.534
 -65.534
 -65.534
 -65.534
 -65.534
 -65.534
 -65.534
 -65.534
 -65.534
   0.000
   0.000
   0.000
   0.000
   0.000
   0.000
   0.000
 -65.534
