 -65.534
   0.000
   0.000
   0.000
   0.000
   0.000
   0.000
   0.000
   0.000
   0.000
   0.000
   0.000
   0.000
   0.000
   0.000
   0.000
   0.000
   0.000
   0.000
   0.000
   0.000
   0.000
   0.000
   0.000
   0.000
   0.000
   0.000
   0.000
   0.000
   0.000
   0.000
   0.000
   0.000
   0.000
   0.000
   0.000
   0.000
   0.000
   0.000
   0.000
   0.000
   0.000
   0.000
   0.000
   0.000
   0.000
   0.000
   0.000
   0.000
   0.000
   0.000
   0.000
   0.000
   0.000
   0.000
   0.000
   0.000
   0.000
   0.000
   0.000
   0.000
   0.000
   0.000
   0.000
   0.000
   0.000
   0.000
   0.000
 -65.534
   0.000
   1.228
   1.436
   1.585
   1.732
   1.860
   1.966
   2.047
   2.113
   2.168
   2.220
   2.273
   2.332
   2.396
   2.466
   2.542
   2.613
   2.675
   2.714
   2.731
   2.717
   2.678
   2.629
   2.539
   2.531
   2.540
   2.516
   2.456
   2.376
   2.289
   2.203
   2.107
   1.999
   1.873
   1.769
   1.630
   1.497
   1.361
   1.233
   1.138
   1.063
   1.016
   1.009
   1.031
   1.049
   1.073
   1.106
   1.155
   1.203
   1.258
   1.320
   1.371
   1.443
   1.488
   1.547
   1.590
   1.622
   1.656
   1.681
   1.705
   1.724
   1.729
   1.731
   1.727
   1.710
   1.674
   1.627
   1.529
   0.000
   0.000
   1.267
   1.448
   1.572
   1.714
   1.853
   1.985
   2.101
   2.197
   2.279
   2.355
   2.427
   2.498
   2.569
   2.639
   2.711
   2.779
   2.842
   2.888
   2.905
   2.897
   2.865
   2.821
   2.748
   2.734
   2.735
   2.712
   2.659
   2.582
   2.496
   2.402
   2.303
   2.199
   2.077
   1.953
   1.816
   1.661
   1.507
   1.358
   1.232
   1.129
   1.054
   1.017
   1.009
   1.021
   1.048
   1.103
   1.183
   1.285
   1.389
   1.491
   1.593
   1.687
   1.762
   1.831
   1.885
   1.937
   1.983
   2.025
   2.068
   2.100
   2.116
   2.126
   2.127
   2.115
   2.077
   2.020
   1.873
   0.000
   0.000
   1.231
   1.387
   1.490
   1.619
   1.754
   1.887
   2.013
   2.125
   2.228
   2.323
   2.409
   2.489
   2.567
   2.636
   2.702
   2.770
   2.826
   2.867
   2.896
   2.903
   2.887
   2.857
   2.819
   2.788
   2.787
   2.769
   2.726
   2.660
   2.579
   2.489
   2.393
   2.290
   2.175
   2.054
   1.912
   1.765
   1.612
   1.455
   1.314
   1.195
   1.098
   1.029
   0.989
   0.974
   0.987
   1.038
   1.135
   1.272
   1.411
   1.566
   1.700
   1.808
   1.903
   1.979
   2.037
   2.088
   2.138
   2.183
   2.226
   2.263
   2.283
   2.296
   2.305
   2.295
   2.258
   2.201
   2.040
   0.000
   0.000
   1.201
   1.334
   1.418
   1.529
   1.653
   1.780
   1.905
   2.022
   2.135
   2.244
   2.343
   2.434
   2.514
   2.584
   2.650
   2.710
   2.765
   2.808
   2.844
   2.864
   2.861
   2.847
   2.832
   2.816
   2.820
   2.809
   2.784
   2.734
   2.666
   2.582
   2.484
   2.382
   2.274
   2.155
   2.026
   1.888
   1.739
   1.596
   1.456
   1.328
   1.209
   1.109
   1.022
   0.962
   0.943
   0.981
   1.078
   1.236
   1.411
   1.600
   1.761
   1.894
   2.003
   2.085
   2.150
   2.203
   2.250
   2.289
   2.325
   2.360
   2.383
   2.401
   2.414
   2.408
   2.381
   2.322
   2.143
   0.000
   0.000
   1.182
   1.296
   1.368
   1.466
   1.575
   1.691
   1.807
   1.923
   2.037
   2.148
   2.252
   2.345
   2.428
   2.501
   2.563
   2.623
   2.677
   2.722
   2.764
   2.794
   2.805
   2.803
   2.796
   2.811
   2.825
   2.818
   2.809
   2.781
   2.726
   2.643
   2.548
   2.451
   2.343
   2.232
   2.117
   1.999
   1.869
   1.741
   1.614
   1.492
   1.369
   1.242
   1.117
   0.998
   0.918
   0.919
   1.004
   1.179
   1.396
   1.616
   1.809
   1.968
   2.086
   2.176
   2.250
   2.306
   2.349
   2.384
   2.420
   2.451
   2.470
   2.485
   2.493
   2.487
   2.455
   2.398
   2.205
   0.000
   0.000
   1.166
   1.268
   1.332
   1.419
   1.514
   1.618
   1.728
   1.840
   1.949
   2.058
   2.158
   2.250
   2.334
   2.403
   2.467
   2.526
   2.580
   2.631
   2.676
   2.716
   2.742
   2.755
   2.767
   2.782
   2.790
   2.797
   2.803
   2.796
   2.759
   2.683
   2.593
   2.490
   2.392
   2.287
   2.190
   2.088
   1.986
   1.882
   1.775
   1.665
   1.544
   1.415
   1.269
   1.101
   0.934
   0.845
   0.896
   1.098
   1.355
   1.610
   1.833
   2.010
   2.151
   2.258
   2.335
   2.392
   2.433
   2.459
   2.486
   2.511
   2.524
   2.531
   2.534
   2.520
   2.489
   2.428
   2.234
   0.000
   0.000
   1.148
   1.244
   1.303
   1.381
   1.467
   1.563
   1.663
   1.768
   1.872
   1.977
   2.074
   2.163
   2.241
   2.311
   2.373
   2.437
   2.494
   2.551
   2.600
   2.642
   2.676
   2.694
   2.705
   2.723
   2.739
   2.761
   2.785
   2.793
   2.767
   2.698
   2.609
   2.506
   2.408
   2.313
   2.236
   2.159
   2.086
   2.006
   1.923
   1.830
   1.722
   1.596
   1.442
   1.250
   1.025
   0.837
   0.808
   0.982
   1.259
   1.544
   1.795
   1.998
   2.163
   2.289
   2.378
   2.444
   2.489
   2.511
   2.528
   2.533
   2.537
   2.535
   2.534
   2.515
   2.475
   2.416
   2.225
   0.000
   0.000
   1.121
   1.217
   1.275
   1.349
   1.429
   1.514
   1.606
   1.703
   1.805
   1.905
   1.998
   2.081
   2.159
   2.228
   2.293
   2.358
   2.420
   2.482
   2.534
   2.577
   2.611
   2.631
   2.642
   2.661
   2.686
   2.720
   2.755
   2.776
   2.757
   2.689
   2.597
   2.500
   2.403
   2.318
   2.254
   2.208
   2.160
   2.106
   2.045
   1.970
   1.874
   1.761
   1.616
   1.422
   1.185
   0.962
   0.854
   0.943
   1.170
   1.439
   1.697
   1.927
   2.123
   2.275
   2.386
   2.468
   2.515
   2.531
   2.536
   2.530
   2.521
   2.512
   2.502
   2.478
   2.438
   2.377
   2.184
   0.000
   0.000
   1.082
   1.177
   1.236
   1.309
   1.383
   1.463
   1.551
   1.644
   1.741
   1.839
   1.930
   2.013
   2.089
   2.157
   2.223
   2.288
   2.355
   2.419
   2.474
   2.518
   2.551
   2.570
   2.583
   2.602
   2.636
   2.675
   2.719
   2.742
   2.724
   2.659
   2.569
   2.474
   2.380
   2.307
   2.261
   2.232
   2.202
   2.176
   2.139
   2.078
   1.996
   1.894
   1.766
   1.591
   1.371
   1.148
   1.004
   1.006
   1.145
   1.356
   1.593
   1.822
   2.034
   2.212
   2.347
   2.445
   2.500
   2.515
   2.512
   2.503
   2.486
   2.470
   2.457
   2.427
   2.385
   2.321
   2.131
   0.000
   0.000
   1.036
   1.128
   1.186
   1.256
   1.328
   1.405
   1.490
   1.581
   1.679
   1.777
   1.867
   1.953
   2.030
   2.101
   2.166
   2.230
   2.296
   2.357
   2.413
   2.459
   2.493
   2.513
   2.527
   2.549
   2.582
   2.629
   2.671
   2.689
   2.667
   2.608
   2.530
   2.445
   2.360
   2.296
   2.258
   2.243
   2.231
   2.216
   2.194
   2.153
   2.088
   2.001
   1.885
   1.737
   1.549
   1.338
   1.172
   1.111
   1.173
   1.312
   1.512
   1.718
   1.921
   2.099
   2.251
   2.365
   2.431
   2.456
   2.460
   2.453
   2.439
   2.423
   2.403
   2.372
   2.325
   2.258
   2.069
   0.000
   0.000
   0.996
   1.082
   1.133
   1.198
   1.264
   1.339
   1.422
   1.513
   1.610
   1.708
   1.803
   1.893
   1.975
   2.047
   2.113
   2.178
   2.239
   2.298
   2.351
   2.397
   2.433
   2.454
   2.470
   2.494
   2.526
   2.563
   2.604
   2.618
   2.600
   2.551
   2.487
   2.416
   2.342
   2.289
   2.263
   2.257
   2.253
   2.249
   2.241
   2.213
   2.162
   2.092
   1.992
   1.862
   1.701
   1.516
   1.346
   1.238
   1.234
   1.317
   1.450
   1.620
   1.799
   1.968
   2.113
   2.236
   2.325
   2.365
   2.384
   2.392
   2.385
   2.372
   2.354
   2.319
   2.272
   2.197
   2.005
   0.000
   0.000
   0.949
   1.037
   1.080
   1.134
   1.197
   1.269
   1.349
   1.438
   1.531
   1.629
   1.726
   1.818
   1.907
   1.982
   2.053
   2.119
   2.178
   2.231
   2.283
   2.329
   2.366
   2.390
   2.406
   2.430
   2.458
   2.491
   2.525
   2.539
   2.533
   2.492
   2.445
   2.391
   2.330
   2.290
   2.273
   2.272
   2.272
   2.272
   2.270
   2.257
   2.230
   2.179
   2.094
   1.980
   1.842
   1.683
   1.525
   1.388
   1.323
   1.343
   1.428
   1.537
   1.681
   1.822
   1.955
   2.079
   2.182
   2.247
   2.290
   2.313
   2.322
   2.318
   2.305
   2.274
   2.221
   2.140
   1.945
   0.000
 -65.534
 -65.534
   0.946
   1.019
   1.061
   1.121
   1.193
   1.270
   1.353
   1.441
   1.533
   1.626
   1.717
   1.806
   1.886
   1.963
   2.032
   2.094
   2.152
   2.203
   2.250
   2.290
   2.315
   2.336
   2.359
   2.390
   2.416
   2.445
   2.463
   2.461
   2.440
   2.412
   2.366
   2.317
   2.289
   2.283
   2.284
   2.284
   2.288
   2.295
   2.295
   2.285
   2.257
   2.194
   2.103
   1.985
   1.850
   1.703
   1.562
   1.456
   1.404
   1.417
   1.489
   1.580
   1.686
   1.799
   1.915
   2.024
   2.110
   2.178
   2.227
   2.251
   2.260
   2.255
   2.222
   2.166
   2.082
   1.882
   0.000
 -65.534
 -65.534
 -65.534
   0.911
   0.983
   1.040
   1.110
   1.185
   1.263
   1.343
   1.428
   1.510
   1.595
   1.678
   1.761
   1.840
   1.913
   1.981
   2.043
   2.100
   2.154
   2.197
   2.233
   2.260
   2.288
   2.318
   2.343
   2.365
   2.382
   2.390
   2.384
   2.367
   2.338
   2.313
   2.309
   2.288
   2.290
   2.299
   2.306
   2.317
   2.331
   2.344
   2.335
   2.294
   2.221
   2.129
   2.014
   1.881
   1.743
   1.622
   1.536
   1.494
   1.502
   1.538
   1.598
   1.683
   1.786
   1.889
   1.984
   2.068
   2.135
   2.168
   2.181
   2.180
   2.152
   2.100
   2.017
   1.815
   0.000
 -65.534
 -65.534
 -65.534
 -65.534
   0.879
   0.962
   1.025
   1.093
   1.164
   1.237
   1.313
   1.386
   1.463
   1.541
   1.621
   1.697
   1.774
   1.843
   1.909
   1.972
   2.031
   2.087
   2.132
   2.171
   2.205
   2.236
   2.259
   2.278
   2.296
   2.307
   2.313
   2.313
   2.307
   2.302
   2.308
   2.308
   2.329
   2.320
   2.326
   2.344
   2.367
   2.389
   2.397
   2.375
   2.327
   2.256
   2.163
   2.050
   1.921
   1.799
   1.693
   1.622
   1.585
   1.574
   1.590
   1.639
   1.714
   1.798
   1.883
   1.968
   2.034
   2.070
   2.085
   2.085
   2.064
   2.020
   1.941
   1.737
   0.000
 -65.534
 -65.534
 -65.534
 -65.534
   0.810
   0.880
   0.935
   0.994
   1.060
   1.127
   1.196
   1.262
   1.331
   1.404
   1.477
   1.550
   1.623
   1.695
   1.758
   1.824
   1.886
   1.944
   1.999
   2.048
   2.089
   2.123
   2.149
   2.172
   2.193
   2.214
   2.232
   2.247
   2.263
   2.280
   2.300
   2.319
   2.342
   2.346
   2.359
   2.359
   2.383
   2.416
   2.434
   2.429
   2.397
   2.350
   2.286
   2.195
   2.090
   1.981
   1.870
   1.772
   1.705
   1.667
   1.656
   1.671
   1.712
   1.766
   1.825
   1.887
   1.940
   1.969
   1.983
   1.986
   1.967
   1.933
   1.862
   1.654
   0.000
 -65.534
 -65.534
 -65.534
 -65.534
   0.751
   0.806
   0.848
   0.896
   0.952
   1.013
   1.078
   1.140
   1.204
   1.269
   1.336
   1.407
   1.474
   1.539
   1.606
   1.667
   1.723
   1.782
   1.835
   1.883
   1.932
   1.972
   2.009
   2.041
   2.076
   2.107
   2.139
   2.176
   2.211
   2.243
   2.273
   2.299
   2.323
   2.341
   2.352
   2.352
   2.364
   2.395
   2.431
   2.439
   2.425
   2.400
   2.360
   2.303
   2.226
   2.143
   2.050
   1.955
   1.873
   1.812
   1.779
   1.767
   1.775
   1.801
   1.835
   1.867
   1.897
   1.913
   1.921
   1.919
   1.901
   1.873
   1.809
   1.591
   0.000
 -65.534
 -65.534
 -65.534
 -65.534
   0.715
   0.748
   0.773
   0.807
   0.850
   0.905
   0.964
   1.022
   1.079
   1.139
   1.202
   1.264
   1.327
   1.392
   1.453
   1.508
   1.562
   1.611
   1.661
   1.711
   1.761
   1.806
   1.850
   1.896
   1.944
   1.991
   2.040
   2.089
   2.137
   2.180
   2.216
   2.243
   2.265
   2.284
   2.294
   2.302
   2.315
   2.343
   2.378
   2.399
   2.404
   2.404
   2.388
   2.356
   2.311
   2.256
   2.195
   2.127
   2.056
   1.999
   1.951
   1.921
   1.909
   1.910
   1.920
   1.933
   1.942
   1.941
   1.927
   1.907
   1.883
   1.846
   1.772
   1.542
   0.000
 -65.534
 -65.534
 -65.534
 -65.534
 -65.534
 -65.534
 -65.534
 -65.534
   0.734
   0.805
   0.856
   0.908
   0.961
   1.017
   1.072
   1.131
   1.192
   1.256
   1.318
   1.372
   1.418
   1.460
   1.504
   1.554
   1.607
   1.660
   1.709
   1.763
   1.818
   1.874
   1.929
   1.986
   2.039
   2.087
   2.126
   2.155
   2.179
   2.199
   2.212
   2.229
   2.249
   2.282
   2.315
   2.341
   2.364
   2.376
   2.373
   2.360
   2.345
   2.326
   2.301
   2.264
   2.227
   2.189
   2.154
   2.124
   2.102
   2.093
   2.090
   2.081
   2.069
   2.048
   2.007
   1.961
   1.906
   1.848
   1.770
   1.524
   0.000
 -65.534
 -65.534
 -65.534
 -65.534
 -65.534
 -65.534
   0.482
   0.590
   0.682
   0.720
   0.765
   0.810
   0.856
   0.907
   0.960
   1.017
   1.078
   1.141
   1.202
   1.254
   1.298
   1.339
   1.384
   1.436
   1.488
   1.544
   1.600
   1.654
   1.708
   1.763
   1.815
   1.871
   1.925
   1.975
   2.017
   2.051
   2.082
   2.109
   2.131
   2.156
   2.184
   2.220
   2.258
   2.292
   2.314
   2.330
   2.338
   2.345
   2.345
   2.344
   2.346
   2.344
   2.338
   2.328
   2.315
   2.300
   2.285
   2.276
   2.266
   2.246
   2.216
   2.171
   2.114
   2.035
   1.953
   1.868
   1.775
   1.490
   0.000
 -65.534
 -65.534
 -65.534
 -65.534
 -65.534
 -65.534
 -65.534
 -65.534
 -65.534
   0.647
   0.692
   0.729
   0.769
   0.813
   0.863
   0.921
   0.977
   1.042
   1.105
   1.157
   1.200
   1.248
   1.300
   1.357
   1.415
   1.472
   1.525
   1.576
   1.624
   1.669
   1.716
   1.766
   1.819
   1.870
   1.912
   1.953
   1.992
   2.025
   2.056
   2.087
   2.120
   2.162
   2.203
   2.236
   2.262
   2.274
   2.284
   2.293
   2.299
   2.309
   2.326
   2.344
   2.357
   2.371
   2.377
   2.376
   2.368
   2.367
   2.353
   2.321
   2.278
   2.223
   2.153
   2.073
   1.975
   1.878
   1.772
   1.472
   0.000
 -65.534
 -65.534
 -65.534
 -65.534
 -65.534
 -65.534
 -65.534
 -65.534
 -65.534
 -65.534
 -65.534
 -65.534
 -65.534
 -65.534
 -65.534
   0.798
   0.884
   0.946
   1.015
   1.080
   1.128
   1.186
   1.247
   1.313
   1.376
   1.435
   1.485
   1.528
   1.569
   1.605
   1.644
   1.684
   1.731
   1.780
   1.828
   1.872
   1.916
   1.955
   1.996
   2.029
   2.065
   2.106
   2.143
   2.180
   2.205
   2.217
   2.222
   2.226
   2.232
   2.243
   2.259
   2.283
   2.310
   2.335
   2.359
   2.368
   2.365
   2.360
   2.348
   2.310
   2.255
   2.196
   2.129
   2.060
   1.965
   1.863
   1.753
   1.459
   0.000
 -65.534
 -65.534
 -65.534
 -65.534
 -65.534
 -65.534
 -65.534
 -65.534
 -65.534
 -65.534
 -65.534
 -65.534
 -65.534
 -65.534
 -65.534
 -65.534
 -65.534
 -65.534
 -65.534
   0.976
   1.078
   1.148
   1.221
   1.295
   1.364
   1.423
   1.471
   1.507
   1.540
   1.565
   1.595
   1.628
   1.669
   1.713
   1.760
   1.809
   1.854
   1.897
   1.939
   1.976
   2.012
   2.049
   2.089
   2.125
   2.146
   2.156
   2.158
   2.162
   2.169
   2.183
   2.205
   2.231
   2.262
   2.290
   2.314
   2.325
   2.327
   2.320
   2.302
   2.257
   2.201
   2.146
   2.086
   2.030
   1.946
   1.846
   1.726
   1.425
   0.000
 -65.534
 -65.534
 -65.534
 -65.534
 -65.534
 -65.534
 -65.534
 -65.534
 -65.534
 -65.534
 -65.534
 -65.534
 -65.534
 -65.534
 -65.534
 -65.534
 -65.534
 -65.534
   0.795
   0.994
   1.050
   1.132
   1.215
   1.295
   1.368
   1.429
   1.474
   1.506
   1.531
   1.552
   1.570
   1.596
   1.626
   1.662
   1.706
   1.753
   1.799
   1.839
   1.876
   1.912
   1.952
   1.995
   2.037
   2.071
   2.095
   2.097
   2.092
   2.095
   2.106
   2.131
   2.160
   2.190
   2.219
   2.243
   2.258
   2.265
   2.263
   2.250
   2.226
   2.185
   2.133
   2.087
   2.042
   1.993
   1.921
   1.833
   1.708
   1.398
   0.000
 -65.534
 -65.534
 -65.534
 -65.534
 -65.534
 -65.534
 -65.534
 -65.534
 -65.534
 -65.534
 -65.534
 -65.534
 -65.534
 -65.534
 -65.534
 -65.534
 -65.534
   0.738
   0.937
   0.979
   1.040
   1.118
   1.206
   1.294
   1.372
   1.434
   1.481
   1.511
   1.533
   1.547
   1.561
   1.575
   1.594
   1.617
   1.650
   1.689
   1.726
   1.764
   1.801
   1.838
   1.881
   1.931
   1.980
   2.024
   2.044
   2.044
   2.036
   2.036
   2.050
   2.075
   2.106
   2.133
   2.152
   2.169
   2.178
   2.183
   2.177
   2.158
   2.132
   2.095
   2.054
   2.017
   1.981
   1.942
   1.885
   1.811
   1.687
   1.377
   0.000
 -65.534
 -65.534
 -65.534
 -65.534
 -65.534
 -65.534
 -65.534
 -65.534
 -65.534
 -65.534
 -65.534
 -65.534
 -65.534
 -65.534
 -65.534
 -65.534
 -65.534
   0.847
   0.934
   0.963
   1.021
   1.091
   1.178
   1.268
   1.349
   1.418
   1.466
   1.501
   1.521
   1.534
   1.542
   1.545
   1.552
   1.565
   1.582
   1.610
   1.640
   1.674
   1.708
   1.747
   1.794
   1.848
   1.904
   1.951
   1.976
   1.976
   1.966
   1.963
   1.974
   1.998
   2.024
   2.041
   2.049
   2.058
   2.063
   2.061
   2.055
   2.041
   2.015
   1.983
   1.951
   1.922
   1.892
   1.860
   1.816
   1.750
   1.634
   1.345
   0.000
 -65.534
 -65.534
 -65.534
 -65.534
 -65.534
 -65.534
 -65.534
 -65.534
 -65.534
 -65.534
 -65.534
 -65.534
 -65.534
 -65.534
 -65.534
 -65.534
 -65.534
   0.848
   0.905
   0.936
   0.984
   1.047
   1.127
   1.213
   1.295
   1.367
   1.422
   1.460
   1.485
   1.497
   1.501
   1.497
   1.497
   1.497
   1.507
   1.524
   1.548
   1.576
   1.610
   1.651
   1.698
   1.750
   1.804
   1.846
   1.868
   1.873
   1.868
   1.868
   1.877
   1.895
   1.915
   1.927
   1.936
   1.937
   1.934
   1.924
   1.912
   1.892
   1.872
   1.847
   1.822
   1.797
   1.773
   1.743
   1.703
   1.637
   1.531
   1.267
   0.000
 -65.534
 -65.534
 -65.534
 -65.534
 -65.534
 -65.534
 -65.534
 -65.534
 -65.534
 -65.534
 -65.534
 -65.534
 -65.534
 -65.534
 -65.534
 -65.534
 -65.534
   0.811
   0.867
   0.894
   0.935
   0.990
   1.060
   1.139
   1.217
   1.291
   1.354
   1.400
   1.429
   1.443
   1.448
   1.439
   1.433
   1.429
   1.432
   1.444
   1.463
   1.491
   1.525
   1.565
   1.608
   1.653
   1.693
   1.725
   1.744
   1.751
   1.751
   1.754
   1.764
   1.779
   1.797
   1.811
   1.814
   1.810
   1.798
   1.780
   1.757
   1.738
   1.718
   1.698
   1.676
   1.653
   1.622
   1.590
   1.544
   1.474
   1.374
   1.119
   0.000
 -65.534
 -65.534
 -65.534
 -65.534
 -65.534
 -65.534
 -65.534
 -65.534
 -65.534
 -65.534
 -65.534
 -65.534
 -65.534
 -65.534
 -65.534
 -65.534
 -65.534
 -65.534
   0.793
   0.845
   0.881
   0.928
   0.985
   1.051
   1.121
   1.194
   1.261
   1.316
   1.354
   1.377
   1.384
   1.378
   1.369
   1.363
   1.365
   1.374
   1.392
   1.417
   1.449
   1.488
   1.525
   1.562
   1.591
   1.614
   1.625
   1.631
   1.633
   1.635
   1.646
   1.662
   1.677
   1.688
   1.687
   1.678
   1.660
   1.637
   1.615
   1.596
   1.577
   1.561
   1.536
   1.508
   1.468
   1.422
   1.364
   1.290
   1.188
   0.945
   0.000
 -65.534
 -65.534
 -65.534
 -65.534
 -65.534
 -65.534
 -65.534
 -65.534
 -65.534
 -65.534
 -65.534
 -65.534
 -65.534
 -65.534
 -65.534
 -65.534
 -65.534
 -65.534
 -65.534
   0.763
   0.823
   0.861
   0.902
   0.950
   1.006
   1.071
   1.142
   1.205
   1.253
   1.290
   1.306
   1.307
   1.300
   1.295
   1.302
   1.312
   1.323
   1.354
   1.380
   1.419
   1.450
   1.470
   1.493
   1.512
   1.521
   1.523
   1.522
   1.524
   1.529
   1.540
   1.556
   1.560
   1.558
   1.547
   1.527
   1.504
   1.484
   1.468
   1.452
   1.435
   1.408
   1.369
   1.317
   1.256
   1.186
   1.104
   0.995
   0.756
   0.000
 -65.534
 -65.534
 -65.534
 -65.534
 -65.534
 -65.534
 -65.534
 -65.534
 -65.534
 -65.534
 -65.534
 -65.534
 -65.534
 -65.534
 -65.534
 -65.534
 -65.534
 -65.534
 -65.534
 -65.534
   0.718
   0.766
   0.804
   0.843
   0.893
   0.943
   1.007
   1.072
   1.129
   1.175
   1.199
   1.201
   1.183
   1.144
   1.058
   0.838
 -65.534
 -65.534
 -65.534
 -65.534
   1.287
   1.352
   1.393
   1.413
   1.431
   1.436
   1.431
   1.427
   1.423
   1.425
   1.430
   1.426
   1.417
   1.403
   1.381
   1.363
   1.343
   1.330
   1.315
   1.295
   1.268
   1.225
   1.169
   1.098
   1.023
   0.936
   0.823
   0.604
   0.000
 -65.534
 -65.534
 -65.534
 -65.534
 -65.534
 -65.534
 -65.534
 -65.534
 -65.534
 -65.534
 -65.534
 -65.534
 -65.534
 -65.534
 -65.534
 -65.534
 -65.534
 -65.534
 -65.534
 -65.534
 -65.534
 -65.534
 -65.534
 -65.534
   0.748
   0.817
   0.876
   0.938
   0.996
   1.042
   1.071
   1.073
   1.040
   0.964
   0.825
   0.576
 -65.534
 -65.534
 -65.534
 -65.534
 -65.534
 -65.534
   1.249
   1.318
   1.346
   1.353
   1.341
   1.323
   1.310
   1.299
   1.291
   1.280
   1.262
   1.242
   1.218
   1.196
   1.176
   1.159
   1.143
   1.123
   1.096
   1.054
   1.001
   0.937
   0.863
   0.779
   0.664
   0.465
   0.000
 -65.534
 -65.534
 -65.534
 -65.534
 -65.534
 -65.534
 -65.534
 -65.534
 -65.534
 -65.534
 -65.534
 -65.534
 -65.534
 -65.534
 -65.534
 -65.534
 -65.534
 -65.534
 -65.534
 -65.534
 -65.534
 -65.534
 -65.534
 -65.534
   0.604
   0.668
   0.717
   0.775
   0.844
   0.907
   0.929
   0.928
   0.889
   0.808
   0.678
   0.489
 -65.534
 -65.534
 -65.534
 -65.534
 -65.534
 -65.534
 -65.534
   1.171
   1.219
   1.222
   1.225
   1.201
   1.185
   1.169
   1.155
   1.139
   1.117
   1.088
   1.061
   1.032
   1.005
   0.979
   0.954
   0.928
   0.894
   0.853
   0.802
   0.743
   0.678
   0.600
   0.494
   0.324
   0.000
 -65.534
 -65.534
 -65.534
 -65.534
 -65.534
 -65.534
 -65.534
 -65.534
 -65.534
 -65.534
 -65.534
 -65.534
 -65.534
 -65.534
 -65.534
 -65.534
 -65.534
 -65.534
 -65.534
 -65.534
 -65.534
 -65.534
 -65.534
 -65.534
 -65.534
 -65.534
 -65.534
 -65.534
 -65.534
   0.687
   0.737
   0.753
   0.749
   0.687
   0.592
   0.466
   0.213
 -65.534
 -65.534
 -65.534
 -65.534
 -65.534
 -65.534
   0.895
   0.818
 -65.534
   0.983
   1.009
   1.021
   1.045
   1.036
   1.021
   0.994
   0.960
   0.922
   0.885
   0.846
   0.806
   0.767
   0.727
   0.683
   0.638
   0.588
   0.531
   0.469
   0.397
   0.301
   0.157
   0.000
 -65.534
 -65.534
 -65.534
 -65.534
 -65.534
 -65.534
 -65.534
 -65.534
 -65.534
 -65.534
 -65.534
 -65.534
 -65.534
 -65.534
 -65.534
 -65.534
 -65.534
 -65.534
 -65.534
 -65.534
 -65.534
 -65.534
 -65.534
 -65.534
 -65.534
 -65.534
 -65.534
 -65.534
 -65.534
 -65.534
 -65.534
 -65.534
   0.594
   0.580
   0.528
   0.440
   0.290
   0.164
 -65.534
 -65.534
 -65.534
 -65.534
 -65.534
 -65.534
 -65.534
 -65.534
 -65.534
 -65.534
 -65.534
   0.809
   0.870
   0.881
   0.889
   0.852
   0.807
   0.749
   0.694
   0.639
   0.586
   0.529
   0.476
   0.420
   0.364
   0.309
   0.251
   0.187
   0.105
  -0.013
   0.000
 -65.534
 -65.534
 -65.534
 -65.534
 -65.534
 -65.534
 -65.534
 -65.534
 -65.534
 -65.534
 -65.534
 -65.534
 -65.534
 -65.534
 -65.534
 -65.534
 -65.534
 -65.534
 -65.534
 -65.534
 -65.534
 -65.534
 -65.534
 -65.534
 -65.534
 -65.534
 -65.534
 -65.534
 -65.534
 -65.534
 -65.534
 -65.534
   0.457
   0.472
   0.447
   0.393
   0.306
   0.219
   0.149
   0.108
 -65.534
 -65.534
 -65.534
 -65.534
 -65.534
 -65.534
 -65.534
 -65.534
 -65.534
 -65.534
 -65.534
 -65.534
   0.665
   0.671
   0.640
   0.600
   0.542
   0.482
   0.419
   0.351
   0.283
   0.213
   0.152
   0.095
   0.042
  -0.009
  -0.076
  -0.163
   0.000
 -65.534
 -65.534
 -65.534
 -65.534
 -65.534
 -65.534
 -65.534
 -65.534
 -65.534
 -65.534
 -65.534
 -65.534
 -65.534
 -65.534
 -65.534
 -65.534
 -65.534
 -65.534
 -65.534
 -65.534
 -65.534
 -65.534
 -65.534
 -65.534
 -65.534
 -65.534
 -65.534
 -65.534
 -65.534
 -65.534
 -65.534
 -65.534
 -65.534
 -65.534
 -65.534
 -65.534
   0.239
   0.212
   0.181
   0.149
   0.107
   0.088
   0.074
   0.061
   0.046
 -65.534
 -65.534
 -65.534
 -65.534
 -65.534
 -65.534
 -65.534
 -65.534
 -65.534
 -65.534
   0.408
   0.398
   0.348
   0.285
   0.206
   0.123
   0.045
  -0.026
  -0.084
  -0.136
  -0.179
  -0.229
  -0.291
   0.000
 -65.534
 -65.534
 -65.534
 -65.534
 -65.534
 -65.534
 -65.534
 -65.534
 -65.534
 -65.534
 -65.534
 -65.534
 -65.534
 -65.534
 -65.534
 -65.534
 -65.534
 -65.534
 -65.534
 -65.534
 -65.534
 -65.534
 -65.534
 -65.534
 -65.534
 -65.534
 -65.534
 -65.534
 -65.534
 -65.534
 -65.534
 -65.534
 -65.534
 -65.534
 -65.534
 -65.534
 -65.534
 -65.534
 -65.534
 -65.534
   0.100
 -65.534
 -65.534
 -65.534
 -65.534
 -65.534
 -65.534
 -65.534
 -65.534
 -65.534
 -65.534
 -65.534
 -65.534
 -65.534
 -65.534
   0.226
   0.242
   0.200
   0.145
   0.078
  -0.001
  -0.082
  -0.155
  -0.216
  -0.268
  -0.306
  -0.343
  -0.378
   0.000
 -65.534
 -65.534
 -65.534
 -65.534
 -65.534
 -65.534
 -65.534
 -65.534
 -65.534
 -65.534
 -65.534
 -65.534
 -65.534
 -65.534
 -65.534
 -65.534
 -65.534
 -65.534
 -65.534
 -65.534
 -65.534
 -65.534
 -65.534
 -65.534
 -65.534
 -65.534
 -65.534
 -65.534
 -65.534
 -65.534
 -65.534
 -65.534
 -65.534
 -65.534
 -65.534
 -65.534
 -65.534
 -65.534
 -65.534
 -65.534
 -65.534
 -65.534
 -65.534
 -65.534
 -65.534
 -65.534
 -65.534
 -65.534
 -65.534
 -65.534
 -65.534
 -65.534
 -65.534
 -65.534
 -65.534
 -65.534
 -65.534
 -65.534
 -65.534
   0.000
  -0.082
  -0.167
  -0.249
  -0.306
  -0.340
  -0.352
  -0.370
  -0.385
   0.000
 -65.534
 -65.534
 -65.534
 -65.534
 -65.534
 -65.534
 -65.534
 -65.534
 -65.534
 -65.534
 -65.534
 -65.534
 -65.534
 -65.534
 -65.534
 -65.534
 -65.534
 -65.534
 -65.534
 -65.534
 -65.534
 -65.534
 -65.534
 -65.534
 -65.534
 -65.534
 -65.534
 -65.534
 -65.534
 -65.534
 -65.534
 -65.534
 -65.534
 -65.534
 -65.534
 -65.534
 -65.534
 -65.534
 -65.534
 -65.534
 -65.534
 -65.534
 -65.534
 -65.534
 -65.534
 -65.534
 -65.534
 -65.534
 -65.534
 -65.534
 -65.534
 -65.534
 -65.534
 -65.534
 -65.534
 -65.534
 -65.534
 -65.534
 -65.534
 -65.534
 -65.534
   0.000
   0.000
   0.000
   0.000
   0.000
   0.000
   0.000
 -65.534
