 -65.534
   0.000
   0.000
   0.000
   0.000
   0.000
   0.000
   0.000
   0.000
   0.000
   0.000
   0.000
   0.000
   0.000
   0.000
   0.000
   0.000
   0.000
   0.000
   0.000
   0.000
   0.000
   0.000
   0.000
   0.000
   0.000
   0.000
   0.000
   0.000
   0.000
   0.000
   0.000
   0.000
   0.000
   0.000
   0.000
   0.000
   0.000
   0.000
   0.000
   0.000
   0.000
   0.000
   0.000
   0.000
   0.000
   0.000
   0.000
   0.000
   0.000
   0.000
   0.000
   0.000
   0.000
   0.000
   0.000
   0.000
   0.000
   0.000
   0.000
   0.000
   0.000
   0.000
   0.000
   0.000
   0.000
   0.000
   0.000
 -65.534
   0.000
   1.338
   1.486
   1.565
   1.641
   1.702
   1.750
   1.781
   1.800
   1.813
   1.828
   1.843
   1.860
   1.874
   1.885
   1.893
   1.896
   1.904
   1.923
   1.950
   1.984
   2.019
   2.058
   2.104
   2.121
   2.120
   2.118
   2.111
   2.092
   2.073
   2.046
   2.013
   1.977
   1.942
   1.890
   1.829
   1.764
   1.689
   1.607
   1.514
   1.422
   1.334
   1.226
   1.087
   0.985
   0.958
   0.965
   0.974
   0.981
   0.987
   1.000
   1.020
   1.046
   1.076
   1.110
   1.146
   1.172
   1.195
   1.209
   1.222
   1.233
   1.232
   1.219
   1.181
   1.144
   1.112
   1.087
   1.036
   0.000
   0.000
   1.377
   1.526
   1.601
   1.677
   1.739
   1.792
   1.831
   1.861
   1.885
   1.907
   1.931
   1.950
   1.969
   1.984
   1.997
   2.011
   2.031
   2.058
   2.097
   2.144
   2.192
   2.244
   2.297
   2.324
   2.332
   2.333
   2.327
   2.317
   2.303
   2.283
   2.259
   2.228
   2.196
   2.144
   2.081
   2.005
   1.918
   1.813
   1.703
   1.594
   1.494
   1.390
   1.274
   1.167
   1.123
   1.121
   1.133
   1.150
   1.172
   1.198
   1.224
   1.255
   1.293
   1.331
   1.370
   1.406
   1.438
   1.462
   1.481
   1.495
   1.492
   1.469
   1.432
   1.386
   1.345
   1.309
   1.236
   0.000
   0.000
   1.322
   1.473
   1.546
   1.618
   1.680
   1.734
   1.781
   1.819
   1.855
   1.887
   1.916
   1.943
   1.965
   1.983
   1.999
   2.016
   2.042
   2.079
   2.130
   2.188
   2.249
   2.313
   2.368
   2.402
   2.414
   2.419
   2.417
   2.412
   2.405
   2.396
   2.378
   2.359
   2.336
   2.295
   2.241
   2.171
   2.078
   1.970
   1.851
   1.721
   1.589
   1.478
   1.390
   1.312
   1.254
   1.233
   1.237
   1.252
   1.272
   1.297
   1.325
   1.360
   1.399
   1.442
   1.485
   1.527
   1.563
   1.588
   1.604
   1.608
   1.598
   1.574
   1.538
   1.495
   1.447
   1.407
   1.323
   0.000
   0.000
   1.248
   1.395
   1.467
   1.540
   1.599
   1.650
   1.697
   1.737
   1.781
   1.825
   1.868
   1.905
   1.931
   1.953
   1.970
   1.992
   2.025
   2.070
   2.132
   2.200
   2.273
   2.345
   2.405
   2.444
   2.465
   2.479
   2.484
   2.484
   2.485
   2.488
   2.482
   2.477
   2.468
   2.442
   2.401
   2.343
   2.264
   2.157
   2.037
   1.892
   1.730
   1.589
   1.496
   1.433
   1.384
   1.358
   1.351
   1.358
   1.368
   1.386
   1.407
   1.435
   1.472
   1.514
   1.559
   1.604
   1.636
   1.658
   1.668
   1.669
   1.658
   1.634
   1.600
   1.557
   1.512
   1.468
   1.379
   0.000
   0.000
   1.158
   1.305
   1.380
   1.453
   1.511
   1.559
   1.600
   1.642
   1.689
   1.739
   1.789
   1.834
   1.868
   1.893
   1.914
   1.942
   1.981
   2.036
   2.103
   2.178
   2.254
   2.333
   2.402
   2.448
   2.482
   2.511
   2.524
   2.530
   2.537
   2.550
   2.561
   2.573
   2.579
   2.572
   2.546
   2.501
   2.439
   2.345
   2.233
   2.092
   1.915
   1.742
   1.617
   1.540
   1.492
   1.463
   1.456
   1.454
   1.458
   1.464
   1.476
   1.497
   1.524
   1.562
   1.602
   1.641
   1.668
   1.681
   1.688
   1.688
   1.677
   1.658
   1.630
   1.593
   1.551
   1.506
   1.414
   0.000
   0.000
   1.059
   1.201
   1.279
   1.354
   1.415
   1.466
   1.509
   1.550
   1.595
   1.646
   1.700
   1.748
   1.788
   1.819
   1.846
   1.882
   1.928
   1.984
   2.051
   2.126
   2.205
   2.285
   2.359
   2.420
   2.467
   2.504
   2.528
   2.539
   2.553
   2.580
   2.609
   2.639
   2.665
   2.676
   2.666
   2.641
   2.587
   2.511
   2.414
   2.290
   2.124
   1.939
   1.772
   1.657
   1.587
   1.549
   1.535
   1.526
   1.524
   1.522
   1.528
   1.538
   1.556
   1.583
   1.615
   1.646
   1.668
   1.675
   1.680
   1.681
   1.672
   1.659
   1.637
   1.607
   1.570
   1.531
   1.438
   0.000
   0.000
   0.957
   1.087
   1.168
   1.246
   1.314
   1.372
   1.416
   1.461
   1.505
   1.556
   1.610
   1.659
   1.702
   1.740
   1.773
   1.813
   1.861
   1.920
   1.984
   2.055
   2.133
   2.215
   2.293
   2.360
   2.418
   2.462
   2.493
   2.512
   2.539
   2.583
   2.630
   2.678
   2.719
   2.747
   2.753
   2.742
   2.706
   2.646
   2.564
   2.458
   2.315
   2.134
   1.956
   1.809
   1.702
   1.636
   1.599
   1.577
   1.567
   1.561
   1.559
   1.560
   1.567
   1.582
   1.604
   1.623
   1.638
   1.641
   1.642
   1.643
   1.640
   1.632
   1.624
   1.604
   1.576
   1.539
   1.449
   0.000
   0.000
   0.849
   0.973
   1.046
   1.128
   1.205
   1.270
   1.323
   1.373
   1.421
   1.471
   1.523
   1.573
   1.618
   1.658
   1.697
   1.741
   1.790
   1.846
   1.909
   1.980
   2.052
   2.132
   2.215
   2.283
   2.341
   2.391
   2.431
   2.462
   2.500
   2.559
   2.621
   2.683
   2.743
   2.785
   2.806
   2.811
   2.795
   2.751
   2.683
   2.593
   2.472
   2.307
   2.135
   1.980
   1.852
   1.754
   1.687
   1.637
   1.604
   1.586
   1.574
   1.569
   1.566
   1.569
   1.572
   1.576
   1.578
   1.573
   1.578
   1.582
   1.585
   1.587
   1.589
   1.585
   1.568
   1.537
   1.450
   0.000
   0.000
   0.734
   0.835
   0.926
   1.007
   1.084
   1.160
   1.224
   1.283
   1.334
   1.389
   1.439
   1.488
   1.532
   1.573
   1.617
   1.662
   1.712
   1.771
   1.830
   1.898
   1.970
   2.046
   2.124
   2.192
   2.247
   2.302
   2.347
   2.390
   2.446
   2.512
   2.584
   2.657
   2.728
   2.783
   2.823
   2.849
   2.848
   2.816
   2.768
   2.692
   2.584
   2.457
   2.300
   2.150
   2.011
   1.893
   1.798
   1.718
   1.657
   1.614
   1.584
   1.562
   1.544
   1.528
   1.516
   1.503
   1.490
   1.481
   1.483
   1.496
   1.509
   1.521
   1.535
   1.547
   1.542
   1.520
   1.440
   0.000
   0.000
   0.666
   0.738
   0.785
   0.869
   0.963
   1.042
   1.118
   1.184
   1.244
   1.301
   1.354
   1.403
   1.447
   1.489
   1.531
   1.577
   1.631
   1.685
   1.747
   1.809
   1.878
   1.951
   2.021
   2.085
   2.144
   2.197
   2.248
   2.306
   2.374
   2.448
   2.521
   2.600
   2.678
   2.746
   2.798
   2.840
   2.856
   2.841
   2.809
   2.755
   2.669
   2.558
   2.439
   2.297
   2.161
   2.030
   1.909
   1.805
   1.717
   1.647
   1.593
   1.545
   1.502
   1.464
   1.430
   1.401
   1.378
   1.366
   1.373
   1.392
   1.411
   1.433
   1.456
   1.478
   1.485
   1.475
   1.408
   0.000
   0.000
   0.617
   0.675
   0.709
   0.757
   0.826
   0.915
   1.005
   1.077
   1.141
   1.204
   1.262
   1.313
   1.359
   1.402
   1.443
   1.491
   1.540
   1.597
   1.656
   1.715
   1.778
   1.843
   1.912
   1.975
   2.031
   2.091
   2.150
   2.212
   2.284
   2.364
   2.444
   2.526
   2.611
   2.689
   2.754
   2.801
   2.828
   2.827
   2.811
   2.774
   2.711
   2.628
   2.524
   2.406
   2.278
   2.153
   2.024
   1.903
   1.796
   1.704
   1.622
   1.545
   1.475
   1.408
   1.347
   1.301
   1.269
   1.257
   1.265
   1.286
   1.309
   1.336
   1.364
   1.389
   1.405
   1.406
   1.359
   0.000
   0.000
   0.568
   0.637
   0.662
   0.689
   0.732
   0.799
   0.879
   0.960
   1.029
   1.096
   1.157
   1.212
   1.261
   1.306
   1.349
   1.393
   1.444
   1.498
   1.556
   1.613
   1.671
   1.733
   1.798
   1.860
   1.921
   1.985
   2.044
   2.111
   2.186
   2.267
   2.350
   2.441
   2.533
   2.612
   2.680
   2.735
   2.763
   2.773
   2.769
   2.749
   2.706
   2.642
   2.562
   2.463
   2.351
   2.237
   2.121
   2.004
   1.891
   1.788
   1.693
   1.598
   1.506
   1.417
   1.334
   1.268
   1.225
   1.203
   1.200
   1.210
   1.226
   1.250
   1.275
   1.304
   1.322
   1.328
   1.290
   0.000
 -65.534
 -65.534
   0.570
   0.626
   0.641
   0.665
   0.706
   0.772
   0.839
   0.909
   0.977
   1.035
   1.091
   1.143
   1.190
   1.236
   1.284
   1.335
   1.389
   1.444
   1.503
   1.558
   1.618
   1.681
   1.743
   1.806
   1.872
   1.937
   2.001
   2.074
   2.158
   2.243
   2.338
   2.429
   2.513
   2.575
   2.629
   2.663
   2.680
   2.687
   2.679
   2.649
   2.606
   2.540
   2.461
   2.368
   2.272
   2.175
   2.078
   1.980
   1.880
   1.784
   1.684
   1.583
   1.485
   1.397
   1.324
   1.272
   1.238
   1.219
   1.211
   1.208
   1.227
   1.240
   1.257
   1.269
   1.267
   1.224
   0.000
 -65.534
 -65.534
 -65.534
   0.553
   0.599
   0.618
   0.642
   0.681
   0.734
   0.790
   0.848
   0.905
   0.958
   1.008
   1.056
   1.109
   1.159
   1.212
   1.267
   1.324
   1.382
   1.439
   1.500
   1.565
   1.630
   1.695
   1.761
   1.824
   1.889
   1.959
   2.037
   2.118
   2.209
   2.296
   2.368
   2.450
   2.510
   2.542
   2.566
   2.580
   2.580
   2.561
   2.526
   2.474
   2.409
   2.333
   2.258
   2.182
   2.107
   2.030
   1.945
   1.854
   1.760
   1.660
   1.564
   1.476
   1.412
   1.362
   1.332
   1.315
   1.305
   1.296
   1.289
   1.291
   1.296
   1.293
   1.293
   1.216
   0.000
 -65.534
 -65.534
 -65.534
 -65.534
   0.536
   0.575
   0.599
   0.618
   0.649
   0.689
   0.733
   0.775
   0.822
   0.873
   0.923
   0.975
   1.027
   1.080
   1.132
   1.188
   1.246
   1.308
   1.372
   1.442
   1.509
   1.579
   1.644
   1.708
   1.772
   1.834
   1.899
   1.974
   2.053
   2.132
   2.203
   2.280
   2.332
   2.396
   2.427
   2.439
   2.444
   2.431
   2.406
   2.367
   2.311
   2.251
   2.191
   2.137
   2.083
   2.022
   1.961
   1.885
   1.798
   1.714
   1.629
   1.553
   1.498
   1.459
   1.436
   1.428
   1.422
   1.417
   1.417
   1.416
   1.418
   1.418
   1.406
   1.338
   0.000
 -65.534
 -65.534
 -65.534
 -65.534
   0.490
   0.530
   0.555
   0.570
   0.587
   0.607
   0.640
   0.670
   0.701
   0.743
   0.797
   0.846
   0.898
   0.946
   0.995
   1.041
   1.096
   1.159
   1.227
   1.296
   1.367
   1.438
   1.508
   1.570
   1.629
   1.689
   1.749
   1.811
   1.879
   1.947
   2.015
   2.079
   2.136
   2.192
   2.219
   2.249
   2.260
   2.253
   2.234
   2.206
   2.166
   2.123
   2.082
   2.045
   2.006
   1.965
   1.923
   1.868
   1.810
   1.741
   1.677
   1.623
   1.580
   1.553
   1.540
   1.536
   1.539
   1.541
   1.540
   1.542
   1.545
   1.547
   1.533
   1.450
   0.000
 -65.534
 -65.534
 -65.534
 -65.534
   0.453
   0.491
   0.514
   0.528
   0.541
   0.557
   0.573
   0.595
   0.615
   0.637
   0.678
   0.736
   0.781
   0.818
   0.861
   0.902
   0.948
   1.003
   1.066
   1.131
   1.200
   1.269
   1.339
   1.405
   1.466
   1.528
   1.584
   1.637
   1.692
   1.747
   1.801
   1.856
   1.908
   1.953
   1.983
   2.003
   2.019
   2.023
   2.022
   2.006
   1.986
   1.962
   1.937
   1.916
   1.895
   1.876
   1.851
   1.822
   1.787
   1.746
   1.703
   1.668
   1.641
   1.625
   1.620
   1.621
   1.627
   1.634
   1.636
   1.637
   1.640
   1.637
   1.621
   1.527
   0.000
 -65.534
 -65.534
 -65.534
 -65.534
   0.414
   0.446
   0.469
   0.487
   0.504
   0.513
   0.530
   0.545
   0.557
   0.570
   0.583
   0.617
   0.679
   0.719
   0.750
   0.779
   0.812
   0.855
   0.903
   0.961
   1.022
   1.086
   1.154
   1.223
   1.291
   1.355
   1.412
   1.457
   1.500
   1.539
   1.576
   1.612
   1.646
   1.675
   1.698
   1.718
   1.737
   1.752
   1.766
   1.777
   1.781
   1.776
   1.768
   1.760
   1.755
   1.749
   1.747
   1.738
   1.725
   1.709
   1.685
   1.665
   1.652
   1.648
   1.650
   1.659
   1.667
   1.676
   1.682
   1.681
   1.678
   1.675
   1.656
   1.557
   0.000
 -65.534
 -65.534
 -65.534
 -65.534
 -65.534
 -65.534
 -65.534
 -65.534
   0.451
   0.474
   0.488
   0.500
   0.515
   0.524
   0.530
   0.539
   0.562
   0.619
   0.666
   0.691
   0.712
   0.736
   0.763
   0.804
   0.857
   0.916
   0.981
   1.044
   1.111
   1.177
   1.232
   1.273
   1.303
   1.327
   1.344
   1.354
   1.368
   1.378
   1.385
   1.397
   1.418
   1.448
   1.488
   1.522
   1.551
   1.566
   1.573
   1.576
   1.585
   1.595
   1.607
   1.618
   1.625
   1.625
   1.623
   1.616
   1.611
   1.613
   1.621
   1.637
   1.654
   1.670
   1.676
   1.676
   1.672
   1.668
   1.651
   1.550
   0.000
 -65.534
 -65.534
 -65.534
 -65.534
 -65.534
 -65.534
   0.263
   0.323
   0.414
   0.438
   0.450
   0.461
   0.474
   0.486
   0.495
   0.499
   0.509
   0.528
   0.560
   0.602
   0.646
   0.663
   0.682
   0.701
   0.725
   0.775
   0.831
   0.890
   0.955
   1.018
   1.064
   1.090
   1.104
   1.115
   1.121
   1.119
   1.114
   1.100
   1.090
   1.090
   1.109
   1.149
   1.199
   1.255
   1.307
   1.339
   1.358
   1.377
   1.396
   1.419
   1.448
   1.477
   1.500
   1.516
   1.525
   1.526
   1.528
   1.536
   1.552
   1.571
   1.591
   1.611
   1.621
   1.626
   1.627
   1.619
   1.605
   1.509
   0.000
 -65.534
 -65.534
 -65.534
 -65.534
 -65.534
 -65.534
 -65.534
 -65.534
 -65.534
   0.392
   0.404
   0.416
   0.426
   0.436
   0.450
   0.471
   0.485
   0.501
   0.517
   0.532
   0.563
   0.609
   0.637
   0.652
   0.672
   0.696
   0.731
   0.787
   0.845
   0.891
   0.921
   0.936
   0.941
   0.943
   0.942
   0.932
   0.912
   0.883
   0.859
   0.844
   0.856
   0.892
   0.947
   1.005
   1.058
   1.101
   1.131
   1.162
   1.189
   1.226
   1.268
   1.312
   1.347
   1.375
   1.392
   1.402
   1.411
   1.423
   1.440
   1.459
   1.483
   1.504
   1.521
   1.530
   1.537
   1.531
   1.520
   1.432
   0.000
 -65.534
 -65.534
 -65.534
 -65.534
 -65.534
 -65.534
 -65.534
 -65.534
 -65.534
 -65.534
 -65.534
 -65.534
 -65.534
 -65.534
 -65.534
   0.412
   0.444
   0.468
   0.489
   0.512
   0.522
   0.549
   0.601
   0.632
   0.647
   0.670
   0.698
   0.724
   0.758
   0.789
   0.811
   0.819
   0.825
   0.827
   0.824
   0.816
   0.795
   0.762
   0.747
   0.728
   0.725
   0.738
   0.760
   0.799
   0.849
   0.891
   0.926
   0.959
   0.993
   1.032
   1.078
   1.126
   1.172
   1.208
   1.238
   1.258
   1.271
   1.286
   1.301
   1.320
   1.342
   1.366
   1.388
   1.403
   1.412
   1.414
   1.404
   1.324
   0.000
 -65.534
 -65.534
 -65.534
 -65.534
 -65.534
 -65.534
 -65.534
 -65.534
 -65.534
 -65.534
 -65.534
 -65.534
 -65.534
 -65.534
 -65.534
 -65.534
 -65.534
 -65.534
 -65.534
   0.479
   0.502
   0.519
   0.546
   0.597
   0.637
   0.652
   0.674
   0.696
   0.718
   0.733
   0.748
   0.754
   0.756
   0.758
   0.759
   0.754
   0.745
   0.725
   0.703
   0.681
   0.660
   0.662
   0.679
   0.694
   0.716
   0.740
   0.767
   0.801
   0.834
   0.868
   0.911
   0.963
   1.013
   1.053
   1.084
   1.108
   1.124
   1.140
   1.158
   1.175
   1.196
   1.218
   1.239
   1.258
   1.272
   1.279
   1.276
   1.203
   0.000
 -65.534
 -65.534
 -65.534
 -65.534
 -65.534
 -65.534
 -65.534
 -65.534
 -65.534
 -65.534
 -65.534
 -65.534
 -65.534
 -65.534
 -65.534
 -65.534
 -65.534
 -65.534
   0.385
   0.485
   0.501
   0.516
   0.531
   0.550
   0.591
   0.648
   0.665
   0.682
   0.700
   0.717
   0.724
   0.727
   0.734
   0.744
   0.749
   0.752
   0.749
   0.736
   0.713
   0.687
   0.666
   0.661
   0.677
   0.685
   0.696
   0.706
   0.713
   0.724
   0.739
   0.756
   0.784
   0.836
   0.891
   0.934
   0.955
   0.965
   0.984
   1.001
   1.016
   1.033
   1.053
   1.074
   1.092
   1.107
   1.121
   1.128
   1.130
   1.064
   0.000
 -65.534
 -65.534
 -65.534
 -65.534
 -65.534
 -65.534
 -65.534
 -65.534
 -65.534
 -65.534
 -65.534
 -65.534
 -65.534
 -65.534
 -65.534
 -65.534
 -65.534
   0.377
   0.457
   0.494
   0.510
   0.522
   0.537
   0.547
   0.560
   0.600
   0.664
   0.678
   0.696
   0.713
   0.723
   0.725
   0.740
   0.756
   0.765
   0.768
   0.763
   0.752
   0.733
   0.710
   0.688
   0.683
   0.695
   0.714
   0.728
   0.731
   0.727
   0.730
   0.740
   0.752
   0.766
   0.792
   0.819
   0.836
   0.850
   0.865
   0.878
   0.894
   0.910
   0.927
   0.938
   0.947
   0.958
   0.972
   0.978
   0.981
   0.985
   0.936
   0.000
 -65.534
 -65.534
 -65.534
 -65.534
 -65.534
 -65.534
 -65.534
 -65.534
 -65.534
 -65.534
 -65.534
 -65.534
 -65.534
 -65.534
 -65.534
 -65.534
 -65.534
   0.443
   0.485
   0.502
   0.516
   0.528
   0.543
   0.553
   0.557
   0.573
   0.620
   0.679
   0.692
   0.711
   0.727
   0.729
   0.749
   0.767
   0.775
   0.777
   0.771
   0.758
   0.742
   0.722
   0.706
   0.703
   0.718
   0.749
   0.769
   0.771
   0.764
   0.763
   0.766
   0.772
   0.781
   0.794
   0.807
   0.820
   0.826
   0.835
   0.846
   0.858
   0.852
   0.791
   0.783
   0.796
   0.815
   0.839
   0.849
   0.855
   0.858
   0.810
   0.000
 -65.534
 -65.534
 -65.534
 -65.534
 -65.534
 -65.534
 -65.534
 -65.534
 -65.534
 -65.534
 -65.534
 -65.534
 -65.534
 -65.534
 -65.534
 -65.534
 -65.534
   0.471
   0.499
   0.509
   0.519
   0.532
   0.547
   0.560
   0.561
   0.567
   0.587
   0.644
   0.688
   0.707
   0.728
   0.732
   0.753
   0.770
   0.777
   0.776
   0.767
   0.755
   0.742
   0.729
   0.721
   0.723
   0.742
   0.772
   0.794
   0.803
   0.803
   0.807
   0.809
   0.813
   0.820
   0.826
   0.833
   0.838
   0.840
   0.836
   0.836
   0.833
   0.830
   0.796
   0.764
   0.765
   0.776
   0.786
   0.803
   0.807
   0.800
   0.747
   0.000
 -65.534
 -65.534
 -65.534
 -65.534
 -65.534
 -65.534
 -65.534
 -65.534
 -65.534
 -65.534
 -65.534
 -65.534
 -65.534
 -65.534
 -65.534
 -65.534
 -65.534
   0.488
   0.504
   0.517
   0.525
   0.538
   0.550
   0.562
   0.567
   0.565
   0.576
   0.614
   0.674
   0.704
   0.728
   0.733
   0.751
   0.763
   0.767
   0.764
   0.758
   0.750
   0.744
   0.742
   0.744
   0.753
   0.774
   0.800
   0.823
   0.838
   0.844
   0.848
   0.855
   0.858
   0.862
   0.868
   0.871
   0.870
   0.868
   0.861
   0.852
   0.842
   0.829
   0.818
   0.794
   0.766
   0.756
   0.759
   0.768
   0.766
   0.752
   0.678
   0.000
 -65.534
 -65.534
 -65.534
 -65.534
 -65.534
 -65.534
 -65.534
 -65.534
 -65.534
 -65.534
 -65.534
 -65.534
 -65.534
 -65.534
 -65.534
 -65.534
 -65.534
 -65.534
   0.505
   0.519
   0.530
   0.542
   0.552
   0.560
   0.562
   0.564
   0.568
   0.603
   0.660
   0.702
   0.730
   0.737
   0.749
   0.753
   0.752
   0.749
   0.741
   0.738
   0.744
   0.756
   0.768
   0.786
   0.812
   0.842
   0.868
   0.885
   0.893
   0.901
   0.904
   0.905
   0.904
   0.902
   0.898
   0.893
   0.889
   0.883
   0.874
   0.863
   0.849
   0.833
   0.814
   0.793
   0.762
   0.742
   0.734
   0.725
   0.705
   0.625
   0.000
 -65.534
 -65.534
 -65.534
 -65.534
 -65.534
 -65.534
 -65.534
 -65.534
 -65.534
 -65.534
 -65.534
 -65.534
 -65.534
 -65.534
 -65.534
 -65.534
 -65.534
 -65.534
 -65.534
   0.514
   0.527
   0.540
   0.547
   0.551
   0.551
   0.551
   0.555
   0.595
   0.655
   0.701
   0.725
   0.735
   0.741
   0.738
   0.734
   0.728
   0.710
   0.706
   0.719
   0.747
   0.774
   0.800
   0.832
   0.870
   0.904
   0.924
   0.935
   0.944
   0.948
   0.947
   0.943
   0.937
   0.930
   0.921
   0.914
   0.905
   0.898
   0.888
   0.877
   0.861
   0.839
   0.811
   0.780
   0.740
   0.707
   0.682
   0.655
   0.569
   0.000
 -65.534
 -65.534
 -65.534
 -65.534
 -65.534
 -65.534
 -65.534
 -65.534
 -65.534
 -65.534
 -65.534
 -65.534
 -65.534
 -65.534
 -65.534
 -65.534
 -65.534
 -65.534
 -65.534
 -65.534
   0.518
   0.528
   0.536
   0.539
   0.537
   0.533
   0.544
   0.593
   0.648
   0.690
   0.706
   0.715
   0.706
   0.685
   0.650
   0.567
 -65.534
 -65.534
 -65.534
 -65.534
   0.692
   0.770
   0.832
   0.883
   0.925
   0.948
   0.959
   0.964
   0.967
   0.965
   0.965
   0.960
   0.956
   0.947
   0.939
   0.931
   0.924
   0.917
   0.903
   0.888
   0.864
   0.830
   0.790
   0.744
   0.690
   0.645
   0.607
   0.516
   0.000
 -65.534
 -65.534
 -65.534
 -65.534
 -65.534
 -65.534
 -65.534
 -65.534
 -65.534
 -65.534
 -65.534
 -65.534
 -65.534
 -65.534
 -65.534
 -65.534
 -65.534
 -65.534
 -65.534
 -65.534
 -65.534
 -65.534
 -65.534
 -65.534
   0.500
   0.504
   0.531
   0.590
   0.638
   0.669
   0.681
   0.683
   0.665
   0.634
   0.589
   0.500
 -65.534
 -65.534
 -65.534
 -65.534
 -65.534
 -65.534
   0.768
   0.869
   0.924
   0.953
   0.955
   0.953
   0.952
   0.950
   0.953
   0.956
   0.957
   0.953
   0.948
   0.942
   0.934
   0.926
   0.917
   0.903
   0.879
   0.846
   0.800
   0.744
   0.685
   0.620
   0.558
   0.463
   0.000
 -65.534
 -65.534
 -65.534
 -65.534
 -65.534
 -65.534
 -65.534
 -65.534
 -65.534
 -65.534
 -65.534
 -65.534
 -65.534
 -65.534
 -65.534
 -65.534
 -65.534
 -65.534
 -65.534
 -65.534
 -65.534
 -65.534
 -65.534
 -65.534
   0.469
   0.473
   0.499
   0.559
   0.609
   0.636
   0.636
   0.636
   0.618
   0.592
   0.552
   0.477
 -65.534
 -65.534
 -65.534
 -65.534
 -65.534
 -65.534
 -65.534
   0.790
   0.873
   0.900
   0.906
   0.901
   0.902
   0.907
   0.916
   0.926
   0.931
   0.936
   0.937
   0.931
   0.926
   0.917
   0.907
   0.897
   0.880
   0.847
   0.805
   0.750
   0.682
   0.608
   0.529
   0.412
   0.000
 -65.534
 -65.534
 -65.534
 -65.534
 -65.534
 -65.534
 -65.534
 -65.534
 -65.534
 -65.534
 -65.534
 -65.534
 -65.534
 -65.534
 -65.534
 -65.534
 -65.534
 -65.534
 -65.534
 -65.534
 -65.534
 -65.534
 -65.534
 -65.534
 -65.534
 -65.534
 -65.534
 -65.534
 -65.534
   0.549
   0.556
   0.556
   0.569
   0.556
   0.520
   0.462
   0.238
 -65.534
 -65.534
 -65.534
 -65.534
 -65.534
 -65.534
   0.615
   0.645
 -65.534
   0.741
   0.784
   0.816
   0.851
   0.869
   0.883
   0.894
   0.903
   0.906
   0.906
   0.901
   0.893
   0.883
   0.873
   0.857
   0.830
   0.794
   0.746
   0.681
   0.600
   0.510
   0.387
   0.000
 -65.534
 -65.534
 -65.534
 -65.534
 -65.534
 -65.534
 -65.534
 -65.534
 -65.534
 -65.534
 -65.534
 -65.534
 -65.534
 -65.534
 -65.534
 -65.534
 -65.534
 -65.534
 -65.534
 -65.534
 -65.534
 -65.534
 -65.534
 -65.534
 -65.534
 -65.534
 -65.534
 -65.534
 -65.534
 -65.534
 -65.534
 -65.534
   0.482
   0.503
   0.483
   0.444
   0.281
   0.179
 -65.534
 -65.534
 -65.534
 -65.534
 -65.534
 -65.534
 -65.534
 -65.534
 -65.534
 -65.534
 -65.534
   0.666
   0.755
   0.800
   0.836
   0.842
   0.848
   0.850
   0.843
   0.837
   0.831
   0.824
   0.811
   0.789
   0.760
   0.722
   0.666
   0.591
   0.502
   0.376
   0.000
 -65.534
 -65.534
 -65.534
 -65.534
 -65.534
 -65.534
 -65.534
 -65.534
 -65.534
 -65.534
 -65.534
 -65.534
 -65.534
 -65.534
 -65.534
 -65.534
 -65.534
 -65.534
 -65.534
 -65.534
 -65.534
 -65.534
 -65.534
 -65.534
 -65.534
 -65.534
 -65.534
 -65.534
 -65.534
 -65.534
 -65.534
 -65.534
   0.358
   0.374
   0.370
   0.340
   0.279
   0.214
   0.156
   0.123
 -65.534
 -65.534
 -65.534
 -65.534
 -65.534
 -65.534
 -65.534
 -65.534
 -65.534
 -65.534
 -65.534
 -65.534
   0.629
   0.690
   0.717
   0.759
   0.758
   0.756
   0.754
   0.750
   0.743
   0.728
   0.709
   0.678
   0.636
   0.575
   0.496
   0.378
   0.000
 -65.534
 -65.534
 -65.534
 -65.534
 -65.534
 -65.534
 -65.534
 -65.534
 -65.534
 -65.534
 -65.534
 -65.534
 -65.534
 -65.534
 -65.534
 -65.534
 -65.534
 -65.534
 -65.534
 -65.534
 -65.534
 -65.534
 -65.534
 -65.534
 -65.534
 -65.534
 -65.534
 -65.534
 -65.534
 -65.534
 -65.534
 -65.534
 -65.534
 -65.534
 -65.534
 -65.534
   0.212
   0.199
   0.173
   0.150
   0.122
   0.101
   0.089
   0.079
   0.071
 -65.534
 -65.534
 -65.534
 -65.534
 -65.534
 -65.534
 -65.534
 -65.534
 -65.534
 -65.534
   0.592
   0.654
   0.668
   0.675
   0.674
   0.668
   0.660
   0.646
   0.626
   0.593
   0.545
   0.481
   0.379
   0.000
 -65.534
 -65.534
 -65.534
 -65.534
 -65.534
 -65.534
 -65.534
 -65.534
 -65.534
 -65.534
 -65.534
 -65.534
 -65.534
 -65.534
 -65.534
 -65.534
 -65.534
 -65.534
 -65.534
 -65.534
 -65.534
 -65.534
 -65.534
 -65.534
 -65.534
 -65.534
 -65.534
 -65.534
 -65.534
 -65.534
 -65.534
 -65.534
 -65.534
 -65.534
 -65.534
 -65.534
 -65.534
 -65.534
 -65.534
 -65.534
   0.091
 -65.534
 -65.534
 -65.534
 -65.534
 -65.534
 -65.534
 -65.534
 -65.534
 -65.534
 -65.534
 -65.534
 -65.534
 -65.534
 -65.534
   0.459
   0.532
   0.557
   0.566
   0.589
   0.585
   0.574
   0.565
   0.554
   0.535
   0.506
   0.459
   0.370
   0.000
 -65.534
 -65.534
 -65.534
 -65.534
 -65.534
 -65.534
 -65.534
 -65.534
 -65.534
 -65.534
 -65.534
 -65.534
 -65.534
 -65.534
 -65.534
 -65.534
 -65.534
 -65.534
 -65.534
 -65.534
 -65.534
 -65.534
 -65.534
 -65.534
 -65.534
 -65.534
 -65.534
 -65.534
 -65.534
 -65.534
 -65.534
 -65.534
 -65.534
 -65.534
 -65.534
 -65.534
 -65.534
 -65.534
 -65.534
 -65.534
 -65.534
 -65.534
 -65.534
 -65.534
 -65.534
 -65.534
 -65.534
 -65.534
 -65.534
 -65.534
 -65.534
 -65.534
 -65.534
 -65.534
 -65.534
 -65.534
 -65.534
 -65.534
 -65.534
   0.436
   0.463
   0.459
   0.450
   0.446
   0.443
   0.431
   0.405
   0.341
   0.000
 -65.534
 -65.534
 -65.534
 -65.534
 -65.534
 -65.534
 -65.534
 -65.534
 -65.534
 -65.534
 -65.534
 -65.534
 -65.534
 -65.534
 -65.534
 -65.534
 -65.534
 -65.534
 -65.534
 -65.534
 -65.534
 -65.534
 -65.534
 -65.534
 -65.534
 -65.534
 -65.534
 -65.534
 -65.534
 -65.534
 -65.534
 -65.534
 -65.534
 -65.534
 -65.534
 -65.534
 -65.534
 -65.534
 -65.534
 -65.534
 -65.534
 -65.534
 -65.534
 -65.534
 -65.534
 -65.534
 -65.534
 -65.534
 -65.534
 -65.534
 -65.534
 -65.534
 -65.534
 -65.534
 -65.534
 -65.534
 -65.534
 -65.534
 -65.534
 -65.534
 -65.534
   0.000
   0.000
   0.000
   0.000
   0.000
   0.000
   0.000
 -65.534
