 -65.534
   0.000
   0.000
   0.000
   0.000
   0.000
   0.000
   0.000
   0.000
   0.000
   0.000
   0.000
   0.000
   0.000
   0.000
   0.000
   0.000
   0.000
   0.000
   0.000
   0.000
   0.000
   0.000
   0.000
   0.000
   0.000
   0.000
   0.000
   0.000
   0.000
   0.000
   0.000
   0.000
   0.000
   0.000
   0.000
   0.000
   0.000
   0.000
   0.000
   0.000
   0.000
   0.000
   0.000
   0.000
   0.000
   0.000
   0.000
   0.000
   0.000
   0.000
   0.000
   0.000
   0.000
   0.000
   0.000
   0.000
   0.000
   0.000
   0.000
   0.000
   0.000
   0.000
   0.000
   0.000
   0.000
   0.000
   0.000
 -65.534
   0.000
   2.078
   2.262
   2.308
   2.346
   2.358
   2.350
   2.328
   2.306
   2.292
   2.286
   2.298
   2.326
   2.366
   2.416
   2.480
   2.550
   2.634
   2.740
   2.866
   3.006
   3.150
   3.318
   3.494
   3.636
   3.740
   3.826
   3.898
   3.938
   3.960
   3.978
   4.074
   4.170
   4.286
   4.410
   4.506
   4.618
   4.658
   4.602
   4.444
   4.228
   4.024
   3.794
   3.484
   3.226
   3.004
   2.774
   2.538
   2.356
   2.188
   2.040
   1.934
   1.824
   1.750
   1.688
   1.624
   1.544
   1.470
   1.410
   1.352
   1.298
   1.248
   1.202
   1.150
   1.094
   1.056
   1.024
   0.990
   0.000
   0.000
   2.422
   2.608
   2.646
   2.676
   2.674
   2.650
   2.610
   2.566
   2.536
   2.516
   2.506
   2.510
   2.536
   2.578
   2.638
   2.714
   2.812
   2.942
   3.106
   3.296
   3.502
   3.744
   3.988
   4.164
   4.266
   4.340
   4.406
   4.454
   4.504
   4.596
   4.718
   4.872
   5.056
   5.252
   5.418
   5.578
   5.688
   5.682
   5.566
   5.406
   5.204
   4.936
   4.612
   4.266
   3.968
   3.654
   3.352
   3.074
   2.836
   2.624
   2.456
   2.324
   2.208
   2.100
   2.002
   1.898
   1.810
   1.732
   1.662
   1.602
   1.544
   1.482
   1.422
   1.364
   1.308
   1.262
   1.198
   0.000
   0.000
   2.514
   2.700
   2.736
   2.766
   2.766
   2.744
   2.706
   2.666
   2.630
   2.606
   2.594
   2.602
   2.624
   2.666
   2.728
   2.806
   2.916
   3.066
   3.260
   3.486
   3.746
   4.038
   4.326
   4.516
   4.600
   4.648
   4.668
   4.682
   4.732
   4.842
   4.994
   5.190
   5.468
   5.724
   5.966
   6.160
   6.272
   6.306
   6.232
   6.078
   5.840
   5.572
   5.240
   4.892
   4.552
   4.220
   3.878
   3.552
   3.260
   2.984
   2.772
   2.604
   2.466
   2.342
   2.218
   2.108
   2.010
   1.930
   1.848
   1.772
   1.704
   1.642
   1.576
   1.510
   1.452
   1.398
   1.318
   0.000
   0.000
   2.550
   2.744
   2.782
   2.818
   2.826
   2.810
   2.782
   2.748
   2.720
   2.702
   2.694
   2.704
   2.728
   2.770
   2.834
   2.920
   3.042
   3.214
   3.436
   3.694
   3.982
   4.312
   4.620
   4.806
   4.868
   4.886
   4.834
   4.768
   4.784
   4.902
   5.088
   5.332
   5.668
   6.022
   6.318
   6.554
   6.722
   6.742
   6.682
   6.536
   6.310
   6.028
   5.708
   5.366
   5.024
   4.666
   4.302
   3.950
   3.598
   3.276
   3.006
   2.810
   2.648
   2.508
   2.384
   2.272
   2.168
   2.072
   1.980
   1.902
   1.834
   1.764
   1.694
   1.624
   1.556
   1.496
   1.406
   0.000
   0.000
   2.554
   2.758
   2.804
   2.850
   2.868
   2.866
   2.850
   2.828
   2.810
   2.802
   2.800
   2.812
   2.840
   2.886
   2.954
   3.048
   3.184
   3.374
   3.614
   3.888
   4.178
   4.530
   4.840
   5.008
   5.056
   5.020
   4.888
   4.734
   4.710
   4.850
   5.062
   5.374
   5.796
   6.212
   6.556
   6.808
   7.012
   7.062
   7.002
   6.860
   6.650
   6.396
   6.100
   5.754
   5.384
   5.002
   4.644
   4.262
   3.872
   3.500
   3.192
   2.950
   2.774
   2.622
   2.494
   2.382
   2.282
   2.178
   2.082
   1.996
   1.924
   1.858
   1.790
   1.718
   1.648
   1.582
   1.480
   0.000
   0.000
   2.542
   2.754
   2.810
   2.866
   2.898
   2.912
   2.910
   2.902
   2.898
   2.896
   2.902
   2.920
   2.952
   3.002
   3.076
   3.178
   3.318
   3.512
   3.754
   4.022
   4.324
   4.670
   4.962
   5.120
   5.118
   5.016
   4.812
   4.592
   4.526
   4.702
   4.962
   5.370
   5.816
   6.300
   6.688
   7.010
   7.184
   7.244
   7.198
   7.080
   6.904
   6.662
   6.360
   6.006
   5.660
   5.286
   4.906
   4.496
   4.078
   3.676
   3.344
   3.074
   2.866
   2.710
   2.576
   2.462
   2.354
   2.256
   2.158
   2.070
   1.996
   1.928
   1.862
   1.798
   1.728
   1.662
   1.552
   0.000
   0.000
   2.530
   2.746
   2.812
   2.878
   2.918
   2.946
   2.958
   2.964
   2.970
   2.978
   2.992
   3.014
   3.052
   3.108
   3.184
   3.282
   3.416
   3.594
   3.816
   4.070
   4.340
   4.654
   4.928
   5.044
   4.992
   4.838
   4.582
   4.330
   4.270
   4.484
   4.828
   5.294
   5.800
   6.342
   6.738
   7.064
   7.254
   7.318
   7.290
   7.190
   7.024
   6.798
   6.534
   6.198
   5.828
   5.470
   5.080
   4.658
   4.222
   3.812
   3.460
   3.182
   2.960
   2.788
   2.644
   2.520
   2.406
   2.300
   2.202
   2.118
   2.042
   1.974
   1.912
   1.854
   1.794
   1.724
   1.614
   0.000
   0.000
   2.498
   2.728
   2.798
   2.874
   2.924
   2.964
   2.988
   3.006
   3.022
   3.038
   3.060
   3.090
   3.134
   3.192
   3.268
   3.358
   3.474
   3.628
   3.820
   4.048
   4.282
   4.544
   4.800
   4.878
   4.772
   4.568
   4.292
   4.032
   3.998
   4.270
   4.692
   5.190
   5.770
   6.314
   6.732
   7.044
   7.220
   7.292
   7.282
   7.206
   7.056
   6.848
   6.594
   6.312
   5.966
   5.584
   5.184
   4.760
   4.320
   3.920
   3.562
   3.278
   3.046
   2.862
   2.706
   2.566
   2.440
   2.324
   2.222
   2.132
   2.060
   1.994
   1.936
   1.884
   1.830
   1.770
   1.654
   0.000
   0.000
   2.450
   2.692
   2.768
   2.852
   2.912
   2.962
   3.000
   3.030
   3.056
   3.082
   3.112
   3.148
   3.194
   3.256
   3.326
   3.404
   3.500
   3.626
   3.784
   3.976
   4.192
   4.420
   4.632
   4.670
   4.522
   4.296
   3.990
   3.762
   3.802
   4.114
   4.560
   5.094
   5.716
   6.264
   6.676
   6.976
   7.166
   7.224
   7.218
   7.162
   7.040
   6.852
   6.608
   6.332
   6.018
   5.640
   5.230
   4.814
   4.378
   3.982
   3.638
   3.348
   3.108
   2.916
   2.748
   2.592
   2.448
   2.316
   2.204
   2.106
   2.034
   1.974
   1.922
   1.876
   1.832
   1.782
   1.674
   0.000
   0.000
   2.384
   2.642
   2.726
   2.820
   2.890
   2.950
   3.000
   3.038
   3.072
   3.106
   3.140
   3.178
   3.228
   3.288
   3.356
   3.426
   3.504
   3.608
   3.736
   3.884
   4.058
   4.276
   4.454
   4.458
   4.294
   4.028
   3.736
   3.604
   3.712
   4.030
   4.472
   5.000
   5.610
   6.152
   6.554
   6.846
   7.028
   7.100
   7.100
   7.064
   6.956
   6.784
   6.586
   6.294
   5.970
   5.630
   5.226
   4.814
   4.392
   4.000
   3.664
   3.374
   3.128
   2.922
   2.740
   2.568
   2.408
   2.264
   2.142
   2.042
   1.968
   1.916
   1.872
   1.834
   1.798
   1.760
   1.664
   0.000
   0.000
   2.288
   2.564
   2.660
   2.764
   2.846
   2.918
   2.978
   3.026
   3.068
   3.106
   3.142
   3.184
   3.234
   3.294
   3.362
   3.426
   3.492
   3.576
   3.680
   3.804
   3.952
   4.130
   4.298
   4.298
   4.160
   3.944
   3.700
   3.614
   3.732
   4.048
   4.458
   4.962
   5.538
   6.050
   6.422
   6.692
   6.870
   6.934
   6.952
   6.930
   6.826
   6.662
   6.462
   6.196
   5.884
   5.560
   5.162
   4.760
   4.350
   3.970
   3.644
   3.354
   3.100
   2.884
   2.686
   2.494
   2.316
   2.162
   2.038
   1.940
   1.872
   1.830
   1.800
   1.774
   1.746
   1.716
   1.632
   0.000
   0.000
   2.142
   2.456
   2.566
   2.684
   2.778
   2.860
   2.930
   2.986
   3.034
   3.078
   3.120
   3.164
   3.214
   3.278
   3.340
   3.396
   3.456
   3.528
   3.620
   3.730
   3.864
   4.034
   4.196
   4.226
   4.140
   3.996
   3.820
   3.740
   3.818
   4.132
   4.492
   4.944
   5.482
   5.942
   6.276
   6.516
   6.670
   6.730
   6.746
   6.724
   6.624
   6.464
   6.272
   6.022
   5.724
   5.416
   5.038
   4.650
   4.256
   3.896
   3.578
   3.290
   3.030
   2.802
   2.584
   2.378
   2.192
   2.038
   1.912
   1.820
   1.758
   1.726
   1.708
   1.694
   1.674
   1.652
   1.578
   0.000
 -65.534
 -65.534
   2.230
   2.464
   2.576
   2.684
   2.776
   2.858
   2.926
   2.984
   3.036
   3.080
   3.126
   3.178
   3.236
   3.292
   3.344
   3.396
   3.462
   3.548
   3.650
   3.770
   3.932
   4.096
   4.162
   4.146
   4.088
   3.982
   3.902
   3.978
   4.208
   4.486
   4.932
   5.426
   5.818
   6.068
   6.268
   6.390
   6.432
   6.442
   6.410
   6.310
   6.158
   5.978
   5.748
   5.468
   5.174
   4.830
   4.452
   4.088
   3.742
   3.432
   3.146
   2.890
   2.658
   2.434
   2.226
   2.048
   1.900
   1.784
   1.694
   1.638
   1.608
   1.598
   1.592
   1.582
   1.566
   1.504
   0.000
 -65.534
 -65.534
 -65.534
   2.238
   2.474
   2.570
   2.676
   2.766
   2.842
   2.910
   2.970
   3.022
   3.072
   3.126
   3.180
   3.234
   3.282
   3.332
   3.390
   3.466
   3.562
   3.680
   3.826
   3.982
   4.084
   4.130
   4.146
   4.118
   4.072
   4.108
   4.262
   4.512
   4.882
   5.222
   5.438
   5.826
   6.002
   6.048
   6.062
   6.050
   6.000
   5.882
   5.734
   5.562
   5.352
   5.094
   4.824
   4.508
   4.160
   3.818
   3.506
   3.212
   2.934
   2.694
   2.466
   2.254
   2.066
   1.912
   1.778
   1.672
   1.588
   1.530
   1.494
   1.476
   1.470
   1.466
   1.460
   1.410
   0.000
 -65.534
 -65.534
 -65.534
 -65.534
   2.268
   2.436
   2.544
   2.642
   2.730
   2.810
   2.880
   2.940
   2.998
   3.060
   3.120
   3.174
   3.220
   3.262
   3.316
   3.382
   3.462
   3.566
   3.702
   3.842
   3.962
   4.058
   4.134
   4.166
   4.166
   4.202
   4.306
   4.476
   4.712
   4.948
   5.142
   5.378
   5.424
   5.648
   5.656
   5.596
   5.520
   5.396
   5.238
   5.064
   4.852
   4.610
   4.356
   4.078
   3.778
   3.466
   3.200
   2.928
   2.676
   2.464
   2.256
   2.072
   1.920
   1.786
   1.680
   1.590
   1.514
   1.450
   1.400
   1.368
   1.352
   1.348
   1.348
   1.312
   0.000
 -65.534
 -65.534
 -65.534
 -65.534
   2.060
   2.258
   2.374
   2.486
   2.584
   2.674
   2.758
   2.836
   2.910
   2.982
   3.050
   3.106
   3.152
   3.190
   3.234
   3.284
   3.352
   3.446
   3.560
   3.690
   3.812
   3.926
   4.026
   4.098
   4.136
   4.190
   4.270
   4.370
   4.522
   4.676
   4.800
   4.902
   4.960
   5.068
   5.002
   5.068
   4.994
   4.848
   4.682
   4.498
   4.294
   4.068
   3.832
   3.590
   3.326
   3.072
   2.842
   2.610
   2.412
   2.218
   2.048
   1.906
   1.780
   1.678
   1.600
   1.522
   1.454
   1.388
   1.332
   1.286
   1.256
   1.242
   1.242
   1.216
   0.000
 -65.534
 -65.534
 -65.534
 -65.534
   1.846
   2.056
   2.182
   2.306
   2.416
   2.520
   2.616
   2.704
   2.790
   2.874
   2.948
   3.008
   3.058
   3.094
   3.132
   3.176
   3.232
   3.308
   3.402
   3.508
   3.616
   3.726
   3.836
   3.928
   3.996
   4.064
   4.126
   4.182
   4.266
   4.362
   4.428
   4.474
   4.504
   4.500
   4.446
   4.448
   4.406
   4.262
   4.094
   3.916
   3.718
   3.514
   3.310
   3.100
   2.886
   2.676
   2.484
   2.306
   2.130
   1.982
   1.850
   1.732
   1.638
   1.562
   1.496
   1.436
   1.376
   1.316
   1.262
   1.214
   1.178
   1.160
   1.156
   1.136
   0.000
 -65.534
 -65.534
 -65.534
 -65.534
   1.520
   1.738
   1.886
   2.054
   2.226
   2.328
   2.436
   2.536
   2.630
   2.722
   2.804
   2.874
   2.932
   2.974
   3.014
   3.052
   3.096
   3.154
   3.226
   3.306
   3.394
   3.482
   3.574
   3.658
   3.734
   3.808
   3.864
   3.898
   3.942
   3.988
   4.014
   4.022
   4.024
   3.980
   3.914
   3.848
   3.784
   3.652
   3.496
   3.336
   3.166
   2.986
   2.814
   2.640
   2.460
   2.296
   2.142
   2.002
   1.868
   1.748
   1.646
   1.558
   1.484
   1.422
   1.366
   1.314
   1.262
   1.212
   1.168
   1.130
   1.104
   1.092
   1.092
   1.072
   0.000
 -65.534
 -65.534
 -65.534
 -65.534
 -65.534
 -65.534
 -65.534
 -65.534
   1.942
   2.092
   2.208
   2.322
   2.430
   2.536
   2.630
   2.712
   2.780
   2.830
   2.870
   2.906
   2.942
   2.986
   3.038
   3.092
   3.150
   3.210
   3.282
   3.348
   3.412
   3.470
   3.508
   3.524
   3.542
   3.554
   3.542
   3.522
   3.494
   3.436
   3.350
   3.256
   3.166
   3.048
   2.918
   2.784
   2.650
   2.506
   2.362
   2.220
   2.076
   1.940
   1.822
   1.716
   1.620
   1.532
   1.456
   1.388
   1.328
   1.274
   1.224
   1.178
   1.132
   1.092
   1.058
   1.038
   1.030
   1.030
   1.038
   1.026
   0.000
 -65.534
 -65.534
 -65.534
 -65.534
 -65.534
 -65.534
   0.728
   1.152
   1.652
   1.824
   1.948
   2.076
   2.200
   2.316
   2.418
   2.508
   2.586
   2.646
   2.694
   2.738
   2.774
   2.810
   2.844
   2.874
   2.908
   2.944
   2.986
   3.030
   3.070
   3.106
   3.122
   3.116
   3.102
   3.080
   3.042
   3.000
   2.952
   2.878
   2.780
   2.682
   2.588
   2.488
   2.384
   2.286
   2.190
   2.078
   1.964
   1.850
   1.736
   1.630
   1.542
   1.468
   1.404
   1.346
   1.290
   1.238
   1.190
   1.140
   1.094
   1.052
   1.012
   0.980
   0.960
   0.954
   0.960
   0.972
   0.988
   0.978
   0.000
 -65.534
 -65.534
 -65.534
 -65.534
 -65.534
 -65.534
 -65.534
 -65.534
 -65.534
   1.428
   1.566
   1.688
   1.808
   1.930
   2.072
   2.262
   2.338
   2.416
   2.476
   2.530
   2.574
   2.608
   2.632
   2.650
   2.662
   2.674
   2.690
   2.710
   2.726
   2.734
   2.722
   2.692
   2.654
   2.610
   2.552
   2.490
   2.424
   2.344
   2.248
   2.158
   2.078
   1.994
   1.916
   1.852
   1.786
   1.706
   1.616
   1.530
   1.446
   1.368
   1.306
   1.258
   1.220
   1.182
   1.144
   1.108
   1.068
   1.026
   0.984
   0.946
   0.914
   0.892
   0.882
   0.884
   0.896
   0.912
   0.930
   0.920
   0.000
 -65.534
 -65.534
 -65.534
 -65.534
 -65.534
 -65.534
 -65.534
 -65.534
 -65.534
 -65.534
 -65.534
 -65.534
 -65.534
 -65.534
 -65.534
   1.802
   1.904
   1.992
   2.096
   2.280
   2.330
   2.366
   2.390
   2.400
   2.398
   2.394
   2.392
   2.390
   2.384
   2.366
   2.334
   2.288
   2.234
   2.176
   2.108
   2.038
   1.966
   1.886
   1.798
   1.718
   1.654
   1.594
   1.538
   1.490
   1.444
   1.388
   1.326
   1.266
   1.208
   1.156
   1.114
   1.084
   1.060
   1.036
   1.012
   0.986
   0.956
   0.922
   0.888
   0.858
   0.834
   0.820
   0.816
   0.820
   0.834
   0.852
   0.870
   0.858
   0.000
 -65.534
 -65.534
 -65.534
 -65.534
 -65.534
 -65.534
 -65.534
 -65.534
 -65.534
 -65.534
 -65.534
 -65.534
 -65.534
 -65.534
 -65.534
 -65.534
 -65.534
 -65.534
 -65.534
   1.986
   2.046
   2.084
   2.110
   2.122
   2.118
   2.106
   2.094
   2.080
   2.060
   2.028
   1.986
   1.932
   1.876
   1.816
   1.754
   1.684
   1.618
   1.548
   1.472
   1.408
   1.360
   1.312
   1.260
   1.218
   1.184
   1.144
   1.102
   1.062
   1.026
   0.992
   0.964
   0.944
   0.926
   0.908
   0.890
   0.872
   0.850
   0.826
   0.804
   0.780
   0.762
   0.752
   0.750
   0.758
   0.774
   0.794
   0.814
   0.804
   0.000
 -65.534
 -65.534
 -65.534
 -65.534
 -65.534
 -65.534
 -65.534
 -65.534
 -65.534
 -65.534
 -65.534
 -65.534
 -65.534
 -65.534
 -65.534
 -65.534
 -65.534
 -65.534
   1.106
   1.674
   1.734
   1.776
   1.808
   1.824
   1.826
   1.818
   1.804
   1.786
   1.760
   1.726
   1.684
   1.636
   1.586
   1.538
   1.486
   1.434
   1.382
   1.326
   1.268
   1.218
   1.176
   1.132
   1.086
   1.042
   1.008
   0.974
   0.942
   0.916
   0.892
   0.868
   0.846
   0.830
   0.812
   0.796
   0.780
   0.766
   0.752
   0.738
   0.722
   0.706
   0.694
   0.686
   0.688
   0.700
   0.720
   0.744
   0.770
   0.766
   0.000
 -65.534
 -65.534
 -65.534
 -65.534
 -65.534
 -65.534
 -65.534
 -65.534
 -65.534
 -65.534
 -65.534
 -65.534
 -65.534
 -65.534
 -65.534
 -65.534
 -65.534
   0.794
   1.078
   1.344
   1.416
   1.460
   1.496
   1.520
   1.530
   1.528
   1.520
   1.508
   1.486
   1.460
   1.428
   1.390
   1.354
   1.322
   1.290
   1.254
   1.220
   1.182
   1.140
   1.102
   1.066
   1.030
   0.986
   0.944
   0.906
   0.868
   0.834
   0.810
   0.790
   0.772
   0.754
   0.738
   0.720
   0.702
   0.686
   0.674
   0.664
   0.656
   0.646
   0.638
   0.630
   0.630
   0.638
   0.656
   0.680
   0.710
   0.740
   0.744
   0.000
 -65.534
 -65.534
 -65.534
 -65.534
 -65.534
 -65.534
 -65.534
 -65.534
 -65.534
 -65.534
 -65.534
 -65.534
 -65.534
 -65.534
 -65.534
 -65.534
 -65.534
   0.748
   0.936
   1.060
   1.122
   1.164
   1.198
   1.226
   1.242
   1.252
   1.254
   1.250
   1.240
   1.226
   1.208
   1.190
   1.170
   1.150
   1.128
   1.104
   1.082
   1.058
   1.032
   1.006
   0.982
   0.954
   0.918
   0.882
   0.844
   0.800
   0.762
   0.740
   0.718
   0.700
   0.682
   0.664
   0.648
   0.630
   0.614
   0.604
   0.596
   0.588
   0.584
   0.582
   0.582
   0.588
   0.602
   0.624
   0.652
   0.684
   0.718
   0.730
   0.000
 -65.534
 -65.534
 -65.534
 -65.534
 -65.534
 -65.534
 -65.534
 -65.534
 -65.534
 -65.534
 -65.534
 -65.534
 -65.534
 -65.534
 -65.534
 -65.534
 -65.534
   0.678
   0.780
   0.844
   0.890
   0.924
   0.956
   0.982
   0.998
   1.008
   1.014
   1.020
   1.026
   1.030
   1.032
   1.028
   1.018
   1.006
   0.990
   0.970
   0.952
   0.934
   0.918
   0.900
   0.884
   0.864
   0.840
   0.812
   0.780
   0.740
   0.710
   0.686
   0.664
   0.644
   0.626
   0.610
   0.594
   0.578
   0.566
   0.556
   0.550
   0.546
   0.544
   0.546
   0.550
   0.560
   0.578
   0.602
   0.630
   0.662
   0.698
   0.714
   0.000
 -65.534
 -65.534
 -65.534
 -65.534
 -65.534
 -65.534
 -65.534
 -65.534
 -65.534
 -65.534
 -65.534
 -65.534
 -65.534
 -65.534
 -65.534
 -65.534
 -65.534
   0.590
   0.668
   0.712
   0.744
   0.768
   0.788
   0.804
   0.816
   0.826
   0.838
   0.850
   0.864
   0.878
   0.886
   0.890
   0.888
   0.882
   0.870
   0.854
   0.838
   0.824
   0.808
   0.794
   0.784
   0.768
   0.752
   0.730
   0.706
   0.684
   0.660
   0.630
   0.610
   0.596
   0.580
   0.568
   0.556
   0.544
   0.534
   0.528
   0.522
   0.522
   0.522
   0.528
   0.536
   0.548
   0.566
   0.588
   0.616
   0.644
   0.678
   0.694
   0.000
 -65.534
 -65.534
 -65.534
 -65.534
 -65.534
 -65.534
 -65.534
 -65.534
 -65.534
 -65.534
 -65.534
 -65.534
 -65.534
 -65.534
 -65.534
 -65.534
 -65.534
 -65.534
   0.578
   0.624
   0.644
   0.660
   0.674
   0.684
   0.694
   0.704
   0.716
   0.728
   0.744
   0.758
   0.768
   0.774
   0.776
   0.772
   0.766
   0.758
   0.750
   0.738
   0.724
   0.710
   0.696
   0.680
   0.670
   0.660
   0.646
   0.616
   0.596
   0.582
   0.568
   0.556
   0.546
   0.534
   0.526
   0.518
   0.512
   0.508
   0.506
   0.508
   0.512
   0.518
   0.530
   0.544
   0.562
   0.582
   0.606
   0.632
   0.662
   0.672
   0.000
 -65.534
 -65.534
 -65.534
 -65.534
 -65.534
 -65.534
 -65.534
 -65.534
 -65.534
 -65.534
 -65.534
 -65.534
 -65.534
 -65.534
 -65.534
 -65.534
 -65.534
 -65.534
 -65.534
   0.546
   0.576
   0.590
   0.600
   0.598
   0.606
   0.618
   0.624
   0.638
   0.652
   0.660
   0.668
   0.672
   0.674
   0.674
   0.674
   0.674
   0.650
   0.626
   0.616
   0.608
   0.622
   0.614
   0.600
   0.588
   0.576
   0.564
   0.552
   0.542
   0.532
   0.522
   0.514
   0.506
   0.502
   0.498
   0.496
   0.496
   0.496
   0.500
   0.508
   0.516
   0.528
   0.544
   0.560
   0.580
   0.602
   0.624
   0.650
   0.652
   0.000
 -65.534
 -65.534
 -65.534
 -65.534
 -65.534
 -65.534
 -65.534
 -65.534
 -65.534
 -65.534
 -65.534
 -65.534
 -65.534
 -65.534
 -65.534
 -65.534
 -65.534
 -65.534
 -65.534
 -65.534
   0.510
   0.516
   0.514
   0.526
   0.550
   0.558
   0.566
   0.574
   0.578
   0.580
   0.580
   0.580
   0.576
   0.570
   0.556
   0.524
 -65.534
 -65.534
 -65.534
 -65.534
   0.508
   0.530
   0.552
   0.542
   0.532
   0.522
   0.514
   0.506
   0.498
   0.492
   0.488
   0.486
   0.484
   0.484
   0.484
   0.488
   0.492
   0.498
   0.508
   0.518
   0.532
   0.548
   0.564
   0.582
   0.602
   0.622
   0.644
   0.636
   0.000
 -65.534
 -65.534
 -65.534
 -65.534
 -65.534
 -65.534
 -65.534
 -65.534
 -65.534
 -65.534
 -65.534
 -65.534
 -65.534
 -65.534
 -65.534
 -65.534
 -65.534
 -65.534
 -65.534
 -65.534
 -65.534
 -65.534
 -65.534
 -65.534
   0.492
   0.500
   0.508
   0.512
   0.516
   0.516
   0.514
   0.510
   0.502
   0.488
   0.466
   0.434
 -65.534
 -65.534
 -65.534
 -65.534
 -65.534
 -65.534
   0.450
   0.486
   0.488
   0.486
   0.480
   0.476
   0.474
   0.472
   0.470
   0.470
   0.472
   0.476
   0.482
   0.488
   0.496
   0.506
   0.516
   0.530
   0.544
   0.560
   0.576
   0.592
   0.608
   0.624
   0.642
   0.630
   0.000
 -65.534
 -65.534
 -65.534
 -65.534
 -65.534
 -65.534
 -65.534
 -65.534
 -65.534
 -65.534
 -65.534
 -65.534
 -65.534
 -65.534
 -65.534
 -65.534
 -65.534
 -65.534
 -65.534
 -65.534
 -65.534
 -65.534
 -65.534
 -65.534
   0.428
   0.432
   0.436
   0.438
   0.440
   0.452
   0.446
   0.438
   0.424
   0.408
   0.386
   0.362
 -65.534
 -65.534
 -65.534
 -65.534
 -65.534
 -65.534
 -65.534
   0.426
   0.450
   0.444
   0.454
   0.456
   0.456
   0.458
   0.460
   0.466
   0.470
   0.478
   0.486
   0.498
   0.514
   0.528
   0.544
   0.560
   0.574
   0.588
   0.602
   0.614
   0.626
   0.638
   0.654
   0.636
   0.000
 -65.534
 -65.534
 -65.534
 -65.534
 -65.534
 -65.534
 -65.534
 -65.534
 -65.534
 -65.534
 -65.534
 -65.534
 -65.534
 -65.534
 -65.534
 -65.534
 -65.534
 -65.534
 -65.534
 -65.534
 -65.534
 -65.534
 -65.534
 -65.534
 -65.534
 -65.534
 -65.534
 -65.534
 -65.534
   0.372
   0.366
   0.358
   0.358
   0.342
   0.322
   0.298
   0.134
 -65.534
 -65.534
 -65.534
 -65.534
 -65.534
 -65.534
   0.352
   0.338
 -65.534
   0.398
   0.424
   0.438
   0.452
   0.458
   0.466
   0.474
   0.488
   0.502
   0.522
   0.546
   0.570
   0.590
   0.608
   0.622
   0.634
   0.644
   0.652
   0.660
   0.670
   0.684
   0.662
   0.000
 -65.534
 -65.534
 -65.534
 -65.534
 -65.534
 -65.534
 -65.534
 -65.534
 -65.534
 -65.534
 -65.534
 -65.534
 -65.534
 -65.534
 -65.534
 -65.534
 -65.534
 -65.534
 -65.534
 -65.534
 -65.534
 -65.534
 -65.534
 -65.534
 -65.534
 -65.534
 -65.534
 -65.534
 -65.534
 -65.534
 -65.534
 -65.534
   0.298
   0.290
   0.276
   0.252
   0.174
   0.086
 -65.534
 -65.534
 -65.534
 -65.534
 -65.534
 -65.534
 -65.534
 -65.534
 -65.534
 -65.534
 -65.534
   0.404
   0.438
   0.464
   0.484
   0.500
   0.520
   0.550
   0.584
   0.614
   0.638
   0.660
   0.676
   0.690
   0.700
   0.708
   0.718
   0.728
   0.738
   0.720
   0.000
 -65.534
 -65.534
 -65.534
 -65.534
 -65.534
 -65.534
 -65.534
 -65.534
 -65.534
 -65.534
 -65.534
 -65.534
 -65.534
 -65.534
 -65.534
 -65.534
 -65.534
 -65.534
 -65.534
 -65.534
 -65.534
 -65.534
 -65.534
 -65.534
 -65.534
 -65.534
 -65.534
 -65.534
 -65.534
 -65.534
 -65.534
 -65.534
   0.244
   0.242
   0.238
   0.220
   0.186
   0.140
   0.084
   0.038
 -65.534
 -65.534
 -65.534
 -65.534
 -65.534
 -65.534
 -65.534
 -65.534
 -65.534
 -65.534
 -65.534
 -65.534
   0.436
   0.488
   0.530
   0.574
   0.612
   0.646
   0.676
   0.702
   0.726
   0.746
   0.764
   0.780
   0.794
   0.806
   0.818
   0.802
   0.000
 -65.534
 -65.534
 -65.534
 -65.534
 -65.534
 -65.534
 -65.534
 -65.534
 -65.534
 -65.534
 -65.534
 -65.534
 -65.534
 -65.534
 -65.534
 -65.534
 -65.534
 -65.534
 -65.534
 -65.534
 -65.534
 -65.534
 -65.534
 -65.534
 -65.534
 -65.534
 -65.534
 -65.534
 -65.534
 -65.534
 -65.534
 -65.534
 -65.534
 -65.534
 -65.534
 -65.534
   0.146
   0.144
   0.120
   0.092
   0.062
   0.042
   0.028
   0.020
   0.018
 -65.534
 -65.534
 -65.534
 -65.534
 -65.534
 -65.534
 -65.534
 -65.534
 -65.534
 -65.534
   0.516
   0.606
   0.656
   0.696
   0.732
   0.766
   0.796
   0.822
   0.846
   0.868
   0.888
   0.904
   0.894
   0.000
 -65.534
 -65.534
 -65.534
 -65.534
 -65.534
 -65.534
 -65.534
 -65.534
 -65.534
 -65.534
 -65.534
 -65.534
 -65.534
 -65.534
 -65.534
 -65.534
 -65.534
 -65.534
 -65.534
 -65.534
 -65.534
 -65.534
 -65.534
 -65.534
 -65.534
 -65.534
 -65.534
 -65.534
 -65.534
 -65.534
 -65.534
 -65.534
 -65.534
 -65.534
 -65.534
 -65.534
 -65.534
 -65.534
 -65.534
 -65.534
   0.046
 -65.534
 -65.534
 -65.534
 -65.534
 -65.534
 -65.534
 -65.534
 -65.534
 -65.534
 -65.534
 -65.534
 -65.534
 -65.534
 -65.534
   0.502
   0.592
   0.652
   0.698
   0.744
   0.786
   0.824
   0.858
   0.890
   0.922
   0.950
   0.976
   0.968
   0.000
 -65.534
 -65.534
 -65.534
 -65.534
 -65.534
 -65.534
 -65.534
 -65.534
 -65.534
 -65.534
 -65.534
 -65.534
 -65.534
 -65.534
 -65.534
 -65.534
 -65.534
 -65.534
 -65.534
 -65.534
 -65.534
 -65.534
 -65.534
 -65.534
 -65.534
 -65.534
 -65.534
 -65.534
 -65.534
 -65.534
 -65.534
 -65.534
 -65.534
 -65.534
 -65.534
 -65.534
 -65.534
 -65.534
 -65.534
 -65.534
 -65.534
 -65.534
 -65.534
 -65.534
 -65.534
 -65.534
 -65.534
 -65.534
 -65.534
 -65.534
 -65.534
 -65.534
 -65.534
 -65.534
 -65.534
 -65.534
 -65.534
 -65.534
 -65.534
   0.618
   0.746
   0.812
   0.848
   0.884
   0.924
   0.966
   1.000
   0.994
   0.000
 -65.534
 -65.534
 -65.534
 -65.534
 -65.534
 -65.534
 -65.534
 -65.534
 -65.534
 -65.534
 -65.534
 -65.534
 -65.534
 -65.534
 -65.534
 -65.534
 -65.534
 -65.534
 -65.534
 -65.534
 -65.534
 -65.534
 -65.534
 -65.534
 -65.534
 -65.534
 -65.534
 -65.534
 -65.534
 -65.534
 -65.534
 -65.534
 -65.534
 -65.534
 -65.534
 -65.534
 -65.534
 -65.534
 -65.534
 -65.534
 -65.534
 -65.534
 -65.534
 -65.534
 -65.534
 -65.534
 -65.534
 -65.534
 -65.534
 -65.534
 -65.534
 -65.534
 -65.534
 -65.534
 -65.534
 -65.534
 -65.534
 -65.534
 -65.534
 -65.534
 -65.534
   0.000
   0.000
   0.000
   0.000
   0.000
   0.000
   0.000
 -65.534
