 -65.534
   0.000
   0.000
   0.000
   0.000
   0.000
   0.000
   0.000
   0.000
   0.000
   0.000
   0.000
   0.000
   0.000
   0.000
   0.000
   0.000
   0.000
   0.000
   0.000
   0.000
   0.000
   0.000
   0.000
   0.000
   0.000
   0.000
   0.000
   0.000
   0.000
   0.000
   0.000
   0.000
   0.000
   0.000
   0.000
   0.000
   0.000
   0.000
   0.000
   0.000
   0.000
   0.000
   0.000
   0.000
   0.000
   0.000
   0.000
   0.000
   0.000
   0.000
   0.000
   0.000
   0.000
   0.000
   0.000
   0.000
   0.000
   0.000
   0.000
   0.000
   0.000
   0.000
   0.000
   0.000
   0.000
   0.000
   0.000
 -65.534
   0.000
   2.910
   3.304
   3.469
   3.620
   3.737
   3.824
   3.896
   3.961
   4.030
   4.100
   4.170
   4.244
   4.314
   4.353
   4.374
   4.382
   4.390
   4.409
   4.440
   4.487
   4.550
   4.625
   4.705
   4.727
   4.711
   4.678
   4.635
   4.582
   4.528
   4.475
   4.430
   4.384
   4.334
   4.249
   4.137
   4.018
   3.879
   3.698
   3.482
   3.248
   3.012
   2.765
   2.506
   2.292
   2.100
   1.926
   1.753
   1.608
   1.497
   1.413
   1.360
   1.339
   1.345
   1.424
   1.507
   1.601
   1.696
   1.779
   1.855
   1.925
   1.980
   2.042
   2.104
   2.132
   2.148
   2.204
   2.242
   0.000
   0.000
   3.131
   3.490
   3.623
   3.756
   3.853
   3.937
   4.016
   4.089
   4.169
   4.249
   4.322
   4.394
   4.455
   4.491
   4.510
   4.515
   4.521
   4.534
   4.568
   4.624
   4.695
   4.779
   4.864
   4.889
   4.879
   4.851
   4.814
   4.775
   4.744
   4.725
   4.701
   4.680
   4.651
   4.586
   4.486
   4.364
   4.215
   4.018
   3.791
   3.546
   3.284
   2.991
   2.701
   2.442
   2.231
   2.047
   1.868
   1.723
   1.608
   1.520
   1.471
   1.460
   1.481
   1.522
   1.591
   1.684
   1.781
   1.886
   1.987
   2.092
   2.192
   2.292
   2.385
   2.468
   2.544
   2.627
   2.658
   0.000
   0.000
   3.079
   3.403
   3.515
   3.626
   3.707
   3.785
   3.866
   3.945
   4.030
   4.116
   4.192
   4.257
   4.306
   4.336
   4.353
   4.361
   4.376
   4.400
   4.450
   4.525
   4.618
   4.726
   4.816
   4.857
   4.850
   4.819
   4.779
   4.742
   4.719
   4.717
   4.716
   4.726
   4.740
   4.706
   4.636
   4.525
   4.362
   4.162
   3.926
   3.666
   3.378
   3.071
   2.764
   2.487
   2.261
   2.078
   1.905
   1.753
   1.636
   1.542
   1.486
   1.464
   1.473
   1.510
   1.564
   1.634
   1.723
   1.826
   1.933
   2.053
   2.177
   2.303
   2.434
   2.551
   2.668
   2.770
   2.802
   0.000
   0.000
   3.017
   3.291
   3.377
   3.472
   3.546
   3.612
   3.686
   3.764
   3.855
   3.949
   4.029
   4.099
   4.151
   4.180
   4.203
   4.217
   4.240
   4.283
   4.348
   4.441
   4.554
   4.678
   4.779
   4.828
   4.822
   4.800
   4.750
   4.698
   4.676
   4.683
   4.706
   4.740
   4.788
   4.811
   4.770
   4.678
   4.534
   4.318
   4.076
   3.808
   3.500
   3.178
   2.862
   2.573
   2.333
   2.133
   1.951
   1.792
   1.648
   1.542
   1.475
   1.442
   1.438
   1.458
   1.503
   1.560
   1.627
   1.711
   1.821
   1.951
   2.089
   2.245
   2.396
   2.552
   2.693
   2.814
   2.850
   0.000
   0.000
   2.928
   3.172
   3.236
   3.325
   3.390
   3.452
   3.518
   3.594
   3.684
   3.780
   3.864
   3.935
   3.988
   4.020
   4.042
   4.061
   4.098
   4.153
   4.234
   4.340
   4.459
   4.602
   4.713
   4.765
   4.771
   4.746
   4.686
   4.619
   4.591
   4.606
   4.641
   4.707
   4.799
   4.856
   4.855
   4.784
   4.654
   4.449
   4.202
   3.923
   3.611
   3.289
   2.971
   2.670
   2.406
   2.172
   1.976
   1.793
   1.626
   1.490
   1.410
   1.361
   1.353
   1.368
   1.398
   1.442
   1.501
   1.576
   1.679
   1.814
   1.977
   2.149
   2.336
   2.508
   2.660
   2.793
   2.838
   0.000
   0.000
   2.830
   3.047
   3.098
   3.175
   3.241
   3.304
   3.372
   3.447
   3.533
   3.622
   3.705
   3.775
   3.826
   3.856
   3.880
   3.907
   3.948
   4.015
   4.106
   4.213
   4.341
   4.482
   4.599
   4.659
   4.668
   4.635
   4.563
   4.486
   4.447
   4.480
   4.533
   4.631
   4.734
   4.835
   4.874
   4.850
   4.734
   4.547
   4.308
   4.035
   3.732
   3.408
   3.077
   2.757
   2.479
   2.222
   1.990
   1.772
   1.576
   1.413
   1.302
   1.240
   1.223
   1.236
   1.265
   1.308
   1.358
   1.420
   1.519
   1.665
   1.836
   2.028
   2.222
   2.414
   2.590
   2.744
   2.797
   0.000
   0.000
   2.710
   2.905
   2.959
   3.033
   3.094
   3.166
   3.236
   3.314
   3.396
   3.482
   3.563
   3.629
   3.675
   3.707
   3.731
   3.758
   3.804
   3.873
   3.964
   4.072
   4.189
   4.319
   4.433
   4.489
   4.492
   4.455
   4.378
   4.295
   4.268
   4.316
   4.397
   4.518
   4.643
   4.770
   4.830
   4.838
   4.761
   4.606
   4.387
   4.129
   3.830
   3.507
   3.185
   2.859
   2.543
   2.259
   1.992
   1.730
   1.500
   1.310
   1.165
   1.081
   1.042
   1.046
   1.075
   1.120
   1.170
   1.240
   1.342
   1.481
   1.670
   1.883
   2.105
   2.319
   2.512
   2.677
   2.754
   0.000
   0.000
   2.529
   2.720
   2.780
   2.867
   2.941
   3.013
   3.093
   3.177
   3.264
   3.349
   3.428
   3.492
   3.540
   3.567
   3.589
   3.615
   3.657
   3.722
   3.810
   3.917
   4.024
   4.137
   4.244
   4.293
   4.278
   4.232
   4.161
   4.088
   4.076
   4.150
   4.259
   4.389
   4.543
   4.677
   4.760
   4.788
   4.737
   4.613
   4.434
   4.199
   3.915
   3.603
   3.282
   2.955
   2.630
   2.312
   2.008
   1.718
   1.448
   1.218
   1.032
   0.912
   0.843
   0.827
   0.846
   0.887
   0.941
   1.004
   1.134
   1.288
   1.491
   1.721
   1.970
   2.216
   2.437
   2.631
   2.709
   0.000
   0.000
   2.294
   2.475
   2.544
   2.649
   2.740
   2.832
   2.931
   3.024
   3.121
   3.212
   3.292
   3.359
   3.404
   3.434
   3.452
   3.474
   3.509
   3.566
   3.645
   3.746
   3.849
   3.955
   4.046
   4.084
   4.059
   4.017
   3.945
   3.890
   3.910
   4.002
   4.126
   4.271
   4.443
   4.587
   4.683
   4.732
   4.711
   4.606
   4.454
   4.251
   3.991
   3.699
   3.382
   3.057
   2.726
   2.392
   2.069
   1.749
   1.444
   1.156
   0.942
   0.778
   0.665
   0.617
   0.618
   0.657
   0.718
   0.805
   0.939
   1.124
   1.340
   1.590
   1.865
   2.134
   2.386
   2.606
   2.700
   0.000
   0.000
   2.062
   2.227
   2.294
   2.400
   2.507
   2.615
   2.729
   2.847
   2.957
   3.056
   3.142
   3.213
   3.265
   3.296
   3.321
   3.338
   3.368
   3.414
   3.479
   3.562
   3.655
   3.761
   3.846
   3.877
   3.858
   3.807
   3.750
   3.734
   3.781
   3.882
   4.011
   4.161
   4.338
   4.496
   4.604
   4.665
   4.660
   4.584
   4.458
   4.286
   4.055
   3.779
   3.481
   3.151
   2.812
   2.483
   2.146
   1.811
   1.464
   1.129
   0.892
   0.682
   0.520
   0.427
   0.423
   0.472
   0.554
   0.664
   0.829
   1.034
   1.276
   1.542
   1.834
   2.121
   2.393
   2.617
   2.710
   0.000
   0.000
   1.858
   2.001
   2.050
   2.146
   2.250
   2.361
   2.482
   2.614
   2.741
   2.862
   2.963
   3.046
   3.105
   3.147
   3.179
   3.201
   3.225
   3.262
   3.311
   3.382
   3.461
   3.553
   3.642
   3.684
   3.682
   3.655
   3.624
   3.630
   3.690
   3.797
   3.927
   4.083
   4.256
   4.414
   4.530
   4.592
   4.603
   4.543
   4.445
   4.301
   4.092
   3.840
   3.546
   3.221
   2.885
   2.548
   2.204
   1.863
   1.497
   1.140
   0.862
   0.614
   0.421
   0.303
   0.269
   0.320
   0.434
   0.584
   0.786
   1.032
   1.301
   1.591
   1.894
   2.190
   2.463
   2.679
   2.744
   0.000
   0.000
   1.631
   1.806
   1.829
   1.905
   1.997
   2.100
   2.217
   2.336
   2.468
   2.601
   2.721
   2.826
   2.908
   2.969
   3.013
   3.041
   3.069
   3.099
   3.144
   3.203
   3.272
   3.357
   3.448
   3.504
   3.527
   3.534
   3.534
   3.557
   3.619
   3.733
   3.860
   4.012
   4.184
   4.332
   4.440
   4.503
   4.510
   4.464
   4.381
   4.263
   4.087
   3.859
   3.578
   3.260
   2.924
   2.591
   2.243
   1.892
   1.530
   1.179
   0.883
   0.616
   0.393
   0.244
   0.186
   0.218
   0.357
   0.553
   0.800
   1.094
   1.402
   1.716
   2.031
   2.333
   2.597
   2.784
   2.789
   0.000
 -65.534
 -65.534
   1.526
   1.650
   1.665
   1.743
   1.834
   1.940
   2.051
   2.173
   2.301
   2.417
   2.534
   2.636
   2.720
   2.790
   2.842
   2.886
   2.923
   2.970
   3.023
   3.087
   3.166
   3.254
   3.323
   3.373
   3.411
   3.446
   3.483
   3.554
   3.664
   3.775
   3.925
   4.087
   4.219
   4.299
   4.348
   4.353
   4.314
   4.251
   4.151
   4.003
   3.803
   3.544
   3.245
   2.924
   2.597
   2.256
   1.909
   1.561
   1.220
   0.907
   0.637
   0.398
   0.241
   0.170
   0.193
   0.342
   0.576
   0.876
   1.210
   1.551
   1.884
   2.212
   2.507
   2.746
   2.904
   2.855
   0.000
 -65.534
 -65.534
 -65.534
   1.377
   1.456
   1.492
   1.577
   1.669
   1.771
   1.879
   1.995
   2.103
   2.216
   2.325
   2.424
   2.513
   2.590
   2.655
   2.713
   2.777
   2.836
   2.903
   2.980
   3.066
   3.143
   3.210
   3.273
   3.334
   3.388
   3.459
   3.556
   3.666
   3.802
   3.916
   3.989
   4.110
   4.150
   4.134
   4.097
   4.045
   3.962
   3.838
   3.661
   3.427
   3.153
   2.855
   2.546
   2.226
   1.901
   1.573
   1.257
   0.953
   0.694
   0.460
   0.296
   0.234
   0.285
   0.435
   0.692
   1.018
   1.375
   1.730
   2.069
   2.388
   2.671
   2.888
   3.024
   2.919
   0.000
 -65.534
 -65.534
 -65.534
 -65.534
   1.198
   1.282
   1.349
   1.424
   1.511
   1.603
   1.703
   1.801
   1.908
   2.017
   2.124
   2.220
   2.309
   2.388
   2.466
   2.538
   2.609
   2.689
   2.775
   2.863
   2.948
   3.032
   3.112
   3.189
   3.258
   3.331
   3.414
   3.503
   3.603
   3.689
   3.752
   3.821
   3.820
   3.859
   3.826
   3.774
   3.709
   3.608
   3.446
   3.239
   2.988
   2.727
   2.453
   2.168
   1.883
   1.590
   1.315
   1.037
   0.794
   0.601
   0.462
   0.417
   0.480
   0.646
   0.906
   1.239
   1.594
   1.942
   2.265
   2.565
   2.818
   3.015
   3.125
   2.989
   0.000
 -65.534
 -65.534
 -65.534
 -65.534
   1.028
   1.108
   1.166
   1.228
   1.295
   1.369
   1.451
   1.544
   1.639
   1.738
   1.844
   1.942
   2.033
   2.112
   2.187
   2.264
   2.346
   2.430
   2.523
   2.619
   2.718
   2.811
   2.907
   2.994
   3.071
   3.149
   3.223
   3.292
   3.364
   3.425
   3.464
   3.485
   3.477
   3.479
   3.418
   3.399
   3.356
   3.277
   3.147
   2.968
   2.752
   2.539
   2.318
   2.095
   1.869
   1.645
   1.410
   1.176
   0.987
   0.832
   0.745
   0.730
   0.808
   0.970
   1.215
   1.514
   1.840
   2.156
   2.449
   2.706
   2.916
   3.089
   3.183
   3.035
   0.000
 -65.534
 -65.534
 -65.534
 -65.534
   0.914
   0.989
   1.040
   1.089
   1.137
   1.201
   1.270
   1.344
   1.423
   1.512
   1.607
   1.694
   1.773
   1.848
   1.915
   1.987
   2.058
   2.143
   2.234
   2.335
   2.435
   2.542
   2.647
   2.744
   2.833
   2.910
   2.978
   3.030
   3.080
   3.116
   3.130
   3.126
   3.102
   3.056
   2.989
   2.939
   2.892
   2.820
   2.757
   2.627
   2.469
   2.314
   2.151
   1.992
   1.842
   1.687
   1.512
   1.346
   1.213
   1.118
   1.082
   1.100
   1.181
   1.334
   1.557
   1.816
   2.092
   2.359
   2.599
   2.797
   2.960
   3.096
   3.171
   3.018
   0.000
 -65.534
 -65.534
 -65.534
 -65.534
   0.828
   0.904
   0.959
   1.015
   1.058
   1.093
   1.155
   1.212
   1.271
   1.344
   1.419
   1.487
   1.552
   1.614
   1.674
   1.737
   1.797
   1.867
   1.947
   2.045
   2.149
   2.256
   2.367
   2.465
   2.558
   2.638
   2.699
   2.741
   2.772
   2.783
   2.775
   2.750
   2.706
   2.640
   2.570
   2.497
   2.430
   2.366
   2.316
   2.239
   2.155
   2.076
   1.982
   1.877
   1.782
   1.685
   1.580
   1.477
   1.406
   1.364
   1.356
   1.401
   1.501
   1.654
   1.855
   2.083
   2.313
   2.521
   2.693
   2.826
   2.944
   3.047
   3.115
   2.950
   0.000
 -65.534
 -65.534
 -65.534
 -65.534
 -65.534
 -65.534
 -65.534
 -65.534
   0.994
   1.041
   1.076
   1.113
   1.153
   1.206
   1.264
   1.318
   1.375
   1.434
   1.490
   1.544
   1.585
   1.637
   1.704
   1.788
   1.885
   1.991
   2.096
   2.193
   2.280
   2.352
   2.404
   2.436
   2.449
   2.443
   2.412
   2.373
   2.317
   2.248
   2.171
   2.102
   2.045
   2.002
   1.961
   1.927
   1.909
   1.868
   1.802
   1.744
   1.708
   1.659
   1.616
   1.573
   1.545
   1.536
   1.564
   1.628
   1.737
   1.883
   2.075
   2.277
   2.461
   2.615
   2.722
   2.810
   2.891
   2.971
   3.026
   2.859
   0.000
 -65.534
 -65.534
 -65.534
 -65.534
 -65.534
 -65.534
   0.933
   0.951
   0.976
   0.985
   0.997
   1.022
   1.055
   1.091
   1.131
   1.175
   1.237
   1.308
   1.375
   1.424
   1.456
   1.479
   1.525
   1.590
   1.674
   1.767
   1.860
   1.948
   2.021
   2.083
   2.123
   2.138
   2.140
   2.118
   2.078
   2.025
   1.967
   1.893
   1.824
   1.772
   1.734
   1.716
   1.709
   1.706
   1.706
   1.680
   1.656
   1.644
   1.620
   1.591
   1.591
   1.599
   1.618
   1.653
   1.708
   1.789
   1.894
   2.038
   2.218
   2.387
   2.525
   2.616
   2.675
   2.733
   2.808
   2.880
   2.929
   2.758
   0.000
 -65.534
 -65.534
 -65.534
 -65.534
 -65.534
 -65.534
 -65.534
 -65.534
 -65.534
   0.931
   0.919
   0.927
   0.945
   0.967
   1.002
   1.070
   1.133
   1.227
   1.318
   1.368
   1.383
   1.396
   1.422
   1.470
   1.534
   1.610
   1.684
   1.752
   1.808
   1.854
   1.879
   1.888
   1.875
   1.848
   1.798
   1.743
   1.682
   1.616
   1.555
   1.511
   1.493
   1.491
   1.502
   1.517
   1.529
   1.527
   1.515
   1.522
   1.518
   1.539
   1.581
   1.637
   1.692
   1.753
   1.824
   1.905
   2.003
   2.135
   2.285
   2.413
   2.501
   2.542
   2.579
   2.628
   2.696
   2.768
   2.820
   2.642
   0.000
 -65.534
 -65.534
 -65.534
 -65.534
 -65.534
 -65.534
 -65.534
 -65.534
 -65.534
 -65.534
 -65.534
 -65.534
 -65.534
 -65.534
 -65.534
   1.009
   1.069
   1.141
   1.241
   1.338
   1.349
   1.365
   1.386
   1.424
   1.474
   1.530
   1.581
   1.632
   1.670
   1.692
   1.701
   1.700
   1.682
   1.652
   1.607
   1.552
   1.489
   1.423
   1.360
   1.327
   1.319
   1.325
   1.341
   1.364
   1.381
   1.391
   1.401
   1.420
   1.448
   1.488
   1.550
   1.631
   1.711
   1.796
   1.890
   1.981
   2.076
   2.189
   2.302
   2.377
   2.411
   2.429
   2.458
   2.501
   2.556
   2.631
   2.691
   2.523
   0.000
 -65.534
 -65.534
 -65.534
 -65.534
 -65.534
 -65.534
 -65.534
 -65.534
 -65.534
 -65.534
 -65.534
 -65.534
 -65.534
 -65.534
 -65.534
 -65.534
 -65.534
 -65.534
 -65.534
   1.344
   1.355
   1.377
   1.402
   1.447
   1.490
   1.526
   1.561
   1.586
   1.601
   1.609
   1.604
   1.583
   1.557
   1.523
   1.485
   1.436
   1.383
   1.324
   1.276
   1.248
   1.241
   1.248
   1.262
   1.280
   1.301
   1.316
   1.335
   1.367
   1.413
   1.472
   1.550
   1.635
   1.728
   1.823
   1.926
   2.030
   2.128
   2.223
   2.294
   2.313
   2.308
   2.311
   2.319
   2.351
   2.406
   2.481
   2.545
   2.379
   0.000
 -65.534
 -65.534
 -65.534
 -65.534
 -65.534
 -65.534
 -65.534
 -65.534
 -65.534
 -65.534
 -65.534
 -65.534
 -65.534
 -65.534
 -65.534
 -65.534
 -65.534
 -65.534
   1.390
   1.399
   1.393
   1.414
   1.451
   1.506
   1.549
   1.582
   1.600
   1.605
   1.597
   1.581
   1.560
   1.534
   1.498
   1.460
   1.422
   1.387
   1.351
   1.311
   1.276
   1.258
   1.255
   1.259
   1.272
   1.284
   1.298
   1.314
   1.337
   1.378
   1.431
   1.500
   1.578
   1.658
   1.744
   1.837
   1.942
   2.057
   2.156
   2.235
   2.269
   2.251
   2.226
   2.213
   2.202
   2.218
   2.254
   2.313
   2.362
   2.179
   0.000
 -65.534
 -65.534
 -65.534
 -65.534
 -65.534
 -65.534
 -65.534
 -65.534
 -65.534
 -65.534
 -65.534
 -65.534
 -65.534
 -65.534
 -65.534
 -65.534
 -65.534
   1.466
   1.474
   1.430
   1.434
   1.453
   1.496
   1.560
   1.611
   1.641
   1.655
   1.649
   1.628
   1.597
   1.564
   1.526
   1.484
   1.442
   1.405
   1.378
   1.352
   1.325
   1.307
   1.298
   1.307
   1.323
   1.340
   1.356
   1.367
   1.375
   1.394
   1.432
   1.492
   1.553
   1.621
   1.690
   1.760
   1.849
   1.946
   2.058
   2.158
   2.218
   2.225
   2.187
   2.149
   2.124
   2.103
   2.098
   2.113
   2.137
   2.147
   1.928
   0.000
 -65.534
 -65.534
 -65.534
 -65.534
 -65.534
 -65.534
 -65.534
 -65.534
 -65.534
 -65.534
 -65.534
 -65.534
 -65.534
 -65.534
 -65.534
 -65.534
 -65.534
   1.567
   1.495
   1.455
   1.463
   1.483
   1.525
   1.589
   1.647
   1.680
   1.693
   1.683
   1.658
   1.624
   1.586
   1.547
   1.495
   1.445
   1.399
   1.370
   1.348
   1.330
   1.318
   1.322
   1.340
   1.369
   1.403
   1.432
   1.445
   1.457
   1.478
   1.520
   1.568
   1.622
   1.672
   1.697
   1.731
   1.802
   1.884
   1.985
   2.096
   2.164
   2.163
   2.126
   2.083
   2.050
   2.017
   1.990
   1.978
   1.965
   1.927
   1.641
   0.000
 -65.534
 -65.534
 -65.534
 -65.534
 -65.534
 -65.534
 -65.534
 -65.534
 -65.534
 -65.534
 -65.534
 -65.534
 -65.534
 -65.534
 -65.534
 -65.534
 -65.534
   1.589
   1.515
   1.483
   1.487
   1.513
   1.553
   1.607
   1.666
   1.691
   1.699
   1.687
   1.661
   1.629
   1.592
   1.552
   1.496
   1.441
   1.388
   1.350
   1.324
   1.309
   1.305
   1.312
   1.335
   1.370
   1.415
   1.455
   1.487
   1.513
   1.552
   1.602
   1.652
   1.707
   1.749
   1.757
   1.782
   1.815
   1.863
   1.924
   2.007
   2.069
   2.091
   2.068
   2.035
   1.997
   1.954
   1.910
   1.845
   1.786
   1.678
   1.350
   0.000
 -65.534
 -65.534
 -65.534
 -65.534
 -65.534
 -65.534
 -65.534
 -65.534
 -65.534
 -65.534
 -65.534
 -65.534
 -65.534
 -65.534
 -65.534
 -65.534
 -65.534
   1.599
   1.538
   1.516
   1.531
   1.556
   1.591
   1.627
   1.657
   1.686
   1.683
   1.669
   1.642
   1.608
   1.574
   1.533
   1.476
   1.419
   1.364
   1.324
   1.301
   1.292
   1.297
   1.305
   1.330
   1.362
   1.407
   1.456
   1.498
   1.548
   1.606
   1.665
   1.721
   1.772
   1.805
   1.814
   1.820
   1.821
   1.824
   1.847
   1.883
   1.944
   1.967
   1.972
   1.962
   1.930
   1.883
   1.822
   1.733
   1.620
   1.455
   1.079
   0.000
 -65.534
 -65.534
 -65.534
 -65.534
 -65.534
 -65.534
 -65.534
 -65.534
 -65.534
 -65.534
 -65.534
 -65.534
 -65.534
 -65.534
 -65.534
 -65.534
 -65.534
 -65.534
   1.550
   1.540
   1.563
   1.597
   1.626
   1.642
   1.648
   1.650
   1.641
   1.619
   1.592
   1.564
   1.530
   1.490
   1.438
   1.388
   1.341
   1.304
   1.287
   1.281
   1.292
   1.314
   1.345
   1.378
   1.420
   1.467
   1.516
   1.573
   1.637
   1.701
   1.765
   1.811
   1.841
   1.837
   1.824
   1.799
   1.779
   1.761
   1.781
   1.814
   1.837
   1.854
   1.849
   1.830
   1.778
   1.703
   1.601
   1.446
   1.238
   0.829
   0.000
 -65.534
 -65.534
 -65.534
 -65.534
 -65.534
 -65.534
 -65.534
 -65.534
 -65.534
 -65.534
 -65.534
 -65.534
 -65.534
 -65.534
 -65.534
 -65.534
 -65.534
 -65.534
 -65.534
   1.539
   1.571
   1.611
   1.638
   1.639
   1.625
   1.600
   1.572
   1.538
   1.509
   1.476
   1.442
   1.399
   1.353
   1.313
   1.295
   1.302
   1.333
   1.337
   1.350
   1.384
   1.380
   1.403
   1.442
   1.484
   1.538
   1.601
   1.664
   1.715
   1.766
   1.801
   1.837
   1.826
   1.806
   1.784
   1.756
   1.736
   1.727
   1.731
   1.750
   1.757
   1.740
   1.700
   1.636
   1.539
   1.420
   1.260
   1.029
   0.610
   0.000
 -65.534
 -65.534
 -65.534
 -65.534
 -65.534
 -65.534
 -65.534
 -65.534
 -65.534
 -65.534
 -65.534
 -65.534
 -65.534
 -65.534
 -65.534
 -65.534
 -65.534
 -65.534
 -65.534
 -65.534
   1.553
   1.597
   1.616
   1.613
   1.580
   1.538
   1.493
   1.440
   1.385
   1.327
   1.269
   1.183
   1.074
   0.935
   0.739
   0.364
 -65.534
 -65.534
 -65.534
 -65.534
   1.583
   1.555
   1.515
   1.539
   1.589
   1.646
   1.693
   1.736
   1.759
   1.777
   1.781
   1.759
   1.732
   1.706
   1.671
   1.649
   1.632
   1.631
   1.626
   1.617
   1.593
   1.542
   1.466
   1.356
   1.212
   1.037
   0.809
   0.403
   0.000
 -65.534
 -65.534
 -65.534
 -65.534
 -65.534
 -65.534
 -65.534
 -65.534
 -65.534
 -65.534
 -65.534
 -65.534
 -65.534
 -65.534
 -65.534
 -65.534
 -65.534
 -65.534
 -65.534
 -65.534
 -65.534
 -65.534
 -65.534
 -65.534
   1.491
   1.445
   1.393
   1.320
   1.245
   1.165
   1.075
   0.951
   0.799
   0.608
   0.360
   0.012
 -65.534
 -65.534
 -65.534
 -65.534
 -65.534
 -65.534
   1.679
   1.610
   1.631
   1.674
   1.700
   1.704
   1.707
   1.689
   1.661
   1.639
   1.606
   1.566
   1.534
   1.500
   1.466
   1.447
   1.435
   1.422
   1.396
   1.340
   1.253
   1.141
   0.995
   0.815
   0.583
   0.199
   0.000
 -65.534
 -65.534
 -65.534
 -65.534
 -65.534
 -65.534
 -65.534
 -65.534
 -65.534
 -65.534
 -65.534
 -65.534
 -65.534
 -65.534
 -65.534
 -65.534
 -65.534
 -65.534
 -65.534
 -65.534
 -65.534
 -65.534
 -65.534
 -65.534
   1.385
   1.341
   1.278
   1.201
   1.114
   0.996
   0.883
   0.747
   0.586
   0.403
   0.205
  -0.031
 -65.534
 -65.534
 -65.534
 -65.534
 -65.534
 -65.534
 -65.534
   1.661
   1.662
   1.697
   1.669
   1.649
   1.626
   1.599
   1.570
   1.538
   1.493
   1.446
   1.395
   1.340
   1.289
   1.256
   1.233
   1.200
   1.150
   1.082
   0.989
   0.872
   0.727
   0.555
   0.333
  -0.032
   0.000
 -65.534
 -65.534
 -65.534
 -65.534
 -65.534
 -65.534
 -65.534
 -65.534
 -65.534
 -65.534
 -65.534
 -65.534
 -65.534
 -65.534
 -65.534
 -65.534
 -65.534
 -65.534
 -65.534
 -65.534
 -65.534
 -65.534
 -65.534
 -65.534
 -65.534
 -65.534
 -65.534
 -65.534
 -65.534
   0.899
   0.723
   0.604
   0.460
   0.318
   0.180
   0.020
  -0.114
 -65.534
 -65.534
 -65.534
 -65.534
 -65.534
 -65.534
   1.291
   0.961
 -65.534
   1.574
   1.588
   1.571
   1.518
   1.477
   1.438
   1.391
   1.341
   1.279
   1.209
   1.141
   1.081
   1.027
   0.974
   0.902
   0.816
   0.706
   0.574
   0.420
   0.239
   0.019
  -0.324
   0.000
 -65.534
 -65.534
 -65.534
 -65.534
 -65.534
 -65.534
 -65.534
 -65.534
 -65.534
 -65.534
 -65.534
 -65.534
 -65.534
 -65.534
 -65.534
 -65.534
 -65.534
 -65.534
 -65.534
 -65.534
 -65.534
 -65.534
 -65.534
 -65.534
 -65.534
 -65.534
 -65.534
 -65.534
 -65.534
 -65.534
 -65.534
 -65.534
   0.463
   0.315
   0.208
   0.094
  -0.060
  -0.099
 -65.534
 -65.534
 -65.534
 -65.534
 -65.534
 -65.534
 -65.534
 -65.534
 -65.534
 -65.534
 -65.534
   1.440
   1.428
   1.389
   1.333
   1.271
   1.193
   1.092
   1.001
   0.915
   0.837
   0.757
   0.663
   0.553
   0.423
   0.273
   0.101
  -0.093
  -0.326
  -0.661
   0.000
 -65.534
 -65.534
 -65.534
 -65.534
 -65.534
 -65.534
 -65.534
 -65.534
 -65.534
 -65.534
 -65.534
 -65.534
 -65.534
 -65.534
 -65.534
 -65.534
 -65.534
 -65.534
 -65.534
 -65.534
 -65.534
 -65.534
 -65.534
 -65.534
 -65.534
 -65.534
 -65.534
 -65.534
 -65.534
 -65.534
 -65.534
 -65.534
   0.452
   0.327
   0.231
   0.129
  -0.006
  -0.084
  -0.098
  -0.080
 -65.534
 -65.534
 -65.534
 -65.534
 -65.534
 -65.534
 -65.534
 -65.534
 -65.534
 -65.534
 -65.534
 -65.534
   1.249
   1.203
   1.119
   0.968
   0.859
   0.757
   0.660
   0.550
   0.429
   0.298
   0.149
  -0.026
  -0.214
  -0.402
  -0.630
  -0.959
   0.000
 -65.534
 -65.534
 -65.534
 -65.534
 -65.534
 -65.534
 -65.534
 -65.534
 -65.534
 -65.534
 -65.534
 -65.534
 -65.534
 -65.534
 -65.534
 -65.534
 -65.534
 -65.534
 -65.534
 -65.534
 -65.534
 -65.534
 -65.534
 -65.534
 -65.534
 -65.534
 -65.534
 -65.534
 -65.534
 -65.534
 -65.534
 -65.534
 -65.534
 -65.534
 -65.534
 -65.534
   0.085
  -0.013
  -0.056
  -0.092
  -0.108
  -0.103
  -0.119
  -0.173
  -0.236
 -65.534
 -65.534
 -65.534
 -65.534
 -65.534
 -65.534
 -65.534
 -65.534
 -65.534
 -65.534
   0.825
   0.734
   0.637
   0.518
   0.364
   0.210
   0.056
  -0.114
  -0.298
  -0.489
  -0.681
  -0.904
  -1.221
   0.000
 -65.534
 -65.534
 -65.534
 -65.534
 -65.534
 -65.534
 -65.534
 -65.534
 -65.534
 -65.534
 -65.534
 -65.534
 -65.534
 -65.534
 -65.534
 -65.534
 -65.534
 -65.534
 -65.534
 -65.534
 -65.534
 -65.534
 -65.534
 -65.534
 -65.534
 -65.534
 -65.534
 -65.534
 -65.534
 -65.534
 -65.534
 -65.534
 -65.534
 -65.534
 -65.534
 -65.534
 -65.534
 -65.534
 -65.534
 -65.534
  -0.033
 -65.534
 -65.534
 -65.534
 -65.534
 -65.534
 -65.534
 -65.534
 -65.534
 -65.534
 -65.534
 -65.534
 -65.534
 -65.534
 -65.534
   0.631
   0.578
   0.516
   0.411
   0.226
   0.043
  -0.143
  -0.318
  -0.507
  -0.707
  -0.896
  -1.111
  -1.425
   0.000
 -65.534
 -65.534
 -65.534
 -65.534
 -65.534
 -65.534
 -65.534
 -65.534
 -65.534
 -65.534
 -65.534
 -65.534
 -65.534
 -65.534
 -65.534
 -65.534
 -65.534
 -65.534
 -65.534
 -65.534
 -65.534
 -65.534
 -65.534
 -65.534
 -65.534
 -65.534
 -65.534
 -65.534
 -65.534
 -65.534
 -65.534
 -65.534
 -65.534
 -65.534
 -65.534
 -65.534
 -65.534
 -65.534
 -65.534
 -65.534
 -65.534
 -65.534
 -65.534
 -65.534
 -65.534
 -65.534
 -65.534
 -65.534
 -65.534
 -65.534
 -65.534
 -65.534
 -65.534
 -65.534
 -65.534
 -65.534
 -65.534
 -65.534
 -65.534
   0.253
  -0.051
  -0.274
  -0.466
  -0.651
  -0.832
  -1.017
  -1.214
  -1.514
   0.000
 -65.534
 -65.534
 -65.534
 -65.534
 -65.534
 -65.534
 -65.534
 -65.534
 -65.534
 -65.534
 -65.534
 -65.534
 -65.534
 -65.534
 -65.534
 -65.534
 -65.534
 -65.534
 -65.534
 -65.534
 -65.534
 -65.534
 -65.534
 -65.534
 -65.534
 -65.534
 -65.534
 -65.534
 -65.534
 -65.534
 -65.534
 -65.534
 -65.534
 -65.534
 -65.534
 -65.534
 -65.534
 -65.534
 -65.534
 -65.534
 -65.534
 -65.534
 -65.534
 -65.534
 -65.534
 -65.534
 -65.534
 -65.534
 -65.534
 -65.534
 -65.534
 -65.534
 -65.534
 -65.534
 -65.534
 -65.534
 -65.534
 -65.534
 -65.534
 -65.534
 -65.534
   0.000
   0.000
   0.000
   0.000
   0.000
   0.000
   0.000
 -65.534
