 -65.534
   0.000
   0.000
   0.000
   0.000
   0.000
   0.000
   0.000
   0.000
   0.000
   0.000
   0.000
   0.000
   0.000
   0.000
   0.000
   0.000
   0.000
   0.000
   0.000
   0.000
   0.000
   0.000
   0.000
   0.000
   0.000
   0.000
   0.000
   0.000
   0.000
   0.000
   0.000
   0.000
   0.000
   0.000
   0.000
   0.000
   0.000
   0.000
   0.000
   0.000
   0.000
   0.000
   0.000
   0.000
   0.000
   0.000
   0.000
   0.000
   0.000
   0.000
   0.000
   0.000
   0.000
   0.000
   0.000
   0.000
   0.000
   0.000
   0.000
   0.000
   0.000
   0.000
   0.000
   0.000
   0.000
   0.000
   0.000
 -65.534
   0.000
   1.025
   1.150
   1.213
   1.289
   1.368
   1.447
   1.527
   1.610
   1.697
   1.788
   1.884
   1.983
   2.080
   2.171
   2.259
   2.324
   2.376
   2.404
   2.411
   2.401
   2.374
   2.345
   2.291
   2.311
   2.350
   2.376
   2.379
   2.350
   2.306
   2.262
   2.223
   2.171
   2.108
   2.064
   2.003
   1.954
   1.903
   1.849
   1.808
   1.778
   1.764
   1.765
   1.751
   1.715
   1.673
   1.630
   1.596
   1.569
   1.556
   1.548
   1.546
   1.547
   1.544
   1.550
   1.542
   1.528
   1.505
   1.479
   1.451
   1.424
   1.397
   1.371
   1.344
   1.317
   1.297
   1.293
   1.256
   0.000
   0.000
   1.160
   1.277
   1.327
   1.399
   1.470
   1.549
   1.634
   1.713
   1.798
   1.888
   1.986
   2.088
   2.186
   2.274
   2.355
   2.427
   2.485
   2.523
   2.547
   2.552
   2.542
   2.530
   2.500
   2.512
   2.535
   2.549
   2.546
   2.521
   2.484
   2.443
   2.399
   2.355
   2.301
   2.244
   2.188
   2.126
   2.067
   2.006
   1.956
   1.922
   1.907
   1.904
   1.893
   1.863
   1.822
   1.785
   1.762
   1.747
   1.741
   1.740
   1.744
   1.752
   1.758
   1.760
   1.757
   1.746
   1.731
   1.706
   1.681
   1.656
   1.630
   1.602
   1.577
   1.553
   1.532
   1.521
   1.482
   0.000
   0.000
   1.186
   1.292
   1.337
   1.399
   1.466
   1.541
   1.619
   1.698
   1.779
   1.864
   1.951
   2.044
   2.135
   2.218
   2.295
   2.362
   2.417
   2.460
   2.492
   2.510
   2.516
   2.522
   2.523
   2.525
   2.543
   2.552
   2.545
   2.519
   2.485
   2.449
   2.413
   2.373
   2.332
   2.283
   2.224
   2.161
   2.098
   2.036
   1.981
   1.944
   1.921
   1.912
   1.900
   1.879
   1.850
   1.824
   1.807
   1.802
   1.795
   1.793
   1.797
   1.805
   1.814
   1.820
   1.822
   1.818
   1.804
   1.780
   1.758
   1.734
   1.710
   1.687
   1.669
   1.656
   1.644
   1.639
   1.594
   0.000
   0.000
   1.205
   1.303
   1.338
   1.388
   1.449
   1.516
   1.587
   1.661
   1.734
   1.813
   1.896
   1.979
   2.060
   2.134
   2.200
   2.256
   2.304
   2.344
   2.380
   2.407
   2.429
   2.450
   2.474
   2.483
   2.503
   2.512
   2.505
   2.480
   2.454
   2.422
   2.387
   2.351
   2.317
   2.274
   2.220
   2.159
   2.093
   2.028
   1.974
   1.937
   1.911
   1.900
   1.890
   1.878
   1.864
   1.851
   1.844
   1.840
   1.833
   1.830
   1.830
   1.835
   1.847
   1.855
   1.862
   1.861
   1.850
   1.833
   1.811
   1.791
   1.775
   1.760
   1.750
   1.748
   1.746
   1.752
   1.702
   0.000
   0.000
   1.212
   1.304
   1.336
   1.381
   1.433
   1.489
   1.552
   1.621
   1.688
   1.757
   1.827
   1.898
   1.962
   2.021
   2.070
   2.112
   2.151
   2.189
   2.227
   2.262
   2.295
   2.330
   2.366
   2.407
   2.436
   2.442
   2.437
   2.416
   2.391
   2.361
   2.328
   2.297
   2.268
   2.231
   2.179
   2.120
   2.057
   1.993
   1.940
   1.905
   1.885
   1.874
   1.868
   1.863
   1.858
   1.857
   1.859
   1.861
   1.858
   1.850
   1.847
   1.852
   1.859
   1.867
   1.873
   1.875
   1.869
   1.854
   1.842
   1.830
   1.821
   1.817
   1.818
   1.827
   1.836
   1.849
   1.799
   0.000
   0.000
   1.219
   1.307
   1.333
   1.370
   1.414
   1.463
   1.520
   1.581
   1.640
   1.699
   1.756
   1.807
   1.856
   1.895
   1.927
   1.960
   1.987
   2.021
   2.060
   2.102
   2.151
   2.205
   2.264
   2.312
   2.337
   2.349
   2.347
   2.330
   2.306
   2.280
   2.249
   2.218
   2.191
   2.158
   2.110
   2.058
   1.998
   1.945
   1.896
   1.865
   1.850
   1.843
   1.839
   1.836
   1.836
   1.839
   1.848
   1.859
   1.859
   1.855
   1.853
   1.856
   1.859
   1.865
   1.871
   1.876
   1.873
   1.865
   1.859
   1.859
   1.860
   1.863
   1.873
   1.887
   1.906
   1.925
   1.880
   0.000
   0.000
   1.216
   1.300
   1.327
   1.365
   1.395
   1.439
   1.487
   1.540
   1.590
   1.640
   1.683
   1.725
   1.759
   1.783
   1.800
   1.821
   1.843
   1.873
   1.907
   1.948
   2.000
   2.060
   2.124
   2.176
   2.209
   2.229
   2.232
   2.218
   2.199
   2.177
   2.146
   2.115
   2.084
   2.052
   2.012
   1.970
   1.923
   1.879
   1.842
   1.819
   1.808
   1.802
   1.801
   1.800
   1.794
   1.797
   1.810
   1.823
   1.834
   1.839
   1.845
   1.851
   1.854
   1.858
   1.865
   1.869
   1.868
   1.867
   1.870
   1.875
   1.883
   1.895
   1.911
   1.932
   1.956
   1.983
   1.942
   0.000
   0.000
   1.198
   1.286
   1.317
   1.349
   1.384
   1.416
   1.453
   1.498
   1.543
   1.583
   1.619
   1.647
   1.672
   1.687
   1.698
   1.709
   1.726
   1.749
   1.775
   1.813
   1.860
   1.917
   1.975
   2.028
   2.061
   2.086
   2.094
   2.086
   2.071
   2.051
   2.025
   1.994
   1.964
   1.933
   1.900
   1.870
   1.835
   1.807
   1.782
   1.770
   1.762
   1.760
   1.758
   1.754
   1.746
   1.746
   1.753
   1.772
   1.789
   1.804
   1.821
   1.837
   1.847
   1.855
   1.859
   1.864
   1.863
   1.863
   1.874
   1.883
   1.898
   1.912
   1.935
   1.963
   1.994
   2.027
   1.994
   0.000
   0.000
   1.162
   1.250
   1.289
   1.326
   1.356
   1.387
   1.423
   1.462
   1.491
   1.529
   1.557
   1.579
   1.594
   1.603
   1.608
   1.615
   1.627
   1.644
   1.669
   1.701
   1.739
   1.787
   1.838
   1.880
   1.913
   1.936
   1.947
   1.945
   1.937
   1.922
   1.897
   1.869
   1.845
   1.819
   1.794
   1.772
   1.751
   1.734
   1.725
   1.723
   1.720
   1.717
   1.715
   1.711
   1.705
   1.699
   1.704
   1.720
   1.740
   1.757
   1.787
   1.812
   1.832
   1.841
   1.849
   1.852
   1.853
   1.855
   1.868
   1.887
   1.906
   1.928
   1.955
   1.990
   2.029
   2.069
   2.046
   0.000
   0.000
   1.123
   1.214
   1.255
   1.295
   1.327
   1.351
   1.381
   1.414
   1.448
   1.478
   1.496
   1.516
   1.526
   1.532
   1.534
   1.536
   1.546
   1.559
   1.579
   1.604
   1.637
   1.677
   1.716
   1.749
   1.777
   1.795
   1.805
   1.810
   1.809
   1.801
   1.784
   1.764
   1.745
   1.726
   1.709
   1.695
   1.678
   1.670
   1.671
   1.673
   1.677
   1.674
   1.670
   1.667
   1.659
   1.654
   1.656
   1.670
   1.688
   1.711
   1.744
   1.777
   1.799
   1.813
   1.826
   1.829
   1.830
   1.836
   1.856
   1.883
   1.912
   1.941
   1.976
   2.018
   2.064
   2.113
   2.103
   0.000
   0.000
   1.087
   1.175
   1.212
   1.250
   1.280
   1.310
   1.340
   1.367
   1.397
   1.427
   1.452
   1.466
   1.476
   1.479
   1.477
   1.473
   1.476
   1.484
   1.498
   1.518
   1.546
   1.577
   1.609
   1.637
   1.659
   1.675
   1.688
   1.697
   1.704
   1.705
   1.696
   1.687
   1.676
   1.665
   1.653
   1.641
   1.632
   1.625
   1.626
   1.631
   1.634
   1.630
   1.620
   1.612
   1.608
   1.606
   1.612
   1.624
   1.640
   1.661
   1.699
   1.732
   1.760
   1.777
   1.787
   1.792
   1.800
   1.814
   1.841
   1.879
   1.919
   1.960
   2.001
   2.053
   2.109
   2.166
   2.164
   0.000
   0.000
   1.017
   1.143
   1.176
   1.205
   1.231
   1.263
   1.293
   1.325
   1.354
   1.383
   1.403
   1.419
   1.429
   1.430
   1.430
   1.426
   1.422
   1.418
   1.428
   1.443
   1.465
   1.489
   1.516
   1.542
   1.566
   1.587
   1.603
   1.615
   1.627
   1.637
   1.641
   1.642
   1.638
   1.635
   1.629
   1.621
   1.608
   1.601
   1.600
   1.602
   1.600
   1.595
   1.582
   1.566
   1.558
   1.557
   1.562
   1.575
   1.593
   1.618
   1.655
   1.691
   1.717
   1.735
   1.746
   1.753
   1.767
   1.796
   1.832
   1.880
   1.931
   1.984
   2.040
   2.103
   2.169
   2.231
   2.228
   0.000
 -65.534
 -65.534
   1.028
   1.129
   1.151
   1.180
   1.211
   1.245
   1.276
   1.306
   1.332
   1.355
   1.368
   1.376
   1.378
   1.377
   1.369
   1.365
   1.362
   1.362
   1.371
   1.388
   1.411
   1.438
   1.464
   1.493
   1.521
   1.543
   1.562
   1.581
   1.600
   1.612
   1.620
   1.627
   1.624
   1.619
   1.614
   1.602
   1.593
   1.587
   1.584
   1.580
   1.569
   1.548
   1.529
   1.515
   1.506
   1.510
   1.523
   1.546
   1.573
   1.607
   1.642
   1.667
   1.686
   1.702
   1.715
   1.740
   1.781
   1.834
   1.889
   1.951
   2.023
   2.094
   2.169
   2.241
   2.304
   2.297
   0.000
 -65.534
 -65.534
 -65.534
   0.995
   1.091
   1.122
   1.158
   1.191
   1.219
   1.247
   1.274
   1.294
   1.304
   1.310
   1.311
   1.309
   1.302
   1.298
   1.296
   1.299
   1.309
   1.320
   1.341
   1.371
   1.404
   1.438
   1.473
   1.503
   1.530
   1.555
   1.578
   1.599
   1.612
   1.618
   1.617
   1.619
   1.614
   1.602
   1.589
   1.582
   1.575
   1.567
   1.549
   1.522
   1.495
   1.470
   1.453
   1.452
   1.468
   1.490
   1.520
   1.555
   1.587
   1.611
   1.632
   1.658
   1.685
   1.721
   1.772
   1.834
   1.907
   1.979
   2.055
   2.140
   2.222
   2.302
   2.372
   2.364
   0.000
 -65.534
 -65.534
 -65.534
 -65.534
   0.998
   1.060
   1.098
   1.129
   1.155
   1.182
   1.208
   1.223
   1.232
   1.234
   1.235
   1.230
   1.227
   1.222
   1.221
   1.226
   1.237
   1.255
   1.281
   1.315
   1.352
   1.392
   1.435
   1.473
   1.503
   1.533
   1.559
   1.581
   1.596
   1.606
   1.610
   1.613
   1.608
   1.605
   1.593
   1.579
   1.568
   1.555
   1.533
   1.498
   1.465
   1.433
   1.407
   1.400
   1.409
   1.430
   1.462
   1.495
   1.527
   1.555
   1.584
   1.619
   1.664
   1.715
   1.779
   1.854
   1.930
   2.008
   2.090
   2.176
   2.264
   2.349
   2.429
   2.428
   0.000
 -65.534
 -65.534
 -65.534
 -65.534
   0.932
   0.997
   1.036
   1.063
   1.088
   1.113
   1.141
   1.156
   1.166
   1.168
   1.166
   1.157
   1.151
   1.146
   1.145
   1.148
   1.162
   1.185
   1.212
   1.247
   1.289
   1.336
   1.381
   1.425
   1.462
   1.495
   1.525
   1.548
   1.566
   1.580
   1.590
   1.595
   1.599
   1.597
   1.583
   1.572
   1.559
   1.540
   1.514
   1.478
   1.437
   1.399
   1.367
   1.350
   1.350
   1.366
   1.392
   1.431
   1.469
   1.502
   1.545
   1.596
   1.655
   1.721
   1.795
   1.877
   1.958
   2.038
   2.122
   2.208
   2.296
   2.385
   2.470
   2.482
   0.000
 -65.534
 -65.534
 -65.534
 -65.534
   0.874
   0.936
   0.975
   1.003
   1.024
   1.051
   1.076
   1.092
   1.104
   1.108
   1.106
   1.099
   1.087
   1.078
   1.075
   1.080
   1.093
   1.114
   1.142
   1.172
   1.211
   1.253
   1.304
   1.351
   1.395
   1.434
   1.468
   1.493
   1.513
   1.530
   1.547
   1.561
   1.571
   1.575
   1.565
   1.551
   1.531
   1.506
   1.482
   1.447
   1.403
   1.358
   1.322
   1.298
   1.292
   1.302
   1.323
   1.365
   1.410
   1.455
   1.510
   1.574
   1.646
   1.725
   1.809
   1.895
   1.981
   2.064
   2.148
   2.234
   2.318
   2.408
   2.495
   2.513
   0.000
 -65.534
 -65.534
 -65.534
 -65.534
   0.790
   0.838
   0.883
   0.921
   0.965
   0.984
   1.011
   1.032
   1.045
   1.051
   1.051
   1.043
   1.034
   1.028
   1.025
   1.026
   1.035
   1.051
   1.074
   1.102
   1.134
   1.171
   1.214
   1.260
   1.310
   1.352
   1.390
   1.416
   1.441
   1.463
   1.484
   1.504
   1.525
   1.533
   1.530
   1.514
   1.492
   1.466
   1.438
   1.403
   1.362
   1.322
   1.284
   1.255
   1.243
   1.242
   1.260
   1.301
   1.351
   1.409
   1.470
   1.543
   1.628
   1.719
   1.814
   1.909
   2.002
   2.091
   2.172
   2.252
   2.335
   2.427
   2.513
   2.537
   0.000
 -65.534
 -65.534
 -65.534
 -65.534
 -65.534
 -65.534
 -65.534
 -65.534
   0.864
   0.911
   0.943
   0.966
   0.985
   0.996
   0.998
   0.993
   0.990
   0.988
   0.991
   0.997
   1.001
   1.008
   1.020
   1.041
   1.068
   1.101
   1.135
   1.176
   1.217
   1.261
   1.301
   1.332
   1.359
   1.385
   1.408
   1.432
   1.454
   1.470
   1.473
   1.464
   1.446
   1.422
   1.395
   1.362
   1.328
   1.289
   1.252
   1.220
   1.205
   1.203
   1.217
   1.251
   1.301
   1.363
   1.430
   1.508
   1.600
   1.699
   1.807
   1.915
   2.020
   2.117
   2.198
   2.276
   2.356
   2.446
   2.533
   2.556
   0.000
 -65.534
 -65.534
 -65.534
 -65.534
 -65.534
 -65.534
   0.571
   0.635
   0.789
   0.848
   0.878
   0.902
   0.925
   0.940
   0.948
   0.951
   0.957
   0.968
   0.978
   0.983
   0.983
   0.981
   0.989
   0.999
   1.012
   1.043
   1.075
   1.111
   1.147
   1.187
   1.220
   1.250
   1.277
   1.303
   1.328
   1.353
   1.377
   1.393
   1.401
   1.400
   1.386
   1.368
   1.346
   1.322
   1.294
   1.259
   1.225
   1.199
   1.180
   1.177
   1.187
   1.219
   1.269
   1.333
   1.402
   1.482
   1.578
   1.680
   1.792
   1.907
   2.021
   2.127
   2.218
   2.299
   2.381
   2.466
   2.555
   2.568
   0.000
 -65.534
 -65.534
 -65.534
 -65.534
 -65.534
 -65.534
 -65.534
 -65.534
 -65.534
   0.769
   0.797
   0.820
   0.840
   0.858
   0.878
   0.911
   0.926
   0.950
   0.973
   0.982
   0.975
   0.967
   0.968
   0.979
   0.999
   1.021
   1.045
   1.075
   1.105
   1.132
   1.159
   1.185
   1.209
   1.231
   1.251
   1.273
   1.294
   1.310
   1.321
   1.325
   1.321
   1.312
   1.298
   1.278
   1.259
   1.234
   1.209
   1.188
   1.174
   1.173
   1.186
   1.216
   1.264
   1.327
   1.397
   1.477
   1.570
   1.671
   1.779
   1.890
   2.009
   2.120
   2.225
   2.314
   2.402
   2.489
   2.571
   2.566
   0.000
 -65.534
 -65.534
 -65.534
 -65.534
 -65.534
 -65.534
 -65.534
 -65.534
 -65.534
 -65.534
 -65.534
 -65.534
 -65.534
 -65.534
 -65.534
   0.795
   0.854
   0.895
   0.938
   0.986
   0.976
   0.971
   0.975
   0.989
   1.014
   1.041
   1.066
   1.083
   1.103
   1.119
   1.133
   1.143
   1.152
   1.164
   1.177
   1.193
   1.212
   1.227
   1.253
   1.262
   1.262
   1.257
   1.246
   1.235
   1.226
   1.214
   1.201
   1.188
   1.183
   1.187
   1.199
   1.225
   1.271
   1.331
   1.400
   1.481
   1.572
   1.668
   1.766
   1.872
   1.983
   2.101
   2.215
   2.315
   2.403
   2.487
   2.560
   2.540
   0.000
 -65.534
 -65.534
 -65.534
 -65.534
 -65.534
 -65.534
 -65.534
 -65.534
 -65.534
 -65.534
 -65.534
 -65.534
 -65.534
 -65.534
 -65.534
 -65.534
 -65.534
 -65.534
 -65.534
   0.938
   0.973
   0.986
   1.002
   1.030
   1.060
   1.091
   1.114
   1.134
   1.142
   1.142
   1.136
   1.132
   1.126
   1.121
   1.124
   1.131
   1.146
   1.163
   1.184
   1.201
   1.210
   1.209
   1.203
   1.199
   1.194
   1.191
   1.188
   1.191
   1.197
   1.205
   1.220
   1.248
   1.290
   1.347
   1.411
   1.483
   1.564
   1.653
   1.742
   1.834
   1.940
   2.060
   2.176
   2.284
   2.372
   2.449
   2.515
   2.480
   0.000
 -65.534
 -65.534
 -65.534
 -65.534
 -65.534
 -65.534
 -65.534
 -65.534
 -65.534
 -65.534
 -65.534
 -65.534
 -65.534
 -65.534
 -65.534
 -65.534
 -65.534
 -65.534
   0.876
   0.996
   1.017
   1.034
   1.054
   1.085
   1.120
   1.153
   1.181
   1.198
   1.202
   1.196
   1.177
   1.156
   1.134
   1.115
   1.103
   1.104
   1.115
   1.128
   1.143
   1.158
   1.171
   1.179
   1.176
   1.176
   1.172
   1.172
   1.176
   1.185
   1.201
   1.225
   1.251
   1.284
   1.328
   1.378
   1.424
   1.477
   1.548
   1.622
   1.701
   1.782
   1.881
   1.997
   2.111
   2.217
   2.309
   2.383
   2.441
   2.399
   0.000
 -65.534
 -65.534
 -65.534
 -65.534
 -65.534
 -65.534
 -65.534
 -65.534
 -65.534
 -65.534
 -65.534
 -65.534
 -65.534
 -65.534
 -65.534
 -65.534
 -65.534
   0.947
   1.038
   1.081
   1.093
   1.101
   1.122
   1.150
   1.184
   1.217
   1.243
   1.260
   1.268
   1.260
   1.241
   1.213
   1.181
   1.151
   1.127
   1.114
   1.111
   1.119
   1.126
   1.138
   1.153
   1.167
   1.176
   1.183
   1.184
   1.185
   1.186
   1.196
   1.219
   1.249
   1.283
   1.323
   1.361
   1.399
   1.433
   1.475
   1.522
   1.579
   1.643
   1.718
   1.806
   1.906
   2.014
   2.120
   2.212
   2.290
   2.346
   2.299
   0.000
 -65.534
 -65.534
 -65.534
 -65.534
 -65.534
 -65.534
 -65.534
 -65.534
 -65.534
 -65.534
 -65.534
 -65.534
 -65.534
 -65.534
 -65.534
 -65.534
 -65.534
   1.087
   1.131
   1.157
   1.164
   1.168
   1.188
   1.214
   1.240
   1.267
   1.292
   1.310
   1.318
   1.320
   1.305
   1.273
   1.238
   1.203
   1.168
   1.145
   1.129
   1.122
   1.124
   1.134
   1.151
   1.172
   1.193
   1.214
   1.226
   1.232
   1.229
   1.235
   1.255
   1.284
   1.316
   1.349
   1.382
   1.409
   1.428
   1.450
   1.484
   1.526
   1.573
   1.633
   1.712
   1.802
   1.898
   1.992
   2.081
   2.162
   2.219
   2.186
   0.000
 -65.534
 -65.534
 -65.534
 -65.534
 -65.534
 -65.534
 -65.534
 -65.534
 -65.534
 -65.534
 -65.534
 -65.534
 -65.534
 -65.534
 -65.534
 -65.534
 -65.534
   1.164
   1.196
   1.214
   1.221
   1.228
   1.247
   1.268
   1.283
   1.303
   1.318
   1.335
   1.344
   1.348
   1.340
   1.309
   1.276
   1.239
   1.202
   1.170
   1.146
   1.133
   1.133
   1.144
   1.166
   1.194
   1.226
   1.257
   1.278
   1.288
   1.290
   1.297
   1.310
   1.331
   1.353
   1.377
   1.403
   1.419
   1.431
   1.439
   1.456
   1.482
   1.515
   1.561
   1.621
   1.694
   1.772
   1.856
   1.946
   2.020
   2.078
   2.051
   0.000
 -65.534
 -65.534
 -65.534
 -65.534
 -65.534
 -65.534
 -65.534
 -65.534
 -65.534
 -65.534
 -65.534
 -65.534
 -65.534
 -65.534
 -65.534
 -65.534
 -65.534
   1.208
   1.237
   1.257
   1.264
   1.274
   1.290
   1.307
   1.314
   1.321
   1.333
   1.345
   1.354
   1.360
   1.356
   1.327
   1.297
   1.264
   1.228
   1.196
   1.173
   1.163
   1.167
   1.182
   1.208
   1.242
   1.278
   1.311
   1.336
   1.354
   1.361
   1.368
   1.378
   1.387
   1.396
   1.410
   1.427
   1.435
   1.436
   1.433
   1.435
   1.446
   1.466
   1.498
   1.540
   1.590
   1.646
   1.715
   1.788
   1.856
   1.915
   1.881
   0.000
 -65.534
 -65.534
 -65.534
 -65.534
 -65.534
 -65.534
 -65.534
 -65.534
 -65.534
 -65.534
 -65.534
 -65.534
 -65.534
 -65.534
 -65.534
 -65.534
 -65.534
 -65.534
   1.251
   1.275
   1.290
   1.299
   1.307
   1.317
   1.321
   1.324
   1.331
   1.341
   1.350
   1.357
   1.358
   1.334
   1.312
   1.284
   1.256
   1.230
   1.215
   1.213
   1.224
   1.247
   1.275
   1.308
   1.339
   1.368
   1.398
   1.421
   1.438
   1.449
   1.457
   1.459
   1.460
   1.460
   1.460
   1.457
   1.449
   1.436
   1.427
   1.426
   1.433
   1.451
   1.474
   1.507
   1.543
   1.585
   1.634
   1.684
   1.728
   1.683
   0.000
 -65.534
 -65.534
 -65.534
 -65.534
 -65.534
 -65.534
 -65.534
 -65.534
 -65.534
 -65.534
 -65.534
 -65.534
 -65.534
 -65.534
 -65.534
 -65.534
 -65.534
 -65.534
 -65.534
   1.267
   1.280
   1.290
   1.298
   1.298
   1.300
   1.299
   1.303
   1.310
   1.318
   1.328
   1.325
   1.315
   1.302
   1.285
   1.280
   1.285
   1.295
   1.302
   1.317
   1.337
   1.339
   1.359
   1.380
   1.409
   1.444
   1.481
   1.509
   1.531
   1.544
   1.545
   1.540
   1.527
   1.514
   1.497
   1.476
   1.455
   1.437
   1.424
   1.421
   1.425
   1.436
   1.447
   1.462
   1.479
   1.499
   1.518
   1.538
   1.461
   0.000
 -65.534
 -65.534
 -65.534
 -65.534
 -65.534
 -65.534
 -65.534
 -65.534
 -65.534
 -65.534
 -65.534
 -65.534
 -65.534
 -65.534
 -65.534
 -65.534
 -65.534
 -65.534
 -65.534
 -65.534
   1.265
   1.271
   1.278
   1.274
   1.274
   1.268
   1.266
   1.267
   1.267
   1.269
   1.260
   1.253
   1.232
   1.200
   1.158
   1.061
 -65.534
 -65.534
 -65.534
 -65.534
   1.272
   1.355
   1.396
   1.436
   1.488
   1.543
   1.589
   1.620
   1.636
   1.633
   1.617
   1.596
   1.569
   1.540
   1.505
   1.474
   1.449
   1.432
   1.417
   1.410
   1.406
   1.402
   1.394
   1.384
   1.375
   1.362
   1.353
   1.248
   0.000
 -65.534
 -65.534
 -65.534
 -65.534
 -65.534
 -65.534
 -65.534
 -65.534
 -65.534
 -65.534
 -65.534
 -65.534
 -65.534
 -65.534
 -65.534
 -65.534
 -65.534
 -65.534
 -65.534
 -65.534
 -65.534
 -65.534
 -65.534
 -65.534
   1.203
   1.207
   1.209
   1.206
   1.207
   1.204
   1.196
   1.189
   1.169
   1.139
   1.089
   0.999
 -65.534
 -65.534
 -65.534
 -65.534
 -65.534
 -65.534
   1.324
   1.432
   1.525
   1.608
   1.661
   1.692
   1.707
   1.693
   1.669
   1.637
   1.600
   1.559
   1.520
   1.485
   1.453
   1.426
   1.405
   1.387
   1.372
   1.353
   1.327
   1.291
   1.251
   1.211
   1.171
   1.045
   0.000
 -65.534
 -65.534
 -65.534
 -65.534
 -65.534
 -65.534
 -65.534
 -65.534
 -65.534
 -65.534
 -65.534
 -65.534
 -65.534
 -65.534
 -65.534
 -65.534
 -65.534
 -65.534
 -65.534
 -65.534
 -65.534
 -65.534
 -65.534
 -65.534
   1.133
   1.132
   1.138
   1.141
   1.145
   1.145
   1.138
   1.132
   1.117
   1.092
   1.049
   0.983
 -65.534
 -65.534
 -65.534
 -65.534
 -65.534
 -65.534
 -65.534
   1.382
   1.548
   1.652
   1.707
   1.732
   1.735
   1.709
   1.678
   1.642
   1.603
   1.560
   1.520
   1.484
   1.452
   1.421
   1.392
   1.365
   1.332
   1.296
   1.250
   1.192
   1.127
   1.061
   1.000
   0.861
   0.000
 -65.534
 -65.534
 -65.534
 -65.534
 -65.534
 -65.534
 -65.534
 -65.534
 -65.534
 -65.534
 -65.534
 -65.534
 -65.534
 -65.534
 -65.534
 -65.534
 -65.534
 -65.534
 -65.534
 -65.534
 -65.534
 -65.534
 -65.534
 -65.534
 -65.534
 -65.534
 -65.534
 -65.534
 -65.534
   1.033
   1.059
   1.068
   1.072
   1.051
   1.016
   0.955
   0.550
 -65.534
 -65.534
 -65.534
 -65.534
 -65.534
 -65.534
   1.266
   1.450
 -65.534
   1.463
   1.639
   1.678
   1.685
   1.665
   1.636
   1.594
   1.555
   1.518
   1.483
   1.449
   1.412
   1.373
   1.333
   1.289
   1.232
   1.163
   1.081
   0.997
   0.911
   0.828
   0.682
   0.000
 -65.534
 -65.534
 -65.534
 -65.534
 -65.534
 -65.534
 -65.534
 -65.534
 -65.534
 -65.534
 -65.534
 -65.534
 -65.534
 -65.534
 -65.534
 -65.534
 -65.534
 -65.534
 -65.534
 -65.534
 -65.534
 -65.534
 -65.534
 -65.534
 -65.534
 -65.534
 -65.534
 -65.534
 -65.534
 -65.534
 -65.534
 -65.534
   0.963
   0.988
   0.978
   0.920
   0.692
   0.452
 -65.534
 -65.534
 -65.534
 -65.534
 -65.534
 -65.534
 -65.534
 -65.534
 -65.534
 -65.534
 -65.534
   1.373
   1.540
   1.574
   1.586
   1.561
   1.523
   1.470
   1.421
   1.375
   1.324
   1.271
   1.215
   1.147
   1.062
   0.970
   0.875
   0.782
   0.687
   0.542
   0.000
 -65.534
 -65.534
 -65.534
 -65.534
 -65.534
 -65.534
 -65.534
 -65.534
 -65.534
 -65.534
 -65.534
 -65.534
 -65.534
 -65.534
 -65.534
 -65.534
 -65.534
 -65.534
 -65.534
 -65.534
 -65.534
 -65.534
 -65.534
 -65.534
 -65.534
 -65.534
 -65.534
 -65.534
 -65.534
 -65.534
 -65.534
 -65.534
   0.891
   0.920
   0.926
   0.873
   0.733
   0.573
   0.425
   0.351
 -65.534
 -65.534
 -65.534
 -65.534
 -65.534
 -65.534
 -65.534
 -65.534
 -65.534
 -65.534
 -65.534
 -65.534
   1.299
   1.440
   1.440
   1.406
   1.355
   1.299
   1.242
   1.184
   1.122
   1.047
   0.961
   0.865
   0.769
   0.680
   0.586
   0.438
   0.000
 -65.534
 -65.534
 -65.534
 -65.534
 -65.534
 -65.534
 -65.534
 -65.534
 -65.534
 -65.534
 -65.534
 -65.534
 -65.534
 -65.534
 -65.534
 -65.534
 -65.534
 -65.534
 -65.534
 -65.534
 -65.534
 -65.534
 -65.534
 -65.534
 -65.534
 -65.534
 -65.534
 -65.534
 -65.534
 -65.534
 -65.534
 -65.534
 -65.534
 -65.534
 -65.534
 -65.534
   0.558
   0.534
   0.474
   0.422
   0.352
   0.310
   0.282
   0.280
   0.287
 -65.534
 -65.534
 -65.534
 -65.534
 -65.534
 -65.534
 -65.534
 -65.534
 -65.534
 -65.534
   1.118
   1.225
   1.212
   1.163
   1.100
   1.034
   0.956
   0.869
   0.779
   0.689
   0.601
   0.509
   0.360
   0.000
 -65.534
 -65.534
 -65.534
 -65.534
 -65.534
 -65.534
 -65.534
 -65.534
 -65.534
 -65.534
 -65.534
 -65.534
 -65.534
 -65.534
 -65.534
 -65.534
 -65.534
 -65.534
 -65.534
 -65.534
 -65.534
 -65.534
 -65.534
 -65.534
 -65.534
 -65.534
 -65.534
 -65.534
 -65.534
 -65.534
 -65.534
 -65.534
 -65.534
 -65.534
 -65.534
 -65.534
 -65.534
 -65.534
 -65.534
 -65.534
   0.242
 -65.534
 -65.534
 -65.534
 -65.534
 -65.534
 -65.534
 -65.534
 -65.534
 -65.534
 -65.534
 -65.534
 -65.534
 -65.534
 -65.534
   0.943
   1.084
   1.114
   1.082
   1.030
   0.966
   0.879
   0.793
   0.708
   0.629
   0.552
   0.465
   0.316
   0.000
 -65.534
 -65.534
 -65.534
 -65.534
 -65.534
 -65.534
 -65.534
 -65.534
 -65.534
 -65.534
 -65.534
 -65.534
 -65.534
 -65.534
 -65.534
 -65.534
 -65.534
 -65.534
 -65.534
 -65.534
 -65.534
 -65.534
 -65.534
 -65.534
 -65.534
 -65.534
 -65.534
 -65.534
 -65.534
 -65.534
 -65.534
 -65.534
 -65.534
 -65.534
 -65.534
 -65.534
 -65.534
 -65.534
 -65.534
 -65.534
 -65.534
 -65.534
 -65.534
 -65.534
 -65.534
 -65.534
 -65.534
 -65.534
 -65.534
 -65.534
 -65.534
 -65.534
 -65.534
 -65.534
 -65.534
 -65.534
 -65.534
 -65.534
 -65.534
   0.858
   0.868
   0.811
   0.725
   0.656
   0.594
   0.529
   0.459
   0.310
   0.000
 -65.534
 -65.534
 -65.534
 -65.534
 -65.534
 -65.534
 -65.534
 -65.534
 -65.534
 -65.534
 -65.534
 -65.534
 -65.534
 -65.534
 -65.534
 -65.534
 -65.534
 -65.534
 -65.534
 -65.534
 -65.534
 -65.534
 -65.534
 -65.534
 -65.534
 -65.534
 -65.534
 -65.534
 -65.534
 -65.534
 -65.534
 -65.534
 -65.534
 -65.534
 -65.534
 -65.534
 -65.534
 -65.534
 -65.534
 -65.534
 -65.534
 -65.534
 -65.534
 -65.534
 -65.534
 -65.534
 -65.534
 -65.534
 -65.534
 -65.534
 -65.534
 -65.534
 -65.534
 -65.534
 -65.534
 -65.534
 -65.534
 -65.534
 -65.534
 -65.534
 -65.534
   0.000
   0.000
   0.000
   0.000
   0.000
   0.000
   0.000
 -65.534
