 -65.534
   0.000
   0.000
   0.000
   0.000
   0.000
   0.000
   0.000
   0.000
   0.000
   0.000
   0.000
   0.000
   0.000
   0.000
   0.000
   0.000
   0.000
   0.000
   0.000
   0.000
   0.000
   0.000
   0.000
   0.000
   0.000
   0.000
   0.000
   0.000
   0.000
   0.000
   0.000
   0.000
   0.000
   0.000
   0.000
   0.000
   0.000
   0.000
   0.000
   0.000
   0.000
   0.000
   0.000
   0.000
   0.000
   0.000
   0.000
   0.000
   0.000
   0.000
   0.000
   0.000
   0.000
   0.000
   0.000
   0.000
   0.000
   0.000
   0.000
   0.000
   0.000
   0.000
   0.000
   0.000
   0.000
   0.000
   0.000
 -65.534
   0.000
   0.901
   0.987
   1.023
   1.068
   1.113
   1.163
   1.214
   1.263
   1.309
   1.351
   1.383
   1.415
   1.443
   1.466
   1.488
   1.504
   1.524
   1.539
   1.555
   1.567
   1.569
   1.577
   1.576
   1.584
   1.587
   1.585
   1.574
   1.548
   1.521
   1.496
   1.472
   1.451
   1.432
   1.420
   1.396
   1.375
   1.356
   1.334
   1.325
   1.332
   1.354
   1.380
   1.400
   1.403
   1.394
   1.376
   1.360
   1.352
   1.354
   1.365
   1.384
   1.411
   1.440
   1.478
   1.500
   1.515
   1.526
   1.529
   1.538
   1.546
   1.557
   1.575
   1.593
   1.607
   1.616
   1.625
   1.557
   0.000
   0.000
   0.990
   1.067
   1.095
   1.134
   1.177
   1.232
   1.292
   1.349
   1.403
   1.450
   1.488
   1.518
   1.540
   1.556
   1.571
   1.587
   1.605
   1.619
   1.634
   1.644
   1.651
   1.661
   1.662
   1.668
   1.667
   1.663
   1.648
   1.629
   1.604
   1.580
   1.559
   1.543
   1.526
   1.510
   1.488
   1.459
   1.431
   1.408
   1.403
   1.416
   1.445
   1.484
   1.518
   1.532
   1.527
   1.519
   1.516
   1.517
   1.524
   1.540
   1.564
   1.596
   1.632
   1.664
   1.690
   1.710
   1.724
   1.734
   1.747
   1.759
   1.776
   1.793
   1.813
   1.830
   1.844
   1.849
   1.776
   0.000
   0.000
   0.995
   1.066
   1.087
   1.122
   1.163
   1.214
   1.271
   1.330
   1.383
   1.430
   1.467
   1.497
   1.519
   1.533
   1.546
   1.559
   1.574
   1.586
   1.600
   1.611
   1.624
   1.637
   1.644
   1.646
   1.649
   1.646
   1.634
   1.614
   1.591
   1.572
   1.556
   1.544
   1.531
   1.517
   1.496
   1.468
   1.437
   1.411
   1.406
   1.425
   1.461
   1.505
   1.547
   1.571
   1.576
   1.574
   1.575
   1.580
   1.592
   1.608
   1.633
   1.664
   1.701
   1.733
   1.760
   1.781
   1.797
   1.808
   1.822
   1.834
   1.847
   1.865
   1.885
   1.904
   1.917
   1.924
   1.842
   0.000
   0.000
   0.998
   1.063
   1.078
   1.107
   1.141
   1.181
   1.233
   1.287
   1.339
   1.386
   1.422
   1.452
   1.474
   1.489
   1.501
   1.513
   1.526
   1.537
   1.549
   1.562
   1.576
   1.588
   1.601
   1.610
   1.616
   1.618
   1.610
   1.594
   1.581
   1.564
   1.550
   1.539
   1.527
   1.515
   1.494
   1.465
   1.433
   1.407
   1.402
   1.421
   1.457
   1.505
   1.554
   1.591
   1.609
   1.618
   1.623
   1.632
   1.642
   1.658
   1.683
   1.713
   1.748
   1.780
   1.807
   1.827
   1.844
   1.858
   1.868
   1.879
   1.893
   1.909
   1.929
   1.951
   1.964
   1.973
   1.889
   0.000
   0.000
   0.998
   1.058
   1.070
   1.094
   1.122
   1.156
   1.194
   1.241
   1.287
   1.329
   1.364
   1.391
   1.413
   1.427
   1.439
   1.448
   1.457
   1.469
   1.481
   1.497
   1.509
   1.524
   1.541
   1.560
   1.577
   1.585
   1.585
   1.578
   1.569
   1.559
   1.546
   1.532
   1.518
   1.501
   1.478
   1.449
   1.417
   1.391
   1.386
   1.404
   1.437
   1.485
   1.537
   1.585
   1.615
   1.634
   1.651
   1.665
   1.677
   1.694
   1.720
   1.750
   1.780
   1.807
   1.828
   1.849
   1.860
   1.871
   1.884
   1.898
   1.913
   1.933
   1.954
   1.976
   1.993
   2.004
   1.918
   0.000
   0.000
   0.996
   1.051
   1.064
   1.084
   1.106
   1.133
   1.165
   1.202
   1.240
   1.277
   1.306
   1.331
   1.350
   1.362
   1.367
   1.374
   1.383
   1.393
   1.408
   1.424
   1.441
   1.461
   1.485
   1.510
   1.532
   1.549
   1.561
   1.564
   1.561
   1.555
   1.543
   1.527
   1.505
   1.482
   1.456
   1.428
   1.397
   1.377
   1.374
   1.386
   1.416
   1.456
   1.509
   1.558
   1.594
   1.618
   1.640
   1.658
   1.675
   1.698
   1.726
   1.757
   1.787
   1.809
   1.828
   1.844
   1.854
   1.860
   1.874
   1.890
   1.906
   1.927
   1.950
   1.973
   1.994
   2.007
   1.924
   0.000
   0.000
   0.994
   1.047
   1.057
   1.078
   1.096
   1.115
   1.141
   1.171
   1.202
   1.232
   1.260
   1.281
   1.297
   1.303
   1.305
   1.312
   1.317
   1.328
   1.340
   1.357
   1.376
   1.400
   1.428
   1.456
   1.481
   1.506
   1.527
   1.538
   1.544
   1.540
   1.527
   1.509
   1.485
   1.460
   1.434
   1.408
   1.386
   1.372
   1.370
   1.379
   1.399
   1.432
   1.477
   1.520
   1.549
   1.570
   1.589
   1.608
   1.632
   1.665
   1.701
   1.735
   1.764
   1.787
   1.803
   1.815
   1.825
   1.831
   1.844
   1.859
   1.875
   1.894
   1.920
   1.944
   1.966
   1.981
   1.903
   0.000
   0.000
   0.985
   1.043
   1.054
   1.073
   1.087
   1.105
   1.123
   1.148
   1.176
   1.200
   1.221
   1.237
   1.249
   1.254
   1.256
   1.260
   1.264
   1.273
   1.284
   1.302
   1.322
   1.346
   1.371
   1.404
   1.428
   1.453
   1.477
   1.496
   1.506
   1.508
   1.498
   1.483
   1.462
   1.436
   1.416
   1.397
   1.385
   1.377
   1.378
   1.383
   1.391
   1.414
   1.447
   1.478
   1.498
   1.513
   1.524
   1.539
   1.564
   1.602
   1.647
   1.690
   1.725
   1.749
   1.766
   1.779
   1.787
   1.792
   1.804
   1.815
   1.830
   1.848
   1.871
   1.899
   1.922
   1.940
   1.869
   0.000
   0.000
   0.968
   1.031
   1.049
   1.069
   1.081
   1.094
   1.112
   1.134
   1.156
   1.179
   1.199
   1.216
   1.223
   1.228
   1.221
   1.218
   1.223
   1.231
   1.242
   1.257
   1.277
   1.300
   1.326
   1.347
   1.377
   1.397
   1.420
   1.441
   1.455
   1.461
   1.459
   1.448
   1.434
   1.420
   1.407
   1.399
   1.392
   1.388
   1.389
   1.392
   1.395
   1.402
   1.420
   1.440
   1.454
   1.459
   1.463
   1.476
   1.500
   1.537
   1.591
   1.642
   1.680
   1.706
   1.725
   1.737
   1.743
   1.744
   1.753
   1.767
   1.783
   1.800
   1.823
   1.851
   1.878
   1.897
   1.833
   0.000
   0.000
   0.947
   1.012
   1.037
   1.060
   1.073
   1.084
   1.101
   1.120
   1.144
   1.168
   1.185
   1.198
   1.206
   1.209
   1.209
   1.207
   1.207
   1.207
   1.210
   1.222
   1.241
   1.264
   1.286
   1.304
   1.320
   1.350
   1.366
   1.384
   1.402
   1.413
   1.417
   1.417
   1.409
   1.406
   1.402
   1.401
   1.398
   1.397
   1.398
   1.398
   1.394
   1.392
   1.397
   1.407
   1.416
   1.419
   1.418
   1.427
   1.449
   1.488
   1.542
   1.592
   1.633
   1.659
   1.675
   1.683
   1.685
   1.688
   1.697
   1.714
   1.731
   1.752
   1.777
   1.805
   1.834
   1.857
   1.798
   0.000
   0.000
   0.921
   0.992
   1.020
   1.044
   1.059
   1.076
   1.094
   1.114
   1.138
   1.162
   1.183
   1.198
   1.209
   1.212
   1.210
   1.204
   1.197
   1.195
   1.195
   1.198
   1.212
   1.231
   1.251
   1.270
   1.285
   1.299
   1.326
   1.344
   1.363
   1.380
   1.390
   1.391
   1.393
   1.395
   1.398
   1.403
   1.404
   1.402
   1.401
   1.399
   1.393
   1.388
   1.382
   1.381
   1.387
   1.388
   1.388
   1.394
   1.416
   1.454
   1.502
   1.545
   1.579
   1.603
   1.614
   1.618
   1.621
   1.628
   1.642
   1.665
   1.687
   1.713
   1.739
   1.772
   1.803
   1.824
   1.769
   0.000
   0.000
   0.861
   0.974
   1.004
   1.025
   1.042
   1.060
   1.079
   1.103
   1.126
   1.154
   1.176
   1.196
   1.210
   1.216
   1.213
   1.205
   1.194
   1.185
   1.181
   1.184
   1.190
   1.203
   1.223
   1.241
   1.257
   1.272
   1.291
   1.317
   1.338
   1.360
   1.374
   1.381
   1.386
   1.391
   1.396
   1.399
   1.402
   1.399
   1.396
   1.396
   1.387
   1.378
   1.366
   1.358
   1.356
   1.357
   1.357
   1.366
   1.386
   1.419
   1.459
   1.495
   1.521
   1.535
   1.543
   1.548
   1.555
   1.570
   1.593
   1.620
   1.651
   1.684
   1.718
   1.753
   1.783
   1.802
   1.744
   0.000
 -65.534
 -65.534
   0.873
   0.969
   0.990
   1.012
   1.032
   1.054
   1.077
   1.101
   1.127
   1.150
   1.171
   1.186
   1.193
   1.194
   1.186
   1.178
   1.167
   1.165
   1.164
   1.169
   1.180
   1.195
   1.214
   1.234
   1.253
   1.272
   1.295
   1.323
   1.346
   1.362
   1.379
   1.385
   1.387
   1.390
   1.392
   1.389
   1.385
   1.382
   1.377
   1.367
   1.357
   1.338
   1.325
   1.314
   1.310
   1.311
   1.321
   1.340
   1.368
   1.398
   1.426
   1.442
   1.456
   1.466
   1.476
   1.490
   1.513
   1.546
   1.581
   1.620
   1.667
   1.710
   1.746
   1.778
   1.792
   1.727
   0.000
 -65.534
 -65.534
 -65.534
   0.849
   0.940
   0.968
   0.996
   1.017
   1.038
   1.059
   1.082
   1.102
   1.118
   1.131
   1.140
   1.146
   1.145
   1.143
   1.137
   1.137
   1.136
   1.143
   1.156
   1.173
   1.195
   1.218
   1.242
   1.263
   1.285
   1.312
   1.337
   1.355
   1.364
   1.376
   1.380
   1.386
   1.385
   1.377
   1.369
   1.359
   1.350
   1.341
   1.324
   1.302
   1.282
   1.263
   1.252
   1.252
   1.263
   1.280
   1.304
   1.328
   1.351
   1.365
   1.376
   1.392
   1.410
   1.431
   1.463
   1.500
   1.545
   1.592
   1.640
   1.688
   1.731
   1.764
   1.779
   1.711
   0.000
 -65.534
 -65.534
 -65.534
 -65.534
   0.852
   0.914
   0.947
   0.968
   0.985
   1.006
   1.026
   1.042
   1.057
   1.067
   1.076
   1.083
   1.090
   1.092
   1.092
   1.094
   1.097
   1.107
   1.121
   1.144
   1.171
   1.199
   1.229
   1.256
   1.282
   1.308
   1.331
   1.350
   1.359
   1.363
   1.372
   1.377
   1.376
   1.372
   1.360
   1.345
   1.332
   1.316
   1.296
   1.269
   1.244
   1.222
   1.204
   1.201
   1.205
   1.219
   1.240
   1.261
   1.281
   1.295
   1.311
   1.328
   1.355
   1.385
   1.423
   1.467
   1.514
   1.561
   1.607
   1.656
   1.700
   1.736
   1.756
   1.689
   0.000
 -65.534
 -65.534
 -65.534
 -65.534
   0.784
   0.853
   0.886
   0.905
   0.921
   0.941
   0.963
   0.980
   0.995
   1.008
   1.018
   1.024
   1.030
   1.037
   1.041
   1.042
   1.047
   1.059
   1.073
   1.098
   1.126
   1.159
   1.192
   1.225
   1.254
   1.281
   1.305
   1.324
   1.341
   1.346
   1.354
   1.359
   1.361
   1.359
   1.345
   1.332
   1.316
   1.298
   1.273
   1.243
   1.212
   1.185
   1.165
   1.154
   1.152
   1.160
   1.175
   1.193
   1.215
   1.234
   1.255
   1.284
   1.316
   1.352
   1.394
   1.439
   1.485
   1.530
   1.575
   1.618
   1.658
   1.695
   1.718
   1.657
   0.000
 -65.534
 -65.534
 -65.534
 -65.534
   0.717
   0.784
   0.819
   0.835
   0.852
   0.875
   0.899
   0.920
   0.938
   0.953
   0.966
   0.974
   0.977
   0.982
   0.985
   0.989
   0.994
   1.002
   1.017
   1.037
   1.063
   1.096
   1.133
   1.166
   1.198
   1.229
   1.256
   1.276
   1.295
   1.311
   1.323
   1.330
   1.335
   1.333
   1.321
   1.304
   1.286
   1.264
   1.241
   1.211
   1.175
   1.145
   1.121
   1.105
   1.098
   1.101
   1.112
   1.132
   1.155
   1.181
   1.211
   1.246
   1.284
   1.328
   1.376
   1.420
   1.462
   1.503
   1.541
   1.578
   1.616
   1.650
   1.674
   1.619
   0.000
 -65.534
 -65.534
 -65.534
 -65.534
   0.618
   0.674
   0.711
   0.742
   0.781
   0.802
   0.831
   0.858
   0.880
   0.899
   0.913
   0.921
   0.927
   0.934
   0.938
   0.937
   0.939
   0.946
   0.954
   0.973
   0.997
   1.026
   1.060
   1.094
   1.129
   1.158
   1.185
   1.209
   1.231
   1.251
   1.267
   1.279
   1.288
   1.287
   1.279
   1.261
   1.241
   1.217
   1.190
   1.160
   1.128
   1.101
   1.075
   1.054
   1.047
   1.044
   1.053
   1.073
   1.101
   1.133
   1.166
   1.207
   1.256
   1.307
   1.360
   1.410
   1.453
   1.490
   1.522
   1.551
   1.582
   1.617
   1.639
   1.587
   0.000
 -65.534
 -65.534
 -65.534
 -65.534
 -65.534
 -65.534
 -65.534
 -65.534
   0.662
   0.714
   0.752
   0.785
   0.814
   0.841
   0.856
   0.868
   0.878
   0.888
   0.898
   0.901
   0.901
   0.897
   0.899
   0.911
   0.934
   0.962
   0.991
   1.022
   1.052
   1.081
   1.107
   1.130
   1.150
   1.171
   1.191
   1.208
   1.220
   1.224
   1.217
   1.202
   1.183
   1.161
   1.134
   1.107
   1.081
   1.055
   1.030
   1.010
   1.003
   1.002
   1.009
   1.029
   1.057
   1.092
   1.133
   1.182
   1.235
   1.291
   1.349
   1.406
   1.455
   1.496
   1.522
   1.544
   1.570
   1.596
   1.617
   1.572
   0.000
 -65.534
 -65.534
 -65.534
 -65.534
 -65.534
 -65.534
   0.384
   0.435
   0.567
   0.629
   0.671
   0.709
   0.744
   0.775
   0.799
   0.818
   0.837
   0.854
   0.866
   0.872
   0.870
   0.865
   0.865
   0.868
   0.879
   0.903
   0.931
   0.960
   0.987
   1.015
   1.036
   1.057
   1.075
   1.096
   1.114
   1.132
   1.147
   1.152
   1.148
   1.137
   1.119
   1.097
   1.077
   1.054
   1.036
   1.011
   0.991
   0.977
   0.970
   0.971
   0.979
   0.998
   1.031
   1.070
   1.115
   1.166
   1.223
   1.283
   1.343
   1.400
   1.452
   1.497
   1.527
   1.548
   1.571
   1.593
   1.614
   1.557
   0.000
 -65.534
 -65.534
 -65.534
 -65.534
 -65.534
 -65.534
 -65.534
 -65.534
 -65.534
   0.523
   0.564
   0.603
   0.639
   0.674
   0.717
   0.768
   0.797
   0.825
   0.845
   0.853
   0.850
   0.845
   0.845
   0.851
   0.864
   0.877
   0.891
   0.914
   0.936
   0.953
   0.973
   0.991
   1.011
   1.028
   1.045
   1.062
   1.074
   1.078
   1.078
   1.069
   1.054
   1.039
   1.022
   1.004
   0.987
   0.972
   0.959
   0.951
   0.948
   0.954
   0.966
   0.990
   1.023
   1.064
   1.110
   1.165
   1.223
   1.280
   1.337
   1.388
   1.439
   1.480
   1.518
   1.542
   1.567
   1.591
   1.608
   1.538
   0.000
 -65.534
 -65.534
 -65.534
 -65.534
 -65.534
 -65.534
 -65.534
 -65.534
 -65.534
 -65.534
 -65.534
 -65.534
 -65.534
 -65.534
 -65.534
   0.609
   0.691
   0.741
   0.787
   0.834
   0.838
   0.842
   0.849
   0.861
   0.874
   0.883
   0.893
   0.898
   0.906
   0.915
   0.926
   0.938
   0.952
   0.966
   0.982
   0.996
   1.008
   1.014
   1.024
   1.020
   1.006
   0.989
   0.971
   0.958
   0.948
   0.939
   0.934
   0.935
   0.940
   0.951
   0.967
   0.991
   1.025
   1.066
   1.116
   1.169
   1.225
   1.278
   1.324
   1.367
   1.412
   1.455
   1.497
   1.529
   1.555
   1.574
   1.588
   1.509
   0.000
 -65.534
 -65.534
 -65.534
 -65.534
 -65.534
 -65.534
 -65.534
 -65.534
 -65.534
 -65.534
 -65.534
 -65.534
 -65.534
 -65.534
 -65.534
 -65.534
 -65.534
 -65.534
 -65.534
   0.747
   0.819
   0.850
   0.875
   0.897
   0.909
   0.917
   0.919
   0.920
   0.914
   0.904
   0.901
   0.904
   0.909
   0.918
   0.932
   0.945
   0.957
   0.966
   0.972
   0.974
   0.968
   0.952
   0.937
   0.924
   0.917
   0.915
   0.918
   0.927
   0.943
   0.957
   0.976
   1.001
   1.035
   1.077
   1.125
   1.173
   1.222
   1.270
   1.308
   1.340
   1.378
   1.424
   1.468
   1.508
   1.533
   1.553
   1.559
   1.475
   0.000
 -65.534
 -65.534
 -65.534
 -65.534
 -65.534
 -65.534
 -65.534
 -65.534
 -65.534
 -65.534
 -65.534
 -65.534
 -65.534
 -65.534
 -65.534
 -65.534
 -65.534
 -65.534
   0.597
   0.774
   0.831
   0.873
   0.912
   0.944
   0.960
   0.964
   0.962
   0.955
   0.943
   0.926
   0.910
   0.897
   0.894
   0.896
   0.906
   0.918
   0.931
   0.938
   0.944
   0.947
   0.946
   0.941
   0.929
   0.918
   0.909
   0.907
   0.909
   0.920
   0.940
   0.962
   0.988
   1.016
   1.050
   1.091
   1.128
   1.167
   1.213
   1.255
   1.287
   1.317
   1.348
   1.390
   1.434
   1.474
   1.508
   1.530
   1.537
   1.451
   0.000
 -65.534
 -65.534
 -65.534
 -65.534
 -65.534
 -65.534
 -65.534
 -65.534
 -65.534
 -65.534
 -65.534
 -65.534
 -65.534
 -65.534
 -65.534
 -65.534
 -65.534
   0.610
   0.740
   0.821
   0.862
   0.904
   0.951
   0.990
   1.006
   1.008
   1.005
   0.994
   0.980
   0.961
   0.939
   0.919
   0.910
   0.905
   0.908
   0.916
   0.925
   0.933
   0.940
   0.942
   0.946
   0.949
   0.948
   0.949
   0.944
   0.938
   0.931
   0.935
   0.950
   0.972
   0.998
   1.027
   1.057
   1.093
   1.127
   1.167
   1.206
   1.241
   1.269
   1.297
   1.323
   1.358
   1.400
   1.445
   1.480
   1.509
   1.520
   1.435
   0.000
 -65.534
 -65.534
 -65.534
 -65.534
 -65.534
 -65.534
 -65.534
 -65.534
 -65.534
 -65.534
 -65.534
 -65.534
 -65.534
 -65.534
 -65.534
 -65.534
 -65.534
   0.712
   0.802
   0.852
   0.889
   0.931
   0.979
   1.016
   1.031
   1.030
   1.023
   1.012
   0.998
   0.985
   0.969
   0.947
   0.933
   0.927
   0.924
   0.926
   0.933
   0.937
   0.941
   0.947
   0.953
   0.961
   0.971
   0.982
   0.990
   0.984
   0.968
   0.963
   0.968
   0.985
   1.010
   1.033
   1.064
   1.095
   1.125
   1.157
   1.194
   1.225
   1.249
   1.270
   1.299
   1.334
   1.371
   1.414
   1.451
   1.488
   1.506
   1.437
   0.000
 -65.534
 -65.534
 -65.534
 -65.534
 -65.534
 -65.534
 -65.534
 -65.534
 -65.534
 -65.534
 -65.534
 -65.534
 -65.534
 -65.534
 -65.534
 -65.534
 -65.534
   0.751
   0.828
   0.866
   0.900
   0.940
   0.986
   1.019
   1.026
   1.020
   1.010
   1.000
   0.993
   0.987
   0.980
   0.960
   0.951
   0.941
   0.935
   0.935
   0.934
   0.935
   0.939
   0.946
   0.953
   0.963
   0.979
   0.994
   1.003
   1.000
   0.986
   0.980
   0.978
   0.991
   1.013
   1.037
   1.067
   1.099
   1.130
   1.157
   1.191
   1.220
   1.242
   1.261
   1.284
   1.313
   1.347
   1.387
   1.432
   1.468
   1.493
   1.441
   0.000
 -65.534
 -65.534
 -65.534
 -65.534
 -65.534
 -65.534
 -65.534
 -65.534
 -65.534
 -65.534
 -65.534
 -65.534
 -65.534
 -65.534
 -65.534
 -65.534
 -65.534
   0.766
   0.828
   0.867
   0.899
   0.939
   0.981
   1.006
   1.004
   0.991
   0.981
   0.978
   0.977
   0.982
   0.980
   0.966
   0.959
   0.952
   0.946
   0.944
   0.940
   0.941
   0.943
   0.948
   0.956
   0.966
   0.976
   0.985
   0.991
   0.990
   0.982
   0.976
   0.977
   0.986
   1.006
   1.032
   1.063
   1.096
   1.129
   1.160
   1.191
   1.219
   1.241
   1.262
   1.280
   1.302
   1.330
   1.362
   1.400
   1.434
   1.470
   1.428
   0.000
 -65.534
 -65.534
 -65.534
 -65.534
 -65.534
 -65.534
 -65.534
 -65.534
 -65.534
 -65.534
 -65.534
 -65.534
 -65.534
 -65.534
 -65.534
 -65.534
 -65.534
 -65.534
   0.813
   0.859
   0.898
   0.934
   0.963
   0.979
   0.973
   0.960
   0.956
   0.956
   0.960
   0.970
   0.974
   0.966
   0.961
   0.958
   0.956
   0.955
   0.954
   0.952
   0.953
   0.958
   0.964
   0.969
   0.970
   0.971
   0.973
   0.970
   0.967
   0.966
   0.970
   0.979
   1.002
   1.027
   1.059
   1.093
   1.128
   1.158
   1.193
   1.221
   1.244
   1.262
   1.280
   1.298
   1.316
   1.338
   1.365
   1.393
   1.426
   1.392
   0.000
 -65.534
 -65.534
 -65.534
 -65.534
 -65.534
 -65.534
 -65.534
 -65.534
 -65.534
 -65.534
 -65.534
 -65.534
 -65.534
 -65.534
 -65.534
 -65.534
 -65.534
 -65.534
 -65.534
   0.841
   0.887
   0.918
   0.939
   0.941
   0.935
   0.925
   0.922
   0.926
   0.933
   0.947
   0.953
   0.955
   0.956
   0.957
   0.965
   0.972
   0.978
   0.979
   0.981
   0.985
   0.975
   0.960
   0.951
   0.948
   0.948
   0.952
   0.953
   0.956
   0.963
   0.980
   1.003
   1.030
   1.063
   1.100
   1.133
   1.164
   1.195
   1.220
   1.241
   1.260
   1.277
   1.289
   1.300
   1.311
   1.326
   1.342
   1.365
   1.327
   0.000
 -65.534
 -65.534
 -65.534
 -65.534
 -65.534
 -65.534
 -65.534
 -65.534
 -65.534
 -65.534
 -65.534
 -65.534
 -65.534
 -65.534
 -65.534
 -65.534
 -65.534
 -65.534
 -65.534
 -65.534
   0.862
   0.892
   0.911
   0.909
   0.905
   0.896
   0.893
   0.897
   0.906
   0.922
   0.930
   0.938
   0.938
   0.943
   0.950
   0.939
 -65.534
 -65.534
 -65.534
 -65.534
   0.779
   0.852
   0.890
   0.906
   0.923
   0.937
   0.948
   0.957
   0.969
   0.987
   1.011
   1.038
   1.072
   1.107
   1.136
   1.164
   1.191
   1.214
   1.231
   1.245
   1.257
   1.265
   1.270
   1.271
   1.276
   1.281
   1.297
   1.250
   0.000
 -65.534
 -65.534
 -65.534
 -65.534
 -65.534
 -65.534
 -65.534
 -65.534
 -65.534
 -65.534
 -65.534
 -65.534
 -65.534
 -65.534
 -65.534
 -65.534
 -65.534
 -65.534
 -65.534
 -65.534
 -65.534
 -65.534
 -65.534
 -65.534
   0.852
   0.871
   0.879
   0.888
   0.904
   0.918
   0.930
   0.941
   0.949
   0.958
   0.961
   0.931
 -65.534
 -65.534
 -65.534
 -65.534
 -65.534
 -65.534
   0.781
   0.859
   0.906
   0.936
   0.952
   0.965
   0.984
   1.003
   1.024
   1.050
   1.079
   1.108
   1.132
   1.156
   1.177
   1.193
   1.205
   1.213
   1.218
   1.221
   1.219
   1.213
   1.208
   1.204
   1.208
   1.161
   0.000
 -65.534
 -65.534
 -65.534
 -65.534
 -65.534
 -65.534
 -65.534
 -65.534
 -65.534
 -65.534
 -65.534
 -65.534
 -65.534
 -65.534
 -65.534
 -65.534
 -65.534
 -65.534
 -65.534
 -65.534
 -65.534
 -65.534
 -65.534
 -65.534
   0.811
   0.839
   0.859
   0.879
   0.905
   0.929
   0.942
   0.951
   0.961
   0.968
   0.966
   0.926
 -65.534
 -65.534
 -65.534
 -65.534
 -65.534
 -65.534
 -65.534
   0.799
   0.890
   0.938
   0.968
   0.986
   1.004
   1.017
   1.036
   1.059
   1.083
   1.103
   1.123
   1.140
   1.154
   1.164
   1.169
   1.167
   1.161
   1.155
   1.143
   1.130
   1.114
   1.101
   1.100
   1.054
   0.000
 -65.534
 -65.534
 -65.534
 -65.534
 -65.534
 -65.534
 -65.534
 -65.534
 -65.534
 -65.534
 -65.534
 -65.534
 -65.534
 -65.534
 -65.534
 -65.534
 -65.534
 -65.534
 -65.534
 -65.534
 -65.534
 -65.534
 -65.534
 -65.534
 -65.534
 -65.534
 -65.534
 -65.534
 -65.534
   0.847
   0.908
   0.933
   0.957
   0.965
   0.954
   0.906
   0.517
 -65.534
 -65.534
 -65.534
 -65.534
 -65.534
 -65.534
   0.745
   0.867
 -65.534
   0.839
   0.936
   0.982
   1.026
   1.049
   1.067
   1.080
   1.094
   1.109
   1.119
   1.128
   1.127
   1.124
   1.113
   1.096
   1.077
   1.053
   1.026
   0.999
   0.979
   0.965
   0.921
   0.000
 -65.534
 -65.534
 -65.534
 -65.534
 -65.534
 -65.534
 -65.534
 -65.534
 -65.534
 -65.534
 -65.534
 -65.534
 -65.534
 -65.534
 -65.534
 -65.534
 -65.534
 -65.534
 -65.534
 -65.534
 -65.534
 -65.534
 -65.534
 -65.534
 -65.534
 -65.534
 -65.534
 -65.534
 -65.534
 -65.534
 -65.534
 -65.534
   0.856
   0.919
   0.919
   0.863
   0.652
   0.387
 -65.534
 -65.534
 -65.534
 -65.534
 -65.534
 -65.534
 -65.534
 -65.534
 -65.534
 -65.534
 -65.534
   0.810
   0.954
   1.015
   1.071
   1.086
   1.089
   1.080
   1.076
   1.069
   1.056
   1.037
   1.015
   0.984
   0.951
   0.914
   0.883
   0.852
   0.833
   0.790
   0.000
 -65.534
 -65.534
 -65.534
 -65.534
 -65.534
 -65.534
 -65.534
 -65.534
 -65.534
 -65.534
 -65.534
 -65.534
 -65.534
 -65.534
 -65.534
 -65.534
 -65.534
 -65.534
 -65.534
 -65.534
 -65.534
 -65.534
 -65.534
 -65.534
 -65.534
 -65.534
 -65.534
 -65.534
 -65.534
 -65.534
 -65.534
 -65.534
   0.770
   0.830
   0.839
   0.789
   0.665
   0.500
   0.335
   0.231
 -65.534
 -65.534
 -65.534
 -65.534
 -65.534
 -65.534
 -65.534
 -65.534
 -65.534
 -65.534
 -65.534
 -65.534
   0.793
   0.936
   0.978
   1.006
   1.002
   0.988
   0.972
   0.951
   0.924
   0.889
   0.851
   0.812
   0.776
   0.748
   0.727
   0.683
   0.000
 -65.534
 -65.534
 -65.534
 -65.534
 -65.534
 -65.534
 -65.534
 -65.534
 -65.534
 -65.534
 -65.534
 -65.534
 -65.534
 -65.534
 -65.534
 -65.534
 -65.534
 -65.534
 -65.534
 -65.534
 -65.534
 -65.534
 -65.534
 -65.534
 -65.534
 -65.534
 -65.534
 -65.534
 -65.534
 -65.534
 -65.534
 -65.534
 -65.534
 -65.534
 -65.534
 -65.534
   0.508
   0.464
   0.382
   0.313
   0.240
   0.196
   0.169
   0.162
   0.169
 -65.534
 -65.534
 -65.534
 -65.534
 -65.534
 -65.534
 -65.534
 -65.534
 -65.534
 -65.534
   0.705
   0.845
   0.881
   0.880
   0.861
   0.835
   0.804
   0.765
   0.730
   0.696
   0.667
   0.645
   0.596
   0.000
 -65.534
 -65.534
 -65.534
 -65.534
 -65.534
 -65.534
 -65.534
 -65.534
 -65.534
 -65.534
 -65.534
 -65.534
 -65.534
 -65.534
 -65.534
 -65.534
 -65.534
 -65.534
 -65.534
 -65.534
 -65.534
 -65.534
 -65.534
 -65.534
 -65.534
 -65.534
 -65.534
 -65.534
 -65.534
 -65.534
 -65.534
 -65.534
 -65.534
 -65.534
 -65.534
 -65.534
 -65.534
 -65.534
 -65.534
 -65.534
   0.177
 -65.534
 -65.534
 -65.534
 -65.534
 -65.534
 -65.534
 -65.534
 -65.534
 -65.534
 -65.534
 -65.534
 -65.534
 -65.534
 -65.534
   0.526
   0.678
   0.751
   0.772
   0.776
   0.760
   0.722
   0.689
   0.659
   0.631
   0.608
   0.585
   0.528
   0.000
 -65.534
 -65.534
 -65.534
 -65.534
 -65.534
 -65.534
 -65.534
 -65.534
 -65.534
 -65.534
 -65.534
 -65.534
 -65.534
 -65.534
 -65.534
 -65.534
 -65.534
 -65.534
 -65.534
 -65.534
 -65.534
 -65.534
 -65.534
 -65.534
 -65.534
 -65.534
 -65.534
 -65.534
 -65.534
 -65.534
 -65.534
 -65.534
 -65.534
 -65.534
 -65.534
 -65.534
 -65.534
 -65.534
 -65.534
 -65.534
 -65.534
 -65.534
 -65.534
 -65.534
 -65.534
 -65.534
 -65.534
 -65.534
 -65.534
 -65.534
 -65.534
 -65.534
 -65.534
 -65.534
 -65.534
 -65.534
 -65.534
 -65.534
 -65.534
   0.568
   0.639
   0.641
   0.613
   0.593
   0.576
   0.559
   0.543
   0.478
   0.000
 -65.534
 -65.534
 -65.534
 -65.534
 -65.534
 -65.534
 -65.534
 -65.534
 -65.534
 -65.534
 -65.534
 -65.534
 -65.534
 -65.534
 -65.534
 -65.534
 -65.534
 -65.534
 -65.534
 -65.534
 -65.534
 -65.534
 -65.534
 -65.534
 -65.534
 -65.534
 -65.534
 -65.534
 -65.534
 -65.534
 -65.534
 -65.534
 -65.534
 -65.534
 -65.534
 -65.534
 -65.534
 -65.534
 -65.534
 -65.534
 -65.534
 -65.534
 -65.534
 -65.534
 -65.534
 -65.534
 -65.534
 -65.534
 -65.534
 -65.534
 -65.534
 -65.534
 -65.534
 -65.534
 -65.534
 -65.534
 -65.534
 -65.534
 -65.534
 -65.534
 -65.534
   0.000
   0.000
   0.000
   0.000
   0.000
   0.000
   0.000
 -65.534
