 -65.534
   0.000
   0.000
   0.000
   0.000
   0.000
   0.000
   0.000
   0.000
   0.000
   0.000
   0.000
   0.000
   0.000
   0.000
   0.000
   0.000
   0.000
   0.000
   0.000
   0.000
   0.000
   0.000
   0.000
   0.000
   0.000
   0.000
   0.000
   0.000
   0.000
   0.000
   0.000
   0.000
   0.000
   0.000
   0.000
   0.000
   0.000
   0.000
   0.000
   0.000
   0.000
   0.000
   0.000
   0.000
   0.000
   0.000
   0.000
   0.000
   0.000
   0.000
   0.000
   0.000
   0.000
   0.000
   0.000
   0.000
   0.000
   0.000
   0.000
   0.000
   0.000
   0.000
   0.000
   0.000
   0.000
   0.000
   0.000
 -65.534
   0.000
   0.466
   0.466
   0.464
   0.466
   0.464
   0.460
   0.452
   0.440
   0.428
   0.422
   0.428
   0.442
   0.464
   0.490
   0.514
   0.534
   0.546
   0.560
   0.570
   0.574
   0.570
   0.566
   0.560
   0.554
   0.548
   0.542
   0.540
   0.534
   0.528
   0.526
   0.526
   0.528
   0.532
   0.542
   0.558
   0.580
   0.604
   0.626
   0.642
   0.646
   0.638
   0.616
   0.588
   0.562
   0.542
   0.532
   0.532
   0.536
   0.544
   0.548
   0.544
   0.534
   0.516
   0.492
   0.464
   0.440
   0.416
   0.400
   0.394
   0.392
   0.396
   0.400
   0.406
   0.410
   0.404
   0.394
   0.366
   0.000
   0.000
   0.530
   0.556
   0.570
   0.582
   0.596
   0.606
   0.608
   0.602
   0.600
   0.600
   0.608
   0.622
   0.640
   0.664
   0.688
   0.710
   0.724
   0.740
   0.754
   0.764
   0.766
   0.762
   0.760
   0.756
   0.752
   0.748
   0.742
   0.736
   0.728
   0.720
   0.716
   0.716
   0.718
   0.728
   0.744
   0.764
   0.784
   0.802
   0.812
   0.812
   0.796
   0.770
   0.740
   0.706
   0.682
   0.670
   0.666
   0.668
   0.670
   0.670
   0.664
   0.652
   0.636
   0.616
   0.592
   0.566
   0.542
   0.524
   0.514
   0.510
   0.510
   0.512
   0.514
   0.512
   0.502
   0.486
   0.460
   0.000
   0.000
   0.532
   0.578
   0.608
   0.642
   0.666
   0.684
   0.696
   0.702
   0.708
   0.714
   0.724
   0.738
   0.754
   0.774
   0.794
   0.812
   0.824
   0.838
   0.850
   0.862
   0.868
   0.870
   0.870
   0.870
   0.870
   0.870
   0.868
   0.862
   0.856
   0.850
   0.846
   0.844
   0.846
   0.852
   0.862
   0.874
   0.886
   0.898
   0.904
   0.900
   0.882
   0.854
   0.822
   0.790
   0.766
   0.750
   0.742
   0.740
   0.738
   0.734
   0.728
   0.718
   0.704
   0.684
   0.664
   0.642
   0.620
   0.600
   0.586
   0.578
   0.576
   0.576
   0.576
   0.574
   0.568
   0.556
   0.528
   0.000
   0.000
   0.498
   0.564
   0.610
   0.652
   0.686
   0.718
   0.744
   0.760
   0.772
   0.782
   0.796
   0.808
   0.820
   0.836
   0.852
   0.864
   0.874
   0.882
   0.894
   0.906
   0.916
   0.924
   0.930
   0.934
   0.936
   0.938
   0.938
   0.938
   0.936
   0.932
   0.930
   0.928
   0.926
   0.930
   0.936
   0.942
   0.950
   0.958
   0.962
   0.958
   0.944
   0.922
   0.894
   0.864
   0.838
   0.820
   0.808
   0.800
   0.796
   0.788
   0.778
   0.766
   0.750
   0.732
   0.712
   0.694
   0.676
   0.658
   0.646
   0.638
   0.636
   0.636
   0.640
   0.640
   0.632
   0.622
   0.588
   0.000
   0.000
   0.454
   0.534
   0.586
   0.636
   0.682
   0.724
   0.756
   0.782
   0.804
   0.820
   0.834
   0.844
   0.856
   0.868
   0.878
   0.888
   0.896
   0.902
   0.910
   0.920
   0.932
   0.942
   0.954
   0.962
   0.970
   0.976
   0.980
   0.986
   0.988
   0.990
   0.988
   0.988
   0.986
   0.986
   0.988
   0.992
   0.998
   1.004
   1.008
   1.010
   1.006
   0.990
   0.968
   0.942
   0.916
   0.896
   0.880
   0.870
   0.862
   0.850
   0.836
   0.818
   0.798
   0.776
   0.756
   0.740
   0.724
   0.712
   0.702
   0.698
   0.696
   0.698
   0.702
   0.702
   0.696
   0.682
   0.646
   0.000
   0.000
   0.420
   0.506
   0.562
   0.616
   0.666
   0.712
   0.752
   0.788
   0.816
   0.838
   0.852
   0.864
   0.876
   0.886
   0.896
   0.902
   0.908
   0.912
   0.918
   0.926
   0.936
   0.946
   0.958
   0.970
   0.982
   0.994
   1.004
   1.014
   1.022
   1.028
   1.030
   1.028
   1.024
   1.022
   1.020
   1.022
   1.026
   1.034
   1.042
   1.052
   1.058
   1.054
   1.042
   1.022
   1.000
   0.978
   0.962
   0.948
   0.938
   0.924
   0.908
   0.886
   0.860
   0.834
   0.812
   0.792
   0.778
   0.768
   0.762
   0.760
   0.760
   0.764
   0.766
   0.766
   0.758
   0.744
   0.702
   0.000
   0.000
   0.410
   0.496
   0.548
   0.600
   0.650
   0.698
   0.742
   0.780
   0.816
   0.842
   0.862
   0.878
   0.892
   0.904
   0.912
   0.918
   0.922
   0.924
   0.928
   0.930
   0.938
   0.946
   0.956
   0.968
   0.984
   0.998
   1.014
   1.030
   1.042
   1.050
   1.054
   1.052
   1.048
   1.044
   1.042
   1.044
   1.046
   1.054
   1.068
   1.086
   1.104
   1.114
   1.114
   1.102
   1.084
   1.066
   1.050
   1.036
   1.024
   1.010
   0.992
   0.968
   0.942
   0.912
   0.886
   0.862
   0.844
   0.832
   0.826
   0.824
   0.824
   0.826
   0.828
   0.828
   0.820
   0.804
   0.756
   0.000
   0.000
   0.436
   0.514
   0.560
   0.606
   0.650
   0.692
   0.734
   0.774
   0.812
   0.844
   0.870
   0.894
   0.912
   0.924
   0.934
   0.940
   0.942
   0.944
   0.944
   0.944
   0.944
   0.948
   0.956
   0.968
   0.982
   1.000
   1.018
   1.036
   1.052
   1.062
   1.066
   1.064
   1.060
   1.056
   1.054
   1.056
   1.060
   1.070
   1.088
   1.112
   1.140
   1.164
   1.176
   1.178
   1.168
   1.156
   1.140
   1.128
   1.116
   1.104
   1.086
   1.064
   1.038
   1.008
   0.976
   0.948
   0.922
   0.904
   0.894
   0.888
   0.888
   0.888
   0.890
   0.888
   0.878
   0.864
   0.814
   0.000
   0.000
   0.540
   0.604
   0.636
   0.660
   0.686
   0.714
   0.748
   0.782
   0.818
   0.852
   0.882
   0.910
   0.932
   0.948
   0.960
   0.966
   0.970
   0.970
   0.968
   0.964
   0.962
   0.960
   0.964
   0.972
   0.984
   1.000
   1.020
   1.038
   1.052
   1.064
   1.068
   1.070
   1.068
   1.064
   1.062
   1.064
   1.070
   1.082
   1.104
   1.136
   1.174
   1.208
   1.234
   1.246
   1.248
   1.244
   1.234
   1.226
   1.218
   1.206
   1.190
   1.168
   1.140
   1.108
   1.072
   1.036
   1.002
   0.978
   0.960
   0.950
   0.946
   0.944
   0.946
   0.942
   0.934
   0.920
   0.870
   0.000
   0.000
   0.700
   0.760
   0.778
   0.782
   0.782
   0.786
   0.796
   0.814
   0.840
   0.870
   0.898
   0.926
   0.952
   0.970
   0.984
   0.994
   1.000
   1.002
   1.000
   0.996
   0.990
   0.984
   0.984
   0.986
   0.994
   1.006
   1.020
   1.036
   1.052
   1.064
   1.072
   1.074
   1.074
   1.074
   1.074
   1.078
   1.086
   1.100
   1.124
   1.162
   1.206
   1.250
   1.288
   1.314
   1.330
   1.336
   1.334
   1.330
   1.322
   1.314
   1.298
   1.276
   1.248
   1.210
   1.166
   1.120
   1.076
   1.040
   1.016
   1.000
   0.992
   0.988
   0.988
   0.986
   0.980
   0.968
   0.918
   0.000
   0.000
   0.850
   0.930
   0.948
   0.942
   0.922
   0.902
   0.886
   0.878
   0.882
   0.896
   0.918
   0.944
   0.968
   0.990
   1.008
   1.020
   1.028
   1.032
   1.032
   1.030
   1.026
   1.020
   1.016
   1.012
   1.014
   1.018
   1.028
   1.040
   1.054
   1.066
   1.078
   1.084
   1.086
   1.090
   1.092
   1.100
   1.110
   1.126
   1.152
   1.192
   1.242
   1.294
   1.344
   1.382
   1.410
   1.428
   1.436
   1.436
   1.430
   1.422
   1.408
   1.386
   1.352
   1.306
   1.252
   1.192
   1.138
   1.094
   1.060
   1.038
   1.024
   1.018
   1.016
   1.016
   1.012
   1.004
   0.960
   0.000
   0.000
   0.918
   1.050
   1.092
   1.092
   1.068
   1.038
   1.008
   0.980
   0.960
   0.952
   0.954
   0.966
   0.984
   1.006
   1.024
   1.042
   1.054
   1.062
   1.066
   1.068
   1.068
   1.064
   1.058
   1.050
   1.046
   1.046
   1.048
   1.056
   1.066
   1.078
   1.088
   1.098
   1.106
   1.112
   1.120
   1.132
   1.146
   1.164
   1.192
   1.234
   1.288
   1.346
   1.404
   1.456
   1.494
   1.520
   1.534
   1.536
   1.532
   1.522
   1.508
   1.484
   1.444
   1.388
   1.322
   1.254
   1.190
   1.136
   1.096
   1.068
   1.048
   1.040
   1.036
   1.036
   1.036
   1.034
   0.998
   0.000
 -65.534
 -65.534
   1.054
   1.172
   1.208
   1.200
   1.176
   1.142
   1.102
   1.068
   1.044
   1.030
   1.024
   1.026
   1.036
   1.046
   1.058
   1.072
   1.084
   1.092
   1.098
   1.100
   1.102
   1.100
   1.098
   1.092
   1.086
   1.084
   1.084
   1.090
   1.100
   1.110
   1.122
   1.132
   1.144
   1.158
   1.174
   1.194
   1.218
   1.252
   1.296
   1.352
   1.414
   1.478
   1.536
   1.580
   1.614
   1.632
   1.634
   1.626
   1.614
   1.594
   1.564
   1.518
   1.456
   1.380
   1.304
   1.234
   1.178
   1.132
   1.098
   1.076
   1.064
   1.060
   1.062
   1.064
   1.068
   1.038
   0.000
 -65.534
 -65.534
 -65.534
   1.146
   1.292
   1.304
   1.296
   1.268
   1.230
   1.192
   1.160
   1.134
   1.116
   1.104
   1.096
   1.090
   1.088
   1.090
   1.096
   1.102
   1.108
   1.114
   1.120
   1.124
   1.128
   1.132
   1.132
   1.132
   1.130
   1.132
   1.140
   1.150
   1.160
   1.174
   1.188
   1.204
   1.226
   1.256
   1.290
   1.332
   1.382
   1.440
   1.502
   1.566
   1.624
   1.670
   1.706
   1.726
   1.724
   1.714
   1.696
   1.670
   1.632
   1.578
   1.508
   1.428
   1.348
   1.278
   1.218
   1.172
   1.138
   1.118
   1.108
   1.104
   1.106
   1.110
   1.114
   1.090
   0.000
 -65.534
 -65.534
 -65.534
 -65.534
   1.316
   1.364
   1.374
   1.362
   1.340
   1.312
   1.282
   1.252
   1.224
   1.200
   1.178
   1.160
   1.144
   1.132
   1.124
   1.122
   1.122
   1.124
   1.128
   1.134
   1.142
   1.150
   1.160
   1.170
   1.174
   1.180
   1.186
   1.196
   1.208
   1.220
   1.236
   1.256
   1.280
   1.318
   1.362
   1.414
   1.474
   1.532
   1.592
   1.652
   1.708
   1.754
   1.788
   1.806
   1.802
   1.786
   1.764
   1.730
   1.686
   1.624
   1.550
   1.468
   1.390
   1.320
   1.264
   1.222
   1.192
   1.176
   1.170
   1.168
   1.168
   1.170
   1.176
   1.150
   0.000
 -65.534
 -65.534
 -65.534
 -65.534
   1.290
   1.364
   1.390
   1.406
   1.410
   1.402
   1.386
   1.360
   1.332
   1.302
   1.270
   1.242
   1.216
   1.194
   1.174
   1.160
   1.152
   1.146
   1.146
   1.148
   1.152
   1.162
   1.174
   1.188
   1.202
   1.214
   1.226
   1.240
   1.254
   1.270
   1.286
   1.308
   1.340
   1.382
   1.434
   1.494
   1.558
   1.618
   1.676
   1.730
   1.778
   1.816
   1.846
   1.862
   1.860
   1.842
   1.816
   1.778
   1.724
   1.658
   1.582
   1.502
   1.426
   1.364
   1.314
   1.276
   1.250
   1.238
   1.234
   1.232
   1.232
   1.232
   1.234
   1.202
   0.000
 -65.534
 -65.534
 -65.534
 -65.534
   1.212
   1.306
   1.350
   1.390
   1.424
   1.444
   1.446
   1.434
   1.416
   1.388
   1.356
   1.322
   1.294
   1.268
   1.242
   1.220
   1.198
   1.184
   1.176
   1.172
   1.172
   1.176
   1.186
   1.200
   1.218
   1.234
   1.254
   1.272
   1.292
   1.310
   1.332
   1.358
   1.394
   1.442
   1.498
   1.562
   1.628
   1.690
   1.742
   1.790
   1.824
   1.850
   1.870
   1.882
   1.882
   1.866
   1.842
   1.804
   1.750
   1.682
   1.606
   1.530
   1.460
   1.402
   1.358
   1.324
   1.302
   1.290
   1.286
   1.284
   1.284
   1.284
   1.280
   1.242
   0.000
 -65.534
 -65.534
 -65.534
 -65.534
   1.028
   1.112
   1.170
   1.244
   1.344
   1.392
   1.424
   1.440
   1.442
   1.432
   1.412
   1.388
   1.362
   1.338
   1.316
   1.286
   1.256
   1.230
   1.212
   1.200
   1.194
   1.192
   1.200
   1.210
   1.222
   1.240
   1.262
   1.284
   1.306
   1.328
   1.352
   1.380
   1.418
   1.468
   1.524
   1.586
   1.650
   1.704
   1.750
   1.786
   1.814
   1.830
   1.842
   1.850
   1.852
   1.844
   1.826
   1.796
   1.750
   1.690
   1.624
   1.556
   1.492
   1.440
   1.400
   1.368
   1.346
   1.334
   1.328
   1.328
   1.328
   1.324
   1.318
   1.270
   0.000
 -65.534
 -65.534
 -65.534
 -65.534
 -65.534
 -65.534
 -65.534
 -65.534
   1.132
   1.234
   1.300
   1.362
   1.402
   1.420
   1.422
   1.420
   1.410
   1.392
   1.370
   1.342
   1.308
   1.276
   1.250
   1.228
   1.212
   1.204
   1.206
   1.214
   1.222
   1.238
   1.256
   1.278
   1.300
   1.322
   1.346
   1.374
   1.410
   1.456
   1.506
   1.562
   1.616
   1.664
   1.700
   1.728
   1.748
   1.760
   1.768
   1.776
   1.780
   1.780
   1.774
   1.758
   1.728
   1.688
   1.638
   1.584
   1.532
   1.484
   1.448
   1.418
   1.394
   1.382
   1.374
   1.372
   1.370
   1.368
   1.358
   1.304
   0.000
 -65.534
 -65.534
 -65.534
 -65.534
 -65.534
 -65.534
   0.564
   0.700
   0.910
   1.048
   1.144
   1.236
   1.308
   1.354
   1.386
   1.408
   1.412
   1.402
   1.382
   1.360
   1.332
   1.304
   1.278
   1.252
   1.230
   1.214
   1.210
   1.212
   1.220
   1.232
   1.246
   1.262
   1.280
   1.304
   1.328
   1.354
   1.388
   1.428
   1.472
   1.520
   1.564
   1.602
   1.630
   1.650
   1.662
   1.670
   1.676
   1.682
   1.690
   1.696
   1.702
   1.702
   1.692
   1.672
   1.644
   1.612
   1.574
   1.536
   1.504
   1.474
   1.448
   1.432
   1.424
   1.420
   1.420
   1.416
   1.404
   1.344
   0.000
 -65.534
 -65.534
 -65.534
 -65.534
 -65.534
 -65.534
 -65.534
 -65.534
 -65.534
   0.828
   0.938
   1.028
   1.102
   1.172
   1.246
   1.322
   1.336
   1.340
   1.332
   1.326
   1.310
   1.298
   1.284
   1.264
   1.240
   1.220
   1.208
   1.204
   1.208
   1.216
   1.228
   1.238
   1.254
   1.272
   1.296
   1.324
   1.356
   1.396
   1.436
   1.476
   1.516
   1.546
   1.566
   1.576
   1.582
   1.582
   1.584
   1.590
   1.598
   1.608
   1.618
   1.628
   1.634
   1.634
   1.630
   1.620
   1.600
   1.574
   1.548
   1.520
   1.494
   1.474
   1.466
   1.462
   1.460
   1.456
   1.444
   1.382
   0.000
 -65.534
 -65.534
 -65.534
 -65.534
 -65.534
 -65.534
 -65.534
 -65.534
 -65.534
 -65.534
 -65.534
 -65.534
 -65.534
 -65.534
 -65.534
   1.022
   1.082
   1.110
   1.146
   1.246
   1.254
   1.256
   1.258
   1.248
   1.230
   1.214
   1.200
   1.194
   1.192
   1.198
   1.204
   1.212
   1.222
   1.236
   1.258
   1.286
   1.320
   1.360
   1.400
   1.438
   1.474
   1.502
   1.518
   1.524
   1.520
   1.514
   1.506
   1.506
   1.510
   1.520
   1.532
   1.550
   1.568
   1.586
   1.602
   1.612
   1.608
   1.592
   1.572
   1.546
   1.520
   1.500
   1.492
   1.488
   1.486
   1.482
   1.474
   1.412
   0.000
 -65.534
 -65.534
 -65.534
 -65.534
 -65.534
 -65.534
 -65.534
 -65.534
 -65.534
 -65.534
 -65.534
 -65.534
 -65.534
 -65.534
 -65.534
 -65.534
 -65.534
 -65.534
 -65.534
   1.060
   1.136
   1.166
   1.186
   1.192
   1.186
   1.178
   1.172
   1.168
   1.168
   1.172
   1.178
   1.182
   1.188
   1.200
   1.220
   1.244
   1.278
   1.314
   1.354
   1.394
   1.430
   1.462
   1.482
   1.490
   1.486
   1.472
   1.454
   1.440
   1.436
   1.438
   1.450
   1.472
   1.500
   1.532
   1.566
   1.590
   1.596
   1.584
   1.566
   1.544
   1.522
   1.506
   1.500
   1.500
   1.500
   1.502
   1.498
   1.440
   0.000
 -65.534
 -65.534
 -65.534
 -65.534
 -65.534
 -65.534
 -65.534
 -65.534
 -65.534
 -65.534
 -65.534
 -65.534
 -65.534
 -65.534
 -65.534
 -65.534
 -65.534
 -65.534
   0.712
   0.896
   0.972
   1.024
   1.062
   1.084
   1.096
   1.104
   1.112
   1.118
   1.124
   1.132
   1.140
   1.146
   1.152
   1.164
   1.178
   1.200
   1.228
   1.262
   1.298
   1.336
   1.376
   1.414
   1.444
   1.466
   1.472
   1.458
   1.430
   1.402
   1.382
   1.374
   1.378
   1.396
   1.428
   1.468
   1.510
   1.544
   1.556
   1.546
   1.530
   1.514
   1.498
   1.490
   1.494
   1.502
   1.514
   1.526
   1.530
   1.482
   0.000
 -65.534
 -65.534
 -65.534
 -65.534
 -65.534
 -65.534
 -65.534
 -65.534
 -65.534
 -65.534
 -65.534
 -65.534
 -65.534
 -65.534
 -65.534
 -65.534
 -65.534
   0.560
   0.646
   0.756
   0.824
   0.880
   0.926
   0.960
   0.986
   1.008
   1.028
   1.044
   1.058
   1.072
   1.084
   1.096
   1.106
   1.120
   1.134
   1.152
   1.174
   1.202
   1.236
   1.276
   1.318
   1.366
   1.412
   1.452
   1.474
   1.468
   1.440
   1.402
   1.366
   1.342
   1.332
   1.342
   1.372
   1.414
   1.458
   1.492
   1.506
   1.498
   1.484
   1.472
   1.466
   1.468
   1.486
   1.508
   1.532
   1.558
   1.582
   1.546
   0.000
 -65.534
 -65.534
 -65.534
 -65.534
 -65.534
 -65.534
 -65.534
 -65.534
 -65.534
 -65.534
 -65.534
 -65.534
 -65.534
 -65.534
 -65.534
 -65.534
 -65.534
   0.498
   0.574
   0.652
   0.710
   0.760
   0.804
   0.840
   0.874
   0.902
   0.930
   0.952
   0.974
   0.994
   1.012
   1.028
   1.046
   1.064
   1.080
   1.096
   1.114
   1.140
   1.172
   1.214
   1.266
   1.324
   1.384
   1.440
   1.476
   1.480
   1.460
   1.424
   1.382
   1.346
   1.324
   1.320
   1.340
   1.376
   1.420
   1.456
   1.472
   1.470
   1.460
   1.452
   1.448
   1.458
   1.486
   1.516
   1.554
   1.596
   1.642
   1.626
   0.000
 -65.534
 -65.534
 -65.534
 -65.534
 -65.534
 -65.534
 -65.534
 -65.534
 -65.534
 -65.534
 -65.534
 -65.534
 -65.534
 -65.534
 -65.534
 -65.534
 -65.534
   0.442
   0.512
   0.568
   0.616
   0.656
   0.692
   0.724
   0.758
   0.788
   0.818
   0.848
   0.876
   0.904
   0.928
   0.950
   0.972
   0.994
   1.014
   1.032
   1.052
   1.074
   1.108
   1.154
   1.212
   1.280
   1.348
   1.412
   1.458
   1.470
   1.456
   1.430
   1.398
   1.362
   1.334
   1.320
   1.324
   1.346
   1.384
   1.422
   1.446
   1.456
   1.456
   1.454
   1.454
   1.464
   1.492
   1.528
   1.572
   1.632
   1.704
   1.720
   0.000
 -65.534
 -65.534
 -65.534
 -65.534
 -65.534
 -65.534
 -65.534
 -65.534
 -65.534
 -65.534
 -65.534
 -65.534
 -65.534
 -65.534
 -65.534
 -65.534
 -65.534
   0.366
   0.456
   0.500
   0.536
   0.566
   0.592
   0.620
   0.650
   0.680
   0.710
   0.744
   0.778
   0.812
   0.842
   0.870
   0.896
   0.922
   0.946
   0.966
   0.986
   1.008
   1.042
   1.088
   1.150
   1.220
   1.294
   1.362
   1.412
   1.434
   1.430
   1.416
   1.394
   1.368
   1.344
   1.328
   1.324
   1.334
   1.360
   1.398
   1.432
   1.454
   1.470
   1.478
   1.484
   1.496
   1.520
   1.554
   1.602
   1.674
   1.768
   1.806
   0.000
 -65.534
 -65.534
 -65.534
 -65.534
 -65.534
 -65.534
 -65.534
 -65.534
 -65.534
 -65.534
 -65.534
 -65.534
 -65.534
 -65.534
 -65.534
 -65.534
 -65.534
 -65.534
   0.374
   0.442
   0.468
   0.490
   0.510
   0.534
   0.560
   0.586
   0.618
   0.652
   0.690
   0.728
   0.766
   0.796
   0.824
   0.852
   0.878
   0.902
   0.922
   0.942
   0.972
   1.018
   1.072
   1.140
   1.216
   1.290
   1.350
   1.384
   1.392
   1.386
   1.374
   1.360
   1.344
   1.334
   1.330
   1.336
   1.356
   1.390
   1.426
   1.458
   1.484
   1.504
   1.518
   1.534
   1.560
   1.592
   1.640
   1.714
   1.812
   1.850
   0.000
 -65.534
 -65.534
 -65.534
 -65.534
 -65.534
 -65.534
 -65.534
 -65.534
 -65.534
 -65.534
 -65.534
 -65.534
 -65.534
 -65.534
 -65.534
 -65.534
 -65.534
 -65.534
 -65.534
   0.360
   0.402
   0.416
   0.434
   0.460
   0.490
   0.514
   0.542
   0.576
   0.614
   0.654
   0.694
   0.730
   0.760
   0.790
   0.818
   0.842
   0.830
   0.846
   0.874
   0.910
   0.986
   1.046
   1.118
   1.200
   1.276
   1.324
   1.346
   1.350
   1.348
   1.342
   1.338
   1.338
   1.342
   1.352
   1.370
   1.398
   1.430
   1.462
   1.490
   1.516
   1.540
   1.562
   1.592
   1.626
   1.674
   1.738
   1.820
   1.836
   0.000
 -65.534
 -65.534
 -65.534
 -65.534
 -65.534
 -65.534
 -65.534
 -65.534
 -65.534
 -65.534
 -65.534
 -65.534
 -65.534
 -65.534
 -65.534
 -65.534
 -65.534
 -65.534
 -65.534
 -65.534
   0.320
   0.340
   0.366
   0.392
   0.438
   0.462
   0.488
   0.518
   0.554
   0.592
   0.632
   0.668
   0.700
   0.728
   0.744
   0.738
 -65.534
 -65.534
 -65.534
 -65.534
   0.718
   0.838
   0.978
   1.082
   1.176
   1.242
   1.278
   1.302
   1.314
   1.318
   1.324
   1.334
   1.348
   1.366
   1.388
   1.418
   1.450
   1.482
   1.514
   1.544
   1.574
   1.604
   1.640
   1.674
   1.710
   1.754
   1.806
   1.796
   0.000
 -65.534
 -65.534
 -65.534
 -65.534
 -65.534
 -65.534
 -65.534
 -65.534
 -65.534
 -65.534
 -65.534
 -65.534
 -65.534
 -65.534
 -65.534
 -65.534
 -65.534
 -65.534
 -65.534
 -65.534
 -65.534
 -65.534
 -65.534
 -65.534
   0.380
   0.416
   0.442
   0.470
   0.502
   0.538
   0.572
   0.606
   0.636
   0.660
   0.664
   0.650
 -65.534
 -65.534
 -65.534
 -65.534
 -65.534
 -65.534
   0.758
   0.936
   1.056
   1.132
   1.188
   1.228
   1.258
   1.278
   1.290
   1.310
   1.332
   1.360
   1.394
   1.436
   1.480
   1.522
   1.564
   1.602
   1.642
   1.682
   1.718
   1.750
   1.772
   1.788
   1.802
   1.748
   0.000
 -65.534
 -65.534
 -65.534
 -65.534
 -65.534
 -65.534
 -65.534
 -65.534
 -65.534
 -65.534
 -65.534
 -65.534
 -65.534
 -65.534
 -65.534
 -65.534
 -65.534
 -65.534
 -65.534
 -65.534
 -65.534
 -65.534
 -65.534
 -65.534
   0.322
   0.364
   0.394
   0.422
   0.452
   0.496
   0.522
   0.550
   0.576
   0.592
   0.594
   0.588
 -65.534
 -65.534
 -65.534
 -65.534
 -65.534
 -65.534
 -65.534
   0.774
   0.916
   0.966
   1.068
   1.124
   1.170
   1.206
   1.236
   1.264
   1.298
   1.336
   1.386
   1.446
   1.512
   1.572
   1.628
   1.680
   1.730
   1.778
   1.818
   1.844
   1.856
   1.854
   1.840
   1.748
   0.000
 -65.534
 -65.534
 -65.534
 -65.534
 -65.534
 -65.534
 -65.534
 -65.534
 -65.534
 -65.534
 -65.534
 -65.534
 -65.534
 -65.534
 -65.534
 -65.534
 -65.534
 -65.534
 -65.534
 -65.534
 -65.534
 -65.534
 -65.534
 -65.534
 -65.534
 -65.534
 -65.534
 -65.534
 -65.534
   0.382
   0.442
   0.478
   0.524
   0.538
   0.544
   0.550
   0.410
 -65.534
 -65.534
 -65.534
 -65.534
 -65.534
 -65.534
   0.640
   0.736
 -65.534
   0.806
   0.920
   1.006
   1.098
   1.152
   1.196
   1.242
   1.298
   1.362
   1.442
   1.524
   1.600
   1.668
   1.734
   1.796
   1.850
   1.896
   1.930
   1.948
   1.950
   1.930
   1.826
   0.000
 -65.534
 -65.534
 -65.534
 -65.534
 -65.534
 -65.534
 -65.534
 -65.534
 -65.534
 -65.534
 -65.534
 -65.534
 -65.534
 -65.534
 -65.534
 -65.534
 -65.534
 -65.534
 -65.534
 -65.534
 -65.534
 -65.534
 -65.534
 -65.534
 -65.534
 -65.534
 -65.534
 -65.534
 -65.534
 -65.534
 -65.534
 -65.534
   0.408
   0.466
   0.494
   0.508
   0.474
   0.364
 -65.534
 -65.534
 -65.534
 -65.534
 -65.534
 -65.534
 -65.534
 -65.534
 -65.534
 -65.534
 -65.534
   0.794
   0.952
   1.052
   1.156
   1.230
   1.312
   1.408
   1.504
   1.588
   1.664
   1.736
   1.812
   1.884
   1.948
   2.000
   2.040
   2.060
   2.052
   1.966
   0.000
 -65.534
 -65.534
 -65.534
 -65.534
 -65.534
 -65.534
 -65.534
 -65.534
 -65.534
 -65.534
 -65.534
 -65.534
 -65.534
 -65.534
 -65.534
 -65.534
 -65.534
 -65.534
 -65.534
 -65.534
 -65.534
 -65.534
 -65.534
 -65.534
 -65.534
 -65.534
 -65.534
 -65.534
 -65.534
 -65.534
 -65.534
 -65.534
   0.298
   0.374
   0.424
   0.454
   0.474
   0.450
   0.368
   0.284
 -65.534
 -65.534
 -65.534
 -65.534
 -65.534
 -65.534
 -65.534
 -65.534
 -65.534
 -65.534
 -65.534
 -65.534
   0.844
   1.038
   1.170
   1.326
   1.448
   1.544
   1.626
   1.714
   1.806
   1.890
   1.976
   2.056
   2.126
   2.164
   2.174
   2.102
   0.000
 -65.534
 -65.534
 -65.534
 -65.534
 -65.534
 -65.534
 -65.534
 -65.534
 -65.534
 -65.534
 -65.534
 -65.534
 -65.534
 -65.534
 -65.534
 -65.534
 -65.534
 -65.534
 -65.534
 -65.534
 -65.534
 -65.534
 -65.534
 -65.534
 -65.534
 -65.534
 -65.534
 -65.534
 -65.534
 -65.534
 -65.534
 -65.534
 -65.534
 -65.534
 -65.534
 -65.534
   0.318
   0.392
   0.394
   0.376
   0.328
   0.288
   0.280
   0.288
   0.318
 -65.534
 -65.534
 -65.534
 -65.534
 -65.534
 -65.534
 -65.534
 -65.534
 -65.534
 -65.534
   1.056
   1.326
   1.472
   1.574
   1.680
   1.790
   1.894
   2.004
   2.110
   2.194
   2.248
   2.274
   2.220
   0.000
 -65.534
 -65.534
 -65.534
 -65.534
 -65.534
 -65.534
 -65.534
 -65.534
 -65.534
 -65.534
 -65.534
 -65.534
 -65.534
 -65.534
 -65.534
 -65.534
 -65.534
 -65.534
 -65.534
 -65.534
 -65.534
 -65.534
 -65.534
 -65.534
 -65.534
 -65.534
 -65.534
 -65.534
 -65.534
 -65.534
 -65.534
 -65.534
 -65.534
 -65.534
 -65.534
 -65.534
 -65.534
 -65.534
 -65.534
 -65.534
   0.222
 -65.534
 -65.534
 -65.534
 -65.534
 -65.534
 -65.534
 -65.534
 -65.534
 -65.534
 -65.534
 -65.534
 -65.534
 -65.534
 -65.534
   0.940
   1.186
   1.350
   1.460
   1.612
   1.762
   1.896
   2.024
   2.142
   2.236
   2.304
   2.346
   2.322
   0.000
 -65.534
 -65.534
 -65.534
 -65.534
 -65.534
 -65.534
 -65.534
 -65.534
 -65.534
 -65.534
 -65.534
 -65.534
 -65.534
 -65.534
 -65.534
 -65.534
 -65.534
 -65.534
 -65.534
 -65.534
 -65.534
 -65.534
 -65.534
 -65.534
 -65.534
 -65.534
 -65.534
 -65.534
 -65.534
 -65.534
 -65.534
 -65.534
 -65.534
 -65.534
 -65.534
 -65.534
 -65.534
 -65.534
 -65.534
 -65.534
 -65.534
 -65.534
 -65.534
 -65.534
 -65.534
 -65.534
 -65.534
 -65.534
 -65.534
 -65.534
 -65.534
 -65.534
 -65.534
 -65.534
 -65.534
 -65.534
 -65.534
 -65.534
 -65.534
   1.212
   1.580
   1.816
   1.960
   2.082
   2.190
   2.268
   2.324
   2.332
   0.000
 -65.534
 -65.534
 -65.534
 -65.534
 -65.534
 -65.534
 -65.534
 -65.534
 -65.534
 -65.534
 -65.534
 -65.534
 -65.534
 -65.534
 -65.534
 -65.534
 -65.534
 -65.534
 -65.534
 -65.534
 -65.534
 -65.534
 -65.534
 -65.534
 -65.534
 -65.534
 -65.534
 -65.534
 -65.534
 -65.534
 -65.534
 -65.534
 -65.534
 -65.534
 -65.534
 -65.534
 -65.534
 -65.534
 -65.534
 -65.534
 -65.534
 -65.534
 -65.534
 -65.534
 -65.534
 -65.534
 -65.534
 -65.534
 -65.534
 -65.534
 -65.534
 -65.534
 -65.534
 -65.534
 -65.534
 -65.534
 -65.534
 -65.534
 -65.534
 -65.534
 -65.534
   0.000
   0.000
   0.000
   0.000
   0.000
   0.000
   0.000
 -65.534
