 -65.534
   0.000
   0.000
   0.000
   0.000
   0.000
   0.000
   0.000
   0.000
   0.000
   0.000
   0.000
   0.000
   0.000
   0.000
   0.000
   0.000
   0.000
   0.000
   0.000
   0.000
   0.000
   0.000
   0.000
   0.000
   0.000
   0.000
   0.000
   0.000
   0.000
   0.000
   0.000
   0.000
   0.000
   0.000
   0.000
   0.000
   0.000
   0.000
   0.000
   0.000
   0.000
   0.000
   0.000
   0.000
   0.000
   0.000
   0.000
   0.000
   0.000
   0.000
   0.000
   0.000
   0.000
   0.000
   0.000
   0.000
   0.000
   0.000
   0.000
   0.000
   0.000
   0.000
   0.000
   0.000
   0.000
   0.000
   0.000
 -65.534
   0.000
   1.098
   1.222
   1.268
   1.309
   1.343
   1.372
   1.401
   1.429
   1.459
   1.487
   1.511
   1.533
   1.554
   1.566
   1.576
   1.580
   1.590
   1.604
   1.617
   1.631
   1.648
   1.669
   1.687
   1.720
   1.754
   1.781
   1.800
   1.809
   1.815
   1.816
   1.816
   1.812
   1.800
   1.784
   1.753
   1.726
   1.691
   1.642
   1.584
   1.519
   1.458
   1.396
   1.331
   1.276
   1.230
   1.189
   1.148
   1.118
   1.097
   1.090
   1.095
   1.109
   1.133
   1.177
   1.220
   1.263
   1.302
   1.336
   1.371
   1.406
   1.439
   1.475
   1.510
   1.535
   1.560
   1.590
   1.596
   0.000
   0.000
   1.193
   1.304
   1.338
   1.372
   1.396
   1.421
   1.449
   1.477
   1.508
   1.537
   1.564
   1.587
   1.606
   1.618
   1.630
   1.639
   1.653
   1.670
   1.689
   1.711
   1.735
   1.765
   1.794
   1.827
   1.857
   1.883
   1.902
   1.916
   1.925
   1.935
   1.943
   1.950
   1.952
   1.944
   1.925
   1.897
   1.865
   1.815
   1.757
   1.695
   1.632
   1.563
   1.492
   1.431
   1.387
   1.351
   1.320
   1.297
   1.284
   1.280
   1.288
   1.310
   1.340
   1.375
   1.415
   1.459
   1.502
   1.544
   1.585
   1.630
   1.676
   1.723
   1.767
   1.807
   1.842
   1.881
   1.887
   0.000
   0.000
   1.179
   1.282
   1.313
   1.343
   1.364
   1.389
   1.416
   1.443
   1.473
   1.503
   1.530
   1.554
   1.573
   1.587
   1.600
   1.614
   1.632
   1.654
   1.682
   1.711
   1.744
   1.784
   1.823
   1.856
   1.883
   1.904
   1.918
   1.928
   1.940
   1.955
   1.970
   1.987
   2.007
   2.012
   2.005
   1.986
   1.951
   1.904
   1.847
   1.785
   1.718
   1.647
   1.573
   1.511
   1.466
   1.434
   1.408
   1.387
   1.376
   1.372
   1.381
   1.400
   1.426
   1.456
   1.492
   1.532
   1.574
   1.618
   1.663
   1.713
   1.765
   1.819
   1.872
   1.921
   1.963
   2.007
   2.010
   0.000
   0.000
   1.155
   1.249
   1.278
   1.307
   1.330
   1.352
   1.377
   1.402
   1.432
   1.464
   1.492
   1.519
   1.542
   1.561
   1.579
   1.596
   1.619
   1.648
   1.680
   1.715
   1.753
   1.798
   1.843
   1.876
   1.901
   1.922
   1.931
   1.935
   1.945
   1.962
   1.983
   2.010
   2.042
   2.066
   2.072
   2.063
   2.037
   1.991
   1.937
   1.878
   1.810
   1.737
   1.665
   1.602
   1.557
   1.524
   1.498
   1.477
   1.460
   1.454
   1.460
   1.475
   1.496
   1.521
   1.553
   1.590
   1.628
   1.667
   1.713
   1.764
   1.820
   1.879
   1.936
   1.992
   2.040
   2.087
   2.089
   0.000
   0.000
   1.118
   1.208
   1.237
   1.269
   1.292
   1.314
   1.338
   1.365
   1.395
   1.427
   1.456
   1.485
   1.511
   1.534
   1.554
   1.574
   1.600
   1.632
   1.667
   1.706
   1.747
   1.797
   1.842
   1.879
   1.905
   1.920
   1.924
   1.921
   1.929
   1.949
   1.975
   2.012
   2.057
   2.094
   2.114
   2.113
   2.097
   2.058
   2.008
   1.952
   1.890
   1.822
   1.754
   1.691
   1.642
   1.603
   1.576
   1.550
   1.528
   1.515
   1.517
   1.529
   1.549
   1.573
   1.603
   1.635
   1.669
   1.704
   1.747
   1.799
   1.856
   1.917
   1.979
   2.035
   2.086
   2.134
   2.137
   0.000
   0.000
   1.074
   1.161
   1.192
   1.224
   1.250
   1.275
   1.301
   1.329
   1.359
   1.390
   1.421
   1.449
   1.476
   1.498
   1.520
   1.543
   1.570
   1.603
   1.640
   1.679
   1.724
   1.776
   1.825
   1.861
   1.881
   1.890
   1.890
   1.884
   1.891
   1.917
   1.951
   1.998
   2.050
   2.100
   2.132
   2.148
   2.137
   2.107
   2.064
   2.014
   1.960
   1.898
   1.831
   1.769
   1.719
   1.677
   1.642
   1.611
   1.583
   1.563
   1.559
   1.566
   1.584
   1.610
   1.639
   1.669
   1.699
   1.730
   1.769
   1.820
   1.876
   1.936
   1.995
   2.054
   2.107
   2.158
   2.164
   0.000
   0.000
   1.022
   1.105
   1.141
   1.176
   1.204
   1.233
   1.261
   1.290
   1.320
   1.351
   1.380
   1.408
   1.433
   1.455
   1.477
   1.501
   1.529
   1.562
   1.598
   1.637
   1.680
   1.729
   1.777
   1.809
   1.826
   1.834
   1.830
   1.823
   1.834
   1.870
   1.916
   1.973
   2.033
   2.094
   2.133
   2.158
   2.160
   2.139
   2.102
   2.059
   2.009
   1.952
   1.895
   1.836
   1.780
   1.736
   1.696
   1.656
   1.621
   1.594
   1.582
   1.583
   1.597
   1.621
   1.649
   1.679
   1.707
   1.736
   1.773
   1.817
   1.872
   1.931
   1.992
   2.054
   2.110
   2.163
   2.176
   0.000
   0.000
   0.951
   1.036
   1.076
   1.119
   1.153
   1.182
   1.211
   1.241
   1.273
   1.305
   1.335
   1.361
   1.385
   1.407
   1.429
   1.453
   1.481
   1.513
   1.546
   1.585
   1.624
   1.668
   1.713
   1.743
   1.754
   1.759
   1.757
   1.754
   1.772
   1.818
   1.876
   1.940
   2.012
   2.077
   2.125
   2.157
   2.166
   2.153
   2.127
   2.090
   2.043
   1.991
   1.936
   1.882
   1.830
   1.780
   1.734
   1.691
   1.650
   1.616
   1.593
   1.587
   1.593
   1.613
   1.638
   1.665
   1.690
   1.715
   1.753
   1.796
   1.849
   1.905
   1.969
   2.036
   2.098
   2.157
   2.176
   0.000
   0.000
   0.865
   0.946
   0.993
   1.045
   1.085
   1.120
   1.154
   1.185
   1.218
   1.251
   1.281
   1.309
   1.332
   1.355
   1.377
   1.401
   1.428
   1.458
   1.491
   1.528
   1.566
   1.607
   1.646
   1.670
   1.679
   1.684
   1.682
   1.687
   1.716
   1.770
   1.833
   1.903
   1.983
   2.052
   2.107
   2.147
   2.164
   2.157
   2.138
   2.108
   2.066
   2.017
   1.963
   1.910
   1.860
   1.810
   1.761
   1.714
   1.668
   1.626
   1.598
   1.581
   1.579
   1.590
   1.609
   1.632
   1.656
   1.680
   1.715
   1.761
   1.813
   1.870
   1.937
   2.007
   2.077
   2.144
   2.174
   0.000
   0.000
   0.782
   0.857
   0.905
   0.962
   1.010
   1.050
   1.087
   1.124
   1.159
   1.193
   1.224
   1.253
   1.279
   1.302
   1.325
   1.348
   1.375
   1.403
   1.434
   1.467
   1.503
   1.542
   1.578
   1.598
   1.607
   1.609
   1.610
   1.628
   1.667
   1.724
   1.789
   1.861
   1.941
   2.016
   2.076
   2.121
   2.145
   2.146
   2.133
   2.110
   2.074
   2.027
   1.977
   1.920
   1.867
   1.821
   1.772
   1.724
   1.674
   1.625
   1.591
   1.565
   1.550
   1.550
   1.563
   1.583
   1.605
   1.631
   1.669
   1.718
   1.772
   1.832
   1.902
   1.977
   2.055
   2.129
   2.169
   0.000
   0.000
   0.714
   0.777
   0.822
   0.878
   0.928
   0.973
   1.013
   1.053
   1.091
   1.129
   1.164
   1.195
   1.222
   1.248
   1.273
   1.297
   1.319
   1.344
   1.371
   1.403
   1.436
   1.473
   1.508
   1.530
   1.541
   1.548
   1.558
   1.580
   1.623
   1.683
   1.748
   1.821
   1.901
   1.976
   2.039
   2.087
   2.116
   2.122
   2.116
   2.099
   2.066
   2.024
   1.973
   1.918
   1.863
   1.814
   1.766
   1.718
   1.667
   1.616
   1.577
   1.542
   1.518
   1.507
   1.509
   1.522
   1.545
   1.576
   1.620
   1.675
   1.735
   1.801
   1.875
   1.956
   2.039
   2.118
   2.161
   0.000
   0.000
   0.654
   0.719
   0.750
   0.801
   0.850
   0.896
   0.938
   0.975
   1.015
   1.055
   1.093
   1.128
   1.161
   1.190
   1.216
   1.238
   1.261
   1.283
   1.309
   1.337
   1.368
   1.403
   1.439
   1.464
   1.482
   1.499
   1.515
   1.540
   1.581
   1.641
   1.706
   1.779
   1.859
   1.933
   1.993
   2.040
   2.070
   2.080
   2.078
   2.066
   2.039
   2.001
   1.955
   1.900
   1.844
   1.794
   1.745
   1.699
   1.651
   1.605
   1.563
   1.525
   1.491
   1.467
   1.456
   1.460
   1.485
   1.524
   1.576
   1.640
   1.709
   1.782
   1.864
   1.951
   2.039
   2.117
   2.155
   0.000
 -65.534
 -65.534
   0.642
   0.691
   0.721
   0.768
   0.813
   0.857
   0.895
   0.934
   0.974
   1.010
   1.047
   1.081
   1.113
   1.143
   1.168
   1.192
   1.214
   1.239
   1.266
   1.296
   1.330
   1.365
   1.395
   1.422
   1.446
   1.470
   1.497
   1.540
   1.596
   1.656
   1.730
   1.808
   1.876
   1.928
   1.971
   1.998
   2.010
   2.014
   2.005
   1.984
   1.952
   1.910
   1.861
   1.807
   1.756
   1.709
   1.665
   1.624
   1.584
   1.543
   1.503
   1.464
   1.434
   1.416
   1.415
   1.440
   1.486
   1.549
   1.620
   1.698
   1.780
   1.870
   1.961
   2.048
   2.126
   2.158
   0.000
 -65.534
 -65.534
 -65.534
   0.606
   0.643
   0.681
   0.727
   0.770
   0.809
   0.847
   0.885
   0.919
   0.953
   0.987
   1.019
   1.051
   1.079
   1.105
   1.130
   1.159
   1.186
   1.216
   1.250
   1.286
   1.321
   1.354
   1.385
   1.417
   1.448
   1.489
   1.540
   1.600
   1.670
   1.732
   1.781
   1.847
   1.888
   1.908
   1.920
   1.924
   1.920
   1.904
   1.877
   1.841
   1.796
   1.746
   1.698
   1.655
   1.618
   1.583
   1.552
   1.516
   1.479
   1.440
   1.407
   1.389
   1.393
   1.423
   1.476
   1.545
   1.624
   1.708
   1.795
   1.886
   1.978
   2.067
   2.145
   2.168
   0.000
 -65.534
 -65.534
 -65.534
 -65.534
   0.545
   0.600
   0.642
   0.680
   0.718
   0.753
   0.788
   0.819
   0.851
   0.884
   0.917
   0.947
   0.976
   1.003
   1.031
   1.060
   1.088
   1.121
   1.157
   1.196
   1.234
   1.273
   1.310
   1.348
   1.384
   1.425
   1.473
   1.526
   1.584
   1.638
   1.686
   1.736
   1.763
   1.803
   1.815
   1.817
   1.815
   1.801
   1.779
   1.747
   1.705
   1.663
   1.622
   1.587
   1.558
   1.533
   1.510
   1.481
   1.449
   1.420
   1.393
   1.382
   1.393
   1.431
   1.491
   1.570
   1.652
   1.738
   1.825
   1.916
   2.007
   2.096
   2.176
   2.195
   0.000
 -65.534
 -65.534
 -65.534
 -65.534
   0.479
   0.527
   0.563
   0.594
   0.625
   0.657
   0.689
   0.720
   0.751
   0.781
   0.813
   0.842
   0.870
   0.895
   0.921
   0.948
   0.977
   1.010
   1.046
   1.086
   1.128
   1.170
   1.213
   1.253
   1.294
   1.338
   1.385
   1.431
   1.481
   1.529
   1.571
   1.608
   1.636
   1.665
   1.668
   1.682
   1.682
   1.670
   1.652
   1.625
   1.590
   1.556
   1.526
   1.502
   1.483
   1.471
   1.459
   1.441
   1.424
   1.406
   1.395
   1.396
   1.418
   1.463
   1.528
   1.607
   1.693
   1.777
   1.861
   1.947
   2.034
   2.122
   2.205
   2.225
   0.000
 -65.534
 -65.534
 -65.534
 -65.534
   0.436
   0.476
   0.505
   0.526
   0.546
   0.574
   0.604
   0.632
   0.660
   0.690
   0.719
   0.745
   0.768
   0.790
   0.813
   0.836
   0.860
   0.890
   0.923
   0.960
   0.999
   1.042
   1.087
   1.133
   1.178
   1.224
   1.270
   1.312
   1.357
   1.398
   1.434
   1.465
   1.490
   1.505
   1.508
   1.514
   1.513
   1.503
   1.493
   1.474
   1.449
   1.425
   1.405
   1.395
   1.391
   1.394
   1.396
   1.397
   1.397
   1.396
   1.404
   1.419
   1.449
   1.499
   1.570
   1.649
   1.732
   1.813
   1.891
   1.969
   2.048
   2.132
   2.213
   2.231
   0.000
 -65.534
 -65.534
 -65.534
 -65.534
   0.412
   0.445
   0.470
   0.487
   0.498
   0.514
   0.538
   0.562
   0.585
   0.613
   0.639
   0.659
   0.678
   0.696
   0.715
   0.735
   0.753
   0.776
   0.803
   0.835
   0.871
   0.910
   0.954
   0.999
   1.047
   1.094
   1.138
   1.178
   1.216
   1.250
   1.279
   1.305
   1.325
   1.334
   1.337
   1.333
   1.330
   1.320
   1.314
   1.302
   1.290
   1.280
   1.274
   1.272
   1.282
   1.297
   1.317
   1.336
   1.357
   1.376
   1.397
   1.426
   1.467
   1.523
   1.595
   1.678
   1.762
   1.841
   1.910
   1.977
   2.047
   2.125
   2.201
   2.210
   0.000
 -65.534
 -65.534
 -65.534
 -65.534
 -65.534
 -65.534
 -65.534
 -65.534
   0.451
   0.476
   0.492
   0.508
   0.526
   0.549
   0.569
   0.587
   0.604
   0.620
   0.636
   0.651
   0.662
   0.678
   0.698
   0.722
   0.754
   0.790
   0.830
   0.871
   0.914
   0.958
   0.998
   1.033
   1.064
   1.091
   1.112
   1.130
   1.145
   1.155
   1.156
   1.154
   1.150
   1.147
   1.144
   1.142
   1.142
   1.141
   1.142
   1.150
   1.171
   1.198
   1.233
   1.269
   1.306
   1.340
   1.377
   1.417
   1.467
   1.528
   1.603
   1.687
   1.772
   1.850
   1.913
   1.970
   2.032
   2.103
   2.173
   2.170
   0.000
 -65.534
 -65.534
 -65.534
 -65.534
 -65.534
 -65.534
   0.318
   0.369
   0.436
   0.450
   0.460
   0.470
   0.485
   0.502
   0.516
   0.532
   0.550
   0.567
   0.579
   0.588
   0.596
   0.601
   0.613
   0.632
   0.656
   0.689
   0.724
   0.762
   0.798
   0.835
   0.867
   0.893
   0.916
   0.933
   0.947
   0.958
   0.969
   0.974
   0.979
   0.982
   0.985
   0.990
   0.995
   1.003
   1.012
   1.017
   1.026
   1.044
   1.069
   1.102
   1.148
   1.199
   1.249
   1.300
   1.347
   1.396
   1.450
   1.514
   1.590
   1.671
   1.752
   1.826
   1.887
   1.940
   2.002
   2.068
   2.134
   2.115
   0.000
 -65.534
 -65.534
 -65.534
 -65.534
 -65.534
 -65.534
 -65.534
 -65.534
 -65.534
   0.431
   0.439
   0.449
   0.460
   0.470
   0.481
   0.500
   0.518
   0.536
   0.545
   0.545
   0.547
   0.548
   0.554
   0.569
   0.591
   0.618
   0.646
   0.676
   0.705
   0.732
   0.755
   0.774
   0.788
   0.798
   0.801
   0.806
   0.811
   0.815
   0.820
   0.826
   0.837
   0.850
   0.865
   0.882
   0.899
   0.914
   0.930
   0.954
   0.984
   1.026
   1.079
   1.139
   1.199
   1.257
   1.312
   1.366
   1.421
   1.483
   1.554
   1.629
   1.703
   1.770
   1.832
   1.886
   1.944
   2.009
   2.072
   2.036
   0.000
 -65.534
 -65.534
 -65.534
 -65.534
 -65.534
 -65.534
 -65.534
 -65.534
 -65.534
 -65.534
 -65.534
 -65.534
 -65.534
 -65.534
 -65.534
   0.481
   0.506
   0.518
   0.517
   0.505
   0.509
   0.514
   0.522
   0.536
   0.555
   0.576
   0.598
   0.621
   0.641
   0.657
   0.670
   0.680
   0.685
   0.688
   0.688
   0.686
   0.685
   0.685
   0.689
   0.699
   0.715
   0.736
   0.758
   0.783
   0.808
   0.833
   0.858
   0.888
   0.925
   0.969
   1.023
   1.086
   1.150
   1.212
   1.273
   1.328
   1.382
   1.440
   1.504
   1.569
   1.635
   1.698
   1.757
   1.810
   1.863
   1.922
   1.981
   1.933
   0.000
 -65.534
 -65.534
 -65.534
 -65.534
 -65.534
 -65.534
 -65.534
 -65.534
 -65.534
 -65.534
 -65.534
 -65.534
 -65.534
 -65.534
 -65.534
 -65.534
 -65.534
 -65.534
 -65.534
   0.459
   0.481
   0.497
   0.511
   0.531
   0.551
   0.567
   0.583
   0.594
   0.603
   0.610
   0.614
   0.613
   0.611
   0.607
   0.605
   0.601
   0.599
   0.598
   0.603
   0.616
   0.637
   0.661
   0.688
   0.719
   0.751
   0.782
   0.813
   0.849
   0.888
   0.935
   0.988
   1.048
   1.112
   1.172
   1.231
   1.285
   1.336
   1.388
   1.443
   1.498
   1.557
   1.615
   1.667
   1.717
   1.763
   1.815
   1.867
   1.807
   0.000
 -65.534
 -65.534
 -65.534
 -65.534
 -65.534
 -65.534
 -65.534
 -65.534
 -65.534
 -65.534
 -65.534
 -65.534
 -65.534
 -65.534
 -65.534
 -65.534
 -65.534
 -65.534
   0.365
   0.464
   0.478
   0.496
   0.518
   0.545
   0.567
   0.583
   0.592
   0.595
   0.594
   0.590
   0.584
   0.578
   0.569
   0.563
   0.558
   0.557
   0.558
   0.560
   0.567
   0.581
   0.603
   0.629
   0.659
   0.692
   0.725
   0.758
   0.792
   0.830
   0.873
   0.920
   0.973
   1.028
   1.085
   1.139
   1.190
   1.241
   1.286
   1.332
   1.378
   1.424
   1.474
   1.525
   1.569
   1.609
   1.647
   1.688
   1.730
   1.654
   0.000
 -65.534
 -65.534
 -65.534
 -65.534
 -65.534
 -65.534
 -65.534
 -65.534
 -65.534
 -65.534
 -65.534
 -65.534
 -65.534
 -65.534
 -65.534
 -65.534
 -65.534
   0.365
   0.451
   0.481
   0.494
   0.509
   0.533
   0.565
   0.591
   0.606
   0.613
   0.611
   0.604
   0.594
   0.583
   0.573
   0.561
   0.549
   0.543
   0.543
   0.544
   0.548
   0.558
   0.574
   0.597
   0.626
   0.660
   0.696
   0.731
   0.762
   0.793
   0.831
   0.874
   0.920
   0.969
   1.021
   1.069
   1.114
   1.156
   1.200
   1.240
   1.279
   1.317
   1.354
   1.393
   1.435
   1.470
   1.500
   1.527
   1.556
   1.582
   1.489
   0.000
 -65.534
 -65.534
 -65.534
 -65.534
 -65.534
 -65.534
 -65.534
 -65.534
 -65.534
 -65.534
 -65.534
 -65.534
 -65.534
 -65.534
 -65.534
 -65.534
 -65.534
   0.469
   0.493
   0.505
   0.515
   0.528
   0.551
   0.583
   0.610
   0.626
   0.632
   0.629
   0.620
   0.610
   0.599
   0.587
   0.573
   0.560
   0.549
   0.546
   0.546
   0.549
   0.557
   0.573
   0.599
   0.633
   0.671
   0.711
   0.748
   0.781
   0.812
   0.847
   0.886
   0.929
   0.972
   1.013
   1.052
   1.089
   1.124
   1.159
   1.197
   1.232
   1.263
   1.291
   1.321
   1.351
   1.374
   1.392
   1.409
   1.424
   1.433
   1.320
   0.000
 -65.534
 -65.534
 -65.534
 -65.534
 -65.534
 -65.534
 -65.534
 -65.534
 -65.534
 -65.534
 -65.534
 -65.534
 -65.534
 -65.534
 -65.534
 -65.534
 -65.534
   0.528
   0.529
   0.534
   0.539
   0.551
   0.571
   0.598
   0.624
   0.639
   0.644
   0.640
   0.633
   0.626
   0.618
   0.607
   0.594
   0.580
   0.567
   0.559
   0.555
   0.556
   0.563
   0.579
   0.605
   0.640
   0.682
   0.725
   0.764
   0.799
   0.833
   0.868
   0.905
   0.944
   0.983
   1.017
   1.050
   1.079
   1.107
   1.134
   1.163
   1.193
   1.220
   1.241
   1.260
   1.276
   1.288
   1.294
   1.291
   1.291
   1.273
   1.150
   0.000
 -65.534
 -65.534
 -65.534
 -65.534
 -65.534
 -65.534
 -65.534
 -65.534
 -65.534
 -65.534
 -65.534
 -65.534
 -65.534
 -65.534
 -65.534
 -65.534
 -65.534
   0.594
   0.565
   0.566
   0.569
   0.579
   0.596
   0.616
   0.633
   0.647
   0.650
   0.649
   0.645
   0.640
   0.637
   0.630
   0.617
   0.606
   0.595
   0.587
   0.582
   0.582
   0.589
   0.603
   0.629
   0.662
   0.701
   0.742
   0.781
   0.818
   0.854
   0.888
   0.922
   0.957
   0.989
   1.021
   1.049
   1.072
   1.092
   1.112
   1.131
   1.155
   1.175
   1.191
   1.203
   1.208
   1.207
   1.201
   1.185
   1.164
   1.124
   0.985
   0.000
 -65.534
 -65.534
 -65.534
 -65.534
 -65.534
 -65.534
 -65.534
 -65.534
 -65.534
 -65.534
 -65.534
 -65.534
 -65.534
 -65.534
 -65.534
 -65.534
 -65.534
 -65.534
   0.614
   0.593
   0.601
   0.611
   0.624
   0.636
   0.644
   0.650
   0.652
   0.652
   0.652
   0.655
   0.658
   0.656
   0.648
   0.642
   0.634
   0.628
   0.625
   0.626
   0.634
   0.650
   0.673
   0.700
   0.732
   0.768
   0.804
   0.840
   0.875
   0.908
   0.939
   0.967
   0.996
   1.021
   1.043
   1.060
   1.074
   1.086
   1.101
   1.117
   1.130
   1.141
   1.145
   1.143
   1.131
   1.112
   1.084
   1.043
   0.982
   0.822
   0.000
 -65.534
 -65.534
 -65.534
 -65.534
 -65.534
 -65.534
 -65.534
 -65.534
 -65.534
 -65.534
 -65.534
 -65.534
 -65.534
 -65.534
 -65.534
 -65.534
 -65.534
 -65.534
 -65.534
   0.631
   0.625
   0.640
   0.650
   0.653
   0.653
   0.653
   0.651
   0.651
   0.655
   0.663
   0.674
   0.679
   0.679
   0.679
   0.686
   0.700
   0.720
   0.725
   0.729
   0.736
   0.730
   0.745
   0.767
   0.795
   0.829
   0.867
   0.901
   0.929
   0.954
   0.976
   0.999
   1.018
   1.034
   1.047
   1.056
   1.065
   1.073
   1.082
   1.091
   1.095
   1.092
   1.080
   1.057
   1.024
   0.981
   0.923
   0.838
   0.660
   0.000
 -65.534
 -65.534
 -65.534
 -65.534
 -65.534
 -65.534
 -65.534
 -65.534
 -65.534
 -65.534
 -65.534
 -65.534
 -65.534
 -65.534
 -65.534
 -65.534
 -65.534
 -65.534
 -65.534
 -65.534
   0.662
   0.672
   0.679
   0.677
   0.665
   0.661
   0.656
   0.653
   0.653
   0.660
   0.672
   0.674
   0.662
   0.640
   0.603
   0.508
 -65.534
 -65.534
 -65.534
 -65.534
   0.783
   0.799
   0.802
   0.825
   0.860
   0.898
   0.930
   0.955
   0.972
   0.985
   0.997
   1.008
   1.017
   1.024
   1.028
   1.033
   1.036
   1.042
   1.042
   1.039
   1.029
   1.007
   0.974
   0.927
   0.868
   0.793
   0.695
   0.505
   0.000
 -65.534
 -65.534
 -65.534
 -65.534
 -65.534
 -65.534
 -65.534
 -65.534
 -65.534
 -65.534
 -65.534
 -65.534
 -65.534
 -65.534
 -65.534
 -65.534
 -65.534
 -65.534
 -65.534
 -65.534
 -65.534
 -65.534
 -65.534
 -65.534
   0.652
   0.656
   0.657
   0.654
   0.653
   0.657
   0.661
   0.653
   0.629
   0.590
   0.531
   0.431
 -65.534
 -65.534
 -65.534
 -65.534
 -65.534
 -65.534
   0.834
   0.854
   0.891
   0.928
   0.954
   0.972
   0.984
   0.988
   0.990
   0.992
   0.992
   0.991
   0.991
   0.989
   0.985
   0.981
   0.976
   0.964
   0.945
   0.915
   0.870
   0.812
   0.740
   0.654
   0.541
   0.351
   0.000
 -65.534
 -65.534
 -65.534
 -65.534
 -65.534
 -65.534
 -65.534
 -65.534
 -65.534
 -65.534
 -65.534
 -65.534
 -65.534
 -65.534
 -65.534
 -65.534
 -65.534
 -65.534
 -65.534
 -65.534
 -65.534
 -65.534
 -65.534
 -65.534
   0.647
   0.652
   0.654
   0.652
   0.653
   0.646
   0.641
   0.623
   0.593
   0.554
   0.507
   0.436
 -65.534
 -65.534
 -65.534
 -65.534
 -65.534
 -65.534
 -65.534
   0.869
   0.922
   0.960
   0.973
   0.985
   0.989
   0.986
   0.983
   0.979
   0.972
   0.963
   0.953
   0.941
   0.928
   0.913
   0.898
   0.875
   0.844
   0.802
   0.747
   0.677
   0.592
   0.496
   0.378
   0.192
   0.000
 -65.534
 -65.534
 -65.534
 -65.534
 -65.534
 -65.534
 -65.534
 -65.534
 -65.534
 -65.534
 -65.534
 -65.534
 -65.534
 -65.534
 -65.534
 -65.534
 -65.534
 -65.534
 -65.534
 -65.534
 -65.534
 -65.534
 -65.534
 -65.534
 -65.534
 -65.534
 -65.534
 -65.534
 -65.534
   0.605
   0.595
   0.583
   0.563
   0.538
   0.506
   0.444
   0.201
 -65.534
 -65.534
 -65.534
 -65.534
 -65.534
 -65.534
   0.773
   0.740
 -65.534
   0.909
   0.967
   0.977
   0.982
   0.979
   0.971
   0.954
   0.937
   0.916
   0.894
   0.870
   0.844
   0.815
   0.780
   0.737
   0.681
   0.611
   0.528
   0.432
   0.326
   0.205
   0.030
   0.000
 -65.534
 -65.534
 -65.534
 -65.534
 -65.534
 -65.534
 -65.534
 -65.534
 -65.534
 -65.534
 -65.534
 -65.534
 -65.534
 -65.534
 -65.534
 -65.534
 -65.534
 -65.534
 -65.534
 -65.534
 -65.534
 -65.534
 -65.534
 -65.534
 -65.534
 -65.534
 -65.534
 -65.534
 -65.534
 -65.534
 -65.534
 -65.534
   0.528
   0.523
   0.505
   0.448
   0.275
   0.161
 -65.534
 -65.534
 -65.534
 -65.534
 -65.534
 -65.534
 -65.534
 -65.534
 -65.534
 -65.534
 -65.534
   0.878
   0.927
   0.927
   0.933
   0.915
   0.884
   0.841
   0.804
   0.765
   0.722
   0.676
   0.620
   0.552
   0.471
   0.380
   0.280
   0.172
   0.050
  -0.109
   0.000
 -65.534
 -65.534
 -65.534
 -65.534
 -65.534
 -65.534
 -65.534
 -65.534
 -65.534
 -65.534
 -65.534
 -65.534
 -65.534
 -65.534
 -65.534
 -65.534
 -65.534
 -65.534
 -65.534
 -65.534
 -65.534
 -65.534
 -65.534
 -65.534
 -65.534
 -65.534
 -65.534
 -65.534
 -65.534
 -65.534
 -65.534
 -65.534
   0.484
   0.485
   0.469
   0.415
   0.300
   0.200
   0.140
   0.121
 -65.534
 -65.534
 -65.534
 -65.534
 -65.534
 -65.534
 -65.534
 -65.534
 -65.534
 -65.534
 -65.534
 -65.534
   0.785
   0.817
   0.793
   0.761
   0.720
   0.672
   0.620
   0.562
   0.497
   0.423
   0.340
   0.245
   0.145
   0.047
  -0.065
  -0.210
   0.000
 -65.534
 -65.534
 -65.534
 -65.534
 -65.534
 -65.534
 -65.534
 -65.534
 -65.534
 -65.534
 -65.534
 -65.534
 -65.534
 -65.534
 -65.534
 -65.534
 -65.534
 -65.534
 -65.534
 -65.534
 -65.534
 -65.534
 -65.534
 -65.534
 -65.534
 -65.534
 -65.534
 -65.534
 -65.534
 -65.534
 -65.534
 -65.534
 -65.534
 -65.534
 -65.534
 -65.534
   0.252
   0.203
   0.163
   0.133
   0.107
   0.094
   0.082
   0.061
   0.042
 -65.534
 -65.534
 -65.534
 -65.534
 -65.534
 -65.534
 -65.534
 -65.534
 -65.534
 -65.534
   0.602
   0.614
   0.578
   0.523
   0.452
   0.380
   0.303
   0.217
   0.128
   0.037
  -0.055
  -0.159
  -0.288
   0.000
 -65.534
 -65.534
 -65.534
 -65.534
 -65.534
 -65.534
 -65.534
 -65.534
 -65.534
 -65.534
 -65.534
 -65.534
 -65.534
 -65.534
 -65.534
 -65.534
 -65.534
 -65.534
 -65.534
 -65.534
 -65.534
 -65.534
 -65.534
 -65.534
 -65.534
 -65.534
 -65.534
 -65.534
 -65.534
 -65.534
 -65.534
 -65.534
 -65.534
 -65.534
 -65.534
 -65.534
 -65.534
 -65.534
 -65.534
 -65.534
   0.096
 -65.534
 -65.534
 -65.534
 -65.534
 -65.534
 -65.534
 -65.534
 -65.534
 -65.534
 -65.534
 -65.534
 -65.534
 -65.534
 -65.534
   0.450
   0.475
   0.457
   0.410
   0.345
   0.272
   0.193
   0.110
   0.026
  -0.058
  -0.139
  -0.230
  -0.347
   0.000
 -65.534
 -65.534
 -65.534
 -65.534
 -65.534
 -65.534
 -65.534
 -65.534
 -65.534
 -65.534
 -65.534
 -65.534
 -65.534
 -65.534
 -65.534
 -65.534
 -65.534
 -65.534
 -65.534
 -65.534
 -65.534
 -65.534
 -65.534
 -65.534
 -65.534
 -65.534
 -65.534
 -65.534
 -65.534
 -65.534
 -65.534
 -65.534
 -65.534
 -65.534
 -65.534
 -65.534
 -65.534
 -65.534
 -65.534
 -65.534
 -65.534
 -65.534
 -65.534
 -65.534
 -65.534
 -65.534
 -65.534
 -65.534
 -65.534
 -65.534
 -65.534
 -65.534
 -65.534
 -65.534
 -65.534
 -65.534
 -65.534
 -65.534
 -65.534
   0.262
   0.170
   0.085
   0.007
  -0.062
  -0.128
  -0.193
  -0.263
  -0.356
   0.000
 -65.534
 -65.534
 -65.534
 -65.534
 -65.534
 -65.534
 -65.534
 -65.534
 -65.534
 -65.534
 -65.534
 -65.534
 -65.534
 -65.534
 -65.534
 -65.534
 -65.534
 -65.534
 -65.534
 -65.534
 -65.534
 -65.534
 -65.534
 -65.534
 -65.534
 -65.534
 -65.534
 -65.534
 -65.534
 -65.534
 -65.534
 -65.534
 -65.534
 -65.534
 -65.534
 -65.534
 -65.534
 -65.534
 -65.534
 -65.534
 -65.534
 -65.534
 -65.534
 -65.534
 -65.534
 -65.534
 -65.534
 -65.534
 -65.534
 -65.534
 -65.534
 -65.534
 -65.534
 -65.534
 -65.534
 -65.534
 -65.534
 -65.534
 -65.534
 -65.534
 -65.534
   0.000
   0.000
   0.000
   0.000
   0.000
   0.000
   0.000
 -65.534
