 -65.534
   0.000
   0.000
   0.000
   0.000
   0.000
   0.000
   0.000
   0.000
   0.000
   0.000
   0.000
   0.000
   0.000
   0.000
   0.000
   0.000
   0.000
   0.000
   0.000
   0.000
   0.000
   0.000
   0.000
   0.000
   0.000
   0.000
   0.000
   0.000
   0.000
   0.000
   0.000
   0.000
   0.000
   0.000
   0.000
   0.000
   0.000
   0.000
   0.000
   0.000
   0.000
   0.000
   0.000
   0.000
   0.000
   0.000
   0.000
   0.000
   0.000
   0.000
   0.000
   0.000
   0.000
   0.000
   0.000
   0.000
   0.000
   0.000
   0.000
   0.000
   0.000
   0.000
   0.000
   0.000
   0.000
   0.000
   0.000
 -65.534
   0.000
   1.307
   1.461
   1.541
   1.615
   1.674
   1.714
   1.741
   1.756
   1.765
   1.773
   1.775
   1.781
   1.784
   1.789
   1.801
   1.821
   1.862
   1.923
   2.014
   2.125
   2.250
   2.373
   2.515
   2.547
   2.527
   2.497
   2.470
   2.441
   2.423
   2.408
   2.391
   2.393
   2.419
   2.420
   2.432
   2.432
   2.437
   2.446
   2.442
   2.445
   2.455
   2.459
   2.468
   2.478
   2.484
   2.491
   2.515
   2.558
   2.626
   2.706
   2.795
   2.885
   2.978
   3.086
   3.170
   3.235
   3.269
   3.271
   3.268
   3.259
   3.243
   3.223
   3.198
   3.165
   3.143
   3.130
   3.012
   0.000
   0.000
   1.389
   1.520
   1.576
   1.637
   1.687
   1.731
   1.765
   1.790
   1.810
   1.825
   1.834
   1.837
   1.837
   1.834
   1.836
   1.848
   1.874
   1.922
   1.992
   2.087
   2.193
   2.296
   2.409
   2.446
   2.444
   2.434
   2.419
   2.409
   2.413
   2.423
   2.436
   2.461
   2.502
   2.530
   2.549
   2.561
   2.563
   2.565
   2.572
   2.580
   2.595
   2.602
   2.613
   2.622
   2.633
   2.666
   2.726
   2.802
   2.899
   3.006
   3.119
   3.237
   3.354
   3.465
   3.560
   3.643
   3.699
   3.724
   3.731
   3.727
   3.712
   3.684
   3.652
   3.619
   3.590
   3.568
   3.424
   0.000
   0.000
   1.372
   1.490
   1.531
   1.579
   1.621
   1.662
   1.700
   1.730
   1.758
   1.779
   1.792
   1.797
   1.791
   1.786
   1.780
   1.784
   1.806
   1.848
   1.908
   1.990
   2.080
   2.171
   2.246
   2.301
   2.315
   2.319
   2.319
   2.324
   2.341
   2.369
   2.404
   2.454
   2.508
   2.553
   2.592
   2.612
   2.615
   2.614
   2.618
   2.625
   2.638
   2.648
   2.658
   2.671
   2.687
   2.727
   2.798
   2.896
   3.016
   3.144
   3.266
   3.384
   3.501
   3.610
   3.713
   3.802
   3.864
   3.890
   3.900
   3.897
   3.880
   3.849
   3.814
   3.780
   3.745
   3.720
   3.562
   0.000
   0.000
   1.358
   1.465
   1.493
   1.531
   1.569
   1.605
   1.644
   1.676
   1.707
   1.731
   1.745
   1.753
   1.751
   1.743
   1.736
   1.737
   1.754
   1.791
   1.843
   1.914
   1.999
   2.078
   2.141
   2.192
   2.215
   2.239
   2.256
   2.279
   2.310
   2.353
   2.406
   2.469
   2.540
   2.605
   2.654
   2.681
   2.692
   2.689
   2.691
   2.696
   2.703
   2.711
   2.726
   2.743
   2.769
   2.814
   2.891
   3.001
   3.126
   3.260
   3.391
   3.513
   3.626
   3.734
   3.831
   3.921
   3.986
   4.017
   4.024
   4.017
   3.997
   3.963
   3.933
   3.903
   3.870
   3.836
   3.662
   0.000
   0.000
   1.341
   1.438
   1.464
   1.500
   1.530
   1.565
   1.599
   1.632
   1.662
   1.685
   1.699
   1.705
   1.702
   1.696
   1.689
   1.691
   1.707
   1.739
   1.788
   1.855
   1.931
   2.003
   2.066
   2.105
   2.143
   2.188
   2.227
   2.265
   2.314
   2.370
   2.434
   2.508
   2.588
   2.662
   2.722
   2.759
   2.774
   2.776
   2.777
   2.781
   2.785
   2.793
   2.805
   2.827
   2.856
   2.908
   2.990
   3.101
   3.232
   3.371
   3.505
   3.628
   3.741
   3.844
   3.937
   4.023
   4.085
   4.115
   4.122
   4.112
   4.087
   4.060
   4.031
   4.004
   3.970
   3.925
   3.736
   0.000
   0.000
   1.320
   1.412
   1.439
   1.475
   1.506
   1.537
   1.568
   1.599
   1.626
   1.644
   1.657
   1.661
   1.661
   1.657
   1.652
   1.654
   1.670
   1.701
   1.746
   1.804
   1.870
   1.933
   1.989
   2.041
   2.105
   2.168
   2.225
   2.279
   2.339
   2.408
   2.481
   2.560
   2.645
   2.726
   2.797
   2.847
   2.869
   2.876
   2.881
   2.886
   2.892
   2.897
   2.905
   2.920
   2.947
   2.992
   3.073
   3.180
   3.309
   3.454
   3.594
   3.724
   3.843
   3.943
   4.036
   4.117
   4.179
   4.210
   4.214
   4.203
   4.176
   4.142
   4.119
   4.089
   4.051
   3.996
   3.793
   0.000
   0.000
   1.290
   1.384
   1.412
   1.449
   1.481
   1.512
   1.544
   1.573
   1.598
   1.616
   1.628
   1.633
   1.634
   1.630
   1.628
   1.633
   1.647
   1.676
   1.716
   1.769
   1.831
   1.895
   1.958
   2.022
   2.091
   2.168
   2.238
   2.307
   2.379
   2.458
   2.540
   2.627
   2.716
   2.806
   2.885
   2.944
   2.978
   2.996
   3.005
   3.015
   3.023
   3.029
   3.033
   3.035
   3.038
   3.067
   3.130
   3.226
   3.353
   3.498
   3.644
   3.784
   3.914
   4.026
   4.123
   4.205
   4.267
   4.294
   4.301
   4.287
   4.255
   4.220
   4.189
   4.155
   4.106
   4.043
   3.832
   0.000
   0.000
   1.245
   1.341
   1.375
   1.419
   1.452
   1.485
   1.516
   1.544
   1.571
   1.590
   1.603
   1.611
   1.614
   1.615
   1.616
   1.623
   1.640
   1.666
   1.706
   1.756
   1.813
   1.880
   1.952
   2.025
   2.101
   2.179
   2.259
   2.340
   2.425
   2.516
   2.608
   2.700
   2.797
   2.890
   2.976
   3.046
   3.092
   3.117
   3.135
   3.151
   3.164
   3.180
   3.186
   3.175
   3.157
   3.158
   3.203
   3.273
   3.375
   3.508
   3.657
   3.807
   3.951
   4.080
   4.188
   4.278
   4.344
   4.378
   4.382
   4.367
   4.332
   4.292
   4.253
   4.207
   4.152
   4.081
   3.861
   0.000
   0.000
   1.175
   1.276
   1.321
   1.370
   1.410
   1.445
   1.481
   1.511
   1.542
   1.567
   1.582
   1.591
   1.595
   1.599
   1.603
   1.614
   1.636
   1.665
   1.703
   1.752
   1.814
   1.884
   1.959
   2.038
   2.116
   2.201
   2.286
   2.376
   2.471
   2.571
   2.669
   2.767
   2.869
   2.964
   3.057
   3.139
   3.198
   3.230
   3.255
   3.274
   3.295
   3.317
   3.335
   3.330
   3.305
   3.276
   3.288
   3.338
   3.413
   3.522
   3.654
   3.806
   3.956
   4.096
   4.218
   4.316
   4.388
   4.426
   4.441
   4.430
   4.397
   4.359
   4.316
   4.265
   4.198
   4.118
   3.883
   0.000
   0.000
   1.094
   1.195
   1.248
   1.304
   1.355
   1.395
   1.432
   1.466
   1.501
   1.530
   1.551
   1.563
   1.573
   1.578
   1.588
   1.606
   1.633
   1.667
   1.708
   1.756
   1.820
   1.893
   1.975
   2.054
   2.136
   2.222
   2.310
   2.407
   2.509
   2.610
   2.715
   2.820
   2.926
   3.028
   3.124
   3.213
   3.281
   3.329
   3.363
   3.386
   3.405
   3.431
   3.458
   3.466
   3.450
   3.418
   3.394
   3.411
   3.468
   3.556
   3.658
   3.792
   3.938
   4.079
   4.198
   4.300
   4.383
   4.435
   4.463
   4.467
   4.444
   4.416
   4.378
   4.324
   4.248
   4.161
   3.904
   0.000
   0.000
   1.016
   1.116
   1.165
   1.227
   1.280
   1.327
   1.368
   1.406
   1.445
   1.480
   1.508
   1.527
   1.544
   1.557
   1.575
   1.597
   1.628
   1.666
   1.709
   1.763
   1.826
   1.900
   1.983
   2.068
   2.151
   2.235
   2.327
   2.426
   2.530
   2.637
   2.746
   2.855
   2.967
   3.074
   3.176
   3.268
   3.347
   3.406
   3.456
   3.488
   3.511
   3.532
   3.557
   3.570
   3.569
   3.551
   3.521
   3.508
   3.540
   3.605
   3.686
   3.791
   3.916
   4.044
   4.169
   4.272
   4.361
   4.427
   4.476
   4.500
   4.498
   4.483
   4.453
   4.396
   4.313
   4.214
   3.929
   0.000
   0.000
   0.930
   1.049
   1.090
   1.142
   1.193
   1.241
   1.285
   1.324
   1.364
   1.402
   1.438
   1.469
   1.495
   1.520
   1.545
   1.576
   1.612
   1.655
   1.705
   1.764
   1.827
   1.903
   1.986
   2.073
   2.157
   2.243
   2.333
   2.428
   2.534
   2.648
   2.761
   2.876
   2.992
   3.103
   3.209
   3.308
   3.394
   3.457
   3.517
   3.562
   3.590
   3.612
   3.633
   3.647
   3.652
   3.650
   3.628
   3.609
   3.615
   3.651
   3.708
   3.791
   3.894
   4.011
   4.132
   4.250
   4.346
   4.426
   4.489
   4.531
   4.548
   4.547
   4.521
   4.466
   4.380
   4.268
   3.959
   0.000
 -65.534
 -65.534
   0.935
   1.026
   1.060
   1.104
   1.144
   1.187
   1.226
   1.264
   1.302
   1.340
   1.378
   1.417
   1.453
   1.490
   1.530
   1.576
   1.628
   1.685
   1.749
   1.818
   1.893
   1.977
   2.063
   2.151
   2.237
   2.326
   2.420
   2.526
   2.641
   2.761
   2.884
   3.004
   3.117
   3.223
   3.325
   3.413
   3.484
   3.546
   3.596
   3.630
   3.659
   3.682
   3.692
   3.698
   3.699
   3.691
   3.673
   3.668
   3.683
   3.721
   3.779
   3.865
   3.970
   4.089
   4.212
   4.322
   4.412
   4.485
   4.535
   4.563
   4.575
   4.558
   4.505
   4.418
   4.301
   3.966
   0.000
 -65.534
 -65.534
 -65.534
   0.919
   0.983
   1.010
   1.044
   1.077
   1.111
   1.151
   1.190
   1.228
   1.269
   1.315
   1.359
   1.407
   1.458
   1.514
   1.575
   1.644
   1.715
   1.792
   1.871
   1.956
   2.042
   2.128
   2.215
   2.305
   2.401
   2.506
   2.621
   2.742
   2.870
   2.995
   3.109
   3.225
   3.329
   3.419
   3.489
   3.547
   3.596
   3.636
   3.668
   3.697
   3.709
   3.711
   3.712
   3.711
   3.703
   3.694
   3.696
   3.717
   3.763
   3.838
   3.936
   4.048
   4.163
   4.277
   4.369
   4.444
   4.498
   4.526
   4.534
   4.522
   4.479
   4.402
   4.289
   3.949
   0.000
 -65.534
 -65.534
 -65.534
 -65.534
   0.881
   0.923
   0.945
   0.967
   0.993
   1.027
   1.067
   1.106
   1.150
   1.198
   1.248
   1.302
   1.360
   1.423
   1.492
   1.569
   1.648
   1.733
   1.818
   1.905
   1.990
   2.081
   2.168
   2.259
   2.357
   2.463
   2.573
   2.694
   2.818
   2.945
   3.068
   3.188
   3.291
   3.386
   3.459
   3.513
   3.558
   3.597
   3.637
   3.669
   3.685
   3.688
   3.694
   3.695
   3.690
   3.689
   3.690
   3.704
   3.743
   3.812
   3.902
   4.006
   4.113
   4.216
   4.302
   4.369
   4.419
   4.443
   4.446
   4.432
   4.396
   4.333
   4.239
   3.907
   0.000
 -65.534
 -65.534
 -65.534
 -65.534
   0.802
   0.838
   0.852
   0.864
   0.879
   0.904
   0.938
   0.978
   1.023
   1.073
   1.128
   1.184
   1.246
   1.313
   1.386
   1.464
   1.547
   1.634
   1.723
   1.809
   1.898
   1.988
   2.082
   2.178
   2.276
   2.381
   2.492
   2.610
   2.736
   2.861
   2.986
   3.106
   3.216
   3.311
   3.382
   3.447
   3.490
   3.523
   3.562
   3.598
   3.624
   3.631
   3.643
   3.648
   3.645
   3.646
   3.652
   3.670
   3.705
   3.768
   3.847
   3.936
   4.030
   4.117
   4.195
   4.257
   4.303
   4.332
   4.335
   4.324
   4.297
   4.245
   4.167
   3.855
   0.000
 -65.534
 -65.534
 -65.534
 -65.534
   0.741
   0.765
   0.771
   0.775
   0.779
   0.797
   0.823
   0.858
   0.897
   0.946
   1.002
   1.061
   1.125
   1.191
   1.267
   1.344
   1.427
   1.508
   1.591
   1.677
   1.768
   1.862
   1.957
   2.057
   2.161
   2.266
   2.378
   2.494
   2.619
   2.751
   2.876
   3.000
   3.117
   3.213
   3.289
   3.357
   3.410
   3.453
   3.483
   3.519
   3.545
   3.560
   3.578
   3.591
   3.592
   3.597
   3.607
   3.628
   3.660
   3.707
   3.770
   3.844
   3.923
   3.994
   4.058
   4.116
   4.164
   4.198
   4.211
   4.212
   4.192
   4.146
   4.081
   3.789
   0.000
 -65.534
 -65.534
 -65.534
 -65.534
   0.707
   0.728
   0.731
   0.726
   0.714
   0.716
   0.732
   0.757
   0.789
   0.832
   0.882
   0.937
   1.004
   1.079
   1.153
   1.227
   1.302
   1.376
   1.451
   1.537
   1.624
   1.718
   1.817
   1.919
   2.023
   2.129
   2.240
   2.356
   2.481
   2.610
   2.742
   2.871
   2.988
   3.096
   3.182
   3.252
   3.315
   3.369
   3.413
   3.450
   3.475
   3.492
   3.513
   3.533
   3.544
   3.553
   3.564
   3.585
   3.611
   3.648
   3.694
   3.752
   3.808
   3.864
   3.913
   3.962
   4.009
   4.050
   4.082
   4.095
   4.079
   4.038
   3.974
   3.706
   0.000
 -65.534
 -65.534
 -65.534
 -65.534
 -65.534
 -65.534
 -65.534
 -65.534
   0.683
   0.671
   0.672
   0.683
   0.703
   0.735
   0.776
   0.826
   0.895
   0.972
   1.051
   1.130
   1.199
   1.264
   1.330
   1.410
   1.498
   1.591
   1.689
   1.787
   1.887
   1.989
   2.091
   2.205
   2.325
   2.452
   2.587
   2.721
   2.846
   2.959
   3.055
   3.136
   3.208
   3.270
   3.332
   3.379
   3.405
   3.430
   3.456
   3.480
   3.489
   3.505
   3.522
   3.541
   3.564
   3.592
   3.624
   3.660
   3.701
   3.741
   3.780
   3.818
   3.863
   3.909
   3.949
   3.972
   3.962
   3.920
   3.861
   3.619
   0.000
 -65.534
 -65.534
 -65.534
 -65.534
 -65.534
 -65.534
   0.483
   0.604
   0.673
   0.643
   0.631
   0.628
   0.638
   0.658
   0.692
   0.743
   0.809
   0.886
   0.970
   1.050
   1.118
   1.180
   1.246
   1.316
   1.394
   1.485
   1.582
   1.678
   1.773
   1.867
   1.961
   2.060
   2.175
   2.298
   2.426
   2.561
   2.692
   2.812
   2.916
   3.011
   3.093
   3.167
   3.233
   3.289
   3.331
   3.363
   3.390
   3.407
   3.426
   3.447
   3.467
   3.487
   3.502
   3.524
   3.545
   3.568
   3.601
   3.630
   3.655
   3.689
   3.732
   3.785
   3.828
   3.853
   3.844
   3.804
   3.751
   3.510
   0.000
 -65.534
 -65.534
 -65.534
 -65.534
 -65.534
 -65.534
 -65.534
 -65.534
 -65.534
   0.642
   0.612
   0.603
   0.601
   0.610
   0.634
   0.689
   0.749
   0.826
   0.911
   0.996
   1.062
   1.122
   1.189
   1.262
   1.340
   1.420
   1.499
   1.588
   1.671
   1.755
   1.838
   1.928
   2.032
   2.152
   2.278
   2.406
   2.537
   2.658
   2.767
   2.867
   2.958
   3.040
   3.119
   3.181
   3.234
   3.269
   3.299
   3.322
   3.340
   3.353
   3.367
   3.379
   3.395
   3.415
   3.432
   3.451
   3.474
   3.498
   3.522
   3.560
   3.608
   3.659
   3.700
   3.717
   3.713
   3.680
   3.628
   3.388
   0.000
 -65.534
 -65.534
 -65.534
 -65.534
 -65.534
 -65.534
 -65.534
 -65.534
 -65.534
 -65.534
 -65.534
 -65.534
 -65.534
 -65.534
 -65.534
   0.653
   0.706
   0.767
   0.848
   0.966
   1.036
   1.099
   1.163
   1.232
   1.307
   1.384
   1.456
   1.521
   1.592
   1.662
   1.733
   1.811
   1.904
   2.012
   2.131
   2.255
   2.382
   2.499
   2.621
   2.724
   2.816
   2.900
   2.976
   3.051
   3.112
   3.158
   3.187
   3.212
   3.225
   3.236
   3.244
   3.253
   3.266
   3.279
   3.294
   3.309
   3.328
   3.349
   3.375
   3.419
   3.475
   3.524
   3.556
   3.572
   3.573
   3.539
   3.486
   3.252
   0.000
 -65.534
 -65.534
 -65.534
 -65.534
 -65.534
 -65.534
 -65.534
 -65.534
 -65.534
 -65.534
 -65.534
 -65.534
 -65.534
 -65.534
 -65.534
 -65.534
 -65.534
 -65.534
 -65.534
   0.960
   1.034
   1.093
   1.159
   1.226
   1.293
   1.358
   1.423
   1.485
   1.541
   1.592
   1.650
   1.718
   1.798
   1.893
   2.004
   2.122
   2.238
   2.352
   2.462
   2.565
   2.658
   2.745
   2.826
   2.903
   2.968
   3.017
   3.053
   3.078
   3.090
   3.093
   3.095
   3.104
   3.115
   3.124
   3.133
   3.138
   3.150
   3.176
   3.215
   3.265
   3.326
   3.374
   3.408
   3.425
   3.423
   3.393
   3.346
   3.116
   0.000
 -65.534
 -65.534
 -65.534
 -65.534
 -65.534
 -65.534
 -65.534
 -65.534
 -65.534
 -65.534
 -65.534
 -65.534
 -65.534
 -65.534
 -65.534
 -65.534
 -65.534
 -65.534
   0.759
   0.997
   1.031
   1.091
   1.155
   1.219
   1.279
   1.338
   1.397
   1.454
   1.505
   1.551
   1.596
   1.650
   1.713
   1.797
   1.893
   2.000
   2.104
   2.204
   2.301
   2.395
   2.487
   2.575
   2.660
   2.738
   2.803
   2.847
   2.875
   2.898
   2.912
   2.918
   2.924
   2.933
   2.941
   2.946
   2.944
   2.938
   2.949
   2.975
   3.024
   3.085
   3.149
   3.203
   3.245
   3.267
   3.271
   3.253
   3.213
   2.995
   0.000
 -65.534
 -65.534
 -65.534
 -65.534
 -65.534
 -65.534
 -65.534
 -65.534
 -65.534
 -65.534
 -65.534
 -65.534
 -65.534
 -65.534
 -65.534
 -65.534
 -65.534
   0.664
   0.906
   0.976
   1.022
   1.074
   1.133
   1.194
   1.251
   1.307
   1.362
   1.419
   1.469
   1.514
   1.552
   1.590
   1.643
   1.707
   1.783
   1.868
   1.955
   2.044
   2.128
   2.211
   2.300
   2.393
   2.481
   2.558
   2.620
   2.661
   2.687
   2.703
   2.711
   2.717
   2.725
   2.733
   2.740
   2.740
   2.736
   2.737
   2.745
   2.775
   2.829
   2.900
   2.963
   3.021
   3.074
   3.107
   3.123
   3.120
   3.094
   2.891
   0.000
 -65.534
 -65.534
 -65.534
 -65.534
 -65.534
 -65.534
 -65.534
 -65.534
 -65.534
 -65.534
 -65.534
 -65.534
 -65.534
 -65.534
 -65.534
 -65.534
 -65.534
   0.761
   0.895
   0.943
   0.992
   1.036
   1.085
   1.136
   1.191
   1.247
   1.306
   1.362
   1.416
   1.461
   1.499
   1.528
   1.567
   1.613
   1.666
   1.727
   1.794
   1.866
   1.938
   2.015
   2.099
   2.191
   2.284
   2.362
   2.420
   2.457
   2.480
   2.497
   2.506
   2.512
   2.518
   2.539
   2.555
   2.559
   2.563
   2.563
   2.569
   2.592
   2.644
   2.711
   2.782
   2.851
   2.911
   2.958
   2.986
   3.000
   2.994
   2.811
   0.000
 -65.534
 -65.534
 -65.534
 -65.534
 -65.534
 -65.534
 -65.534
 -65.534
 -65.534
 -65.534
 -65.534
 -65.534
 -65.534
 -65.534
 -65.534
 -65.534
 -65.534
   0.767
   0.859
   0.909
   0.950
   0.987
   1.023
   1.061
   1.106
   1.158
   1.216
   1.279
   1.338
   1.391
   1.431
   1.456
   1.486
   1.517
   1.552
   1.591
   1.634
   1.685
   1.749
   1.817
   1.896
   1.982
   2.073
   2.149
   2.208
   2.245
   2.271
   2.288
   2.299
   2.305
   2.319
   2.344
   2.367
   2.392
   2.411
   2.425
   2.434
   2.457
   2.500
   2.560
   2.625
   2.692
   2.757
   2.816
   2.863
   2.892
   2.904
   2.750
   0.000
 -65.534
 -65.534
 -65.534
 -65.534
 -65.534
 -65.534
 -65.534
 -65.534
 -65.534
 -65.534
 -65.534
 -65.534
 -65.534
 -65.534
 -65.534
 -65.534
 -65.534
   0.760
   0.827
   0.872
   0.908
   0.935
   0.961
   0.988
   1.022
   1.064
   1.119
   1.181
   1.244
   1.304
   1.350
   1.374
   1.401
   1.428
   1.452
   1.474
   1.499
   1.534
   1.582
   1.638
   1.709
   1.785
   1.868
   1.947
   2.007
   2.049
   2.078
   2.097
   2.111
   2.121
   2.138
   2.170
   2.205
   2.245
   2.288
   2.319
   2.346
   2.369
   2.409
   2.459
   2.515
   2.574
   2.637
   2.694
   2.749
   2.795
   2.827
   2.687
   0.000
 -65.534
 -65.534
 -65.534
 -65.534
 -65.534
 -65.534
 -65.534
 -65.534
 -65.534
 -65.534
 -65.534
 -65.534
 -65.534
 -65.534
 -65.534
 -65.534
 -65.534
 -65.534
   0.790
   0.838
   0.868
   0.891
   0.906
   0.922
   0.943
   0.978
   1.021
   1.076
   1.134
   1.196
   1.248
   1.277
   1.310
   1.337
   1.357
   1.373
   1.379
   1.395
   1.425
   1.471
   1.533
   1.604
   1.684
   1.764
   1.831
   1.881
   1.912
   1.935
   1.952
   1.969
   1.992
   2.027
   2.071
   2.119
   2.175
   2.228
   2.268
   2.307
   2.350
   2.398
   2.450
   2.504
   2.559
   2.611
   2.666
   2.714
   2.752
   2.638
   0.000
 -65.534
 -65.534
 -65.534
 -65.534
 -65.534
 -65.534
 -65.534
 -65.534
 -65.534
 -65.534
 -65.534
 -65.534
 -65.534
 -65.534
 -65.534
 -65.534
 -65.534
 -65.534
 -65.534
   0.800
   0.825
   0.839
   0.853
   0.861
   0.881
   0.898
   0.929
   0.969
   1.018
   1.075
   1.121
   1.159
   1.196
   1.227
   1.254
   1.276
   1.236
   1.241
   1.265
   1.311
   1.378
   1.438
   1.518
   1.599
   1.675
   1.734
   1.777
   1.812
   1.837
   1.862
   1.885
   1.922
   1.964
   2.011
   2.065
   2.123
   2.179
   2.237
   2.291
   2.346
   2.405
   2.462
   2.516
   2.566
   2.620
   2.670
   2.715
   2.606
   0.000
 -65.534
 -65.534
 -65.534
 -65.534
 -65.534
 -65.534
 -65.534
 -65.534
 -65.534
 -65.534
 -65.534
 -65.534
 -65.534
 -65.534
 -65.534
 -65.534
 -65.534
 -65.534
 -65.534
 -65.534
   0.797
   0.809
   0.815
   0.823
   0.836
   0.848
   0.868
   0.892
   0.924
   0.963
   0.996
   1.036
   1.065
   1.076
   1.056
   0.949
 -65.534
 -65.534
 -65.534
 -65.534
   1.164
   1.295
   1.390
   1.472
   1.551
   1.621
   1.673
   1.716
   1.748
   1.780
   1.816
   1.855
   1.896
   1.937
   1.988
   2.041
   2.099
   2.164
   2.228
   2.292
   2.356
   2.418
   2.476
   2.530
   2.593
   2.653
   2.707
   2.599
   0.000
 -65.534
 -65.534
 -65.534
 -65.534
 -65.534
 -65.534
 -65.534
 -65.534
 -65.534
 -65.534
 -65.534
 -65.534
 -65.534
 -65.534
 -65.534
 -65.534
 -65.534
 -65.534
 -65.534
 -65.534
 -65.534
 -65.534
 -65.534
 -65.534
   0.794
   0.804
   0.816
   0.833
   0.864
   0.893
   0.914
   0.937
   0.948
   0.930
   0.873
   0.749
 -65.534
 -65.534
 -65.534
 -65.534
 -65.534
 -65.534
   1.221
   1.384
   1.467
   1.532
   1.589
   1.645
   1.692
   1.735
   1.778
   1.815
   1.854
   1.893
   1.937
   1.989
   2.049
   2.112
   2.175
   2.240
   2.304
   2.371
   2.435
   2.497
   2.564
   2.634
   2.701
   2.589
   0.000
 -65.534
 -65.534
 -65.534
 -65.534
 -65.534
 -65.534
 -65.534
 -65.534
 -65.534
 -65.534
 -65.534
 -65.534
 -65.534
 -65.534
 -65.534
 -65.534
 -65.534
 -65.534
 -65.534
 -65.534
 -65.534
 -65.534
 -65.534
 -65.534
   0.819
   0.819
   0.825
   0.834
   0.846
   0.844
   0.849
   0.860
   0.858
   0.825
   0.764
   0.692
 -65.534
 -65.534
 -65.534
 -65.534
 -65.534
 -65.534
 -65.534
   1.220
   1.370
   1.473
   1.544
   1.585
   1.633
   1.682
   1.731
   1.777
   1.821
   1.862
   1.907
   1.958
   2.014
   2.072
   2.133
   2.200
   2.268
   2.335
   2.404
   2.473
   2.543
   2.610
   2.679
   2.558
   0.000
 -65.534
 -65.534
 -65.534
 -65.534
 -65.534
 -65.534
 -65.534
 -65.534
 -65.534
 -65.534
 -65.534
 -65.534
 -65.534
 -65.534
 -65.534
 -65.534
 -65.534
 -65.534
 -65.534
 -65.534
 -65.534
 -65.534
 -65.534
 -65.534
 -65.534
 -65.534
 -65.534
 -65.534
 -65.534
   0.878
   0.855
   0.837
   0.814
   0.777
   0.730
   0.668
   0.432
 -65.534
 -65.534
 -65.534
 -65.534
 -65.534
 -65.534
   1.036
   1.118
 -65.534
   1.341
   1.513
   1.612
   1.683
   1.726
   1.770
   1.813
   1.860
   1.902
   1.953
   2.005
   2.059
   2.119
   2.185
   2.250
   2.316
   2.384
   2.454
   2.524
   2.588
   2.649
   2.507
   0.000
 -65.534
 -65.534
 -65.534
 -65.534
 -65.534
 -65.534
 -65.534
 -65.534
 -65.534
 -65.534
 -65.534
 -65.534
 -65.534
 -65.534
 -65.534
 -65.534
 -65.534
 -65.534
 -65.534
 -65.534
 -65.534
 -65.534
 -65.534
 -65.534
 -65.534
 -65.534
 -65.534
 -65.534
 -65.534
 -65.534
 -65.534
 -65.534
   0.803
   0.768
   0.730
   0.670
   0.468
   0.355
 -65.534
 -65.534
 -65.534
 -65.534
 -65.534
 -65.534
 -65.534
 -65.534
 -65.534
 -65.534
 -65.534
   1.488
   1.705
   1.809
   1.878
   1.895
   1.921
   1.963
   2.012
   2.067
   2.126
   2.188
   2.250
   2.313
   2.374
   2.430
   2.489
   2.538
   2.585
   2.412
   0.000
 -65.534
 -65.534
 -65.534
 -65.534
 -65.534
 -65.534
 -65.534
 -65.534
 -65.534
 -65.534
 -65.534
 -65.534
 -65.534
 -65.534
 -65.534
 -65.534
 -65.534
 -65.534
 -65.534
 -65.534
 -65.534
 -65.534
 -65.534
 -65.534
 -65.534
 -65.534
 -65.534
 -65.534
 -65.534
 -65.534
 -65.534
 -65.534
   0.902
   0.859
   0.815
   0.724
   0.525
   0.362
   0.302
   0.295
 -65.534
 -65.534
 -65.534
 -65.534
 -65.534
 -65.534
 -65.534
 -65.534
 -65.534
 -65.534
 -65.534
 -65.534
   1.659
   1.889
   1.975
   2.030
   2.049
   2.084
   2.137
   2.194
   2.249
   2.303
   2.354
   2.396
   2.434
   2.473
   2.507
   2.311
   0.000
 -65.534
 -65.534
 -65.534
 -65.534
 -65.534
 -65.534
 -65.534
 -65.534
 -65.534
 -65.534
 -65.534
 -65.534
 -65.534
 -65.534
 -65.534
 -65.534
 -65.534
 -65.534
 -65.534
 -65.534
 -65.534
 -65.534
 -65.534
 -65.534
 -65.534
 -65.534
 -65.534
 -65.534
 -65.534
 -65.534
 -65.534
 -65.534
 -65.534
 -65.534
 -65.534
 -65.534
   0.502
   0.370
   0.278
   0.241
   0.264
   0.255
   0.257
   0.267
   0.275
 -65.534
 -65.534
 -65.534
 -65.534
 -65.534
 -65.534
 -65.534
 -65.534
 -65.534
 -65.534
   1.802
   2.042
   2.111
   2.152
   2.183
   2.226
   2.272
   2.312
   2.338
   2.360
   2.387
   2.411
   2.200
   0.000
 -65.534
 -65.534
 -65.534
 -65.534
 -65.534
 -65.534
 -65.534
 -65.534
 -65.534
 -65.534
 -65.534
 -65.534
 -65.534
 -65.534
 -65.534
 -65.534
 -65.534
 -65.534
 -65.534
 -65.534
 -65.534
 -65.534
 -65.534
 -65.534
 -65.534
 -65.534
 -65.534
 -65.534
 -65.534
 -65.534
 -65.534
 -65.534
 -65.534
 -65.534
 -65.534
 -65.534
 -65.534
 -65.534
 -65.534
 -65.534
   0.201
 -65.534
 -65.534
 -65.534
 -65.534
 -65.534
 -65.534
 -65.534
 -65.534
 -65.534
 -65.534
 -65.534
 -65.534
 -65.534
 -65.534
   1.464
   1.872
   2.074
   2.166
   2.240
   2.246
   2.242
   2.265
   2.283
   2.298
   2.316
   2.328
   2.097
   0.000
 -65.534
 -65.534
 -65.534
 -65.534
 -65.534
 -65.534
 -65.534
 -65.534
 -65.534
 -65.534
 -65.534
 -65.534
 -65.534
 -65.534
 -65.534
 -65.534
 -65.534
 -65.534
 -65.534
 -65.534
 -65.534
 -65.534
 -65.534
 -65.534
 -65.534
 -65.534
 -65.534
 -65.534
 -65.534
 -65.534
 -65.534
 -65.534
 -65.534
 -65.534
 -65.534
 -65.534
 -65.534
 -65.534
 -65.534
 -65.534
 -65.534
 -65.534
 -65.534
 -65.534
 -65.534
 -65.534
 -65.534
 -65.534
 -65.534
 -65.534
 -65.534
 -65.534
 -65.534
 -65.534
 -65.534
 -65.534
 -65.534
 -65.534
 -65.534
   1.731
   2.052
   2.157
   2.154
   2.144
   2.138
   2.127
   2.115
   1.847
   0.000
 -65.534
 -65.534
 -65.534
 -65.534
 -65.534
 -65.534
 -65.534
 -65.534
 -65.534
 -65.534
 -65.534
 -65.534
 -65.534
 -65.534
 -65.534
 -65.534
 -65.534
 -65.534
 -65.534
 -65.534
 -65.534
 -65.534
 -65.534
 -65.534
 -65.534
 -65.534
 -65.534
 -65.534
 -65.534
 -65.534
 -65.534
 -65.534
 -65.534
 -65.534
 -65.534
 -65.534
 -65.534
 -65.534
 -65.534
 -65.534
 -65.534
 -65.534
 -65.534
 -65.534
 -65.534
 -65.534
 -65.534
 -65.534
 -65.534
 -65.534
 -65.534
 -65.534
 -65.534
 -65.534
 -65.534
 -65.534
 -65.534
 -65.534
 -65.534
 -65.534
 -65.534
   0.000
   0.000
   0.000
   0.000
   0.000
   0.000
   0.000
 -65.534
