 -65.534
   0.000
   0.000
   0.000
   0.000
   0.000
   0.000
   0.000
   0.000
   0.000
   0.000
   0.000
   0.000
   0.000
   0.000
   0.000
   0.000
   0.000
   0.000
   0.000
   0.000
   0.000
   0.000
   0.000
   0.000
   0.000
   0.000
   0.000
   0.000
   0.000
   0.000
   0.000
   0.000
   0.000
   0.000
   0.000
   0.000
   0.000
   0.000
   0.000
   0.000
   0.000
   0.000
   0.000
   0.000
   0.000
   0.000
   0.000
   0.000
   0.000
   0.000
   0.000
   0.000
   0.000
   0.000
   0.000
   0.000
   0.000
   0.000
   0.000
   0.000
   0.000
   0.000
   0.000
   0.000
   0.000
   0.000
   0.000
 -65.534
   0.000
   1.197
   1.309
   1.385
   1.450
   1.496
   1.527
   1.549
   1.556
   1.555
   1.559
   1.560
   1.560
   1.554
   1.532
   1.493
   1.447
   1.426
   1.415
   1.408
   1.397
   1.388
   1.390
   1.384
   1.407
   1.442
   1.478
   1.518
   1.544
   1.584
   1.612
   1.626
   1.621
   1.614
   1.597
   1.559
   1.521
   1.481
   1.435
   1.387
   1.336
   1.297
   1.262
   1.227
   1.195
   1.167
   1.146
   1.124
   1.117
   1.123
   1.138
   1.155
   1.169
   1.179
   1.188
   1.189
   1.189
   1.180
   1.169
   1.156
   1.137
   1.113
   1.096
   1.081
   1.061
   1.044
   1.030
   0.991
   0.000
   0.000
   1.388
   1.522
   1.583
   1.641
   1.687
   1.721
   1.748
   1.764
   1.774
   1.787
   1.796
   1.798
   1.793
   1.770
   1.735
   1.691
   1.657
   1.637
   1.623
   1.617
   1.616
   1.624
   1.635
   1.663
   1.698
   1.735
   1.775
   1.808
   1.837
   1.864
   1.884
   1.902
   1.912
   1.906
   1.882
   1.845
   1.801
   1.750
   1.694
   1.641
   1.591
   1.541
   1.489
   1.438
   1.404
   1.384
   1.371
   1.373
   1.388
   1.407
   1.430
   1.451
   1.469
   1.475
   1.483
   1.483
   1.478
   1.464
   1.441
   1.412
   1.381
   1.353
   1.326
   1.301
   1.278
   1.259
   1.206
   0.000
   0.000
   1.450
   1.578
   1.638
   1.694
   1.741
   1.784
   1.817
   1.842
   1.860
   1.880
   1.897
   1.906
   1.905
   1.883
   1.849
   1.805
   1.768
   1.741
   1.729
   1.719
   1.723
   1.738
   1.764
   1.795
   1.833
   1.874
   1.911
   1.943
   1.973
   1.999
   2.021
   2.042
   2.066
   2.075
   2.062
   2.036
   1.993
   1.943
   1.886
   1.828
   1.770
   1.709
   1.643
   1.584
   1.541
   1.515
   1.499
   1.497
   1.508
   1.528
   1.553
   1.579
   1.598
   1.613
   1.625
   1.632
   1.634
   1.623
   1.604
   1.581
   1.548
   1.514
   1.480
   1.449
   1.419
   1.394
   1.329
   0.000
   0.000
   1.481
   1.609
   1.663
   1.709
   1.756
   1.800
   1.840
   1.869
   1.892
   1.918
   1.938
   1.956
   1.957
   1.940
   1.903
   1.859
   1.825
   1.800
   1.787
   1.781
   1.787
   1.807
   1.841
   1.880
   1.927
   1.978
   2.019
   2.049
   2.077
   2.103
   2.129
   2.155
   2.185
   2.201
   2.198
   2.180
   2.148
   2.097
   2.041
   1.983
   1.919
   1.852
   1.780
   1.715
   1.661
   1.626
   1.605
   1.599
   1.603
   1.618
   1.638
   1.661
   1.684
   1.703
   1.721
   1.735
   1.744
   1.740
   1.727
   1.705
   1.676
   1.638
   1.603
   1.566
   1.529
   1.499
   1.424
   0.000
   0.000
   1.504
   1.629
   1.675
   1.717
   1.753
   1.792
   1.828
   1.858
   1.885
   1.908
   1.928
   1.945
   1.949
   1.934
   1.899
   1.862
   1.834
   1.816
   1.803
   1.802
   1.808
   1.835
   1.874
   1.927
   1.989
   2.052
   2.100
   2.130
   2.160
   2.193
   2.221
   2.254
   2.288
   2.309
   2.309
   2.294
   2.264
   2.220
   2.165
   2.110
   2.050
   1.982
   1.909
   1.837
   1.776
   1.731
   1.708
   1.695
   1.694
   1.701
   1.717
   1.737
   1.759
   1.779
   1.799
   1.816
   1.828
   1.826
   1.817
   1.799
   1.770
   1.737
   1.699
   1.660
   1.620
   1.586
   1.502
   0.000
   0.000
   1.512
   1.639
   1.683
   1.716
   1.742
   1.768
   1.799
   1.828
   1.853
   1.875
   1.892
   1.904
   1.904
   1.889
   1.863
   1.836
   1.815
   1.799
   1.789
   1.785
   1.800
   1.833
   1.883
   1.943
   2.015
   2.087
   2.147
   2.185
   2.217
   2.259
   2.296
   2.338
   2.373
   2.398
   2.400
   2.390
   2.360
   2.316
   2.267
   2.217
   2.166
   2.105
   2.033
   1.958
   1.893
   1.842
   1.811
   1.796
   1.792
   1.798
   1.808
   1.824
   1.841
   1.859
   1.875
   1.890
   1.898
   1.895
   1.887
   1.870
   1.843
   1.808
   1.771
   1.733
   1.690
   1.652
   1.565
   0.000
   0.000
   1.505
   1.641
   1.690
   1.718
   1.733
   1.749
   1.767
   1.791
   1.815
   1.835
   1.847
   1.854
   1.850
   1.835
   1.817
   1.798
   1.784
   1.770
   1.758
   1.756
   1.770
   1.806
   1.858
   1.926
   2.002
   2.083
   2.150
   2.196
   2.238
   2.291
   2.343
   2.395
   2.438
   2.468
   2.474
   2.465
   2.437
   2.395
   2.350
   2.309
   2.265
   2.212
   2.150
   2.080
   2.010
   1.955
   1.920
   1.900
   1.894
   1.897
   1.905
   1.915
   1.929
   1.940
   1.950
   1.956
   1.958
   1.950
   1.936
   1.916
   1.886
   1.852
   1.814
   1.776
   1.735
   1.696
   1.609
   0.000
   0.000
   1.475
   1.629
   1.692
   1.724
   1.732
   1.735
   1.742
   1.760
   1.782
   1.798
   1.805
   1.806
   1.804
   1.791
   1.776
   1.764
   1.753
   1.740
   1.728
   1.725
   1.736
   1.770
   1.823
   1.890
   1.965
   2.047
   2.117
   2.170
   2.223
   2.289
   2.355
   2.417
   2.475
   2.512
   2.527
   2.524
   2.500
   2.460
   2.419
   2.385
   2.347
   2.305
   2.252
   2.194
   2.130
   2.070
   2.030
   2.007
   1.994
   1.994
   1.998
   2.008
   2.014
   2.022
   2.022
   2.019
   2.009
   1.992
   1.968
   1.941
   1.906
   1.867
   1.831
   1.793
   1.757
   1.721
   1.638
   0.000
   0.000
   1.418
   1.589
   1.674
   1.719
   1.726
   1.722
   1.725
   1.737
   1.755
   1.770
   1.775
   1.773
   1.768
   1.759
   1.748
   1.738
   1.731
   1.719
   1.707
   1.704
   1.714
   1.743
   1.790
   1.849
   1.918
   1.994
   2.060
   2.119
   2.184
   2.259
   2.333
   2.403
   2.475
   2.525
   2.552
   2.562
   2.547
   2.510
   2.474
   2.444
   2.415
   2.379
   2.339
   2.288
   2.235
   2.178
   2.132
   2.103
   2.085
   2.080
   2.081
   2.087
   2.093
   2.093
   2.082
   2.064
   2.038
   2.008
   1.977
   1.940
   1.902
   1.860
   1.825
   1.791
   1.758
   1.727
   1.649
   0.000
   0.000
   1.334
   1.516
   1.627
   1.689
   1.709
   1.709
   1.709
   1.719
   1.733
   1.744
   1.747
   1.748
   1.745
   1.739
   1.730
   1.721
   1.713
   1.702
   1.691
   1.687
   1.699
   1.724
   1.762
   1.807
   1.864
   1.926
   1.986
   2.053
   2.127
   2.208
   2.289
   2.369
   2.446
   2.510
   2.550
   2.570
   2.563
   2.536
   2.507
   2.483
   2.459
   2.430
   2.400
   2.357
   2.310
   2.264
   2.215
   2.182
   2.160
   2.149
   2.144
   2.147
   2.148
   2.139
   2.110
   2.073
   2.031
   1.986
   1.946
   1.907
   1.866
   1.830
   1.795
   1.766
   1.738
   1.714
   1.644
   0.000
   0.000
   1.247
   1.436
   1.563
   1.646
   1.679
   1.688
   1.691
   1.696
   1.707
   1.717
   1.723
   1.726
   1.729
   1.726
   1.719
   1.711
   1.700
   1.689
   1.678
   1.677
   1.685
   1.706
   1.734
   1.769
   1.814
   1.868
   1.925
   1.992
   2.068
   2.154
   2.239
   2.324
   2.409
   2.480
   2.530
   2.562
   2.566
   2.546
   2.523
   2.506
   2.483
   2.461
   2.433
   2.400
   2.361
   2.321
   2.276
   2.238
   2.212
   2.198
   2.190
   2.185
   2.173
   2.145
   2.101
   2.044
   1.985
   1.931
   1.883
   1.844
   1.808
   1.778
   1.756
   1.733
   1.711
   1.693
   1.627
   0.000
   0.000
   1.144
   1.360
   1.489
   1.579
   1.629
   1.653
   1.661
   1.664
   1.671
   1.681
   1.689
   1.696
   1.703
   1.706
   1.703
   1.696
   1.687
   1.675
   1.669
   1.665
   1.673
   1.689
   1.710
   1.741
   1.781
   1.831
   1.886
   1.949
   2.023
   2.110
   2.197
   2.284
   2.372
   2.445
   2.499
   2.537
   2.549
   2.536
   2.520
   2.506
   2.488
   2.466
   2.445
   2.414
   2.379
   2.344
   2.303
   2.268
   2.240
   2.219
   2.203
   2.183
   2.154
   2.109
   2.047
   1.978
   1.911
   1.853
   1.804
   1.764
   1.736
   1.718
   1.708
   1.696
   1.680
   1.666
   1.603
   0.000
 -65.534
 -65.534
   1.192
   1.378
   1.473
   1.537
   1.586
   1.614
   1.620
   1.627
   1.635
   1.640
   1.645
   1.650
   1.656
   1.658
   1.655
   1.652
   1.645
   1.641
   1.642
   1.648
   1.662
   1.684
   1.716
   1.762
   1.813
   1.868
   1.927
   1.997
   2.079
   2.161
   2.250
   2.335
   2.401
   2.452
   2.491
   2.506
   2.502
   2.490
   2.478
   2.461
   2.442
   2.424
   2.398
   2.364
   2.327
   2.292
   2.257
   2.229
   2.205
   2.179
   2.142
   2.092
   2.029
   1.955
   1.885
   1.820
   1.761
   1.717
   1.679
   1.661
   1.659
   1.658
   1.656
   1.649
   1.637
   1.577
   0.000
 -65.534
 -65.534
 -65.534
   1.165
   1.326
   1.423
   1.497
   1.547
   1.563
   1.569
   1.577
   1.574
   1.570
   1.570
   1.574
   1.577
   1.582
   1.584
   1.586
   1.589
   1.593
   1.603
   1.624
   1.654
   1.695
   1.749
   1.806
   1.863
   1.919
   1.983
   2.057
   2.137
   2.218
   2.287
   2.340
   2.401
   2.441
   2.457
   2.456
   2.446
   2.432
   2.414
   2.395
   2.379
   2.353
   2.318
   2.282
   2.246
   2.214
   2.187
   2.161
   2.124
   2.071
   2.004
   1.928
   1.850
   1.782
   1.723
   1.675
   1.634
   1.607
   1.597
   1.598
   1.608
   1.612
   1.612
   1.608
   1.549
   0.000
 -65.534
 -65.534
 -65.534
 -65.534
   1.128
   1.301
   1.399
   1.452
   1.480
   1.490
   1.497
   1.492
   1.484
   1.479
   1.476
   1.478
   1.484
   1.489
   1.495
   1.502
   1.510
   1.529
   1.557
   1.598
   1.653
   1.717
   1.783
   1.842
   1.898
   1.960
   2.030
   2.103
   2.174
   2.241
   2.294
   2.346
   2.376
   2.412
   2.414
   2.401
   2.383
   2.358
   2.336
   2.312
   2.279
   2.241
   2.203
   2.166
   2.136
   2.107
   2.077
   2.028
   1.964
   1.892
   1.816
   1.746
   1.689
   1.642
   1.607
   1.582
   1.562
   1.556
   1.558
   1.565
   1.573
   1.580
   1.583
   1.526
   0.000
 -65.534
 -65.534
 -65.534
 -65.534
   1.007
   1.188
   1.286
   1.338
   1.367
   1.388
   1.405
   1.403
   1.396
   1.388
   1.383
   1.377
   1.374
   1.374
   1.380
   1.386
   1.399
   1.421
   1.454
   1.502
   1.564
   1.635
   1.708
   1.773
   1.839
   1.903
   1.973
   2.042
   2.113
   2.179
   2.237
   2.286
   2.324
   2.356
   2.351
   2.347
   2.319
   2.281
   2.246
   2.211
   2.172
   2.127
   2.083
   2.044
   2.006
   1.971
   1.935
   1.889
   1.828
   1.762
   1.699
   1.647
   1.606
   1.578
   1.561
   1.550
   1.540
   1.535
   1.533
   1.537
   1.545
   1.551
   1.559
   1.507
   0.000
 -65.534
 -65.534
 -65.534
 -65.534
   0.940
   1.102
   1.187
   1.230
   1.251
   1.280
   1.303
   1.308
   1.305
   1.303
   1.294
   1.279
   1.264
   1.257
   1.258
   1.262
   1.272
   1.293
   1.324
   1.366
   1.423
   1.492
   1.564
   1.638
   1.713
   1.791
   1.865
   1.934
   2.006
   2.077
   2.139
   2.195
   2.240
   2.265
   2.265
   2.251
   2.216
   2.166
   2.114
   2.069
   2.019
   1.967
   1.918
   1.875
   1.832
   1.797
   1.762
   1.724
   1.678
   1.630
   1.586
   1.553
   1.531
   1.522
   1.522
   1.522
   1.520
   1.517
   1.513
   1.512
   1.517
   1.524
   1.532
   1.481
   0.000
 -65.534
 -65.534
 -65.534
 -65.534
   0.865
   0.994
   1.068
   1.103
   1.142
   1.163
   1.182
   1.194
   1.199
   1.199
   1.190
   1.171
   1.156
   1.147
   1.145
   1.148
   1.152
   1.165
   1.187
   1.220
   1.264
   1.320
   1.386
   1.459
   1.539
   1.622
   1.701
   1.773
   1.846
   1.916
   1.983
   2.046
   2.097
   2.124
   2.125
   2.101
   2.062
   2.005
   1.943
   1.886
   1.827
   1.766
   1.713
   1.667
   1.629
   1.598
   1.575
   1.551
   1.528
   1.503
   1.481
   1.465
   1.460
   1.461
   1.468
   1.478
   1.486
   1.488
   1.488
   1.488
   1.490
   1.499
   1.502
   1.447
   0.000
 -65.534
 -65.534
 -65.534
 -65.534
 -65.534
 -65.534
 -65.534
 -65.534
   0.931
   1.016
   1.050
   1.063
   1.073
   1.076
   1.070
   1.060
   1.052
   1.050
   1.051
   1.054
   1.053
   1.056
   1.064
   1.085
   1.117
   1.161
   1.214
   1.277
   1.349
   1.427
   1.502
   1.571
   1.637
   1.704
   1.767
   1.827
   1.879
   1.911
   1.913
   1.891
   1.846
   1.785
   1.724
   1.662
   1.602
   1.542
   1.491
   1.450
   1.418
   1.400
   1.392
   1.391
   1.393
   1.389
   1.383
   1.379
   1.384
   1.390
   1.402
   1.414
   1.430
   1.444
   1.451
   1.454
   1.459
   1.467
   1.466
   1.410
   0.000
 -65.534
 -65.534
 -65.534
 -65.534
 -65.534
 -65.534
   0.207
   0.401
   0.763
   0.889
   0.930
   0.948
   0.963
   0.967
   0.965
   0.965
   0.971
   0.977
   0.982
   0.984
   0.980
   0.976
   0.974
   0.981
   0.999
   1.032
   1.073
   1.125
   1.183
   1.245
   1.305
   1.361
   1.416
   1.469
   1.520
   1.570
   1.616
   1.643
   1.648
   1.629
   1.591
   1.538
   1.483
   1.431
   1.380
   1.331
   1.287
   1.251
   1.233
   1.232
   1.242
   1.260
   1.276
   1.288
   1.293
   1.298
   1.307
   1.314
   1.324
   1.337
   1.357
   1.380
   1.400
   1.410
   1.420
   1.425
   1.425
   1.356
   0.000
 -65.534
 -65.534
 -65.534
 -65.534
 -65.534
 -65.534
 -65.534
 -65.534
 -65.534
   0.699
   0.770
   0.809
   0.832
   0.845
   0.862
   0.899
   0.918
   0.932
   0.938
   0.937
   0.930
   0.922
   0.917
   0.922
   0.935
   0.953
   0.980
   1.016
   1.056
   1.096
   1.138
   1.178
   1.215
   1.252
   1.285
   1.318
   1.345
   1.365
   1.369
   1.359
   1.334
   1.299
   1.262
   1.226
   1.191
   1.159
   1.130
   1.108
   1.099
   1.105
   1.123
   1.150
   1.174
   1.194
   1.206
   1.216
   1.223
   1.228
   1.235
   1.248
   1.271
   1.300
   1.327
   1.342
   1.355
   1.360
   1.353
   1.275
   0.000
 -65.534
 -65.534
 -65.534
 -65.534
 -65.534
 -65.534
 -65.534
 -65.534
 -65.534
 -65.534
 -65.534
 -65.534
 -65.534
 -65.534
 -65.534
   0.715
   0.815
   0.857
   0.874
   0.886
   0.896
   0.896
   0.899
   0.902
   0.910
   0.920
   0.935
   0.950
   0.971
   0.994
   1.015
   1.034
   1.051
   1.069
   1.086
   1.100
   1.113
   1.121
   1.128
   1.127
   1.116
   1.103
   1.087
   1.071
   1.059
   1.045
   1.031
   1.019
   1.015
   1.020
   1.036
   1.060
   1.083
   1.102
   1.115
   1.122
   1.126
   1.126
   1.130
   1.144
   1.172
   1.204
   1.231
   1.250
   1.263
   1.263
   1.253
   1.160
   0.000
 -65.534
 -65.534
 -65.534
 -65.534
 -65.534
 -65.534
 -65.534
 -65.534
 -65.534
 -65.534
 -65.534
 -65.534
 -65.534
 -65.534
 -65.534
 -65.534
 -65.534
 -65.534
 -65.534
   0.721
   0.832
   0.875
   0.900
   0.918
   0.925
   0.929
   0.931
   0.934
   0.938
   0.940
   0.941
   0.942
   0.944
   0.948
   0.950
   0.952
   0.953
   0.954
   0.957
   0.965
   0.972
   0.978
   0.980
   0.984
   0.983
   0.978
   0.971
   0.965
   0.959
   0.960
   0.968
   0.983
   0.998
   1.010
   1.014
   1.012
   1.008
   1.004
   1.009
   1.025
   1.058
   1.091
   1.119
   1.135
   1.141
   1.138
   1.119
   1.020
   0.000
 -65.534
 -65.534
 -65.534
 -65.534
 -65.534
 -65.534
 -65.534
 -65.534
 -65.534
 -65.534
 -65.534
 -65.534
 -65.534
 -65.534
 -65.534
 -65.534
 -65.534
 -65.534
   0.368
   0.706
   0.808
   0.873
   0.922
   0.958
   0.972
   0.974
   0.971
   0.966
   0.956
   0.945
   0.932
   0.920
   0.908
   0.899
   0.892
   0.888
   0.882
   0.878
   0.879
   0.887
   0.903
   0.922
   0.937
   0.950
   0.954
   0.947
   0.936
   0.924
   0.918
   0.915
   0.920
   0.925
   0.928
   0.924
   0.909
   0.890
   0.877
   0.872
   0.878
   0.899
   0.928
   0.957
   0.981
   0.996
   0.998
   0.989
   0.966
   0.866
   0.000
 -65.534
 -65.534
 -65.534
 -65.534
 -65.534
 -65.534
 -65.534
 -65.534
 -65.534
 -65.534
 -65.534
 -65.534
 -65.534
 -65.534
 -65.534
 -65.534
 -65.534
   0.325
   0.587
   0.748
   0.830
   0.894
   0.956
   1.009
   1.035
   1.043
   1.039
   1.031
   1.019
   1.002
   0.982
   0.959
   0.939
   0.919
   0.902
   0.888
   0.871
   0.859
   0.854
   0.858
   0.877
   0.903
   0.931
   0.954
   0.962
   0.950
   0.927
   0.906
   0.891
   0.882
   0.880
   0.879
   0.867
   0.842
   0.811
   0.780
   0.757
   0.750
   0.753
   0.770
   0.792
   0.813
   0.829
   0.838
   0.837
   0.829
   0.805
   0.714
   0.000
 -65.534
 -65.534
 -65.534
 -65.534
 -65.534
 -65.534
 -65.534
 -65.534
 -65.534
 -65.534
 -65.534
 -65.534
 -65.534
 -65.534
 -65.534
 -65.534
 -65.534
   0.519
   0.688
   0.791
   0.863
   0.924
   0.990
   1.053
   1.092
   1.108
   1.113
   1.108
   1.095
   1.079
   1.057
   1.030
   1.003
   0.976
   0.947
   0.917
   0.889
   0.864
   0.847
   0.846
   0.862
   0.892
   0.927
   0.960
   0.976
   0.960
   0.928
   0.901
   0.877
   0.859
   0.846
   0.835
   0.816
   0.777
   0.732
   0.688
   0.655
   0.639
   0.634
   0.639
   0.650
   0.662
   0.672
   0.674
   0.674
   0.670
   0.649
   0.567
   0.000
 -65.534
 -65.534
 -65.534
 -65.534
 -65.534
 -65.534
 -65.534
 -65.534
 -65.534
 -65.534
 -65.534
 -65.534
 -65.534
 -65.534
 -65.534
 -65.534
 -65.534
   0.627
   0.749
   0.830
   0.892
   0.954
   1.021
   1.084
   1.134
   1.158
   1.169
   1.171
   1.163
   1.153
   1.135
   1.105
   1.072
   1.036
   0.997
   0.958
   0.916
   0.878
   0.854
   0.844
   0.856
   0.884
   0.918
   0.952
   0.965
   0.949
   0.917
   0.887
   0.856
   0.830
   0.806
   0.786
   0.757
   0.716
   0.671
   0.621
   0.582
   0.553
   0.534
   0.524
   0.517
   0.514
   0.516
   0.517
   0.512
   0.507
   0.493
   0.443
   0.000
 -65.534
 -65.534
 -65.534
 -65.534
 -65.534
 -65.534
 -65.534
 -65.534
 -65.534
 -65.534
 -65.534
 -65.534
 -65.534
 -65.534
 -65.534
 -65.534
 -65.534
   0.722
   0.795
   0.866
   0.927
   0.989
   1.053
   1.113
   1.157
   1.190
   1.208
   1.218
   1.219
   1.218
   1.208
   1.175
   1.136
   1.096
   1.053
   1.005
   0.956
   0.912
   0.881
   0.868
   0.876
   0.895
   0.920
   0.940
   0.943
   0.929
   0.900
   0.865
   0.829
   0.795
   0.764
   0.738
   0.705
   0.666
   0.622
   0.577
   0.533
   0.493
   0.464
   0.436
   0.413
   0.395
   0.382
   0.376
   0.369
   0.369
   0.361
   0.325
   0.000
 -65.534
 -65.534
 -65.534
 -65.534
 -65.534
 -65.534
 -65.534
 -65.534
 -65.534
 -65.534
 -65.534
 -65.534
 -65.534
 -65.534
 -65.534
 -65.534
 -65.534
 -65.534
   0.821
   0.892
   0.957
   1.020
   1.080
   1.132
   1.169
   1.200
   1.223
   1.238
   1.250
   1.264
   1.268
   1.241
   1.200
   1.159
   1.114
   1.065
   1.012
   0.965
   0.932
   0.917
   0.913
   0.920
   0.930
   0.938
   0.937
   0.919
   0.891
   0.856
   0.814
   0.773
   0.737
   0.704
   0.667
   0.628
   0.587
   0.549
   0.508
   0.472
   0.435
   0.399
   0.366
   0.335
   0.311
   0.290
   0.276
   0.262
   0.247
   0.219
   0.000
 -65.534
 -65.534
 -65.534
 -65.534
 -65.534
 -65.534
 -65.534
 -65.534
 -65.534
 -65.534
 -65.534
 -65.534
 -65.534
 -65.534
 -65.534
 -65.534
 -65.534
 -65.534
 -65.534
   0.886
   0.972
   1.043
   1.097
   1.135
   1.161
   1.183
   1.202
   1.223
   1.249
   1.284
   1.312
   1.302
   1.271
   1.230
   1.191
   1.147
   1.104
   1.047
   1.002
   0.974
   0.949
   0.934
   0.928
   0.928
   0.931
   0.923
   0.903
   0.869
   0.828
   0.786
   0.742
   0.701
   0.659
   0.618
   0.578
   0.542
   0.510
   0.479
   0.444
   0.410
   0.376
   0.342
   0.309
   0.277
   0.244
   0.210
   0.175
   0.129
   0.000
 -65.534
 -65.534
 -65.534
 -65.534
 -65.534
 -65.534
 -65.534
 -65.534
 -65.534
 -65.534
 -65.534
 -65.534
 -65.534
 -65.534
 -65.534
 -65.534
 -65.534
 -65.534
 -65.534
 -65.534
   0.936
   1.016
   1.074
   1.107
   1.145
   1.161
   1.176
   1.202
   1.238
   1.292
   1.346
   1.361
   1.338
   1.304
   1.269
   1.198
 -65.534
 -65.534
 -65.534
 -65.534
   0.704
   0.789
   0.841
   0.878
   0.910
   0.926
   0.920
   0.896
   0.862
   0.821
   0.779
   0.738
   0.695
   0.649
   0.611
   0.574
   0.541
   0.511
   0.479
   0.445
   0.413
   0.378
   0.340
   0.298
   0.253
   0.203
   0.150
   0.081
   0.000
 -65.534
 -65.534
 -65.534
 -65.534
 -65.534
 -65.534
 -65.534
 -65.534
 -65.534
 -65.534
 -65.534
 -65.534
 -65.534
 -65.534
 -65.534
 -65.534
 -65.534
 -65.534
 -65.534
 -65.534
 -65.534
 -65.534
 -65.534
 -65.534
   0.994
   1.095
   1.142
   1.183
   1.233
   1.297
   1.360
   1.384
   1.376
   1.353
   1.320
   1.236
 -65.534
 -65.534
 -65.534
 -65.534
 -65.534
 -65.534
   0.691
   0.812
   0.892
   0.932
   0.940
   0.928
   0.906
   0.874
   0.838
   0.798
   0.754
   0.711
   0.670
   0.634
   0.599
   0.565
   0.531
   0.496
   0.460
   0.424
   0.383
   0.336
   0.281
   0.220
   0.150
   0.064
   0.000
 -65.534
 -65.534
 -65.534
 -65.534
 -65.534
 -65.534
 -65.534
 -65.534
 -65.534
 -65.534
 -65.534
 -65.534
 -65.534
 -65.534
 -65.534
 -65.534
 -65.534
 -65.534
 -65.534
 -65.534
 -65.534
 -65.534
 -65.534
 -65.534
   0.883
   0.994
   1.066
   1.130
   1.201
   1.287
   1.339
   1.364
   1.365
   1.359
   1.341
   1.257
 -65.534
 -65.534
 -65.534
 -65.534
 -65.534
 -65.534
 -65.534
   0.750
   0.882
   0.948
   0.962
   0.956
   0.941
   0.914
   0.886
   0.853
   0.814
   0.778
   0.742
   0.709
   0.678
   0.643
   0.607
   0.569
   0.529
   0.488
   0.441
   0.386
   0.319
   0.243
   0.166
   0.065
   0.000
 -65.534
 -65.534
 -65.534
 -65.534
 -65.534
 -65.534
 -65.534
 -65.534
 -65.534
 -65.534
 -65.534
 -65.534
 -65.534
 -65.534
 -65.534
 -65.534
 -65.534
 -65.534
 -65.534
 -65.534
 -65.534
 -65.534
 -65.534
 -65.534
 -65.534
 -65.534
 -65.534
 -65.534
 -65.534
   1.028
   1.179
   1.246
   1.307
   1.335
   1.332
   1.273
   0.860
 -65.534
 -65.534
 -65.534
 -65.534
 -65.534
 -65.534
   0.721
   0.865
 -65.534
   0.813
   0.909
   0.934
   0.940
   0.930
   0.908
   0.875
   0.846
   0.817
   0.793
   0.768
   0.738
   0.700
   0.658
   0.612
   0.561
   0.503
   0.433
   0.355
   0.272
   0.186
   0.080
   0.000
 -65.534
 -65.534
 -65.534
 -65.534
 -65.534
 -65.534
 -65.534
 -65.534
 -65.534
 -65.534
 -65.534
 -65.534
 -65.534
 -65.534
 -65.534
 -65.534
 -65.534
 -65.534
 -65.534
 -65.534
 -65.534
 -65.534
 -65.534
 -65.534
 -65.534
 -65.534
 -65.534
 -65.534
 -65.534
 -65.534
 -65.534
 -65.534
   1.050
   1.232
   1.283
   1.242
   1.058
   0.752
 -65.534
 -65.534
 -65.534
 -65.534
 -65.534
 -65.534
 -65.534
 -65.534
 -65.534
 -65.534
 -65.534
   0.765
   0.884
   0.915
   0.917
   0.899
   0.882
   0.861
   0.841
   0.813
   0.774
   0.731
   0.680
   0.623
   0.555
   0.480
   0.399
   0.314
   0.226
   0.123
   0.000
 -65.534
 -65.534
 -65.534
 -65.534
 -65.534
 -65.534
 -65.534
 -65.534
 -65.534
 -65.534
 -65.534
 -65.534
 -65.534
 -65.534
 -65.534
 -65.534
 -65.534
 -65.534
 -65.534
 -65.534
 -65.534
 -65.534
 -65.534
 -65.534
 -65.534
 -65.534
 -65.534
 -65.534
 -65.534
 -65.534
 -65.534
 -65.534
   0.853
   1.046
   1.131
   1.121
   1.057
   0.929
   0.726
   0.560
 -65.534
 -65.534
 -65.534
 -65.534
 -65.534
 -65.534
 -65.534
 -65.534
 -65.534
 -65.534
 -65.534
 -65.534
   0.743
   0.848
   0.875
   0.870
   0.859
   0.836
   0.806
   0.768
   0.722
   0.669
   0.606
   0.536
   0.461
   0.383
   0.304
   0.206
   0.000
 -65.534
 -65.534
 -65.534
 -65.534
 -65.534
 -65.534
 -65.534
 -65.534
 -65.534
 -65.534
 -65.534
 -65.534
 -65.534
 -65.534
 -65.534
 -65.534
 -65.534
 -65.534
 -65.534
 -65.534
 -65.534
 -65.534
 -65.534
 -65.534
 -65.534
 -65.534
 -65.534
 -65.534
 -65.534
 -65.534
 -65.534
 -65.534
 -65.534
 -65.534
 -65.534
 -65.534
   0.719
   0.808
   0.787
   0.729
   0.594
   0.503
   0.441
   0.410
   0.386
 -65.534
 -65.534
 -65.534
 -65.534
 -65.534
 -65.534
 -65.534
 -65.534
 -65.534
 -65.534
   0.678
   0.795
   0.822
   0.814
   0.792
   0.758
   0.716
   0.664
   0.607
   0.547
   0.484
   0.410
   0.324
   0.000
 -65.534
 -65.534
 -65.534
 -65.534
 -65.534
 -65.534
 -65.534
 -65.534
 -65.534
 -65.534
 -65.534
 -65.534
 -65.534
 -65.534
 -65.534
 -65.534
 -65.534
 -65.534
 -65.534
 -65.534
 -65.534
 -65.534
 -65.534
 -65.534
 -65.534
 -65.534
 -65.534
 -65.534
 -65.534
 -65.534
 -65.534
 -65.534
 -65.534
 -65.534
 -65.534
 -65.534
 -65.534
 -65.534
 -65.534
 -65.534
   0.444
 -65.534
 -65.534
 -65.534
 -65.534
 -65.534
 -65.534
 -65.534
 -65.534
 -65.534
 -65.534
 -65.534
 -65.534
 -65.534
 -65.534
   0.649
   0.783
   0.829
   0.835
   0.810
   0.780
   0.742
   0.698
   0.659
   0.619
   0.576
   0.523
   0.452
   0.000
 -65.534
 -65.534
 -65.534
 -65.534
 -65.534
 -65.534
 -65.534
 -65.534
 -65.534
 -65.534
 -65.534
 -65.534
 -65.534
 -65.534
 -65.534
 -65.534
 -65.534
 -65.534
 -65.534
 -65.534
 -65.534
 -65.534
 -65.534
 -65.534
 -65.534
 -65.534
 -65.534
 -65.534
 -65.534
 -65.534
 -65.534
 -65.534
 -65.534
 -65.534
 -65.534
 -65.534
 -65.534
 -65.534
 -65.534
 -65.534
 -65.534
 -65.534
 -65.534
 -65.534
 -65.534
 -65.534
 -65.534
 -65.534
 -65.534
 -65.534
 -65.534
 -65.534
 -65.534
 -65.534
 -65.534
 -65.534
 -65.534
 -65.534
 -65.534
   0.687
   0.767
   0.769
   0.738
   0.723
   0.718
   0.711
   0.690
   0.631
   0.000
 -65.534
 -65.534
 -65.534
 -65.534
 -65.534
 -65.534
 -65.534
 -65.534
 -65.534
 -65.534
 -65.534
 -65.534
 -65.534
 -65.534
 -65.534
 -65.534
 -65.534
 -65.534
 -65.534
 -65.534
 -65.534
 -65.534
 -65.534
 -65.534
 -65.534
 -65.534
 -65.534
 -65.534
 -65.534
 -65.534
 -65.534
 -65.534
 -65.534
 -65.534
 -65.534
 -65.534
 -65.534
 -65.534
 -65.534
 -65.534
 -65.534
 -65.534
 -65.534
 -65.534
 -65.534
 -65.534
 -65.534
 -65.534
 -65.534
 -65.534
 -65.534
 -65.534
 -65.534
 -65.534
 -65.534
 -65.534
 -65.534
 -65.534
 -65.534
 -65.534
 -65.534
   0.000
   0.000
   0.000
   0.000
   0.000
   0.000
   0.000
 -65.534
