 -65.534
   0.000
   0.000
   0.000
   0.000
   0.000
   0.000
   0.000
   0.000
   0.000
   0.000
   0.000
   0.000
   0.000
   0.000
   0.000
   0.000
   0.000
   0.000
   0.000
   0.000
   0.000
   0.000
   0.000
   0.000
   0.000
   0.000
   0.000
   0.000
   0.000
   0.000
   0.000
   0.000
   0.000
   0.000
   0.000
   0.000
   0.000
   0.000
   0.000
   0.000
   0.000
   0.000
   0.000
   0.000
   0.000
   0.000
   0.000
   0.000
   0.000
   0.000
   0.000
   0.000
   0.000
   0.000
   0.000
   0.000
   0.000
   0.000
   0.000
   0.000
   0.000
   0.000
   0.000
   0.000
   0.000
   0.000
   0.000
 -65.534
   0.000
   1.019
   1.114
   1.143
   1.172
   1.202
   1.242
   1.290
   1.332
   1.365
   1.382
   1.391
   1.389
   1.383
   1.368
   1.353
   1.338
   1.335
   1.338
   1.334
   1.322
   1.304
   1.289
   1.256
   1.293
   1.350
   1.396
   1.430
   1.447
   1.460
   1.464
   1.487
   1.506
   1.525
   1.565
   1.580
   1.596
   1.578
   1.531
   1.472
   1.408
   1.351
   1.310
   1.259
   1.209
   1.159
   1.099
   1.028
   0.967
   0.918
   0.882
   0.864
   0.857
   0.862
   0.885
   0.916
   0.947
   0.980
   1.016
   1.056
   1.091
   1.122
   1.148
   1.169
   1.184
   1.201
   1.218
   1.207
   0.000
   0.000
   1.156
   1.256
   1.290
   1.324
   1.354
   1.392
   1.437
   1.481
   1.523
   1.555
   1.573
   1.578
   1.573
   1.557
   1.540
   1.523
   1.517
   1.521
   1.526
   1.529
   1.530
   1.541
   1.544
   1.580
   1.617
   1.640
   1.655
   1.660
   1.660
   1.665
   1.683
   1.708
   1.744
   1.793
   1.837
   1.867
   1.876
   1.851
   1.804
   1.752
   1.693
   1.634
   1.568
   1.495
   1.424
   1.350
   1.268
   1.191
   1.128
   1.074
   1.040
   1.024
   1.018
   1.027
   1.050
   1.080
   1.118
   1.165
   1.215
   1.263
   1.303
   1.340
   1.369
   1.396
   1.420
   1.444
   1.429
   0.000
   0.000
   1.181
   1.285
   1.323
   1.360
   1.390
   1.424
   1.463
   1.505
   1.550
   1.590
   1.618
   1.638
   1.647
   1.641
   1.632
   1.623
   1.622
   1.632
   1.649
   1.662
   1.679
   1.706
   1.735
   1.751
   1.767
   1.765
   1.752
   1.733
   1.725
   1.730
   1.747
   1.774
   1.829
   1.891
   1.947
   1.994
   2.009
   2.001
   1.970
   1.924
   1.865
   1.801
   1.726
   1.642
   1.559
   1.481
   1.394
   1.311
   1.238
   1.173
   1.128
   1.097
   1.083
   1.084
   1.097
   1.124
   1.160
   1.209
   1.259
   1.308
   1.355
   1.399
   1.437
   1.471
   1.500
   1.525
   1.511
   0.000
   0.000
   1.195
   1.294
   1.329
   1.366
   1.399
   1.428
   1.461
   1.499
   1.544
   1.586
   1.625
   1.656
   1.677
   1.688
   1.694
   1.699
   1.713
   1.733
   1.757
   1.779
   1.799
   1.829
   1.863
   1.873
   1.868
   1.847
   1.808
   1.764
   1.741
   1.740
   1.758
   1.789
   1.848
   1.925
   1.992
   2.050
   2.084
   2.078
   2.054
   2.020
   1.967
   1.903
   1.827
   1.743
   1.657
   1.571
   1.484
   1.399
   1.314
   1.242
   1.183
   1.144
   1.123
   1.113
   1.123
   1.139
   1.163
   1.199
   1.243
   1.289
   1.338
   1.388
   1.434
   1.478
   1.514
   1.546
   1.537
   0.000
   0.000
   1.205
   1.297
   1.328
   1.364
   1.393
   1.416
   1.444
   1.480
   1.521
   1.567
   1.608
   1.648
   1.680
   1.705
   1.724
   1.746
   1.773
   1.803
   1.832
   1.858
   1.874
   1.905
   1.929
   1.942
   1.927
   1.883
   1.815
   1.746
   1.708
   1.707
   1.726
   1.766
   1.835
   1.915
   1.990
   2.047
   2.089
   2.096
   2.080
   2.050
   2.010
   1.958
   1.892
   1.807
   1.716
   1.625
   1.540
   1.449
   1.358
   1.276
   1.211
   1.163
   1.135
   1.122
   1.123
   1.129
   1.144
   1.165
   1.192
   1.227
   1.271
   1.323
   1.378
   1.433
   1.480
   1.522
   1.526
   0.000
   0.000
   1.215
   1.301
   1.327
   1.357
   1.383
   1.406
   1.430
   1.457
   1.497
   1.539
   1.583
   1.623
   1.663
   1.695
   1.730
   1.765
   1.799
   1.832
   1.865
   1.888
   1.909
   1.941
   1.964
   1.963
   1.916
   1.850
   1.769
   1.685
   1.638
   1.643
   1.667
   1.723
   1.790
   1.876
   1.948
   2.013
   2.048
   2.063
   2.054
   2.036
   2.011
   1.968
   1.904
   1.822
   1.742
   1.654
   1.567
   1.472
   1.378
   1.288
   1.218
   1.165
   1.130
   1.113
   1.105
   1.106
   1.106
   1.111
   1.122
   1.146
   1.180
   1.225
   1.280
   1.345
   1.407
   1.465
   1.488
   0.000
   0.000
   1.218
   1.304
   1.329
   1.356
   1.376
   1.395
   1.414
   1.438
   1.471
   1.510
   1.552
   1.593
   1.633
   1.673
   1.714
   1.756
   1.793
   1.826
   1.855
   1.878
   1.894
   1.917
   1.926
   1.903
   1.841
   1.763
   1.669
   1.582
   1.537
   1.550
   1.589
   1.654
   1.729
   1.820
   1.886
   1.944
   1.983
   1.997
   1.993
   1.983
   1.963
   1.927
   1.879
   1.810
   1.729
   1.651
   1.565
   1.470
   1.373
   1.282
   1.207
   1.153
   1.113
   1.091
   1.077
   1.065
   1.055
   1.047
   1.046
   1.052
   1.075
   1.114
   1.168
   1.238
   1.310
   1.378
   1.421
   0.000
   0.000
   1.201
   1.301
   1.330
   1.357
   1.374
   1.388
   1.399
   1.417
   1.445
   1.479
   1.517
   1.557
   1.597
   1.639
   1.684
   1.724
   1.762
   1.793
   1.818
   1.837
   1.846
   1.854
   1.854
   1.815
   1.739
   1.650
   1.552
   1.463
   1.420
   1.443
   1.498
   1.573
   1.668
   1.758
   1.827
   1.878
   1.907
   1.921
   1.921
   1.912
   1.895
   1.864
   1.820
   1.770
   1.704
   1.627
   1.543
   1.453
   1.361
   1.275
   1.195
   1.136
   1.092
   1.063
   1.038
   1.014
   0.990
   0.967
   0.957
   0.950
   0.964
   0.994
   1.047
   1.120
   1.201
   1.278
   1.326
   0.000
   0.000
   1.160
   1.275
   1.318
   1.349
   1.366
   1.379
   1.388
   1.402
   1.421
   1.449
   1.482
   1.518
   1.557
   1.600
   1.643
   1.681
   1.715
   1.741
   1.762
   1.779
   1.786
   1.786
   1.777
   1.727
   1.643
   1.547
   1.440
   1.349
   1.319
   1.352
   1.416
   1.503
   1.612
   1.706
   1.775
   1.827
   1.856
   1.862
   1.859
   1.849
   1.831
   1.800
   1.760
   1.716
   1.664
   1.596
   1.518
   1.436
   1.350
   1.260
   1.186
   1.121
   1.067
   1.026
   0.987
   0.949
   0.909
   0.875
   0.851
   0.842
   0.850
   0.876
   0.930
   1.003
   1.090
   1.176
   1.236
   0.000
   0.000
   1.101
   1.232
   1.287
   1.330
   1.350
   1.361
   1.373
   1.387
   1.403
   1.425
   1.451
   1.484
   1.522
   1.562
   1.601
   1.635
   1.660
   1.683
   1.700
   1.712
   1.718
   1.719
   1.707
   1.656
   1.569
   1.463
   1.350
   1.276
   1.258
   1.293
   1.358
   1.448
   1.559
   1.662
   1.736
   1.785
   1.811
   1.816
   1.807
   1.797
   1.777
   1.745
   1.708
   1.660
   1.607
   1.552
   1.485
   1.414
   1.327
   1.235
   1.166
   1.095
   1.028
   0.969
   0.919
   0.865
   0.809
   0.767
   0.739
   0.727
   0.736
   0.768
   0.825
   0.905
   0.997
   1.088
   1.157
   0.000
   0.000
   1.042
   1.184
   1.251
   1.301
   1.326
   1.341
   1.355
   1.367
   1.383
   1.400
   1.423
   1.456
   1.493
   1.533
   1.568
   1.595
   1.613
   1.627
   1.639
   1.651
   1.659
   1.664
   1.661
   1.615
   1.537
   1.441
   1.338
   1.270
   1.252
   1.284
   1.344
   1.431
   1.541
   1.641
   1.715
   1.759
   1.781
   1.777
   1.765
   1.751
   1.727
   1.691
   1.646
   1.599
   1.547
   1.498
   1.434
   1.371
   1.288
   1.202
   1.132
   1.055
   0.976
   0.898
   0.824
   0.753
   0.692
   0.644
   0.615
   0.608
   0.628
   0.673
   0.744
   0.836
   0.934
   1.027
   1.097
   0.000
   0.000
   0.967
   1.137
   1.204
   1.259
   1.291
   1.309
   1.327
   1.341
   1.356
   1.375
   1.397
   1.427
   1.463
   1.502
   1.535
   1.555
   1.569
   1.577
   1.588
   1.602
   1.615
   1.629
   1.634
   1.605
   1.544
   1.469
   1.383
   1.316
   1.286
   1.317
   1.365
   1.442
   1.545
   1.635
   1.698
   1.739
   1.752
   1.741
   1.721
   1.700
   1.670
   1.633
   1.585
   1.533
   1.479
   1.430
   1.372
   1.312
   1.241
   1.165
   1.095
   1.012
   0.916
   0.818
   0.720
   0.630
   0.564
   0.518
   0.495
   0.499
   0.532
   0.597
   0.690
   0.793
   0.897
   0.988
   1.054
   0.000
 -65.534
 -65.534
   1.001
   1.135
   1.185
   1.227
   1.258
   1.283
   1.303
   1.323
   1.345
   1.367
   1.393
   1.424
   1.459
   1.490
   1.508
   1.519
   1.527
   1.539
   1.554
   1.569
   1.589
   1.605
   1.592
   1.559
   1.509
   1.442
   1.374
   1.346
   1.357
   1.387
   1.461
   1.553
   1.628
   1.670
   1.699
   1.702
   1.685
   1.660
   1.629
   1.594
   1.553
   1.506
   1.455
   1.402
   1.352
   1.298
   1.239
   1.176
   1.110
   1.033
   0.942
   0.832
   0.722
   0.612
   0.511
   0.442
   0.402
   0.389
   0.403
   0.454
   0.545
   0.656
   0.771
   0.875
   0.964
   1.025
   0.000
 -65.534
 -65.534
 -65.534
   0.964
   1.086
   1.140
   1.188
   1.227
   1.254
   1.276
   1.301
   1.323
   1.346
   1.370
   1.398
   1.424
   1.445
   1.457
   1.467
   1.478
   1.494
   1.514
   1.537
   1.562
   1.571
   1.563
   1.540
   1.496
   1.439
   1.398
   1.392
   1.413
   1.469
   1.522
   1.552
   1.624
   1.647
   1.634
   1.612
   1.581
   1.539
   1.495
   1.445
   1.396
   1.346
   1.293
   1.246
   1.195
   1.141
   1.084
   1.024
   0.947
   0.851
   0.734
   0.611
   0.501
   0.409
   0.342
   0.306
   0.300
   0.328
   0.398
   0.503
   0.625
   0.742
   0.845
   0.936
   0.996
   0.000
 -65.534
 -65.534
 -65.534
 -65.534
   0.923
   1.038
   1.105
   1.152
   1.187
   1.215
   1.241
   1.266
   1.286
   1.307
   1.333
   1.353
   1.370
   1.382
   1.392
   1.402
   1.416
   1.437
   1.465
   1.495
   1.522
   1.539
   1.542
   1.519
   1.476
   1.435
   1.413
   1.415
   1.436
   1.464
   1.485
   1.521
   1.517
   1.546
   1.524
   1.481
   1.435
   1.379
   1.317
   1.259
   1.203
   1.153
   1.104
   1.056
   1.009
   0.955
   0.904
   0.828
   0.733
   0.624
   0.509
   0.407
   0.329
   0.272
   0.243
   0.249
   0.289
   0.368
   0.476
   0.593
   0.703
   0.804
   0.894
   0.953
   0.000
 -65.534
 -65.534
 -65.534
 -65.534
   0.816
   0.940
   1.010
   1.060
   1.099
   1.134
   1.168
   1.199
   1.224
   1.248
   1.271
   1.287
   1.301
   1.308
   1.313
   1.318
   1.328
   1.345
   1.370
   1.403
   1.438
   1.468
   1.487
   1.485
   1.460
   1.428
   1.402
   1.384
   1.385
   1.390
   1.396
   1.399
   1.394
   1.401
   1.361
   1.340
   1.290
   1.222
   1.150
   1.082
   1.022
   0.973
   0.924
   0.882
   0.839
   0.797
   0.747
   0.682
   0.605
   0.511
   0.423
   0.346
   0.285
   0.243
   0.228
   0.244
   0.294
   0.369
   0.463
   0.560
   0.652
   0.741
   0.827
   0.890
   0.000
 -65.534
 -65.534
 -65.534
 -65.534
   0.736
   0.852
   0.923
   0.971
   1.007
   1.049
   1.092
   1.128
   1.160
   1.188
   1.211
   1.225
   1.231
   1.234
   1.235
   1.234
   1.235
   1.247
   1.261
   1.285
   1.313
   1.341
   1.368
   1.380
   1.373
   1.358
   1.336
   1.312
   1.297
   1.288
   1.280
   1.268
   1.255
   1.230
   1.188
   1.145
   1.082
   0.997
   0.928
   0.858
   0.797
   0.750
   0.708
   0.670
   0.638
   0.604
   0.560
   0.514
   0.458
   0.397
   0.344
   0.297
   0.264
   0.248
   0.253
   0.282
   0.328
   0.389
   0.458
   0.525
   0.595
   0.673
   0.749
   0.817
   0.000
 -65.534
 -65.534
 -65.534
 -65.534
   0.623
   0.735
   0.808
   0.865
   0.927
   0.965
   1.011
   1.052
   1.087
   1.123
   1.147
   1.158
   1.162
   1.164
   1.159
   1.155
   1.151
   1.152
   1.155
   1.163
   1.176
   1.191
   1.208
   1.220
   1.225
   1.222
   1.210
   1.187
   1.168
   1.148
   1.127
   1.105
   1.081
   1.042
   0.988
   0.920
   0.837
   0.741
   0.656
   0.586
   0.537
   0.501
   0.472
   0.439
   0.411
   0.384
   0.356
   0.326
   0.297
   0.266
   0.241
   0.229
   0.232
   0.247
   0.276
   0.317
   0.366
   0.411
   0.451
   0.495
   0.550
   0.618
   0.697
   0.763
   0.000
 -65.534
 -65.534
 -65.534
 -65.534
 -65.534
 -65.534
 -65.534
 -65.534
   0.755
   0.853
   0.913
   0.960
   1.003
   1.041
   1.071
   1.087
   1.094
   1.094
   1.092
   1.089
   1.079
   1.070
   1.062
   1.053
   1.046
   1.040
   1.040
   1.041
   1.044
   1.045
   1.037
   1.020
   0.998
   0.973
   0.941
   0.909
   0.869
   0.820
   0.756
   0.677
   0.584
   0.481
   0.383
   0.312
   0.276
   0.252
   0.227
   0.207
   0.193
   0.176
   0.159
   0.143
   0.133
   0.126
   0.130
   0.149
   0.182
   0.221
   0.271
   0.326
   0.374
   0.413
   0.438
   0.472
   0.520
   0.587
   0.666
   0.732
   0.000
 -65.534
 -65.534
 -65.534
 -65.534
 -65.534
 -65.534
   0.272
   0.364
   0.612
   0.737
   0.805
   0.862
   0.916
   0.962
   0.994
   1.017
   1.031
   1.038
   1.039
   1.035
   1.026
   1.010
   0.992
   0.969
   0.944
   0.921
   0.900
   0.889
   0.881
   0.876
   0.863
   0.842
   0.812
   0.775
   0.732
   0.687
   0.638
   0.576
   0.505
   0.423
   0.332
   0.235
   0.142
   0.075
   0.045
   0.026
   0.017
   0.015
   0.006
  -0.006
  -0.014
  -0.013
  -0.007
   0.009
   0.035
   0.073
   0.121
   0.180
   0.244
   0.303
   0.353
   0.386
   0.409
   0.440
   0.493
   0.560
   0.640
   0.708
   0.000
 -65.534
 -65.534
 -65.534
 -65.534
 -65.534
 -65.534
 -65.534
 -65.534
 -65.534
   0.558
   0.651
   0.725
   0.788
   0.844
   0.895
   0.959
   0.983
   1.000
   1.002
   0.991
   0.981
   0.964
   0.943
   0.917
   0.887
   0.850
   0.816
   0.790
   0.768
   0.750
   0.726
   0.692
   0.651
   0.601
   0.542
   0.481
   0.416
   0.348
   0.272
   0.194
   0.112
   0.031
  -0.048
  -0.110
  -0.137
  -0.147
  -0.143
  -0.134
  -0.129
  -0.123
  -0.113
  -0.097
  -0.077
  -0.051
  -0.016
   0.029
   0.084
   0.150
   0.218
   0.273
   0.314
   0.344
   0.373
   0.410
   0.464
   0.531
   0.613
   0.684
   0.000
 -65.534
 -65.534
 -65.534
 -65.534
 -65.534
 -65.534
 -65.534
 -65.534
 -65.534
 -65.534
 -65.534
 -65.534
 -65.534
 -65.534
 -65.534
   0.751
   0.866
   0.917
   0.935
   0.939
   0.938
   0.929
   0.915
   0.895
   0.865
   0.828
   0.789
   0.751
   0.718
   0.684
   0.645
   0.597
   0.541
   0.478
   0.405
   0.328
   0.251
   0.172
   0.097
   0.024
  -0.045
  -0.110
  -0.171
  -0.226
  -0.257
  -0.267
  -0.255
  -0.234
  -0.213
  -0.192
  -0.169
  -0.144
  -0.113
  -0.080
  -0.036
   0.014
   0.073
   0.136
   0.197
   0.239
   0.269
   0.299
   0.334
   0.379
   0.433
   0.504
   0.590
   0.655
   0.000
 -65.534
 -65.534
 -65.534
 -65.534
 -65.534
 -65.534
 -65.534
 -65.534
 -65.534
 -65.534
 -65.534
 -65.534
 -65.534
 -65.534
 -65.534
 -65.534
 -65.534
 -65.534
 -65.534
   0.737
   0.847
   0.888
   0.902
   0.901
   0.879
   0.845
   0.808
   0.768
   0.726
   0.680
   0.626
   0.565
   0.499
   0.425
   0.346
   0.261
   0.176
   0.091
   0.013
  -0.056
  -0.115
  -0.169
  -0.221
  -0.265
  -0.303
  -0.320
  -0.315
  -0.289
  -0.256
  -0.223
  -0.189
  -0.155
  -0.119
  -0.078
  -0.031
   0.024
   0.082
   0.138
   0.184
   0.212
   0.233
   0.264
   0.302
   0.349
   0.410
   0.483
   0.567
   0.627
   0.000
 -65.534
 -65.534
 -65.534
 -65.534
 -65.534
 -65.534
 -65.534
 -65.534
 -65.534
 -65.534
 -65.534
 -65.534
 -65.534
 -65.534
 -65.534
 -65.534
 -65.534
 -65.534
   0.429
   0.719
   0.825
   0.878
   0.912
   0.929
   0.919
   0.890
   0.857
   0.820
   0.777
   0.726
   0.668
   0.601
   0.526
   0.449
   0.367
   0.284
   0.200
   0.117
   0.037
  -0.035
  -0.094
  -0.144
  -0.183
  -0.223
  -0.261
  -0.294
  -0.304
  -0.288
  -0.255
  -0.216
  -0.173
  -0.132
  -0.091
  -0.049
  -0.002
   0.050
   0.105
   0.154
   0.187
   0.205
   0.225
   0.254
   0.289
   0.340
   0.399
   0.469
   0.548
   0.596
   0.000
 -65.534
 -65.534
 -65.534
 -65.534
 -65.534
 -65.534
 -65.534
 -65.534
 -65.534
 -65.534
 -65.534
 -65.534
 -65.534
 -65.534
 -65.534
 -65.534
 -65.534
   0.453
   0.628
   0.777
   0.855
   0.903
   0.944
   0.972
   0.972
   0.952
   0.925
   0.893
   0.854
   0.809
   0.753
   0.687
   0.612
   0.534
   0.454
   0.372
   0.290
   0.208
   0.133
   0.064
   0.004
  -0.039
  -0.071
  -0.095
  -0.129
  -0.172
  -0.210
  -0.219
  -0.197
  -0.161
  -0.121
  -0.077
  -0.039
   0.001
   0.044
   0.093
   0.143
   0.184
   0.207
   0.220
   0.233
   0.256
   0.289
   0.336
   0.392
   0.454
   0.524
   0.564
   0.000
 -65.534
 -65.534
 -65.534
 -65.534
 -65.534
 -65.534
 -65.534
 -65.534
 -65.534
 -65.534
 -65.534
 -65.534
 -65.534
 -65.534
 -65.534
 -65.534
 -65.534
   0.628
   0.744
   0.839
   0.899
   0.948
   0.993
   1.028
   1.035
   1.023
   1.003
   0.977
   0.946
   0.911
   0.863
   0.801
   0.733
   0.659
   0.576
   0.496
   0.415
   0.335
   0.259
   0.194
   0.140
   0.101
   0.077
   0.065
   0.043
  -0.002
  -0.053
  -0.080
  -0.082
  -0.059
  -0.030
  -0.004
   0.023
   0.057
   0.089
   0.128
   0.177
   0.216
   0.234
   0.243
   0.254
   0.272
   0.300
   0.335
   0.383
   0.442
   0.498
   0.518
   0.000
 -65.534
 -65.534
 -65.534
 -65.534
 -65.534
 -65.534
 -65.534
 -65.534
 -65.534
 -65.534
 -65.534
 -65.534
 -65.534
 -65.534
 -65.534
 -65.534
 -65.534
   0.720
   0.818
   0.885
   0.945
   1.002
   1.055
   1.097
   1.112
   1.103
   1.085
   1.064
   1.039
   1.014
   0.976
   0.924
   0.863
   0.791
   0.711
   0.631
   0.548
   0.467
   0.393
   0.330
   0.282
   0.250
   0.233
   0.221
   0.202
   0.162
   0.117
   0.082
   0.067
   0.072
   0.088
   0.104
   0.125
   0.143
   0.162
   0.186
   0.219
   0.248
   0.269
   0.279
   0.288
   0.304
   0.322
   0.351
   0.381
   0.424
   0.460
   0.476
   0.000
 -65.534
 -65.534
 -65.534
 -65.534
 -65.534
 -65.534
 -65.534
 -65.534
 -65.534
 -65.534
 -65.534
 -65.534
 -65.534
 -65.534
 -65.534
 -65.534
 -65.534
   0.782
   0.863
   0.928
   0.993
   1.064
   1.132
   1.178
   1.192
   1.190
   1.176
   1.158
   1.141
   1.117
   1.088
   1.043
   0.988
   0.923
   0.847
   0.768
   0.685
   0.605
   0.530
   0.471
   0.431
   0.404
   0.388
   0.374
   0.351
   0.320
   0.280
   0.243
   0.216
   0.206
   0.207
   0.213
   0.224
   0.230
   0.233
   0.240
   0.253
   0.276
   0.293
   0.307
   0.319
   0.330
   0.345
   0.364
   0.384
   0.410
   0.435
   0.435
   0.000
 -65.534
 -65.534
 -65.534
 -65.534
 -65.534
 -65.534
 -65.534
 -65.534
 -65.534
 -65.534
 -65.534
 -65.534
 -65.534
 -65.534
 -65.534
 -65.534
 -65.534
 -65.534
   0.876
   0.963
   1.048
   1.133
   1.206
   1.254
   1.269
   1.269
   1.264
   1.252
   1.241
   1.228
   1.206
   1.165
   1.114
   1.053
   0.984
   0.906
   0.823
   0.741
   0.670
   0.614
   0.578
   0.553
   0.538
   0.524
   0.505
   0.473
   0.437
   0.400
   0.369
   0.347
   0.339
   0.329
   0.326
   0.320
   0.310
   0.300
   0.303
   0.313
   0.323
   0.337
   0.347
   0.357
   0.365
   0.376
   0.389
   0.397
   0.405
   0.392
   0.000
 -65.534
 -65.534
 -65.534
 -65.534
 -65.534
 -65.534
 -65.534
 -65.534
 -65.534
 -65.534
 -65.534
 -65.534
 -65.534
 -65.534
 -65.534
 -65.534
 -65.534
 -65.534
 -65.534
   0.967
   1.093
   1.195
   1.263
   1.304
   1.320
   1.324
   1.326
   1.329
   1.332
   1.334
   1.329
   1.299
   1.249
   1.190
   1.125
   1.059
   1.003
   0.917
   0.836
   0.769
   0.700
   0.664
   0.647
   0.642
   0.637
   0.625
   0.598
   0.563
   0.529
   0.500
   0.484
   0.462
   0.449
   0.435
   0.418
   0.400
   0.387
   0.382
   0.386
   0.390
   0.393
   0.394
   0.394
   0.394
   0.395
   0.390
   0.378
   0.342
   0.000
 -65.534
 -65.534
 -65.534
 -65.534
 -65.534
 -65.534
 -65.534
 -65.534
 -65.534
 -65.534
 -65.534
 -65.534
 -65.534
 -65.534
 -65.534
 -65.534
 -65.534
 -65.534
 -65.534
 -65.534
   1.077
   1.199
   1.277
   1.319
   1.350
   1.358
   1.368
   1.382
   1.404
   1.432
   1.447
   1.428
   1.379
   1.317
   1.253
   1.147
 -65.534
 -65.534
 -65.534
 -65.534
   0.588
   0.655
   0.682
   0.720
   0.755
   0.770
   0.761
   0.738
   0.705
   0.673
   0.643
   0.613
   0.586
   0.561
   0.531
   0.505
   0.484
   0.471
   0.458
   0.452
   0.448
   0.442
   0.432
   0.419
   0.402
   0.379
   0.356
   0.298
   0.000
 -65.534
 -65.534
 -65.534
 -65.534
 -65.534
 -65.534
 -65.534
 -65.534
 -65.534
 -65.534
 -65.534
 -65.534
 -65.534
 -65.534
 -65.534
 -65.534
 -65.534
 -65.534
 -65.534
 -65.534
 -65.534
 -65.534
 -65.534
 -65.534
   1.212
   1.323
   1.372
   1.408
   1.447
   1.491
   1.520
   1.512
   1.469
   1.407
   1.338
   1.214
 -65.534
 -65.534
 -65.534
 -65.534
 -65.534
 -65.534
   0.662
   0.756
   0.843
   0.891
   0.904
   0.890
   0.867
   0.832
   0.794
   0.758
   0.720
   0.682
   0.649
   0.615
   0.582
   0.556
   0.536
   0.519
   0.508
   0.495
   0.475
   0.449
   0.419
   0.382
   0.338
   0.266
   0.000
 -65.534
 -65.534
 -65.534
 -65.534
 -65.534
 -65.534
 -65.534
 -65.534
 -65.534
 -65.534
 -65.534
 -65.534
 -65.534
 -65.534
 -65.534
 -65.534
 -65.534
 -65.534
 -65.534
 -65.534
 -65.534
 -65.534
 -65.534
 -65.534
   1.100
   1.233
   1.310
   1.375
   1.436
   1.504
   1.534
   1.528
   1.491
   1.441
   1.382
   1.251
 -65.534
 -65.534
 -65.534
 -65.534
 -65.534
 -65.534
 -65.534
   0.785
   0.919
   1.003
   1.015
   1.010
   0.992
   0.963
   0.929
   0.891
   0.847
   0.806
   0.766
   0.728
   0.693
   0.661
   0.633
   0.608
   0.581
   0.552
   0.518
   0.479
   0.434
   0.384
   0.326
   0.239
   0.000
 -65.534
 -65.534
 -65.534
 -65.534
 -65.534
 -65.534
 -65.534
 -65.534
 -65.534
 -65.534
 -65.534
 -65.534
 -65.534
 -65.534
 -65.534
 -65.534
 -65.534
 -65.534
 -65.534
 -65.534
 -65.534
 -65.534
 -65.534
 -65.534
 -65.534
 -65.534
 -65.534
 -65.534
 -65.534
   1.223
   1.372
   1.417
   1.441
   1.424
   1.377
   1.277
   0.843
 -65.534
 -65.534
 -65.534
 -65.534
 -65.534
 -65.534
   0.827
   0.958
 -65.534
   0.925
   1.030
   1.052
   1.041
   1.017
   0.984
   0.941
   0.905
   0.870
   0.836
   0.806
   0.774
   0.737
   0.700
   0.660
   0.614
   0.566
   0.508
   0.446
   0.377
   0.304
   0.209
   0.000
 -65.534
 -65.534
 -65.534
 -65.534
 -65.534
 -65.534
 -65.534
 -65.534
 -65.534
 -65.534
 -65.534
 -65.534
 -65.534
 -65.534
 -65.534
 -65.534
 -65.534
 -65.534
 -65.534
 -65.534
 -65.534
 -65.534
 -65.534
 -65.534
 -65.534
 -65.534
 -65.534
 -65.534
 -65.534
 -65.534
 -65.534
 -65.534
   1.172
   1.312
   1.321
   1.243
   1.040
   0.729
 -65.534
 -65.534
 -65.534
 -65.534
 -65.534
 -65.534
 -65.534
 -65.534
 -65.534
 -65.534
 -65.534
   0.888
   0.995
   1.012
   1.003
   0.976
   0.951
   0.916
   0.885
   0.850
   0.808
   0.762
   0.713
   0.660
   0.598
   0.531
   0.459
   0.384
   0.301
   0.203
   0.000
 -65.534
 -65.534
 -65.534
 -65.534
 -65.534
 -65.534
 -65.534
 -65.534
 -65.534
 -65.534
 -65.534
 -65.534
 -65.534
 -65.534
 -65.534
 -65.534
 -65.534
 -65.534
 -65.534
 -65.534
 -65.534
 -65.534
 -65.534
 -65.534
 -65.534
 -65.534
 -65.534
 -65.534
 -65.534
 -65.534
 -65.534
 -65.534
   0.982
   1.135
   1.182
   1.139
   1.042
   0.896
   0.692
   0.537
 -65.534
 -65.534
 -65.534
 -65.534
 -65.534
 -65.534
 -65.534
 -65.534
 -65.534
 -65.534
 -65.534
 -65.534
   0.839
   0.936
   0.950
   0.935
   0.907
   0.871
   0.831
   0.785
   0.735
   0.682
   0.621
   0.554
   0.482
   0.409
   0.329
   0.228
   0.000
 -65.534
 -65.534
 -65.534
 -65.534
 -65.534
 -65.534
 -65.534
 -65.534
 -65.534
 -65.534
 -65.534
 -65.534
 -65.534
 -65.534
 -65.534
 -65.534
 -65.534
 -65.534
 -65.534
 -65.534
 -65.534
 -65.534
 -65.534
 -65.534
 -65.534
 -65.534
 -65.534
 -65.534
 -65.534
 -65.534
 -65.534
 -65.534
 -65.534
 -65.534
 -65.534
 -65.534
   0.754
   0.802
   0.760
   0.693
   0.565
   0.498
   0.462
   0.448
   0.438
 -65.534
 -65.534
 -65.534
 -65.534
 -65.534
 -65.534
 -65.534
 -65.534
 -65.534
 -65.534
   0.754
   0.845
   0.852
   0.828
   0.791
   0.747
   0.694
   0.637
   0.578
   0.518
   0.451
   0.376
   0.279
   0.000
 -65.534
 -65.534
 -65.534
 -65.534
 -65.534
 -65.534
 -65.534
 -65.534
 -65.534
 -65.534
 -65.534
 -65.534
 -65.534
 -65.534
 -65.534
 -65.534
 -65.534
 -65.534
 -65.534
 -65.534
 -65.534
 -65.534
 -65.534
 -65.534
 -65.534
 -65.534
 -65.534
 -65.534
 -65.534
 -65.534
 -65.534
 -65.534
 -65.534
 -65.534
 -65.534
 -65.534
 -65.534
 -65.534
 -65.534
 -65.534
   0.482
 -65.534
 -65.534
 -65.534
 -65.534
 -65.534
 -65.534
 -65.534
 -65.534
 -65.534
 -65.534
 -65.534
 -65.534
 -65.534
 -65.534
   0.710
   0.809
   0.827
   0.814
   0.779
   0.741
   0.690
   0.635
   0.585
   0.536
   0.484
   0.424
   0.334
   0.000
 -65.534
 -65.534
 -65.534
 -65.534
 -65.534
 -65.534
 -65.534
 -65.534
 -65.534
 -65.534
 -65.534
 -65.534
 -65.534
 -65.534
 -65.534
 -65.534
 -65.534
 -65.534
 -65.534
 -65.534
 -65.534
 -65.534
 -65.534
 -65.534
 -65.534
 -65.534
 -65.534
 -65.534
 -65.534
 -65.534
 -65.534
 -65.534
 -65.534
 -65.534
 -65.534
 -65.534
 -65.534
 -65.534
 -65.534
 -65.534
 -65.534
 -65.534
 -65.534
 -65.534
 -65.534
 -65.534
 -65.534
 -65.534
 -65.534
 -65.534
 -65.534
 -65.534
 -65.534
 -65.534
 -65.534
 -65.534
 -65.534
 -65.534
 -65.534
   0.659
   0.692
   0.661
   0.611
   0.576
   0.553
   0.532
   0.499
   0.417
   0.000
 -65.534
 -65.534
 -65.534
 -65.534
 -65.534
 -65.534
 -65.534
 -65.534
 -65.534
 -65.534
 -65.534
 -65.534
 -65.534
 -65.534
 -65.534
 -65.534
 -65.534
 -65.534
 -65.534
 -65.534
 -65.534
 -65.534
 -65.534
 -65.534
 -65.534
 -65.534
 -65.534
 -65.534
 -65.534
 -65.534
 -65.534
 -65.534
 -65.534
 -65.534
 -65.534
 -65.534
 -65.534
 -65.534
 -65.534
 -65.534
 -65.534
 -65.534
 -65.534
 -65.534
 -65.534
 -65.534
 -65.534
 -65.534
 -65.534
 -65.534
 -65.534
 -65.534
 -65.534
 -65.534
 -65.534
 -65.534
 -65.534
 -65.534
 -65.534
 -65.534
 -65.534
   0.000
   0.000
   0.000
   0.000
   0.000
   0.000
   0.000
 -65.534
