 -65.534
   0.000
   0.000
   0.000
   0.000
   0.000
   0.000
   0.000
   0.000
   0.000
   0.000
   0.000
   0.000
   0.000
   0.000
   0.000
   0.000
   0.000
   0.000
   0.000
   0.000
   0.000
   0.000
   0.000
   0.000
   0.000
   0.000
   0.000
   0.000
   0.000
   0.000
   0.000
   0.000
   0.000
   0.000
   0.000
   0.000
   0.000
   0.000
   0.000
   0.000
   0.000
   0.000
   0.000
   0.000
   0.000
   0.000
   0.000
   0.000
   0.000
   0.000
   0.000
   0.000
   0.000
   0.000
   0.000
   0.000
   0.000
   0.000
   0.000
   0.000
   0.000
   0.000
   0.000
   0.000
   0.000
   0.000
   0.000
 -65.534
   0.000
   1.058
   1.155
   1.224
   1.317
   1.409
   1.485
   1.540
   1.581
   1.616
   1.651
   1.690
   1.731
   1.766
   1.796
   1.828
   1.845
   1.856
   1.860
   1.859
   1.858
   1.859
   1.858
   1.865
   1.857
   1.840
   1.825
   1.818
   1.790
   1.753
   1.717
   1.689
   1.668
   1.656
   1.652
   1.639
   1.629
   1.616
   1.587
   1.539
   1.499
   1.457
   1.409
   1.334
   1.252
   1.169
   1.095
   1.040
   0.999
   0.962
   0.930
   0.905
   0.883
   0.866
   0.870
   0.866
   0.868
   0.882
   0.901
   0.930
   0.954
   0.972
   0.984
   0.992
   0.986
   0.979
   0.971
   0.941
   0.000
   0.000
   1.203
   1.311
   1.385
   1.482
   1.581
   1.674
   1.749
   1.811
   1.863
   1.914
   1.962
   2.008
   2.049
   2.080
   2.101
   2.114
   2.122
   2.119
   2.110
   2.096
   2.083
   2.079
   2.079
   2.072
   2.058
   2.046
   2.035
   2.022
   2.002
   1.980
   1.964
   1.953
   1.949
   1.951
   1.950
   1.944
   1.931
   1.902
   1.864
   1.817
   1.764
   1.691
   1.600
   1.491
   1.389
   1.300
   1.229
   1.172
   1.121
   1.075
   1.039
   1.017
   1.008
   1.007
   1.012
   1.022
   1.042
   1.067
   1.100
   1.129
   1.154
   1.174
   1.189
   1.194
   1.189
   1.179
   1.139
   0.000
   0.000
   1.269
   1.382
   1.453
   1.536
   1.623
   1.711
   1.791
   1.860
   1.923
   1.983
   2.042
   2.096
   2.139
   2.168
   2.186
   2.193
   2.197
   2.195
   2.184
   2.171
   2.156
   2.146
   2.141
   2.132
   2.119
   2.107
   2.099
   2.090
   2.082
   2.078
   2.080
   2.085
   2.097
   2.106
   2.113
   2.112
   2.095
   2.069
   2.028
   1.979
   1.912
   1.830
   1.730
   1.614
   1.502
   1.409
   1.329
   1.263
   1.202
   1.145
   1.099
   1.070
   1.062
   1.065
   1.076
   1.092
   1.111
   1.136
   1.163
   1.194
   1.223
   1.252
   1.276
   1.288
   1.288
   1.282
   1.234
   0.000
   0.000
   1.335
   1.459
   1.518
   1.585
   1.653
   1.720
   1.791
   1.858
   1.924
   1.985
   2.045
   2.099
   2.143
   2.169
   2.182
   2.185
   2.187
   2.188
   2.187
   2.181
   2.172
   2.165
   2.161
   2.151
   2.139
   2.130
   2.120
   2.113
   2.113
   2.125
   2.142
   2.165
   2.194
   2.217
   2.227
   2.224
   2.210
   2.176
   2.137
   2.086
   2.015
   1.926
   1.823
   1.708
   1.595
   1.495
   1.410
   1.337
   1.267
   1.204
   1.153
   1.117
   1.103
   1.104
   1.114
   1.130
   1.146
   1.167
   1.193
   1.224
   1.258
   1.295
   1.328
   1.352
   1.361
   1.359
   1.310
   0.000
   0.000
   1.382
   1.528
   1.585
   1.638
   1.688
   1.742
   1.797
   1.853
   1.907
   1.962
   2.012
   2.057
   2.090
   2.112
   2.121
   2.126
   2.129
   2.138
   2.148
   2.151
   2.147
   2.149
   2.152
   2.146
   2.138
   2.132
   2.124
   2.117
   2.123
   2.146
   2.177
   2.214
   2.253
   2.286
   2.298
   2.296
   2.277
   2.244
   2.200
   2.150
   2.083
   1.998
   1.896
   1.784
   1.671
   1.567
   1.479
   1.402
   1.330
   1.260
   1.205
   1.165
   1.144
   1.138
   1.143
   1.152
   1.166
   1.184
   1.208
   1.241
   1.283
   1.326
   1.371
   1.406
   1.426
   1.430
   1.380
   0.000
   0.000
   1.408
   1.581
   1.645
   1.697
   1.739
   1.778
   1.821
   1.864
   1.905
   1.946
   1.983
   2.015
   2.037
   2.050
   2.056
   2.058
   2.065
   2.077
   2.093
   2.103
   2.110
   2.119
   2.129
   2.130
   2.127
   2.124
   2.117
   2.113
   2.123
   2.154
   2.193
   2.239
   2.282
   2.318
   2.334
   2.332
   2.308
   2.276
   2.236
   2.189
   2.129
   2.051
   1.952
   1.843
   1.734
   1.631
   1.538
   1.458
   1.383
   1.314
   1.255
   1.213
   1.186
   1.174
   1.171
   1.175
   1.183
   1.197
   1.220
   1.255
   1.299
   1.348
   1.399
   1.446
   1.480
   1.497
   1.450
   0.000
   0.000
   1.414
   1.614
   1.696
   1.753
   1.792
   1.825
   1.859
   1.892
   1.925
   1.956
   1.982
   2.002
   2.012
   2.017
   2.016
   2.015
   2.019
   2.031
   2.046
   2.060
   2.071
   2.088
   2.105
   2.115
   2.113
   2.112
   2.105
   2.102
   2.113
   2.147
   2.187
   2.236
   2.275
   2.310
   2.326
   2.325
   2.307
   2.279
   2.247
   2.212
   2.159
   2.089
   2.002
   1.900
   1.793
   1.691
   1.596
   1.507
   1.429
   1.361
   1.301
   1.258
   1.231
   1.215
   1.206
   1.204
   1.205
   1.213
   1.235
   1.265
   1.308
   1.362
   1.419
   1.475
   1.518
   1.546
   1.511
   0.000
   0.000
   1.397
   1.620
   1.722
   1.796
   1.844
   1.879
   1.910
   1.941
   1.968
   1.992
   2.009
   2.016
   2.016
   2.010
   2.003
   1.996
   1.994
   2.001
   2.015
   2.032
   2.048
   2.068
   2.092
   2.104
   2.101
   2.094
   2.086
   2.082
   2.093
   2.124
   2.166
   2.209
   2.248
   2.282
   2.298
   2.300
   2.289
   2.269
   2.252
   2.227
   2.185
   2.122
   2.046
   1.956
   1.855
   1.755
   1.659
   1.566
   1.482
   1.411
   1.348
   1.301
   1.272
   1.256
   1.243
   1.234
   1.227
   1.228
   1.248
   1.275
   1.318
   1.368
   1.428
   1.489
   1.543
   1.584
   1.556
   0.000
   0.000
   1.361
   1.595
   1.716
   1.808
   1.872
   1.920
   1.961
   1.995
   2.024
   2.045
   2.053
   2.052
   2.043
   2.027
   2.010
   1.996
   1.987
   1.985
   1.996
   2.015
   2.036
   2.062
   2.088
   2.096
   2.087
   2.077
   2.061
   2.054
   2.066
   2.097
   2.137
   2.179
   2.223
   2.260
   2.280
   2.288
   2.284
   2.270
   2.260
   2.248
   2.216
   2.166
   2.096
   2.016
   1.925
   1.827
   1.732
   1.640
   1.552
   1.467
   1.401
   1.350
   1.312
   1.291
   1.273
   1.258
   1.247
   1.243
   1.256
   1.286
   1.324
   1.374
   1.435
   1.499
   1.559
   1.610
   1.593
   0.000
   0.000
   1.313
   1.547
   1.670
   1.774
   1.856
   1.922
   1.978
   2.025
   2.061
   2.089
   2.098
   2.094
   2.080
   2.060
   2.037
   2.013
   1.996
   1.986
   1.990
   2.007
   2.030
   2.059
   2.084
   2.090
   2.079
   2.060
   2.040
   2.039
   2.053
   2.083
   2.123
   2.168
   2.216
   2.258
   2.285
   2.297
   2.295
   2.289
   2.284
   2.280
   2.256
   2.214
   2.156
   2.083
   1.993
   1.903
   1.810
   1.720
   1.630
   1.538
   1.472
   1.407
   1.355
   1.317
   1.293
   1.269
   1.253
   1.248
   1.261
   1.288
   1.328
   1.378
   1.442
   1.508
   1.575
   1.631
   1.622
   0.000
   0.000
   1.263
   1.487
   1.606
   1.709
   1.799
   1.887
   1.961
   2.021
   2.073
   2.116
   2.139
   2.140
   2.133
   2.117
   2.086
   2.055
   2.025
   2.007
   2.001
   2.012
   2.032
   2.059
   2.083
   2.091
   2.083
   2.067
   2.052
   2.050
   2.065
   2.096
   2.138
   2.184
   2.237
   2.282
   2.314
   2.327
   2.329
   2.322
   2.323
   2.321
   2.305
   2.271
   2.217
   2.147
   2.065
   1.976
   1.883
   1.792
   1.700
   1.610
   1.538
   1.468
   1.402
   1.346
   1.296
   1.259
   1.239
   1.233
   1.250
   1.283
   1.328
   1.386
   1.454
   1.529
   1.599
   1.658
   1.653
   0.000
   0.000
   1.182
   1.429
   1.539
   1.639
   1.734
   1.826
   1.912
   1.994
   2.062
   2.121
   2.151
   2.170
   2.178
   2.169
   2.144
   2.106
   2.067
   2.037
   2.020
   2.019
   2.032
   2.057
   2.084
   2.098
   2.099
   2.095
   2.085
   2.084
   2.098
   2.133
   2.176
   2.226
   2.281
   2.328
   2.360
   2.376
   2.378
   2.373
   2.372
   2.374
   2.360
   2.332
   2.284
   2.216
   2.136
   2.049
   1.952
   1.856
   1.765
   1.680
   1.607
   1.528
   1.447
   1.367
   1.294
   1.238
   1.212
   1.212
   1.233
   1.277
   1.333
   1.400
   1.476
   1.560
   1.636
   1.695
   1.685
   0.000
 -65.534
 -65.534
   1.284
   1.471
   1.570
   1.664
   1.758
   1.848
   1.934
   2.009
   2.075
   2.125
   2.154
   2.175
   2.183
   2.168
   2.136
   2.096
   2.056
   2.031
   2.019
   2.026
   2.047
   2.077
   2.103
   2.120
   2.132
   2.134
   2.136
   2.152
   2.185
   2.226
   2.283
   2.342
   2.386
   2.411
   2.427
   2.429
   2.426
   2.425
   2.426
   2.417
   2.397
   2.351
   2.291
   2.210
   2.119
   2.019
   1.913
   1.819
   1.733
   1.651
   1.567
   1.471
   1.372
   1.283
   1.216
   1.188
   1.194
   1.229
   1.282
   1.349
   1.433
   1.520
   1.607
   1.684
   1.744
   1.731
   0.000
 -65.534
 -65.534
 -65.534
   1.313
   1.505
   1.598
   1.693
   1.780
   1.858
   1.931
   1.993
   2.050
   2.090
   2.125
   2.147
   2.150
   2.135
   2.102
   2.064
   2.030
   2.012
   2.011
   2.031
   2.067
   2.105
   2.142
   2.171
   2.189
   2.198
   2.212
   2.242
   2.286
   2.341
   2.389
   2.419
   2.463
   2.479
   2.479
   2.476
   2.475
   2.475
   2.470
   2.451
   2.413
   2.353
   2.275
   2.184
   2.083
   1.972
   1.866
   1.773
   1.681
   1.586
   1.474
   1.360
   1.268
   1.206
   1.178
   1.190
   1.233
   1.300
   1.382
   1.471
   1.566
   1.659
   1.739
   1.801
   1.786
   0.000
 -65.534
 -65.534
 -65.534
 -65.534
   1.400
   1.529
   1.620
   1.704
   1.775
   1.840
   1.901
   1.948
   1.991
   2.029
   2.064
   2.085
   2.089
   2.073
   2.042
   2.010
   1.989
   1.988
   2.008
   2.047
   2.097
   2.151
   2.198
   2.229
   2.245
   2.262
   2.290
   2.326
   2.371
   2.414
   2.451
   2.484
   2.491
   2.515
   2.518
   2.517
   2.520
   2.517
   2.498
   2.460
   2.403
   2.330
   2.243
   2.141
   2.027
   1.911
   1.805
   1.697
   1.586
   1.471
   1.360
   1.270
   1.214
   1.192
   1.209
   1.259
   1.332
   1.419
   1.514
   1.610
   1.701
   1.781
   1.842
   1.821
   0.000
 -65.534
 -65.534
 -65.534
 -65.534
   1.316
   1.448
   1.539
   1.617
   1.685
   1.747
   1.801
   1.847
   1.886
   1.922
   1.954
   1.981
   1.998
   2.002
   1.985
   1.964
   1.952
   1.956
   1.977
   2.015
   2.066
   2.125
   2.182
   2.225
   2.252
   2.277
   2.303
   2.332
   2.369
   2.410
   2.449
   2.479
   2.499
   2.522
   2.525
   2.540
   2.547
   2.547
   2.531
   2.495
   2.439
   2.370
   2.291
   2.194
   2.080
   1.957
   1.833
   1.710
   1.592
   1.477
   1.379
   1.301
   1.253
   1.234
   1.250
   1.300
   1.371
   1.457
   1.549
   1.640
   1.723
   1.797
   1.855
   1.824
   0.000
 -65.534
 -65.534
 -65.534
 -65.534
   1.236
   1.357
   1.443
   1.519
   1.585
   1.646
   1.700
   1.743
   1.778
   1.811
   1.838
   1.862
   1.883
   1.898
   1.900
   1.895
   1.897
   1.902
   1.921
   1.954
   1.999
   2.054
   2.115
   2.166
   2.204
   2.237
   2.268
   2.296
   2.328
   2.366
   2.407
   2.446
   2.481
   2.506
   2.519
   2.531
   2.543
   2.542
   2.540
   2.509
   2.455
   2.392
   2.315
   2.220
   2.106
   1.980
   1.848
   1.719
   1.599
   1.495
   1.410
   1.347
   1.304
   1.289
   1.307
   1.350
   1.412
   1.489
   1.573
   1.653
   1.727
   1.793
   1.841
   1.804
   0.000
 -65.534
 -65.534
 -65.534
 -65.534
   1.096
   1.196
   1.276
   1.356
   1.460
   1.523
   1.581
   1.630
   1.669
   1.699
   1.723
   1.744
   1.763
   1.779
   1.791
   1.798
   1.810
   1.819
   1.831
   1.858
   1.893
   1.941
   1.997
   2.051
   2.098
   2.138
   2.175
   2.207
   2.242
   2.283
   2.325
   2.373
   2.415
   2.449
   2.473
   2.486
   2.493
   2.495
   2.492
   2.465
   2.423
   2.365
   2.294
   2.201
   2.092
   1.970
   1.845
   1.721
   1.611
   1.518
   1.441
   1.387
   1.356
   1.350
   1.367
   1.408
   1.460
   1.523
   1.591
   1.656
   1.719
   1.778
   1.826
   1.782
   0.000
 -65.534
 -65.534
 -65.534
 -65.534
 -65.534
 -65.534
 -65.534
 -65.534
   1.260
   1.369
   1.441
   1.503
   1.552
   1.586
   1.611
   1.631
   1.647
   1.663
   1.673
   1.685
   1.696
   1.705
   1.714
   1.735
   1.765
   1.804
   1.855
   1.905
   1.949
   1.992
   2.033
   2.068
   2.106
   2.150
   2.195
   2.248
   2.298
   2.340
   2.369
   2.390
   2.400
   2.402
   2.394
   2.372
   2.339
   2.287
   2.214
   2.133
   2.041
   1.934
   1.827
   1.721
   1.624
   1.542
   1.480
   1.440
   1.419
   1.419
   1.442
   1.477
   1.520
   1.566
   1.610
   1.662
   1.715
   1.770
   1.813
   1.770
   0.000
 -65.534
 -65.534
 -65.534
 -65.534
 -65.534
 -65.534
   0.621
   0.780
   1.084
   1.224
   1.308
   1.378
   1.433
   1.474
   1.501
   1.519
   1.537
   1.551
   1.560
   1.568
   1.573
   1.577
   1.589
   1.605
   1.624
   1.660
   1.704
   1.750
   1.793
   1.835
   1.874
   1.909
   1.945
   1.987
   2.033
   2.083
   2.134
   2.177
   2.212
   2.238
   2.252
   2.257
   2.252
   2.236
   2.208
   2.159
   2.102
   2.037
   1.958
   1.867
   1.783
   1.702
   1.627
   1.568
   1.525
   1.501
   1.494
   1.506
   1.530
   1.559
   1.583
   1.609
   1.635
   1.672
   1.718
   1.767
   1.810
   1.766
   0.000
 -65.534
 -65.534
 -65.534
 -65.534
 -65.534
 -65.534
 -65.534
 -65.534
 -65.534
   1.026
   1.119
   1.188
   1.243
   1.286
   1.327
   1.399
   1.419
   1.438
   1.454
   1.458
   1.454
   1.456
   1.463
   1.480
   1.501
   1.527
   1.560
   1.601
   1.638
   1.675
   1.713
   1.747
   1.783
   1.822
   1.862
   1.906
   1.950
   1.989
   2.023
   2.054
   2.074
   2.083
   2.080
   2.067
   2.046
   2.007
   1.959
   1.906
   1.844
   1.782
   1.726
   1.678
   1.634
   1.599
   1.580
   1.575
   1.585
   1.602
   1.621
   1.635
   1.641
   1.646
   1.659
   1.686
   1.722
   1.765
   1.803
   1.748
   0.000
 -65.534
 -65.534
 -65.534
 -65.534
 -65.534
 -65.534
 -65.534
 -65.534
 -65.534
 -65.534
 -65.534
 -65.534
 -65.534
 -65.534
 -65.534
   1.086
   1.187
   1.238
   1.282
   1.354
   1.353
   1.351
   1.355
   1.369
   1.386
   1.414
   1.446
   1.474
   1.505
   1.536
   1.569
   1.600
   1.630
   1.661
   1.698
   1.733
   1.771
   1.807
   1.849
   1.880
   1.901
   1.909
   1.904
   1.893
   1.874
   1.844
   1.804
   1.764
   1.723
   1.686
   1.659
   1.641
   1.629
   1.624
   1.632
   1.647
   1.666
   1.685
   1.696
   1.691
   1.679
   1.671
   1.676
   1.693
   1.719
   1.753
   1.786
   1.720
   0.000
 -65.534
 -65.534
 -65.534
 -65.534
 -65.534
 -65.534
 -65.534
 -65.534
 -65.534
 -65.534
 -65.534
 -65.534
 -65.534
 -65.534
 -65.534
 -65.534
 -65.534
 -65.534
 -65.534
   1.148
   1.225
   1.253
   1.268
   1.281
   1.298
   1.321
   1.353
   1.382
   1.408
   1.428
   1.453
   1.479
   1.504
   1.530
   1.563
   1.597
   1.631
   1.662
   1.694
   1.726
   1.747
   1.756
   1.750
   1.738
   1.718
   1.688
   1.657
   1.632
   1.614
   1.602
   1.601
   1.615
   1.631
   1.651
   1.677
   1.705
   1.729
   1.743
   1.742
   1.722
   1.698
   1.685
   1.681
   1.693
   1.713
   1.742
   1.767
   1.687
   0.000
 -65.534
 -65.534
 -65.534
 -65.534
 -65.534
 -65.534
 -65.534
 -65.534
 -65.534
 -65.534
 -65.534
 -65.534
 -65.534
 -65.534
 -65.534
 -65.534
 -65.534
 -65.534
   0.860
   1.088
   1.145
   1.179
   1.200
   1.220
   1.237
   1.257
   1.283
   1.311
   1.333
   1.354
   1.373
   1.393
   1.412
   1.437
   1.467
   1.502
   1.536
   1.565
   1.590
   1.613
   1.633
   1.644
   1.640
   1.628
   1.607
   1.578
   1.552
   1.535
   1.533
   1.546
   1.573
   1.609
   1.646
   1.677
   1.705
   1.732
   1.755
   1.763
   1.754
   1.727
   1.702
   1.690
   1.686
   1.695
   1.712
   1.735
   1.755
   1.659
   0.000
 -65.534
 -65.534
 -65.534
 -65.534
 -65.534
 -65.534
 -65.534
 -65.534
 -65.534
 -65.534
 -65.534
 -65.534
 -65.534
 -65.534
 -65.534
 -65.534
 -65.534
   0.907
   1.035
   1.106
   1.136
   1.151
   1.165
   1.182
   1.198
   1.217
   1.239
   1.263
   1.285
   1.306
   1.323
   1.339
   1.361
   1.386
   1.416
   1.451
   1.483
   1.508
   1.531
   1.548
   1.565
   1.579
   1.586
   1.587
   1.575
   1.548
   1.516
   1.503
   1.512
   1.534
   1.570
   1.617
   1.659
   1.688
   1.709
   1.734
   1.748
   1.750
   1.737
   1.714
   1.694
   1.684
   1.686
   1.698
   1.717
   1.738
   1.749
   1.641
   0.000
 -65.534
 -65.534
 -65.534
 -65.534
 -65.534
 -65.534
 -65.534
 -65.534
 -65.534
 -65.534
 -65.534
 -65.534
 -65.534
 -65.534
 -65.534
 -65.534
 -65.534
   0.997
   1.086
   1.129
   1.150
   1.159
   1.167
   1.172
   1.177
   1.190
   1.208
   1.228
   1.248
   1.269
   1.290
   1.305
   1.326
   1.355
   1.388
   1.423
   1.455
   1.480
   1.499
   1.515
   1.534
   1.556
   1.579
   1.600
   1.604
   1.584
   1.552
   1.536
   1.538
   1.556
   1.585
   1.616
   1.647
   1.665
   1.678
   1.688
   1.705
   1.708
   1.698
   1.684
   1.676
   1.678
   1.687
   1.700
   1.719
   1.738
   1.747
   1.637
   0.000
 -65.534
 -65.534
 -65.534
 -65.534
 -65.534
 -65.534
 -65.534
 -65.534
 -65.534
 -65.534
 -65.534
 -65.534
 -65.534
 -65.534
 -65.534
 -65.534
 -65.534
   0.979
   1.078
   1.124
   1.151
   1.171
   1.184
   1.187
   1.180
   1.176
   1.184
   1.198
   1.215
   1.236
   1.258
   1.271
   1.294
   1.326
   1.359
   1.396
   1.429
   1.463
   1.487
   1.507
   1.534
   1.564
   1.596
   1.626
   1.641
   1.629
   1.607
   1.590
   1.585
   1.593
   1.608
   1.625
   1.643
   1.649
   1.647
   1.648
   1.655
   1.660
   1.661
   1.659
   1.663
   1.672
   1.685
   1.701
   1.718
   1.733
   1.738
   1.630
   0.000
 -65.534
 -65.534
 -65.534
 -65.534
 -65.534
 -65.534
 -65.534
 -65.534
 -65.534
 -65.534
 -65.534
 -65.534
 -65.534
 -65.534
 -65.534
 -65.534
 -65.534
   0.886
   1.022
   1.093
   1.133
   1.164
   1.189
   1.195
   1.182
   1.172
   1.167
   1.175
   1.189
   1.209
   1.228
   1.242
   1.265
   1.297
   1.336
   1.374
   1.418
   1.463
   1.501
   1.534
   1.569
   1.603
   1.633
   1.657
   1.672
   1.670
   1.656
   1.643
   1.636
   1.637
   1.640
   1.646
   1.648
   1.643
   1.629
   1.617
   1.612
   1.619
   1.626
   1.636
   1.650
   1.664
   1.679
   1.695
   1.705
   1.714
   1.719
   1.610
   0.000
 -65.534
 -65.534
 -65.534
 -65.534
 -65.534
 -65.534
 -65.534
 -65.534
 -65.534
 -65.534
 -65.534
 -65.534
 -65.534
 -65.534
 -65.534
 -65.534
 -65.534
 -65.534
   0.889
   1.018
   1.084
   1.121
   1.153
   1.164
   1.157
   1.151
   1.147
   1.148
   1.160
   1.180
   1.201
   1.214
   1.239
   1.270
   1.310
   1.353
   1.407
   1.470
   1.528
   1.575
   1.614
   1.645
   1.669
   1.685
   1.698
   1.700
   1.697
   1.694
   1.694
   1.689
   1.688
   1.680
   1.670
   1.653
   1.629
   1.606
   1.595
   1.593
   1.598
   1.613
   1.629
   1.649
   1.663
   1.672
   1.675
   1.676
   1.667
   1.554
   0.000
 -65.534
 -65.534
 -65.534
 -65.534
 -65.534
 -65.534
 -65.534
 -65.534
 -65.534
 -65.534
 -65.534
 -65.534
 -65.534
 -65.534
 -65.534
 -65.534
 -65.534
 -65.534
 -65.534
   0.871
   0.964
   1.012
   1.052
   1.079
   1.093
   1.103
   1.109
   1.114
   1.126
   1.145
   1.161
   1.180
   1.205
   1.234
   1.271
   1.320
   1.371
   1.442
   1.509
   1.567
   1.616
   1.641
   1.663
   1.682
   1.700
   1.711
   1.722
   1.730
   1.739
   1.739
   1.738
   1.725
   1.708
   1.684
   1.654
   1.626
   1.603
   1.591
   1.589
   1.598
   1.608
   1.619
   1.629
   1.632
   1.628
   1.618
   1.594
   1.470
   0.000
 -65.534
 -65.534
 -65.534
 -65.534
 -65.534
 -65.534
 -65.534
 -65.534
 -65.534
 -65.534
 -65.534
 -65.534
 -65.534
 -65.534
 -65.534
 -65.534
 -65.534
 -65.534
 -65.534
 -65.534
   0.829
   0.896
   0.946
   0.983
   1.029
   1.050
   1.066
   1.075
   1.084
   1.094
   1.103
   1.121
   1.135
   1.135
   1.116
   1.037
 -65.534
 -65.534
 -65.534
 -65.534
   1.352
   1.507
   1.594
   1.638
   1.680
   1.710
   1.734
   1.758
   1.773
   1.775
   1.771
   1.758
   1.736
   1.709
   1.673
   1.641
   1.613
   1.592
   1.580
   1.576
   1.582
   1.586
   1.588
   1.583
   1.568
   1.550
   1.519
   1.389
   0.000
 -65.534
 -65.534
 -65.534
 -65.534
 -65.534
 -65.534
 -65.534
 -65.534
 -65.534
 -65.534
 -65.534
 -65.534
 -65.534
 -65.534
 -65.534
 -65.534
 -65.534
 -65.534
 -65.534
 -65.534
 -65.534
 -65.534
 -65.534
 -65.534
   0.918
   0.971
   0.995
   1.013
   1.024
   1.033
   1.039
   1.054
   1.056
   1.040
   0.994
   0.910
 -65.534
 -65.534
 -65.534
 -65.534
 -65.534
 -65.534
   1.383
   1.546
   1.632
   1.691
   1.730
   1.756
   1.774
   1.774
   1.767
   1.758
   1.737
   1.706
   1.673
   1.644
   1.614
   1.588
   1.572
   1.563
   1.561
   1.559
   1.552
   1.538
   1.516
   1.488
   1.452
   1.325
   0.000
 -65.534
 -65.534
 -65.534
 -65.534
 -65.534
 -65.534
 -65.534
 -65.534
 -65.534
 -65.534
 -65.534
 -65.534
 -65.534
 -65.534
 -65.534
 -65.534
 -65.534
 -65.534
 -65.534
 -65.534
 -65.534
 -65.534
 -65.534
 -65.534
   0.796
   0.858
   0.893
   0.921
   0.943
   0.966
   0.972
   0.982
   0.980
   0.960
   0.921
   0.870
 -65.534
 -65.534
 -65.534
 -65.534
 -65.534
 -65.534
 -65.534
   1.385
   1.542
   1.620
   1.687
   1.721
   1.740
   1.743
   1.741
   1.736
   1.721
   1.699
   1.671
   1.643
   1.620
   1.594
   1.571
   1.556
   1.544
   1.531
   1.514
   1.490
   1.464
   1.437
   1.397
   1.282
   0.000
 -65.534
 -65.534
 -65.534
 -65.534
 -65.534
 -65.534
 -65.534
 -65.534
 -65.534
 -65.534
 -65.534
 -65.534
 -65.534
 -65.534
 -65.534
 -65.534
 -65.534
 -65.534
 -65.534
 -65.534
 -65.534
 -65.534
 -65.534
 -65.534
 -65.534
 -65.534
 -65.534
 -65.534
 -65.534
   0.785
   0.854
   0.885
   0.908
   0.902
   0.876
   0.850
   0.619
 -65.534
 -65.534
 -65.534
 -65.534
 -65.534
 -65.534
   1.141
   1.216
 -65.534
   1.425
   1.566
   1.626
   1.675
   1.691
   1.697
   1.693
   1.685
   1.670
   1.651
   1.629
   1.601
   1.573
   1.552
   1.537
   1.514
   1.485
   1.456
   1.423
   1.390
   1.351
   1.243
   0.000
 -65.534
 -65.534
 -65.534
 -65.534
 -65.534
 -65.534
 -65.534
 -65.534
 -65.534
 -65.534
 -65.534
 -65.534
 -65.534
 -65.534
 -65.534
 -65.534
 -65.534
 -65.534
 -65.534
 -65.534
 -65.534
 -65.534
 -65.534
 -65.534
 -65.534
 -65.534
 -65.534
 -65.534
 -65.534
 -65.534
 -65.534
 -65.534
   0.735
   0.804
   0.821
   0.811
   0.729
   0.557
 -65.534
 -65.534
 -65.534
 -65.534
 -65.534
 -65.534
 -65.534
 -65.534
 -65.534
 -65.534
 -65.534
   1.407
   1.571
   1.636
   1.679
   1.679
   1.667
   1.645
   1.617
   1.588
   1.562
   1.541
   1.522
   1.497
   1.466
   1.431
   1.395
   1.356
   1.313
   1.210
   0.000
 -65.534
 -65.534
 -65.534
 -65.534
 -65.534
 -65.534
 -65.534
 -65.534
 -65.534
 -65.534
 -65.534
 -65.534
 -65.534
 -65.534
 -65.534
 -65.534
 -65.534
 -65.534
 -65.534
 -65.534
 -65.534
 -65.534
 -65.534
 -65.534
 -65.534
 -65.534
 -65.534
 -65.534
 -65.534
 -65.534
 -65.534
 -65.534
   0.609
   0.691
   0.744
   0.752
   0.734
   0.665
   0.541
   0.432
 -65.534
 -65.534
 -65.534
 -65.534
 -65.534
 -65.534
 -65.534
 -65.534
 -65.534
 -65.534
 -65.534
 -65.534
   1.450
   1.577
   1.603
   1.607
   1.579
   1.550
   1.529
   1.512
   1.497
   1.475
   1.449
   1.419
   1.382
   1.336
   1.291
   1.189
   0.000
 -65.534
 -65.534
 -65.534
 -65.534
 -65.534
 -65.534
 -65.534
 -65.534
 -65.534
 -65.534
 -65.534
 -65.534
 -65.534
 -65.534
 -65.534
 -65.534
 -65.534
 -65.534
 -65.534
 -65.534
 -65.534
 -65.534
 -65.534
 -65.534
 -65.534
 -65.534
 -65.534
 -65.534
 -65.534
 -65.534
 -65.534
 -65.534
 -65.534
 -65.534
 -65.534
 -65.534
   0.504
   0.574
   0.566
   0.528
   0.447
   0.385
   0.366
   0.367
   0.400
 -65.534
 -65.534
 -65.534
 -65.534
 -65.534
 -65.534
 -65.534
 -65.534
 -65.534
 -65.534
   1.386
   1.480
   1.486
   1.477
   1.467
   1.459
   1.442
   1.419
   1.398
   1.366
   1.323
   1.275
   1.174
   0.000
 -65.534
 -65.534
 -65.534
 -65.534
 -65.534
 -65.534
 -65.534
 -65.534
 -65.534
 -65.534
 -65.534
 -65.534
 -65.534
 -65.534
 -65.534
 -65.534
 -65.534
 -65.534
 -65.534
 -65.534
 -65.534
 -65.534
 -65.534
 -65.534
 -65.534
 -65.534
 -65.534
 -65.534
 -65.534
 -65.534
 -65.534
 -65.534
 -65.534
 -65.534
 -65.534
 -65.534
 -65.534
 -65.534
 -65.534
 -65.534
   0.293
 -65.534
 -65.534
 -65.534
 -65.534
 -65.534
 -65.534
 -65.534
 -65.534
 -65.534
 -65.534
 -65.534
 -65.534
 -65.534
 -65.534
   1.303
   1.409
   1.425
   1.421
   1.429
   1.414
   1.390
   1.371
   1.355
   1.333
   1.297
   1.257
   1.158
   0.000
 -65.534
 -65.534
 -65.534
 -65.534
 -65.534
 -65.534
 -65.534
 -65.534
 -65.534
 -65.534
 -65.534
 -65.534
 -65.534
 -65.534
 -65.534
 -65.534
 -65.534
 -65.534
 -65.534
 -65.534
 -65.534
 -65.534
 -65.534
 -65.534
 -65.534
 -65.534
 -65.534
 -65.534
 -65.534
 -65.534
 -65.534
 -65.534
 -65.534
 -65.534
 -65.534
 -65.534
 -65.534
 -65.534
 -65.534
 -65.534
 -65.534
 -65.534
 -65.534
 -65.534
 -65.534
 -65.534
 -65.534
 -65.534
 -65.534
 -65.534
 -65.534
 -65.534
 -65.534
 -65.534
 -65.534
 -65.534
 -65.534
 -65.534
 -65.534
   1.207
   1.307
   1.319
   1.294
   1.274
   1.259
   1.243
   1.217
   1.120
   0.000
 -65.534
 -65.534
 -65.534
 -65.534
 -65.534
 -65.534
 -65.534
 -65.534
 -65.534
 -65.534
 -65.534
 -65.534
 -65.534
 -65.534
 -65.534
 -65.534
 -65.534
 -65.534
 -65.534
 -65.534
 -65.534
 -65.534
 -65.534
 -65.534
 -65.534
 -65.534
 -65.534
 -65.534
 -65.534
 -65.534
 -65.534
 -65.534
 -65.534
 -65.534
 -65.534
 -65.534
 -65.534
 -65.534
 -65.534
 -65.534
 -65.534
 -65.534
 -65.534
 -65.534
 -65.534
 -65.534
 -65.534
 -65.534
 -65.534
 -65.534
 -65.534
 -65.534
 -65.534
 -65.534
 -65.534
 -65.534
 -65.534
 -65.534
 -65.534
 -65.534
 -65.534
   0.000
   0.000
   0.000
   0.000
   0.000
   0.000
   0.000
 -65.534
