 -65.534
   0.000
   0.000
   0.000
   0.000
   0.000
   0.000
   0.000
   0.000
   0.000
   0.000
   0.000
   0.000
   0.000
   0.000
   0.000
   0.000
   0.000
   0.000
   0.000
   0.000
   0.000
   0.000
   0.000
   0.000
   0.000
   0.000
   0.000
   0.000
   0.000
   0.000
   0.000
   0.000
   0.000
   0.000
   0.000
   0.000
   0.000
   0.000
   0.000
   0.000
   0.000
   0.000
   0.000
   0.000
   0.000
   0.000
   0.000
   0.000
   0.000
   0.000
   0.000
   0.000
   0.000
   0.000
   0.000
   0.000
   0.000
   0.000
   0.000
   0.000
   0.000
   0.000
   0.000
   0.000
   0.000
   0.000
   0.000
 -65.534
   0.000
   1.281
   1.484
   1.648
   1.814
   1.961
   2.067
   2.131
   2.161
   2.167
   2.167
   2.162
   2.164
   2.177
   2.198
   2.235
   2.281
   2.339
   2.405
   2.479
   2.556
   2.629
   2.686
   2.723
   2.721
   2.681
   2.609
   2.512
   2.408
   2.320
   2.239
   2.155
   2.077
   2.002
   1.922
   1.830
   1.727
   1.624
   1.529
   1.444
   1.375
   1.323
   1.293
   1.283
   1.278
   1.289
   1.319
   1.379
   1.450
   1.536
   1.622
   1.705
   1.773
   1.824
   1.892
   1.938
   1.977
   1.974
   1.960
   1.947
   1.928
   1.892
   1.857
   1.813
   1.737
   1.660
   1.592
   1.480
   0.000
   0.000
   1.326
   1.499
   1.632
   1.791
   1.946
   2.083
   2.190
   2.259
   2.306
   2.336
   2.359
   2.378
   2.395
   2.416
   2.448
   2.490
   2.544
   2.608
   2.675
   2.746
   2.807
   2.848
   2.867
   2.859
   2.824
   2.767
   2.686
   2.597
   2.521
   2.444
   2.367
   2.295
   2.220
   2.135
   2.034
   1.917
   1.792
   1.669
   1.561
   1.466
   1.389
   1.335
   1.305
   1.294
   1.311
   1.376
   1.490
   1.626
   1.781
   1.929
   2.049
   2.157
   2.247
   2.322
   2.383
   2.435
   2.459
   2.466
   2.458
   2.438
   2.399
   2.348
   2.285
   2.205
   2.116
   2.018
   1.831
   0.000
   0.000
   1.304
   1.453
   1.557
   1.696
   1.841
   1.984
   2.106
   2.205
   2.281
   2.341
   2.384
   2.418
   2.448
   2.471
   2.500
   2.537
   2.585
   2.644
   2.711
   2.780
   2.839
   2.879
   2.891
   2.881
   2.852
   2.807
   2.746
   2.676
   2.609
   2.542
   2.477
   2.411
   2.342
   2.261
   2.161
   2.042
   1.911
   1.777
   1.647
   1.537
   1.440
   1.357
   1.298
   1.265
   1.281
   1.355
   1.498
   1.689
   1.904
   2.099
   2.273
   2.404
   2.512
   2.609
   2.685
   2.737
   2.759
   2.749
   2.729
   2.697
   2.642
   2.573
   2.501
   2.421
   2.332
   2.224
   2.011
   0.000
   0.000
   1.284
   1.415
   1.496
   1.608
   1.733
   1.869
   2.000
   2.113
   2.208
   2.288
   2.350
   2.402
   2.442
   2.474
   2.504
   2.539
   2.585
   2.642
   2.709
   2.782
   2.847
   2.889
   2.903
   2.897
   2.883
   2.856
   2.816
   2.768
   2.716
   2.662
   2.600
   2.541
   2.479
   2.404
   2.311
   2.198
   2.064
   1.924
   1.788
   1.660
   1.541
   1.432
   1.343
   1.283
   1.276
   1.338
   1.491
   1.731
   1.986
   2.240
   2.449
   2.609
   2.749
   2.855
   2.933
   2.973
   2.985
   2.963
   2.929
   2.879
   2.809
   2.727
   2.647
   2.564
   2.471
   2.365
   2.135
   0.000
   0.000
   1.275
   1.391
   1.462
   1.552
   1.659
   1.781
   1.905
   2.023
   2.126
   2.216
   2.287
   2.348
   2.396
   2.438
   2.473
   2.512
   2.560
   2.619
   2.686
   2.761
   2.829
   2.874
   2.893
   2.901
   2.902
   2.899
   2.883
   2.860
   2.827
   2.778
   2.723
   2.669
   2.611
   2.546
   2.466
   2.368
   2.245
   2.108
   1.970
   1.835
   1.703
   1.574
   1.453
   1.355
   1.304
   1.339
   1.490
   1.765
   2.060
   2.360
   2.602
   2.797
   2.949
   3.049
   3.121
   3.161
   3.164
   3.129
   3.077
   3.010
   2.921
   2.833
   2.749
   2.667
   2.579
   2.468
   2.229
   0.000
   0.000
   1.264
   1.374
   1.440
   1.522
   1.616
   1.724
   1.840
   1.954
   2.058
   2.150
   2.226
   2.291
   2.347
   2.393
   2.436
   2.483
   2.533
   2.591
   2.658
   2.731
   2.799
   2.847
   2.876
   2.894
   2.913
   2.932
   2.947
   2.947
   2.932
   2.894
   2.847
   2.792
   2.742
   2.685
   2.624
   2.548
   2.451
   2.335
   2.209
   2.078
   1.939
   1.794
   1.642
   1.484
   1.352
   1.322
   1.461
   1.736
   2.068
   2.411
   2.690
   2.913
   3.077
   3.188
   3.256
   3.290
   3.282
   3.232
   3.165
   3.085
   2.985
   2.885
   2.800
   2.719
   2.635
   2.519
   2.276
   0.000
   0.000
   1.243
   1.361
   1.422
   1.503
   1.591
   1.691
   1.800
   1.908
   2.013
   2.104
   2.182
   2.250
   2.310
   2.360
   2.410
   2.462
   2.515
   2.575
   2.638
   2.706
   2.776
   2.830
   2.866
   2.894
   2.927
   2.968
   3.004
   3.030
   3.029
   3.001
   2.955
   2.900
   2.851
   2.805
   2.767
   2.722
   2.662
   2.583
   2.487
   2.377
   2.250
   2.106
   1.928
   1.699
   1.458
   1.318
   1.374
   1.605
   1.954
   2.324
   2.650
   2.914
   3.110
   3.251
   3.330
   3.360
   3.345
   3.283
   3.203
   3.111
   2.999
   2.894
   2.804
   2.717
   2.624
   2.504
   2.262
   0.000
   0.000
   1.209
   1.341
   1.404
   1.484
   1.568
   1.666
   1.770
   1.876
   1.981
   2.076
   2.155
   2.222
   2.285
   2.341
   2.394
   2.450
   2.509
   2.569
   2.633
   2.698
   2.765
   2.825
   2.871
   2.911
   2.952
   3.003
   3.055
   3.097
   3.110
   3.088
   3.044
   2.992
   2.945
   2.907
   2.887
   2.871
   2.848
   2.809
   2.758
   2.685
   2.581
   2.461
   2.294
   2.041
   1.719
   1.458
   1.400
   1.527
   1.793
   2.143
   2.494
   2.801
   3.054
   3.237
   3.347
   3.394
   3.376
   3.306
   3.217
   3.111
   2.994
   2.880
   2.785
   2.690
   2.584
   2.456
   2.214
   0.000
   0.000
   1.158
   1.299
   1.372
   1.455
   1.539
   1.632
   1.736
   1.846
   1.953
   2.052
   2.133
   2.204
   2.268
   2.327
   2.384
   2.445
   2.509
   2.572
   2.637
   2.705
   2.771
   2.835
   2.891
   2.939
   2.987
   3.041
   3.102
   3.150
   3.167
   3.150
   3.110
   3.062
   3.016
   2.984
   2.974
   2.985
   2.990
   2.984
   2.972
   2.934
   2.868
   2.783
   2.658
   2.442
   2.127
   1.788
   1.591
   1.595
   1.737
   1.993
   2.311
   2.634
   2.921
   3.135
   3.279
   3.347
   3.339
   3.270
   3.181
   3.080
   2.964
   2.850
   2.752
   2.650
   2.536
   2.399
   2.152
   0.000
   0.000
   1.095
   1.240
   1.321
   1.409
   1.494
   1.585
   1.689
   1.800
   1.911
   2.017
   2.106
   2.183
   2.253
   2.316
   2.375
   2.440
   2.512
   2.580
   2.650
   2.719
   2.789
   2.858
   2.918
   2.973
   3.025
   3.080
   3.137
   3.179
   3.196
   3.182
   3.153
   3.112
   3.073
   3.046
   3.047
   3.065
   3.087
   3.106
   3.121
   3.114
   3.081
   3.029
   2.943
   2.790
   2.547
   2.227
   1.937
   1.796
   1.814
   1.957
   2.191
   2.473
   2.747
   2.969
   3.119
   3.199
   3.207
   3.155
   3.084
   3.005
   2.900
   2.795
   2.701
   2.597
   2.474
   2.331
   2.087
   0.000
   0.000
   1.036
   1.174
   1.257
   1.343
   1.427
   1.523
   1.628
   1.738
   1.853
   1.962
   2.060
   2.147
   2.226
   2.295
   2.362
   2.434
   2.507
   2.583
   2.660
   2.734
   2.806
   2.877
   2.942
   3.000
   3.051
   3.101
   3.151
   3.188
   3.205
   3.198
   3.180
   3.155
   3.126
   3.104
   3.107
   3.130
   3.162
   3.196
   3.227
   3.240
   3.233
   3.208
   3.151
   3.042
   2.868
   2.627
   2.354
   2.129
   2.031
   2.060
   2.188
   2.387
   2.608
   2.801
   2.938
   3.022
   3.047
   3.022
   2.979
   2.919
   2.835
   2.745
   2.654
   2.547
   2.420
   2.273
   2.032
   0.000
   0.000
   0.994
   1.110
   1.188
   1.266
   1.345
   1.441
   1.545
   1.657
   1.773
   1.887
   1.991
   2.085
   2.173
   2.251
   2.326
   2.406
   2.488
   2.573
   2.658
   2.736
   2.809
   2.879
   2.945
   3.007
   3.059
   3.105
   3.147
   3.180
   3.201
   3.204
   3.199
   3.190
   3.170
   3.160
   3.169
   3.189
   3.221
   3.254
   3.293
   3.324
   3.331
   3.326
   3.289
   3.211
   3.087
   2.919
   2.706
   2.485
   2.326
   2.265
   2.302
   2.401
   2.538
   2.673
   2.785
   2.863
   2.895
   2.892
   2.872
   2.834
   2.767
   2.690
   2.604
   2.496
   2.368
   2.216
   1.975
   0.000
 -65.534
 -65.534
   1.024
   1.113
   1.182
   1.260
   1.348
   1.447
   1.558
   1.671
   1.785
   1.894
   1.991
   2.087
   2.172
   2.258
   2.347
   2.439
   2.529
   2.622
   2.709
   2.786
   2.856
   2.925
   2.991
   3.051
   3.097
   3.136
   3.166
   3.188
   3.200
   3.210
   3.210
   3.205
   3.204
   3.217
   3.238
   3.264
   3.289
   3.326
   3.362
   3.387
   3.396
   3.380
   3.327
   3.243
   3.122
   2.964
   2.784
   2.618
   2.503
   2.456
   2.471
   2.523
   2.592
   2.659
   2.713
   2.747
   2.754
   2.747
   2.723
   2.672
   2.613
   2.534
   2.429
   2.299
   2.146
   1.898
   0.000
 -65.534
 -65.534
 -65.534
   1.007
   1.093
   1.169
   1.253
   1.343
   1.443
   1.553
   1.664
   1.771
   1.869
   1.967
   2.061
   2.153
   2.248
   2.346
   2.443
   2.544
   2.639
   2.724
   2.804
   2.880
   2.954
   3.027
   3.081
   3.120
   3.150
   3.173
   3.190
   3.204
   3.218
   3.233
   3.252
   3.262
   3.285
   3.305
   3.324
   3.351
   3.389
   3.430
   3.449
   3.449
   3.416
   3.354
   3.261
   3.142
   3.002
   2.859
   2.728
   2.636
   2.588
   2.571
   2.576
   2.595
   2.618
   2.630
   2.633
   2.631
   2.611
   2.568
   2.508
   2.439
   2.339
   2.216
   2.068
   1.810
   0.000
 -65.534
 -65.534
 -65.534
 -65.534
   0.974
   1.076
   1.148
   1.229
   1.321
   1.425
   1.530
   1.633
   1.730
   1.825
   1.920
   2.017
   2.114
   2.213
   2.314
   2.413
   2.514
   2.614
   2.703
   2.796
   2.886
   2.968
   3.035
   3.083
   3.117
   3.139
   3.160
   3.185
   3.212
   3.246
   3.278
   3.307
   3.345
   3.356
   3.372
   3.390
   3.425
   3.466
   3.492
   3.497
   3.474
   3.429
   3.354
   3.252
   3.133
   3.012
   2.898
   2.796
   2.717
   2.658
   2.619
   2.598
   2.589
   2.581
   2.566
   2.551
   2.524
   2.470
   2.408
   2.334
   2.242
   2.132
   1.995
   1.729
   0.000
 -65.534
 -65.534
 -65.534
 -65.534
   0.883
   0.976
   1.035
   1.105
   1.189
   1.285
   1.386
   1.483
   1.578
   1.673
   1.766
   1.855
   1.951
   2.047
   2.142
   2.239
   2.340
   2.445
   2.548
   2.650
   2.756
   2.854
   2.936
   3.001
   3.046
   3.080
   3.110
   3.145
   3.186
   3.234
   3.286
   3.335
   3.379
   3.407
   3.424
   3.431
   3.457
   3.490
   3.515
   3.518
   3.499
   3.462
   3.399
   3.308
   3.198
   3.089
   2.991
   2.899
   2.817
   2.742
   2.685
   2.640
   2.606
   2.575
   2.539
   2.504
   2.462
   2.398
   2.326
   2.247
   2.158
   2.056
   1.925
   1.646
   0.000
 -65.534
 -65.534
 -65.534
 -65.534
   0.804
   0.880
   0.922
   0.978
   1.049
   1.136
   1.230
   1.322
   1.413
   1.503
   1.591
   1.681
   1.767
   1.856
   1.946
   2.038
   2.136
   2.236
   2.340
   2.451
   2.566
   2.674
   2.771
   2.855
   2.924
   2.980
   3.031
   3.079
   3.131
   3.190
   3.254
   3.315
   3.373
   3.413
   3.435
   3.440
   3.454
   3.481
   3.505
   3.512
   3.494
   3.460
   3.406
   3.328
   3.230
   3.134
   3.045
   2.973
   2.897
   2.825
   2.761
   2.705
   2.657
   2.609
   2.561
   2.510
   2.449
   2.376
   2.294
   2.205
   2.108
   2.000
   1.861
   1.569
   0.000
 -65.534
 -65.534
 -65.534
 -65.534
   0.735
   0.799
   0.828
   0.860
   0.912
   0.987
   1.070
   1.157
   1.242
   1.326
   1.405
   1.486
   1.570
   1.655
   1.742
   1.825
   1.911
   2.003
   2.102
   2.214
   2.329
   2.446
   2.558
   2.662
   2.756
   2.833
   2.901
   2.965
   3.027
   3.091
   3.159
   3.231
   3.290
   3.339
   3.364
   3.379
   3.396
   3.422
   3.447
   3.457
   3.449
   3.423
   3.379
   3.311
   3.233
   3.150
   3.077
   3.015
   2.959
   2.900
   2.839
   2.784
   2.730
   2.680
   2.625
   2.563
   2.493
   2.416
   2.325
   2.223
   2.107
   1.987
   1.828
   1.520
   0.000
 -65.534
 -65.534
 -65.534
 -65.534
 -65.534
 -65.534
 -65.534
 -65.534
   0.766
   0.851
   0.921
   1.000
   1.075
   1.148
   1.219
   1.292
   1.370
   1.451
   1.537
   1.619
   1.695
   1.775
   1.866
   1.974
   2.095
   2.217
   2.338
   2.452
   2.558
   2.648
   2.727
   2.799
   2.870
   2.938
   3.007
   3.077
   3.140
   3.188
   3.223
   3.250
   3.282
   3.322
   3.358
   3.376
   3.376
   3.357
   3.321
   3.271
   3.207
   3.145
   3.087
   3.037
   2.993
   2.952
   2.906
   2.857
   2.807
   2.757
   2.705
   2.644
   2.576
   2.494
   2.396
   2.285
   2.158
   2.013
   1.847
   1.545
   0.000
 -65.534
 -65.534
 -65.534
 -65.534
 -65.534
 -65.534
   0.296
   0.508
   0.683
   0.735
   0.796
   0.862
   0.928
   0.989
   1.053
   1.120
   1.190
   1.266
   1.345
   1.417
   1.488
   1.566
   1.659
   1.762
   1.880
   2.009
   2.136
   2.257
   2.365
   2.458
   2.537
   2.609
   2.677
   2.742
   2.810
   2.880
   2.944
   3.001
   3.048
   3.095
   3.149
   3.205
   3.253
   3.289
   3.302
   3.284
   3.253
   3.216
   3.170
   3.121
   3.076
   3.038
   3.007
   2.979
   2.950
   2.912
   2.870
   2.822
   2.770
   2.710
   2.647
   2.572
   2.473
   2.356
   2.220
   2.063
   1.886
   1.554
   0.000
 -65.534
 -65.534
 -65.534
 -65.534
 -65.534
 -65.534
 -65.534
 -65.534
 -65.534
   0.625
   0.687
   0.738
   0.792
   0.845
   0.900
   0.968
   1.032
   1.101
   1.173
   1.241
   1.308
   1.384
   1.478
   1.590
   1.714
   1.840
   1.966
   2.085
   2.188
   2.275
   2.347
   2.413
   2.477
   2.540
   2.606
   2.676
   2.744
   2.808
   2.873
   2.939
   3.011
   3.083
   3.147
   3.186
   3.205
   3.198
   3.176
   3.148
   3.110
   3.072
   3.041
   3.016
   2.994
   2.979
   2.957
   2.932
   2.896
   2.854
   2.803
   2.740
   2.675
   2.605
   2.517
   2.400
   2.268
   2.106
   1.913
   1.553
   0.000
 -65.534
 -65.534
 -65.534
 -65.534
 -65.534
 -65.534
 -65.534
 -65.534
 -65.534
 -65.534
 -65.534
 -65.534
 -65.534
 -65.534
 -65.534
   0.780
   0.870
   0.934
   1.006
   1.090
   1.159
   1.239
   1.334
   1.448
   1.575
   1.706
   1.831
   1.938
   2.034
   2.115
   2.183
   2.241
   2.296
   2.357
   2.423
   2.493
   2.567
   2.644
   2.731
   2.811
   2.889
   2.968
   3.033
   3.082
   3.103
   3.100
   3.085
   3.060
   3.031
   3.000
   2.975
   2.960
   2.953
   2.948
   2.936
   2.916
   2.883
   2.844
   2.794
   2.731
   2.665
   2.598
   2.523
   2.418
   2.291
   2.133
   1.923
   1.532
   0.000
 -65.534
 -65.534
 -65.534
 -65.534
 -65.534
 -65.534
 -65.534
 -65.534
 -65.534
 -65.534
 -65.534
 -65.534
 -65.534
 -65.534
 -65.534
 -65.534
 -65.534
 -65.534
 -65.534
   0.928
   1.039
   1.120
   1.221
   1.333
   1.455
   1.586
   1.710
   1.821
   1.910
   1.980
   2.042
   2.099
   2.152
   2.212
   2.280
   2.356
   2.434
   2.514
   2.599
   2.688
   2.772
   2.851
   2.918
   2.966
   2.993
   2.990
   2.972
   2.952
   2.927
   2.902
   2.886
   2.880
   2.879
   2.878
   2.870
   2.847
   2.813
   2.774
   2.729
   2.669
   2.607
   2.548
   2.479
   2.392
   2.269
   2.123
   1.912
   1.507
   0.000
 -65.534
 -65.534
 -65.534
 -65.534
 -65.534
 -65.534
 -65.534
 -65.534
 -65.534
 -65.534
 -65.534
 -65.534
 -65.534
 -65.534
 -65.534
 -65.534
 -65.534
 -65.534
   0.619
   0.895
   0.952
   1.033
   1.128
   1.235
   1.354
   1.479
   1.602
   1.712
   1.803
   1.876
   1.934
   1.986
   2.038
   2.095
   2.163
   2.237
   2.315
   2.393
   2.473
   2.557
   2.645
   2.728
   2.799
   2.848
   2.870
   2.861
   2.836
   2.810
   2.787
   2.771
   2.766
   2.767
   2.769
   2.762
   2.742
   2.706
   2.673
   2.634
   2.591
   2.540
   2.485
   2.433
   2.371
   2.295
   2.195
   2.060
   1.860
   1.469
   0.000
 -65.534
 -65.534
 -65.534
 -65.534
 -65.534
 -65.534
 -65.534
 -65.534
 -65.534
 -65.534
 -65.534
 -65.534
 -65.534
 -65.534
 -65.534
 -65.534
 -65.534
   0.511
   0.769
   0.844
   0.899
   0.969
   1.052
   1.149
   1.258
   1.376
   1.497
   1.608
   1.706
   1.784
   1.842
   1.889
   1.937
   1.987
   2.044
   2.110
   2.177
   2.248
   2.324
   2.403
   2.493
   2.586
   2.667
   2.723
   2.742
   2.727
   2.692
   2.655
   2.628
   2.611
   2.610
   2.614
   2.610
   2.597
   2.571
   2.537
   2.496
   2.454
   2.412
   2.369
   2.322
   2.274
   2.224
   2.161
   2.074
   1.953
   1.774
   1.401
   0.000
 -65.534
 -65.534
 -65.534
 -65.534
 -65.534
 -65.534
 -65.534
 -65.534
 -65.534
 -65.534
 -65.534
 -65.534
 -65.534
 -65.534
 -65.534
 -65.534
 -65.534
   0.607
   0.754
   0.799
   0.854
   0.910
   0.980
   1.061
   1.154
   1.260
   1.376
   1.489
   1.592
   1.677
   1.741
   1.784
   1.825
   1.865
   1.909
   1.962
   2.021
   2.083
   2.151
   2.228
   2.315
   2.410
   2.498
   2.560
   2.586
   2.566
   2.525
   2.483
   2.452
   2.435
   2.428
   2.428
   2.423
   2.409
   2.384
   2.347
   2.302
   2.256
   2.210
   2.169
   2.129
   2.092
   2.050
   1.996
   1.918
   1.813
   1.659
   1.314
   0.000
 -65.534
 -65.534
 -65.534
 -65.534
 -65.534
 -65.534
 -65.534
 -65.534
 -65.534
 -65.534
 -65.534
 -65.534
 -65.534
 -65.534
 -65.534
 -65.534
 -65.534
   0.596
   0.706
   0.753
   0.800
   0.849
   0.904
   0.966
   1.037
   1.127
   1.231
   1.346
   1.454
   1.548
   1.617
   1.660
   1.697
   1.730
   1.767
   1.807
   1.854
   1.909
   1.973
   2.045
   2.127
   2.216
   2.297
   2.353
   2.375
   2.363
   2.325
   2.288
   2.253
   2.229
   2.221
   2.218
   2.220
   2.213
   2.194
   2.156
   2.107
   2.053
   2.007
   1.964
   1.925
   1.889
   1.850
   1.801
   1.730
   1.639
   1.507
   1.206
   0.000
 -65.534
 -65.534
 -65.534
 -65.534
 -65.534
 -65.534
 -65.534
 -65.534
 -65.534
 -65.534
 -65.534
 -65.534
 -65.534
 -65.534
 -65.534
 -65.534
 -65.534
   0.539
   0.651
   0.698
   0.742
   0.785
   0.829
   0.872
   0.920
   0.991
   1.081
   1.189
   1.300
   1.400
   1.478
   1.524
   1.564
   1.596
   1.629
   1.665
   1.707
   1.757
   1.815
   1.883
   1.957
   2.029
   2.093
   2.135
   2.149
   2.136
   2.105
   2.068
   2.036
   2.010
   1.999
   1.996
   1.997
   1.995
   1.978
   1.947
   1.902
   1.849
   1.804
   1.763
   1.725
   1.684
   1.637
   1.581
   1.509
   1.428
   1.329
   1.061
   0.000
 -65.534
 -65.534
 -65.534
 -65.534
 -65.534
 -65.534
 -65.534
 -65.534
 -65.534
 -65.534
 -65.534
 -65.534
 -65.534
 -65.534
 -65.534
 -65.534
 -65.534
 -65.534
   0.545
   0.636
   0.681
   0.721
   0.753
   0.784
   0.815
   0.865
   0.939
   1.033
   1.137
   1.241
   1.324
   1.376
   1.420
   1.456
   1.492
   1.531
   1.576
   1.623
   1.679
   1.737
   1.799
   1.856
   1.901
   1.928
   1.934
   1.917
   1.886
   1.849
   1.815
   1.789
   1.776
   1.767
   1.762
   1.755
   1.739
   1.710
   1.674
   1.635
   1.601
   1.569
   1.534
   1.491
   1.434
   1.364
   1.286
   1.202
   1.098
   0.867
   0.000
 -65.534
 -65.534
 -65.534
 -65.534
 -65.534
 -65.534
 -65.534
 -65.534
 -65.534
 -65.534
 -65.534
 -65.534
 -65.534
 -65.534
 -65.534
 -65.534
 -65.534
 -65.534
 -65.534
   0.526
   0.610
   0.643
   0.672
   0.692
   0.712
   0.746
   0.801
   0.878
   0.972
   1.072
   1.154
   1.216
   1.266
   1.304
   1.343
   1.373
   1.392
   1.447
   1.502
   1.569
   1.643
   1.681
   1.715
   1.734
   1.735
   1.713
   1.679
   1.642
   1.609
   1.582
   1.564
   1.549
   1.533
   1.516
   1.492
   1.463
   1.435
   1.407
   1.388
   1.371
   1.345
   1.307
   1.247
   1.172
   1.088
   0.996
   0.885
   0.676
   0.000
 -65.534
 -65.534
 -65.534
 -65.534
 -65.534
 -65.534
 -65.534
 -65.534
 -65.534
 -65.534
 -65.534
 -65.534
 -65.534
 -65.534
 -65.534
 -65.534
 -65.534
 -65.534
 -65.534
 -65.534
   0.476
   0.532
   0.568
   0.593
   0.627
   0.652
   0.694
   0.752
   0.825
   0.906
   0.979
   1.049
   1.096
   1.120
   1.104
   0.946
 -65.534
 -65.534
 -65.534
 -65.534
   1.328
   1.447
   1.526
   1.549
   1.555
   1.536
   1.500
   1.463
   1.427
   1.397
   1.375
   1.350
   1.322
   1.291
   1.256
   1.224
   1.193
   1.173
   1.160
   1.151
   1.136
   1.103
   1.049
   0.978
   0.901
   0.815
   0.708
   0.518
   0.000
 -65.534
 -65.534
 -65.534
 -65.534
 -65.534
 -65.534
 -65.534
 -65.534
 -65.534
 -65.534
 -65.534
 -65.534
 -65.534
 -65.534
 -65.534
 -65.534
 -65.534
 -65.534
 -65.534
 -65.534
 -65.534
 -65.534
 -65.534
 -65.534
   0.513
   0.564
   0.604
   0.650
   0.706
   0.766
   0.825
   0.882
   0.919
   0.923
   0.863
   0.677
 -65.534
 -65.534
 -65.534
 -65.534
 -65.534
 -65.534
   1.237
   1.363
   1.390
   1.379
   1.340
   1.299
   1.263
   1.230
   1.202
   1.169
   1.131
   1.089
   1.046
   1.004
   0.967
   0.940
   0.925
   0.914
   0.898
   0.871
   0.826
   0.768
   0.705
   0.634
   0.537
   0.373
   0.000
 -65.534
 -65.534
 -65.534
 -65.534
 -65.534
 -65.534
 -65.534
 -65.534
 -65.534
 -65.534
 -65.534
 -65.534
 -65.534
 -65.534
 -65.534
 -65.534
 -65.534
 -65.534
 -65.534
 -65.534
 -65.534
 -65.534
 -65.534
 -65.534
   0.381
   0.449
   0.493
   0.544
   0.599
   0.658
   0.698
   0.739
   0.761
   0.756
   0.698
   0.574
 -65.534
 -65.534
 -65.534
 -65.534
 -65.534
 -65.534
 -65.534
   1.105
   1.170
   1.155
   1.162
   1.124
   1.102
   1.073
   1.045
   1.012
   0.971
   0.924
   0.876
   0.829
   0.783
   0.744
   0.714
   0.689
   0.660
   0.629
   0.585
   0.537
   0.485
   0.428
   0.351
   0.224
   0.000
 -65.534
 -65.534
 -65.534
 -65.534
 -65.534
 -65.534
 -65.534
 -65.534
 -65.534
 -65.534
 -65.534
 -65.534
 -65.534
 -65.534
 -65.534
 -65.534
 -65.534
 -65.534
 -65.534
 -65.534
 -65.534
 -65.534
 -65.534
 -65.534
 -65.534
 -65.534
 -65.534
 -65.534
 -65.534
   0.500
   0.568
   0.603
   0.637
   0.629
   0.589
   0.512
   0.243
 -65.534
 -65.534
 -65.534
 -65.534
 -65.534
 -65.534
   0.774
   0.786
 -65.534
   0.828
   0.854
   0.876
   0.921
   0.915
   0.895
   0.854
   0.808
   0.756
   0.701
   0.649
   0.596
   0.548
   0.501
   0.452
   0.404
   0.350
   0.299
   0.252
   0.205
   0.143
   0.056
   0.000
 -65.534
 -65.534
 -65.534
 -65.534
 -65.534
 -65.534
 -65.534
 -65.534
 -65.534
 -65.534
 -65.534
 -65.534
 -65.534
 -65.534
 -65.534
 -65.534
 -65.534
 -65.534
 -65.534
 -65.534
 -65.534
 -65.534
 -65.534
 -65.534
 -65.534
 -65.534
 -65.534
 -65.534
 -65.534
 -65.534
 -65.534
 -65.534
   0.507
   0.537
   0.519
   0.469
   0.321
   0.179
 -65.534
 -65.534
 -65.534
 -65.534
 -65.534
 -65.534
 -65.534
 -65.534
 -65.534
 -65.534
 -65.534
   0.623
   0.716
   0.738
   0.753
   0.712
   0.661
   0.593
   0.528
   0.466
   0.401
   0.337
   0.271
   0.201
   0.134
   0.076
   0.032
  -0.011
  -0.059
  -0.108
   0.000
 -65.534
 -65.534
 -65.534
 -65.534
 -65.534
 -65.534
 -65.534
 -65.534
 -65.534
 -65.534
 -65.534
 -65.534
 -65.534
 -65.534
 -65.534
 -65.534
 -65.534
 -65.534
 -65.534
 -65.534
 -65.534
 -65.534
 -65.534
 -65.534
 -65.534
 -65.534
 -65.534
 -65.534
 -65.534
 -65.534
 -65.534
 -65.534
   0.420
   0.456
   0.456
   0.422
   0.338
   0.242
   0.160
   0.113
 -65.534
 -65.534
 -65.534
 -65.534
 -65.534
 -65.534
 -65.534
 -65.534
 -65.534
 -65.534
 -65.534
 -65.534
   0.490
   0.505
   0.473
   0.446
   0.387
   0.321
   0.251
   0.176
   0.094
   0.007
  -0.069
  -0.130
  -0.175
  -0.209
  -0.237
  -0.246
   0.000
 -65.534
 -65.534
 -65.534
 -65.534
 -65.534
 -65.534
 -65.534
 -65.534
 -65.534
 -65.534
 -65.534
 -65.534
 -65.534
 -65.534
 -65.534
 -65.534
 -65.534
 -65.534
 -65.534
 -65.534
 -65.534
 -65.534
 -65.534
 -65.534
 -65.534
 -65.534
 -65.534
 -65.534
 -65.534
 -65.534
 -65.534
 -65.534
 -65.534
 -65.534
 -65.534
 -65.534
   0.255
   0.233
   0.194
   0.161
   0.115
   0.092
   0.074
   0.069
   0.068
 -65.534
 -65.534
 -65.534
 -65.534
 -65.534
 -65.534
 -65.534
 -65.534
 -65.534
 -65.534
   0.218
   0.218
   0.168
   0.102
   0.021
  -0.071
  -0.160
  -0.231
  -0.296
  -0.348
  -0.370
  -0.380
  -0.342
   0.000
 -65.534
 -65.534
 -65.534
 -65.534
 -65.534
 -65.534
 -65.534
 -65.534
 -65.534
 -65.534
 -65.534
 -65.534
 -65.534
 -65.534
 -65.534
 -65.534
 -65.534
 -65.534
 -65.534
 -65.534
 -65.534
 -65.534
 -65.534
 -65.534
 -65.534
 -65.534
 -65.534
 -65.534
 -65.534
 -65.534
 -65.534
 -65.534
 -65.534
 -65.534
 -65.534
 -65.534
 -65.534
 -65.534
 -65.534
 -65.534
   0.094
 -65.534
 -65.534
 -65.534
 -65.534
 -65.534
 -65.534
 -65.534
 -65.534
 -65.534
 -65.534
 -65.534
 -65.534
 -65.534
 -65.534
  -0.002
   0.023
  -0.021
  -0.077
  -0.134
  -0.203
  -0.318
  -0.405
  -0.458
  -0.497
  -0.512
  -0.514
  -0.453
   0.000
 -65.534
 -65.534
 -65.534
 -65.534
 -65.534
 -65.534
 -65.534
 -65.534
 -65.534
 -65.534
 -65.534
 -65.534
 -65.534
 -65.534
 -65.534
 -65.534
 -65.534
 -65.534
 -65.534
 -65.534
 -65.534
 -65.534
 -65.534
 -65.534
 -65.534
 -65.534
 -65.534
 -65.534
 -65.534
 -65.534
 -65.534
 -65.534
 -65.534
 -65.534
 -65.534
 -65.534
 -65.534
 -65.534
 -65.534
 -65.534
 -65.534
 -65.534
 -65.534
 -65.534
 -65.534
 -65.534
 -65.534
 -65.534
 -65.534
 -65.534
 -65.534
 -65.534
 -65.534
 -65.534
 -65.534
 -65.534
 -65.534
 -65.534
 -65.534
  -0.279
  -0.348
  -0.423
  -0.480
  -0.513
  -0.535
  -0.545
  -0.537
  -0.475
   0.000
 -65.534
 -65.534
 -65.534
 -65.534
 -65.534
 -65.534
 -65.534
 -65.534
 -65.534
 -65.534
 -65.534
 -65.534
 -65.534
 -65.534
 -65.534
 -65.534
 -65.534
 -65.534
 -65.534
 -65.534
 -65.534
 -65.534
 -65.534
 -65.534
 -65.534
 -65.534
 -65.534
 -65.534
 -65.534
 -65.534
 -65.534
 -65.534
 -65.534
 -65.534
 -65.534
 -65.534
 -65.534
 -65.534
 -65.534
 -65.534
 -65.534
 -65.534
 -65.534
 -65.534
 -65.534
 -65.534
 -65.534
 -65.534
 -65.534
 -65.534
 -65.534
 -65.534
 -65.534
 -65.534
 -65.534
 -65.534
 -65.534
 -65.534
 -65.534
 -65.534
 -65.534
   0.000
   0.000
   0.000
   0.000
   0.000
   0.000
   0.000
 -65.534
