 -65.534
   0.000
   0.000
   0.000
   0.000
   0.000
   0.000
   0.000
   0.000
   0.000
   0.000
   0.000
   0.000
   0.000
   0.000
   0.000
   0.000
   0.000
   0.000
   0.000
   0.000
   0.000
   0.000
   0.000
   0.000
   0.000
   0.000
   0.000
   0.000
   0.000
   0.000
   0.000
   0.000
   0.000
   0.000
   0.000
   0.000
   0.000
   0.000
   0.000
   0.000
   0.000
   0.000
   0.000
   0.000
   0.000
   0.000
   0.000
   0.000
   0.000
   0.000
   0.000
   0.000
   0.000
   0.000
   0.000
   0.000
   0.000
   0.000
   0.000
   0.000
   0.000
   0.000
   0.000
   0.000
   0.000
   0.000
   0.000
 -65.534
   0.000
   1.275
   1.433
   1.517
   1.599
   1.666
   1.714
   1.746
   1.766
   1.780
   1.797
   1.815
   1.839
   1.872
   1.911
   1.963
   2.020
   2.086
   2.153
   2.212
   2.264
   2.310
   2.360
   2.390
   2.464
   2.542
   2.600
   2.632
   2.639
   2.630
   2.610
   2.599
   2.581
   2.563
   2.568
   2.556
   2.556
   2.540
   2.506
   2.461
   2.407
   2.359
   2.321
   2.277
   2.242
   2.226
   2.215
   2.210
   2.220
   2.242
   2.275
   2.316
   2.360
   2.409
   2.478
   2.534
   2.583
   2.617
   2.641
   2.666
   2.687
   2.711
   2.736
   2.754
   2.762
   2.769
   2.781
   2.688
   0.000
   0.000
   1.371
   1.515
   1.582
   1.658
   1.719
   1.770
   1.807
   1.835
   1.862
   1.885
   1.908
   1.933
   1.967
   2.006
   2.055
   2.113
   2.183
   2.257
   2.332
   2.403
   2.472
   2.542
   2.602
   2.680
   2.747
   2.799
   2.829
   2.833
   2.825
   2.815
   2.807
   2.807
   2.812
   2.828
   2.839
   2.842
   2.838
   2.807
   2.761
   2.712
   2.656
   2.596
   2.529
   2.470
   2.442
   2.434
   2.441
   2.463
   2.498
   2.540
   2.584
   2.636
   2.692
   2.755
   2.818
   2.875
   2.919
   2.951
   2.975
   3.004
   3.032
   3.057
   3.082
   3.102
   3.114
   3.122
   3.030
   0.000
   0.000
   1.364
   1.495
   1.555
   1.620
   1.676
   1.725
   1.769
   1.805
   1.839
   1.875
   1.909
   1.944
   1.978
   2.016
   2.063
   2.119
   2.189
   2.265
   2.347
   2.429
   2.511
   2.597
   2.676
   2.740
   2.798
   2.837
   2.857
   2.856
   2.851
   2.852
   2.861
   2.881
   2.917
   2.953
   2.977
   2.991
   2.980
   2.953
   2.905
   2.848
   2.777
   2.704
   2.626
   2.561
   2.524
   2.517
   2.527
   2.555
   2.596
   2.643
   2.699
   2.755
   2.810
   2.864
   2.918
   2.975
   3.024
   3.062
   3.090
   3.115
   3.140
   3.167
   3.196
   3.220
   3.238
   3.245
   3.145
   0.000
   0.000
   1.352
   1.478
   1.527
   1.581
   1.629
   1.673
   1.716
   1.759
   1.804
   1.848
   1.890
   1.934
   1.973
   2.012
   2.057
   2.111
   2.179
   2.258
   2.345
   2.434
   2.522
   2.615
   2.705
   2.767
   2.815
   2.849
   2.856
   2.846
   2.846
   2.858
   2.884
   2.925
   2.984
   3.043
   3.084
   3.105
   3.101
   3.067
   3.018
   2.955
   2.880
   2.795
   2.713
   2.642
   2.601
   2.589
   2.601
   2.633
   2.673
   2.723
   2.780
   2.838
   2.895
   2.947
   3.001
   3.055
   3.101
   3.139
   3.172
   3.203
   3.228
   3.257
   3.286
   3.316
   3.339
   3.347
   3.237
   0.000
   0.000
   1.336
   1.459
   1.502
   1.547
   1.587
   1.627
   1.669
   1.716
   1.765
   1.816
   1.865
   1.909
   1.953
   1.996
   2.043
   2.097
   2.165
   2.242
   2.329
   2.422
   2.510
   2.603
   2.689
   2.761
   2.809
   2.829
   2.828
   2.812
   2.816
   2.845
   2.883
   2.942
   3.023
   3.098
   3.153
   3.178
   3.183
   3.155
   3.104
   3.042
   2.968
   2.884
   2.799
   2.724
   2.669
   2.647
   2.660
   2.691
   2.730
   2.779
   2.835
   2.894
   2.957
   3.012
   3.063
   3.113
   3.160
   3.201
   3.239
   3.273
   3.304
   3.338
   3.373
   3.407
   3.434
   3.443
   3.322
   0.000
   0.000
   1.310
   1.432
   1.475
   1.519
   1.557
   1.593
   1.636
   1.683
   1.735
   1.788
   1.838
   1.885
   1.930
   1.977
   2.025
   2.083
   2.148
   2.223
   2.308
   2.393
   2.483
   2.578
   2.666
   2.732
   2.763
   2.776
   2.772
   2.756
   2.764
   2.808
   2.865
   2.943
   3.031
   3.122
   3.191
   3.236
   3.244
   3.222
   3.178
   3.123
   3.060
   2.980
   2.892
   2.803
   2.739
   2.703
   2.703
   2.726
   2.765
   2.812
   2.869
   2.934
   3.000
   3.063
   3.119
   3.171
   3.217
   3.255
   3.293
   3.332
   3.369
   3.400
   3.439
   3.480
   3.512
   3.526
   3.397
   0.000
   0.000
   1.277
   1.400
   1.447
   1.491
   1.527
   1.567
   1.610
   1.658
   1.712
   1.767
   1.821
   1.871
   1.919
   1.964
   2.015
   2.070
   2.131
   2.201
   2.277
   2.356
   2.436
   2.521
   2.603
   2.657
   2.680
   2.692
   2.686
   2.677
   2.694
   2.752
   2.826
   2.919
   3.022
   3.128
   3.207
   3.267
   3.290
   3.279
   3.247
   3.204
   3.147
   3.077
   2.995
   2.897
   2.808
   2.752
   2.730
   2.740
   2.773
   2.827
   2.885
   2.956
   3.030
   3.102
   3.167
   3.221
   3.263
   3.297
   3.331
   3.366
   3.400
   3.436
   3.476
   3.522
   3.560
   3.573
   3.451
   0.000
   0.000
   1.228
   1.360
   1.409
   1.458
   1.497
   1.539
   1.583
   1.635
   1.695
   1.756
   1.812
   1.863
   1.912
   1.956
   2.002
   2.054
   2.111
   2.173
   2.240
   2.310
   2.378
   2.453
   2.524
   2.570
   2.588
   2.595
   2.592
   2.588
   2.619
   2.693
   2.784
   2.886
   3.006
   3.122
   3.215
   3.287
   3.320
   3.323
   3.305
   3.277
   3.231
   3.173
   3.097
   3.007
   2.906
   2.821
   2.776
   2.764
   2.781
   2.828
   2.893
   2.969
   3.052
   3.130
   3.199
   3.255
   3.290
   3.311
   3.336
   3.366
   3.395
   3.429
   3.474
   3.522
   3.565
   3.586
   3.472
   0.000
   0.000
   1.160
   1.295
   1.350
   1.407
   1.454
   1.500
   1.552
   1.609
   1.673
   1.739
   1.800
   1.851
   1.895
   1.935
   1.977
   2.021
   2.071
   2.127
   2.186
   2.250
   2.315
   2.382
   2.446
   2.483
   2.498
   2.502
   2.499
   2.506
   2.554
   2.643
   2.744
   2.859
   2.993
   3.116
   3.219
   3.302
   3.350
   3.363
   3.360
   3.342
   3.310
   3.262
   3.197
   3.116
   3.020
   2.921
   2.852
   2.822
   2.817
   2.846
   2.907
   2.984
   3.064
   3.139
   3.202
   3.251
   3.279
   3.289
   3.304
   3.326
   3.352
   3.385
   3.432
   3.484
   3.531
   3.560
   3.461
   0.000
   0.000
   1.079
   1.213
   1.276
   1.340
   1.394
   1.446
   1.502
   1.564
   1.633
   1.703
   1.765
   1.814
   1.857
   1.892
   1.928
   1.966
   2.011
   2.063
   2.118
   2.176
   2.237
   2.305
   2.368
   2.404
   2.420
   2.422
   2.423
   2.451
   2.514
   2.606
   2.717
   2.839
   2.979
   3.113
   3.224
   3.314
   3.372
   3.398
   3.405
   3.400
   3.377
   3.336
   3.285
   3.213
   3.126
   3.041
   2.960
   2.910
   2.889
   2.895
   2.939
   2.999
   3.060
   3.117
   3.166
   3.201
   3.217
   3.223
   3.234
   3.252
   3.278
   3.316
   3.365
   3.420
   3.472
   3.508
   3.429
   0.000
   0.000
   0.995
   1.126
   1.189
   1.257
   1.317
   1.376
   1.437
   1.500
   1.571
   1.642
   1.703
   1.755
   1.796
   1.832
   1.867
   1.903
   1.943
   1.990
   2.043
   2.100
   2.162
   2.230
   2.299
   2.343
   2.365
   2.379
   2.391
   2.428
   2.495
   2.594
   2.708
   2.840
   2.982
   3.120
   3.237
   3.330
   3.395
   3.426
   3.444
   3.449
   3.434
   3.402
   3.356
   3.294
   3.226
   3.159
   3.085
   3.025
   2.985
   2.971
   2.988
   3.015
   3.050
   3.077
   3.101
   3.115
   3.124
   3.129
   3.140
   3.162
   3.193
   3.238
   3.294
   3.353
   3.410
   3.454
   3.386
   0.000
   0.000
   0.899
   1.041
   1.099
   1.163
   1.225
   1.289
   1.351
   1.417
   1.484
   1.552
   1.612
   1.667
   1.713
   1.754
   1.791
   1.828
   1.871
   1.916
   1.969
   2.027
   2.092
   2.164
   2.240
   2.296
   2.334
   2.363
   2.387
   2.425
   2.492
   2.597
   2.713
   2.846
   2.994
   3.131
   3.246
   3.339
   3.406
   3.443
   3.465
   3.476
   3.468
   3.449
   3.415
   3.363
   3.307
   3.258
   3.198
   3.138
   3.082
   3.047
   3.036
   3.033
   3.030
   3.025
   3.020
   3.017
   3.018
   3.026
   3.044
   3.072
   3.111
   3.162
   3.226
   3.295
   3.357
   3.403
   3.340
   0.000
 -65.534
 -65.534
   0.913
   1.022
   1.074
   1.134
   1.196
   1.258
   1.319
   1.382
   1.444
   1.502
   1.557
   1.609
   1.655
   1.701
   1.742
   1.786
   1.834
   1.888
   1.949
   2.016
   2.094
   2.175
   2.244
   2.301
   2.347
   2.387
   2.430
   2.501
   2.599
   2.710
   2.851
   3.000
   3.131
   3.235
   3.326
   3.391
   3.433
   3.462
   3.478
   3.478
   3.468
   3.447
   3.412
   3.367
   3.328
   3.277
   3.215
   3.154
   3.097
   3.054
   3.018
   2.985
   2.954
   2.932
   2.915
   2.916
   2.927
   2.955
   2.991
   3.036
   3.102
   3.173
   3.247
   3.312
   3.361
   3.304
   0.000
 -65.534
 -65.534
 -65.534
   0.899
   0.997
   1.045
   1.105
   1.162
   1.220
   1.280
   1.339
   1.395
   1.449
   1.501
   1.552
   1.603
   1.650
   1.697
   1.746
   1.801
   1.863
   1.934
   2.017
   2.104
   2.183
   2.254
   2.321
   2.377
   2.431
   2.499
   2.589
   2.699
   2.834
   2.963
   3.071
   3.205
   3.294
   3.351
   3.390
   3.422
   3.441
   3.451
   3.449
   3.443
   3.421
   3.388
   3.353
   3.309
   3.251
   3.177
   3.108
   3.041
   2.981
   2.927
   2.882
   2.853
   2.838
   2.839
   2.856
   2.891
   2.934
   2.987
   3.050
   3.124
   3.201
   3.271
   3.327
   3.274
   0.000
 -65.534
 -65.534
 -65.534
 -65.534
   0.890
   0.958
   1.010
   1.060
   1.114
   1.173
   1.230
   1.286
   1.338
   1.391
   1.445
   1.498
   1.546
   1.595
   1.644
   1.697
   1.761
   1.835
   1.918
   2.005
   2.092
   2.179
   2.260
   2.334
   2.398
   2.467
   2.550
   2.648
   2.762
   2.877
   2.982
   3.093
   3.165
   3.255
   3.300
   3.329
   3.356
   3.374
   3.383
   3.384
   3.371
   3.346
   3.318
   3.277
   3.222
   3.151
   3.077
   2.997
   2.926
   2.872
   2.828
   2.801
   2.795
   2.803
   2.827
   2.865
   2.909
   2.961
   3.021
   3.089
   3.161
   3.236
   3.291
   3.241
   0.000
 -65.534
 -65.534
 -65.534
 -65.534
   0.801
   0.866
   0.911
   0.956
   1.005
   1.059
   1.115
   1.170
   1.224
   1.279
   1.334
   1.383
   1.432
   1.480
   1.528
   1.580
   1.639
   1.710
   1.787
   1.873
   1.961
   2.054
   2.146
   2.232
   2.307
   2.383
   2.464
   2.549
   2.646
   2.746
   2.840
   2.925
   3.002
   3.077
   3.116
   3.172
   3.211
   3.235
   3.254
   3.262
   3.260
   3.246
   3.225
   3.194
   3.144
   3.080
   3.010
   2.934
   2.870
   2.820
   2.789
   2.778
   2.782
   2.795
   2.824
   2.861
   2.902
   2.951
   3.004
   3.062
   3.124
   3.190
   3.248
   3.194
   0.000
 -65.534
 -65.534
 -65.534
 -65.534
   0.723
   0.779
   0.818
   0.859
   0.902
   0.950
   1.003
   1.056
   1.109
   1.162
   1.216
   1.267
   1.314
   1.359
   1.406
   1.457
   1.508
   1.565
   1.631
   1.707
   1.793
   1.885
   1.984
   2.081
   2.172
   2.259
   2.342
   2.420
   2.502
   2.591
   2.674
   2.752
   2.825
   2.886
   2.932
   2.984
   3.032
   3.065
   3.095
   3.111
   3.113
   3.108
   3.097
   3.074
   3.036
   2.987
   2.926
   2.867
   2.816
   2.780
   2.763
   2.760
   2.771
   2.792
   2.821
   2.857
   2.892
   2.935
   2.980
   3.029
   3.081
   3.137
   3.186
   3.127
   0.000
 -65.534
 -65.534
 -65.534
 -65.534
   0.638
   0.685
   0.724
   0.765
   0.814
   0.851
   0.900
   0.947
   0.996
   1.050
   1.102
   1.152
   1.200
   1.246
   1.292
   1.335
   1.377
   1.421
   1.472
   1.539
   1.615
   1.705
   1.802
   1.904
   2.005
   2.101
   2.188
   2.269
   2.345
   2.423
   2.498
   2.574
   2.645
   2.706
   2.757
   2.806
   2.854
   2.892
   2.923
   2.944
   2.954
   2.951
   2.946
   2.930
   2.904
   2.871
   2.831
   2.793
   2.760
   2.737
   2.728
   2.733
   2.748
   2.772
   2.800
   2.832
   2.868
   2.905
   2.944
   2.984
   3.030
   3.079
   3.118
   3.048
   0.000
 -65.534
 -65.534
 -65.534
 -65.534
 -65.534
 -65.534
 -65.534
 -65.534
   0.718
   0.767
   0.809
   0.850
   0.896
   0.946
   0.997
   1.045
   1.099
   1.149
   1.198
   1.241
   1.271
   1.300
   1.337
   1.391
   1.460
   1.542
   1.634
   1.734
   1.833
   1.929
   2.016
   2.095
   2.171
   2.244
   2.316
   2.391
   2.465
   2.532
   2.587
   2.636
   2.683
   2.724
   2.757
   2.783
   2.796
   2.793
   2.784
   2.776
   2.763
   2.747
   2.731
   2.713
   2.700
   2.689
   2.692
   2.702
   2.717
   2.739
   2.767
   2.799
   2.833
   2.869
   2.902
   2.940
   2.981
   3.024
   3.057
   2.984
   0.000
 -65.534
 -65.534
 -65.534
 -65.534
 -65.534
 -65.534
   0.363
   0.497
   0.649
   0.695
   0.731
   0.769
   0.811
   0.857
   0.907
   0.960
   1.017
   1.071
   1.125
   1.169
   1.196
   1.215
   1.246
   1.287
   1.341
   1.414
   1.498
   1.589
   1.680
   1.769
   1.847
   1.920
   1.991
   2.062
   2.134
   2.209
   2.288
   2.356
   2.419
   2.475
   2.525
   2.567
   2.603
   2.630
   2.645
   2.640
   2.632
   2.630
   2.627
   2.622
   2.622
   2.623
   2.628
   2.635
   2.645
   2.661
   2.680
   2.701
   2.729
   2.757
   2.787
   2.822
   2.856
   2.893
   2.937
   2.977
   3.010
   2.922
   0.000
 -65.534
 -65.534
 -65.534
 -65.534
 -65.534
 -65.534
 -65.534
 -65.534
 -65.534
   0.608
   0.645
   0.678
   0.712
   0.753
   0.806
   0.882
   0.940
   1.001
   1.059
   1.114
   1.137
   1.155
   1.179
   1.216
   1.261
   1.321
   1.388
   1.467
   1.544
   1.617
   1.684
   1.749
   1.813
   1.883
   1.955
   2.031
   2.112
   2.188
   2.256
   2.320
   2.376
   2.421
   2.457
   2.484
   2.498
   2.498
   2.493
   2.493
   2.498
   2.504
   2.515
   2.533
   2.549
   2.569
   2.586
   2.605
   2.626
   2.650
   2.673
   2.699
   2.727
   2.758
   2.793
   2.831
   2.874
   2.916
   2.948
   2.847
   0.000
 -65.534
 -65.534
 -65.534
 -65.534
 -65.534
 -65.534
 -65.534
 -65.534
 -65.534
 -65.534
 -65.534
 -65.534
 -65.534
 -65.534
 -65.534
   0.745
   0.813
   0.869
   0.939
   1.053
   1.084
   1.103
   1.126
   1.157
   1.194
   1.243
   1.301
   1.361
   1.424
   1.485
   1.543
   1.594
   1.649
   1.714
   1.787
   1.866
   1.950
   2.033
   2.116
   2.183
   2.241
   2.289
   2.325
   2.351
   2.365
   2.369
   2.368
   2.374
   2.384
   2.396
   2.413
   2.436
   2.461
   2.489
   2.517
   2.543
   2.565
   2.586
   2.605
   2.624
   2.648
   2.677
   2.713
   2.753
   2.799
   2.840
   2.873
   2.766
   0.000
 -65.534
 -65.534
 -65.534
 -65.534
 -65.534
 -65.534
 -65.534
 -65.534
 -65.534
 -65.534
 -65.534
 -65.534
 -65.534
 -65.534
 -65.534
 -65.534
 -65.534
 -65.534
 -65.534
   0.981
   1.022
   1.046
   1.070
   1.098
   1.129
   1.168
   1.219
   1.272
   1.325
   1.371
   1.418
   1.462
   1.512
   1.574
   1.649
   1.729
   1.816
   1.904
   1.985
   2.060
   2.123
   2.173
   2.209
   2.235
   2.251
   2.257
   2.259
   2.269
   2.284
   2.300
   2.323
   2.352
   2.382
   2.414
   2.446
   2.473
   2.495
   2.513
   2.526
   2.536
   2.551
   2.582
   2.621
   2.665
   2.712
   2.761
   2.797
   2.690
   0.000
 -65.534
 -65.534
 -65.534
 -65.534
 -65.534
 -65.534
 -65.534
 -65.534
 -65.534
 -65.534
 -65.534
 -65.534
 -65.534
 -65.534
 -65.534
 -65.534
 -65.534
 -65.534
   0.731
   0.934
   0.951
   0.974
   1.001
   1.029
   1.058
   1.094
   1.139
   1.188
   1.234
   1.280
   1.317
   1.357
   1.405
   1.465
   1.539
   1.622
   1.708
   1.794
   1.877
   1.951
   2.018
   2.071
   2.112
   2.137
   2.153
   2.159
   2.162
   2.170
   2.187
   2.211
   2.240
   2.275
   2.311
   2.342
   2.368
   2.387
   2.407
   2.421
   2.429
   2.435
   2.450
   2.479
   2.518
   2.570
   2.626
   2.681
   2.722
   2.617
   0.000
 -65.534
 -65.534
 -65.534
 -65.534
 -65.534
 -65.534
 -65.534
 -65.534
 -65.534
 -65.534
 -65.534
 -65.534
 -65.534
 -65.534
 -65.534
 -65.534
 -65.534
   0.630
   0.803
   0.860
   0.878
   0.897
   0.921
   0.952
   0.981
   1.017
   1.060
   1.106
   1.152
   1.195
   1.234
   1.271
   1.318
   1.378
   1.448
   1.526
   1.606
   1.691
   1.772
   1.842
   1.912
   1.970
   2.017
   2.048
   2.066
   2.070
   2.072
   2.080
   2.099
   2.122
   2.155
   2.196
   2.230
   2.257
   2.279
   2.299
   2.311
   2.320
   2.321
   2.328
   2.342
   2.373
   2.421
   2.479
   2.542
   2.605
   2.652
   2.554
   0.000
 -65.534
 -65.534
 -65.534
 -65.534
 -65.534
 -65.534
 -65.534
 -65.534
 -65.534
 -65.534
 -65.534
 -65.534
 -65.534
 -65.534
 -65.534
 -65.534
 -65.534
   0.677
   0.765
   0.791
   0.809
   0.821
   0.841
   0.867
   0.900
   0.935
   0.976
   1.023
   1.069
   1.115
   1.158
   1.198
   1.244
   1.300
   1.364
   1.432
   1.504
   1.581
   1.657
   1.727
   1.794
   1.853
   1.906
   1.945
   1.967
   1.975
   1.980
   1.991
   2.009
   2.034
   2.068
   2.103
   2.139
   2.164
   2.182
   2.194
   2.203
   2.209
   2.212
   2.217
   2.241
   2.279
   2.330
   2.394
   2.465
   2.535
   2.593
   2.499
   0.000
 -65.534
 -65.534
 -65.534
 -65.534
 -65.534
 -65.534
 -65.534
 -65.534
 -65.534
 -65.534
 -65.534
 -65.534
 -65.534
 -65.534
 -65.534
 -65.534
 -65.534
   0.667
   0.716
   0.735
   0.750
   0.760
   0.775
   0.795
   0.824
   0.855
   0.893
   0.937
   0.988
   1.042
   1.090
   1.132
   1.180
   1.235
   1.290
   1.346
   1.405
   1.470
   1.540
   1.606
   1.666
   1.724
   1.777
   1.818
   1.847
   1.862
   1.876
   1.895
   1.919
   1.947
   1.981
   2.015
   2.047
   2.071
   2.085
   2.093
   2.099
   2.104
   2.111
   2.124
   2.152
   2.192
   2.248
   2.318
   2.389
   2.461
   2.526
   2.452
   0.000
 -65.534
 -65.534
 -65.534
 -65.534
 -65.534
 -65.534
 -65.534
 -65.534
 -65.534
 -65.534
 -65.534
 -65.534
 -65.534
 -65.534
 -65.534
 -65.534
 -65.534
   0.652
   0.685
   0.704
   0.718
   0.727
   0.738
   0.751
   0.771
   0.800
   0.830
   0.871
   0.921
   0.978
   1.032
   1.079
   1.130
   1.184
   1.237
   1.286
   1.332
   1.386
   1.440
   1.495
   1.548
   1.596
   1.643
   1.685
   1.719
   1.749
   1.773
   1.799
   1.828
   1.860
   1.893
   1.927
   1.956
   1.976
   1.987
   1.995
   1.998
   2.007
   2.021
   2.043
   2.077
   2.121
   2.177
   2.244
   2.314
   2.389
   2.459
   2.389
   0.000
 -65.534
 -65.534
 -65.534
 -65.534
 -65.534
 -65.534
 -65.534
 -65.534
 -65.534
 -65.534
 -65.534
 -65.534
 -65.534
 -65.534
 -65.534
 -65.534
 -65.534
 -65.534
   0.662
   0.684
   0.700
   0.711
   0.719
   0.729
   0.742
   0.761
   0.787
   0.821
   0.865
   0.923
   0.982
   1.030
   1.084
   1.139
   1.193
   1.243
   1.274
   1.310
   1.350
   1.390
   1.433
   1.472
   1.516
   1.561
   1.604
   1.640
   1.677
   1.713
   1.750
   1.783
   1.816
   1.845
   1.869
   1.887
   1.898
   1.908
   1.917
   1.931
   1.952
   1.982
   2.022
   2.069
   2.124
   2.185
   2.253
   2.319
   2.385
   2.321
   0.000
 -65.534
 -65.534
 -65.534
 -65.534
 -65.534
 -65.534
 -65.534
 -65.534
 -65.534
 -65.534
 -65.534
 -65.534
 -65.534
 -65.534
 -65.534
 -65.534
 -65.534
 -65.534
 -65.534
   0.666
   0.681
   0.693
   0.702
   0.709
   0.720
   0.734
   0.752
   0.779
   0.819
   0.872
   0.928
   0.983
   1.037
   1.095
   1.156
   1.215
   1.209
   1.232
   1.262
   1.292
   1.321
   1.355
   1.399
   1.448
   1.499
   1.547
   1.594
   1.633
   1.675
   1.714
   1.748
   1.774
   1.797
   1.815
   1.830
   1.844
   1.862
   1.884
   1.912
   1.948
   1.992
   2.042
   2.095
   2.153
   2.212
   2.270
   2.322
   2.248
   0.000
 -65.534
 -65.534
 -65.534
 -65.534
 -65.534
 -65.534
 -65.534
 -65.534
 -65.534
 -65.534
 -65.534
 -65.534
 -65.534
 -65.534
 -65.534
 -65.534
 -65.534
 -65.534
 -65.534
 -65.534
   0.674
   0.692
   0.702
   0.709
   0.716
   0.726
   0.740
   0.759
   0.788
   0.832
   0.878
   0.931
   0.972
   1.006
   1.012
   0.939
 -65.534
 -65.534
 -65.534
 -65.534
   1.181
   1.241
   1.297
   1.357
   1.412
   1.466
   1.515
   1.560
   1.601
   1.642
   1.679
   1.709
   1.733
   1.753
   1.770
   1.792
   1.819
   1.851
   1.887
   1.928
   1.978
   2.030
   2.083
   2.134
   2.184
   2.232
   2.273
   2.190
   0.000
 -65.534
 -65.534
 -65.534
 -65.534
 -65.534
 -65.534
 -65.534
 -65.534
 -65.534
 -65.534
 -65.534
 -65.534
 -65.534
 -65.534
 -65.534
 -65.534
 -65.534
 -65.534
 -65.534
 -65.534
 -65.534
 -65.534
 -65.534
 -65.534
   0.699
   0.714
   0.727
   0.744
   0.773
   0.810
   0.844
   0.877
   0.901
   0.908
   0.876
   0.776
 -65.534
 -65.534
 -65.534
 -65.534
 -65.534
 -65.534
   1.208
   1.287
   1.343
   1.393
   1.441
   1.481
   1.524
   1.562
   1.599
   1.635
   1.665
   1.690
   1.719
   1.749
   1.785
   1.826
   1.870
   1.919
   1.974
   2.030
   2.079
   2.124
   2.166
   2.204
   2.228
   2.133
   0.000
 -65.534
 -65.534
 -65.534
 -65.534
 -65.534
 -65.534
 -65.534
 -65.534
 -65.534
 -65.534
 -65.534
 -65.534
 -65.534
 -65.534
 -65.534
 -65.534
 -65.534
 -65.534
 -65.534
 -65.534
 -65.534
 -65.534
 -65.534
 -65.534
   0.708
   0.728
   0.741
   0.756
   0.773
   0.792
   0.808
   0.821
   0.828
   0.814
   0.773
   0.699
 -65.534
 -65.534
 -65.534
 -65.534
 -65.534
 -65.534
 -65.534
   1.229
   1.294
   1.323
   1.369
   1.402
   1.436
   1.474
   1.514
   1.555
   1.593
   1.630
   1.670
   1.717
   1.766
   1.817
   1.869
   1.924
   1.981
   2.036
   2.081
   2.118
   2.148
   2.170
   2.183
   2.069
   0.000
 -65.534
 -65.534
 -65.534
 -65.534
 -65.534
 -65.534
 -65.534
 -65.534
 -65.534
 -65.534
 -65.534
 -65.534
 -65.534
 -65.534
 -65.534
 -65.534
 -65.534
 -65.534
 -65.534
 -65.534
 -65.534
 -65.534
 -65.534
 -65.534
 -65.534
 -65.534
 -65.534
 -65.534
 -65.534
   0.772
   0.775
   0.768
   0.769
   0.744
   0.709
   0.657
   0.506
 -65.534
 -65.534
 -65.534
 -65.534
 -65.534
 -65.534
   1.066
   1.027
 -65.534
   1.212
   1.291
   1.346
   1.400
   1.437
   1.478
   1.523
   1.576
   1.632
   1.698
   1.761
   1.819
   1.876
   1.932
   1.989
   2.041
   2.079
   2.104
   2.121
   2.127
   2.127
   1.994
   0.000
 -65.534
 -65.534
 -65.534
 -65.534
 -65.534
 -65.534
 -65.534
 -65.534
 -65.534
 -65.534
 -65.534
 -65.534
 -65.534
 -65.534
 -65.534
 -65.534
 -65.534
 -65.534
 -65.534
 -65.534
 -65.534
 -65.534
 -65.534
 -65.534
 -65.534
 -65.534
 -65.534
 -65.534
 -65.534
 -65.534
 -65.534
 -65.534
   0.707
   0.693
   0.669
   0.634
   0.538
   0.475
 -65.534
 -65.534
 -65.534
 -65.534
 -65.534
 -65.534
 -65.534
 -65.534
 -65.534
 -65.534
 -65.534
   1.216
   1.353
   1.426
   1.495
   1.539
   1.596
   1.667
   1.739
   1.802
   1.860
   1.918
   1.972
   2.019
   2.052
   2.072
   2.079
   2.071
   2.058
   1.911
   0.000
 -65.534
 -65.534
 -65.534
 -65.534
 -65.534
 -65.534
 -65.534
 -65.534
 -65.534
 -65.534
 -65.534
 -65.534
 -65.534
 -65.534
 -65.534
 -65.534
 -65.534
 -65.534
 -65.534
 -65.534
 -65.534
 -65.534
 -65.534
 -65.534
 -65.534
 -65.534
 -65.534
 -65.534
 -65.534
 -65.534
 -65.534
 -65.534
   0.699
   0.681
   0.660
   0.621
   0.556
   0.491
   0.450
   0.436
 -65.534
 -65.534
 -65.534
 -65.534
 -65.534
 -65.534
 -65.534
 -65.534
 -65.534
 -65.534
 -65.534
 -65.534
   1.278
   1.445
   1.535
   1.643
   1.708
   1.766
   1.820
   1.872
   1.926
   1.968
   1.998
   2.014
   2.015
   2.007
   1.994
   1.843
   0.000
 -65.534
 -65.534
 -65.534
 -65.534
 -65.534
 -65.534
 -65.534
 -65.534
 -65.534
 -65.534
 -65.534
 -65.534
 -65.534
 -65.534
 -65.534
 -65.534
 -65.534
 -65.534
 -65.534
 -65.534
 -65.534
 -65.534
 -65.534
 -65.534
 -65.534
 -65.534
 -65.534
 -65.534
 -65.534
 -65.534
 -65.534
 -65.534
 -65.534
 -65.534
 -65.534
 -65.534
   0.458
   0.441
   0.408
   0.395
   0.415
   0.393
   0.398
   0.408
   0.429
 -65.534
 -65.534
 -65.534
 -65.534
 -65.534
 -65.534
 -65.534
 -65.534
 -65.534
 -65.534
   1.384
   1.607
   1.692
   1.751
   1.798
   1.842
   1.886
   1.917
   1.931
   1.936
   1.932
   1.928
   1.783
   0.000
 -65.534
 -65.534
 -65.534
 -65.534
 -65.534
 -65.534
 -65.534
 -65.534
 -65.534
 -65.534
 -65.534
 -65.534
 -65.534
 -65.534
 -65.534
 -65.534
 -65.534
 -65.534
 -65.534
 -65.534
 -65.534
 -65.534
 -65.534
 -65.534
 -65.534
 -65.534
 -65.534
 -65.534
 -65.534
 -65.534
 -65.534
 -65.534
 -65.534
 -65.534
 -65.534
 -65.534
 -65.534
 -65.534
 -65.534
 -65.534
   0.314
 -65.534
 -65.534
 -65.534
 -65.534
 -65.534
 -65.534
 -65.534
 -65.534
 -65.534
 -65.534
 -65.534
 -65.534
 -65.534
 -65.534
   1.154
   1.428
   1.587
   1.661
   1.745
   1.773
   1.781
   1.808
   1.831
   1.849
   1.860
   1.871
   1.728
   0.000
 -65.534
 -65.534
 -65.534
 -65.534
 -65.534
 -65.534
 -65.534
 -65.534
 -65.534
 -65.534
 -65.534
 -65.534
 -65.534
 -65.534
 -65.534
 -65.534
 -65.534
 -65.534
 -65.534
 -65.534
 -65.534
 -65.534
 -65.534
 -65.534
 -65.534
 -65.534
 -65.534
 -65.534
 -65.534
 -65.534
 -65.534
 -65.534
 -65.534
 -65.534
 -65.534
 -65.534
 -65.534
 -65.534
 -65.534
 -65.534
 -65.534
 -65.534
 -65.534
 -65.534
 -65.534
 -65.534
 -65.534
 -65.534
 -65.534
 -65.534
 -65.534
 -65.534
 -65.534
 -65.534
 -65.534
 -65.534
 -65.534
 -65.534
 -65.534
   1.299
   1.550
   1.650
   1.673
   1.695
   1.721
   1.746
   1.776
   1.634
   0.000
 -65.534
 -65.534
 -65.534
 -65.534
 -65.534
 -65.534
 -65.534
 -65.534
 -65.534
 -65.534
 -65.534
 -65.534
 -65.534
 -65.534
 -65.534
 -65.534
 -65.534
 -65.534
 -65.534
 -65.534
 -65.534
 -65.534
 -65.534
 -65.534
 -65.534
 -65.534
 -65.534
 -65.534
 -65.534
 -65.534
 -65.534
 -65.534
 -65.534
 -65.534
 -65.534
 -65.534
 -65.534
 -65.534
 -65.534
 -65.534
 -65.534
 -65.534
 -65.534
 -65.534
 -65.534
 -65.534
 -65.534
 -65.534
 -65.534
 -65.534
 -65.534
 -65.534
 -65.534
 -65.534
 -65.534
 -65.534
 -65.534
 -65.534
 -65.534
 -65.534
 -65.534
   0.000
   0.000
   0.000
   0.000
   0.000
   0.000
   0.000
 -65.534
