 -65.534
   0.000
   0.000
   0.000
   0.000
   0.000
   0.000
   0.000
   0.000
   0.000
   0.000
   0.000
   0.000
   0.000
   0.000
   0.000
   0.000
   0.000
   0.000
   0.000
   0.000
   0.000
   0.000
   0.000
   0.000
   0.000
   0.000
   0.000
   0.000
   0.000
   0.000
   0.000
   0.000
   0.000
   0.000
   0.000
   0.000
   0.000
   0.000
   0.000
   0.000
   0.000
   0.000
   0.000
   0.000
   0.000
   0.000
   0.000
   0.000
   0.000
   0.000
   0.000
   0.000
   0.000
   0.000
   0.000
   0.000
   0.000
   0.000
   0.000
   0.000
   0.000
   0.000
   0.000
   0.000
   0.000
   0.000
   0.000
 -65.534
   0.000
   1.907
   2.067
   2.142
   2.221
   2.294
   2.357
   2.407
   2.444
   2.477
   2.503
   2.519
   2.526
   2.539
   2.552
   2.571
   2.595
   2.627
   2.654
   2.655
   2.632
   2.600
   2.580
   2.516
   2.634
   2.805
   2.945
   3.040
   3.105
   3.145
   3.169
   3.200
   3.205
   3.183
   3.194
   3.147
   3.120
   3.064
   2.958
   2.845
   2.700
   2.551
   2.415
   2.277
   2.166
   2.092
   2.038
   1.984
   1.938
   1.900
   1.879
   1.872
   1.867
   1.876
   1.903
   1.928
   1.951
   1.971
   1.991
   2.018
   2.042
   2.057
   2.073
   2.081
   2.068
   2.056
   2.047
   2.023
   0.000
   0.000
   2.074
   2.217
   2.273
   2.345
   2.410
   2.471
   2.524
   2.566
   2.604
   2.632
   2.647
   2.654
   2.662
   2.675
   2.701
   2.738
   2.785
   2.834
   2.872
   2.897
   2.913
   2.939
   2.944
   3.055
   3.197
   3.322
   3.418
   3.477
   3.518
   3.550
   3.576
   3.602
   3.610
   3.617
   3.605
   3.571
   3.524
   3.437
   3.317
   3.176
   3.012
   2.840
   2.665
   2.532
   2.467
   2.432
   2.395
   2.354
   2.326
   2.304
   2.297
   2.302
   2.314
   2.330
   2.355
   2.381
   2.408
   2.435
   2.459
   2.488
   2.513
   2.530
   2.529
   2.518
   2.497
   2.477
   2.422
   0.000
   0.000
   2.072
   2.198
   2.247
   2.303
   2.353
   2.412
   2.468
   2.520
   2.569
   2.610
   2.638
   2.659
   2.677
   2.705
   2.742
   2.797
   2.862
   2.932
   3.002
   3.059
   3.114
   3.183
   3.258
   3.341
   3.459
   3.557
   3.628
   3.675
   3.713
   3.748
   3.779
   3.806
   3.844
   3.868
   3.859
   3.837
   3.787
   3.700
   3.585
   3.439
   3.267
   3.084
   2.898
   2.757
   2.685
   2.658
   2.631
   2.601
   2.579
   2.557
   2.549
   2.552
   2.562
   2.577
   2.597
   2.624
   2.652
   2.681
   2.707
   2.736
   2.760
   2.774
   2.776
   2.761
   2.731
   2.706
   2.626
   0.000
   0.000
   2.051
   2.161
   2.194
   2.240
   2.286
   2.338
   2.396
   2.451
   2.511
   2.565
   2.610
   2.649
   2.688
   2.734
   2.793
   2.863
   2.945
   3.036
   3.129
   3.216
   3.295
   3.386
   3.493
   3.583
   3.685
   3.765
   3.811
   3.831
   3.861
   3.893
   3.926
   3.965
   4.019
   4.062
   4.074
   4.066
   4.028
   3.945
   3.829
   3.685
   3.510
   3.323
   3.141
   2.991
   2.908
   2.871
   2.849
   2.830
   2.804
   2.788
   2.778
   2.778
   2.785
   2.796
   2.812
   2.840
   2.867
   2.888
   2.908
   2.930
   2.949
   2.957
   2.952
   2.934
   2.902
   2.871
   2.777
   0.000
   0.000
   2.022
   2.120
   2.142
   2.187
   2.227
   2.271
   2.324
   2.383
   2.447
   2.514
   2.573
   2.631
   2.695
   2.764
   2.840
   2.926
   3.023
   3.126
   3.232
   3.335
   3.429
   3.538
   3.644
   3.762
   3.853
   3.900
   3.917
   3.911
   3.923
   3.958
   3.996
   4.052
   4.131
   4.196
   4.230
   4.236
   4.215
   4.145
   4.039
   3.902
   3.738
   3.559
   3.385
   3.233
   3.131
   3.071
   3.049
   3.028
   3.006
   2.990
   2.980
   2.977
   2.984
   2.998
   3.017
   3.040
   3.063
   3.074
   3.087
   3.097
   3.101
   3.102
   3.094
   3.069
   3.038
   3.000
   2.900
   0.000
   0.000
   1.987
   2.081
   2.100
   2.136
   2.176
   2.219
   2.270
   2.327
   2.394
   2.464
   2.532
   2.603
   2.681
   2.764
   2.861
   2.961
   3.065
   3.179
   3.292
   3.400
   3.513
   3.640
   3.762
   3.862
   3.907
   3.925
   3.922
   3.902
   3.907
   3.953
   4.009
   4.090
   4.183
   4.274
   4.334
   4.369
   4.357
   4.304
   4.212
   4.097
   3.956
   3.793
   3.621
   3.468
   3.356
   3.282
   3.240
   3.209
   3.185
   3.167
   3.155
   3.150
   3.159
   3.177
   3.196
   3.217
   3.234
   3.239
   3.239
   3.235
   3.226
   3.211
   3.194
   3.168
   3.134
   3.102
   2.998
   0.000
   0.000
   1.948
   2.046
   2.068
   2.103
   2.143
   2.186
   2.236
   2.290
   2.353
   2.419
   2.488
   2.562
   2.644
   2.735
   2.839
   2.951
   3.062
   3.182
   3.297
   3.411
   3.520
   3.636
   3.747
   3.823
   3.851
   3.856
   3.839
   3.816
   3.828
   3.892
   3.973
   4.080
   4.197
   4.313
   4.392
   4.446
   4.454
   4.417
   4.347
   4.257
   4.138
   3.997
   3.851
   3.704
   3.576
   3.485
   3.422
   3.373
   3.337
   3.309
   3.291
   3.286
   3.296
   3.315
   3.336
   3.356
   3.370
   3.369
   3.356
   3.339
   3.313
   3.283
   3.252
   3.225
   3.192
   3.163
   3.064
   0.000
   0.000
   1.884
   2.001
   2.029
   2.076
   2.117
   2.161
   2.207
   2.261
   2.320
   2.379
   2.446
   2.515
   2.592
   2.682
   2.790
   2.904
   3.022
   3.141
   3.257
   3.370
   3.472
   3.573
   3.667
   3.725
   3.738
   3.733
   3.714
   3.693
   3.718
   3.801
   3.910
   4.037
   4.182
   4.317
   4.418
   4.489
   4.514
   4.497
   4.448
   4.375
   4.281
   4.170
   4.045
   3.919
   3.794
   3.682
   3.598
   3.529
   3.474
   3.435
   3.409
   3.399
   3.405
   3.426
   3.449
   3.468
   3.474
   3.465
   3.443
   3.411
   3.371
   3.328
   3.285
   3.249
   3.217
   3.189
   3.100
   0.000
   0.000
   1.787
   1.911
   1.956
   2.017
   2.070
   2.122
   2.176
   2.229
   2.286
   2.342
   2.400
   2.461
   2.530
   2.616
   2.714
   2.825
   2.944
   3.060
   3.175
   3.283
   3.382
   3.477
   3.557
   3.599
   3.605
   3.597
   3.573
   3.562
   3.606
   3.705
   3.829
   3.971
   4.136
   4.285
   4.407
   4.500
   4.547
   4.545
   4.512
   4.457
   4.382
   4.296
   4.197
   4.087
   3.975
   3.863
   3.760
   3.673
   3.601
   3.554
   3.519
   3.501
   3.501
   3.515
   3.531
   3.543
   3.540
   3.520
   3.490
   3.449
   3.400
   3.345
   3.298
   3.259
   3.225
   3.199
   3.114
   0.000
   0.000
   1.653
   1.786
   1.848
   1.924
   1.995
   2.062
   2.125
   2.189
   2.251
   2.304
   2.356
   2.407
   2.467
   2.539
   2.627
   2.725
   2.829
   2.939
   3.047
   3.150
   3.245
   3.340
   3.416
   3.455
   3.461
   3.446
   3.427
   3.437
   3.496
   3.598
   3.727
   3.875
   4.043
   4.206
   4.341
   4.451
   4.518
   4.540
   4.523
   4.487
   4.432
   4.366
   4.293
   4.197
   4.098
   4.002
   3.894
   3.796
   3.721
   3.663
   3.607
   3.581
   3.572
   3.578
   3.576
   3.573
   3.557
   3.525
   3.484
   3.440
   3.386
   3.334
   3.288
   3.249
   3.219
   3.198
   3.123
   0.000
   0.000
   1.508
   1.654
   1.732
   1.827
   1.914
   1.990
   2.063
   2.136
   2.204
   2.266
   2.318
   2.369
   2.419
   2.479
   2.551
   2.629
   2.709
   2.797
   2.889
   2.987
   3.077
   3.170
   3.252
   3.295
   3.312
   3.309
   3.303
   3.322
   3.384
   3.489
   3.612
   3.763
   3.933
   4.095
   4.235
   4.355
   4.443
   4.481
   4.492
   4.474
   4.429
   4.379
   4.321
   4.251
   4.171
   4.090
   3.993
   3.899
   3.822
   3.757
   3.698
   3.657
   3.635
   3.620
   3.608
   3.583
   3.545
   3.499
   3.451
   3.400
   3.346
   3.295
   3.259
   3.228
   3.203
   3.190
   3.121
   0.000
   0.000
   1.349
   1.547
   1.647
   1.754
   1.849
   1.934
   2.013
   2.085
   2.157
   2.226
   2.287
   2.340
   2.393
   2.446
   2.503
   2.557
   2.619
   2.681
   2.753
   2.828
   2.908
   2.995
   3.076
   3.130
   3.159
   3.173
   3.178
   3.203
   3.263
   3.365
   3.484
   3.630
   3.801
   3.960
   4.096
   4.216
   4.310
   4.364
   4.391
   4.389
   4.361
   4.321
   4.283
   4.231
   4.168
   4.109
   4.040
   3.965
   3.894
   3.831
   3.768
   3.719
   3.682
   3.650
   3.613
   3.575
   3.524
   3.470
   3.414
   3.358
   3.303
   3.253
   3.221
   3.198
   3.185
   3.182
   3.122
   0.000
 -65.534
 -65.534
   1.390
   1.590
   1.704
   1.805
   1.899
   1.981
   2.055
   2.129
   2.198
   2.257
   2.312
   2.364
   2.413
   2.463
   2.510
   2.554
   2.600
   2.651
   2.705
   2.764
   2.832
   2.900
   2.955
   2.994
   3.020
   3.042
   3.067
   3.128
   3.222
   3.332
   3.478
   3.644
   3.794
   3.916
   4.027
   4.117
   4.178
   4.216
   4.227
   4.213
   4.190
   4.167
   4.135
   4.089
   4.052
   4.007
   3.958
   3.908
   3.859
   3.808
   3.754
   3.709
   3.661
   3.609
   3.558
   3.501
   3.443
   3.385
   3.324
   3.269
   3.218
   3.190
   3.175
   3.170
   3.182
   3.134
   0.000
 -65.534
 -65.534
 -65.534
   1.470
   1.677
   1.772
   1.875
   1.965
   2.047
   2.120
   2.186
   2.240
   2.289
   2.337
   2.380
   2.422
   2.463
   2.498
   2.533
   2.574
   2.613
   2.656
   2.703
   2.753
   2.797
   2.833
   2.864
   2.893
   2.925
   2.981
   3.062
   3.170
   3.309
   3.447
   3.563
   3.717
   3.826
   3.901
   3.958
   3.998
   4.019
   4.017
   4.009
   4.003
   3.984
   3.953
   3.929
   3.904
   3.880
   3.858
   3.832
   3.797
   3.752
   3.711
   3.664
   3.605
   3.544
   3.492
   3.438
   3.380
   3.322
   3.268
   3.226
   3.200
   3.193
   3.203
   3.222
   3.177
   0.000
 -65.534
 -65.534
 -65.534
 -65.534
   1.602
   1.741
   1.844
   1.939
   2.024
   2.101
   2.169
   2.226
   2.273
   2.317
   2.353
   2.387
   2.414
   2.440
   2.466
   2.494
   2.521
   2.555
   2.592
   2.626
   2.658
   2.687
   2.717
   2.746
   2.779
   2.830
   2.903
   2.998
   3.115
   3.237
   3.355
   3.479
   3.565
   3.675
   3.733
   3.768
   3.789
   3.795
   3.799
   3.804
   3.794
   3.774
   3.758
   3.747
   3.740
   3.742
   3.743
   3.730
   3.708
   3.678
   3.638
   3.587
   3.533
   3.485
   3.440
   3.396
   3.349
   3.306
   3.275
   3.264
   3.271
   3.291
   3.327
   3.278
   0.000
 -65.534
 -65.534
 -65.534
 -65.534
   1.554
   1.690
   1.790
   1.886
   1.974
   2.055
   2.128
   2.189
   2.242
   2.282
   2.318
   2.341
   2.358
   2.369
   2.380
   2.397
   2.417
   2.439
   2.464
   2.495
   2.524
   2.550
   2.575
   2.601
   2.631
   2.681
   2.743
   2.822
   2.919
   3.024
   3.128
   3.227
   3.310
   3.399
   3.443
   3.502
   3.527
   3.532
   3.547
   3.560
   3.564
   3.556
   3.552
   3.553
   3.558
   3.577
   3.603
   3.616
   3.619
   3.607
   3.577
   3.541
   3.498
   3.462
   3.436
   3.406
   3.381
   3.358
   3.344
   3.347
   3.371
   3.407
   3.453
   3.407
   0.000
 -65.534
 -65.534
 -65.534
 -65.534
   1.500
   1.630
   1.719
   1.808
   1.892
   1.978
   2.056
   2.119
   2.174
   2.219
   2.249
   2.264
   2.267
   2.269
   2.275
   2.280
   2.291
   2.305
   2.324
   2.347
   2.370
   2.398
   2.425
   2.455
   2.487
   2.531
   2.581
   2.642
   2.720
   2.805
   2.889
   2.969
   3.044
   3.106
   3.155
   3.208
   3.244
   3.259
   3.266
   3.284
   3.296
   3.303
   3.317
   3.338
   3.362
   3.399
   3.447
   3.485
   3.504
   3.507
   3.495
   3.467
   3.435
   3.411
   3.399
   3.391
   3.389
   3.387
   3.395
   3.418
   3.452
   3.496
   3.547
   3.499
   0.000
 -65.534
 -65.534
 -65.534
 -65.534
   1.394
   1.505
   1.577
   1.666
   1.769
   1.843
   1.923
   1.994
   2.052
   2.102
   2.133
   2.144
   2.143
   2.139
   2.137
   2.143
   2.147
   2.153
   2.168
   2.188
   2.210
   2.236
   2.264
   2.297
   2.333
   2.373
   2.416
   2.465
   2.521
   2.584
   2.647
   2.712
   2.776
   2.830
   2.878
   2.922
   2.965
   2.988
   3.007
   3.030
   3.046
   3.060
   3.085
   3.119
   3.161
   3.212
   3.272
   3.325
   3.363
   3.380
   3.379
   3.366
   3.343
   3.323
   3.316
   3.327
   3.348
   3.374
   3.404
   3.439
   3.480
   3.528
   3.575
   3.520
   0.000
 -65.534
 -65.534
 -65.534
 -65.534
 -65.534
 -65.534
 -65.534
 -65.534
   1.572
   1.684
   1.759
   1.834
   1.899
   1.950
   1.985
   1.999
   1.998
   1.994
   1.994
   1.995
   1.990
   1.997
   2.009
   2.023
   2.044
   2.069
   2.101
   2.135
   2.171
   2.209
   2.243
   2.276
   2.313
   2.356
   2.398
   2.446
   2.498
   2.553
   2.602
   2.648
   2.691
   2.729
   2.772
   2.809
   2.841
   2.870
   2.908
   2.949
   2.989
   3.043
   3.106
   3.165
   3.214
   3.241
   3.254
   3.244
   3.229
   3.218
   3.214
   3.228
   3.262
   3.308
   3.360
   3.405
   3.453
   3.508
   3.552
   3.490
   0.000
 -65.534
 -65.534
 -65.534
 -65.534
 -65.534
 -65.534
   0.999
   1.258
   1.450
   1.530
   1.604
   1.682
   1.751
   1.801
   1.836
   1.855
   1.859
   1.856
   1.853
   1.850
   1.846
   1.847
   1.854
   1.869
   1.889
   1.913
   1.944
   1.976
   2.009
   2.040
   2.062
   2.079
   2.101
   2.123
   2.150
   2.184
   2.226
   2.267
   2.317
   2.370
   2.427
   2.486
   2.546
   2.609
   2.667
   2.718
   2.765
   2.805
   2.852
   2.905
   2.966
   3.029
   3.076
   3.114
   3.126
   3.123
   3.114
   3.105
   3.102
   3.118
   3.159
   3.214
   3.272
   3.325
   3.380
   3.435
   3.483
   3.405
   0.000
 -65.534
 -65.534
 -65.534
 -65.534
 -65.534
 -65.534
 -65.534
 -65.534
 -65.534
   1.351
   1.434
   1.495
   1.560
   1.616
   1.661
   1.703
   1.705
   1.710
   1.708
   1.702
   1.700
   1.706
   1.717
   1.727
   1.741
   1.764
   1.796
   1.827
   1.853
   1.877
   1.891
   1.896
   1.899
   1.905
   1.916
   1.936
   1.962
   2.000
   2.047
   2.105
   2.176
   2.253
   2.337
   2.420
   2.497
   2.563
   2.622
   2.674
   2.724
   2.775
   2.830
   2.889
   2.938
   2.973
   2.994
   3.000
   2.992
   2.979
   2.981
   3.005
   3.044
   3.100
   3.156
   3.197
   3.246
   3.299
   3.340
   3.251
   0.000
 -65.534
 -65.534
 -65.534
 -65.534
 -65.534
 -65.534
 -65.534
 -65.534
 -65.534
 -65.534
 -65.534
 -65.534
 -65.534
 -65.534
 -65.534
   1.474
   1.479
   1.495
   1.511
   1.530
   1.554
   1.578
   1.596
   1.609
   1.620
   1.635
   1.659
   1.690
   1.715
   1.729
   1.735
   1.733
   1.728
   1.726
   1.726
   1.735
   1.751
   1.774
   1.811
   1.874
   1.958
   2.053
   2.154
   2.252
   2.341
   2.418
   2.487
   2.548
   2.601
   2.654
   2.708
   2.764
   2.812
   2.845
   2.864
   2.865
   2.857
   2.852
   2.861
   2.892
   2.941
   2.989
   3.029
   3.061
   3.096
   3.133
   3.163
   3.052
   0.000
 -65.534
 -65.534
 -65.534
 -65.534
 -65.534
 -65.534
 -65.534
 -65.534
 -65.534
 -65.534
 -65.534
 -65.534
 -65.534
 -65.534
 -65.534
 -65.534
 -65.534
 -65.534
 -65.534
   1.332
   1.399
   1.446
   1.480
   1.502
   1.516
   1.528
   1.549
   1.569
   1.588
   1.606
   1.613
   1.606
   1.599
   1.593
   1.594
   1.599
   1.614
   1.635
   1.672
   1.734
   1.821
   1.922
   2.024
   2.126
   2.221
   2.304
   2.376
   2.444
   2.496
   2.550
   2.604
   2.654
   2.696
   2.719
   2.726
   2.723
   2.710
   2.707
   2.728
   2.776
   2.834
   2.876
   2.908
   2.929
   2.946
   2.967
   2.987
   2.854
   0.000
 -65.534
 -65.534
 -65.534
 -65.534
 -65.534
 -65.534
 -65.534
 -65.534
 -65.534
 -65.534
 -65.534
 -65.534
 -65.534
 -65.534
 -65.534
 -65.534
 -65.534
 -65.534
   0.849
   1.173
   1.229
   1.289
   1.344
   1.385
   1.409
   1.428
   1.449
   1.468
   1.487
   1.501
   1.509
   1.516
   1.513
   1.513
   1.518
   1.530
   1.551
   1.580
   1.622
   1.686
   1.764
   1.857
   1.953
   2.049
   2.140
   2.219
   2.286
   2.351
   2.411
   2.459
   2.508
   2.555
   2.588
   2.596
   2.591
   2.578
   2.564
   2.565
   2.594
   2.646
   2.702
   2.747
   2.774
   2.786
   2.791
   2.799
   2.808
   2.661
   0.000
 -65.534
 -65.534
 -65.534
 -65.534
 -65.534
 -65.534
 -65.534
 -65.534
 -65.534
 -65.534
 -65.534
 -65.534
 -65.534
 -65.534
 -65.534
 -65.534
 -65.534
   0.584
   0.855
   0.994
   1.059
   1.122
   1.186
   1.249
   1.289
   1.319
   1.347
   1.371
   1.392
   1.407
   1.424
   1.439
   1.445
   1.450
   1.463
   1.489
   1.518
   1.556
   1.608
   1.671
   1.747
   1.830
   1.915
   2.002
   2.083
   2.147
   2.209
   2.271
   2.325
   2.374
   2.425
   2.470
   2.495
   2.496
   2.481
   2.463
   2.446
   2.451
   2.485
   2.533
   2.582
   2.624
   2.645
   2.646
   2.642
   2.640
   2.642
   2.488
   0.000
 -65.534
 -65.534
 -65.534
 -65.534
 -65.534
 -65.534
 -65.534
 -65.534
 -65.534
 -65.534
 -65.534
 -65.534
 -65.534
 -65.534
 -65.534
 -65.534
 -65.534
   0.606
   0.753
   0.835
   0.898
   0.960
   1.027
   1.098
   1.157
   1.198
   1.234
   1.265
   1.290
   1.314
   1.339
   1.365
   1.378
   1.389
   1.409
   1.440
   1.480
   1.527
   1.581
   1.647
   1.721
   1.799
   1.877
   1.954
   2.022
   2.080
   2.134
   2.192
   2.242
   2.290
   2.338
   2.390
   2.423
   2.427
   2.423
   2.411
   2.396
   2.402
   2.431
   2.466
   2.497
   2.518
   2.528
   2.525
   2.517
   2.509
   2.500
   2.319
   0.000
 -65.534
 -65.534
 -65.534
 -65.534
 -65.534
 -65.534
 -65.534
 -65.534
 -65.534
 -65.534
 -65.534
 -65.534
 -65.534
 -65.534
 -65.534
 -65.534
 -65.534
   0.592
   0.664
   0.722
   0.770
   0.826
   0.886
   0.951
   1.022
   1.072
   1.115
   1.152
   1.186
   1.220
   1.253
   1.287
   1.306
   1.325
   1.348
   1.380
   1.425
   1.473
   1.535
   1.604
   1.678
   1.750
   1.821
   1.890
   1.944
   1.996
   2.046
   2.096
   2.148
   2.200
   2.254
   2.312
   2.351
   2.372
   2.390
   2.394
   2.388
   2.395
   2.410
   2.428
   2.436
   2.436
   2.426
   2.412
   2.378
   2.365
   2.340
   2.170
   0.000
 -65.534
 -65.534
 -65.534
 -65.534
 -65.534
 -65.534
 -65.534
 -65.534
 -65.534
 -65.534
 -65.534
 -65.534
 -65.534
 -65.534
 -65.534
 -65.534
 -65.534
   0.629
   0.627
   0.663
   0.698
   0.738
   0.785
   0.837
   0.897
   0.960
   1.004
   1.046
   1.087
   1.129
   1.169
   1.207
   1.229
   1.253
   1.279
   1.318
   1.363
   1.419
   1.483
   1.554
   1.628
   1.692
   1.750
   1.809
   1.863
   1.909
   1.955
   2.003
   2.054
   2.108
   2.170
   2.238
   2.289
   2.330
   2.368
   2.390
   2.398
   2.395
   2.398
   2.394
   2.384
   2.362
   2.341
   2.312
   2.274
   2.243
   2.200
   2.029
   0.000
 -65.534
 -65.534
 -65.534
 -65.534
 -65.534
 -65.534
 -65.534
 -65.534
 -65.534
 -65.534
 -65.534
 -65.534
 -65.534
 -65.534
 -65.534
 -65.534
 -65.534
 -65.534
   0.659
   0.646
   0.670
   0.699
   0.732
   0.767
   0.812
   0.863
   0.912
   0.958
   1.006
   1.055
   1.098
   1.135
   1.156
   1.182
   1.212
   1.252
   1.301
   1.356
   1.419
   1.488
   1.550
   1.606
   1.657
   1.715
   1.769
   1.819
   1.865
   1.915
   1.964
   2.022
   2.086
   2.158
   2.220
   2.277
   2.322
   2.359
   2.376
   2.377
   2.371
   2.354
   2.330
   2.302
   2.267
   2.228
   2.187
   2.135
   2.074
   1.889
   0.000
 -65.534
 -65.534
 -65.534
 -65.534
 -65.534
 -65.534
 -65.534
 -65.534
 -65.534
 -65.534
 -65.534
 -65.534
 -65.534
 -65.534
 -65.534
 -65.534
 -65.534
 -65.534
 -65.534
   0.674
   0.671
   0.697
   0.716
   0.738
   0.765
   0.804
   0.843
   0.888
   0.939
   0.986
   1.036
   1.069
   1.091
   1.113
   1.148
   1.192
   1.218
   1.249
   1.288
   1.345
   1.438
   1.498
   1.553
   1.614
   1.674
   1.728
   1.779
   1.828
   1.878
   1.935
   1.991
   2.063
   2.130
   2.190
   2.241
   2.282
   2.309
   2.318
   2.312
   2.293
   2.271
   2.240
   2.203
   2.160
   2.113
   2.055
   1.974
   1.777
   0.000
 -65.534
 -65.534
 -65.534
 -65.534
 -65.534
 -65.534
 -65.534
 -65.534
 -65.534
 -65.534
 -65.534
 -65.534
 -65.534
 -65.534
 -65.534
 -65.534
 -65.534
 -65.534
 -65.534
 -65.534
   0.679
   0.681
   0.692
   0.706
   0.729
   0.763
   0.795
   0.833
   0.874
   0.914
   0.959
   0.975
   0.977
   0.971
   0.946
   0.842
 -65.534
 -65.534
 -65.534
 -65.534
   1.256
   1.360
   1.467
   1.531
   1.591
   1.640
   1.686
   1.727
   1.769
   1.819
   1.878
   1.947
   2.014
   2.079
   2.140
   2.191
   2.221
   2.235
   2.234
   2.218
   2.200
   2.170
   2.137
   2.097
   2.051
   1.996
   1.920
   1.717
   0.000
 -65.534
 -65.534
 -65.534
 -65.534
 -65.534
 -65.534
 -65.534
 -65.534
 -65.534
 -65.534
 -65.534
 -65.534
 -65.534
 -65.534
 -65.534
 -65.534
 -65.534
 -65.534
 -65.534
 -65.534
 -65.534
 -65.534
 -65.534
 -65.534
   0.693
   0.722
   0.754
   0.787
   0.816
   0.841
   0.867
   0.864
   0.847
   0.814
   0.748
   0.632
 -65.534
 -65.534
 -65.534
 -65.534
 -65.534
 -65.534
   1.279
   1.433
   1.496
   1.541
   1.571
   1.603
   1.642
   1.686
   1.744
   1.808
   1.880
   1.953
   2.025
   2.084
   2.125
   2.142
   2.140
   2.127
   2.104
   2.078
   2.052
   2.018
   1.981
   1.947
   1.876
   1.689
   0.000
 -65.534
 -65.534
 -65.534
 -65.534
 -65.534
 -65.534
 -65.534
 -65.534
 -65.534
 -65.534
 -65.534
 -65.534
 -65.534
 -65.534
 -65.534
 -65.534
 -65.534
 -65.534
 -65.534
 -65.534
 -65.534
 -65.534
 -65.534
 -65.534
   0.628
   0.648
   0.673
   0.700
   0.724
   0.753
   0.762
   0.747
   0.715
   0.672
   0.617
   0.530
 -65.534
 -65.534
 -65.534
 -65.534
 -65.534
 -65.534
 -65.534
   1.261
   1.362
   1.375
   1.438
   1.465
   1.500
   1.535
   1.588
   1.653
   1.729
   1.814
   1.895
   1.961
   2.001
   2.014
   2.013
   2.003
   1.988
   1.971
   1.953
   1.931
   1.913
   1.889
   1.835
   1.676
   0.000
 -65.534
 -65.534
 -65.534
 -65.534
 -65.534
 -65.534
 -65.534
 -65.534
 -65.534
 -65.534
 -65.534
 -65.534
 -65.534
 -65.534
 -65.534
 -65.534
 -65.534
 -65.534
 -65.534
 -65.534
 -65.534
 -65.534
 -65.534
 -65.534
 -65.534
 -65.534
 -65.534
 -65.534
 -65.534
   0.626
   0.607
   0.598
   0.594
   0.564
   0.520
   0.443
   0.129
 -65.534
 -65.534
 -65.534
 -65.534
 -65.534
 -65.534
   0.927
   0.873
 -65.534
   1.176
   1.246
   1.297
   1.397
   1.455
   1.518
   1.584
   1.661
   1.739
   1.806
   1.845
   1.861
   1.862
   1.856
   1.845
   1.835
   1.830
   1.831
   1.831
   1.822
   1.797
   1.678
   0.000
 -65.534
 -65.534
 -65.534
 -65.534
 -65.534
 -65.534
 -65.534
 -65.534
 -65.534
 -65.534
 -65.534
 -65.534
 -65.534
 -65.534
 -65.534
 -65.534
 -65.534
 -65.534
 -65.534
 -65.534
 -65.534
 -65.534
 -65.534
 -65.534
 -65.534
 -65.534
 -65.534
 -65.534
 -65.534
 -65.534
 -65.534
 -65.534
   0.511
   0.480
   0.445
   0.376
   0.165
   0.048
 -65.534
 -65.534
 -65.534
 -65.534
 -65.534
 -65.534
 -65.534
 -65.534
 -65.534
 -65.534
 -65.534
   1.106
   1.197
   1.268
   1.391
   1.459
   1.540
   1.613
   1.649
   1.660
   1.665
   1.673
   1.677
   1.682
   1.694
   1.718
   1.741
   1.764
   1.765
   1.690
   0.000
 -65.534
 -65.534
 -65.534
 -65.534
 -65.534
 -65.534
 -65.534
 -65.534
 -65.534
 -65.534
 -65.534
 -65.534
 -65.534
 -65.534
 -65.534
 -65.534
 -65.534
 -65.534
 -65.534
 -65.534
 -65.534
 -65.534
 -65.534
 -65.534
 -65.534
 -65.534
 -65.534
 -65.534
 -65.534
 -65.534
 -65.534
 -65.534
   0.353
   0.330
   0.300
   0.252
   0.153
   0.068
   0.024
   0.008
 -65.534
 -65.534
 -65.534
 -65.534
 -65.534
 -65.534
 -65.534
 -65.534
 -65.534
 -65.534
 -65.534
 -65.534
   1.042
   1.093
   1.178
   1.361
   1.412
   1.427
   1.448
   1.470
   1.493
   1.515
   1.552
   1.599
   1.648
   1.709
   1.740
   1.709
   0.000
 -65.534
 -65.534
 -65.534
 -65.534
 -65.534
 -65.534
 -65.534
 -65.534
 -65.534
 -65.534
 -65.534
 -65.534
 -65.534
 -65.534
 -65.534
 -65.534
 -65.534
 -65.534
 -65.534
 -65.534
 -65.534
 -65.534
 -65.534
 -65.534
 -65.534
 -65.534
 -65.534
 -65.534
 -65.534
 -65.534
 -65.534
 -65.534
 -65.534
 -65.534
 -65.534
 -65.534
   0.110
   0.069
   0.041
   0.023
   0.011
   0.003
  -0.007
  -0.024
  -0.037
 -65.534
 -65.534
 -65.534
 -65.534
 -65.534
 -65.534
 -65.534
 -65.534
 -65.534
 -65.534
   1.087
   1.140
   1.172
   1.214
   1.263
   1.299
   1.335
   1.377
   1.445
   1.515
   1.606
   1.665
   1.682
   0.000
 -65.534
 -65.534
 -65.534
 -65.534
 -65.534
 -65.534
 -65.534
 -65.534
 -65.534
 -65.534
 -65.534
 -65.534
 -65.534
 -65.534
 -65.534
 -65.534
 -65.534
 -65.534
 -65.534
 -65.534
 -65.534
 -65.534
 -65.534
 -65.534
 -65.534
 -65.534
 -65.534
 -65.534
 -65.534
 -65.534
 -65.534
 -65.534
 -65.534
 -65.534
 -65.534
 -65.534
 -65.534
 -65.534
 -65.534
 -65.534
  -0.010
 -65.534
 -65.534
 -65.534
 -65.534
 -65.534
 -65.534
 -65.534
 -65.534
 -65.534
 -65.534
 -65.534
 -65.534
 -65.534
 -65.534
   0.830
   0.833
   0.833
   0.880
   1.001
   1.060
   1.106
   1.142
   1.204
   1.291
   1.396
   1.470
   1.542
   0.000
 -65.534
 -65.534
 -65.534
 -65.534
 -65.534
 -65.534
 -65.534
 -65.534
 -65.534
 -65.534
 -65.534
 -65.534
 -65.534
 -65.534
 -65.534
 -65.534
 -65.534
 -65.534
 -65.534
 -65.534
 -65.534
 -65.534
 -65.534
 -65.534
 -65.534
 -65.534
 -65.534
 -65.534
 -65.534
 -65.534
 -65.534
 -65.534
 -65.534
 -65.534
 -65.534
 -65.534
 -65.534
 -65.534
 -65.534
 -65.534
 -65.534
 -65.534
 -65.534
 -65.534
 -65.534
 -65.534
 -65.534
 -65.534
 -65.534
 -65.534
 -65.534
 -65.534
 -65.534
 -65.534
 -65.534
 -65.534
 -65.534
 -65.534
 -65.534
   0.739
   0.742
   0.764
   0.765
   0.842
   0.936
   1.055
   1.127
   1.255
   0.000
 -65.534
 -65.534
 -65.534
 -65.534
 -65.534
 -65.534
 -65.534
 -65.534
 -65.534
 -65.534
 -65.534
 -65.534
 -65.534
 -65.534
 -65.534
 -65.534
 -65.534
 -65.534
 -65.534
 -65.534
 -65.534
 -65.534
 -65.534
 -65.534
 -65.534
 -65.534
 -65.534
 -65.534
 -65.534
 -65.534
 -65.534
 -65.534
 -65.534
 -65.534
 -65.534
 -65.534
 -65.534
 -65.534
 -65.534
 -65.534
 -65.534
 -65.534
 -65.534
 -65.534
 -65.534
 -65.534
 -65.534
 -65.534
 -65.534
 -65.534
 -65.534
 -65.534
 -65.534
 -65.534
 -65.534
 -65.534
 -65.534
 -65.534
 -65.534
 -65.534
 -65.534
   0.000
   0.000
   0.000
   0.000
   0.000
   0.000
   0.000
 -65.534
