 -65.534
   0.000
   0.000
   0.000
   0.000
   0.000
   0.000
   0.000
   0.000
   0.000
   0.000
   0.000
   0.000
   0.000
   0.000
   0.000
   0.000
   0.000
   0.000
   0.000
   0.000
   0.000
   0.000
   0.000
   0.000
   0.000
   0.000
   0.000
   0.000
   0.000
   0.000
   0.000
   0.000
   0.000
   0.000
   0.000
   0.000
   0.000
   0.000
   0.000
   0.000
   0.000
   0.000
   0.000
   0.000
   0.000
   0.000
   0.000
   0.000
   0.000
   0.000
   0.000
   0.000
   0.000
   0.000
   0.000
   0.000
   0.000
   0.000
   0.000
   0.000
   0.000
   0.000
   0.000
   0.000
   0.000
   0.000
   0.000
 -65.534
   0.000
   1.554
   1.762
   1.860
   1.963
   2.055
   2.131
   2.196
   2.259
   2.322
   2.387
   2.455
   2.530
   2.608
   2.684
   2.763
   2.836
   2.907
   2.971
   3.029
   3.076
   3.110
   3.142
   3.152
   3.193
   3.225
   3.237
   3.221
   3.179
   3.124
   3.070
   3.033
   2.991
   2.940
   2.900
   2.829
   2.770
   2.693
   2.593
   2.483
   2.370
   2.271
   2.179
   2.070
   1.973
   1.892
   1.819
   1.757
   1.722
   1.714
   1.720
   1.741
   1.781
   1.829
   1.916
   1.999
   2.081
   2.162
   2.244
   2.332
   2.423
   2.507
   2.598
   2.678
   2.742
   2.807
   2.891
   2.866
   0.000
   0.000
   1.652
   1.841
   1.922
   2.018
   2.101
   2.181
   2.256
   2.326
   2.400
   2.475
   2.549
   2.624
   2.700
   2.775
   2.855
   2.934
   3.016
   3.097
   3.175
   3.244
   3.301
   3.356
   3.393
   3.433
   3.454
   3.456
   3.436
   3.397
   3.352
   3.314
   3.278
   3.248
   3.214
   3.172
   3.112
   3.035
   2.953
   2.843
   2.723
   2.607
   2.496
   2.381
   2.263
   2.149
   2.062
   1.995
   1.952
   1.930
   1.932
   1.945
   1.978
   2.032
   2.097
   2.166
   2.240
   2.323
   2.410
   2.504
   2.608
   2.718
   2.830
   2.942
   3.051
   3.157
   3.251
   3.350
   3.351
   0.000
   0.000
   1.621
   1.795
   1.866
   1.951
   2.028
   2.106
   2.185
   2.263
   2.343
   2.424
   2.501
   2.578
   2.652
   2.723
   2.799
   2.878
   2.963
   3.051
   3.145
   3.231
   3.312
   3.392
   3.457
   3.492
   3.509
   3.503
   3.476
   3.432
   3.391
   3.365
   3.342
   3.326
   3.322
   3.296
   3.244
   3.172
   3.075
   2.959
   2.830
   2.702
   2.567
   2.438
   2.307
   2.192
   2.103
   2.046
   2.011
   1.999
   2.006
   2.025
   2.062
   2.115
   2.177
   2.249
   2.322
   2.400
   2.479
   2.566
   2.665
   2.773
   2.889
   3.011
   3.143
   3.267
   3.385
   3.502
   3.522
   0.000
   0.000
   1.583
   1.741
   1.800
   1.874
   1.946
   2.019
   2.097
   2.178
   2.264
   2.350
   2.430
   2.508
   2.582
   2.652
   2.725
   2.801
   2.884
   2.980
   3.083
   3.185
   3.285
   3.384
   3.471
   3.515
   3.531
   3.525
   3.488
   3.433
   3.396
   3.376
   3.364
   3.364
   3.379
   3.382
   3.346
   3.283
   3.193
   3.065
   2.933
   2.796
   2.650
   2.504
   2.365
   2.241
   2.150
   2.090
   2.058
   2.051
   2.051
   2.068
   2.103
   2.153
   2.213
   2.278
   2.354
   2.424
   2.491
   2.566
   2.660
   2.768
   2.886
   3.025
   3.166
   3.317
   3.458
   3.598
   3.641
   0.000
   0.000
   1.533
   1.681
   1.737
   1.807
   1.873
   1.942
   2.017
   2.098
   2.185
   2.272
   2.352
   2.427
   2.498
   2.567
   2.637
   2.710
   2.794
   2.890
   2.997
   3.108
   3.216
   3.331
   3.426
   3.491
   3.516
   3.502
   3.456
   3.391
   3.352
   3.339
   3.337
   3.356
   3.395
   3.420
   3.405
   3.353
   3.271
   3.149
   3.013
   2.872
   2.724
   2.575
   2.430
   2.293
   2.184
   2.106
   2.070
   2.057
   2.050
   2.055
   2.087
   2.130
   2.187
   2.247
   2.312
   2.373
   2.437
   2.506
   2.595
   2.709
   2.844
   2.994
   3.161
   3.332
   3.493
   3.653
   3.722
   0.000
   0.000
   1.474
   1.618
   1.673
   1.742
   1.806
   1.875
   1.951
   2.031
   2.115
   2.198
   2.277
   2.349
   2.418
   2.481
   2.547
   2.619
   2.697
   2.789
   2.895
   3.007
   3.125
   3.250
   3.360
   3.429
   3.444
   3.424
   3.372
   3.305
   3.264
   3.267
   3.278
   3.318
   3.365
   3.412
   3.422
   3.401
   3.325
   3.216
   3.084
   2.945
   2.803
   2.649
   2.489
   2.332
   2.200
   2.098
   2.038
   2.007
   1.989
   1.986
   2.006
   2.042
   2.091
   2.150
   2.209
   2.270
   2.325
   2.385
   2.477
   2.607
   2.755
   2.922
   3.102
   3.297
   3.490
   3.671
   3.767
   0.000
   0.000
   1.410
   1.551
   1.610
   1.678
   1.743
   1.816
   1.891
   1.971
   2.052
   2.134
   2.209
   2.279
   2.344
   2.405
   2.465
   2.530
   2.603
   2.689
   2.785
   2.893
   3.006
   3.127
   3.236
   3.299
   3.309
   3.289
   3.236
   3.170
   3.141
   3.160
   3.195
   3.250
   3.311
   3.376
   3.400
   3.397
   3.350
   3.263
   3.149
   3.018
   2.873
   2.715
   2.553
   2.375
   2.198
   2.061
   1.965
   1.900
   1.867
   1.854
   1.864
   1.893
   1.934
   1.988
   2.046
   2.101
   2.155
   2.224
   2.325
   2.454
   2.622
   2.811
   3.021
   3.241
   3.457
   3.654
   3.792
   0.000
   0.000
   1.322
   1.470
   1.531
   1.608
   1.680
   1.753
   1.830
   1.911
   1.994
   2.075
   2.149
   2.216
   2.278
   2.334
   2.390
   2.448
   2.514
   2.590
   2.677
   2.776
   2.878
   2.986
   3.089
   3.144
   3.143
   3.118
   3.071
   3.016
   3.000
   3.041
   3.099
   3.167
   3.249
   3.318
   3.355
   3.368
   3.340
   3.281
   3.195
   3.081
   2.939
   2.781
   2.611
   2.427
   2.227
   2.043
   1.906
   1.802
   1.730
   1.693
   1.683
   1.703
   1.736
   1.784
   1.836
   1.892
   1.947
   2.009
   2.135
   2.283
   2.469
   2.679
   2.915
   3.166
   3.406
   3.626
   3.782
   0.000
   0.000
   1.212
   1.361
   1.432
   1.518
   1.595
   1.676
   1.761
   1.847
   1.934
   2.017
   2.091
   2.158
   2.214
   2.267
   2.318
   2.371
   2.430
   2.497
   2.573
   2.662
   2.754
   2.851
   2.941
   2.982
   2.976
   2.950
   2.903
   2.864
   2.875
   2.934
   3.005
   3.086
   3.185
   3.262
   3.310
   3.334
   3.325
   3.280
   3.220
   3.132
   3.005
   2.853
   2.683
   2.495
   2.289
   2.075
   1.897
   1.758
   1.640
   1.542
   1.513
   1.511
   1.524
   1.556
   1.604
   1.660
   1.723
   1.806
   1.937
   2.116
   2.323
   2.556
   2.815
   3.083
   3.348
   3.593
   3.776
   0.000
   0.000
   1.096
   1.243
   1.317
   1.408
   1.495
   1.583
   1.674
   1.769
   1.863
   1.952
   2.030
   2.097
   2.154
   2.205
   2.252
   2.297
   2.351
   2.409
   2.476
   2.551
   2.631
   2.721
   2.797
   2.832
   2.825
   2.794
   2.753
   2.745
   2.779
   2.847
   2.926
   3.015
   3.120
   3.208
   3.266
   3.299
   3.300
   3.271
   3.226
   3.165
   3.060
   2.919
   2.757
   2.567
   2.359
   2.146
   1.938
   1.760
   1.590
   1.437
   1.382
   1.338
   1.315
   1.315
   1.366
   1.434
   1.511
   1.619
   1.780
   1.984
   2.218
   2.469
   2.745
   3.030
   3.313
   3.571
   3.780
   0.000
   0.000
   0.986
   1.123
   1.197
   1.286
   1.378
   1.473
   1.572
   1.672
   1.775
   1.873
   1.959
   2.030
   2.089
   2.140
   2.184
   2.227
   2.270
   2.320
   2.378
   2.443
   2.512
   2.591
   2.666
   2.701
   2.702
   2.685
   2.664
   2.669
   2.713
   2.788
   2.871
   2.970
   3.076
   3.172
   3.237
   3.272
   3.282
   3.259
   3.226
   3.179
   3.096
   2.971
   2.806
   2.615
   2.413
   2.202
   1.988
   1.785
   1.577
   1.391
   1.287
   1.199
   1.144
   1.125
   1.146
   1.214
   1.323
   1.466
   1.663
   1.904
   2.163
   2.437
   2.725
   3.023
   3.321
   3.584
   3.802
   0.000
   0.000
   0.864
   1.017
   1.081
   1.165
   1.254
   1.352
   1.453
   1.556
   1.663
   1.768
   1.860
   1.941
   2.007
   2.059
   2.105
   2.143
   2.184
   2.225
   2.277
   2.333
   2.397
   2.470
   2.546
   2.591
   2.611
   2.616
   2.613
   2.625
   2.666
   2.747
   2.831
   2.932
   3.047
   3.143
   3.208
   3.242
   3.249
   3.232
   3.203
   3.167
   3.098
   2.990
   2.831
   2.637
   2.433
   2.231
   2.015
   1.802
   1.586
   1.392
   1.260
   1.146
   1.053
   0.998
   0.991
   1.039
   1.169
   1.351
   1.588
   1.869
   2.159
   2.455
   2.762
   3.076
   3.381
   3.642
   3.839
   0.000
 -65.534
 -65.534
   0.852
   0.980
   1.043
   1.132
   1.225
   1.325
   1.428
   1.535
   1.640
   1.734
   1.817
   1.889
   1.948
   1.998
   2.038
   2.077
   2.117
   2.165
   2.217
   2.277
   2.350
   2.425
   2.483
   2.525
   2.554
   2.573
   2.590
   2.636
   2.708
   2.783
   2.891
   3.007
   3.098
   3.148
   3.179
   3.181
   3.167
   3.148
   3.117
   3.059
   2.964
   2.813
   2.630
   2.428
   2.225
   2.019
   1.806
   1.599
   1.407
   1.246
   1.121
   1.000
   0.927
   0.903
   0.937
   1.070
   1.287
   1.568
   1.878
   2.199
   2.524
   2.857
   3.180
   3.479
   3.731
   3.911
   0.000
 -65.534
 -65.534
 -65.534
   0.815
   0.935
   1.007
   1.098
   1.191
   1.290
   1.391
   1.493
   1.584
   1.667
   1.741
   1.805
   1.860
   1.906
   1.949
   1.991
   2.040
   2.093
   2.152
   2.224
   2.305
   2.374
   2.434
   2.485
   2.524
   2.554
   2.595
   2.657
   2.734
   2.832
   2.914
   2.967
   3.058
   3.087
   3.078
   3.063
   3.053
   3.028
   2.983
   2.889
   2.743
   2.569
   2.376
   2.177
   1.983
   1.789
   1.591
   1.415
   1.254
   1.122
   0.991
   0.899
   0.880
   0.941
   1.077
   1.311
   1.614
   1.949
   2.289
   2.627
   2.969
   3.298
   3.591
   3.839
   3.996
   0.000
 -65.534
 -65.534
 -65.534
 -65.534
   0.785
   0.887
   0.966
   1.050
   1.143
   1.238
   1.333
   1.420
   1.502
   1.576
   1.645
   1.702
   1.752
   1.798
   1.843
   1.891
   1.943
   2.006
   2.082
   2.165
   2.244
   2.321
   2.390
   2.447
   2.490
   2.534
   2.585
   2.649
   2.721
   2.786
   2.836
   2.892
   2.898
   2.940
   2.933
   2.919
   2.908
   2.870
   2.776
   2.635
   2.464
   2.285
   2.099
   1.916
   1.744
   1.571
   1.419
   1.269
   1.136
   1.034
   0.959
   0.954
   1.034
   1.194
   1.439
   1.750
   2.084
   2.423
   2.758
   3.094
   3.408
   3.695
   3.930
   4.065
   0.000
 -65.534
 -65.534
 -65.534
 -65.534
   0.669
   0.765
   0.835
   0.911
   0.992
   1.080
   1.168
   1.253
   1.334
   1.407
   1.475
   1.534
   1.585
   1.630
   1.672
   1.716
   1.768
   1.833
   1.908
   1.991
   2.079
   2.165
   2.247
   2.318
   2.373
   2.426
   2.476
   2.523
   2.578
   2.629
   2.668
   2.694
   2.706
   2.727
   2.704
   2.715
   2.718
   2.689
   2.607
   2.474
   2.311
   2.154
   1.993
   1.837
   1.691
   1.556
   1.423
   1.302
   1.213
   1.135
   1.110
   1.142
   1.247
   1.419
   1.662
   1.955
   2.272
   2.585
   2.899
   3.202
   3.481
   3.747
   3.970
   4.086
   0.000
 -65.534
 -65.534
 -65.534
 -65.534
   0.570
   0.653
   0.713
   0.781
   0.851
   0.931
   1.011
   1.088
   1.163
   1.235
   1.302
   1.360
   1.407
   1.450
   1.488
   1.529
   1.575
   1.632
   1.700
   1.781
   1.868
   1.958
   2.050
   2.133
   2.202
   2.262
   2.314
   2.354
   2.394
   2.430
   2.457
   2.473
   2.480
   2.475
   2.452
   2.437
   2.425
   2.391
   2.360
   2.258
   2.125
   1.994
   1.857
   1.732
   1.627
   1.529
   1.431
   1.357
   1.311
   1.292
   1.317
   1.389
   1.512
   1.696
   1.936
   2.208
   2.491
   2.766
   3.032
   3.279
   3.514
   3.748
   3.949
   4.052
   0.000
 -65.534
 -65.534
 -65.534
 -65.534
   0.469
   0.538
   0.593
   0.659
   0.731
   0.793
   0.868
   0.939
   1.005
   1.071
   1.132
   1.183
   1.228
   1.269
   1.305
   1.339
   1.375
   1.420
   1.477
   1.550
   1.633
   1.721
   1.815
   1.903
   1.981
   2.050
   2.102
   2.140
   2.173
   2.193
   2.207
   2.212
   2.212
   2.194
   2.166
   2.135
   2.101
   2.066
   2.033
   1.966
   1.886
   1.809
   1.716
   1.618
   1.541
   1.477
   1.426
   1.399
   1.406
   1.440
   1.500
   1.602
   1.760
   1.962
   2.204
   2.467
   2.725
   2.958
   3.161
   3.347
   3.535
   3.732
   3.922
   3.990
   0.000
 -65.534
 -65.534
 -65.534
 -65.534
 -65.534
 -65.534
 -65.534
 -65.534
   0.613
   0.686
   0.743
   0.803
   0.860
   0.917
   0.969
   1.015
   1.058
   1.097
   1.132
   1.164
   1.188
   1.219
   1.261
   1.320
   1.395
   1.480
   1.571
   1.657
   1.735
   1.802
   1.853
   1.889
   1.912
   1.925
   1.925
   1.923
   1.912
   1.890
   1.858
   1.825
   1.795
   1.773
   1.741
   1.706
   1.676
   1.624
   1.548
   1.487
   1.458
   1.430
   1.421
   1.436
   1.482
   1.551
   1.655
   1.794
   1.973
   2.185
   2.437
   2.698
   2.938
   3.138
   3.281
   3.418
   3.569
   3.740
   3.909
   3.954
   0.000
 -65.534
 -65.534
 -65.534
 -65.534
 -65.534
 -65.534
   0.357
   0.445
   0.547
   0.593
   0.638
   0.687
   0.737
   0.784
   0.826
   0.866
   0.908
   0.948
   0.983
   1.009
   1.029
   1.046
   1.076
   1.119
   1.178
   1.256
   1.338
   1.420
   1.493
   1.555
   1.599
   1.626
   1.640
   1.643
   1.635
   1.623
   1.609
   1.584
   1.557
   1.537
   1.523
   1.519
   1.512
   1.508
   1.500
   1.462
   1.423
   1.407
   1.385
   1.370
   1.392
   1.442
   1.529
   1.645
   1.789
   1.954
   2.146
   2.368
   2.622
   2.865
   3.078
   3.238
   3.357
   3.463
   3.603
   3.757
   3.915
   3.929
   0.000
 -65.534
 -65.534
 -65.534
 -65.534
 -65.534
 -65.534
 -65.534
 -65.534
 -65.534
   0.502
   0.539
   0.573
   0.608
   0.642
   0.681
   0.739
   0.779
   0.823
   0.862
   0.885
   0.898
   0.910
   0.930
   0.964
   1.013
   1.074
   1.140
   1.210
   1.271
   1.321
   1.355
   1.375
   1.384
   1.380
   1.366
   1.351
   1.336
   1.315
   1.298
   1.291
   1.299
   1.314
   1.332
   1.347
   1.356
   1.349
   1.334
   1.334
   1.334
   1.362
   1.421
   1.513
   1.627
   1.770
   1.933
   2.112
   2.308
   2.527
   2.758
   2.961
   3.137
   3.267
   3.386
   3.499
   3.628
   3.774
   3.925
   3.898
   0.000
 -65.534
 -65.534
 -65.534
 -65.534
 -65.534
 -65.534
 -65.534
 -65.534
 -65.534
 -65.534
 -65.534
 -65.534
 -65.534
 -65.534
 -65.534
   0.615
   0.655
   0.689
   0.727
   0.782
   0.798
   0.813
   0.830
   0.855
   0.892
   0.940
   0.992
   1.044
   1.090
   1.126
   1.151
   1.163
   1.163
   1.160
   1.150
   1.137
   1.125
   1.112
   1.111
   1.119
   1.140
   1.170
   1.200
   1.233
   1.259
   1.273
   1.286
   1.309
   1.341
   1.389
   1.466
   1.576
   1.714
   1.879
   2.067
   2.263
   2.461
   2.668
   2.860
   3.014
   3.142
   3.264
   3.391
   3.514
   3.635
   3.780
   3.926
   3.867
   0.000
 -65.534
 -65.534
 -65.534
 -65.534
 -65.534
 -65.534
 -65.534
 -65.534
 -65.534
 -65.534
 -65.534
 -65.534
 -65.534
 -65.534
 -65.534
 -65.534
 -65.534
 -65.534
 -65.534
   0.711
   0.733
   0.753
   0.771
   0.796
   0.824
   0.857
   0.895
   0.933
   0.966
   0.987
   1.001
   1.007
   1.008
   1.005
   1.004
   1.001
   0.998
   0.997
   1.005
   1.029
   1.064
   1.103
   1.144
   1.185
   1.226
   1.259
   1.291
   1.336
   1.396
   1.465
   1.557
   1.675
   1.823
   1.999
   2.197
   2.404
   2.603
   2.785
   2.935
   3.038
   3.130
   3.249
   3.374
   3.507
   3.635
   3.780
   3.921
   3.837
   0.000
 -65.534
 -65.534
 -65.534
 -65.534
 -65.534
 -65.534
 -65.534
 -65.534
 -65.534
 -65.534
 -65.534
 -65.534
 -65.534
 -65.534
 -65.534
 -65.534
 -65.534
 -65.534
   0.630
   0.701
   0.705
   0.724
   0.746
   0.772
   0.796
   0.822
   0.848
   0.872
   0.893
   0.906
   0.913
   0.917
   0.918
   0.921
   0.929
   0.940
   0.955
   0.969
   0.990
   1.024
   1.070
   1.120
   1.171
   1.221
   1.267
   1.310
   1.356
   1.416
   1.487
   1.580
   1.683
   1.803
   1.948
   2.121
   2.312
   2.515
   2.709
   2.872
   2.983
   3.050
   3.124
   3.234
   3.350
   3.484
   3.621
   3.763
   3.897
   3.782
   0.000
 -65.534
 -65.534
 -65.534
 -65.534
 -65.534
 -65.534
 -65.534
 -65.534
 -65.534
 -65.534
 -65.534
 -65.534
 -65.534
 -65.534
 -65.534
 -65.534
 -65.534
   0.627
   0.692
   0.691
   0.698
   0.716
   0.740
   0.769
   0.793
   0.812
   0.833
   0.850
   0.865
   0.873
   0.878
   0.881
   0.889
   0.899
   0.914
   0.937
   0.962
   0.989
   1.024
   1.070
   1.129
   1.194
   1.260
   1.323
   1.377
   1.423
   1.470
   1.536
   1.623
   1.717
   1.822
   1.941
   2.070
   2.233
   2.409
   2.603
   2.783
   2.920
   3.001
   3.051
   3.111
   3.203
   3.316
   3.449
   3.584
   3.719
   3.836
   3.694
   0.000
 -65.534
 -65.534
 -65.534
 -65.534
 -65.534
 -65.534
 -65.534
 -65.534
 -65.534
 -65.534
 -65.534
 -65.534
 -65.534
 -65.534
 -65.534
 -65.534
 -65.534
   0.697
   0.699
   0.687
   0.698
   0.714
   0.738
   0.767
   0.793
   0.813
   0.833
   0.849
   0.863
   0.876
   0.885
   0.892
   0.902
   0.916
   0.935
   0.961
   0.995
   1.029
   1.073
   1.129
   1.199
   1.278
   1.362
   1.439
   1.505
   1.559
   1.612
   1.681
   1.766
   1.864
   1.965
   2.045
   2.145
   2.285
   2.437
   2.607
   2.787
   2.921
   2.991
   3.034
   3.090
   3.173
   3.272
   3.386
   3.511
   3.633
   3.732
   3.565
   0.000
 -65.534
 -65.534
 -65.534
 -65.534
 -65.534
 -65.534
 -65.534
 -65.534
 -65.534
 -65.534
 -65.534
 -65.534
 -65.534
 -65.534
 -65.534
 -65.534
 -65.534
   0.716
   0.702
   0.692
   0.702
   0.721
   0.745
   0.770
   0.796
   0.816
   0.834
   0.853
   0.872
   0.892
   0.911
   0.926
   0.941
   0.958
   0.979
   1.006
   1.040
   1.080
   1.128
   1.187
   1.261
   1.347
   1.439
   1.528
   1.608
   1.675
   1.743
   1.819
   1.905
   2.005
   2.102
   2.176
   2.271
   2.377
   2.492
   2.619
   2.764
   2.885
   2.968
   3.020
   3.077
   3.147
   3.226
   3.319
   3.411
   3.504
   3.571
   3.397
   0.000
 -65.534
 -65.534
 -65.534
 -65.534
 -65.534
 -65.534
 -65.534
 -65.534
 -65.534
 -65.534
 -65.534
 -65.534
 -65.534
 -65.534
 -65.534
 -65.534
 -65.534
   0.746
   0.712
   0.713
   0.725
   0.744
   0.765
   0.785
   0.802
   0.824
   0.842
   0.864
   0.888
   0.916
   0.943
   0.967
   0.992
   1.019
   1.047
   1.081
   1.117
   1.159
   1.209
   1.266
   1.337
   1.422
   1.512
   1.604
   1.688
   1.772
   1.852
   1.933
   2.019
   2.115
   2.204
   2.280
   2.361
   2.438
   2.510
   2.596
   2.694
   2.810
   2.893
   2.967
   3.034
   3.097
   3.159
   3.227
   3.290
   3.344
   3.381
   3.183
   0.000
 -65.534
 -65.534
 -65.534
 -65.534
 -65.534
 -65.534
 -65.534
 -65.534
 -65.534
 -65.534
 -65.534
 -65.534
 -65.534
 -65.534
 -65.534
 -65.534
 -65.534
 -65.534
   0.753
   0.736
   0.756
   0.775
   0.791
   0.806
   0.819
   0.835
   0.853
   0.874
   0.901
   0.937
   0.973
   1.005
   1.043
   1.083
   1.123
   1.163
   1.199
   1.240
   1.290
   1.351
   1.431
   1.511
   1.600
   1.690
   1.775
   1.857
   1.942
   2.023
   2.112
   2.195
   2.280
   2.343
   2.408
   2.463
   2.513
   2.561
   2.639
   2.725
   2.805
   2.884
   2.952
   3.016
   3.064
   3.109
   3.145
   3.162
   3.161
   2.929
   0.000
 -65.534
 -65.534
 -65.534
 -65.534
 -65.534
 -65.534
 -65.534
 -65.534
 -65.534
 -65.534
 -65.534
 -65.534
 -65.534
 -65.534
 -65.534
 -65.534
 -65.534
 -65.534
 -65.534
   0.786
   0.779
   0.798
   0.817
   0.830
   0.845
   0.856
   0.868
   0.886
   0.915
   0.951
   0.991
   1.034
   1.083
   1.135
   1.196
   1.266
   1.343
   1.398
   1.455
   1.519
   1.540
   1.608
   1.688
   1.773
   1.856
   1.938
   2.014
   2.082
   2.157
   2.228
   2.319
   2.371
   2.431
   2.489
   2.533
   2.576
   2.624
   2.680
   2.749
   2.817
   2.870
   2.913
   2.944
   2.961
   2.966
   2.954
   2.906
   2.635
   0.000
 -65.534
 -65.534
 -65.534
 -65.534
 -65.534
 -65.534
 -65.534
 -65.534
 -65.534
 -65.534
 -65.534
 -65.534
 -65.534
 -65.534
 -65.534
 -65.534
 -65.534
 -65.534
 -65.534
 -65.534
   0.849
   0.872
   0.890
   0.898
   0.887
   0.895
   0.904
   0.916
   0.934
   0.962
   0.995
   1.035
   1.075
   1.106
   1.108
   0.983
 -65.534
 -65.534
 -65.534
 -65.534
   1.685
   1.757
   1.801
   1.866
   1.943
   2.012
   2.075
   2.138
   2.192
   2.249
   2.304
   2.347
   2.394
   2.445
   2.482
   2.526
   2.570
   2.621
   2.666
   2.716
   2.756
   2.786
   2.796
   2.786
   2.751
   2.697
   2.620
   2.317
   0.000
 -65.534
 -65.534
 -65.534
 -65.534
 -65.534
 -65.534
 -65.534
 -65.534
 -65.534
 -65.534
 -65.534
 -65.534
 -65.534
 -65.534
 -65.534
 -65.534
 -65.534
 -65.534
 -65.534
 -65.534
 -65.534
 -65.534
 -65.534
 -65.534
   0.930
   0.932
   0.938
   0.945
   0.957
   0.980
   1.004
   1.036
   1.064
   1.072
   1.024
   0.862
 -65.534
 -65.534
 -65.534
 -65.534
 -65.534
 -65.534
   1.861
   1.937
   2.001
   2.062
   2.110
   2.147
   2.186
   2.213
   2.239
   2.274
   2.305
   2.335
   2.375
   2.411
   2.441
   2.478
   2.520
   2.559
   2.594
   2.608
   2.598
   2.564
   2.501
   2.410
   2.288
   1.977
   0.000
 -65.534
 -65.534
 -65.534
 -65.534
 -65.534
 -65.534
 -65.534
 -65.534
 -65.534
 -65.534
 -65.534
 -65.534
 -65.534
 -65.534
 -65.534
 -65.534
 -65.534
 -65.534
 -65.534
 -65.534
 -65.534
 -65.534
 -65.534
 -65.534
   0.986
   0.987
   0.992
   1.002
   1.015
   1.002
   1.017
   1.039
   1.058
   1.048
   0.990
   0.866
 -65.534
 -65.534
 -65.534
 -65.534
 -65.534
 -65.534
 -65.534
   1.923
   2.019
   2.072
   2.121
   2.141
   2.162
   2.176
   2.196
   2.213
   2.225
   2.241
   2.257
   2.271
   2.289
   2.311
   2.338
   2.357
   2.360
   2.351
   2.318
   2.256
   2.169
   2.059
   1.922
   1.618
   0.000
 -65.534
 -65.534
 -65.534
 -65.534
 -65.534
 -65.534
 -65.534
 -65.534
 -65.534
 -65.534
 -65.534
 -65.534
 -65.534
 -65.534
 -65.534
 -65.534
 -65.534
 -65.534
 -65.534
 -65.534
 -65.534
 -65.534
 -65.534
 -65.534
 -65.534
 -65.534
 -65.534
 -65.534
 -65.534
   1.065
   1.058
   1.069
   1.059
   1.040
   0.980
   0.853
   0.275
 -65.534
 -65.534
 -65.534
 -65.534
 -65.534
 -65.534
   1.732
   1.744
 -65.534
   1.901
   2.027
   2.073
   2.131
   2.138
   2.144
   2.132
   2.133
   2.133
   2.129
   2.124
   2.121
   2.118
   2.107
   2.084
   2.041
   1.973
   1.881
   1.767
   1.637
   1.488
   1.215
   0.000
 -65.534
 -65.534
 -65.534
 -65.534
 -65.534
 -65.534
 -65.534
 -65.534
 -65.534
 -65.534
 -65.534
 -65.534
 -65.534
 -65.534
 -65.534
 -65.534
 -65.534
 -65.534
 -65.534
 -65.534
 -65.534
 -65.534
 -65.534
 -65.534
 -65.534
 -65.534
 -65.534
 -65.534
 -65.534
 -65.534
 -65.534
 -65.534
   1.100
   1.050
   0.985
   0.848
   0.404
   0.169
 -65.534
 -65.534
 -65.534
 -65.534
 -65.534
 -65.534
 -65.534
 -65.534
 -65.534
 -65.534
 -65.534
   1.799
   1.952
   1.978
   2.055
   2.044
   2.016
   1.966
   1.929
   1.897
   1.864
   1.821
   1.762
   1.686
   1.589
   1.476
   1.353
   1.220
   1.073
   0.849
   0.000
 -65.534
 -65.534
 -65.534
 -65.534
 -65.534
 -65.534
 -65.534
 -65.534
 -65.534
 -65.534
 -65.534
 -65.534
 -65.534
 -65.534
 -65.534
 -65.534
 -65.534
 -65.534
 -65.534
 -65.534
 -65.534
 -65.534
 -65.534
 -65.534
 -65.534
 -65.534
 -65.534
 -65.534
 -65.534
 -65.534
 -65.534
 -65.534
   1.107
   1.040
   0.966
   0.822
   0.499
   0.242
   0.130
   0.116
 -65.534
 -65.534
 -65.534
 -65.534
 -65.534
 -65.534
 -65.534
 -65.534
 -65.534
 -65.534
 -65.534
 -65.534
   1.574
   1.720
   1.716
   1.758
   1.707
   1.644
   1.575
   1.501
   1.414
   1.312
   1.200
   1.077
   0.954
   0.838
   0.718
   0.545
   0.000
 -65.534
 -65.534
 -65.534
 -65.534
 -65.534
 -65.534
 -65.534
 -65.534
 -65.534
 -65.534
 -65.534
 -65.534
 -65.534
 -65.534
 -65.534
 -65.534
 -65.534
 -65.534
 -65.534
 -65.534
 -65.534
 -65.534
 -65.534
 -65.534
 -65.534
 -65.534
 -65.534
 -65.534
 -65.534
 -65.534
 -65.534
 -65.534
 -65.534
 -65.534
 -65.534
 -65.534
   0.500
   0.315
   0.190
   0.122
   0.095
   0.075
   0.059
   0.049
   0.041
 -65.534
 -65.534
 -65.534
 -65.534
 -65.534
 -65.534
 -65.534
 -65.534
 -65.534
 -65.534
   1.272
   1.395
   1.359
   1.282
   1.178
   1.066
   0.951
   0.829
   0.709
   0.599
   0.499
   0.403
   0.281
   0.000
 -65.534
 -65.534
 -65.534
 -65.534
 -65.534
 -65.534
 -65.534
 -65.534
 -65.534
 -65.534
 -65.534
 -65.534
 -65.534
 -65.534
 -65.534
 -65.534
 -65.534
 -65.534
 -65.534
 -65.534
 -65.534
 -65.534
 -65.534
 -65.534
 -65.534
 -65.534
 -65.534
 -65.534
 -65.534
 -65.534
 -65.534
 -65.534
 -65.534
 -65.534
 -65.534
 -65.534
 -65.534
 -65.534
 -65.534
 -65.534
   0.073
 -65.534
 -65.534
 -65.534
 -65.534
 -65.534
 -65.534
 -65.534
 -65.534
 -65.534
 -65.534
 -65.534
 -65.534
 -65.534
 -65.534
   0.730
   0.903
   0.924
   0.868
   0.840
   0.741
   0.607
   0.483
   0.372
   0.277
   0.200
   0.126
   0.040
   0.000
 -65.534
 -65.534
 -65.534
 -65.534
 -65.534
 -65.534
 -65.534
 -65.534
 -65.534
 -65.534
 -65.534
 -65.534
 -65.534
 -65.534
 -65.534
 -65.534
 -65.534
 -65.534
 -65.534
 -65.534
 -65.534
 -65.534
 -65.534
 -65.534
 -65.534
 -65.534
 -65.534
 -65.534
 -65.534
 -65.534
 -65.534
 -65.534
 -65.534
 -65.534
 -65.534
 -65.534
 -65.534
 -65.534
 -65.534
 -65.534
 -65.534
 -65.534
 -65.534
 -65.534
 -65.534
 -65.534
 -65.534
 -65.534
 -65.534
 -65.534
 -65.534
 -65.534
 -65.534
 -65.534
 -65.534
 -65.534
 -65.534
 -65.534
 -65.534
   0.415
   0.363
   0.257
   0.147
   0.057
  -0.018
  -0.073
  -0.113
  -0.171
   0.000
 -65.534
 -65.534
 -65.534
 -65.534
 -65.534
 -65.534
 -65.534
 -65.534
 -65.534
 -65.534
 -65.534
 -65.534
 -65.534
 -65.534
 -65.534
 -65.534
 -65.534
 -65.534
 -65.534
 -65.534
 -65.534
 -65.534
 -65.534
 -65.534
 -65.534
 -65.534
 -65.534
 -65.534
 -65.534
 -65.534
 -65.534
 -65.534
 -65.534
 -65.534
 -65.534
 -65.534
 -65.534
 -65.534
 -65.534
 -65.534
 -65.534
 -65.534
 -65.534
 -65.534
 -65.534
 -65.534
 -65.534
 -65.534
 -65.534
 -65.534
 -65.534
 -65.534
 -65.534
 -65.534
 -65.534
 -65.534
 -65.534
 -65.534
 -65.534
 -65.534
 -65.534
   0.000
   0.000
   0.000
   0.000
   0.000
   0.000
   0.000
 -65.534
