 -65.534
   0.000
   0.000
   0.000
   0.000
   0.000
   0.000
   0.000
   0.000
   0.000
   0.000
   0.000
   0.000
   0.000
   0.000
   0.000
   0.000
   0.000
   0.000
   0.000
   0.000
   0.000
   0.000
   0.000
   0.000
   0.000
   0.000
   0.000
   0.000
   0.000
   0.000
   0.000
   0.000
   0.000
   0.000
   0.000
   0.000
   0.000
   0.000
   0.000
   0.000
   0.000
   0.000
   0.000
   0.000
   0.000
   0.000
   0.000
   0.000
   0.000
   0.000
   0.000
   0.000
   0.000
   0.000
   0.000
   0.000
   0.000
   0.000
   0.000
   0.000
   0.000
   0.000
   0.000
   0.000
   0.000
   0.000
   0.000
 -65.534
   0.000
   3.211
   3.553
   3.665
   3.761
   3.828
   3.877
   3.912
   3.941
   3.968
   3.986
   3.989
   3.988
   3.977
   3.958
   3.934
   3.936
   3.977
   4.071
   4.233
   4.451
   4.706
   4.951
   5.262
   5.251
   5.109
   4.988
   4.918
   4.874
   4.871
   4.865
   4.851
   4.867
   4.917
   4.855
   4.830
   4.763
   4.687
   4.593
   4.422
   4.223
   4.012
   3.774
   3.555
   3.404
   3.281
   3.184
   3.102
   3.049
   3.021
   3.016
   3.024
   3.040
   3.086
   3.174
   3.243
   3.311
   3.362
   3.380
   3.377
   3.368
   3.333
   3.307
   3.274
   3.217
   3.175
   3.156
   3.105
   0.000
   0.000
   3.416
   3.714
   3.781
   3.846
   3.876
   3.908
   3.943
   3.979
   4.017
   4.045
   4.059
   4.062
   4.053
   4.032
   4.017
   4.017
   4.050
   4.123
   4.259
   4.451
   4.670
   4.884
   5.129
   5.146
   5.070
   5.001
   4.961
   4.968
   5.001
   5.050
   5.088
   5.132
   5.201
   5.213
   5.201
   5.172
   5.104
   4.992
   4.840
   4.653
   4.440
   4.184
   3.948
   3.777
   3.661
   3.577
   3.509
   3.468
   3.461
   3.471
   3.502
   3.550
   3.610
   3.673
   3.739
   3.808
   3.863
   3.891
   3.901
   3.904
   3.893
   3.875
   3.843
   3.804
   3.767
   3.743
   3.659
   0.000
   0.000
   3.338
   3.610
   3.661
   3.705
   3.719
   3.732
   3.759
   3.794
   3.838
   3.876
   3.904
   3.913
   3.905
   3.882
   3.863
   3.861
   3.895
   3.969
   4.095
   4.269
   4.472
   4.672
   4.845
   4.941
   4.909
   4.877
   4.869
   4.897
   4.951
   5.018
   5.081
   5.164
   5.260
   5.309
   5.353
   5.351
   5.294
   5.197
   5.054
   4.867
   4.644
   4.398
   4.155
   3.964
   3.841
   3.765
   3.710
   3.673
   3.676
   3.685
   3.714
   3.761
   3.818
   3.879
   3.939
   3.998
   4.046
   4.069
   4.077
   4.087
   4.085
   4.073
   4.059
   4.035
   4.009
   3.988
   3.889
   0.000
   0.000
   3.218
   3.464
   3.511
   3.552
   3.563
   3.569
   3.584
   3.610
   3.653
   3.701
   3.742
   3.767
   3.772
   3.757
   3.744
   3.744
   3.780
   3.863
   3.987
   4.154
   4.357
   4.558
   4.704
   4.807
   4.809
   4.818
   4.823
   4.861
   4.916
   5.005
   5.101
   5.215
   5.341
   5.458
   5.532
   5.561
   5.532
   5.434
   5.300
   5.117
   4.889
   4.631
   4.382
   4.174
   4.033
   3.942
   3.883
   3.849
   3.836
   3.847
   3.877
   3.920
   3.977
   4.034
   4.089
   4.143
   4.177
   4.187
   4.192
   4.199
   4.203
   4.202
   4.198
   4.187
   4.172
   4.155
   4.032
   0.000
   0.000
   3.063
   3.293
   3.339
   3.392
   3.411
   3.422
   3.434
   3.460
   3.500
   3.550
   3.598
   3.631
   3.647
   3.639
   3.631
   3.635
   3.677
   3.765
   3.895
   4.062
   4.256
   4.461
   4.629
   4.691
   4.720
   4.768
   4.797
   4.832
   4.904
   5.005
   5.123
   5.271
   5.444
   5.601
   5.717
   5.768
   5.760
   5.671
   5.541
   5.355
   5.122
   4.864
   4.610
   4.388
   4.216
   4.096
   4.027
   3.983
   3.961
   3.964
   3.994
   4.039
   4.107
   4.170
   4.226
   4.271
   4.296
   4.296
   4.296
   4.305
   4.312
   4.321
   4.332
   4.331
   4.321
   4.299
   4.143
   0.000
   0.000
   2.902
   3.114
   3.166
   3.223
   3.260
   3.286
   3.310
   3.340
   3.383
   3.432
   3.481
   3.520
   3.543
   3.543
   3.539
   3.552
   3.599
   3.687
   3.811
   3.964
   4.142
   4.324
   4.473
   4.570
   4.668
   4.738
   4.770
   4.808
   4.879
   5.003
   5.148
   5.339
   5.538
   5.741
   5.893
   5.983
   5.981
   5.904
   5.774
   5.593
   5.364
   5.104
   4.836
   4.592
   4.404
   4.258
   4.158
   4.091
   4.059
   4.059
   4.088
   4.142
   4.216
   4.290
   4.352
   4.396
   4.419
   4.418
   4.414
   4.423
   4.433
   4.445
   4.457
   4.466
   4.459
   4.434
   4.246
   0.000
   0.000
   2.736
   2.931
   2.989
   3.055
   3.102
   3.148
   3.190
   3.230
   3.279
   3.332
   3.383
   3.425
   3.451
   3.464
   3.473
   3.486
   3.535
   3.615
   3.729
   3.874
   4.035
   4.214
   4.380
   4.504
   4.616
   4.696
   4.738
   4.773
   4.856
   5.009
   5.201
   5.429
   5.664
   5.902
   6.070
   6.179
   6.191
   6.126
   5.996
   5.816
   5.591
   5.336
   5.078
   4.824
   4.599
   4.425
   4.291
   4.191
   4.138
   4.130
   4.152
   4.210
   4.287
   4.371
   4.441
   4.495
   4.522
   4.525
   4.524
   4.529
   4.542
   4.561
   4.581
   4.596
   4.588
   4.555
   4.341
   0.000
   0.000
   2.539
   2.733
   2.796
   2.876
   2.937
   2.991
   3.046
   3.104
   3.164
   3.225
   3.283
   3.331
   3.366
   3.388
   3.405
   3.431
   3.473
   3.543
   3.648
   3.785
   3.941
   4.115
   4.300
   4.447
   4.557
   4.636
   4.689
   4.741
   4.850
   5.040
   5.275
   5.531
   5.802
   6.047
   6.234
   6.348
   6.371
   6.306
   6.193
   6.025
   5.810
   5.567
   5.316
   5.065
   4.829
   4.618
   4.450
   4.321
   4.232
   4.199
   4.206
   4.254
   4.325
   4.413
   4.493
   4.555
   4.586
   4.592
   4.603
   4.616
   4.633
   4.655
   4.685
   4.707
   4.705
   4.666
   4.427
   0.000
   0.000
   2.330
   2.508
   2.579
   2.673
   2.747
   2.816
   2.888
   2.957
   3.032
   3.103
   3.171
   3.231
   3.275
   3.311
   3.338
   3.368
   3.409
   3.470
   3.561
   3.690
   3.849
   4.030
   4.220
   4.374
   4.482
   4.570
   4.632
   4.706
   4.850
   5.070
   5.326
   5.607
   5.898
   6.154
   6.351
   6.474
   6.513
   6.454
   6.349
   6.200
   6.004
   5.782
   5.540
   5.296
   5.055
   4.826
   4.631
   4.474
   4.352
   4.283
   4.264
   4.287
   4.340
   4.419
   4.498
   4.567
   4.609
   4.625
   4.646
   4.670
   4.695
   4.724
   4.764
   4.790
   4.791
   4.753
   4.498
   0.000
   0.000
   2.132
   2.300
   2.367
   2.462
   2.548
   2.633
   2.714
   2.800
   2.888
   2.972
   3.051
   3.120
   3.180
   3.224
   3.268
   3.305
   3.345
   3.405
   3.485
   3.596
   3.749
   3.938
   4.134
   4.291
   4.406
   4.491
   4.568
   4.681
   4.855
   5.085
   5.350
   5.634
   5.926
   6.189
   6.393
   6.529
   6.581
   6.543
   6.456
   6.326
   6.149
   5.946
   5.731
   5.488
   5.247
   5.023
   4.809
   4.628
   4.481
   4.377
   4.318
   4.307
   4.334
   4.389
   4.455
   4.526
   4.581
   4.617
   4.656
   4.691
   4.720
   4.755
   4.797
   4.824
   4.828
   4.790
   4.530
   0.000
   0.000
   1.964
   2.110
   2.167
   2.262
   2.350
   2.433
   2.519
   2.621
   2.721
   2.824
   2.914
   2.997
   3.066
   3.126
   3.180
   3.229
   3.277
   3.333
   3.407
   3.514
   3.653
   3.833
   4.032
   4.197
   4.324
   4.429
   4.530
   4.664
   4.850
   5.084
   5.344
   5.626
   5.912
   6.169
   6.371
   6.512
   6.578
   6.564
   6.505
   6.402
   6.246
   6.066
   5.866
   5.641
   5.408
   5.189
   4.973
   4.777
   4.615
   4.481
   4.392
   4.341
   4.331
   4.352
   4.399
   4.459
   4.522
   4.575
   4.632
   4.680
   4.720
   4.759
   4.799
   4.827
   4.828
   4.782
   4.511
   0.000
   0.000
   1.796
   1.951
   1.985
   2.070
   2.156
   2.235
   2.321
   2.407
   2.513
   2.621
   2.731
   2.831
   2.918
   2.996
   3.062
   3.120
   3.180
   3.243
   3.322
   3.427
   3.558
   3.728
   3.923
   4.095
   4.240
   4.364
   4.485
   4.628
   4.813
   5.047
   5.295
   5.563
   5.844
   6.087
   6.278
   6.413
   6.485
   6.495
   6.462
   6.392
   6.269
   6.112
   5.937
   5.735
   5.517
   5.314
   5.107
   4.913
   4.739
   4.597
   4.480
   4.397
   4.345
   4.327
   4.340
   4.379
   4.443
   4.510
   4.574
   4.640
   4.693
   4.739
   4.778
   4.804
   4.802
   4.747
   4.460
   0.000
 -65.534
 -65.534
   1.733
   1.832
   1.865
   1.944
   2.019
   2.101
   2.185
   2.283
   2.392
   2.497
   2.608
   2.709
   2.804
   2.893
   2.972
   3.049
   3.128
   3.222
   3.330
   3.459
   3.617
   3.798
   3.973
   4.132
   4.279
   4.421
   4.569
   4.748
   4.965
   5.184
   5.441
   5.706
   5.930
   6.094
   6.223
   6.297
   6.321
   6.317
   6.275
   6.181
   6.058
   5.913
   5.743
   5.553
   5.374
   5.186
   5.001
   4.832
   4.681
   4.548
   4.434
   4.353
   4.302
   4.285
   4.303
   4.358
   4.427
   4.501
   4.575
   4.639
   4.684
   4.732
   4.759
   4.755
   4.695
   4.389
   0.000
 -65.534
 -65.534
 -65.534
   1.609
   1.667
   1.710
   1.786
   1.863
   1.949
   2.041
   2.144
   2.241
   2.352
   2.462
   2.568
   2.669
   2.771
   2.872
   2.978
   3.094
   3.214
   3.346
   3.495
   3.663
   3.830
   3.995
   4.151
   4.307
   4.461
   4.632
   4.821
   5.030
   5.260
   5.475
   5.648
   5.852
   5.979
   6.045
   6.074
   6.082
   6.061
   5.999
   5.909
   5.797
   5.660
   5.506
   5.350
   5.190
   5.024
   4.865
   4.712
   4.571
   4.447
   4.352
   4.282
   4.246
   4.256
   4.305
   4.371
   4.449
   4.524
   4.589
   4.646
   4.687
   4.718
   4.717
   4.651
   4.317
   0.000
 -65.534
 -65.534
 -65.534
 -65.534
   1.424
   1.497
   1.558
   1.627
   1.705
   1.788
   1.879
   1.971
   2.078
   2.189
   2.306
   2.420
   2.537
   2.657
   2.784
   2.917
   3.049
   3.188
   3.335
   3.489
   3.645
   3.807
   3.965
   4.126
   4.281
   4.446
   4.620
   4.798
   4.991
   5.178
   5.345
   5.509
   5.604
   5.721
   5.760
   5.770
   5.765
   5.726
   5.666
   5.586
   5.475
   5.357
   5.239
   5.110
   4.968
   4.826
   4.689
   4.549
   4.428
   4.339
   4.268
   4.233
   4.238
   4.285
   4.353
   4.432
   4.509
   4.573
   4.627
   4.675
   4.704
   4.704
   4.643
   4.297
   0.000
 -65.534
 -65.534
 -65.534
 -65.534
   1.240
   1.311
   1.364
   1.419
   1.479
   1.550
   1.624
   1.710
   1.807
   1.916
   2.039
   2.169
   2.298
   2.426
   2.560
   2.697
   2.838
   2.974
   3.116
   3.258
   3.404
   3.552
   3.708
   3.860
   4.016
   4.179
   4.345
   4.507
   4.676
   4.839
   4.988
   5.115
   5.207
   5.296
   5.320
   5.368
   5.375
   5.351
   5.320
   5.269
   5.196
   5.112
   5.033
   4.942
   4.834
   4.724
   4.610
   4.491
   4.393
   4.318
   4.268
   4.242
   4.251
   4.293
   4.360
   4.432
   4.508
   4.570
   4.621
   4.664
   4.693
   4.696
   4.646
   4.303
   0.000
 -65.534
 -65.534
 -65.534
 -65.534
   1.118
   1.180
   1.224
   1.265
   1.306
   1.362
   1.423
   1.491
   1.574
   1.682
   1.804
   1.936
   2.073
   2.208
   2.343
   2.471
   2.598
   2.721
   2.845
   2.975
   3.103
   3.240
   3.384
   3.535
   3.688
   3.846
   4.004
   4.155
   4.313
   4.462
   4.585
   4.694
   4.778
   4.832
   4.858
   4.892
   4.915
   4.907
   4.896
   4.877
   4.839
   4.798
   4.755
   4.708
   4.642
   4.577
   4.499
   4.417
   4.346
   4.292
   4.265
   4.252
   4.263
   4.305
   4.367
   4.435
   4.501
   4.560
   4.605
   4.640
   4.660
   4.655
   4.603
   4.270
   0.000
 -65.534
 -65.534
 -65.534
 -65.534
   1.048
   1.110
   1.149
   1.183
   1.197
   1.221
   1.270
   1.327
   1.398
   1.496
   1.614
   1.742
   1.877
   2.011
   2.141
   2.265
   2.370
   2.468
   2.570
   2.681
   2.796
   2.916
   3.051
   3.187
   3.334
   3.483
   3.630
   3.773
   3.912
   4.039
   4.145
   4.235
   4.307
   4.350
   4.378
   4.398
   4.419
   4.428
   4.440
   4.447
   4.447
   4.441
   4.434
   4.418
   4.398
   4.374
   4.347
   4.306
   4.270
   4.243
   4.230
   4.234
   4.250
   4.289
   4.342
   4.402
   4.465
   4.517
   4.558
   4.580
   4.583
   4.565
   4.501
   4.171
   0.000
 -65.534
 -65.534
 -65.534
 -65.534
 -65.534
 -65.534
 -65.534
 -65.534
   1.133
   1.141
   1.159
   1.195
   1.252
   1.340
   1.453
   1.581
   1.720
   1.855
   1.982
   2.091
   2.172
   2.250
   2.331
   2.418
   2.519
   2.626
   2.747
   2.870
   2.996
   3.125
   3.248
   3.368
   3.481
   3.585
   3.667
   3.741
   3.801
   3.847
   3.872
   3.898
   3.928
   3.960
   4.001
   4.038
   4.073
   4.095
   4.111
   4.128
   4.140
   4.152
   4.170
   4.175
   4.175
   4.170
   4.174
   4.185
   4.205
   4.235
   4.283
   4.336
   4.390
   4.438
   4.468
   4.477
   4.465
   4.431
   4.357
   4.032
   0.000
 -65.534
 -65.534
 -65.534
 -65.534
 -65.534
 -65.534
   0.940
   1.069
   1.120
   1.082
   1.075
   1.094
   1.143
   1.217
   1.318
   1.445
   1.591
   1.739
   1.867
   1.967
   2.037
   2.085
   2.143
   2.218
   2.308
   2.403
   2.506
   2.613
   2.716
   2.813
   2.907
   2.994
   3.075
   3.145
   3.207
   3.259
   3.310
   3.347
   3.381
   3.425
   3.477
   3.539
   3.607
   3.676
   3.735
   3.776
   3.814
   3.852
   3.889
   3.929
   3.977
   4.023
   4.050
   4.071
   4.088
   4.106
   4.125
   4.149
   4.185
   4.228
   4.270
   4.304
   4.324
   4.322
   4.308
   4.270
   4.195
   3.858
   0.000
 -65.534
 -65.534
 -65.534
 -65.534
 -65.534
 -65.534
 -65.534
 -65.534
 -65.534
   1.060
   1.027
   1.033
   1.062
   1.120
   1.210
   1.336
   1.484
   1.642
   1.783
   1.883
   1.941
   1.982
   2.029
   2.090
   2.161
   2.248
   2.338
   2.420
   2.497
   2.570
   2.636
   2.693
   2.738
   2.782
   2.817
   2.852
   2.890
   2.927
   2.969
   3.020
   3.091
   3.175
   3.269
   3.358
   3.435
   3.495
   3.545
   3.596
   3.643
   3.704
   3.773
   3.842
   3.893
   3.928
   3.953
   3.970
   3.984
   3.997
   4.019
   4.050
   4.078
   4.099
   4.109
   4.101
   4.085
   4.057
   3.988
   3.653
   0.000
 -65.534
 -65.534
 -65.534
 -65.534
 -65.534
 -65.534
 -65.534
 -65.534
 -65.534
 -65.534
 -65.534
 -65.534
 -65.534
 -65.534
 -65.534
   1.276
   1.409
   1.527
   1.661
   1.793
   1.850
   1.903
   1.952
   2.011
   2.076
   2.145
   2.214
   2.289
   2.348
   2.395
   2.433
   2.463
   2.490
   2.515
   2.536
   2.558
   2.581
   2.610
   2.635
   2.697
   2.782
   2.881
   2.992
   3.099
   3.187
   3.255
   3.314
   3.372
   3.432
   3.498
   3.575
   3.651
   3.712
   3.756
   3.784
   3.794
   3.793
   3.792
   3.798
   3.816
   3.834
   3.846
   3.847
   3.840
   3.828
   3.798
   3.737
   3.421
   0.000
 -65.534
 -65.534
 -65.534
 -65.534
 -65.534
 -65.534
 -65.534
 -65.534
 -65.534
 -65.534
 -65.534
 -65.534
 -65.534
 -65.534
 -65.534
 -65.534
 -65.534
 -65.534
 -65.534
   1.720
   1.780
   1.837
   1.898
   1.969
   2.037
   2.094
   2.150
   2.198
   2.237
   2.273
   2.293
   2.303
   2.311
   2.320
   2.337
   2.353
   2.375
   2.401
   2.438
   2.497
   2.584
   2.690
   2.803
   2.911
   3.011
   3.084
   3.143
   3.201
   3.258
   3.326
   3.399
   3.471
   3.529
   3.569
   3.589
   3.591
   3.576
   3.562
   3.556
   3.561
   3.571
   3.575
   3.570
   3.561
   3.543
   3.520
   3.469
   3.162
   0.000
 -65.534
 -65.534
 -65.534
 -65.534
 -65.534
 -65.534
 -65.534
 -65.534
 -65.534
 -65.534
 -65.534
 -65.534
 -65.534
 -65.534
 -65.534
 -65.534
 -65.534
 -65.534
   1.440
   1.675
   1.707
   1.767
   1.844
   1.928
   2.006
   2.067
   2.110
   2.145
   2.163
   2.177
   2.188
   2.194
   2.190
   2.195
   2.206
   2.226
   2.254
   2.285
   2.330
   2.394
   2.476
   2.572
   2.686
   2.793
   2.891
   2.966
   3.026
   3.080
   3.133
   3.189
   3.244
   3.295
   3.335
   3.356
   3.369
   3.368
   3.342
   3.320
   3.301
   3.295
   3.296
   3.295
   3.284
   3.267
   3.241
   3.212
   3.159
   2.851
   0.000
 -65.534
 -65.534
 -65.534
 -65.534
 -65.534
 -65.534
 -65.534
 -65.534
 -65.534
 -65.534
 -65.534
 -65.534
 -65.534
 -65.534
 -65.534
 -65.534
 -65.534
   1.274
   1.502
   1.575
   1.624
   1.684
   1.765
   1.865
   1.953
   2.019
   2.064
   2.091
   2.100
   2.103
   2.107
   2.111
   2.104
   2.103
   2.115
   2.140
   2.167
   2.202
   2.249
   2.311
   2.392
   2.492
   2.599
   2.706
   2.801
   2.872
   2.926
   2.978
   3.021
   3.062
   3.099
   3.129
   3.148
   3.152
   3.145
   3.128
   3.100
   3.071
   3.050
   3.035
   3.034
   3.033
   3.018
   2.985
   2.947
   2.896
   2.824
   2.509
   0.000
 -65.534
 -65.534
 -65.534
 -65.534
 -65.534
 -65.534
 -65.534
 -65.534
 -65.534
 -65.534
 -65.534
 -65.534
 -65.534
 -65.534
 -65.534
 -65.534
 -65.534
   1.369
   1.456
   1.495
   1.546
   1.600
   1.671
   1.767
   1.866
   1.935
   1.983
   2.009
   2.019
   2.020
   2.026
   2.036
   2.032
   2.027
   2.031
   2.049
   2.074
   2.107
   2.150
   2.209
   2.288
   2.390
   2.498
   2.603
   2.692
   2.762
   2.818
   2.871
   2.908
   2.937
   2.952
   2.962
   2.955
   2.950
   2.935
   2.917
   2.889
   2.860
   2.837
   2.817
   2.805
   2.794
   2.770
   2.730
   2.678
   2.609
   2.516
   2.166
   0.000
 -65.534
 -65.534
 -65.534
 -65.534
 -65.534
 -65.534
 -65.534
 -65.534
 -65.534
 -65.534
 -65.534
 -65.534
 -65.534
 -65.534
 -65.534
 -65.534
 -65.534
   1.403
   1.422
   1.451
   1.484
   1.529
   1.586
   1.666
   1.760
   1.827
   1.872
   1.897
   1.911
   1.923
   1.936
   1.953
   1.950
   1.946
   1.943
   1.948
   1.963
   1.988
   2.028
   2.083
   2.163
   2.258
   2.364
   2.468
   2.556
   2.626
   2.692
   2.745
   2.784
   2.807
   2.813
   2.809
   2.794
   2.777
   2.759
   2.738
   2.708
   2.684
   2.660
   2.636
   2.617
   2.589
   2.556
   2.502
   2.408
   2.317
   2.191
   1.841
   0.000
 -65.534
 -65.534
 -65.534
 -65.534
 -65.534
 -65.534
 -65.534
 -65.534
 -65.534
 -65.534
 -65.534
 -65.534
 -65.534
 -65.534
 -65.534
 -65.534
 -65.534
   1.458
   1.424
   1.427
   1.449
   1.478
   1.519
   1.572
   1.638
   1.703
   1.741
   1.769
   1.789
   1.805
   1.826
   1.850
   1.850
   1.847
   1.842
   1.846
   1.855
   1.879
   1.917
   1.967
   2.042
   2.128
   2.223
   2.319
   2.405
   2.484
   2.551
   2.608
   2.645
   2.664
   2.666
   2.661
   2.644
   2.623
   2.600
   2.578
   2.547
   2.522
   2.499
   2.474
   2.451
   2.414
   2.363
   2.288
   2.181
   2.061
   1.901
   1.545
   0.000
 -65.534
 -65.534
 -65.534
 -65.534
 -65.534
 -65.534
 -65.534
 -65.534
 -65.534
 -65.534
 -65.534
 -65.534
 -65.534
 -65.534
 -65.534
 -65.534
 -65.534
 -65.534
   1.454
   1.417
   1.425
   1.446
   1.473
   1.505
   1.541
   1.579
   1.603
   1.625
   1.649
   1.677
   1.703
   1.729
   1.736
   1.741
   1.736
   1.743
   1.760
   1.784
   1.823
   1.875
   1.937
   2.009
   2.094
   2.183
   2.268
   2.344
   2.409
   2.459
   2.494
   2.509
   2.513
   2.504
   2.486
   2.461
   2.436
   2.411
   2.385
   2.363
   2.340
   2.320
   2.291
   2.247
   2.181
   2.091
   1.975
   1.829
   1.648
   1.270
   0.000
 -65.534
 -65.534
 -65.534
 -65.534
 -65.534
 -65.534
 -65.534
 -65.534
 -65.534
 -65.534
 -65.534
 -65.534
 -65.534
 -65.534
 -65.534
 -65.534
 -65.534
 -65.534
 -65.534
   1.436
   1.412
   1.430
   1.451
   1.463
   1.470
   1.475
   1.477
   1.482
   1.498
   1.520
   1.557
   1.585
   1.598
   1.603
   1.623
   1.659
   1.669
   1.695
   1.727
   1.777
   1.842
   1.907
   1.983
   2.064
   2.150
   2.226
   2.289
   2.328
   2.350
   2.354
   2.349
   2.341
   2.322
   2.296
   2.269
   2.246
   2.221
   2.198
   2.181
   2.160
   2.128
   2.080
   2.004
   1.896
   1.770
   1.616
   1.415
   1.038
   0.000
 -65.534
 -65.534
 -65.534
 -65.534
 -65.534
 -65.534
 -65.534
 -65.534
 -65.534
 -65.534
 -65.534
 -65.534
 -65.534
 -65.534
 -65.534
 -65.534
 -65.534
 -65.534
 -65.534
 -65.534
   1.438
   1.430
   1.423
   1.420
   1.402
   1.387
   1.369
   1.351
   1.339
   1.340
   1.358
   1.343
   1.300
   1.218
   1.079
   0.757
 -65.534
 -65.534
 -65.534
 -65.534
   1.876
   1.902
   1.939
   1.994
   2.067
   2.135
   2.182
   2.206
   2.209
   2.197
   2.182
   2.166
   2.144
   2.120
   2.097
   2.070
   2.045
   2.023
   2.005
   1.982
   1.949
   1.894
   1.812
   1.700
   1.562
   1.405
   1.205
   0.833
   0.000
 -65.534
 -65.534
 -65.534
 -65.534
 -65.534
 -65.534
 -65.534
 -65.534
 -65.534
 -65.534
 -65.534
 -65.534
 -65.534
 -65.534
 -65.534
 -65.534
 -65.534
 -65.534
 -65.534
 -65.534
 -65.534
 -65.534
 -65.534
 -65.534
   1.341
   1.293
   1.264
   1.229
   1.201
   1.180
   1.162
   1.101
   1.006
   0.856
   0.635
   0.310
 -65.534
 -65.534
 -65.534
 -65.534
 -65.534
 -65.534
   1.905
   1.941
   1.988
   2.037
   2.054
   2.052
   2.040
   2.016
   1.990
   1.970
   1.947
   1.925
   1.905
   1.883
   1.856
   1.834
   1.814
   1.793
   1.752
   1.687
   1.599
   1.480
   1.340
   1.184
   0.983
   0.625
   0.000
 -65.534
 -65.534
 -65.534
 -65.534
 -65.534
 -65.534
 -65.534
 -65.534
 -65.534
 -65.534
 -65.534
 -65.534
 -65.534
 -65.534
 -65.534
 -65.534
 -65.534
 -65.534
 -65.534
 -65.534
 -65.534
 -65.534
 -65.534
 -65.534
   1.270
   1.203
   1.157
   1.104
   1.060
   1.021
   0.968
   0.875
   0.749
   0.584
   0.392
   0.174
 -65.534
 -65.534
 -65.534
 -65.534
 -65.534
 -65.534
 -65.534
   1.843
   1.888
   1.896
   1.895
   1.868
   1.839
   1.807
   1.783
   1.765
   1.742
   1.721
   1.705
   1.682
   1.658
   1.633
   1.613
   1.585
   1.543
   1.470
   1.372
   1.246
   1.100
   0.941
   0.746
   0.406
   0.000
 -65.534
 -65.534
 -65.534
 -65.534
 -65.534
 -65.534
 -65.534
 -65.534
 -65.534
 -65.534
 -65.534
 -65.534
 -65.534
 -65.534
 -65.534
 -65.534
 -65.534
 -65.534
 -65.534
 -65.534
 -65.534
 -65.534
 -65.534
 -65.534
 -65.534
 -65.534
 -65.534
 -65.534
 -65.534
   0.908
   0.762
   0.665
   0.559
   0.421
   0.283
   0.130
  -0.072
 -65.534
 -65.534
 -65.534
 -65.534
 -65.534
 -65.534
   1.371
   1.083
 -65.534
   1.670
   1.669
   1.650
   1.637
   1.612
   1.583
   1.554
   1.534
   1.510
   1.485
   1.457
   1.431
   1.403
   1.371
   1.320
   1.243
   1.135
   1.006
   0.858
   0.698
   0.510
   0.189
   0.000
 -65.534
 -65.534
 -65.534
 -65.534
 -65.534
 -65.534
 -65.534
 -65.534
 -65.534
 -65.534
 -65.534
 -65.534
 -65.534
 -65.534
 -65.534
 -65.534
 -65.534
 -65.534
 -65.534
 -65.534
 -65.534
 -65.534
 -65.534
 -65.534
 -65.534
 -65.534
 -65.534
 -65.534
 -65.534
 -65.534
 -65.534
 -65.534
   0.515
   0.353
   0.245
   0.130
  -0.062
  -0.100
 -65.534
 -65.534
 -65.534
 -65.534
 -65.534
 -65.534
 -65.534
 -65.534
 -65.534
 -65.534
 -65.534
   1.447
   1.441
   1.424
   1.421
   1.382
   1.340
   1.297
   1.264
   1.231
   1.195
   1.156
   1.097
   1.013
   0.905
   0.776
   0.635
   0.474
   0.288
  -0.014
   0.000
 -65.534
 -65.534
 -65.534
 -65.534
 -65.534
 -65.534
 -65.534
 -65.534
 -65.534
 -65.534
 -65.534
 -65.534
 -65.534
 -65.534
 -65.534
 -65.534
 -65.534
 -65.534
 -65.534
 -65.534
 -65.534
 -65.534
 -65.534
 -65.534
 -65.534
 -65.534
 -65.534
 -65.534
 -65.534
 -65.534
 -65.534
 -65.534
   0.424
   0.295
   0.202
   0.105
  -0.025
  -0.107
  -0.109
  -0.081
 -65.534
 -65.534
 -65.534
 -65.534
 -65.534
 -65.534
 -65.534
 -65.534
 -65.534
 -65.534
 -65.534
 -65.534
   1.218
   1.205
   1.172
   1.127
   1.088
   1.043
   0.998
   0.947
   0.881
   0.798
   0.695
   0.570
   0.436
   0.302
   0.140
  -0.139
   0.000
 -65.534
 -65.534
 -65.534
 -65.534
 -65.534
 -65.534
 -65.534
 -65.534
 -65.534
 -65.534
 -65.534
 -65.534
 -65.534
 -65.534
 -65.534
 -65.534
 -65.534
 -65.534
 -65.534
 -65.534
 -65.534
 -65.534
 -65.534
 -65.534
 -65.534
 -65.534
 -65.534
 -65.534
 -65.534
 -65.534
 -65.534
 -65.534
 -65.534
 -65.534
 -65.534
 -65.534
   0.052
  -0.045
  -0.089
  -0.113
  -0.097
  -0.089
  -0.093
  -0.132
  -0.180
 -65.534
 -65.534
 -65.534
 -65.534
 -65.534
 -65.534
 -65.534
 -65.534
 -65.534
 -65.534
   0.938
   0.931
   0.895
   0.839
   0.759
   0.686
   0.608
   0.511
   0.402
   0.285
   0.167
   0.024
  -0.230
   0.000
 -65.534
 -65.534
 -65.534
 -65.534
 -65.534
 -65.534
 -65.534
 -65.534
 -65.534
 -65.534
 -65.534
 -65.534
 -65.534
 -65.534
 -65.534
 -65.534
 -65.534
 -65.534
 -65.534
 -65.534
 -65.534
 -65.534
 -65.534
 -65.534
 -65.534
 -65.534
 -65.534
 -65.534
 -65.534
 -65.534
 -65.534
 -65.534
 -65.534
 -65.534
 -65.534
 -65.534
 -65.534
 -65.534
 -65.534
 -65.534
  -0.047
 -65.534
 -65.534
 -65.534
 -65.534
 -65.534
 -65.534
 -65.534
 -65.534
 -65.534
 -65.534
 -65.534
 -65.534
 -65.534
 -65.534
   0.702
   0.738
   0.743
   0.709
   0.628
   0.542
   0.453
   0.371
   0.278
   0.175
   0.072
  -0.052
  -0.296
   0.000
 -65.534
 -65.534
 -65.534
 -65.534
 -65.534
 -65.534
 -65.534
 -65.534
 -65.534
 -65.534
 -65.534
 -65.534
 -65.534
 -65.534
 -65.534
 -65.534
 -65.534
 -65.534
 -65.534
 -65.534
 -65.534
 -65.534
 -65.534
 -65.534
 -65.534
 -65.534
 -65.534
 -65.534
 -65.534
 -65.534
 -65.534
 -65.534
 -65.534
 -65.534
 -65.534
 -65.534
 -65.534
 -65.534
 -65.534
 -65.534
 -65.534
 -65.534
 -65.534
 -65.534
 -65.534
 -65.534
 -65.534
 -65.534
 -65.534
 -65.534
 -65.534
 -65.534
 -65.534
 -65.534
 -65.534
 -65.534
 -65.534
 -65.534
 -65.534
   0.511
   0.415
   0.340
   0.259
   0.178
   0.097
   0.006
  -0.097
  -0.318
   0.000
 -65.534
 -65.534
 -65.534
 -65.534
 -65.534
 -65.534
 -65.534
 -65.534
 -65.534
 -65.534
 -65.534
 -65.534
 -65.534
 -65.534
 -65.534
 -65.534
 -65.534
 -65.534
 -65.534
 -65.534
 -65.534
 -65.534
 -65.534
 -65.534
 -65.534
 -65.534
 -65.534
 -65.534
 -65.534
 -65.534
 -65.534
 -65.534
 -65.534
 -65.534
 -65.534
 -65.534
 -65.534
 -65.534
 -65.534
 -65.534
 -65.534
 -65.534
 -65.534
 -65.534
 -65.534
 -65.534
 -65.534
 -65.534
 -65.534
 -65.534
 -65.534
 -65.534
 -65.534
 -65.534
 -65.534
 -65.534
 -65.534
 -65.534
 -65.534
 -65.534
 -65.534
   0.000
   0.000
   0.000
   0.000
   0.000
   0.000
   0.000
 -65.534
