 -65.534
   0.000
   0.000
   0.000
   0.000
   0.000
   0.000
   0.000
   0.000
   0.000
   0.000
   0.000
   0.000
   0.000
   0.000
   0.000
   0.000
   0.000
   0.000
   0.000
   0.000
   0.000
   0.000
   0.000
   0.000
   0.000
   0.000
   0.000
   0.000
   0.000
   0.000
   0.000
   0.000
   0.000
   0.000
   0.000
   0.000
   0.000
   0.000
   0.000
   0.000
   0.000
   0.000
   0.000
   0.000
   0.000
   0.000
   0.000
   0.000
   0.000
   0.000
   0.000
   0.000
   0.000
   0.000
   0.000
   0.000
   0.000
   0.000
   0.000
   0.000
   0.000
   0.000
   0.000
   0.000
   0.000
   0.000
   0.000
 -65.534
   0.000
   1.416
   1.586
   1.664
   1.741
   1.802
   1.845
   1.876
   1.899
   1.918
   1.935
   1.948
   1.957
   1.968
   1.976
   1.987
   2.003
   2.035
   2.083
   2.152
   2.239
   2.340
   2.437
   2.546
   2.569
   2.549
   2.520
   2.491
   2.462
   2.443
   2.429
   2.416
   2.414
   2.423
   2.408
   2.397
   2.375
   2.352
   2.330
   2.296
   2.266
   2.241
   2.210
   2.187
   2.172
   2.167
   2.170
   2.189
   2.230
   2.298
   2.379
   2.464
   2.550
   2.628
   2.723
   2.793
   2.856
   2.901
   2.926
   2.946
   2.960
   2.968
   2.973
   2.976
   2.971
   2.978
   3.004
   2.953
   0.000
   0.000
   1.478
   1.622
   1.681
   1.747
   1.802
   1.852
   1.896
   1.934
   1.970
   2.002
   2.025
   2.041
   2.050
   2.053
   2.058
   2.065
   2.083
   2.116
   2.168
   2.239
   2.318
   2.396
   2.479
   2.505
   2.499
   2.488
   2.470
   2.458
   2.457
   2.466
   2.477
   2.493
   2.515
   2.521
   2.511
   2.492
   2.461
   2.425
   2.390
   2.360
   2.335
   2.305
   2.286
   2.274
   2.273
   2.292
   2.339
   2.412
   2.516
   2.630
   2.753
   2.876
   2.992
   3.092
   3.175
   3.251
   3.309
   3.349
   3.374
   3.393
   3.402
   3.403
   3.399
   3.400
   3.407
   3.424
   3.361
   0.000
   0.000
   1.436
   1.565
   1.610
   1.665
   1.714
   1.765
   1.815
   1.862
   1.909
   1.950
   1.984
   2.002
   2.010
   2.011
   2.008
   2.010
   2.021
   2.048
   2.095
   2.154
   2.223
   2.294
   2.354
   2.394
   2.402
   2.402
   2.400
   2.405
   2.417
   2.440
   2.464
   2.498
   2.533
   2.551
   2.559
   2.544
   2.513
   2.473
   2.434
   2.398
   2.365
   2.329
   2.299
   2.287
   2.292
   2.323
   2.378
   2.463
   2.576
   2.706
   2.844
   2.980
   3.108
   3.219
   3.313
   3.393
   3.457
   3.495
   3.523
   3.542
   3.548
   3.543
   3.542
   3.540
   3.547
   3.561
   3.489
   0.000
   0.000
   1.398
   1.510
   1.543
   1.592
   1.638
   1.685
   1.739
   1.791
   1.843
   1.892
   1.929
   1.954
   1.965
   1.964
   1.959
   1.959
   1.970
   1.996
   2.036
   2.090
   2.156
   2.220
   2.274
   2.315
   2.334
   2.353
   2.363
   2.381
   2.407
   2.440
   2.477
   2.522
   2.572
   2.607
   2.625
   2.616
   2.589
   2.546
   2.510
   2.473
   2.435
   2.391
   2.358
   2.342
   2.349
   2.380
   2.442
   2.529
   2.636
   2.764
   2.906
   3.046
   3.179
   3.296
   3.393
   3.480
   3.543
   3.586
   3.616
   3.632
   3.634
   3.628
   3.626
   3.628
   3.637
   3.648
   3.563
   0.000
   0.000
   1.354
   1.458
   1.487
   1.531
   1.573
   1.622
   1.673
   1.727
   1.781
   1.830
   1.869
   1.895
   1.907
   1.909
   1.904
   1.903
   1.914
   1.941
   1.980
   2.034
   2.095
   2.160
   2.214
   2.246
   2.280
   2.316
   2.344
   2.375
   2.411
   2.456
   2.502
   2.558
   2.618
   2.665
   2.694
   2.691
   2.668
   2.632
   2.595
   2.558
   2.518
   2.476
   2.438
   2.419
   2.419
   2.446
   2.508
   2.593
   2.696
   2.818
   2.950
   3.086
   3.222
   3.339
   3.439
   3.526
   3.591
   3.633
   3.666
   3.685
   3.686
   3.683
   3.682
   3.688
   3.698
   3.702
   3.604
   0.000
   0.000
   1.311
   1.406
   1.435
   1.476
   1.520
   1.567
   1.617
   1.673
   1.728
   1.774
   1.811
   1.839
   1.848
   1.852
   1.848
   1.851
   1.865
   1.892
   1.930
   1.981
   2.040
   2.097
   2.149
   2.192
   2.242
   2.292
   2.335
   2.377
   2.424
   2.478
   2.535
   2.598
   2.664
   2.723
   2.761
   2.777
   2.762
   2.729
   2.693
   2.658
   2.621
   2.584
   2.544
   2.513
   2.499
   2.514
   2.564
   2.642
   2.739
   2.855
   2.980
   3.110
   3.241
   3.359
   3.459
   3.547
   3.614
   3.656
   3.690
   3.714
   3.716
   3.713
   3.714
   3.723
   3.733
   3.734
   3.623
   0.000
   0.000
   1.262
   1.353
   1.383
   1.426
   1.469
   1.518
   1.571
   1.626
   1.681
   1.727
   1.763
   1.786
   1.797
   1.799
   1.801
   1.806
   1.823
   1.852
   1.889
   1.938
   1.995
   2.054
   2.112
   2.164
   2.218
   2.276
   2.328
   2.380
   2.441
   2.506
   2.573
   2.644
   2.715
   2.784
   2.831
   2.861
   2.859
   2.840
   2.810
   2.776
   2.740
   2.704
   2.669
   2.629
   2.589
   2.580
   2.606
   2.665
   2.757
   2.866
   2.981
   3.108
   3.234
   3.353
   3.458
   3.545
   3.613
   3.656
   3.689
   3.711
   3.718
   3.720
   3.726
   3.736
   3.744
   3.746
   3.625
   0.000
   0.000
   1.193
   1.286
   1.321
   1.370
   1.418
   1.468
   1.524
   1.581
   1.635
   1.682
   1.715
   1.738
   1.750
   1.753
   1.757
   1.769
   1.791
   1.820
   1.862
   1.910
   1.966
   2.027
   2.089
   2.150
   2.208
   2.265
   2.326
   2.387
   2.458
   2.538
   2.615
   2.692
   2.771
   2.843
   2.900
   2.939
   2.952
   2.943
   2.927
   2.899
   2.866
   2.837
   2.804
   2.762
   2.707
   2.665
   2.662
   2.691
   2.757
   2.852
   2.959
   3.081
   3.207
   3.331
   3.439
   3.529
   3.596
   3.638
   3.669
   3.690
   3.701
   3.706
   3.718
   3.730
   3.739
   3.742
   3.617
   0.000
   0.000
   1.105
   1.198
   1.243
   1.301
   1.355
   1.412
   1.474
   1.533
   1.591
   1.637
   1.671
   1.691
   1.703
   1.712
   1.720
   1.739
   1.763
   1.798
   1.839
   1.890
   1.948
   2.012
   2.078
   2.141
   2.200
   2.263
   2.328
   2.397
   2.477
   2.564
   2.647
   2.731
   2.813
   2.889
   2.955
   3.004
   3.030
   3.033
   3.029
   3.012
   2.985
   2.962
   2.935
   2.896
   2.839
   2.774
   2.739
   2.737
   2.766
   2.832
   2.927
   3.040
   3.162
   3.287
   3.401
   3.493
   3.562
   3.604
   3.637
   3.660
   3.674
   3.684
   3.698
   3.712
   3.722
   3.728
   3.598
   0.000
   0.000
   1.011
   1.103
   1.153
   1.218
   1.283
   1.347
   1.412
   1.479
   1.539
   1.588
   1.622
   1.646
   1.661
   1.672
   1.691
   1.712
   1.744
   1.781
   1.824
   1.874
   1.933
   2.001
   2.069
   2.134
   2.196
   2.260
   2.329
   2.405
   2.490
   2.578
   2.668
   2.756
   2.841
   2.921
   2.993
   3.053
   3.089
   3.104
   3.112
   3.108
   3.091
   3.068
   3.045
   3.009
   2.957
   2.892
   2.825
   2.790
   2.788
   2.820
   2.890
   2.987
   3.101
   3.223
   3.339
   3.438
   3.513
   3.567
   3.603
   3.628
   3.646
   3.656
   3.672
   3.685
   3.694
   3.703
   3.572
   0.000
   0.000
   0.923
   1.015
   1.064
   1.132
   1.199
   1.270
   1.341
   1.409
   1.471
   1.524
   1.563
   1.593
   1.616
   1.635
   1.659
   1.688
   1.722
   1.764
   1.808
   1.861
   1.919
   1.984
   2.055
   2.124
   2.190
   2.254
   2.327
   2.406
   2.495
   2.587
   2.678
   2.768
   2.858
   2.941
   3.017
   3.085
   3.134
   3.162
   3.183
   3.189
   3.182
   3.163
   3.138
   3.097
   3.048
   2.987
   2.915
   2.851
   2.817
   2.821
   2.865
   2.938
   3.038
   3.154
   3.272
   3.380
   3.466
   3.534
   3.585
   3.618
   3.636
   3.646
   3.658
   3.667
   3.670
   3.680
   3.538
   0.000
   0.000
   0.829
   0.940
   0.983
   1.047
   1.115
   1.187
   1.256
   1.323
   1.383
   1.436
   1.482
   1.519
   1.552
   1.582
   1.614
   1.650
   1.690
   1.735
   1.783
   1.837
   1.895
   1.961
   2.033
   2.103
   2.174
   2.240
   2.315
   2.395
   2.484
   2.580
   2.675
   2.769
   2.862
   2.947
   3.026
   3.098
   3.157
   3.196
   3.229
   3.248
   3.247
   3.233
   3.207
   3.164
   3.110
   3.051
   2.978
   2.906
   2.850
   2.826
   2.846
   2.901
   2.984
   3.089
   3.206
   3.324
   3.425
   3.507
   3.572
   3.617
   3.641
   3.654
   3.660
   3.664
   3.665
   3.665
   3.507
   0.000
 -65.534
 -65.534
   0.818
   0.916
   0.960
   1.027
   1.092
   1.159
   1.220
   1.278
   1.329
   1.371
   1.414
   1.458
   1.498
   1.544
   1.588
   1.637
   1.687
   1.742
   1.799
   1.859
   1.925
   1.997
   2.069
   2.142
   2.214
   2.288
   2.369
   2.457
   2.554
   2.649
   2.749
   2.846
   2.935
   3.013
   3.086
   3.150
   3.197
   3.239
   3.266
   3.269
   3.265
   3.242
   3.199
   3.141
   3.080
   3.008
   2.933
   2.870
   2.826
   2.822
   2.857
   2.925
   3.022
   3.138
   3.259
   3.375
   3.475
   3.557
   3.619
   3.655
   3.678
   3.689
   3.693
   3.683
   3.668
   3.483
   0.000
 -65.534
 -65.534
 -65.534
   0.798
   0.880
   0.931
   0.993
   1.052
   1.107
   1.159
   1.205
   1.247
   1.288
   1.336
   1.385
   1.438
   1.493
   1.551
   1.612
   1.675
   1.738
   1.807
   1.876
   1.947
   2.021
   2.096
   2.169
   2.244
   2.326
   2.413
   2.509
   2.608
   2.711
   2.805
   2.891
   2.982
   3.060
   3.120
   3.170
   3.213
   3.245
   3.260
   3.258
   3.239
   3.201
   3.145
   3.079
   3.011
   2.940
   2.874
   2.821
   2.800
   2.823
   2.878
   2.966
   3.082
   3.209
   3.334
   3.450
   3.553
   3.634
   3.692
   3.730
   3.749
   3.753
   3.736
   3.702
   3.476
   0.000
 -65.534
 -65.534
 -65.534
 -65.534
   0.767
   0.844
   0.894
   0.942
   0.986
   1.028
   1.070
   1.109
   1.150
   1.199
   1.253
   1.310
   1.373
   1.437
   1.506
   1.577
   1.647
   1.721
   1.795
   1.870
   1.945
   2.022
   2.099
   2.178
   2.260
   2.347
   2.440
   2.537
   2.637
   2.735
   2.825
   2.915
   2.991
   3.064
   3.115
   3.155
   3.190
   3.208
   3.211
   3.198
   3.163
   3.114
   3.056
   2.991
   2.923
   2.862
   2.811
   2.781
   2.795
   2.849
   2.935
   3.052
   3.188
   3.326
   3.455
   3.574
   3.675
   3.751
   3.801
   3.829
   3.835
   3.813
   3.765
   3.500
   0.000
 -65.534
 -65.534
 -65.534
 -65.534
   0.685
   0.759
   0.799
   0.835
   0.867
   0.901
   0.934
   0.969
   1.009
   1.056
   1.111
   1.171
   1.236
   1.304
   1.373
   1.445
   1.520
   1.596
   1.674
   1.750
   1.832
   1.911
   1.991
   2.074
   2.159
   2.247
   2.337
   2.434
   2.533
   2.631
   2.724
   2.812
   2.891
   2.963
   3.012
   3.056
   3.093
   3.114
   3.124
   3.116
   3.088
   3.048
   3.004
   2.950
   2.887
   2.827
   2.780
   2.754
   2.772
   2.831
   2.926
   3.051
   3.195
   3.342
   3.480
   3.605
   3.713
   3.802
   3.861
   3.897
   3.905
   3.880
   3.827
   3.538
   0.000
 -65.534
 -65.534
 -65.534
 -65.534
   0.621
   0.686
   0.717
   0.742
   0.762
   0.789
   0.816
   0.844
   0.879
   0.920
   0.972
   1.030
   1.093
   1.158
   1.228
   1.298
   1.369
   1.442
   1.516
   1.594
   1.675
   1.759
   1.843
   1.931
   2.018
   2.107
   2.198
   2.294
   2.393
   2.492
   2.586
   2.675
   2.756
   2.825
   2.878
   2.920
   2.960
   2.987
   3.005
   3.005
   2.989
   2.959
   2.925
   2.883
   2.831
   2.784
   2.746
   2.734
   2.758
   2.823
   2.929
   3.062
   3.213
   3.362
   3.497
   3.618
   3.720
   3.807
   3.872
   3.913
   3.927
   3.905
   3.852
   3.563
   0.000
 -65.534
 -65.534
 -65.534
 -65.534
   0.570
   0.631
   0.659
   0.681
   0.688
   0.700
   0.721
   0.742
   0.767
   0.803
   0.845
   0.895
   0.954
   1.020
   1.086
   1.152
   1.217
   1.282
   1.350
   1.428
   1.507
   1.591
   1.679
   1.765
   1.854
   1.942
   2.031
   2.124
   2.221
   2.318
   2.411
   2.502
   2.581
   2.651
   2.711
   2.762
   2.803
   2.837
   2.866
   2.876
   2.871
   2.855
   2.827
   2.796
   2.763
   2.730
   2.713
   2.719
   2.756
   2.831
   2.938
   3.074
   3.223
   3.365
   3.491
   3.596
   3.683
   3.759
   3.827
   3.872
   3.894
   3.883
   3.835
   3.563
   0.000
 -65.534
 -65.534
 -65.534
 -65.534
 -65.534
 -65.534
 -65.534
 -65.534
   0.631
   0.643
   0.649
   0.659
   0.675
   0.700
   0.734
   0.778
   0.832
   0.896
   0.962
   1.027
   1.086
   1.145
   1.205
   1.277
   1.356
   1.438
   1.522
   1.607
   1.691
   1.773
   1.855
   1.938
   2.030
   2.122
   2.210
   2.299
   2.381
   2.457
   2.520
   2.581
   2.636
   2.683
   2.722
   2.745
   2.749
   2.743
   2.725
   2.704
   2.687
   2.679
   2.685
   2.709
   2.762
   2.844
   2.955
   3.084
   3.222
   3.351
   3.464
   3.551
   3.618
   3.678
   3.739
   3.792
   3.823
   3.823
   3.794
   3.549
   0.000
 -65.534
 -65.534
 -65.534
 -65.534
 -65.534
 -65.534
   0.446
   0.546
   0.605
   0.598
   0.594
   0.596
   0.605
   0.622
   0.649
   0.685
   0.737
   0.799
   0.864
   0.926
   0.983
   1.035
   1.092
   1.160
   1.232
   1.313
   1.393
   1.472
   1.547
   1.618
   1.690
   1.763
   1.842
   1.924
   2.008
   2.092
   2.175
   2.255
   2.329
   2.402
   2.467
   2.529
   2.576
   2.609
   2.622
   2.619
   2.616
   2.609
   2.611
   2.621
   2.644
   2.688
   2.749
   2.838
   2.948
   3.073
   3.201
   3.317
   3.413
   3.487
   3.537
   3.582
   3.631
   3.686
   3.727
   3.743
   3.742
   3.507
   0.000
 -65.534
 -65.534
 -65.534
 -65.534
 -65.534
 -65.534
 -65.534
 -65.534
 -65.534
   0.572
   0.561
   0.557
   0.559
   0.567
   0.587
   0.622
   0.671
   0.732
   0.794
   0.853
   0.905
   0.956
   1.014
   1.081
   1.150
   1.222
   1.294
   1.361
   1.427
   1.486
   1.543
   1.606
   1.672
   1.742
   1.820
   1.900
   1.983
   2.063
   2.143
   2.222
   2.296
   2.364
   2.419
   2.457
   2.480
   2.491
   2.494
   2.505
   2.519
   2.544
   2.583
   2.638
   2.707
   2.800
   2.908
   3.024
   3.139
   3.244
   3.329
   3.394
   3.434
   3.466
   3.500
   3.546
   3.593
   3.628
   3.648
   3.431
   0.000
 -65.534
 -65.534
 -65.534
 -65.534
 -65.534
 -65.534
 -65.534
 -65.534
 -65.534
 -65.534
 -65.534
 -65.534
 -65.534
 -65.534
 -65.534
   0.582
   0.633
   0.677
   0.730
   0.802
   0.857
   0.912
   0.970
   1.036
   1.103
   1.169
   1.231
   1.285
   1.335
   1.382
   1.425
   1.473
   1.527
   1.590
   1.659
   1.734
   1.814
   1.894
   1.975
   2.054
   2.131
   2.198
   2.254
   2.298
   2.330
   2.353
   2.377
   2.400
   2.428
   2.463
   2.507
   2.566
   2.641
   2.733
   2.835
   2.941
   3.047
   3.140
   3.215
   3.271
   3.302
   3.327
   3.353
   3.391
   3.444
   3.484
   3.513
   3.326
   0.000
 -65.534
 -65.534
 -65.534
 -65.534
 -65.534
 -65.534
 -65.534
 -65.534
 -65.534
 -65.534
 -65.534
 -65.534
 -65.534
 -65.534
 -65.534
 -65.534
 -65.534
 -65.534
 -65.534
   0.772
   0.842
   0.900
   0.964
   1.029
   1.089
   1.147
   1.200
   1.244
   1.279
   1.312
   1.341
   1.375
   1.418
   1.472
   1.534
   1.606
   1.679
   1.753
   1.830
   1.906
   1.979
   2.044
   2.103
   2.152
   2.196
   2.230
   2.267
   2.306
   2.345
   2.386
   2.433
   2.492
   2.564
   2.649
   2.745
   2.840
   2.929
   3.015
   3.085
   3.132
   3.161
   3.179
   3.201
   3.235
   3.283
   3.331
   3.368
   3.202
   0.000
 -65.534
 -65.534
 -65.534
 -65.534
 -65.534
 -65.534
 -65.534
 -65.534
 -65.534
 -65.534
 -65.534
 -65.534
 -65.534
 -65.534
 -65.534
 -65.534
 -65.534
 -65.534
   0.641
   0.815
   0.856
   0.915
   0.981
   1.044
   1.100
   1.149
   1.194
   1.228
   1.257
   1.278
   1.298
   1.321
   1.350
   1.393
   1.452
   1.515
   1.580
   1.645
   1.709
   1.778
   1.844
   1.908
   1.966
   2.021
   2.072
   2.120
   2.167
   2.217
   2.264
   2.312
   2.364
   2.420
   2.484
   2.556
   2.637
   2.718
   2.796
   2.871
   2.932
   2.975
   3.003
   3.025
   3.051
   3.087
   3.138
   3.188
   3.227
   3.077
   0.000
 -65.534
 -65.534
 -65.534
 -65.534
 -65.534
 -65.534
 -65.534
 -65.534
 -65.534
 -65.534
 -65.534
 -65.534
 -65.534
 -65.534
 -65.534
 -65.534
 -65.534
   0.598
   0.781
   0.830
   0.879
   0.932
   0.994
   1.055
   1.108
   1.154
   1.192
   1.226
   1.252
   1.270
   1.286
   1.297
   1.316
   1.346
   1.390
   1.442
   1.493
   1.546
   1.601
   1.658
   1.719
   1.782
   1.848
   1.910
   1.973
   2.031
   2.089
   2.145
   2.194
   2.243
   2.292
   2.342
   2.397
   2.457
   2.524
   2.595
   2.660
   2.720
   2.772
   2.813
   2.848
   2.882
   2.918
   2.962
   3.014
   3.064
   3.103
   2.955
   0.000
 -65.534
 -65.534
 -65.534
 -65.534
 -65.534
 -65.534
 -65.534
 -65.534
 -65.534
 -65.534
 -65.534
 -65.534
 -65.534
 -65.534
 -65.534
 -65.534
 -65.534
   0.702
   0.797
   0.835
   0.884
   0.934
   0.987
   1.042
   1.091
   1.134
   1.174
   1.208
   1.236
   1.258
   1.273
   1.281
   1.291
   1.307
   1.331
   1.367
   1.404
   1.446
   1.491
   1.543
   1.599
   1.662
   1.734
   1.808
   1.881
   1.951
   2.018
   2.082
   2.136
   2.183
   2.224
   2.268
   2.313
   2.367
   2.424
   2.481
   2.535
   2.584
   2.629
   2.669
   2.714
   2.764
   2.815
   2.871
   2.928
   2.980
   3.014
   2.861
   0.000
 -65.534
 -65.534
 -65.534
 -65.534
 -65.534
 -65.534
 -65.534
 -65.534
 -65.534
 -65.534
 -65.534
 -65.534
 -65.534
 -65.534
 -65.534
 -65.534
 -65.534
   0.713
   0.787
   0.827
   0.871
   0.915
   0.961
   1.003
   1.043
   1.082
   1.122
   1.163
   1.198
   1.227
   1.249
   1.256
   1.262
   1.267
   1.279
   1.295
   1.317
   1.346
   1.386
   1.434
   1.491
   1.555
   1.627
   1.708
   1.790
   1.872
   1.951
   2.022
   2.081
   2.128
   2.169
   2.206
   2.247
   2.290
   2.339
   2.384
   2.429
   2.474
   2.518
   2.564
   2.617
   2.676
   2.745
   2.817
   2.881
   2.930
   2.964
   2.801
   0.000
 -65.534
 -65.534
 -65.534
 -65.534
 -65.534
 -65.534
 -65.534
 -65.534
 -65.534
 -65.534
 -65.534
 -65.534
 -65.534
 -65.534
 -65.534
 -65.534
 -65.534
   0.720
   0.767
   0.812
   0.851
   0.889
   0.923
   0.953
   0.980
   1.013
   1.051
   1.096
   1.140
   1.181
   1.210
   1.224
   1.230
   1.236
   1.240
   1.246
   1.258
   1.279
   1.310
   1.353
   1.404
   1.465
   1.537
   1.617
   1.707
   1.798
   1.886
   1.967
   2.033
   2.084
   2.124
   2.158
   2.193
   2.228
   2.267
   2.306
   2.348
   2.394
   2.440
   2.494
   2.557
   2.624
   2.702
   2.777
   2.843
   2.891
   2.925
   2.750
   0.000
 -65.534
 -65.534
 -65.534
 -65.534
 -65.534
 -65.534
 -65.534
 -65.534
 -65.534
 -65.534
 -65.534
 -65.534
 -65.534
 -65.534
 -65.534
 -65.534
 -65.534
 -65.534
   0.754
   0.789
   0.833
   0.864
   0.891
   0.909
   0.923
   0.944
   0.977
   1.019
   1.067
   1.114
   1.157
   1.179
   1.198
   1.209
   1.212
   1.216
   1.210
   1.217
   1.240
   1.280
   1.340
   1.401
   1.466
   1.543
   1.630
   1.723
   1.818
   1.905
   1.982
   2.040
   2.086
   2.120
   2.152
   2.182
   2.216
   2.255
   2.297
   2.345
   2.397
   2.457
   2.522
   2.596
   2.670
   2.741
   2.801
   2.846
   2.869
   2.708
   0.000
 -65.534
 -65.534
 -65.534
 -65.534
 -65.534
 -65.534
 -65.534
 -65.534
 -65.534
 -65.534
 -65.534
 -65.534
 -65.534
 -65.534
 -65.534
 -65.534
 -65.534
 -65.534
 -65.534
   0.783
   0.805
   0.835
   0.856
   0.867
   0.877
   0.886
   0.909
   0.943
   0.987
   1.040
   1.088
   1.125
   1.154
   1.174
   1.191
   1.203
   1.194
   1.198
   1.220
   1.259
   1.288
   1.333
   1.404
   1.479
   1.564
   1.657
   1.752
   1.846
   1.932
   2.003
   2.057
   2.098
   2.130
   2.160
   2.192
   2.226
   2.269
   2.316
   2.372
   2.436
   2.505
   2.579
   2.649
   2.711
   2.766
   2.810
   2.836
   2.684
   0.000
 -65.534
 -65.534
 -65.534
 -65.534
 -65.534
 -65.534
 -65.534
 -65.534
 -65.534
 -65.534
 -65.534
 -65.534
 -65.534
 -65.534
 -65.534
 -65.534
 -65.534
 -65.534
 -65.534
 -65.534
   0.826
   0.849
   0.863
   0.866
   0.862
   0.865
   0.880
   0.900
   0.932
   0.973
   1.017
   1.056
   1.079
   1.083
   1.054
   0.929
 -65.534
 -65.534
 -65.534
 -65.534
   1.218
   1.320
   1.368
   1.440
   1.521
   1.609
   1.696
   1.790
   1.879
   1.958
   2.028
   2.080
   2.117
   2.151
   2.179
   2.212
   2.249
   2.297
   2.354
   2.420
   2.493
   2.564
   2.635
   2.691
   2.746
   2.792
   2.829
   2.686
   0.000
 -65.534
 -65.534
 -65.534
 -65.534
 -65.534
 -65.534
 -65.534
 -65.534
 -65.534
 -65.534
 -65.534
 -65.534
 -65.534
 -65.534
 -65.534
 -65.534
 -65.534
 -65.534
 -65.534
 -65.534
 -65.534
 -65.534
 -65.534
 -65.534
   0.844
   0.855
   0.865
   0.879
   0.908
   0.947
   0.980
   1.005
   1.013
   0.993
   0.933
   0.795
 -65.534
 -65.534
 -65.534
 -65.534
 -65.534
 -65.534
   1.324
   1.440
   1.510
   1.574
   1.649
   1.728
   1.818
   1.904
   1.983
   2.050
   2.099
   2.137
   2.166
   2.197
   2.233
   2.280
   2.337
   2.404
   2.477
   2.550
   2.618
   2.678
   2.732
   2.781
   2.827
   2.679
   0.000
 -65.534
 -65.534
 -65.534
 -65.534
 -65.534
 -65.534
 -65.534
 -65.534
 -65.534
 -65.534
 -65.534
 -65.534
 -65.534
 -65.534
 -65.534
 -65.534
 -65.534
 -65.534
 -65.534
 -65.534
 -65.534
 -65.534
 -65.534
 -65.534
   0.916
   0.922
   0.928
   0.937
   0.947
   0.939
   0.958
   0.972
   0.971
   0.941
   0.886
   0.793
 -65.534
 -65.534
 -65.534
 -65.534
 -65.534
 -65.534
 -65.534
   1.356
   1.487
   1.579
   1.628
   1.677
   1.747
   1.836
   1.922
   2.000
   2.066
   2.113
   2.149
   2.185
   2.225
   2.276
   2.333
   2.398
   2.465
   2.529
   2.591
   2.652
   2.708
   2.759
   2.809
   2.647
   0.000
 -65.534
 -65.534
 -65.534
 -65.534
 -65.534
 -65.534
 -65.534
 -65.534
 -65.534
 -65.534
 -65.534
 -65.534
 -65.534
 -65.534
 -65.534
 -65.534
 -65.534
 -65.534
 -65.534
 -65.534
 -65.534
 -65.534
 -65.534
 -65.534
 -65.534
 -65.534
 -65.534
 -65.534
 -65.534
   1.009
   1.003
   0.997
   0.972
   0.941
   0.890
   0.804
   0.427
 -65.534
 -65.534
 -65.534
 -65.534
 -65.534
 -65.534
   1.274
   1.340
 -65.534
   1.474
   1.632
   1.730
   1.811
   1.886
   1.957
   2.022
   2.081
   2.135
   2.187
   2.238
   2.290
   2.342
   2.401
   2.457
   2.512
   2.567
   2.622
   2.677
   2.728
   2.776
   2.596
   0.000
 -65.534
 -65.534
 -65.534
 -65.534
 -65.534
 -65.534
 -65.534
 -65.534
 -65.534
 -65.534
 -65.534
 -65.534
 -65.534
 -65.534
 -65.534
 -65.534
 -65.534
 -65.534
 -65.534
 -65.534
 -65.534
 -65.534
 -65.534
 -65.534
 -65.534
 -65.534
 -65.534
 -65.534
 -65.534
 -65.534
 -65.534
 -65.534
   0.989
   0.959
   0.911
   0.813
   0.498
   0.327
 -65.534
 -65.534
 -65.534
 -65.534
 -65.534
 -65.534
 -65.534
 -65.534
 -65.534
 -65.534
 -65.534
   1.598
   1.825
   1.948
   2.042
   2.088
   2.139
   2.194
   2.246
   2.295
   2.345
   2.391
   2.439
   2.485
   2.532
   2.574
   2.614
   2.645
   2.669
   2.446
   0.000
 -65.534
 -65.534
 -65.534
 -65.534
 -65.534
 -65.534
 -65.534
 -65.534
 -65.534
 -65.534
 -65.534
 -65.534
 -65.534
 -65.534
 -65.534
 -65.534
 -65.534
 -65.534
 -65.534
 -65.534
 -65.534
 -65.534
 -65.534
 -65.534
 -65.534
 -65.534
 -65.534
 -65.534
 -65.534
 -65.534
 -65.534
 -65.534
   1.080
   1.033
   0.973
   0.846
   0.574
   0.355
   0.268
   0.256
 -65.534
 -65.534
 -65.534
 -65.534
 -65.534
 -65.534
 -65.534
 -65.534
 -65.534
 -65.534
 -65.534
 -65.534
   1.764
   2.021
   2.128
   2.200
   2.240
   2.278
   2.322
   2.360
   2.393
   2.421
   2.452
   2.475
   2.489
   2.494
   2.485
   2.224
   0.000
 -65.534
 -65.534
 -65.534
 -65.534
 -65.534
 -65.534
 -65.534
 -65.534
 -65.534
 -65.534
 -65.534
 -65.534
 -65.534
 -65.534
 -65.534
 -65.534
 -65.534
 -65.534
 -65.534
 -65.534
 -65.534
 -65.534
 -65.534
 -65.534
 -65.534
 -65.534
 -65.534
 -65.534
 -65.534
 -65.534
 -65.534
 -65.534
 -65.534
 -65.534
 -65.534
 -65.534
   0.561
   0.394
   0.279
   0.228
   0.228
   0.220
   0.220
   0.217
   0.215
 -65.534
 -65.534
 -65.534
 -65.534
 -65.534
 -65.534
 -65.534
 -65.534
 -65.534
 -65.534
   1.916
   2.168
   2.251
   2.288
   2.293
   2.296
   2.304
   2.311
   2.304
   2.288
   2.264
   2.221
   1.927
   0.000
 -65.534
 -65.534
 -65.534
 -65.534
 -65.534
 -65.534
 -65.534
 -65.534
 -65.534
 -65.534
 -65.534
 -65.534
 -65.534
 -65.534
 -65.534
 -65.534
 -65.534
 -65.534
 -65.534
 -65.534
 -65.534
 -65.534
 -65.534
 -65.534
 -65.534
 -65.534
 -65.534
 -65.534
 -65.534
 -65.534
 -65.534
 -65.534
 -65.534
 -65.534
 -65.534
 -65.534
 -65.534
 -65.534
 -65.534
 -65.534
   0.200
 -65.534
 -65.534
 -65.534
 -65.534
 -65.534
 -65.534
 -65.534
 -65.534
 -65.534
 -65.534
 -65.534
 -65.534
 -65.534
 -65.534
   1.462
   1.906
   2.083
   2.151
   2.233
   2.208
   2.163
   2.140
   2.106
   2.062
   1.998
   1.915
   1.589
   0.000
 -65.534
 -65.534
 -65.534
 -65.534
 -65.534
 -65.534
 -65.534
 -65.534
 -65.534
 -65.534
 -65.534
 -65.534
 -65.534
 -65.534
 -65.534
 -65.534
 -65.534
 -65.534
 -65.534
 -65.534
 -65.534
 -65.534
 -65.534
 -65.534
 -65.534
 -65.534
 -65.534
 -65.534
 -65.534
 -65.534
 -65.534
 -65.534
 -65.534
 -65.534
 -65.534
 -65.534
 -65.534
 -65.534
 -65.534
 -65.534
 -65.534
 -65.534
 -65.534
 -65.534
 -65.534
 -65.534
 -65.534
 -65.534
 -65.534
 -65.534
 -65.534
 -65.534
 -65.534
 -65.534
 -65.534
 -65.534
 -65.534
 -65.534
 -65.534
   1.581
   1.844
   1.885
   1.810
   1.726
   1.636
   1.530
   1.409
   1.082
   0.000
 -65.534
 -65.534
 -65.534
 -65.534
 -65.534
 -65.534
 -65.534
 -65.534
 -65.534
 -65.534
 -65.534
 -65.534
 -65.534
 -65.534
 -65.534
 -65.534
 -65.534
 -65.534
 -65.534
 -65.534
 -65.534
 -65.534
 -65.534
 -65.534
 -65.534
 -65.534
 -65.534
 -65.534
 -65.534
 -65.534
 -65.534
 -65.534
 -65.534
 -65.534
 -65.534
 -65.534
 -65.534
 -65.534
 -65.534
 -65.534
 -65.534
 -65.534
 -65.534
 -65.534
 -65.534
 -65.534
 -65.534
 -65.534
 -65.534
 -65.534
 -65.534
 -65.534
 -65.534
 -65.534
 -65.534
 -65.534
 -65.534
 -65.534
 -65.534
 -65.534
 -65.534
   0.000
   0.000
   0.000
   0.000
   0.000
   0.000
   0.000
 -65.534
