 -65.534
   0.000
   0.000
   0.000
   0.000
   0.000
   0.000
   0.000
   0.000
   0.000
   0.000
   0.000
   0.000
   0.000
   0.000
   0.000
   0.000
   0.000
   0.000
   0.000
   0.000
   0.000
   0.000
   0.000
   0.000
   0.000
   0.000
   0.000
   0.000
   0.000
   0.000
   0.000
   0.000
   0.000
   0.000
   0.000
   0.000
   0.000
   0.000
   0.000
   0.000
   0.000
   0.000
   0.000
   0.000
   0.000
   0.000
   0.000
   0.000
   0.000
   0.000
   0.000
   0.000
   0.000
   0.000
   0.000
   0.000
   0.000
   0.000
   0.000
   0.000
   0.000
   0.000
   0.000
   0.000
   0.000
   0.000
   0.000
 -65.534
   0.000
   1.261
   1.445
   1.555
   1.678
   1.794
   1.898
   1.991
   2.067
   2.135
   2.191
   2.246
   2.305
   2.367
   2.429
   2.495
   2.559
   2.621
   2.675
   2.724
   2.762
   2.790
   2.807
   2.807
   2.821
   2.824
   2.808
   2.773
   2.716
   2.653
   2.592
   2.536
   2.477
   2.410
   2.344
   2.254
   2.160
   2.050
   1.930
   1.807
   1.684
   1.566
   1.458
   1.345
   1.226
   1.117
   1.023
   0.958
   0.940
   0.958
   1.022
   1.101
   1.227
   1.339
   1.427
   1.520
   1.548
   1.533
   1.465
   1.378
   1.300
   1.225
   1.151
   1.087
   1.048
   1.006
   0.944
   0.874
   0.000
   0.000
   1.354
   1.527
   1.624
   1.741
   1.855
   1.967
   2.071
   2.165
   2.246
   2.314
   2.374
   2.432
   2.488
   2.544
   2.603
   2.661
   2.723
   2.780
   2.835
   2.882
   2.920
   2.954
   2.970
   2.986
   2.992
   2.979
   2.948
   2.900
   2.844
   2.784
   2.723
   2.658
   2.588
   2.508
   2.411
   2.297
   2.169
   2.027
   1.879
   1.736
   1.600
   1.474
   1.355
   1.242
   1.139
   1.059
   1.017
   1.024
   1.083
   1.186
   1.313
   1.453
   1.579
   1.673
   1.720
   1.736
   1.714
   1.651
   1.560
   1.472
   1.394
   1.324
   1.262
   1.212
   1.170
   1.128
   1.053
   0.000
   0.000
   1.337
   1.501
   1.586
   1.690
   1.798
   1.908
   2.016
   2.116
   2.206
   2.280
   2.342
   2.396
   2.447
   2.495
   2.545
   2.599
   2.656
   2.716
   2.777
   2.836
   2.888
   2.936
   2.973
   2.993
   3.007
   3.002
   2.976
   2.934
   2.883
   2.831
   2.772
   2.708
   2.639
   2.554
   2.447
   2.325
   2.187
   2.035
   1.879
   1.728
   1.583
   1.447
   1.323
   1.215
   1.128
   1.068
   1.044
   1.066
   1.135
   1.245
   1.371
   1.508
   1.642
   1.734
   1.765
   1.770
   1.742
   1.676
   1.588
   1.496
   1.419
   1.353
   1.297
   1.251
   1.215
   1.182
   1.117
   0.000
   0.000
   1.306
   1.458
   1.532
   1.629
   1.725
   1.829
   1.932
   2.032
   2.128
   2.209
   2.275
   2.330
   2.376
   2.418
   2.461
   2.511
   2.564
   2.623
   2.689
   2.757
   2.824
   2.886
   2.943
   2.977
   3.000
   3.006
   2.991
   2.956
   2.913
   2.867
   2.811
   2.747
   2.678
   2.591
   2.482
   2.352
   2.204
   2.042
   1.882
   1.725
   1.578
   1.441
   1.322
   1.220
   1.143
   1.096
   1.082
   1.104
   1.164
   1.254
   1.367
   1.491
   1.611
   1.685
   1.714
   1.719
   1.696
   1.634
   1.556
   1.476
   1.404
   1.345
   1.294
   1.258
   1.237
   1.216
   1.152
   0.000
   0.000
   1.267
   1.410
   1.482
   1.569
   1.660
   1.756
   1.852
   1.951
   2.044
   2.126
   2.192
   2.246
   2.289
   2.328
   2.365
   2.409
   2.460
   2.520
   2.588
   2.663
   2.738
   2.814
   2.881
   2.939
   2.976
   2.990
   2.984
   2.959
   2.927
   2.887
   2.833
   2.771
   2.702
   2.614
   2.504
   2.370
   2.219
   2.053
   1.888
   1.734
   1.592
   1.463
   1.351
   1.258
   1.187
   1.141
   1.124
   1.136
   1.177
   1.243
   1.329
   1.421
   1.514
   1.569
   1.595
   1.601
   1.584
   1.536
   1.477
   1.418
   1.363
   1.315
   1.280
   1.260
   1.247
   1.235
   1.169
   0.000
   0.000
   1.222
   1.361
   1.429
   1.513
   1.599
   1.690
   1.783
   1.879
   1.969
   2.049
   2.111
   2.162
   2.203
   2.237
   2.270
   2.314
   2.362
   2.421
   2.493
   2.569
   2.652
   2.736
   2.817
   2.885
   2.927
   2.952
   2.956
   2.945
   2.923
   2.891
   2.844
   2.788
   2.718
   2.632
   2.522
   2.391
   2.240
   2.076
   1.912
   1.763
   1.631
   1.514
   1.413
   1.328
   1.257
   1.207
   1.179
   1.172
   1.189
   1.224
   1.276
   1.335
   1.397
   1.441
   1.462
   1.471
   1.461
   1.427
   1.387
   1.350
   1.310
   1.280
   1.261
   1.256
   1.254
   1.243
   1.176
   0.000
   0.000
   1.174
   1.310
   1.377
   1.459
   1.542
   1.631
   1.722
   1.815
   1.902
   1.980
   2.042
   2.093
   2.131
   2.164
   2.196
   2.236
   2.283
   2.342
   2.409
   2.485
   2.568
   2.655
   2.740
   2.810
   2.860
   2.895
   2.911
   2.910
   2.903
   2.882
   2.846
   2.796
   2.732
   2.648
   2.542
   2.418
   2.272
   2.114
   1.955
   1.812
   1.686
   1.576
   1.485
   1.404
   1.334
   1.280
   1.242
   1.215
   1.205
   1.209
   1.227
   1.255
   1.285
   1.312
   1.329
   1.345
   1.343
   1.327
   1.308
   1.287
   1.263
   1.248
   1.246
   1.252
   1.255
   1.246
   1.178
   0.000
   0.000
   1.118
   1.254
   1.320
   1.403
   1.486
   1.574
   1.664
   1.754
   1.842
   1.921
   1.985
   2.035
   2.073
   2.106
   2.137
   2.175
   2.222
   2.275
   2.339
   2.412
   2.493
   2.577
   2.660
   2.732
   2.786
   2.827
   2.854
   2.867
   2.872
   2.868
   2.845
   2.807
   2.754
   2.677
   2.577
   2.460
   2.321
   2.169
   2.019
   1.878
   1.753
   1.643
   1.554
   1.479
   1.413
   1.354
   1.304
   1.265
   1.236
   1.216
   1.207
   1.207
   1.216
   1.226
   1.239
   1.255
   1.259
   1.248
   1.244
   1.237
   1.226
   1.223
   1.233
   1.244
   1.255
   1.249
   1.174
   0.000
   0.000
   1.048
   1.185
   1.253
   1.338
   1.422
   1.509
   1.601
   1.691
   1.781
   1.865
   1.932
   1.985
   2.024
   2.056
   2.087
   2.122
   2.166
   2.219
   2.278
   2.350
   2.428
   2.508
   2.589
   2.661
   2.716
   2.764
   2.800
   2.826
   2.845
   2.854
   2.845
   2.822
   2.783
   2.717
   2.630
   2.524
   2.396
   2.252
   2.109
   1.970
   1.838
   1.724
   1.629
   1.549
   1.482
   1.422
   1.370
   1.322
   1.279
   1.238
   1.217
   1.200
   1.191
   1.190
   1.199
   1.213
   1.215
   1.206
   1.200
   1.202
   1.198
   1.204
   1.217
   1.236
   1.250
   1.247
   1.170
   0.000
   0.000
   0.976
   1.112
   1.181
   1.265
   1.352
   1.438
   1.529
   1.620
   1.713
   1.801
   1.875
   1.932
   1.977
   2.010
   2.038
   2.071
   2.114
   2.163
   2.221
   2.291
   2.367
   2.449
   2.526
   2.597
   2.657
   2.708
   2.753
   2.792
   2.828
   2.850
   2.855
   2.844
   2.819
   2.768
   2.696
   2.606
   2.490
   2.357
   2.222
   2.088
   1.955
   1.832
   1.724
   1.634
   1.557
   1.492
   1.435
   1.382
   1.328
   1.273
   1.245
   1.218
   1.194
   1.181
   1.188
   1.193
   1.188
   1.173
   1.168
   1.170
   1.175
   1.183
   1.201
   1.223
   1.240
   1.241
   1.163
   0.000
   0.000
   0.906
   1.036
   1.103
   1.184
   1.268
   1.356
   1.445
   1.535
   1.628
   1.720
   1.801
   1.868
   1.919
   1.956
   1.987
   2.017
   2.056
   2.101
   2.159
   2.226
   2.305
   2.386
   2.467
   2.539
   2.605
   2.667
   2.721
   2.772
   2.819
   2.855
   2.870
   2.876
   2.864
   2.830
   2.775
   2.700
   2.599
   2.479
   2.354
   2.227
   2.094
   1.967
   1.848
   1.743
   1.655
   1.578
   1.514
   1.458
   1.395
   1.333
   1.295
   1.258
   1.223
   1.198
   1.181
   1.176
   1.165
   1.150
   1.144
   1.150
   1.160
   1.176
   1.196
   1.220
   1.241
   1.238
   1.157
   0.000
   0.000
   0.828
   0.962
   1.022
   1.097
   1.177
   1.262
   1.348
   1.435
   1.524
   1.617
   1.702
   1.779
   1.840
   1.884
   1.917
   1.948
   1.985
   2.028
   2.084
   2.150
   2.230
   2.317
   2.403
   2.484
   2.559
   2.629
   2.693
   2.756
   2.813
   2.856
   2.888
   2.908
   2.910
   2.890
   2.851
   2.786
   2.699
   2.594
   2.483
   2.367
   2.242
   2.115
   1.989
   1.872
   1.773
   1.687
   1.615
   1.550
   1.481
   1.418
   1.372
   1.324
   1.275
   1.230
   1.196
   1.169
   1.151
   1.139
   1.138
   1.151
   1.171
   1.191
   1.217
   1.243
   1.260
   1.250
   1.159
   0.000
 -65.534
 -65.534
   0.835
   0.946
   1.005
   1.080
   1.159
   1.238
   1.321
   1.405
   1.492
   1.577
   1.658
   1.729
   1.783
   1.821
   1.857
   1.894
   1.936
   1.991
   2.060
   2.141
   2.232
   2.326
   2.417
   2.504
   2.583
   2.659
   2.730
   2.791
   2.848
   2.888
   2.922
   2.933
   2.924
   2.893
   2.843
   2.770
   2.679
   2.583
   2.480
   2.367
   2.250
   2.124
   2.001
   1.891
   1.797
   1.714
   1.637
   1.566
   1.498
   1.433
   1.375
   1.312
   1.255
   1.206
   1.167
   1.146
   1.139
   1.152
   1.174
   1.201
   1.235
   1.265
   1.293
   1.303
   1.282
   1.171
   0.000
 -65.534
 -65.534
 -65.534
   0.810
   0.914
   0.976
   1.050
   1.124
   1.197
   1.276
   1.359
   1.441
   1.520
   1.593
   1.652
   1.700
   1.741
   1.781
   1.826
   1.883
   1.952
   2.037
   2.131
   2.231
   2.332
   2.431
   2.523
   2.607
   2.682
   2.749
   2.812
   2.864
   2.902
   2.923
   2.922
   2.909
   2.873
   2.809
   2.730
   2.648
   2.559
   2.462
   2.354
   2.233
   2.110
   1.996
   1.892
   1.800
   1.715
   1.635
   1.557
   1.481
   1.411
   1.336
   1.266
   1.212
   1.176
   1.156
   1.157
   1.177
   1.213
   1.251
   1.287
   1.320
   1.347
   1.351
   1.321
   1.192
   0.000
 -65.534
 -65.534
 -65.534
 -65.534
   0.782
   0.873
   0.935
   1.001
   1.071
   1.144
   1.221
   1.296
   1.374
   1.447
   1.512
   1.564
   1.611
   1.653
   1.700
   1.755
   1.824
   1.910
   2.004
   2.109
   2.217
   2.323
   2.421
   2.512
   2.596
   2.671
   2.742
   2.800
   2.845
   2.875
   2.889
   2.884
   2.856
   2.812
   2.746
   2.673
   2.600
   2.521
   2.420
   2.308
   2.188
   2.075
   1.966
   1.866
   1.775
   1.687
   1.603
   1.521
   1.440
   1.363
   1.294
   1.241
   1.212
   1.200
   1.210
   1.239
   1.276
   1.318
   1.353
   1.384
   1.405
   1.406
   1.365
   1.208
   0.000
 -65.534
 -65.534
 -65.534
 -65.534
   0.671
   0.764
   0.819
   0.879
   0.942
   1.009
   1.080
   1.153
   1.230
   1.303
   1.370
   1.427
   1.474
   1.517
   1.561
   1.612
   1.676
   1.756
   1.846
   1.949
   2.060
   2.171
   2.274
   2.373
   2.464
   2.554
   2.630
   2.693
   2.749
   2.789
   2.814
   2.819
   2.806
   2.771
   2.712
   2.653
   2.594
   2.529
   2.448
   2.345
   2.230
   2.118
   2.012
   1.909
   1.814
   1.725
   1.636
   1.550
   1.474
   1.402
   1.346
   1.307
   1.287
   1.284
   1.301
   1.328
   1.369
   1.408
   1.441
   1.461
   1.468
   1.464
   1.412
   1.229
   0.000
 -65.534
 -65.534
 -65.534
 -65.534
   0.564
   0.652
   0.703
   0.757
   0.816
   0.880
   0.946
   1.014
   1.085
   1.159
   1.227
   1.286
   1.335
   1.378
   1.415
   1.459
   1.513
   1.582
   1.664
   1.757
   1.866
   1.976
   2.084
   2.191
   2.297
   2.394
   2.482
   2.553
   2.617
   2.672
   2.705
   2.722
   2.717
   2.692
   2.646
   2.596
   2.545
   2.489
   2.436
   2.350
   2.250
   2.144
   2.038
   1.940
   1.843
   1.755
   1.667
   1.584
   1.514
   1.456
   1.415
   1.390
   1.380
   1.388
   1.410
   1.439
   1.473
   1.507
   1.531
   1.538
   1.528
   1.505
   1.446
   1.248
   0.000
 -65.534
 -65.534
 -65.534
 -65.534
   0.431
   0.518
   0.571
   0.633
   0.695
   0.751
   0.816
   0.880
   0.945
   1.013
   1.080
   1.140
   1.192
   1.235
   1.272
   1.307
   1.347
   1.402
   1.468
   1.553
   1.652
   1.758
   1.870
   1.983
   2.097
   2.203
   2.297
   2.381
   2.457
   2.514
   2.559
   2.584
   2.591
   2.577
   2.547
   2.512
   2.473
   2.432
   2.391
   2.327
   2.250
   2.166
   2.071
   1.974
   1.882
   1.793
   1.707
   1.632
   1.570
   1.522
   1.488
   1.472
   1.473
   1.492
   1.519
   1.552
   1.579
   1.604
   1.614
   1.604
   1.573
   1.531
   1.468
   1.268
   0.000
 -65.534
 -65.534
 -65.534
 -65.534
 -65.534
 -65.534
 -65.534
 -65.534
   0.564
   0.638
   0.691
   0.752
   0.812
   0.871
   0.934
   0.992
   1.047
   1.093
   1.130
   1.162
   1.192
   1.229
   1.281
   1.352
   1.440
   1.541
   1.651
   1.764
   1.881
   1.992
   2.097
   2.188
   2.266
   2.332
   2.382
   2.418
   2.437
   2.437
   2.424
   2.410
   2.391
   2.371
   2.342
   2.304
   2.251
   2.185
   2.102
   2.013
   1.930
   1.848
   1.769
   1.701
   1.644
   1.601
   1.573
   1.565
   1.572
   1.593
   1.626
   1.660
   1.687
   1.700
   1.688
   1.662
   1.620
   1.562
   1.497
   1.315
   0.000
 -65.534
 -65.534
 -65.534
 -65.534
 -65.534
 -65.534
   0.187
   0.321
   0.467
   0.529
   0.576
   0.631
   0.687
   0.742
   0.800
   0.857
   0.912
   0.959
   0.996
   1.024
   1.048
   1.075
   1.119
   1.176
   1.249
   1.342
   1.445
   1.559
   1.676
   1.792
   1.897
   1.989
   2.071
   2.142
   2.195
   2.237
   2.265
   2.279
   2.285
   2.290
   2.295
   2.298
   2.292
   2.275
   2.241
   2.184
   2.120
   2.056
   1.978
   1.894
   1.823
   1.765
   1.716
   1.682
   1.664
   1.659
   1.667
   1.688
   1.723
   1.756
   1.777
   1.776
   1.755
   1.722
   1.677
   1.614
   1.536
   1.336
   0.000
 -65.534
 -65.534
 -65.534
 -65.534
 -65.534
 -65.534
 -65.534
 -65.534
 -65.534
   0.385
   0.443
   0.487
   0.537
   0.593
   0.659
   0.732
   0.783
   0.831
   0.872
   0.900
   0.922
   0.949
   0.986
   1.039
   1.105
   1.182
   1.273
   1.380
   1.489
   1.600
   1.701
   1.795
   1.880
   1.952
   2.012
   2.056
   2.090
   2.114
   2.135
   2.157
   2.186
   2.206
   2.217
   2.220
   2.206
   2.167
   2.119
   2.067
   2.002
   1.936
   1.874
   1.823
   1.785
   1.758
   1.743
   1.742
   1.751
   1.773
   1.799
   1.821
   1.831
   1.820
   1.797
   1.767
   1.717
   1.642
   1.564
   1.355
   0.000
 -65.534
 -65.534
 -65.534
 -65.534
 -65.534
 -65.534
 -65.534
 -65.534
 -65.534
 -65.534
 -65.534
 -65.534
 -65.534
 -65.534
 -65.534
   0.552
   0.624
   0.671
   0.730
   0.797
   0.825
   0.854
   0.891
   0.936
   0.995
   1.064
   1.141
   1.227
   1.321
   1.419
   1.514
   1.607
   1.692
   1.770
   1.834
   1.883
   1.924
   1.960
   2.000
   2.034
   2.070
   2.101
   2.126
   2.140
   2.145
   2.131
   2.099
   2.062
   2.011
   1.955
   1.901
   1.857
   1.824
   1.810
   1.804
   1.809
   1.819
   1.836
   1.849
   1.855
   1.849
   1.836
   1.815
   1.786
   1.727
   1.645
   1.562
   1.354
   0.000
 -65.534
 -65.534
 -65.534
 -65.534
 -65.534
 -65.534
 -65.534
 -65.534
 -65.534
 -65.534
 -65.534
 -65.534
 -65.534
 -65.534
 -65.534
 -65.534
 -65.534
 -65.534
 -65.534
   0.705
   0.757
   0.791
   0.829
   0.869
   0.917
   0.970
   1.031
   1.100
   1.173
   1.249
   1.334
   1.426
   1.518
   1.602
   1.676
   1.733
   1.783
   1.825
   1.868
   1.912
   1.950
   1.989
   2.022
   2.053
   2.065
   2.063
   2.046
   2.021
   1.988
   1.941
   1.894
   1.855
   1.828
   1.818
   1.820
   1.835
   1.851
   1.866
   1.871
   1.861
   1.842
   1.826
   1.805
   1.777
   1.717
   1.635
   1.553
   1.328
   0.000
 -65.534
 -65.534
 -65.534
 -65.534
 -65.534
 -65.534
 -65.534
 -65.534
 -65.534
 -65.534
 -65.534
 -65.534
 -65.534
 -65.534
 -65.534
 -65.534
 -65.534
 -65.534
   0.561
   0.681
   0.713
   0.751
   0.787
   0.824
   0.860
   0.902
   0.945
   0.993
   1.044
   1.101
   1.173
   1.263
   1.360
   1.451
   1.530
   1.595
   1.651
   1.697
   1.743
   1.785
   1.831
   1.875
   1.917
   1.950
   1.969
   1.966
   1.951
   1.932
   1.907
   1.876
   1.838
   1.802
   1.775
   1.767
   1.769
   1.785
   1.809
   1.827
   1.829
   1.811
   1.793
   1.778
   1.758
   1.730
   1.677
   1.602
   1.516
   1.269
   0.000
 -65.534
 -65.534
 -65.534
 -65.534
 -65.534
 -65.534
 -65.534
 -65.534
 -65.534
 -65.534
 -65.534
 -65.534
 -65.534
 -65.534
 -65.534
 -65.534
 -65.534
   0.507
   0.608
   0.649
   0.688
   0.725
   0.757
   0.789
   0.817
   0.845
   0.875
   0.904
   0.936
   0.977
   1.036
   1.118
   1.215
   1.308
   1.389
   1.456
   1.513
   1.562
   1.607
   1.652
   1.702
   1.755
   1.808
   1.851
   1.868
   1.865
   1.844
   1.821
   1.798
   1.770
   1.734
   1.697
   1.667
   1.655
   1.659
   1.680
   1.705
   1.723
   1.718
   1.704
   1.686
   1.672
   1.660
   1.642
   1.606
   1.539
   1.441
   1.217
   0.000
 -65.534
 -65.534
 -65.534
 -65.534
 -65.534
 -65.534
 -65.534
 -65.534
 -65.534
 -65.534
 -65.534
 -65.534
 -65.534
 -65.534
 -65.534
 -65.534
 -65.534
   0.530
   0.587
   0.619
   0.661
   0.697
   0.728
   0.754
   0.773
   0.792
   0.808
   0.823
   0.840
   0.869
   0.915
   0.983
   1.071
   1.160
   1.236
   1.302
   1.358
   1.406
   1.452
   1.499
   1.554
   1.613
   1.676
   1.727
   1.750
   1.741
   1.718
   1.695
   1.671
   1.642
   1.609
   1.562
   1.523
   1.506
   1.503
   1.518
   1.544
   1.559
   1.555
   1.544
   1.535
   1.534
   1.531
   1.521
   1.496
   1.447
   1.358
   1.134
   0.000
 -65.534
 -65.534
 -65.534
 -65.534
 -65.534
 -65.534
 -65.534
 -65.534
 -65.534
 -65.534
 -65.534
 -65.534
 -65.534
 -65.534
 -65.534
 -65.534
 -65.534
   0.507
   0.554
   0.586
   0.626
   0.664
   0.694
   0.714
   0.727
   0.734
   0.738
   0.742
   0.751
   0.766
   0.799
   0.848
   0.922
   1.000
   1.075
   1.139
   1.195
   1.243
   1.288
   1.336
   1.389
   1.450
   1.513
   1.566
   1.593
   1.593
   1.577
   1.558
   1.537
   1.512
   1.482
   1.436
   1.398
   1.372
   1.359
   1.356
   1.368
   1.376
   1.375
   1.371
   1.372
   1.377
   1.382
   1.385
   1.375
   1.342
   1.273
   1.081
   0.000
 -65.534
 -65.534
 -65.534
 -65.534
 -65.534
 -65.534
 -65.534
 -65.534
 -65.534
 -65.534
 -65.534
 -65.534
 -65.534
 -65.534
 -65.534
 -65.534
 -65.534
   0.463
   0.517
   0.550
   0.588
   0.623
   0.652
   0.670
   0.674
   0.673
   0.671
   0.669
   0.668
   0.677
   0.696
   0.729
   0.781
   0.848
   0.916
   0.980
   1.036
   1.088
   1.135
   1.182
   1.232
   1.288
   1.347
   1.397
   1.427
   1.435
   1.429
   1.416
   1.400
   1.380
   1.351
   1.315
   1.280
   1.249
   1.221
   1.204
   1.196
   1.198
   1.194
   1.196
   1.202
   1.213
   1.225
   1.234
   1.232
   1.214
   1.163
   0.993
   0.000
 -65.534
 -65.534
 -65.534
 -65.534
 -65.534
 -65.534
 -65.534
 -65.534
 -65.534
 -65.534
 -65.534
 -65.534
 -65.534
 -65.534
 -65.534
 -65.534
 -65.534
 -65.534
   0.456
   0.507
   0.541
   0.574
   0.595
   0.607
   0.606
   0.603
   0.597
   0.590
   0.587
   0.591
   0.602
   0.620
   0.659
   0.712
   0.772
   0.830
   0.887
   0.941
   0.991
   1.039
   1.089
   1.139
   1.190
   1.238
   1.270
   1.281
   1.282
   1.275
   1.265
   1.248
   1.225
   1.194
   1.161
   1.129
   1.098
   1.071
   1.055
   1.046
   1.040
   1.039
   1.044
   1.053
   1.062
   1.068
   1.068
   1.054
   1.013
   0.874
   0.000
 -65.534
 -65.534
 -65.534
 -65.534
 -65.534
 -65.534
 -65.534
 -65.534
 -65.534
 -65.534
 -65.534
 -65.534
 -65.534
 -65.534
 -65.534
 -65.534
 -65.534
 -65.534
 -65.534
   0.442
   0.485
   0.510
   0.525
   0.527
   0.522
   0.513
   0.505
   0.500
   0.497
   0.500
   0.504
   0.520
   0.548
   0.588
   0.638
   0.693
   0.743
   0.795
   0.842
   0.900
   0.953
   0.992
   1.037
   1.080
   1.113
   1.130
   1.131
   1.127
   1.121
   1.109
   1.100
   1.075
   1.051
   1.027
   1.002
   0.978
   0.955
   0.938
   0.929
   0.921
   0.914
   0.911
   0.910
   0.905
   0.897
   0.880
   0.844
   0.721
   0.000
 -65.534
 -65.534
 -65.534
 -65.534
 -65.534
 -65.534
 -65.534
 -65.534
 -65.534
 -65.534
 -65.534
 -65.534
 -65.534
 -65.534
 -65.534
 -65.534
 -65.534
 -65.534
 -65.534
 -65.534
   0.418
   0.444
   0.453
   0.448
   0.443
   0.427
   0.418
   0.411
   0.406
   0.408
   0.406
   0.413
   0.414
   0.410
   0.392
   0.319
 -65.534
 -65.534
 -65.534
 -65.534
   0.799
   0.860
   0.908
   0.945
   0.979
   0.996
   0.996
   0.992
   0.988
   0.980
   0.969
   0.955
   0.938
   0.922
   0.902
   0.885
   0.866
   0.852
   0.837
   0.823
   0.812
   0.798
   0.783
   0.763
   0.742
   0.718
   0.688
   0.583
   0.000
 -65.534
 -65.534
 -65.534
 -65.534
 -65.534
 -65.534
 -65.534
 -65.534
 -65.534
 -65.534
 -65.534
 -65.534
 -65.534
 -65.534
 -65.534
 -65.534
 -65.534
 -65.534
 -65.534
 -65.534
 -65.534
 -65.534
 -65.534
 -65.534
   0.377
   0.365
   0.352
   0.341
   0.337
   0.334
   0.330
   0.330
   0.319
   0.299
   0.258
   0.180
 -65.534
 -65.534
 -65.534
 -65.534
 -65.534
 -65.534
   0.779
   0.838
   0.873
   0.887
   0.879
   0.865
   0.856
   0.844
   0.834
   0.827
   0.816
   0.804
   0.794
   0.781
   0.766
   0.750
   0.739
   0.726
   0.714
   0.700
   0.677
   0.652
   0.623
   0.591
   0.552
   0.462
   0.000
 -65.534
 -65.534
 -65.534
 -65.534
 -65.534
 -65.534
 -65.534
 -65.534
 -65.534
 -65.534
 -65.534
 -65.534
 -65.534
 -65.534
 -65.534
 -65.534
 -65.534
 -65.534
 -65.534
 -65.534
 -65.534
 -65.534
 -65.534
 -65.534
   0.337
   0.332
   0.318
   0.307
   0.301
   0.288
   0.279
   0.274
   0.265
   0.246
   0.214
   0.170
 -65.534
 -65.534
 -65.534
 -65.534
 -65.534
 -65.534
 -65.534
   0.717
   0.763
   0.775
   0.766
   0.746
   0.733
   0.722
   0.715
   0.710
   0.702
   0.694
   0.685
   0.673
   0.660
   0.646
   0.635
   0.623
   0.607
   0.588
   0.562
   0.531
   0.496
   0.460
   0.422
   0.339
   0.000
 -65.534
 -65.534
 -65.534
 -65.534
 -65.534
 -65.534
 -65.534
 -65.534
 -65.534
 -65.534
 -65.534
 -65.534
 -65.534
 -65.534
 -65.534
 -65.534
 -65.534
 -65.534
 -65.534
 -65.534
 -65.534
 -65.534
 -65.534
 -65.534
 -65.534
 -65.534
 -65.534
 -65.534
 -65.534
   0.270
   0.259
   0.253
   0.244
   0.229
   0.210
   0.178
   0.077
 -65.534
 -65.534
 -65.534
 -65.534
 -65.534
 -65.534
   0.507
   0.489
 -65.534
   0.594
   0.602
   0.607
   0.616
   0.615
   0.610
   0.603
   0.596
   0.587
   0.576
   0.562
   0.544
   0.528
   0.512
   0.490
   0.464
   0.428
   0.387
   0.347
   0.309
   0.271
   0.208
   0.000
 -65.534
 -65.534
 -65.534
 -65.534
 -65.534
 -65.534
 -65.534
 -65.534
 -65.534
 -65.534
 -65.534
 -65.534
 -65.534
 -65.534
 -65.534
 -65.534
 -65.534
 -65.534
 -65.534
 -65.534
 -65.534
 -65.534
 -65.534
 -65.534
 -65.534
 -65.534
 -65.534
 -65.534
 -65.534
 -65.534
 -65.534
 -65.534
   0.237
   0.228
   0.213
   0.187
   0.115
   0.061
 -65.534
 -65.534
 -65.534
 -65.534
 -65.534
 -65.534
 -65.534
 -65.534
 -65.534
 -65.534
 -65.534
   0.469
   0.514
   0.526
   0.535
   0.526
   0.510
   0.485
   0.461
   0.439
   0.419
   0.394
   0.367
   0.331
   0.288
   0.244
   0.204
   0.172
   0.135
   0.077
   0.000
 -65.534
 -65.534
 -65.534
 -65.534
 -65.534
 -65.534
 -65.534
 -65.534
 -65.534
 -65.534
 -65.534
 -65.534
 -65.534
 -65.534
 -65.534
 -65.534
 -65.534
 -65.534
 -65.534
 -65.534
 -65.534
 -65.534
 -65.534
 -65.534
 -65.534
 -65.534
 -65.534
 -65.534
 -65.534
 -65.534
 -65.534
 -65.534
   0.243
   0.236
   0.223
   0.197
   0.140
   0.091
   0.055
   0.042
 -65.534
 -65.534
 -65.534
 -65.534
 -65.534
 -65.534
 -65.534
 -65.534
 -65.534
 -65.534
 -65.534
 -65.534
   0.391
   0.412
   0.403
   0.382
   0.353
   0.325
   0.301
   0.275
   0.244
   0.208
   0.167
   0.121
   0.067
   0.022
  -0.010
  -0.046
   0.000
 -65.534
 -65.534
 -65.534
 -65.534
 -65.534
 -65.534
 -65.534
 -65.534
 -65.534
 -65.534
 -65.534
 -65.534
 -65.534
 -65.534
 -65.534
 -65.534
 -65.534
 -65.534
 -65.534
 -65.534
 -65.534
 -65.534
 -65.534
 -65.534
 -65.534
 -65.534
 -65.534
 -65.534
 -65.534
 -65.534
 -65.534
 -65.534
 -65.534
 -65.534
 -65.534
 -65.534
   0.128
   0.101
   0.078
   0.059
   0.040
   0.031
   0.021
   0.012
   0.003
 -65.534
 -65.534
 -65.534
 -65.534
 -65.534
 -65.534
 -65.534
 -65.534
 -65.534
 -65.534
   0.238
   0.247
   0.228
   0.202
   0.170
   0.135
   0.093
   0.046
   0.000
  -0.040
  -0.076
  -0.107
  -0.134
   0.000
 -65.534
 -65.534
 -65.534
 -65.534
 -65.534
 -65.534
 -65.534
 -65.534
 -65.534
 -65.534
 -65.534
 -65.534
 -65.534
 -65.534
 -65.534
 -65.534
 -65.534
 -65.534
 -65.534
 -65.534
 -65.534
 -65.534
 -65.534
 -65.534
 -65.534
 -65.534
 -65.534
 -65.534
 -65.534
 -65.534
 -65.534
 -65.534
 -65.534
 -65.534
 -65.534
 -65.534
 -65.534
 -65.534
 -65.534
 -65.534
   0.038
 -65.534
 -65.534
 -65.534
 -65.534
 -65.534
 -65.534
 -65.534
 -65.534
 -65.534
 -65.534
 -65.534
 -65.534
 -65.534
 -65.534
   0.115
   0.139
   0.133
   0.115
   0.084
   0.045
   0.001
  -0.041
  -0.084
  -0.124
  -0.157
  -0.186
  -0.210
   0.000
 -65.534
 -65.534
 -65.534
 -65.534
 -65.534
 -65.534
 -65.534
 -65.534
 -65.534
 -65.534
 -65.534
 -65.534
 -65.534
 -65.534
 -65.534
 -65.534
 -65.534
 -65.534
 -65.534
 -65.534
 -65.534
 -65.534
 -65.534
 -65.534
 -65.534
 -65.534
 -65.534
 -65.534
 -65.534
 -65.534
 -65.534
 -65.534
 -65.534
 -65.534
 -65.534
 -65.534
 -65.534
 -65.534
 -65.534
 -65.534
 -65.534
 -65.534
 -65.534
 -65.534
 -65.534
 -65.534
 -65.534
 -65.534
 -65.534
 -65.534
 -65.534
 -65.534
 -65.534
 -65.534
 -65.534
 -65.534
 -65.534
 -65.534
 -65.534
   0.029
  -0.011
  -0.056
  -0.103
  -0.141
  -0.176
  -0.204
  -0.227
  -0.249
   0.000
 -65.534
 -65.534
 -65.534
 -65.534
 -65.534
 -65.534
 -65.534
 -65.534
 -65.534
 -65.534
 -65.534
 -65.534
 -65.534
 -65.534
 -65.534
 -65.534
 -65.534
 -65.534
 -65.534
 -65.534
 -65.534
 -65.534
 -65.534
 -65.534
 -65.534
 -65.534
 -65.534
 -65.534
 -65.534
 -65.534
 -65.534
 -65.534
 -65.534
 -65.534
 -65.534
 -65.534
 -65.534
 -65.534
 -65.534
 -65.534
 -65.534
 -65.534
 -65.534
 -65.534
 -65.534
 -65.534
 -65.534
 -65.534
 -65.534
 -65.534
 -65.534
 -65.534
 -65.534
 -65.534
 -65.534
 -65.534
 -65.534
 -65.534
 -65.534
 -65.534
 -65.534
   0.000
   0.000
   0.000
   0.000
   0.000
   0.000
   0.000
 -65.534
