 -65.534
   0.000
   0.000
   0.000
   0.000
   0.000
   0.000
   0.000
   0.000
   0.000
   0.000
   0.000
   0.000
   0.000
   0.000
   0.000
   0.000
   0.000
   0.000
   0.000
   0.000
   0.000
   0.000
   0.000
   0.000
   0.000
   0.000
   0.000
   0.000
   0.000
   0.000
   0.000
   0.000
   0.000
   0.000
   0.000
   0.000
   0.000
   0.000
   0.000
   0.000
   0.000
   0.000
   0.000
   0.000
   0.000
   0.000
   0.000
   0.000
   0.000
   0.000
   0.000
   0.000
   0.000
   0.000
   0.000
   0.000
   0.000
   0.000
   0.000
   0.000
   0.000
   0.000
   0.000
   0.000
   0.000
   0.000
   0.000
 -65.534
   0.000
   1.214
   1.369
   1.466
   1.570
   1.667
   1.754
   1.834
   1.905
   1.969
   2.023
   2.066
   2.105
   2.145
   2.188
   2.235
   2.281
   2.330
   2.374
   2.407
   2.431
   2.448
   2.465
   2.463
   2.510
   2.568
   2.606
   2.616
   2.605
   2.585
   2.560
   2.524
   2.481
   2.427
   2.382
   2.315
   2.241
   2.154
   2.056
   1.964
   1.870
   1.774
   1.676
   1.570
   1.447
   1.321
   1.207
   1.127
   1.078
   1.065
   1.075
   1.101
   1.127
   1.149
   1.200
   1.224
   1.241
   1.231
   1.210
   1.190
   1.180
   1.167
   1.160
   1.141
   1.107
   1.081
   1.046
   0.972
   0.000
   0.000
   1.270
   1.411
   1.497
   1.597
   1.699
   1.796
   1.890
   1.977
   2.056
   2.124
   2.180
   2.228
   2.269
   2.309
   2.354
   2.398
   2.443
   2.486
   2.523
   2.551
   2.569
   2.586
   2.589
   2.630
   2.680
   2.721
   2.743
   2.747
   2.744
   2.729
   2.705
   2.679
   2.645
   2.594
   2.520
   2.423
   2.310
   2.191
   2.080
   1.971
   1.865
   1.758
   1.647
   1.532
   1.425
   1.344
   1.295
   1.279
   1.295
   1.328
   1.370
   1.412
   1.457
   1.496
   1.521
   1.538
   1.538
   1.518
   1.489
   1.467
   1.443
   1.417
   1.383
   1.342
   1.297
   1.250
   1.162
   0.000
   0.000
   1.230
   1.364
   1.440
   1.534
   1.629
   1.729
   1.828
   1.926
   2.018
   2.101
   2.167
   2.216
   2.257
   2.292
   2.327
   2.367
   2.408
   2.450
   2.491
   2.526
   2.553
   2.575
   2.599
   2.629
   2.677
   2.719
   2.751
   2.766
   2.775
   2.773
   2.764
   2.746
   2.722
   2.679
   2.604
   2.496
   2.360
   2.220
   2.095
   1.983
   1.874
   1.767
   1.661
   1.560
   1.479
   1.427
   1.408
   1.415
   1.443
   1.485
   1.530
   1.576
   1.623
   1.659
   1.688
   1.709
   1.707
   1.679
   1.650
   1.622
   1.588
   1.549
   1.509
   1.471
   1.427
   1.383
   1.279
   0.000
   0.000
   1.180
   1.305
   1.376
   1.463
   1.552
   1.650
   1.750
   1.853
   1.953
   2.041
   2.114
   2.170
   2.211
   2.245
   2.273
   2.302
   2.338
   2.377
   2.422
   2.462
   2.499
   2.537
   2.574
   2.614
   2.667
   2.715
   2.756
   2.783
   2.804
   2.812
   2.809
   2.801
   2.789
   2.749
   2.675
   2.563
   2.417
   2.269
   2.133
   2.015
   1.903
   1.800
   1.704
   1.628
   1.576
   1.548
   1.545
   1.561
   1.590
   1.630
   1.673
   1.719
   1.764
   1.800
   1.828
   1.850
   1.847
   1.818
   1.779
   1.739
   1.700
   1.660
   1.623
   1.589
   1.551
   1.500
   1.381
   0.000
   0.000
   1.129
   1.249
   1.318
   1.400
   1.485
   1.577
   1.674
   1.774
   1.875
   1.965
   2.040
   2.098
   2.141
   2.173
   2.198
   2.223
   2.255
   2.290
   2.332
   2.379
   2.425
   2.473
   2.522
   2.587
   2.648
   2.702
   2.752
   2.792
   2.823
   2.839
   2.838
   2.833
   2.821
   2.787
   2.718
   2.608
   2.464
   2.314
   2.178
   2.058
   1.947
   1.846
   1.765
   1.710
   1.682
   1.673
   1.682
   1.705
   1.737
   1.777
   1.819
   1.866
   1.906
   1.941
   1.970
   1.988
   1.977
   1.940
   1.897
   1.856
   1.812
   1.773
   1.738
   1.703
   1.658
   1.603
   1.467
   0.000
   0.000
   1.077
   1.194
   1.262
   1.342
   1.424
   1.513
   1.606
   1.702
   1.797
   1.886
   1.959
   2.018
   2.063
   2.094
   2.120
   2.146
   2.175
   2.208
   2.249
   2.295
   2.349
   2.409
   2.475
   2.547
   2.613
   2.678
   2.741
   2.793
   2.836
   2.856
   2.858
   2.847
   2.835
   2.802
   2.740
   2.642
   2.508
   2.365
   2.232
   2.116
   2.008
   1.916
   1.845
   1.803
   1.785
   1.788
   1.809
   1.839
   1.875
   1.917
   1.962
   2.006
   2.052
   2.086
   2.114
   2.125
   2.109
   2.065
   2.017
   1.974
   1.929
   1.886
   1.843
   1.802
   1.752
   1.689
   1.543
   0.000
   0.000
   1.024
   1.140
   1.209
   1.288
   1.369
   1.454
   1.544
   1.638
   1.730
   1.815
   1.886
   1.946
   1.991
   2.026
   2.052
   2.079
   2.107
   2.141
   2.181
   2.226
   2.281
   2.343
   2.413
   2.492
   2.568
   2.642
   2.717
   2.781
   2.833
   2.861
   2.865
   2.856
   2.840
   2.807
   2.754
   2.671
   2.557
   2.429
   2.304
   2.192
   2.089
   2.003
   1.939
   1.902
   1.887
   1.897
   1.920
   1.956
   1.997
   2.041
   2.092
   2.139
   2.185
   2.219
   2.242
   2.249
   2.230
   2.183
   2.136
   2.086
   2.032
   1.982
   1.930
   1.882
   1.825
   1.756
   1.604
   0.000
   0.000
   0.969
   1.087
   1.155
   1.233
   1.314
   1.400
   1.488
   1.580
   1.671
   1.755
   1.825
   1.885
   1.932
   1.968
   1.998
   2.026
   2.056
   2.093
   2.130
   2.174
   2.227
   2.285
   2.355
   2.433
   2.516
   2.600
   2.682
   2.754
   2.813
   2.848
   2.856
   2.855
   2.844
   2.817
   2.775
   2.713
   2.618
   2.506
   2.394
   2.289
   2.190
   2.108
   2.047
   2.009
   1.994
   2.004
   2.029
   2.061
   2.105
   2.153
   2.207
   2.262
   2.307
   2.341
   2.362
   2.364
   2.340
   2.291
   2.238
   2.187
   2.125
   2.066
   2.004
   1.945
   1.879
   1.805
   1.649
   0.000
   0.000
   0.913
   1.030
   1.099
   1.178
   1.259
   1.342
   1.430
   1.522
   1.613
   1.696
   1.770
   1.832
   1.881
   1.919
   1.951
   1.984
   2.017
   2.053
   2.092
   2.138
   2.186
   2.242
   2.306
   2.380
   2.464
   2.550
   2.637
   2.713
   2.773
   2.816
   2.835
   2.841
   2.839
   2.829
   2.808
   2.767
   2.694
   2.595
   2.494
   2.397
   2.305
   2.227
   2.169
   2.128
   2.111
   2.115
   2.133
   2.166
   2.206
   2.257
   2.313
   2.368
   2.417
   2.448
   2.466
   2.463
   2.433
   2.379
   2.324
   2.268
   2.202
   2.130
   2.060
   1.993
   1.920
   1.841
   1.682
   0.000
   0.000
   0.855
   0.967
   1.038
   1.120
   1.200
   1.280
   1.368
   1.458
   1.549
   1.635
   1.714
   1.779
   1.833
   1.874
   1.910
   1.942
   1.979
   2.018
   2.058
   2.103
   2.153
   2.204
   2.263
   2.332
   2.415
   2.499
   2.582
   2.661
   2.725
   2.775
   2.804
   2.827
   2.840
   2.848
   2.851
   2.834
   2.781
   2.698
   2.606
   2.510
   2.422
   2.348
   2.289
   2.250
   2.230
   2.226
   2.236
   2.262
   2.300
   2.349
   2.400
   2.452
   2.496
   2.520
   2.528
   2.520
   2.487
   2.435
   2.379
   2.321
   2.251
   2.177
   2.101
   2.024
   1.946
   1.864
   1.704
   0.000
   0.000
   0.796
   0.906
   0.971
   1.050
   1.130
   1.215
   1.300
   1.386
   1.477
   1.566
   1.647
   1.716
   1.778
   1.825
   1.863
   1.901
   1.937
   1.976
   2.017
   2.063
   2.112
   2.164
   2.220
   2.287
   2.363
   2.442
   2.525
   2.601
   2.671
   2.733
   2.778
   2.815
   2.846
   2.873
   2.894
   2.898
   2.867
   2.804
   2.725
   2.635
   2.548
   2.472
   2.414
   2.371
   2.345
   2.336
   2.343
   2.360
   2.390
   2.431
   2.474
   2.517
   2.550
   2.565
   2.564
   2.549
   2.514
   2.466
   2.414
   2.355
   2.287
   2.212
   2.135
   2.053
   1.970
   1.883
   1.717
   0.000
   0.000
   0.722
   0.842
   0.907
   0.981
   1.057
   1.137
   1.221
   1.304
   1.391
   1.476
   1.558
   1.634
   1.701
   1.757
   1.802
   1.843
   1.882
   1.921
   1.963
   2.010
   2.057
   2.110
   2.166
   2.232
   2.304
   2.379
   2.457
   2.535
   2.612
   2.682
   2.745
   2.799
   2.847
   2.889
   2.918
   2.935
   2.923
   2.883
   2.824
   2.748
   2.664
   2.590
   2.533
   2.484
   2.451
   2.436
   2.434
   2.445
   2.467
   2.496
   2.528
   2.560
   2.583
   2.586
   2.577
   2.557
   2.525
   2.481
   2.433
   2.379
   2.313
   2.243
   2.167
   2.088
   2.003
   1.909
   1.733
   0.000
 -65.534
 -65.534
   0.731
   0.838
   0.908
   0.981
   1.056
   1.132
   1.209
   1.288
   1.369
   1.449
   1.524
   1.595
   1.659
   1.712
   1.760
   1.803
   1.845
   1.888
   1.934
   1.983
   2.034
   2.091
   2.158
   2.228
   2.300
   2.373
   2.456
   2.538
   2.620
   2.697
   2.764
   2.823
   2.872
   2.908
   2.935
   2.939
   2.916
   2.877
   2.824
   2.753
   2.686
   2.628
   2.574
   2.532
   2.504
   2.496
   2.498
   2.511
   2.528
   2.552
   2.572
   2.585
   2.582
   2.568
   2.547
   2.520
   2.484
   2.442
   2.395
   2.339
   2.280
   2.213
   2.141
   2.055
   1.952
   1.757
   0.000
 -65.534
 -65.534
 -65.534
   0.723
   0.833
   0.903
   0.973
   1.038
   1.106
   1.178
   1.250
   1.323
   1.394
   1.466
   1.533
   1.595
   1.651
   1.701
   1.746
   1.793
   1.840
   1.887
   1.936
   1.997
   2.064
   2.135
   2.205
   2.281
   2.363
   2.450
   2.540
   2.629
   2.705
   2.773
   2.833
   2.873
   2.908
   2.925
   2.918
   2.898
   2.861
   2.814
   2.760
   2.704
   2.647
   2.596
   2.558
   2.540
   2.535
   2.536
   2.544
   2.553
   2.562
   2.566
   2.558
   2.544
   2.522
   2.499
   2.473
   2.442
   2.404
   2.359
   2.309
   2.253
   2.191
   2.113
   2.011
   1.804
   0.000
 -65.534
 -65.534
 -65.534
 -65.534
   0.729
   0.820
   0.882
   0.938
   0.999
   1.064
   1.130
   1.197
   1.261
   1.326
   1.392
   1.456
   1.519
   1.576
   1.626
   1.674
   1.722
   1.770
   1.821
   1.880
   1.946
   2.018
   2.092
   2.168
   2.255
   2.348
   2.442
   2.534
   2.616
   2.691
   2.759
   2.815
   2.862
   2.886
   2.892
   2.888
   2.870
   2.836
   2.803
   2.759
   2.701
   2.643
   2.603
   2.574
   2.558
   2.552
   2.547
   2.546
   2.544
   2.540
   2.530
   2.514
   2.496
   2.477
   2.460
   2.436
   2.407
   2.374
   2.330
   2.280
   2.223
   2.157
   2.068
   1.849
   0.000
 -65.534
 -65.534
 -65.534
 -65.534
   0.642
   0.727
   0.779
   0.830
   0.884
   0.946
   1.010
   1.072
   1.132
   1.190
   1.250
   1.312
   1.376
   1.437
   1.492
   1.541
   1.589
   1.637
   1.688
   1.744
   1.809
   1.877
   1.951
   2.037
   2.125
   2.219
   2.316
   2.406
   2.492
   2.576
   2.655
   2.726
   2.785
   2.823
   2.845
   2.854
   2.850
   2.834
   2.812
   2.781
   2.730
   2.672
   2.630
   2.596
   2.569
   2.549
   2.539
   2.529
   2.519
   2.508
   2.495
   2.480
   2.463
   2.449
   2.435
   2.419
   2.399
   2.375
   2.339
   2.294
   2.241
   2.177
   2.095
   1.888
   0.000
 -65.534
 -65.534
 -65.534
 -65.534
   0.560
   0.631
   0.674
   0.716
   0.767
   0.824
   0.885
   0.946
   1.001
   1.055
   1.108
   1.166
   1.229
   1.291
   1.349
   1.402
   1.449
   1.492
   1.538
   1.592
   1.651
   1.715
   1.794
   1.881
   1.968
   2.062
   2.154
   2.249
   2.341
   2.436
   2.527
   2.610
   2.686
   2.743
   2.784
   2.808
   2.818
   2.819
   2.810
   2.787
   2.741
   2.689
   2.643
   2.608
   2.576
   2.547
   2.527
   2.514
   2.497
   2.479
   2.460
   2.443
   2.424
   2.409
   2.397
   2.385
   2.370
   2.352
   2.327
   2.288
   2.237
   2.175
   2.097
   1.902
   0.000
 -65.534
 -65.534
 -65.534
 -65.534
   0.473
   0.519
   0.554
   0.593
   0.635
   0.690
   0.754
   0.816
   0.871
   0.920
   0.968
   1.020
   1.081
   1.145
   1.207
   1.258
   1.300
   1.338
   1.377
   1.426
   1.482
   1.546
   1.622
   1.707
   1.793
   1.882
   1.971
   2.067
   2.164
   2.264
   2.365
   2.466
   2.556
   2.629
   2.688
   2.732
   2.765
   2.781
   2.787
   2.773
   2.740
   2.695
   2.652
   2.616
   2.587
   2.555
   2.531
   2.509
   2.492
   2.469
   2.446
   2.422
   2.399
   2.382
   2.365
   2.353
   2.340
   2.329
   2.309
   2.274
   2.223
   2.161
   2.078
   1.885
   0.000
 -65.534
 -65.534
 -65.534
 -65.534
 -65.534
 -65.534
 -65.534
 -65.534
   0.507
   0.573
   0.629
   0.686
   0.742
   0.788
   0.832
   0.880
   0.938
   1.005
   1.069
   1.121
   1.157
   1.185
   1.217
   1.259
   1.315
   1.383
   1.456
   1.533
   1.614
   1.696
   1.780
   1.872
   1.969
   2.074
   2.182
   2.291
   2.398
   2.493
   2.571
   2.632
   2.681
   2.717
   2.739
   2.743
   2.722
   2.688
   2.656
   2.623
   2.592
   2.568
   2.545
   2.524
   2.504
   2.482
   2.459
   2.433
   2.406
   2.382
   2.362
   2.345
   2.335
   2.325
   2.308
   2.274
   2.223
   2.159
   2.066
   1.879
   0.000
 -65.534
 -65.534
 -65.534
 -65.534
 -65.534
 -65.534
   0.206
   0.306
   0.417
   0.471
   0.516
   0.564
   0.613
   0.660
   0.703
   0.753
   0.811
   0.877
   0.939
   0.984
   1.014
   1.038
   1.070
   1.110
   1.162
   1.230
   1.303
   1.377
   1.448
   1.524
   1.601
   1.685
   1.780
   1.885
   1.998
   2.117
   2.234
   2.344
   2.434
   2.517
   2.585
   2.636
   2.672
   2.691
   2.689
   2.666
   2.637
   2.607
   2.582
   2.558
   2.540
   2.521
   2.504
   2.485
   2.462
   2.436
   2.411
   2.388
   2.362
   2.345
   2.334
   2.327
   2.314
   2.283
   2.236
   2.176
   2.092
   1.888
   0.000
 -65.534
 -65.534
 -65.534
 -65.534
 -65.534
 -65.534
 -65.534
 -65.534
 -65.534
   0.373
   0.407
   0.442
   0.479
   0.520
   0.570
   0.637
   0.695
   0.758
   0.812
   0.852
   0.879
   0.904
   0.938
   0.986
   1.044
   1.107
   1.170
   1.238
   1.303
   1.367
   1.433
   1.511
   1.602
   1.707
   1.822
   1.946
   2.069
   2.184
   2.290
   2.384
   2.463
   2.530
   2.578
   2.606
   2.616
   2.604
   2.578
   2.552
   2.528
   2.505
   2.484
   2.466
   2.450
   2.433
   2.413
   2.389
   2.364
   2.338
   2.315
   2.299
   2.293
   2.290
   2.279
   2.248
   2.208
   2.152
   2.079
   1.869
   0.000
 -65.534
 -65.534
 -65.534
 -65.534
 -65.534
 -65.534
 -65.534
 -65.534
 -65.534
 -65.534
 -65.534
 -65.534
 -65.534
 -65.534
 -65.534
   0.482
   0.548
   0.606
   0.667
   0.728
   0.761
   0.796
   0.840
   0.896
   0.957
   1.019
   1.078
   1.132
   1.185
   1.238
   1.293
   1.357
   1.435
   1.530
   1.645
   1.773
   1.903
   2.024
   2.146
   2.244
   2.328
   2.402
   2.455
   2.496
   2.517
   2.513
   2.494
   2.471
   2.444
   2.417
   2.394
   2.376
   2.362
   2.346
   2.323
   2.299
   2.270
   2.242
   2.219
   2.204
   2.202
   2.202
   2.194
   2.177
   2.140
   2.082
   2.005
   1.793
   0.000
 -65.534
 -65.534
 -65.534
 -65.534
 -65.534
 -65.534
 -65.534
 -65.534
 -65.534
 -65.534
 -65.534
 -65.534
 -65.534
 -65.534
 -65.534
 -65.534
 -65.534
 -65.534
 -65.534
   0.617
   0.675
   0.722
   0.779
   0.841
   0.901
   0.958
   1.011
   1.058
   1.097
   1.132
   1.172
   1.224
   1.288
   1.372
   1.481
   1.608
   1.743
   1.871
   1.989
   2.093
   2.183
   2.259
   2.321
   2.366
   2.394
   2.396
   2.385
   2.367
   2.344
   2.317
   2.291
   2.271
   2.252
   2.230
   2.205
   2.172
   2.141
   2.110
   2.089
   2.078
   2.077
   2.081
   2.079
   2.067
   2.033
   1.981
   1.904
   1.688
   0.000
 -65.534
 -65.534
 -65.534
 -65.534
 -65.534
 -65.534
 -65.534
 -65.534
 -65.534
 -65.534
 -65.534
 -65.534
 -65.534
 -65.534
 -65.534
 -65.534
 -65.534
 -65.534
   0.442
   0.581
   0.627
   0.684
   0.745
   0.810
   0.871
   0.924
   0.968
   1.003
   1.033
   1.055
   1.082
   1.122
   1.172
   1.241
   1.336
   1.459
   1.594
   1.719
   1.835
   1.938
   2.029
   2.110
   2.175
   2.225
   2.253
   2.254
   2.244
   2.229
   2.212
   2.191
   2.170
   2.149
   2.129
   2.102
   2.063
   2.019
   1.980
   1.946
   1.924
   1.912
   1.913
   1.917
   1.923
   1.916
   1.894
   1.849
   1.771
   1.571
   0.000
 -65.534
 -65.534
 -65.534
 -65.534
 -65.534
 -65.534
 -65.534
 -65.534
 -65.534
 -65.534
 -65.534
 -65.534
 -65.534
 -65.534
 -65.534
 -65.534
 -65.534
   0.392
   0.519
   0.573
   0.617
   0.671
   0.736
   0.799
   0.854
   0.902
   0.940
   0.967
   0.990
   1.006
   1.025
   1.050
   1.090
   1.140
   1.217
   1.324
   1.446
   1.565
   1.673
   1.772
   1.863
   1.945
   2.016
   2.069
   2.099
   2.099
   2.087
   2.072
   2.058
   2.042
   2.027
   2.008
   1.982
   1.947
   1.909
   1.865
   1.820
   1.779
   1.754
   1.737
   1.730
   1.733
   1.741
   1.744
   1.732
   1.701
   1.637
   1.435
   0.000
 -65.534
 -65.534
 -65.534
 -65.534
 -65.534
 -65.534
 -65.534
 -65.534
 -65.534
 -65.534
 -65.534
 -65.534
 -65.534
 -65.534
 -65.534
 -65.534
 -65.534
   0.446
   0.529
   0.572
   0.615
   0.666
   0.724
   0.779
   0.828
   0.871
   0.906
   0.931
   0.948
   0.960
   0.972
   0.987
   1.015
   1.050
   1.110
   1.193
   1.295
   1.397
   1.492
   1.586
   1.674
   1.756
   1.832
   1.887
   1.918
   1.918
   1.908
   1.898
   1.889
   1.877
   1.866
   1.855
   1.834
   1.804
   1.766
   1.722
   1.674
   1.632
   1.598
   1.574
   1.562
   1.557
   1.561
   1.564
   1.559
   1.543
   1.497
   1.334
   0.000
 -65.534
 -65.534
 -65.534
 -65.534
 -65.534
 -65.534
 -65.534
 -65.534
 -65.534
 -65.534
 -65.534
 -65.534
 -65.534
 -65.534
 -65.534
 -65.534
 -65.534
   0.453
   0.518
   0.561
   0.601
   0.645
   0.693
   0.739
   0.777
   0.811
   0.843
   0.868
   0.882
   0.894
   0.903
   0.912
   0.930
   0.958
   1.003
   1.068
   1.144
   1.228
   1.312
   1.393
   1.473
   1.550
   1.619
   1.675
   1.704
   1.711
   1.707
   1.704
   1.701
   1.697
   1.692
   1.689
   1.678
   1.660
   1.636
   1.604
   1.563
   1.524
   1.489
   1.458
   1.432
   1.417
   1.410
   1.410
   1.411
   1.399
   1.363
   1.228
   0.000
 -65.534
 -65.534
 -65.534
 -65.534
 -65.534
 -65.534
 -65.534
 -65.534
 -65.534
 -65.534
 -65.534
 -65.534
 -65.534
 -65.534
 -65.534
 -65.534
 -65.534
   0.451
   0.500
   0.538
   0.575
   0.610
   0.645
   0.676
   0.701
   0.724
   0.751
   0.773
   0.789
   0.803
   0.813
   0.821
   0.839
   0.866
   0.908
   0.961
   1.024
   1.094
   1.164
   1.231
   1.296
   1.358
   1.415
   1.463
   1.494
   1.507
   1.508
   1.509
   1.512
   1.513
   1.515
   1.519
   1.521
   1.517
   1.508
   1.492
   1.469
   1.440
   1.413
   1.383
   1.353
   1.329
   1.310
   1.295
   1.286
   1.271
   1.243
   1.120
   0.000
 -65.534
 -65.534
 -65.534
 -65.534
 -65.534
 -65.534
 -65.534
 -65.534
 -65.534
 -65.534
 -65.534
 -65.534
 -65.534
 -65.534
 -65.534
 -65.534
 -65.534
 -65.534
   0.473
   0.510
   0.540
   0.564
   0.588
   0.603
   0.613
   0.622
   0.637
   0.656
   0.672
   0.686
   0.702
   0.712
   0.736
   0.769
   0.813
   0.869
   0.929
   0.993
   1.051
   1.105
   1.155
   1.201
   1.244
   1.281
   1.308
   1.322
   1.327
   1.330
   1.331
   1.333
   1.340
   1.351
   1.361
   1.368
   1.375
   1.375
   1.367
   1.355
   1.336
   1.316
   1.291
   1.267
   1.243
   1.218
   1.196
   1.171
   1.135
   1.016
   0.000
 -65.534
 -65.534
 -65.534
 -65.534
 -65.534
 -65.534
 -65.534
 -65.534
 -65.534
 -65.534
 -65.534
 -65.534
 -65.534
 -65.534
 -65.534
 -65.534
 -65.534
 -65.534
 -65.534
   0.468
   0.493
   0.510
   0.520
   0.524
   0.521
   0.522
   0.525
   0.532
   0.541
   0.553
   0.563
   0.582
   0.612
   0.651
   0.705
   0.765
   0.819
   0.876
   0.929
   0.983
   1.040
   1.072
   1.103
   1.131
   1.152
   1.163
   1.169
   1.172
   1.174
   1.175
   1.181
   1.193
   1.205
   1.219
   1.234
   1.243
   1.249
   1.247
   1.242
   1.230
   1.215
   1.197
   1.172
   1.145
   1.117
   1.081
   1.040
   0.916
   0.000
 -65.534
 -65.534
 -65.534
 -65.534
 -65.534
 -65.534
 -65.534
 -65.534
 -65.534
 -65.534
 -65.534
 -65.534
 -65.534
 -65.534
 -65.534
 -65.534
 -65.534
 -65.534
 -65.534
 -65.534
   0.446
   0.457
   0.464
   0.465
   0.462
   0.460
   0.458
   0.452
   0.446
   0.442
   0.439
   0.454
   0.476
   0.497
   0.505
   0.470
 -65.534
 -65.534
 -65.534
 -65.534
   0.873
   0.947
   0.994
   1.013
   1.027
   1.034
   1.034
   1.032
   1.031
   1.033
   1.039
   1.054
   1.069
   1.085
   1.101
   1.117
   1.126
   1.133
   1.135
   1.131
   1.120
   1.102
   1.081
   1.054
   1.025
   0.989
   0.945
   0.829
   0.000
 -65.534
 -65.534
 -65.534
 -65.534
 -65.534
 -65.534
 -65.534
 -65.534
 -65.534
 -65.534
 -65.534
 -65.534
 -65.534
 -65.534
 -65.534
 -65.534
 -65.534
 -65.534
 -65.534
 -65.534
 -65.534
 -65.534
 -65.534
 -65.534
   0.425
   0.423
   0.413
   0.402
   0.395
   0.385
   0.374
   0.379
   0.389
   0.393
   0.381
   0.341
 -65.534
 -65.534
 -65.534
 -65.534
 -65.534
 -65.534
   0.848
   0.908
   0.919
   0.922
   0.914
   0.906
   0.900
   0.904
   0.913
   0.927
   0.944
   0.961
   0.979
   0.997
   1.008
   1.016
   1.019
   1.016
   1.005
   0.988
   0.968
   0.940
   0.907
   0.871
   0.831
   0.733
   0.000
 -65.534
 -65.534
 -65.534
 -65.534
 -65.534
 -65.534
 -65.534
 -65.534
 -65.534
 -65.534
 -65.534
 -65.534
 -65.534
 -65.534
 -65.534
 -65.534
 -65.534
 -65.534
 -65.534
 -65.534
 -65.534
 -65.534
 -65.534
 -65.534
   0.372
   0.380
   0.377
   0.373
   0.368
   0.358
   0.343
   0.342
   0.344
   0.340
   0.329
   0.311
 -65.534
 -65.534
 -65.534
 -65.534
 -65.534
 -65.534
 -65.534
   0.769
   0.800
   0.796
   0.795
   0.780
   0.777
   0.778
   0.790
   0.807
   0.827
   0.846
   0.864
   0.881
   0.892
   0.898
   0.897
   0.892
   0.881
   0.864
   0.840
   0.809
   0.773
   0.738
   0.703
   0.627
   0.000
 -65.534
 -65.534
 -65.534
 -65.534
 -65.534
 -65.534
 -65.534
 -65.534
 -65.534
 -65.534
 -65.534
 -65.534
 -65.534
 -65.534
 -65.534
 -65.534
 -65.534
 -65.534
 -65.534
 -65.534
 -65.534
 -65.534
 -65.534
 -65.534
 -65.534
 -65.534
 -65.534
 -65.534
 -65.534
   0.336
   0.323
   0.319
   0.322
   0.316
   0.305
   0.285
   0.137
 -65.534
 -65.534
 -65.534
 -65.534
 -65.534
 -65.534
   0.541
   0.507
 -65.534
   0.625
   0.636
   0.650
   0.678
   0.695
   0.714
   0.729
   0.746
   0.762
   0.774
   0.782
   0.781
   0.777
   0.767
   0.752
   0.732
   0.705
   0.674
   0.640
   0.607
   0.577
   0.520
   0.000
 -65.534
 -65.534
 -65.534
 -65.534
 -65.534
 -65.534
 -65.534
 -65.534
 -65.534
 -65.534
 -65.534
 -65.534
 -65.534
 -65.534
 -65.534
 -65.534
 -65.534
 -65.534
 -65.534
 -65.534
 -65.534
 -65.534
 -65.534
 -65.534
 -65.534
 -65.534
 -65.534
 -65.534
 -65.534
 -65.534
 -65.534
 -65.534
   0.296
   0.296
   0.288
   0.261
   0.169
   0.095
 -65.534
 -65.534
 -65.534
 -65.534
 -65.534
 -65.534
 -65.534
 -65.534
 -65.534
 -65.534
 -65.534
   0.513
   0.576
   0.611
   0.652
   0.663
   0.672
   0.674
   0.671
   0.663
   0.653
   0.642
   0.626
   0.605
   0.582
   0.555
   0.526
   0.496
   0.467
   0.422
   0.000
 -65.534
 -65.534
 -65.534
 -65.534
 -65.534
 -65.534
 -65.534
 -65.534
 -65.534
 -65.534
 -65.534
 -65.534
 -65.534
 -65.534
 -65.534
 -65.534
 -65.534
 -65.534
 -65.534
 -65.534
 -65.534
 -65.534
 -65.534
 -65.534
 -65.534
 -65.534
 -65.534
 -65.534
 -65.534
 -65.534
 -65.534
 -65.534
   0.272
   0.272
   0.267
   0.242
   0.181
   0.122
   0.081
   0.060
 -65.534
 -65.534
 -65.534
 -65.534
 -65.534
 -65.534
 -65.534
 -65.534
 -65.534
 -65.534
 -65.534
 -65.534
   0.477
   0.528
   0.541
   0.563
   0.555
   0.544
   0.531
   0.520
   0.507
   0.491
   0.472
   0.452
   0.428
   0.407
   0.386
   0.351
   0.000
 -65.534
 -65.534
 -65.534
 -65.534
 -65.534
 -65.534
 -65.534
 -65.534
 -65.534
 -65.534
 -65.534
 -65.534
 -65.534
 -65.534
 -65.534
 -65.534
 -65.534
 -65.534
 -65.534
 -65.534
 -65.534
 -65.534
 -65.534
 -65.534
 -65.534
 -65.534
 -65.534
 -65.534
 -65.534
 -65.534
 -65.534
 -65.534
 -65.534
 -65.534
 -65.534
 -65.534
   0.142
   0.117
   0.090
   0.072
   0.057
   0.046
   0.039
   0.036
   0.036
 -65.534
 -65.534
 -65.534
 -65.534
 -65.534
 -65.534
 -65.534
 -65.534
 -65.534
 -65.534
   0.391
   0.428
   0.426
   0.418
   0.405
   0.395
   0.386
   0.374
   0.358
   0.342
   0.326
   0.308
   0.282
   0.000
 -65.534
 -65.534
 -65.534
 -65.534
 -65.534
 -65.534
 -65.534
 -65.534
 -65.534
 -65.534
 -65.534
 -65.534
 -65.534
 -65.534
 -65.534
 -65.534
 -65.534
 -65.534
 -65.534
 -65.534
 -65.534
 -65.534
 -65.534
 -65.534
 -65.534
 -65.534
 -65.534
 -65.534
 -65.534
 -65.534
 -65.534
 -65.534
 -65.534
 -65.534
 -65.534
 -65.534
 -65.534
 -65.534
 -65.534
 -65.534
   0.033
 -65.534
 -65.534
 -65.534
 -65.534
 -65.534
 -65.534
 -65.534
 -65.534
 -65.534
 -65.534
 -65.534
 -65.534
 -65.534
 -65.534
   0.255
   0.291
   0.300
   0.299
   0.305
   0.297
   0.286
   0.276
   0.264
   0.252
   0.241
   0.224
   0.208
   0.000
 -65.534
 -65.534
 -65.534
 -65.534
 -65.534
 -65.534
 -65.534
 -65.534
 -65.534
 -65.534
 -65.534
 -65.534
 -65.534
 -65.534
 -65.534
 -65.534
 -65.534
 -65.534
 -65.534
 -65.534
 -65.534
 -65.534
 -65.534
 -65.534
 -65.534
 -65.534
 -65.534
 -65.534
 -65.534
 -65.534
 -65.534
 -65.534
 -65.534
 -65.534
 -65.534
 -65.534
 -65.534
 -65.534
 -65.534
 -65.534
 -65.534
 -65.534
 -65.534
 -65.534
 -65.534
 -65.534
 -65.534
 -65.534
 -65.534
 -65.534
 -65.534
 -65.534
 -65.534
 -65.534
 -65.534
 -65.534
 -65.534
 -65.534
 -65.534
   0.187
   0.189
   0.178
   0.167
   0.154
   0.145
   0.140
   0.131
   0.125
   0.000
 -65.534
 -65.534
 -65.534
 -65.534
 -65.534
 -65.534
 -65.534
 -65.534
 -65.534
 -65.534
 -65.534
 -65.534
 -65.534
 -65.534
 -65.534
 -65.534
 -65.534
 -65.534
 -65.534
 -65.534
 -65.534
 -65.534
 -65.534
 -65.534
 -65.534
 -65.534
 -65.534
 -65.534
 -65.534
 -65.534
 -65.534
 -65.534
 -65.534
 -65.534
 -65.534
 -65.534
 -65.534
 -65.534
 -65.534
 -65.534
 -65.534
 -65.534
 -65.534
 -65.534
 -65.534
 -65.534
 -65.534
 -65.534
 -65.534
 -65.534
 -65.534
 -65.534
 -65.534
 -65.534
 -65.534
 -65.534
 -65.534
 -65.534
 -65.534
 -65.534
 -65.534
   0.000
   0.000
   0.000
   0.000
   0.000
   0.000
   0.000
 -65.534
