 -65.534
   0.000
   0.000
   0.000
   0.000
   0.000
   0.000
   0.000
   0.000
   0.000
   0.000
   0.000
   0.000
   0.000
   0.000
   0.000
   0.000
   0.000
   0.000
   0.000
   0.000
   0.000
   0.000
   0.000
   0.000
   0.000
   0.000
   0.000
   0.000
   0.000
   0.000
   0.000
   0.000
   0.000
   0.000
   0.000
   0.000
   0.000
   0.000
   0.000
   0.000
   0.000
   0.000
   0.000
   0.000
   0.000
   0.000
   0.000
   0.000
   0.000
   0.000
   0.000
   0.000
   0.000
   0.000
   0.000
   0.000
   0.000
   0.000
   0.000
   0.000
   0.000
   0.000
   0.000
   0.000
   0.000
   0.000
   0.000
 -65.534
   0.000
   3.011
   3.371
   3.553
   3.720
   3.875
   4.023
   4.174
   4.334
   4.504
   4.685
   4.861
   5.022
   5.161
   5.263
   5.354
   5.415
   5.475
   5.543
   5.643
   5.765
   5.887
   6.003
   6.156
   6.128
   6.015
   5.911
   5.817
   5.708
   5.610
   5.530
   5.438
   5.368
   5.321
   5.222
   5.135
   5.029
   4.930
   4.828
   4.678
   4.507
   4.331
   4.155
   4.010
   3.927
   3.885
   3.895
   3.917
   3.940
   3.988
   4.062
   4.146
   4.232
   4.333
   4.462
   4.557
   4.608
   4.620
   4.609
   4.576
   4.516
   4.451
   4.384
   4.325
   4.241
   4.165
   4.094
   3.943
   0.000
   0.000
   3.142
   3.448
   3.585
   3.728
   3.854
   3.991
   4.141
   4.300
   4.470
   4.648
   4.826
   4.988
   5.125
   5.232
   5.325
   5.412
   5.503
   5.590
   5.698
   5.815
   5.931
   6.034
   6.143
   6.135
   6.071
   6.005
   5.935
   5.871
   5.823
   5.779
   5.740
   5.704
   5.684
   5.632
   5.575
   5.505
   5.410
   5.288
   5.152
   4.995
   4.831
   4.640
   4.477
   4.404
   4.407
   4.474
   4.558
   4.654
   4.770
   4.901
   5.040
   5.182
   5.323
   5.449
   5.554
   5.629
   5.668
   5.662
   5.618
   5.557
   5.481
   5.390
   5.287
   5.180
   5.073
   4.971
   4.745
   0.000
   0.000
   3.044
   3.303
   3.413
   3.532
   3.643
   3.770
   3.913
   4.068
   4.235
   4.409
   4.581
   4.735
   4.866
   4.971
   5.069
   5.166
   5.269
   5.373
   5.495
   5.615
   5.725
   5.823
   5.895
   5.924
   5.897
   5.869
   5.830
   5.795
   5.771
   5.758
   5.750
   5.761
   5.767
   5.754
   5.734
   5.692
   5.613
   5.511
   5.381
   5.237
   5.073
   4.885
   4.716
   4.633
   4.655
   4.753
   4.883
   5.025
   5.184
   5.352
   5.525
   5.695
   5.851
   5.980
   6.087
   6.166
   6.210
   6.205
   6.168
   6.116
   6.032
   5.929
   5.814
   5.698
   5.567
   5.443
   5.159
   0.000
   0.000
   2.924
   3.138
   3.226
   3.328
   3.427
   3.540
   3.675
   3.820
   3.985
   4.156
   4.321
   4.473
   4.604
   4.716
   4.817
   4.922
   5.033
   5.152
   5.271
   5.390
   5.504
   5.601
   5.662
   5.703
   5.712
   5.724
   5.726
   5.729
   5.739
   5.759
   5.791
   5.838
   5.880
   5.911
   5.923
   5.905
   5.846
   5.754
   5.646
   5.514
   5.352
   5.172
   5.008
   4.909
   4.917
   5.018
   5.166
   5.335
   5.520
   5.722
   5.918
   6.101
   6.272
   6.412
   6.518
   6.606
   6.657
   6.655
   6.615
   6.552
   6.467
   6.353
   6.232
   6.096
   5.949
   5.801
   5.467
   0.000
   0.000
   2.794
   2.971
   3.040
   3.130
   3.218
   3.320
   3.439
   3.582
   3.739
   3.901
   4.056
   4.200
   4.326
   4.432
   4.535
   4.642
   4.757
   4.884
   5.012
   5.135
   5.246
   5.342
   5.419
   5.459
   5.498
   5.562
   5.617
   5.665
   5.718
   5.769
   5.831
   5.911
   5.988
   6.049
   6.097
   6.104
   6.066
   5.988
   5.898
   5.783
   5.636
   5.463
   5.300
   5.199
   5.191
   5.272
   5.420
   5.601
   5.810
   6.033
   6.249
   6.452
   6.641
   6.800
   6.921
   7.012
   7.058
   7.046
   7.007
   6.937
   6.826
   6.706
   6.564
   6.408
   6.244
   6.066
   5.698
   0.000
   0.000
   2.660
   2.808
   2.867
   2.939
   3.017
   3.112
   3.228
   3.363
   3.511
   3.664
   3.808
   3.940
   4.056
   4.154
   4.249
   4.355
   4.473
   4.602
   4.730
   4.855
   4.970
   5.067
   5.148
   5.218
   5.315
   5.420
   5.523
   5.620
   5.709
   5.792
   5.884
   5.986
   6.093
   6.187
   6.258
   6.289
   6.273
   6.221
   6.148
   6.051
   5.920
   5.767
   5.616
   5.510
   5.480
   5.534
   5.662
   5.840
   6.058
   6.301
   6.539
   6.761
   6.972
   7.149
   7.281
   7.377
   7.428
   7.416
   7.366
   7.274
   7.147
   6.994
   6.830
   6.650
   6.453
   6.250
   5.855
   0.000
   0.000
   2.513
   2.643
   2.695
   2.761
   2.829
   2.920
   3.031
   3.161
   3.302
   3.445
   3.581
   3.703
   3.809
   3.902
   3.996
   4.098
   4.214
   4.340
   4.471
   4.601
   4.723
   4.836
   4.942
   5.046
   5.171
   5.311
   5.449
   5.581
   5.708
   5.826
   5.950
   6.079
   6.207
   6.322
   6.414
   6.473
   6.478
   6.444
   6.388
   6.314
   6.211
   6.080
   5.948
   5.838
   5.784
   5.806
   5.901
   6.055
   6.267
   6.513
   6.762
   7.002
   7.232
   7.429
   7.579
   7.684
   7.733
   7.713
   7.648
   7.545
   7.387
   7.206
   7.008
   6.807
   6.587
   6.365
   5.945
   0.000
   0.000
   2.330
   2.457
   2.509
   2.581
   2.647
   2.731
   2.834
   2.959
   3.096
   3.234
   3.366
   3.483
   3.588
   3.679
   3.773
   3.877
   3.993
   4.119
   4.253
   4.390
   4.521
   4.651
   4.780
   4.914
   5.061
   5.221
   5.388
   5.553
   5.712
   5.866
   6.014
   6.164
   6.308
   6.441
   6.553
   6.635
   6.667
   6.649
   6.617
   6.562
   6.481
   6.382
   6.273
   6.170
   6.103
   6.088
   6.150
   6.275
   6.459
   6.689
   6.941
   7.185
   7.427
   7.646
   7.813
   7.929
   7.971
   7.951
   7.860
   7.733
   7.550
   7.338
   7.120
   6.892
   6.656
   6.415
   5.994
   0.000
   0.000
   2.117
   2.234
   2.297
   2.378
   2.451
   2.534
   2.639
   2.757
   2.891
   3.028
   3.158
   3.275
   3.378
   3.475
   3.571
   3.680
   3.800
   3.926
   4.066
   4.211
   4.356
   4.502
   4.648
   4.802
   4.965
   5.144
   5.333
   5.520
   5.701
   5.878
   6.041
   6.202
   6.358
   6.503
   6.640
   6.751
   6.809
   6.816
   6.801
   6.764
   6.702
   6.626
   6.545
   6.460
   6.392
   6.361
   6.390
   6.485
   6.642
   6.864
   7.086
   7.327
   7.573
   7.795
   7.968
   8.084
   8.125
   8.083
   7.988
   7.833
   7.628
   7.395
   7.156
   6.918
   6.672
   6.421
   5.996
   0.000
   0.000
   1.917
   2.018
   2.081
   2.165
   2.245
   2.333
   2.436
   2.557
   2.692
   2.829
   2.962
   3.083
   3.190
   3.288
   3.393
   3.505
   3.629
   3.761
   3.901
   4.051
   4.208
   4.368
   4.526
   4.692
   4.870
   5.060
   5.258
   5.455
   5.646
   5.829
   6.003
   6.172
   6.335
   6.497
   6.652
   6.790
   6.882
   6.921
   6.927
   6.900
   6.848
   6.793
   6.731
   6.665
   6.613
   6.587
   6.594
   6.665
   6.816
   7.026
   7.196
   7.421
   7.664
   7.886
   8.029
   8.123
   8.155
   8.102
   7.986
   7.815
   7.589
   7.350
   7.105
   6.861
   6.613
   6.370
   5.950
   0.000
   0.000
   1.756
   1.829
   1.886
   1.972
   2.049
   2.129
   2.225
   2.348
   2.482
   2.625
   2.764
   2.891
   3.005
   3.113
   3.220
   3.338
   3.463
   3.596
   3.739
   3.895
   4.053
   4.220
   4.387
   4.564
   4.748
   4.938
   5.141
   5.338
   5.533
   5.717
   5.899
   6.079
   6.251
   6.420
   6.594
   6.755
   6.878
   6.948
   6.982
   6.972
   6.928
   6.888
   6.850
   6.808
   6.772
   6.763
   6.781
   6.836
   6.982
   7.169
   7.330
   7.524
   7.731
   7.915
   8.049
   8.115
   8.108
   8.033
   7.895
   7.701
   7.473
   7.228
   6.990
   6.748
   6.505
   6.272
   5.857
   0.000
   0.000
   1.627
   1.683
   1.717
   1.789
   1.867
   1.944
   2.029
   2.125
   2.251
   2.392
   2.541
   2.681
   2.809
   2.926
   3.040
   3.160
   3.289
   3.424
   3.573
   3.728
   3.889
   4.051
   4.222
   4.399
   4.584
   4.772
   4.966
   5.159
   5.357
   5.543
   5.733
   5.920
   6.105
   6.285
   6.464
   6.634
   6.777
   6.876
   6.938
   6.956
   6.931
   6.900
   6.889
   6.874
   6.861
   6.877
   6.924
   6.998
   7.126
   7.293
   7.433
   7.593
   7.762
   7.908
   8.007
   8.056
   8.014
   7.910
   7.743
   7.537
   7.305
   7.066
   6.834
   6.599
   6.369
   6.146
   5.750
   0.000
 -65.534
 -65.534
   1.536
   1.567
   1.609
   1.683
   1.757
   1.838
   1.919
   2.028
   2.154
   2.290
   2.435
   2.571
   2.698
   2.829
   2.956
   3.089
   3.230
   3.380
   3.539
   3.701
   3.863
   4.024
   4.199
   4.383
   4.562
   4.751
   4.943
   5.133
   5.327
   5.521
   5.710
   5.899
   6.083
   6.269
   6.445
   6.590
   6.702
   6.783
   6.821
   6.818
   6.811
   6.825
   6.840
   6.857
   6.905
   6.978
   7.076
   7.211
   7.365
   7.508
   7.629
   7.765
   7.867
   7.931
   7.947
   7.884
   7.748
   7.559
   7.337
   7.106
   6.866
   6.644
   6.424
   6.214
   6.008
   5.618
   0.000
 -65.534
 -65.534
 -65.534
   1.412
   1.420
   1.484
   1.560
   1.636
   1.714
   1.808
   1.922
   2.036
   2.170
   2.310
   2.444
   2.577
   2.712
   2.852
   3.000
   3.160
   3.319
   3.482
   3.642
   3.805
   3.971
   4.146
   4.317
   4.499
   4.688
   4.879
   5.070
   5.265
   5.463
   5.656
   5.851
   6.036
   6.214
   6.363
   6.469
   6.545
   6.596
   6.618
   6.643
   6.692
   6.735
   6.785
   6.858
   6.954
   7.076
   7.222
   7.369
   7.508
   7.616
   7.728
   7.806
   7.827
   7.797
   7.727
   7.577
   7.376
   7.152
   6.918
   6.689
   6.469
   6.267
   6.085
   5.890
   5.496
   0.000
 -65.534
 -65.534
 -65.534
 -65.534
   1.222
   1.300
   1.362
   1.427
   1.498
   1.581
   1.679
   1.787
   1.912
   2.046
   2.181
   2.312
   2.448
   2.584
   2.731
   2.887
   3.049
   3.216
   3.378
   3.538
   3.701
   3.869
   4.038
   4.216
   4.401
   4.591
   4.782
   4.976
   5.177
   5.383
   5.586
   5.775
   5.959
   6.095
   6.196
   6.264
   6.308
   6.341
   6.405
   6.483
   6.560
   6.639
   6.742
   6.861
   6.988
   7.147
   7.291
   7.419
   7.531
   7.617
   7.670
   7.667
   7.616
   7.531
   7.389
   7.204
   6.992
   6.767
   6.550
   6.351
   6.175
   6.014
   5.856
   5.461
   0.000
 -65.534
 -65.534
 -65.534
 -65.534
   1.092
   1.139
   1.183
   1.228
   1.282
   1.354
   1.440
   1.541
   1.661
   1.788
   1.922
   2.055
   2.183
   2.309
   2.441
   2.585
   2.739
   2.897
   3.057
   3.216
   3.381
   3.546
   3.716
   3.889
   4.078
   4.269
   4.465
   4.663
   4.867
   5.076
   5.287
   5.484
   5.659
   5.795
   5.894
   5.956
   5.990
   6.022
   6.106
   6.213
   6.324
   6.423
   6.548
   6.675
   6.805
   6.952
   7.106
   7.236
   7.334
   7.409
   7.430
   7.410
   7.350
   7.266
   7.150
   6.995
   6.821
   6.629
   6.439
   6.274
   6.141
   6.014
   5.887
   5.508
   0.000
 -65.534
 -65.534
 -65.534
 -65.534
   1.011
   1.027
   1.051
   1.070
   1.099
   1.157
   1.234
   1.324
   1.431
   1.555
   1.683
   1.811
   1.931
   2.049
   2.166
   2.286
   2.415
   2.553
   2.700
   2.856
   3.012
   3.177
   3.346
   3.525
   3.716
   3.913
   4.115
   4.320
   4.532
   4.745
   4.950
   5.143
   5.316
   5.450
   5.550
   5.625
   5.681
   5.738
   5.790
   5.907
   6.032
   6.153
   6.292
   6.434
   6.563
   6.710
   6.862
   6.986
   7.067
   7.113
   7.118
   7.083
   7.028
   6.955
   6.864
   6.747
   6.617
   6.474
   6.334
   6.226
   6.128
   6.031
   5.919
   5.547
   0.000
 -65.534
 -65.534
 -65.534
 -65.534
   1.025
   1.027
   1.027
   1.011
   0.990
   1.019
   1.078
   1.153
   1.240
   1.353
   1.472
   1.585
   1.695
   1.804
   1.910
   2.020
   2.124
   2.238
   2.364
   2.507
   2.655
   2.811
   2.980
   3.158
   3.355
   3.550
   3.753
   3.961
   4.169
   4.369
   4.566
   4.755
   4.918
   5.052
   5.162
   5.245
   5.335
   5.414
   5.504
   5.620
   5.741
   5.855
   5.989
   6.135
   6.279
   6.423
   6.569
   6.681
   6.754
   6.785
   6.784
   6.760
   6.697
   6.629
   6.546
   6.460
   6.382
   6.300
   6.225
   6.161
   6.089
   6.012
   5.883
   5.511
   0.000
 -65.534
 -65.534
 -65.534
 -65.534
 -65.534
 -65.534
 -65.534
 -65.534
   0.948
   0.966
   0.993
   1.035
   1.099
   1.185
   1.284
   1.386
   1.492
   1.596
   1.701
   1.800
   1.883
   1.976
   2.084
   2.209
   2.350
   2.500
   2.661
   2.831
   3.012
   3.203
   3.393
   3.584
   3.772
   3.958
   4.136
   4.306
   4.468
   4.614
   4.731
   4.838
   4.946
   5.054
   5.185
   5.316
   5.430
   5.555
   5.704
   5.848
   5.968
   6.109
   6.250
   6.360
   6.429
   6.461
   6.460
   6.423
   6.367
   6.300
   6.226
   6.159
   6.123
   6.104
   6.091
   6.051
   5.993
   5.908
   5.772
   5.392
   0.000
 -65.534
 -65.534
 -65.534
 -65.534
 -65.534
 -65.534
   0.669
   0.887
   1.003
   0.954
   0.953
   0.968
   1.009
   1.067
   1.145
   1.239
   1.343
   1.454
   1.551
   1.636
   1.714
   1.783
   1.875
   1.989
   2.125
   2.269
   2.418
   2.577
   2.738
   2.900
   3.061
   3.224
   3.384
   3.540
   3.700
   3.854
   4.007
   4.148
   4.287
   4.423
   4.558
   4.697
   4.841
   4.985
   5.119
   5.257
   5.388
   5.507
   5.647
   5.800
   5.936
   6.052
   6.110
   6.138
   6.121
   6.082
   6.028
   5.958
   5.881
   5.836
   5.835
   5.873
   5.900
   5.883
   5.826
   5.738
   5.604
   5.180
   0.000
 -65.534
 -65.534
 -65.534
 -65.534
 -65.534
 -65.534
 -65.534
 -65.534
 -65.534
   1.020
   1.004
   1.010
   1.031
   1.064
   1.106
   1.156
   1.257
   1.364
   1.462
   1.539
   1.603
   1.667
   1.747
   1.852
   1.975
   2.117
   2.261
   2.401
   2.537
   2.672
   2.803
   2.930
   3.056
   3.183
   3.310
   3.441
   3.580
   3.723
   3.867
   4.015
   4.168
   4.327
   4.493
   4.644
   4.788
   4.921
   5.054
   5.176
   5.304
   5.431
   5.554
   5.650
   5.711
   5.732
   5.711
   5.669
   5.607
   5.529
   5.461
   5.445
   5.479
   5.551
   5.600
   5.581
   5.532
   5.460
   5.317
   4.875
   0.000
 -65.534
 -65.534
 -65.534
 -65.534
 -65.534
 -65.534
 -65.534
 -65.534
 -65.534
 -65.534
 -65.534
 -65.534
 -65.534
 -65.534
 -65.534
   1.206
   1.290
   1.357
   1.424
   1.456
   1.526
   1.601
   1.686
   1.787
   1.907
   2.031
   2.161
   2.292
   2.409
   2.516
   2.614
   2.710
   2.804
   2.906
   3.011
   3.120
   3.237
   3.357
   3.479
   3.630
   3.796
   3.971
   4.149
   4.318
   4.466
   4.600
   4.724
   4.841
   4.957
   5.072
   5.182
   5.268
   5.318
   5.324
   5.286
   5.215
   5.133
   5.048
   4.991
   5.006
   5.080
   5.160
   5.203
   5.197
   5.160
   5.070
   4.925
   4.474
   0.000
 -65.534
 -65.534
 -65.534
 -65.534
 -65.534
 -65.534
 -65.534
 -65.534
 -65.534
 -65.534
 -65.534
 -65.534
 -65.534
 -65.534
 -65.534
 -65.534
 -65.534
 -65.534
 -65.534
   1.408
   1.490
   1.575
   1.669
   1.778
   1.893
   2.007
   2.118
   2.222
   2.319
   2.409
   2.487
   2.557
   2.627
   2.706
   2.795
   2.885
   2.981
   3.084
   3.198
   3.332
   3.495
   3.672
   3.856
   4.029
   4.183
   4.315
   4.428
   4.535
   4.628
   4.726
   4.819
   4.890
   4.923
   4.906
   4.844
   4.743
   4.632
   4.545
   4.509
   4.555
   4.653
   4.731
   4.778
   4.772
   4.714
   4.620
   4.468
   4.013
   0.000
 -65.534
 -65.534
 -65.534
 -65.534
 -65.534
 -65.534
 -65.534
 -65.534
 -65.534
 -65.534
 -65.534
 -65.534
 -65.534
 -65.534
 -65.534
 -65.534
 -65.534
 -65.534
   1.068
   1.454
   1.499
   1.580
   1.685
   1.802
   1.917
   2.021
   2.116
   2.204
   2.277
   2.345
   2.408
   2.467
   2.520
   2.583
   2.656
   2.735
   2.817
   2.903
   3.003
   3.127
   3.270
   3.435
   3.612
   3.782
   3.933
   4.054
   4.155
   4.244
   4.329
   4.398
   4.464
   4.510
   4.520
   4.476
   4.390
   4.271
   4.137
   4.046
   4.028
   4.093
   4.185
   4.257
   4.300
   4.286
   4.217
   4.107
   3.955
   3.501
   0.000
 -65.534
 -65.534
 -65.534
 -65.534
 -65.534
 -65.534
 -65.534
 -65.534
 -65.534
 -65.534
 -65.534
 -65.534
 -65.534
 -65.534
 -65.534
 -65.534
 -65.534
   0.922
   1.347
   1.478
   1.532
   1.599
   1.699
   1.826
   1.939
   2.034
   2.120
   2.191
   2.252
   2.305
   2.357
   2.410
   2.450
   2.493
   2.550
   2.616
   2.682
   2.757
   2.839
   2.943
   3.072
   3.227
   3.392
   3.555
   3.695
   3.802
   3.888
   3.961
   4.017
   4.073
   4.118
   4.148
   4.142
   4.076
   3.971
   3.831
   3.688
   3.607
   3.603
   3.663
   3.744
   3.808
   3.834
   3.798
   3.719
   3.597
   3.437
   2.998
   0.000
 -65.534
 -65.534
 -65.534
 -65.534
 -65.534
 -65.534
 -65.534
 -65.534
 -65.534
 -65.534
 -65.534
 -65.534
 -65.534
 -65.534
 -65.534
 -65.534
 -65.534
   1.225
   1.437
   1.517
   1.571
   1.630
   1.709
   1.821
   1.936
   2.023
   2.101
   2.163
   2.215
   2.261
   2.306
   2.353
   2.383
   2.414
   2.449
   2.493
   2.544
   2.599
   2.665
   2.751
   2.865
   3.005
   3.161
   3.311
   3.436
   3.534
   3.609
   3.673
   3.718
   3.752
   3.781
   3.828
   3.831
   3.772
   3.678
   3.545
   3.391
   3.296
   3.281
   3.314
   3.361
   3.397
   3.399
   3.358
   3.271
   3.150
   2.989
   2.541
   0.000
 -65.534
 -65.534
 -65.534
 -65.534
 -65.534
 -65.534
 -65.534
 -65.534
 -65.534
 -65.534
 -65.534
 -65.534
 -65.534
 -65.534
 -65.534
 -65.534
 -65.534
   1.402
   1.514
   1.582
   1.619
   1.666
   1.727
   1.810
   1.913
   1.988
   2.052
   2.111
   2.160
   2.207
   2.250
   2.290
   2.310
   2.326
   2.347
   2.372
   2.402
   2.437
   2.488
   2.562
   2.662
   2.786
   2.923
   3.053
   3.159
   3.248
   3.318
   3.370
   3.409
   3.427
   3.448
   3.490
   3.496
   3.471
   3.424
   3.333
   3.206
   3.109
   3.063
   3.052
   3.050
   3.039
   3.016
   2.956
   2.829
   2.704
   2.542
   2.155
   0.000
 -65.534
 -65.534
 -65.534
 -65.534
 -65.534
 -65.534
 -65.534
 -65.534
 -65.534
 -65.534
 -65.534
 -65.534
 -65.534
 -65.534
 -65.534
 -65.534
 -65.534
   1.599
   1.606
   1.644
   1.674
   1.706
   1.752
   1.806
   1.870
   1.944
   1.991
   2.043
   2.095
   2.145
   2.189
   2.225
   2.232
   2.243
   2.249
   2.263
   2.279
   2.305
   2.346
   2.408
   2.495
   2.595
   2.705
   2.811
   2.901
   2.973
   3.027
   3.072
   3.101
   3.115
   3.134
   3.173
   3.196
   3.206
   3.207
   3.171
   3.096
   2.991
   2.925
   2.870
   2.825
   2.769
   2.699
   2.606
   2.469
   2.332
   2.162
   1.804
   0.000
 -65.534
 -65.534
 -65.534
 -65.534
 -65.534
 -65.534
 -65.534
 -65.534
 -65.534
 -65.534
 -65.534
 -65.534
 -65.534
 -65.534
 -65.534
 -65.534
 -65.534
 -65.534
   1.715
   1.700
   1.723
   1.751
   1.779
   1.809
   1.837
   1.880
   1.921
   1.968
   2.022
   2.080
   2.131
   2.162
   2.161
   2.161
   2.161
   2.169
   2.187
   2.209
   2.247
   2.300
   2.359
   2.431
   2.507
   2.590
   2.663
   2.723
   2.766
   2.795
   2.808
   2.819
   2.834
   2.874
   2.906
   2.937
   2.963
   2.974
   2.929
   2.860
   2.791
   2.720
   2.647
   2.563
   2.461
   2.336
   2.188
   2.013
   1.820
   1.449
   0.000
 -65.534
 -65.534
 -65.534
 -65.534
 -65.534
 -65.534
 -65.534
 -65.534
 -65.534
 -65.534
 -65.534
 -65.534
 -65.534
 -65.534
 -65.534
 -65.534
 -65.534
 -65.534
 -65.534
   1.761
   1.766
   1.791
   1.808
   1.812
   1.815
   1.828
   1.852
   1.888
   1.939
   1.995
   2.055
   2.082
   2.083
   2.079
   2.088
   2.110
   2.114
   2.130
   2.147
   2.178
   2.240
   2.287
   2.339
   2.398
   2.457
   2.509
   2.547
   2.569
   2.570
   2.572
   2.558
   2.590
   2.616
   2.635
   2.658
   2.673
   2.664
   2.635
   2.585
   2.522
   2.460
   2.378
   2.270
   2.124
   1.952
   1.749
   1.509
   1.122
   0.000
 -65.534
 -65.534
 -65.534
 -65.534
 -65.534
 -65.534
 -65.534
 -65.534
 -65.534
 -65.534
 -65.534
 -65.534
 -65.534
 -65.534
 -65.534
 -65.534
 -65.534
 -65.534
 -65.534
 -65.534
   1.772
   1.785
   1.793
   1.789
   1.780
   1.786
   1.798
   1.818
   1.848
   1.891
   1.946
   1.953
   1.921
   1.856
   1.754
   1.506
 -65.534
 -65.534
 -65.534
 -65.534
   2.075
   2.160
   2.217
   2.250
   2.291
   2.331
   2.358
   2.360
   2.349
   2.330
   2.322
   2.341
   2.358
   2.371
   2.395
   2.400
   2.392
   2.370
   2.344
   2.296
   2.239
   2.151
   2.040
   1.890
   1.718
   1.507
   1.250
   0.848
   0.000
 -65.534
 -65.534
 -65.534
 -65.534
 -65.534
 -65.534
 -65.534
 -65.534
 -65.534
 -65.534
 -65.534
 -65.534
 -65.534
 -65.534
 -65.534
 -65.534
 -65.534
 -65.534
 -65.534
 -65.534
 -65.534
 -65.534
 -65.534
 -65.534
   1.717
   1.732
   1.749
   1.762
   1.780
   1.799
   1.820
   1.792
   1.725
   1.613
   1.444
   1.170
 -65.534
 -65.534
 -65.534
 -65.534
 -65.534
 -65.534
   2.013
   2.118
   2.160
   2.188
   2.178
   2.170
   2.150
   2.136
   2.129
   2.121
   2.128
   2.140
   2.146
   2.144
   2.134
   2.110
   2.074
   2.019
   1.939
   1.849
   1.733
   1.584
   1.408
   1.218
   0.965
   0.585
   0.000
 -65.534
 -65.534
 -65.534
 -65.534
 -65.534
 -65.534
 -65.534
 -65.534
 -65.534
 -65.534
 -65.534
 -65.534
 -65.534
 -65.534
 -65.534
 -65.534
 -65.534
 -65.534
 -65.534
 -65.534
 -65.534
 -65.534
 -65.534
 -65.534
   1.613
   1.629
   1.647
   1.657
   1.667
   1.691
   1.678
   1.617
   1.524
   1.399
   1.248
   1.046
 -65.534
 -65.534
 -65.534
 -65.534
 -65.534
 -65.534
 -65.534
   1.928
   2.015
   2.012
   2.011
   1.983
   1.948
   1.904
   1.883
   1.874
   1.877
   1.877
   1.878
   1.867
   1.839
   1.797
   1.749
   1.688
   1.614
   1.517
   1.398
   1.251
   1.075
   0.876
   0.638
   0.287
   0.000
 -65.534
 -65.534
 -65.534
 -65.534
 -65.534
 -65.534
 -65.534
 -65.534
 -65.534
 -65.534
 -65.534
 -65.534
 -65.534
 -65.534
 -65.534
 -65.534
 -65.534
 -65.534
 -65.534
 -65.534
 -65.534
 -65.534
 -65.534
 -65.534
 -65.534
 -65.534
 -65.534
 -65.534
 -65.534
   1.497
   1.453
   1.397
   1.341
   1.236
   1.119
   0.945
   0.303
 -65.534
 -65.534
 -65.534
 -65.534
 -65.534
 -65.534
   1.505
   1.393
 -65.534
   1.692
   1.734
   1.721
   1.734
   1.719
   1.700
   1.671
   1.646
   1.613
   1.576
   1.530
   1.480
   1.422
   1.358
   1.275
   1.175
   1.045
   0.895
   0.720
   0.524
   0.299
  -0.011
   0.000
 -65.534
 -65.534
 -65.534
 -65.534
 -65.534
 -65.534
 -65.534
 -65.534
 -65.534
 -65.534
 -65.534
 -65.534
 -65.534
 -65.534
 -65.534
 -65.534
 -65.534
 -65.534
 -65.534
 -65.534
 -65.534
 -65.534
 -65.534
 -65.534
 -65.534
 -65.534
 -65.534
 -65.534
 -65.534
 -65.534
 -65.534
 -65.534
   1.201
   1.118
   1.028
   0.873
   0.429
   0.139
 -65.534
 -65.534
 -65.534
 -65.534
 -65.534
 -65.534
 -65.534
 -65.534
 -65.534
 -65.534
 -65.534
   1.411
   1.461
   1.454
   1.482
   1.443
   1.385
   1.309
   1.243
   1.178
   1.104
   1.024
   0.929
   0.816
   0.682
   0.528
   0.361
   0.171
  -0.040
  -0.308
   0.000
 -65.534
 -65.534
 -65.534
 -65.534
 -65.534
 -65.534
 -65.534
 -65.534
 -65.534
 -65.534
 -65.534
 -65.534
 -65.534
 -65.534
 -65.534
 -65.534
 -65.534
 -65.534
 -65.534
 -65.534
 -65.534
 -65.534
 -65.534
 -65.534
 -65.534
 -65.534
 -65.534
 -65.534
 -65.534
 -65.534
 -65.534
 -65.534
   0.984
   0.933
   0.852
   0.712
   0.450
   0.207
   0.068
   0.021
 -65.534
 -65.534
 -65.534
 -65.534
 -65.534
 -65.534
 -65.534
 -65.534
 -65.534
 -65.534
 -65.534
 -65.534
   1.103
   1.112
   1.059
   1.025
   0.956
   0.877
   0.791
   0.696
   0.588
   0.465
   0.330
   0.174
   0.011
  -0.149
  -0.329
  -0.556
   0.000
 -65.534
 -65.534
 -65.534
 -65.534
 -65.534
 -65.534
 -65.534
 -65.534
 -65.534
 -65.534
 -65.534
 -65.534
 -65.534
 -65.534
 -65.534
 -65.534
 -65.534
 -65.534
 -65.534
 -65.534
 -65.534
 -65.534
 -65.534
 -65.534
 -65.534
 -65.534
 -65.534
 -65.534
 -65.534
 -65.534
 -65.534
 -65.534
 -65.534
 -65.534
 -65.534
 -65.534
   0.379
   0.230
   0.117
   0.041
   0.000
  -0.013
  -0.034
  -0.071
  -0.122
 -65.534
 -65.534
 -65.534
 -65.534
 -65.534
 -65.534
 -65.534
 -65.534
 -65.534
 -65.534
   0.680
   0.668
   0.607
   0.515
   0.392
   0.272
   0.150
   0.013
  -0.132
  -0.276
  -0.415
  -0.569
  -0.748
   0.000
 -65.534
 -65.534
 -65.534
 -65.534
 -65.534
 -65.534
 -65.534
 -65.534
 -65.534
 -65.534
 -65.534
 -65.534
 -65.534
 -65.534
 -65.534
 -65.534
 -65.534
 -65.534
 -65.534
 -65.534
 -65.534
 -65.534
 -65.534
 -65.534
 -65.534
 -65.534
 -65.534
 -65.534
 -65.534
 -65.534
 -65.534
 -65.534
 -65.534
 -65.534
 -65.534
 -65.534
 -65.534
 -65.534
 -65.534
 -65.534
   0.036
 -65.534
 -65.534
 -65.534
 -65.534
 -65.534
 -65.534
 -65.534
 -65.534
 -65.534
 -65.534
 -65.534
 -65.534
 -65.534
 -65.534
   0.309
   0.328
   0.299
   0.228
   0.128
   0.006
  -0.126
  -0.249
  -0.374
  -0.499
  -0.609
  -0.729
  -0.871
   0.000
 -65.534
 -65.534
 -65.534
 -65.534
 -65.534
 -65.534
 -65.534
 -65.534
 -65.534
 -65.534
 -65.534
 -65.534
 -65.534
 -65.534
 -65.534
 -65.534
 -65.534
 -65.534
 -65.534
 -65.534
 -65.534
 -65.534
 -65.534
 -65.534
 -65.534
 -65.534
 -65.534
 -65.534
 -65.534
 -65.534
 -65.534
 -65.534
 -65.534
 -65.534
 -65.534
 -65.534
 -65.534
 -65.534
 -65.534
 -65.534
 -65.534
 -65.534
 -65.534
 -65.534
 -65.534
 -65.534
 -65.534
 -65.534
 -65.534
 -65.534
 -65.534
 -65.534
 -65.534
 -65.534
 -65.534
 -65.534
 -65.534
 -65.534
 -65.534
  -0.042
  -0.214
  -0.342
  -0.452
  -0.547
  -0.631
  -0.712
  -0.788
  -0.884
   0.000
 -65.534
 -65.534
 -65.534
 -65.534
 -65.534
 -65.534
 -65.534
 -65.534
 -65.534
 -65.534
 -65.534
 -65.534
 -65.534
 -65.534
 -65.534
 -65.534
 -65.534
 -65.534
 -65.534
 -65.534
 -65.534
 -65.534
 -65.534
 -65.534
 -65.534
 -65.534
 -65.534
 -65.534
 -65.534
 -65.534
 -65.534
 -65.534
 -65.534
 -65.534
 -65.534
 -65.534
 -65.534
 -65.534
 -65.534
 -65.534
 -65.534
 -65.534
 -65.534
 -65.534
 -65.534
 -65.534
 -65.534
 -65.534
 -65.534
 -65.534
 -65.534
 -65.534
 -65.534
 -65.534
 -65.534
 -65.534
 -65.534
 -65.534
 -65.534
 -65.534
 -65.534
   0.000
   0.000
   0.000
   0.000
   0.000
   0.000
   0.000
 -65.534
