 -65.534
   0.000
   0.000
   0.000
   0.000
   0.000
   0.000
   0.000
   0.000
   0.000
   0.000
   0.000
   0.000
   0.000
   0.000
   0.000
   0.000
   0.000
   0.000
   0.000
   0.000
   0.000
   0.000
   0.000
   0.000
   0.000
   0.000
   0.000
   0.000
   0.000
   0.000
   0.000
   0.000
   0.000
   0.000
   0.000
   0.000
   0.000
   0.000
   0.000
   0.000
   0.000
   0.000
   0.000
   0.000
   0.000
   0.000
   0.000
   0.000
   0.000
   0.000
   0.000
   0.000
   0.000
   0.000
   0.000
   0.000
   0.000
   0.000
   0.000
   0.000
   0.000
   0.000
   0.000
   0.000
   0.000
   0.000
   0.000
 -65.534
   0.000
   1.189
   1.306
   1.355
   1.405
   1.448
   1.484
   1.512
   1.528
   1.534
   1.536
   1.529
   1.520
   1.503
   1.479
   1.454
   1.426
   1.414
   1.421
   1.451
   1.499
   1.560
   1.617
   1.700
   1.694
   1.657
   1.631
   1.619
   1.613
   1.627
   1.637
   1.631
   1.637
   1.649
   1.631
   1.618
   1.589
   1.568
   1.561
   1.545
   1.540
   1.540
   1.535
   1.530
   1.515
   1.487
   1.455
   1.425
   1.402
   1.387
   1.375
   1.366
   1.360
   1.351
   1.357
   1.362
   1.372
   1.378
   1.389
   1.408
   1.439
   1.474
   1.515
   1.560
   1.601
   1.643
   1.694
   1.709
   0.000
   0.000
   1.319
   1.424
   1.459
   1.504
   1.544
   1.581
   1.613
   1.632
   1.646
   1.652
   1.654
   1.650
   1.636
   1.615
   1.587
   1.557
   1.539
   1.535
   1.545
   1.572
   1.608
   1.641
   1.691
   1.683
   1.659
   1.644
   1.644
   1.655
   1.676
   1.695
   1.710
   1.720
   1.734
   1.729
   1.714
   1.691
   1.663
   1.637
   1.621
   1.611
   1.612
   1.615
   1.619
   1.610
   1.590
   1.575
   1.571
   1.570
   1.577
   1.585
   1.591
   1.598
   1.605
   1.611
   1.616
   1.624
   1.633
   1.644
   1.665
   1.696
   1.734
   1.784
   1.843
   1.906
   1.968
   2.032
   2.062
   0.000
   0.000
   1.330
   1.425
   1.457
   1.493
   1.529
   1.568
   1.601
   1.623
   1.640
   1.650
   1.656
   1.654
   1.642
   1.618
   1.588
   1.556
   1.532
   1.519
   1.521
   1.534
   1.555
   1.577
   1.591
   1.600
   1.587
   1.583
   1.589
   1.608
   1.632
   1.659
   1.681
   1.707
   1.725
   1.728
   1.723
   1.704
   1.678
   1.653
   1.633
   1.626
   1.625
   1.626
   1.625
   1.621
   1.612
   1.607
   1.616
   1.633
   1.654
   1.675
   1.691
   1.706
   1.718
   1.729
   1.737
   1.746
   1.752
   1.756
   1.770
   1.798
   1.834
   1.884
   1.952
   2.027
   2.100
   2.177
   2.212
   0.000
   0.000
   1.332
   1.422
   1.445
   1.476
   1.506
   1.538
   1.567
   1.591
   1.608
   1.621
   1.628
   1.628
   1.620
   1.599
   1.569
   1.537
   1.513
   1.495
   1.488
   1.489
   1.504
   1.514
   1.515
   1.520
   1.518
   1.528
   1.547
   1.578
   1.607
   1.638
   1.666
   1.693
   1.714
   1.726
   1.726
   1.715
   1.692
   1.668
   1.654
   1.644
   1.644
   1.642
   1.641
   1.639
   1.641
   1.650
   1.670
   1.700
   1.729
   1.763
   1.790
   1.811
   1.829
   1.840
   1.851
   1.853
   1.853
   1.851
   1.853
   1.868
   1.899
   1.945
   2.014
   2.099
   2.184
   2.270
   2.306
   0.000
   0.000
   1.331
   1.413
   1.434
   1.458
   1.482
   1.507
   1.531
   1.551
   1.570
   1.580
   1.585
   1.584
   1.574
   1.552
   1.525
   1.494
   1.467
   1.451
   1.438
   1.437
   1.443
   1.447
   1.450
   1.444
   1.453
   1.484
   1.520
   1.562
   1.600
   1.629
   1.657
   1.684
   1.702
   1.712
   1.716
   1.708
   1.691
   1.670
   1.661
   1.655
   1.653
   1.652
   1.653
   1.656
   1.667
   1.684
   1.718
   1.759
   1.801
   1.845
   1.883
   1.911
   1.931
   1.944
   1.951
   1.952
   1.945
   1.933
   1.926
   1.932
   1.948
   1.990
   2.060
   2.145
   2.236
   2.327
   2.362
   0.000
   0.000
   1.321
   1.402
   1.426
   1.446
   1.462
   1.479
   1.499
   1.516
   1.530
   1.540
   1.541
   1.536
   1.523
   1.500
   1.470
   1.442
   1.418
   1.398
   1.383
   1.375
   1.375
   1.371
   1.370
   1.379
   1.414
   1.460
   1.512
   1.562
   1.604
   1.631
   1.655
   1.671
   1.684
   1.693
   1.697
   1.691
   1.682
   1.668
   1.661
   1.658
   1.660
   1.664
   1.666
   1.674
   1.686
   1.708
   1.749
   1.805
   1.861
   1.915
   1.962
   2.001
   2.026
   2.039
   2.043
   2.042
   2.029
   2.009
   1.996
   1.994
   2.001
   2.029
   2.087
   2.171
   2.264
   2.353
   2.391
   0.000
   0.000
   1.300
   1.388
   1.413
   1.434
   1.446
   1.456
   1.470
   1.485
   1.498
   1.505
   1.505
   1.497
   1.482
   1.456
   1.428
   1.401
   1.376
   1.358
   1.340
   1.329
   1.324
   1.324
   1.331
   1.351
   1.396
   1.453
   1.510
   1.566
   1.608
   1.637
   1.656
   1.666
   1.671
   1.676
   1.678
   1.675
   1.671
   1.666
   1.662
   1.663
   1.670
   1.680
   1.687
   1.696
   1.705
   1.729
   1.770
   1.829
   1.900
   1.967
   2.026
   2.073
   2.104
   2.118
   2.124
   2.119
   2.103
   2.081
   2.064
   2.049
   2.045
   2.063
   2.110
   2.184
   2.272
   2.360
   2.396
   0.000
   0.000
   1.272
   1.366
   1.397
   1.420
   1.431
   1.439
   1.446
   1.458
   1.468
   1.477
   1.476
   1.467
   1.451
   1.427
   1.399
   1.373
   1.350
   1.331
   1.312
   1.301
   1.299
   1.301
   1.313
   1.344
   1.392
   1.450
   1.511
   1.570
   1.611
   1.638
   1.657
   1.664
   1.669
   1.665
   1.666
   1.666
   1.665
   1.662
   1.667
   1.674
   1.687
   1.702
   1.715
   1.726
   1.738
   1.758
   1.798
   1.858
   1.928
   1.998
   2.068
   2.124
   2.160
   2.179
   2.188
   2.180
   2.162
   2.134
   2.115
   2.099
   2.090
   2.098
   2.134
   2.194
   2.275
   2.359
   2.392
   0.000
   0.000
   1.234
   1.331
   1.371
   1.400
   1.412
   1.419
   1.425
   1.434
   1.444
   1.454
   1.453
   1.446
   1.430
   1.410
   1.386
   1.361
   1.338
   1.321
   1.304
   1.296
   1.294
   1.299
   1.316
   1.347
   1.394
   1.452
   1.517
   1.572
   1.616
   1.641
   1.655
   1.664
   1.665
   1.663
   1.664
   1.665
   1.665
   1.666
   1.673
   1.687
   1.705
   1.724
   1.747
   1.764
   1.781
   1.799
   1.837
   1.893
   1.958
   2.024
   2.093
   2.155
   2.197
   2.220
   2.228
   2.220
   2.199
   2.170
   2.148
   2.138
   2.130
   2.139
   2.165
   2.214
   2.286
   2.367
   2.399
   0.000
   0.000
   1.182
   1.285
   1.336
   1.371
   1.388
   1.394
   1.401
   1.410
   1.419
   1.427
   1.431
   1.427
   1.418
   1.402
   1.380
   1.361
   1.342
   1.327
   1.314
   1.307
   1.311
   1.319
   1.334
   1.362
   1.408
   1.462
   1.522
   1.574
   1.615
   1.642
   1.658
   1.667
   1.668
   1.668
   1.672
   1.675
   1.674
   1.675
   1.685
   1.700
   1.722
   1.744
   1.770
   1.798
   1.824
   1.847
   1.881
   1.931
   1.990
   2.049
   2.117
   2.174
   2.217
   2.241
   2.248
   2.236
   2.209
   2.185
   2.167
   2.162
   2.164
   2.176
   2.203
   2.248
   2.314
   2.389
   2.420
   0.000
   0.000
   1.135
   1.239
   1.291
   1.335
   1.358
   1.374
   1.378
   1.382
   1.390
   1.400
   1.407
   1.408
   1.406
   1.397
   1.384
   1.369
   1.356
   1.342
   1.332
   1.330
   1.334
   1.344
   1.357
   1.384
   1.423
   1.471
   1.525
   1.575
   1.614
   1.644
   1.664
   1.676
   1.680
   1.683
   1.689
   1.695
   1.695
   1.696
   1.701
   1.716
   1.739
   1.765
   1.790
   1.820
   1.856
   1.887
   1.926
   1.971
   2.023
   2.077
   2.139
   2.191
   2.228
   2.249
   2.249
   2.233
   2.211
   2.192
   2.181
   2.184
   2.197
   2.217
   2.250
   2.294
   2.354
   2.423
   2.455
   0.000
   0.000
   1.069
   1.208
   1.257
   1.297
   1.322
   1.340
   1.351
   1.361
   1.367
   1.372
   1.378
   1.387
   1.390
   1.391
   1.384
   1.378
   1.372
   1.363
   1.360
   1.359
   1.363
   1.370
   1.381
   1.405
   1.439
   1.481
   1.528
   1.575
   1.616
   1.648
   1.672
   1.691
   1.697
   1.703
   1.711
   1.716
   1.718
   1.717
   1.723
   1.738
   1.756
   1.784
   1.811
   1.842
   1.875
   1.914
   1.954
   2.000
   2.049
   2.102
   2.156
   2.201
   2.231
   2.242
   2.239
   2.225
   2.209
   2.199
   2.196
   2.208
   2.231
   2.261
   2.304
   2.352
   2.406
   2.469
   2.493
   0.000
 -65.534
 -65.534
   1.097
   1.213
   1.246
   1.276
   1.301
   1.318
   1.329
   1.337
   1.343
   1.352
   1.359
   1.365
   1.370
   1.375
   1.374
   1.374
   1.374
   1.377
   1.380
   1.387
   1.394
   1.407
   1.429
   1.460
   1.498
   1.539
   1.582
   1.621
   1.656
   1.685
   1.703
   1.715
   1.720
   1.728
   1.735
   1.738
   1.742
   1.748
   1.759
   1.778
   1.801
   1.826
   1.856
   1.886
   1.923
   1.965
   2.012
   2.060
   2.109
   2.156
   2.193
   2.216
   2.223
   2.220
   2.212
   2.207
   2.207
   2.221
   2.243
   2.275
   2.324
   2.372
   2.423
   2.472
   2.528
   2.539
   0.000
 -65.534
 -65.534
 -65.534
   1.084
   1.181
   1.221
   1.257
   1.282
   1.295
   1.303
   1.311
   1.313
   1.317
   1.326
   1.335
   1.342
   1.349
   1.358
   1.364
   1.375
   1.382
   1.395
   1.409
   1.426
   1.450
   1.483
   1.517
   1.554
   1.592
   1.628
   1.661
   1.692
   1.714
   1.727
   1.739
   1.745
   1.754
   1.761
   1.766
   1.772
   1.784
   1.803
   1.821
   1.842
   1.864
   1.889
   1.919
   1.958
   2.006
   2.052
   2.101
   2.142
   2.174
   2.188
   2.193
   2.199
   2.205
   2.212
   2.228
   2.254
   2.288
   2.333
   2.380
   2.438
   2.491
   2.540
   2.594
   2.591
   0.000
 -65.534
 -65.534
 -65.534
 -65.534
   1.076
   1.159
   1.207
   1.235
   1.248
   1.259
   1.266
   1.268
   1.271
   1.274
   1.283
   1.293
   1.305
   1.314
   1.327
   1.341
   1.356
   1.374
   1.395
   1.423
   1.455
   1.492
   1.526
   1.562
   1.595
   1.628
   1.658
   1.686
   1.708
   1.729
   1.747
   1.758
   1.775
   1.782
   1.790
   1.798
   1.809
   1.822
   1.839
   1.852
   1.868
   1.886
   1.907
   1.940
   1.981
   2.028
   2.071
   2.112
   2.141
   2.160
   2.173
   2.187
   2.209
   2.237
   2.268
   2.307
   2.350
   2.395
   2.445
   2.497
   2.551
   2.606
   2.657
   2.641
   0.000
 -65.534
 -65.534
 -65.534
 -65.534
   1.005
   1.095
   1.143
   1.169
   1.184
   1.198
   1.211
   1.217
   1.222
   1.228
   1.236
   1.241
   1.250
   1.263
   1.275
   1.285
   1.301
   1.324
   1.351
   1.383
   1.421
   1.464
   1.504
   1.541
   1.574
   1.605
   1.633
   1.661
   1.686
   1.710
   1.735
   1.759
   1.782
   1.800
   1.812
   1.818
   1.826
   1.837
   1.845
   1.852
   1.860
   1.868
   1.883
   1.907
   1.939
   1.976
   2.018
   2.061
   2.098
   2.126
   2.155
   2.192
   2.234
   2.279
   2.326
   2.375
   2.423
   2.467
   2.510
   2.556
   2.601
   2.652
   2.701
   2.677
   0.000
 -65.534
 -65.534
 -65.534
 -65.534
   0.951
   1.033
   1.079
   1.102
   1.114
   1.135
   1.156
   1.169
   1.179
   1.189
   1.197
   1.206
   1.205
   1.210
   1.217
   1.228
   1.242
   1.260
   1.283
   1.314
   1.352
   1.393
   1.436
   1.477
   1.513
   1.549
   1.581
   1.609
   1.636
   1.667
   1.700
   1.734
   1.767
   1.791
   1.809
   1.817
   1.819
   1.821
   1.825
   1.828
   1.828
   1.829
   1.835
   1.848
   1.875
   1.908
   1.946
   1.997
   2.048
   2.095
   2.145
   2.202
   2.262
   2.329
   2.394
   2.453
   2.503
   2.541
   2.576
   2.609
   2.641
   2.680
   2.725
   2.691
   0.000
 -65.534
 -65.534
 -65.534
 -65.534
   0.884
   0.947
   0.990
   1.012
   1.041
   1.060
   1.084
   1.108
   1.126
   1.142
   1.155
   1.160
   1.165
   1.172
   1.178
   1.180
   1.183
   1.193
   1.210
   1.233
   1.265
   1.301
   1.342
   1.382
   1.424
   1.462
   1.497
   1.529
   1.561
   1.594
   1.631
   1.673
   1.715
   1.748
   1.769
   1.779
   1.780
   1.779
   1.778
   1.772
   1.769
   1.769
   1.769
   1.776
   1.794
   1.825
   1.867
   1.924
   1.993
   2.060
   2.129
   2.207
   2.289
   2.373
   2.455
   2.526
   2.582
   2.622
   2.646
   2.664
   2.681
   2.707
   2.739
   2.691
   0.000
 -65.534
 -65.534
 -65.534
 -65.534
 -65.534
 -65.534
 -65.534
 -65.534
   0.911
   0.969
   1.003
   1.033
   1.061
   1.083
   1.098
   1.109
   1.122
   1.134
   1.146
   1.152
   1.150
   1.145
   1.145
   1.160
   1.185
   1.213
   1.247
   1.283
   1.321
   1.359
   1.397
   1.431
   1.463
   1.500
   1.539
   1.583
   1.627
   1.667
   1.693
   1.708
   1.712
   1.712
   1.708
   1.700
   1.697
   1.694
   1.693
   1.697
   1.717
   1.751
   1.798
   1.862
   1.941
   2.024
   2.112
   2.206
   2.304
   2.405
   2.504
   2.589
   2.656
   2.702
   2.722
   2.726
   2.730
   2.741
   2.760
   2.694
   0.000
 -65.534
 -65.534
 -65.534
 -65.534
 -65.534
 -65.534
   0.592
   0.668
   0.822
   0.889
   0.927
   0.962
   0.996
   1.024
   1.048
   1.071
   1.093
   1.113
   1.127
   1.132
   1.128
   1.115
   1.110
   1.109
   1.119
   1.145
   1.170
   1.203
   1.234
   1.270
   1.302
   1.334
   1.363
   1.397
   1.435
   1.475
   1.521
   1.558
   1.590
   1.612
   1.622
   1.627
   1.626
   1.624
   1.623
   1.618
   1.618
   1.628
   1.651
   1.685
   1.739
   1.811
   1.897
   1.993
   2.093
   2.199
   2.308
   2.422
   2.530
   2.627
   2.704
   2.759
   2.785
   2.788
   2.783
   2.781
   2.788
   2.692
   0.000
 -65.534
 -65.534
 -65.534
 -65.534
 -65.534
 -65.534
 -65.534
 -65.534
 -65.534
   0.802
   0.846
   0.885
   0.920
   0.954
   0.992
   1.039
   1.075
   1.104
   1.119
   1.123
   1.113
   1.100
   1.093
   1.093
   1.103
   1.115
   1.132
   1.157
   1.180
   1.198
   1.224
   1.250
   1.277
   1.306
   1.338
   1.372
   1.409
   1.445
   1.477
   1.503
   1.523
   1.537
   1.548
   1.552
   1.555
   1.557
   1.564
   1.577
   1.605
   1.645
   1.703
   1.778
   1.866
   1.968
   2.073
   2.188
   2.305
   2.424
   2.538
   2.638
   2.725
   2.789
   2.825
   2.832
   2.823
   2.812
   2.803
   2.672
   0.000
 -65.534
 -65.534
 -65.534
 -65.534
 -65.534
 -65.534
 -65.534
 -65.534
 -65.534
 -65.534
 -65.534
 -65.534
 -65.534
 -65.534
 -65.534
   0.921
   1.012
   1.055
   1.085
   1.104
   1.108
   1.105
   1.106
   1.112
   1.123
   1.132
   1.141
   1.145
   1.153
   1.166
   1.180
   1.190
   1.203
   1.225
   1.250
   1.278
   1.309
   1.340
   1.382
   1.413
   1.437
   1.459
   1.474
   1.487
   1.503
   1.516
   1.531
   1.552
   1.582
   1.623
   1.680
   1.750
   1.839
   1.939
   2.049
   2.164
   2.285
   2.406
   2.518
   2.622
   2.708
   2.780
   2.827
   2.843
   2.832
   2.808
   2.779
   2.617
   0.000
 -65.534
 -65.534
 -65.534
 -65.534
 -65.534
 -65.534
 -65.534
 -65.534
 -65.534
 -65.534
 -65.534
 -65.534
 -65.534
 -65.534
 -65.534
 -65.534
 -65.534
 -65.534
 -65.534
   1.016
   1.098
   1.129
   1.152
   1.172
   1.183
   1.188
   1.189
   1.188
   1.180
   1.168
   1.160
   1.160
   1.164
   1.173
   1.189
   1.213
   1.241
   1.270
   1.301
   1.338
   1.369
   1.396
   1.422
   1.446
   1.467
   1.490
   1.512
   1.540
   1.576
   1.616
   1.666
   1.731
   1.813
   1.907
   2.011
   2.118
   2.232
   2.346
   2.457
   2.557
   2.645
   2.720
   2.774
   2.795
   2.778
   2.745
   2.702
   2.515
   0.000
 -65.534
 -65.534
 -65.534
 -65.534
 -65.534
 -65.534
 -65.534
 -65.534
 -65.534
 -65.534
 -65.534
 -65.534
 -65.534
 -65.534
 -65.534
 -65.534
 -65.534
 -65.534
   0.850
   1.068
   1.135
   1.181
   1.220
   1.252
   1.268
   1.273
   1.270
   1.259
   1.241
   1.216
   1.189
   1.170
   1.158
   1.159
   1.172
   1.192
   1.215
   1.239
   1.265
   1.294
   1.330
   1.366
   1.399
   1.429
   1.451
   1.474
   1.496
   1.526
   1.565
   1.610
   1.663
   1.724
   1.796
   1.878
   1.957
   2.041
   2.142
   2.242
   2.345
   2.440
   2.527
   2.605
   2.659
   2.680
   2.662
   2.621
   2.572
   2.368
   0.000
 -65.534
 -65.534
 -65.534
 -65.534
 -65.534
 -65.534
 -65.534
 -65.534
 -65.534
 -65.534
 -65.534
 -65.534
 -65.534
 -65.534
 -65.534
 -65.534
 -65.534
   0.848
   1.040
   1.138
   1.197
   1.248
   1.297
   1.344
   1.369
   1.376
   1.371
   1.357
   1.332
   1.301
   1.264
   1.229
   1.207
   1.194
   1.193
   1.204
   1.216
   1.236
   1.258
   1.285
   1.322
   1.365
   1.407
   1.442
   1.466
   1.483
   1.503
   1.527
   1.565
   1.609
   1.662
   1.716
   1.773
   1.834
   1.892
   1.962
   2.037
   2.118
   2.205
   2.295
   2.375
   2.448
   2.504
   2.527
   2.508
   2.468
   2.408
   2.192
   0.000
 -65.534
 -65.534
 -65.534
 -65.534
 -65.534
 -65.534
 -65.534
 -65.534
 -65.534
 -65.534
 -65.534
 -65.534
 -65.534
 -65.534
 -65.534
 -65.534
 -65.534
   1.014
   1.130
   1.200
   1.258
   1.312
   1.374
   1.428
   1.459
   1.472
   1.468
   1.452
   1.425
   1.391
   1.350
   1.305
   1.273
   1.251
   1.238
   1.237
   1.241
   1.249
   1.264
   1.289
   1.326
   1.373
   1.423
   1.465
   1.494
   1.510
   1.523
   1.543
   1.574
   1.612
   1.659
   1.703
   1.748
   1.789
   1.827
   1.870
   1.921
   1.983
   2.052
   2.126
   2.205
   2.278
   2.331
   2.359
   2.346
   2.310
   2.242
   2.020
   0.000
 -65.534
 -65.534
 -65.534
 -65.534
 -65.534
 -65.534
 -65.534
 -65.534
 -65.534
 -65.534
 -65.534
 -65.534
 -65.534
 -65.534
 -65.534
 -65.534
 -65.534
   1.075
   1.172
   1.235
   1.293
   1.355
   1.421
   1.478
   1.513
   1.526
   1.524
   1.510
   1.483
   1.451
   1.412
   1.364
   1.330
   1.304
   1.285
   1.275
   1.270
   1.272
   1.285
   1.309
   1.347
   1.392
   1.442
   1.485
   1.515
   1.531
   1.543
   1.558
   1.581
   1.610
   1.644
   1.681
   1.719
   1.746
   1.768
   1.788
   1.822
   1.863
   1.916
   1.975
   2.039
   2.103
   2.156
   2.186
   2.188
   2.161
   2.098
   1.885
   0.000
 -65.534
 -65.534
 -65.534
 -65.534
 -65.534
 -65.534
 -65.534
 -65.534
 -65.534
 -65.534
 -65.534
 -65.534
 -65.534
 -65.534
 -65.534
 -65.534
 -65.534
   1.109
   1.189
   1.248
   1.305
   1.369
   1.437
   1.494
   1.524
   1.534
   1.535
   1.524
   1.505
   1.482
   1.452
   1.409
   1.378
   1.353
   1.332
   1.321
   1.311
   1.316
   1.327
   1.353
   1.390
   1.432
   1.476
   1.512
   1.534
   1.549
   1.555
   1.564
   1.576
   1.594
   1.617
   1.646
   1.673
   1.691
   1.703
   1.714
   1.730
   1.758
   1.796
   1.843
   1.895
   1.945
   1.988
   2.016
   2.024
   2.010
   1.967
   1.756
   0.000
 -65.534
 -65.534
 -65.534
 -65.534
 -65.534
 -65.534
 -65.534
 -65.534
 -65.534
 -65.534
 -65.534
 -65.534
 -65.534
 -65.534
 -65.534
 -65.534
 -65.534
 -65.534
   1.167
   1.242
   1.306
   1.370
   1.430
   1.478
   1.500
   1.508
   1.511
   1.506
   1.497
   1.489
   1.475
   1.443
   1.419
   1.399
   1.384
   1.374
   1.365
   1.367
   1.381
   1.406
   1.442
   1.477
   1.512
   1.540
   1.561
   1.570
   1.572
   1.570
   1.574
   1.579
   1.592
   1.607
   1.625
   1.636
   1.640
   1.642
   1.652
   1.671
   1.700
   1.738
   1.778
   1.818
   1.848
   1.869
   1.873
   1.864
   1.825
   1.628
   0.000
 -65.534
 -65.534
 -65.534
 -65.534
 -65.534
 -65.534
 -65.534
 -65.534
 -65.534
 -65.534
 -65.534
 -65.534
 -65.534
 -65.534
 -65.534
 -65.534
 -65.534
 -65.534
 -65.534
   1.204
   1.287
   1.353
   1.404
   1.436
   1.449
   1.454
   1.456
   1.458
   1.463
   1.473
   1.475
   1.465
   1.448
   1.434
   1.431
   1.437
   1.441
   1.439
   1.449
   1.469
   1.482
   1.506
   1.529
   1.557
   1.578
   1.593
   1.594
   1.588
   1.583
   1.580
   1.580
   1.583
   1.589
   1.591
   1.589
   1.588
   1.591
   1.605
   1.630
   1.664
   1.696
   1.722
   1.742
   1.749
   1.743
   1.724
   1.679
   1.484
   0.000
 -65.534
 -65.534
 -65.534
 -65.534
 -65.534
 -65.534
 -65.534
 -65.534
 -65.534
 -65.534
 -65.534
 -65.534
 -65.534
 -65.534
 -65.534
 -65.534
 -65.534
 -65.534
 -65.534
 -65.534
   1.240
   1.311
   1.357
   1.377
   1.393
   1.392
   1.394
   1.398
   1.409
   1.426
   1.434
   1.427
   1.400
   1.360
   1.300
   1.156
 -65.534
 -65.534
 -65.534
 -65.534
   1.370
   1.457
   1.508
   1.550
   1.591
   1.615
   1.621
   1.617
   1.607
   1.597
   1.586
   1.577
   1.569
   1.561
   1.551
   1.545
   1.544
   1.558
   1.574
   1.600
   1.622
   1.641
   1.646
   1.638
   1.619
   1.586
   1.531
   1.335
   0.000
 -65.534
 -65.534
 -65.534
 -65.534
 -65.534
 -65.534
 -65.534
 -65.534
 -65.534
 -65.534
 -65.534
 -65.534
 -65.534
 -65.534
 -65.534
 -65.534
 -65.534
 -65.534
 -65.534
 -65.534
 -65.534
 -65.534
 -65.534
 -65.534
   1.265
   1.308
   1.325
   1.336
   1.350
   1.366
   1.374
   1.365
   1.325
   1.272
   1.198
   1.058
 -65.534
 -65.534
 -65.534
 -65.534
 -65.534
 -65.534
   1.426
   1.528
   1.598
   1.640
   1.647
   1.645
   1.635
   1.618
   1.601
   1.581
   1.561
   1.541
   1.527
   1.514
   1.507
   1.511
   1.522
   1.538
   1.548
   1.554
   1.547
   1.524
   1.487
   1.437
   1.366
   1.175
   0.000
 -65.534
 -65.534
 -65.534
 -65.534
 -65.534
 -65.534
 -65.534
 -65.534
 -65.534
 -65.534
 -65.534
 -65.534
 -65.534
 -65.534
 -65.534
 -65.534
 -65.534
 -65.534
 -65.534
 -65.534
 -65.534
 -65.534
 -65.534
 -65.534
   1.163
   1.210
   1.235
   1.255
   1.281
   1.302
   1.300
   1.284
   1.253
   1.215
   1.168
   1.068
 -65.534
 -65.534
 -65.534
 -65.534
 -65.534
 -65.534
 -65.534
   1.469
   1.593
   1.649
   1.668
   1.664
   1.654
   1.633
   1.611
   1.587
   1.558
   1.531
   1.511
   1.494
   1.484
   1.478
   1.478
   1.480
   1.478
   1.465
   1.438
   1.400
   1.347
   1.284
   1.200
   1.014
   0.000
 -65.534
 -65.534
 -65.534
 -65.534
 -65.534
 -65.534
 -65.534
 -65.534
 -65.534
 -65.534
 -65.534
 -65.534
 -65.534
 -65.534
 -65.534
 -65.534
 -65.534
 -65.534
 -65.534
 -65.534
 -65.534
 -65.534
 -65.534
 -65.534
 -65.534
 -65.534
 -65.534
 -65.534
 -65.534
   1.104
   1.157
   1.173
   1.189
   1.187
   1.167
   1.093
   0.725
 -65.534
 -65.534
 -65.534
 -65.534
 -65.534
 -65.534
   1.245
   1.259
 -65.534
   1.534
   1.614
   1.632
   1.640
   1.624
   1.598
   1.563
   1.531
   1.507
   1.486
   1.470
   1.455
   1.440
   1.427
   1.406
   1.374
   1.327
   1.269
   1.201
   1.127
   1.032
   0.859
   0.000
 -65.534
 -65.534
 -65.534
 -65.534
 -65.534
 -65.534
 -65.534
 -65.534
 -65.534
 -65.534
 -65.534
 -65.534
 -65.534
 -65.534
 -65.534
 -65.534
 -65.534
 -65.534
 -65.534
 -65.534
 -65.534
 -65.534
 -65.534
 -65.534
 -65.534
 -65.534
 -65.534
 -65.534
 -65.534
 -65.534
 -65.534
 -65.534
   1.029
   1.132
   1.149
   1.087
   0.890
   0.653
 -65.534
 -65.534
 -65.534
 -65.534
 -65.534
 -65.534
 -65.534
 -65.534
 -65.534
 -65.534
 -65.534
   1.473
   1.561
   1.569
   1.569
   1.542
   1.510
   1.474
   1.445
   1.418
   1.390
   1.359
   1.322
   1.275
   1.213
   1.143
   1.069
   0.986
   0.891
   0.728
   0.000
 -65.534
 -65.534
 -65.534
 -65.534
 -65.534
 -65.534
 -65.534
 -65.534
 -65.534
 -65.534
 -65.534
 -65.534
 -65.534
 -65.534
 -65.534
 -65.534
 -65.534
 -65.534
 -65.534
 -65.534
 -65.534
 -65.534
 -65.534
 -65.534
 -65.534
 -65.534
 -65.534
 -65.534
 -65.534
 -65.534
 -65.534
 -65.534
   0.911
   1.035
   1.070
   1.029
   0.913
   0.778
   0.625
   0.511
 -65.534
 -65.534
 -65.534
 -65.534
 -65.534
 -65.534
 -65.534
 -65.534
 -65.534
 -65.534
 -65.534
 -65.534
   1.384
   1.452
   1.442
   1.429
   1.395
   1.356
   1.318
   1.274
   1.228
   1.170
   1.102
   1.029
   0.955
   0.876
   0.786
   0.635
   0.000
 -65.534
 -65.534
 -65.534
 -65.534
 -65.534
 -65.534
 -65.534
 -65.534
 -65.534
 -65.534
 -65.534
 -65.534
 -65.534
 -65.534
 -65.534
 -65.534
 -65.534
 -65.534
 -65.534
 -65.534
 -65.534
 -65.534
 -65.534
 -65.534
 -65.534
 -65.534
 -65.534
 -65.534
 -65.534
 -65.534
 -65.534
 -65.534
 -65.534
 -65.534
 -65.534
 -65.534
   0.686
   0.710
   0.669
   0.609
   0.512
   0.448
   0.404
   0.392
   0.382
 -65.534
 -65.534
 -65.534
 -65.534
 -65.534
 -65.534
 -65.534
 -65.534
 -65.534
 -65.534
   1.237
   1.300
   1.283
   1.243
   1.191
   1.135
   1.075
   1.006
   0.936
   0.864
   0.790
   0.704
   0.566
   0.000
 -65.534
 -65.534
 -65.534
 -65.534
 -65.534
 -65.534
 -65.534
 -65.534
 -65.534
 -65.534
 -65.534
 -65.534
 -65.534
 -65.534
 -65.534
 -65.534
 -65.534
 -65.534
 -65.534
 -65.534
 -65.534
 -65.534
 -65.534
 -65.534
 -65.534
 -65.534
 -65.534
 -65.534
 -65.534
 -65.534
 -65.534
 -65.534
 -65.534
 -65.534
 -65.534
 -65.534
 -65.534
 -65.534
 -65.534
 -65.534
   0.416
 -65.534
 -65.534
 -65.534
 -65.534
 -65.534
 -65.534
 -65.534
 -65.534
 -65.534
 -65.534
 -65.534
 -65.534
 -65.534
 -65.534
   1.079
   1.163
   1.171
   1.145
   1.113
   1.057
   0.984
   0.916
   0.850
   0.787
   0.723
   0.645
   0.512
   0.000
 -65.534
 -65.534
 -65.534
 -65.534
 -65.534
 -65.534
 -65.534
 -65.534
 -65.534
 -65.534
 -65.534
 -65.534
 -65.534
 -65.534
 -65.534
 -65.534
 -65.534
 -65.534
 -65.534
 -65.534
 -65.534
 -65.534
 -65.534
 -65.534
 -65.534
 -65.534
 -65.534
 -65.534
 -65.534
 -65.534
 -65.534
 -65.534
 -65.534
 -65.534
 -65.534
 -65.534
 -65.534
 -65.534
 -65.534
 -65.534
 -65.534
 -65.534
 -65.534
 -65.534
 -65.534
 -65.534
 -65.534
 -65.534
 -65.534
 -65.534
 -65.534
 -65.534
 -65.534
 -65.534
 -65.534
 -65.534
 -65.534
 -65.534
 -65.534
   0.927
   0.918
   0.869
   0.801
   0.745
   0.695
   0.644
   0.585
   0.467
   0.000
 -65.534
 -65.534
 -65.534
 -65.534
 -65.534
 -65.534
 -65.534
 -65.534
 -65.534
 -65.534
 -65.534
 -65.534
 -65.534
 -65.534
 -65.534
 -65.534
 -65.534
 -65.534
 -65.534
 -65.534
 -65.534
 -65.534
 -65.534
 -65.534
 -65.534
 -65.534
 -65.534
 -65.534
 -65.534
 -65.534
 -65.534
 -65.534
 -65.534
 -65.534
 -65.534
 -65.534
 -65.534
 -65.534
 -65.534
 -65.534
 -65.534
 -65.534
 -65.534
 -65.534
 -65.534
 -65.534
 -65.534
 -65.534
 -65.534
 -65.534
 -65.534
 -65.534
 -65.534
 -65.534
 -65.534
 -65.534
 -65.534
 -65.534
 -65.534
 -65.534
 -65.534
   0.000
   0.000
   0.000
   0.000
   0.000
   0.000
   0.000
 -65.534
