 -65.534
   0.000
   0.000
   0.000
   0.000
   0.000
   0.000
   0.000
   0.000
   0.000
   0.000
   0.000
   0.000
   0.000
   0.000
   0.000
   0.000
   0.000
   0.000
   0.000
   0.000
   0.000
   0.000
   0.000
   0.000
   0.000
   0.000
   0.000
   0.000
   0.000
   0.000
   0.000
   0.000
   0.000
   0.000
   0.000
   0.000
   0.000
   0.000
   0.000
   0.000
   0.000
   0.000
   0.000
   0.000
   0.000
   0.000
   0.000
   0.000
   0.000
   0.000
   0.000
   0.000
   0.000
   0.000
   0.000
   0.000
   0.000
   0.000
   0.000
   0.000
   0.000
   0.000
   0.000
   0.000
   0.000
   0.000
   0.000
 -65.534
   0.000
   1.231
   1.389
   1.482
   1.583
   1.682
   1.775
   1.868
   1.961
   2.057
   2.156
   2.254
   2.348
   2.428
   2.486
   2.533
   2.558
   2.580
   2.601
   2.622
   2.641
   2.658
   2.673
   2.689
   2.680
   2.650
   2.613
   2.572
   2.523
   2.484
   2.448
   2.407
   2.369
   2.328
   2.281
   2.218
   2.151
   2.086
   2.030
   1.979
   1.941
   1.910
   1.883
   1.847
   1.788
   1.711
   1.629
   1.554
   1.493
   1.455
   1.444
   1.460
   1.506
   1.573
   1.667
   1.756
   1.840
   1.920
   2.008
   2.090
   2.175
   2.241
   2.314
   2.379
   2.424
   2.450
   2.459
   2.406
   0.000
   0.000
   1.369
   1.509
   1.582
   1.678
   1.775
   1.878
   1.979
   2.072
   2.168
   2.264
   2.363
   2.453
   2.531
   2.589
   2.632
   2.666
   2.694
   2.714
   2.730
   2.738
   2.739
   2.738
   2.735
   2.719
   2.691
   2.665
   2.637
   2.606
   2.581
   2.557
   2.538
   2.520
   2.500
   2.465
   2.413
   2.345
   2.274
   2.209
   2.155
   2.116
   2.090
   2.066
   2.038
   1.989
   1.918
   1.850
   1.795
   1.750
   1.723
   1.712
   1.725
   1.767
   1.839
   1.932
   2.032
   2.134
   2.233
   2.331
   2.429
   2.525
   2.619
   2.709
   2.796
   2.857
   2.893
   2.927
   2.884
   0.000
   0.000
   1.392
   1.514
   1.574
   1.654
   1.743
   1.842
   1.940
   2.038
   2.128
   2.218
   2.307
   2.393
   2.466
   2.520
   2.561
   2.594
   2.620
   2.638
   2.655
   2.661
   2.661
   2.657
   2.649
   2.634
   2.617
   2.600
   2.582
   2.562
   2.548
   2.538
   2.534
   2.533
   2.525
   2.506
   2.468
   2.413
   2.349
   2.283
   2.228
   2.189
   2.161
   2.137
   2.110
   2.070
   2.015
   1.962
   1.920
   1.894
   1.873
   1.868
   1.877
   1.911
   1.973
   2.056
   2.150
   2.254
   2.359
   2.459
   2.567
   2.672
   2.772
   2.871
   2.967
   3.041
   3.090
   3.133
   3.091
   0.000
   0.000
   1.414
   1.522
   1.567
   1.631
   1.707
   1.792
   1.881
   1.968
   2.053
   2.136
   2.217
   2.295
   2.363
   2.417
   2.451
   2.475
   2.495
   2.511
   2.524
   2.536
   2.548
   2.554
   2.551
   2.547
   2.542
   2.538
   2.534
   2.529
   2.529
   2.528
   2.530
   2.538
   2.542
   2.532
   2.510
   2.470
   2.414
   2.355
   2.305
   2.267
   2.239
   2.219
   2.199
   2.167
   2.132
   2.100
   2.074
   2.057
   2.042
   2.036
   2.042
   2.066
   2.112
   2.173
   2.252
   2.346
   2.448
   2.552
   2.658
   2.764
   2.869
   2.973
   3.070
   3.157
   3.222
   3.282
   3.246
   0.000
   0.000
   1.431
   1.527
   1.565
   1.614
   1.674
   1.741
   1.817
   1.895
   1.970
   2.045
   2.116
   2.181
   2.238
   2.284
   2.312
   2.330
   2.344
   2.358
   2.372
   2.392
   2.414
   2.431
   2.445
   2.457
   2.467
   2.481
   2.495
   2.507
   2.515
   2.521
   2.527
   2.538
   2.543
   2.542
   2.530
   2.503
   2.460
   2.408
   2.368
   2.338
   2.314
   2.299
   2.283
   2.267
   2.254
   2.238
   2.230
   2.227
   2.220
   2.218
   2.224
   2.239
   2.266
   2.304
   2.359
   2.437
   2.525
   2.622
   2.727
   2.835
   2.939
   3.042
   3.141
   3.231
   3.305
   3.375
   3.355
   0.000
   0.000
   1.438
   1.527
   1.563
   1.602
   1.645
   1.699
   1.762
   1.831
   1.898
   1.961
   2.021
   2.077
   2.122
   2.155
   2.174
   2.187
   2.197
   2.209
   2.226
   2.248
   2.276
   2.308
   2.339
   2.371
   2.403
   2.436
   2.469
   2.496
   2.516
   2.524
   2.533
   2.536
   2.541
   2.543
   2.539
   2.522
   2.491
   2.457
   2.423
   2.401
   2.388
   2.379
   2.373
   2.367
   2.359
   2.357
   2.365
   2.376
   2.383
   2.390
   2.400
   2.411
   2.424
   2.445
   2.477
   2.534
   2.610
   2.698
   2.796
   2.901
   3.003
   3.097
   3.190
   3.283
   3.366
   3.437
   3.427
   0.000
   0.000
   1.431
   1.521
   1.553
   1.590
   1.623
   1.666
   1.718
   1.776
   1.834
   1.892
   1.943
   1.990
   2.025
   2.049
   2.060
   2.071
   2.079
   2.090
   2.105
   2.127
   2.162
   2.202
   2.249
   2.299
   2.350
   2.402
   2.447
   2.486
   2.514
   2.527
   2.530
   2.529
   2.530
   2.529
   2.531
   2.527
   2.512
   2.491
   2.470
   2.460
   2.459
   2.460
   2.459
   2.458
   2.451
   2.454
   2.469
   2.490
   2.511
   2.532
   2.549
   2.560
   2.568
   2.577
   2.597
   2.639
   2.703
   2.781
   2.871
   2.970
   3.063
   3.148
   3.237
   3.330
   3.414
   3.490
   3.492
   0.000
   0.000
   1.399
   1.499
   1.534
   1.570
   1.602
   1.638
   1.680
   1.728
   1.781
   1.834
   1.880
   1.916
   1.946
   1.964
   1.973
   1.978
   1.987
   1.997
   2.012
   2.035
   2.071
   2.119
   2.171
   2.233
   2.296
   2.364
   2.423
   2.472
   2.499
   2.513
   2.515
   2.514
   2.509
   2.508
   2.512
   2.517
   2.515
   2.510
   2.509
   2.517
   2.525
   2.539
   2.544
   2.545
   2.540
   2.545
   2.562
   2.585
   2.612
   2.640
   2.660
   2.674
   2.685
   2.693
   2.708
   2.742
   2.796
   2.863
   2.950
   3.043
   3.125
   3.201
   3.288
   3.378
   3.461
   3.535
   3.546
   0.000
   0.000
   1.338
   1.442
   1.487
   1.531
   1.567
   1.600
   1.639
   1.685
   1.731
   1.780
   1.820
   1.853
   1.877
   1.894
   1.901
   1.908
   1.915
   1.926
   1.943
   1.967
   2.003
   2.050
   2.105
   2.171
   2.243
   2.315
   2.386
   2.441
   2.475
   2.490
   2.492
   2.488
   2.483
   2.483
   2.490
   2.501
   2.509
   2.518
   2.540
   2.561
   2.584
   2.603
   2.622
   2.630
   2.631
   2.633
   2.648
   2.673
   2.700
   2.724
   2.745
   2.762
   2.777
   2.785
   2.799
   2.823
   2.864
   2.922
   3.004
   3.095
   3.174
   3.249
   3.332
   3.421
   3.498
   3.571
   3.596
   0.000
   0.000
   1.266
   1.365
   1.415
   1.468
   1.512
   1.548
   1.589
   1.633
   1.679
   1.725
   1.764
   1.796
   1.818
   1.833
   1.842
   1.847
   1.859
   1.871
   1.889
   1.914
   1.949
   1.995
   2.046
   2.110
   2.186
   2.265
   2.337
   2.400
   2.437
   2.456
   2.464
   2.465
   2.466
   2.472
   2.484
   2.498
   2.513
   2.533
   2.562
   2.595
   2.624
   2.653
   2.676
   2.692
   2.703
   2.710
   2.721
   2.744
   2.775
   2.804
   2.822
   2.836
   2.852
   2.858
   2.864
   2.871
   2.891
   2.935
   3.007
   3.100
   3.186
   3.269
   3.356
   3.442
   3.522
   3.602
   3.631
   0.000
   0.000
   1.210
   1.295
   1.340
   1.390
   1.437
   1.483
   1.527
   1.569
   1.614
   1.660
   1.704
   1.736
   1.764
   1.782
   1.793
   1.801
   1.810
   1.822
   1.840
   1.866
   1.900
   1.943
   1.992
   2.055
   2.128
   2.208
   2.288
   2.353
   2.401
   2.430
   2.445
   2.455
   2.464
   2.476
   2.493
   2.513
   2.533
   2.556
   2.585
   2.619
   2.654
   2.686
   2.712
   2.733
   2.754
   2.769
   2.789
   2.813
   2.846
   2.880
   2.899
   2.913
   2.925
   2.927
   2.915
   2.901
   2.899
   2.920
   2.979
   3.066
   3.163
   3.258
   3.355
   3.453
   3.542
   3.634
   3.661
   0.000
   0.000
   1.151
   1.247
   1.275
   1.312
   1.352
   1.401
   1.446
   1.493
   1.539
   1.586
   1.629
   1.668
   1.702
   1.725
   1.742
   1.755
   1.766
   1.778
   1.797
   1.822
   1.855
   1.894
   1.941
   2.003
   2.078
   2.157
   2.242
   2.314
   2.372
   2.412
   2.439
   2.460
   2.476
   2.494
   2.517
   2.538
   2.558
   2.581
   2.611
   2.646
   2.677
   2.709
   2.739
   2.763
   2.786
   2.811
   2.838
   2.871
   2.911
   2.952
   2.975
   2.989
   2.998
   2.986
   2.959
   2.928
   2.900
   2.900
   2.941
   3.021
   3.118
   3.223
   3.337
   3.453
   3.557
   3.654
   3.678
   0.000
 -65.534
 -65.534
   1.153
   1.214
   1.234
   1.267
   1.309
   1.356
   1.402
   1.450
   1.496
   1.541
   1.582
   1.620
   1.651
   1.676
   1.695
   1.713
   1.728
   1.749
   1.777
   1.811
   1.849
   1.898
   1.959
   2.035
   2.116
   2.202
   2.281
   2.349
   2.402
   2.444
   2.475
   2.498
   2.518
   2.544
   2.567
   2.584
   2.604
   2.631
   2.662
   2.694
   2.728
   2.757
   2.784
   2.807
   2.833
   2.867
   2.908
   2.957
   3.005
   3.033
   3.048
   3.048
   3.026
   2.987
   2.943
   2.904
   2.884
   2.906
   2.973
   3.070
   3.190
   3.317
   3.443
   3.563
   3.668
   3.683
   0.000
 -65.534
 -65.534
 -65.534
   1.100
   1.149
   1.179
   1.216
   1.256
   1.298
   1.343
   1.389
   1.435
   1.476
   1.516
   1.552
   1.585
   1.609
   1.637
   1.661
   1.690
   1.724
   1.761
   1.807
   1.861
   1.926
   2.001
   2.084
   2.170
   2.254
   2.328
   2.394
   2.444
   2.486
   2.520
   2.552
   2.574
   2.595
   2.610
   2.626
   2.645
   2.672
   2.705
   2.736
   2.767
   2.793
   2.817
   2.840
   2.877
   2.928
   2.986
   3.039
   3.074
   3.089
   3.082
   3.048
   2.997
   2.947
   2.903
   2.873
   2.878
   2.940
   3.037
   3.153
   3.289
   3.424
   3.551
   3.667
   3.681
   0.000
 -65.534
 -65.534
 -65.534
 -65.534
   1.040
   1.088
   1.118
   1.148
   1.184
   1.225
   1.270
   1.314
   1.357
   1.396
   1.438
   1.471
   1.506
   1.535
   1.567
   1.602
   1.643
   1.692
   1.746
   1.812
   1.884
   1.965
   2.048
   2.134
   2.219
   2.297
   2.369
   2.429
   2.478
   2.523
   2.563
   2.596
   2.622
   2.634
   2.643
   2.655
   2.675
   2.702
   2.737
   2.765
   2.791
   2.815
   2.840
   2.879
   2.931
   2.997
   3.059
   3.099
   3.111
   3.100
   3.059
   3.001
   2.949
   2.907
   2.876
   2.877
   2.924
   3.017
   3.135
   3.267
   3.404
   3.535
   3.656
   3.665
   0.000
 -65.534
 -65.534
 -65.534
 -65.534
   0.961
   0.996
   1.023
   1.043
   1.068
   1.103
   1.145
   1.187
   1.232
   1.274
   1.314
   1.350
   1.386
   1.421
   1.457
   1.495
   1.542
   1.597
   1.659
   1.729
   1.812
   1.898
   1.988
   2.077
   2.164
   2.244
   2.319
   2.384
   2.444
   2.496
   2.550
   2.593
   2.629
   2.647
   2.655
   2.660
   2.671
   2.689
   2.718
   2.748
   2.776
   2.800
   2.827
   2.868
   2.920
   2.988
   3.051
   3.094
   3.111
   3.103
   3.064
   3.008
   2.957
   2.915
   2.887
   2.881
   2.923
   3.011
   3.127
   3.257
   3.388
   3.512
   3.632
   3.629
   0.000
 -65.534
 -65.534
 -65.534
 -65.534
   0.903
   0.922
   0.937
   0.950
   0.965
   0.995
   1.031
   1.069
   1.109
   1.148
   1.189
   1.230
   1.263
   1.300
   1.338
   1.382
   1.430
   1.485
   1.551
   1.622
   1.706
   1.795
   1.888
   1.982
   2.073
   2.161
   2.241
   2.311
   2.377
   2.441
   2.503
   2.560
   2.606
   2.635
   2.650
   2.653
   2.657
   2.669
   2.692
   2.717
   2.742
   2.769
   2.802
   2.844
   2.902
   2.967
   3.030
   3.078
   3.102
   3.099
   3.070
   3.016
   2.961
   2.918
   2.890
   2.882
   2.920
   3.007
   3.124
   3.253
   3.375
   3.494
   3.602
   3.581
   0.000
 -65.534
 -65.534
 -65.534
 -65.534
   0.880
   0.882
   0.888
   0.889
   0.897
   0.913
   0.942
   0.974
   1.006
   1.043
   1.079
   1.112
   1.149
   1.188
   1.230
   1.270
   1.316
   1.369
   1.431
   1.504
   1.586
   1.673
   1.769
   1.863
   1.957
   2.047
   2.132
   2.207
   2.284
   2.353
   2.427
   2.495
   2.556
   2.597
   2.619
   2.628
   2.632
   2.644
   2.663
   2.683
   2.709
   2.741
   2.777
   2.823
   2.883
   2.946
   3.010
   3.061
   3.094
   3.102
   3.079
   3.033
   2.973
   2.917
   2.883
   2.875
   2.911
   3.004
   3.123
   3.252
   3.370
   3.483
   3.577
   3.529
   0.000
 -65.534
 -65.534
 -65.534
 -65.534
 -65.534
 -65.534
 -65.534
 -65.534
   0.845
   0.868
   0.887
   0.905
   0.930
   0.959
   0.983
   1.010
   1.045
   1.087
   1.135
   1.180
   1.222
   1.268
   1.319
   1.390
   1.471
   1.560
   1.650
   1.742
   1.833
   1.922
   2.007
   2.089
   2.166
   2.244
   2.324
   2.402
   2.470
   2.529
   2.564
   2.585
   2.596
   2.612
   2.633
   2.658
   2.685
   2.719
   2.759
   2.811
   2.872
   2.939
   3.003
   3.059
   3.097
   3.118
   3.108
   3.064
   2.996
   2.925
   2.877
   2.860
   2.897
   2.992
   3.119
   3.247
   3.368
   3.477
   3.558
   3.484
   0.000
 -65.534
 -65.534
 -65.534
 -65.534
 -65.534
 -65.534
   0.590
   0.702
   0.836
   0.846
   0.855
   0.862
   0.877
   0.892
   0.913
   0.934
   0.966
   1.011
   1.059
   1.103
   1.144
   1.184
   1.236
   1.295
   1.364
   1.453
   1.543
   1.634
   1.720
   1.809
   1.891
   1.971
   2.049
   2.128
   2.208
   2.288
   2.367
   2.431
   2.484
   2.517
   2.541
   2.565
   2.591
   2.625
   2.662
   2.699
   2.745
   2.802
   2.868
   2.939
   3.006
   3.068
   3.113
   3.141
   3.147
   3.109
   3.032
   2.947
   2.879
   2.846
   2.868
   2.956
   3.086
   3.222
   3.352
   3.460
   3.537
   3.422
   0.000
 -65.534
 -65.534
 -65.534
 -65.534
 -65.534
 -65.534
 -65.534
 -65.534
 -65.534
   0.848
   0.852
   0.854
   0.859
   0.864
   0.871
   0.889
   0.921
   0.967
   1.018
   1.060
   1.091
   1.126
   1.170
   1.229
   1.303
   1.379
   1.458
   1.544
   1.626
   1.705
   1.783
   1.861
   1.942
   2.019
   2.095
   2.172
   2.249
   2.317
   2.376
   2.424
   2.464
   2.501
   2.540
   2.577
   2.623
   2.673
   2.728
   2.791
   2.863
   2.939
   3.010
   3.080
   3.130
   3.165
   3.174
   3.147
   3.074
   2.975
   2.888
   2.834
   2.833
   2.896
   3.018
   3.153
   3.287
   3.403
   3.473
   3.317
   0.000
 -65.534
 -65.534
 -65.534
 -65.534
 -65.534
 -65.534
 -65.534
 -65.534
 -65.534
 -65.534
 -65.534
 -65.534
 -65.534
 -65.534
 -65.534
   0.863
   0.917
   0.963
   1.010
   1.052
   1.073
   1.101
   1.138
   1.192
   1.258
   1.332
   1.407
   1.473
   1.545
   1.619
   1.691
   1.762
   1.833
   1.906
   1.980
   2.052
   2.124
   2.195
   2.273
   2.332
   2.378
   2.424
   2.467
   2.518
   2.573
   2.631
   2.697
   2.769
   2.845
   2.923
   2.998
   3.066
   3.118
   3.154
   3.170
   3.153
   3.088
   2.992
   2.891
   2.819
   2.791
   2.825
   2.925
   3.047
   3.174
   3.282
   3.345
   3.163
   0.000
 -65.534
 -65.534
 -65.534
 -65.534
 -65.534
 -65.534
 -65.534
 -65.534
 -65.534
 -65.534
 -65.534
 -65.534
 -65.534
 -65.534
 -65.534
 -65.534
 -65.534
 -65.534
 -65.534
   1.049
   1.088
   1.109
   1.141
   1.186
   1.243
   1.309
   1.372
   1.437
   1.494
   1.549
   1.606
   1.670
   1.733
   1.799
   1.868
   1.939
   2.010
   2.078
   2.152
   2.222
   2.281
   2.335
   2.386
   2.439
   2.502
   2.567
   2.638
   2.717
   2.797
   2.872
   2.940
   3.010
   3.065
   3.101
   3.115
   3.103
   3.053
   2.969
   2.876
   2.793
   2.739
   2.740
   2.816
   2.915
   3.015
   3.107
   3.155
   2.956
   0.000
 -65.534
 -65.534
 -65.534
 -65.534
 -65.534
 -65.534
 -65.534
 -65.534
 -65.534
 -65.534
 -65.534
 -65.534
 -65.534
 -65.534
 -65.534
 -65.534
 -65.534
 -65.534
   0.943
   1.132
   1.143
   1.164
   1.189
   1.225
   1.269
   1.314
   1.368
   1.418
   1.467
   1.511
   1.554
   1.600
   1.651
   1.708
   1.770
   1.836
   1.905
   1.970
   2.037
   2.104
   2.172
   2.237
   2.295
   2.353
   2.410
   2.473
   2.540
   2.613
   2.694
   2.775
   2.851
   2.920
   2.979
   3.013
   3.017
   3.003
   2.972
   2.911
   2.835
   2.756
   2.684
   2.667
   2.705
   2.773
   2.836
   2.892
   2.921
   2.702
   0.000
 -65.534
 -65.534
 -65.534
 -65.534
 -65.534
 -65.534
 -65.534
 -65.534
 -65.534
 -65.534
 -65.534
 -65.534
 -65.534
 -65.534
 -65.534
 -65.534
 -65.534
   0.979
   1.189
   1.225
   1.235
   1.244
   1.262
   1.286
   1.317
   1.352
   1.388
   1.427
   1.467
   1.502
   1.534
   1.566
   1.606
   1.648
   1.697
   1.752
   1.806
   1.867
   1.928
   1.990
   2.060
   2.131
   2.200
   2.261
   2.320
   2.375
   2.432
   2.500
   2.575
   2.652
   2.731
   2.805
   2.860
   2.890
   2.902
   2.905
   2.880
   2.839
   2.788
   2.719
   2.637
   2.587
   2.593
   2.624
   2.652
   2.674
   2.670
   2.427
   0.000
 -65.534
 -65.534
 -65.534
 -65.534
 -65.534
 -65.534
 -65.534
 -65.534
 -65.534
 -65.534
 -65.534
 -65.534
 -65.534
 -65.534
 -65.534
 -65.534
 -65.534
   1.193
   1.292
   1.312
   1.321
   1.327
   1.342
   1.359
   1.375
   1.399
   1.428
   1.455
   1.486
   1.517
   1.542
   1.559
   1.586
   1.617
   1.648
   1.689
   1.731
   1.777
   1.827
   1.884
   1.949
   2.019
   2.093
   2.160
   2.221
   2.273
   2.325
   2.385
   2.455
   2.531
   2.606
   2.679
   2.738
   2.774
   2.794
   2.795
   2.778
   2.752
   2.716
   2.657
   2.581
   2.514
   2.480
   2.472
   2.469
   2.463
   2.425
   2.176
   0.000
 -65.534
 -65.534
 -65.534
 -65.534
 -65.534
 -65.534
 -65.534
 -65.534
 -65.534
 -65.534
 -65.534
 -65.534
 -65.534
 -65.534
 -65.534
 -65.534
 -65.534
   1.272
   1.350
   1.373
   1.386
   1.398
   1.416
   1.429
   1.435
   1.448
   1.467
   1.493
   1.515
   1.539
   1.561
   1.567
   1.585
   1.602
   1.625
   1.650
   1.679
   1.713
   1.754
   1.801
   1.855
   1.918
   1.986
   2.050
   2.107
   2.160
   2.210
   2.269
   2.335
   2.403
   2.477
   2.549
   2.612
   2.654
   2.686
   2.691
   2.682
   2.660
   2.636
   2.586
   2.513
   2.440
   2.377
   2.331
   2.309
   2.271
   2.210
   1.959
   0.000
 -65.534
 -65.534
 -65.534
 -65.534
 -65.534
 -65.534
 -65.534
 -65.534
 -65.534
 -65.534
 -65.534
 -65.534
 -65.534
 -65.534
 -65.534
 -65.534
 -65.534
   1.312
   1.374
   1.409
   1.428
   1.448
   1.469
   1.484
   1.486
   1.487
   1.499
   1.520
   1.541
   1.564
   1.584
   1.584
   1.596
   1.610
   1.624
   1.642
   1.660
   1.687
   1.716
   1.754
   1.798
   1.845
   1.898
   1.948
   1.993
   2.041
   2.088
   2.142
   2.203
   2.268
   2.336
   2.408
   2.471
   2.520
   2.557
   2.580
   2.578
   2.562
   2.541
   2.507
   2.443
   2.362
   2.282
   2.210
   2.153
   2.092
   2.018
   1.754
   0.000
 -65.534
 -65.534
 -65.534
 -65.534
 -65.534
 -65.534
 -65.534
 -65.534
 -65.534
 -65.534
 -65.534
 -65.534
 -65.534
 -65.534
 -65.534
 -65.534
 -65.534
 -65.534
   1.364
   1.417
   1.451
   1.478
   1.501
   1.513
   1.510
   1.506
   1.513
   1.530
   1.550
   1.575
   1.596
   1.599
   1.611
   1.622
   1.635
   1.649
   1.662
   1.681
   1.707
   1.737
   1.770
   1.800
   1.830
   1.860
   1.891
   1.923
   1.964
   2.009
   2.064
   2.123
   2.190
   2.256
   2.315
   2.365
   2.409
   2.437
   2.449
   2.448
   2.433
   2.404
   2.348
   2.278
   2.191
   2.100
   2.016
   1.930
   1.828
   1.558
   0.000
 -65.534
 -65.534
 -65.534
 -65.534
 -65.534
 -65.534
 -65.534
 -65.534
 -65.534
 -65.534
 -65.534
 -65.534
 -65.534
 -65.534
 -65.534
 -65.534
 -65.534
 -65.534
 -65.534
   1.391
   1.443
   1.474
   1.497
   1.503
   1.501
   1.497
   1.501
   1.516
   1.536
   1.562
   1.576
   1.588
   1.602
   1.619
   1.648
   1.680
   1.705
   1.727
   1.749
   1.766
   1.767
   1.772
   1.779
   1.786
   1.797
   1.817
   1.846
   1.882
   1.927
   1.982
   2.039
   2.101
   2.155
   2.202
   2.243
   2.278
   2.296
   2.302
   2.299
   2.281
   2.238
   2.175
   2.091
   1.994
   1.892
   1.780
   1.645
   1.354
   0.000
 -65.534
 -65.534
 -65.534
 -65.534
 -65.534
 -65.534
 -65.534
 -65.534
 -65.534
 -65.534
 -65.534
 -65.534
 -65.534
 -65.534
 -65.534
 -65.534
 -65.534
 -65.534
 -65.534
 -65.534
   1.403
   1.452
   1.481
   1.490
   1.486
   1.481
   1.482
   1.491
   1.503
   1.519
   1.527
   1.527
   1.512
   1.478
   1.403
   1.197
 -65.534
 -65.534
 -65.534
 -65.534
   1.645
   1.703
   1.713
   1.715
   1.720
   1.734
   1.754
   1.780
   1.813
   1.855
   1.905
   1.955
   2.004
   2.047
   2.085
   2.112
   2.132
   2.147
   2.153
   2.140
   2.102
   2.042
   1.959
   1.857
   1.748
   1.624
   1.471
   1.166
   0.000
 -65.534
 -65.534
 -65.534
 -65.534
 -65.534
 -65.534
 -65.534
 -65.534
 -65.534
 -65.534
 -65.534
 -65.534
 -65.534
 -65.534
 -65.534
 -65.534
 -65.534
 -65.534
 -65.534
 -65.534
 -65.534
 -65.534
 -65.534
 -65.534
   1.415
   1.443
   1.453
   1.459
   1.467
   1.466
   1.455
   1.435
   1.382
   1.302
   1.170
   0.947
 -65.534
 -65.534
 -65.534
 -65.534
 -65.534
 -65.534
   1.609
   1.649
   1.669
   1.686
   1.696
   1.714
   1.737
   1.763
   1.797
   1.835
   1.873
   1.907
   1.936
   1.955
   1.969
   1.972
   1.972
   1.956
   1.919
   1.866
   1.780
   1.670
   1.552
   1.425
   1.263
   0.968
   0.000
 -65.534
 -65.534
 -65.534
 -65.534
 -65.534
 -65.534
 -65.534
 -65.534
 -65.534
 -65.534
 -65.534
 -65.534
 -65.534
 -65.534
 -65.534
 -65.534
 -65.534
 -65.534
 -65.534
 -65.534
 -65.534
 -65.534
 -65.534
 -65.534
   1.348
   1.382
   1.394
   1.403
   1.410
   1.399
   1.365
   1.323
   1.258
   1.159
   1.039
   0.893
 -65.534
 -65.534
 -65.534
 -65.534
 -65.534
 -65.534
 -65.534
   1.578
   1.636
   1.660
   1.673
   1.680
   1.693
   1.698
   1.715
   1.737
   1.761
   1.782
   1.799
   1.806
   1.806
   1.799
   1.785
   1.761
   1.720
   1.654
   1.562
   1.448
   1.317
   1.176
   1.017
   0.743
   0.000
 -65.534
 -65.534
 -65.534
 -65.534
 -65.534
 -65.534
 -65.534
 -65.534
 -65.534
 -65.534
 -65.534
 -65.534
 -65.534
 -65.534
 -65.534
 -65.534
 -65.534
 -65.534
 -65.534
 -65.534
 -65.534
 -65.534
 -65.534
 -65.534
 -65.534
 -65.534
 -65.534
 -65.534
 -65.534
   1.259
   1.243
   1.209
   1.166
   1.086
   0.984
   0.867
   0.433
 -65.534
 -65.534
 -65.534
 -65.534
 -65.534
 -65.534
   1.322
   1.213
 -65.534
   1.526
   1.612
   1.638
   1.660
   1.668
   1.679
   1.679
   1.683
   1.682
   1.674
   1.659
   1.639
   1.612
   1.578
   1.525
   1.444
   1.340
   1.212
   1.066
   0.915
   0.748
   0.503
   0.000
 -65.534
 -65.534
 -65.534
 -65.534
 -65.534
 -65.534
 -65.534
 -65.534
 -65.534
 -65.534
 -65.534
 -65.534
 -65.534
 -65.534
 -65.534
 -65.534
 -65.534
 -65.534
 -65.534
 -65.534
 -65.534
 -65.534
 -65.534
 -65.534
 -65.534
 -65.534
 -65.534
 -65.534
 -65.534
 -65.534
 -65.534
 -65.534
   1.058
   1.042
   1.000
   0.860
   0.569
   0.332
 -65.534
 -65.534
 -65.534
 -65.534
 -65.534
 -65.534
 -65.534
 -65.534
 -65.534
 -65.534
 -65.534
   1.460
   1.572
   1.598
   1.628
   1.617
   1.595
   1.553
   1.515
   1.482
   1.444
   1.395
   1.330
   1.238
   1.123
   0.987
   0.839
   0.679
   0.508
   0.285
   0.000
 -65.534
 -65.534
 -65.534
 -65.534
 -65.534
 -65.534
 -65.534
 -65.534
 -65.534
 -65.534
 -65.534
 -65.534
 -65.534
 -65.534
 -65.534
 -65.534
 -65.534
 -65.534
 -65.534
 -65.534
 -65.534
 -65.534
 -65.534
 -65.534
 -65.534
 -65.534
 -65.534
 -65.534
 -65.534
 -65.534
 -65.534
 -65.534
   0.962
   0.982
   0.945
   0.823
   0.624
   0.438
   0.297
   0.222
 -65.534
 -65.534
 -65.534
 -65.534
 -65.534
 -65.534
 -65.534
 -65.534
 -65.534
 -65.534
 -65.534
 -65.534
   1.361
   1.458
   1.451
   1.423
   1.370
   1.317
   1.268
   1.214
   1.139
   1.045
   0.929
   0.796
   0.645
   0.491
   0.327
   0.128
   0.000
 -65.534
 -65.534
 -65.534
 -65.534
 -65.534
 -65.534
 -65.534
 -65.534
 -65.534
 -65.534
 -65.534
 -65.534
 -65.534
 -65.534
 -65.534
 -65.534
 -65.534
 -65.534
 -65.534
 -65.534
 -65.534
 -65.534
 -65.534
 -65.534
 -65.534
 -65.534
 -65.534
 -65.534
 -65.534
 -65.534
 -65.534
 -65.534
 -65.534
 -65.534
 -65.534
 -65.534
   0.506
   0.435
   0.349
   0.282
   0.218
   0.178
   0.145
   0.135
   0.129
 -65.534
 -65.534
 -65.534
 -65.534
 -65.534
 -65.534
 -65.534
 -65.534
 -65.534
 -65.534
   1.127
   1.193
   1.164
   1.114
   1.046
   0.969
   0.873
   0.764
   0.638
   0.503
   0.361
   0.208
   0.027
   0.000
 -65.534
 -65.534
 -65.534
 -65.534
 -65.534
 -65.534
 -65.534
 -65.534
 -65.534
 -65.534
 -65.534
 -65.534
 -65.534
 -65.534
 -65.534
 -65.534
 -65.534
 -65.534
 -65.534
 -65.534
 -65.534
 -65.534
 -65.534
 -65.534
 -65.534
 -65.534
 -65.534
 -65.534
 -65.534
 -65.534
 -65.534
 -65.534
 -65.534
 -65.534
 -65.534
 -65.534
 -65.534
 -65.534
 -65.534
 -65.534
   0.176
 -65.534
 -65.534
 -65.534
 -65.534
 -65.534
 -65.534
 -65.534
 -65.534
 -65.534
 -65.534
 -65.534
 -65.534
 -65.534
 -65.534
   0.829
   0.956
   0.974
   0.951
   0.907
   0.825
   0.717
   0.611
   0.501
   0.386
   0.269
   0.135
  -0.032
   0.000
 -65.534
 -65.534
 -65.534
 -65.534
 -65.534
 -65.534
 -65.534
 -65.534
 -65.534
 -65.534
 -65.534
 -65.534
 -65.534
 -65.534
 -65.534
 -65.534
 -65.534
 -65.534
 -65.534
 -65.534
 -65.534
 -65.534
 -65.534
 -65.534
 -65.534
 -65.534
 -65.534
 -65.534
 -65.534
 -65.534
 -65.534
 -65.534
 -65.534
 -65.534
 -65.534
 -65.534
 -65.534
 -65.534
 -65.534
 -65.534
 -65.534
 -65.534
 -65.534
 -65.534
 -65.534
 -65.534
 -65.534
 -65.534
 -65.534
 -65.534
 -65.534
 -65.534
 -65.534
 -65.534
 -65.534
 -65.534
 -65.534
 -65.534
 -65.534
   0.671
   0.645
   0.564
   0.466
   0.388
   0.311
   0.228
   0.133
  -0.022
   0.000
 -65.534
 -65.534
 -65.534
 -65.534
 -65.534
 -65.534
 -65.534
 -65.534
 -65.534
 -65.534
 -65.534
 -65.534
 -65.534
 -65.534
 -65.534
 -65.534
 -65.534
 -65.534
 -65.534
 -65.534
 -65.534
 -65.534
 -65.534
 -65.534
 -65.534
 -65.534
 -65.534
 -65.534
 -65.534
 -65.534
 -65.534
 -65.534
 -65.534
 -65.534
 -65.534
 -65.534
 -65.534
 -65.534
 -65.534
 -65.534
 -65.534
 -65.534
 -65.534
 -65.534
 -65.534
 -65.534
 -65.534
 -65.534
 -65.534
 -65.534
 -65.534
 -65.534
 -65.534
 -65.534
 -65.534
 -65.534
 -65.534
 -65.534
 -65.534
 -65.534
 -65.534
   0.000
   0.000
   0.000
   0.000
   0.000
   0.000
   0.000
 -65.534
