 -65.534
   0.000
   0.000
   0.000
   0.000
   0.000
   0.000
   0.000
   0.000
   0.000
   0.000
   0.000
   0.000
   0.000
   0.000
   0.000
   0.000
   0.000
   0.000
   0.000
   0.000
   0.000
   0.000
   0.000
   0.000
   0.000
   0.000
   0.000
   0.000
   0.000
   0.000
   0.000
   0.000
   0.000
   0.000
   0.000
   0.000
   0.000
   0.000
   0.000
   0.000
   0.000
   0.000
   0.000
   0.000
   0.000
   0.000
   0.000
   0.000
   0.000
   0.000
   0.000
   0.000
   0.000
   0.000
   0.000
   0.000
   0.000
   0.000
   0.000
   0.000
   0.000
   0.000
   0.000
   0.000
   0.000
   0.000
   0.000
 -65.534
   0.000
   2.021
   2.193
   2.287
   2.383
   2.456
   2.501
   2.516
   2.510
   2.494
   2.474
   2.445
   2.416
   2.394
   2.381
   2.373
   2.377
   2.396
   2.435
   2.479
   2.528
   2.581
   2.634
   2.687
   2.725
   2.747
   2.758
   2.764
   2.769
   2.783
   2.795
   2.803
   2.808
   2.804
   2.771
   2.726
   2.671
   2.599
   2.510
   2.396
   2.261
   2.116
   1.962
   1.817
   1.709
   1.627
   1.563
   1.509
   1.471
   1.452
   1.445
   1.439
   1.436
   1.447
   1.488
   1.529
   1.575
   1.617
   1.651
   1.686
   1.715
   1.731
   1.744
   1.751
   1.734
   1.726
   1.720
   1.710
   0.000
   0.000
   2.134
   2.287
   2.369
   2.465
   2.544
   2.599
   2.625
   2.636
   2.638
   2.633
   2.612
   2.587
   2.560
   2.540
   2.532
   2.528
   2.538
   2.566
   2.605
   2.651
   2.701
   2.752
   2.806
   2.848
   2.879
   2.905
   2.927
   2.952
   2.980
   3.008
   3.031
   3.049
   3.060
   3.045
   3.009
   2.954
   2.879
   2.779
   2.657
   2.514
   2.351
   2.170
   1.997
   1.869
   1.794
   1.752
   1.722
   1.704
   1.703
   1.711
   1.722
   1.741
   1.768
   1.800
   1.843
   1.900
   1.954
   2.002
   2.043
   2.083
   2.116
   2.141
   2.150
   2.145
   2.133
   2.123
   2.076
   0.000
   0.000
   2.085
   2.224
   2.294
   2.377
   2.449
   2.509
   2.555
   2.585
   2.612
   2.628
   2.628
   2.608
   2.581
   2.555
   2.534
   2.523
   2.530
   2.557
   2.600
   2.651
   2.710
   2.772
   2.834
   2.887
   2.928
   2.962
   2.994
   3.024
   3.060
   3.098
   3.128
   3.157
   3.185
   3.187
   3.164
   3.116
   3.035
   2.932
   2.803
   2.653
   2.480
   2.291
   2.107
   1.966
   1.888
   1.855
   1.839
   1.836
   1.850
   1.870
   1.894
   1.919
   1.949
   1.984
   2.029
   2.082
   2.133
   2.179
   2.223
   2.269
   2.304
   2.331
   2.348
   2.348
   2.336
   2.323
   2.254
   0.000
   0.000
   2.039
   2.163
   2.212
   2.278
   2.338
   2.398
   2.452
   2.500
   2.546
   2.580
   2.595
   2.590
   2.571
   2.542
   2.522
   2.510
   2.521
   2.556
   2.607
   2.669
   2.739
   2.815
   2.883
   2.943
   2.992
   3.040
   3.076
   3.108
   3.147
   3.190
   3.229
   3.272
   3.313
   3.337
   3.328
   3.289
   3.217
   3.110
   2.978
   2.823
   2.641
   2.444
   2.256
   2.106
   2.012
   1.969
   1.956
   1.962
   1.979
   2.010
   2.041
   2.074
   2.107
   2.143
   2.184
   2.231
   2.276
   2.315
   2.356
   2.396
   2.430
   2.455
   2.471
   2.475
   2.466
   2.449
   2.366
   0.000
   0.000
   2.013
   2.123
   2.156
   2.205
   2.249
   2.296
   2.349
   2.401
   2.453
   2.496
   2.519
   2.528
   2.523
   2.513
   2.504
   2.509
   2.533
   2.577
   2.635
   2.702
   2.778
   2.858
   2.931
   2.992
   3.046
   3.099
   3.138
   3.168
   3.209
   3.256
   3.305
   3.359
   3.418
   3.461
   3.470
   3.443
   3.383
   3.283
   3.153
   2.996
   2.814
   2.619
   2.429
   2.266
   2.151
   2.087
   2.066
   2.071
   2.092
   2.126
   2.165
   2.201
   2.243
   2.282
   2.323
   2.364
   2.400
   2.430
   2.460
   2.494
   2.520
   2.542
   2.559
   2.564
   2.558
   2.538
   2.445
   0.000
   0.000
   1.996
   2.097
   2.115
   2.152
   2.185
   2.223
   2.268
   2.315
   2.365
   2.409
   2.442
   2.463
   2.477
   2.490
   2.507
   2.531
   2.569
   2.618
   2.676
   2.740
   2.814
   2.890
   2.960
   3.023
   3.077
   3.126
   3.164
   3.195
   3.235
   3.294
   3.353
   3.423
   3.495
   3.555
   3.587
   3.585
   3.534
   3.445
   3.322
   3.174
   3.003
   2.812
   2.617
   2.443
   2.307
   2.219
   2.177
   2.167
   2.185
   2.222
   2.262
   2.305
   2.351
   2.397
   2.439
   2.478
   2.510
   2.529
   2.550
   2.573
   2.588
   2.602
   2.614
   2.621
   2.617
   2.603
   2.506
   0.000
   0.000
   1.963
   2.065
   2.082
   2.108
   2.138
   2.172
   2.213
   2.258
   2.308
   2.354
   2.392
   2.422
   2.449
   2.480
   2.515
   2.553
   2.599
   2.652
   2.708
   2.770
   2.833
   2.903
   2.969
   3.026
   3.076
   3.121
   3.158
   3.191
   3.239
   3.306
   3.383
   3.469
   3.555
   3.635
   3.683
   3.699
   3.669
   3.594
   3.486
   3.352
   3.191
   3.012
   2.827
   2.642
   2.477
   2.359
   2.287
   2.253
   2.257
   2.285
   2.321
   2.369
   2.422
   2.474
   2.521
   2.561
   2.589
   2.602
   2.613
   2.623
   2.630
   2.638
   2.647
   2.653
   2.651
   2.640
   2.547
   0.000
   0.000
   1.900
   2.017
   2.036
   2.068
   2.096
   2.133
   2.177
   2.229
   2.282
   2.332
   2.373
   2.408
   2.444
   2.481
   2.524
   2.570
   2.618
   2.670
   2.727
   2.786
   2.843
   2.906
   2.971
   3.023
   3.065
   3.105
   3.141
   3.176
   3.231
   3.313
   3.405
   3.503
   3.609
   3.702
   3.769
   3.803
   3.790
   3.730
   3.640
   3.519
   3.376
   3.215
   3.042
   2.861
   2.684
   2.531
   2.428
   2.360
   2.329
   2.335
   2.361
   2.405
   2.459
   2.519
   2.574
   2.617
   2.641
   2.651
   2.659
   2.663
   2.663
   2.665
   2.672
   2.677
   2.676
   2.666
   2.573
   0.000
   0.000
   1.803
   1.936
   1.970
   2.009
   2.045
   2.092
   2.147
   2.207
   2.273
   2.328
   2.374
   2.415
   2.453
   2.494
   2.538
   2.583
   2.632
   2.681
   2.731
   2.787
   2.846
   2.905
   2.965
   3.014
   3.053
   3.092
   3.126
   3.164
   3.228
   3.319
   3.419
   3.530
   3.649
   3.753
   3.836
   3.890
   3.896
   3.849
   3.773
   3.668
   3.541
   3.404
   3.249
   3.082
   2.906
   2.734
   2.598
   2.500
   2.432
   2.402
   2.406
   2.435
   2.480
   2.538
   2.592
   2.640
   2.668
   2.678
   2.685
   2.690
   2.690
   2.687
   2.695
   2.701
   2.698
   2.692
   2.598
   0.000
   0.000
   1.672
   1.822
   1.872
   1.923
   1.973
   2.033
   2.102
   2.180
   2.255
   2.321
   2.375
   2.421
   2.463
   2.505
   2.548
   2.593
   2.637
   2.684
   2.729
   2.779
   2.832
   2.889
   2.946
   2.994
   3.036
   3.071
   3.105
   3.152
   3.225
   3.316
   3.420
   3.533
   3.657
   3.773
   3.866
   3.934
   3.960
   3.934
   3.874
   3.789
   3.680
   3.560
   3.429
   3.277
   3.111
   2.946
   2.786
   2.657
   2.560
   2.493
   2.463
   2.466
   2.491
   2.532
   2.580
   2.628
   2.663
   2.682
   2.695
   2.705
   2.705
   2.707
   2.717
   2.724
   2.724
   2.720
   2.629
   0.000
   0.000
   1.526
   1.687
   1.753
   1.827
   1.891
   1.960
   2.038
   2.128
   2.216
   2.297
   2.361
   2.416
   2.460
   2.503
   2.542
   2.584
   2.626
   2.671
   2.715
   2.762
   2.809
   2.861
   2.917
   2.965
   3.005
   3.044
   3.082
   3.136
   3.206
   3.299
   3.401
   3.517
   3.643
   3.759
   3.858
   3.936
   3.980
   3.976
   3.940
   3.876
   3.786
   3.682
   3.568
   3.435
   3.287
   3.134
   2.972
   2.824
   2.704
   2.610
   2.549
   2.518
   2.518
   2.535
   2.571
   2.614
   2.650
   2.676
   2.697
   2.713
   2.720
   2.727
   2.742
   2.751
   2.756
   2.757
   2.666
   0.000
   0.000
   1.333
   1.550
   1.639
   1.726
   1.804
   1.882
   1.968
   2.054
   2.147
   2.236
   2.311
   2.376
   2.429
   2.475
   2.515
   2.553
   2.594
   2.638
   2.683
   2.728
   2.774
   2.823
   2.876
   2.922
   2.962
   2.997
   3.036
   3.089
   3.158
   3.248
   3.349
   3.465
   3.592
   3.708
   3.807
   3.887
   3.941
   3.955
   3.943
   3.902
   3.835
   3.752
   3.657
   3.540
   3.406
   3.270
   3.121
   2.974
   2.840
   2.730
   2.649
   2.593
   2.564
   2.557
   2.571
   2.602
   2.638
   2.669
   2.697
   2.723
   2.738
   2.751
   2.767
   2.785
   2.796
   2.803
   2.711
   0.000
 -65.534
 -65.534
   1.330
   1.539
   1.629
   1.719
   1.806
   1.891
   1.977
   2.066
   2.152
   2.228
   2.294
   2.355
   2.407
   2.454
   2.499
   2.542
   2.587
   2.632
   2.677
   2.721
   2.769
   2.815
   2.859
   2.896
   2.930
   2.967
   3.012
   3.074
   3.158
   3.253
   3.369
   3.493
   3.609
   3.702
   3.784
   3.841
   3.867
   3.874
   3.855
   3.810
   3.750
   3.674
   3.576
   3.460
   3.338
   3.207
   3.073
   2.945
   2.832
   2.738
   2.667
   2.617
   2.589
   2.585
   2.599
   2.629
   2.665
   2.700
   2.734
   2.762
   2.776
   2.802
   2.827
   2.846
   2.861
   2.775
   0.000
 -65.534
 -65.534
 -65.534
   1.369
   1.562
   1.638
   1.731
   1.820
   1.905
   1.987
   2.064
   2.131
   2.198
   2.258
   2.313
   2.366
   2.420
   2.469
   2.517
   2.567
   2.611
   2.653
   2.694
   2.739
   2.780
   2.815
   2.846
   2.881
   2.921
   2.974
   3.044
   3.132
   3.243
   3.354
   3.450
   3.563
   3.646
   3.702
   3.735
   3.753
   3.751
   3.728
   3.687
   3.631
   3.553
   3.455
   3.351
   3.241
   3.126
   3.013
   2.910
   2.814
   2.735
   2.676
   2.636
   2.617
   2.623
   2.651
   2.688
   2.730
   2.770
   2.802
   2.832
   2.862
   2.896
   2.925
   2.944
   2.859
   0.000
 -65.534
 -65.534
 -65.534
 -65.534
   1.461
   1.578
   1.667
   1.755
   1.836
   1.910
   1.981
   2.042
   2.099
   2.157
   2.214
   2.270
   2.324
   2.378
   2.429
   2.480
   2.519
   2.558
   2.597
   2.638
   2.677
   2.717
   2.753
   2.790
   2.829
   2.874
   2.931
   3.006
   3.099
   3.199
   3.295
   3.395
   3.468
   3.543
   3.583
   3.606
   3.615
   3.606
   3.584
   3.545
   3.481
   3.405
   3.324
   3.231
   3.137
   3.049
   2.959
   2.869
   2.797
   2.739
   2.697
   2.675
   2.677
   2.702
   2.741
   2.787
   2.830
   2.868
   2.902
   2.941
   2.975
   3.009
   3.031
   2.928
   0.000
 -65.534
 -65.534
 -65.534
 -65.534
   1.403
   1.517
   1.604
   1.685
   1.759
   1.829
   1.893
   1.950
   2.004
   2.054
   2.109
   2.162
   2.214
   2.263
   2.311
   2.356
   2.396
   2.432
   2.469
   2.509
   2.553
   2.597
   2.644
   2.687
   2.729
   2.776
   2.826
   2.890
   2.969
   3.057
   3.145
   3.229
   3.300
   3.368
   3.402
   3.439
   3.456
   3.457
   3.448
   3.424
   3.381
   3.327
   3.270
   3.201
   3.128
   3.053
   2.984
   2.909
   2.849
   2.800
   2.764
   2.744
   2.745
   2.769
   2.809
   2.856
   2.904
   2.944
   2.981
   3.017
   3.050
   3.081
   3.101
   2.974
   0.000
 -65.534
 -65.534
 -65.534
 -65.534
   1.343
   1.450
   1.531
   1.606
   1.672
   1.734
   1.796
   1.850
   1.898
   1.947
   1.993
   2.036
   2.080
   2.124
   2.166
   2.204
   2.240
   2.272
   2.305
   2.345
   2.390
   2.445
   2.502
   2.558
   2.608
   2.659
   2.712
   2.771
   2.842
   2.920
   2.996
   3.073
   3.144
   3.197
   3.233
   3.268
   3.293
   3.307
   3.314
   3.311
   3.289
   3.257
   3.223
   3.179
   3.125
   3.069
   3.013
   2.957
   2.906
   2.868
   2.843
   2.826
   2.828
   2.848
   2.886
   2.932
   2.981
   3.026
   3.062
   3.095
   3.122
   3.143
   3.152
   3.009
   0.000
 -65.534
 -65.534
 -65.534
 -65.534
   1.270
   1.361
   1.425
   1.499
   1.572
   1.618
   1.675
   1.728
   1.773
   1.819
   1.859
   1.896
   1.931
   1.966
   2.001
   2.036
   2.064
   2.087
   2.115
   2.152
   2.199
   2.255
   2.320
   2.386
   2.449
   2.508
   2.563
   2.622
   2.686
   2.754
   2.825
   2.897
   2.959
   3.011
   3.051
   3.085
   3.117
   3.142
   3.169
   3.187
   3.195
   3.192
   3.182
   3.158
   3.130
   3.098
   3.064
   3.025
   2.988
   2.959
   2.935
   2.924
   2.924
   2.940
   2.969
   3.013
   3.062
   3.106
   3.141
   3.167
   3.182
   3.188
   3.184
   3.020
   0.000
 -65.534
 -65.534
 -65.534
 -65.534
 -65.534
 -65.534
 -65.534
 -65.534
   1.442
   1.507
   1.552
   1.595
   1.637
   1.676
   1.714
   1.748
   1.783
   1.813
   1.843
   1.869
   1.885
   1.904
   1.926
   1.956
   1.998
   2.051
   2.119
   2.190
   2.257
   2.318
   2.374
   2.429
   2.489
   2.550
   2.613
   2.680
   2.743
   2.796
   2.838
   2.878
   2.919
   2.964
   3.012
   3.055
   3.088
   3.105
   3.114
   3.119
   3.115
   3.109
   3.104
   3.088
   3.068
   3.049
   3.037
   3.028
   3.028
   3.039
   3.063
   3.098
   3.138
   3.177
   3.204
   3.221
   3.226
   3.222
   3.201
   3.027
   0.000
 -65.534
 -65.534
 -65.534
 -65.534
 -65.534
 -65.534
   1.054
   1.251
   1.366
   1.404
   1.434
   1.475
   1.514
   1.548
   1.581
   1.616
   1.652
   1.682
   1.707
   1.724
   1.735
   1.744
   1.758
   1.784
   1.824
   1.872
   1.931
   1.996
   2.057
   2.111
   2.162
   2.208
   2.259
   2.313
   2.374
   2.438
   2.498
   2.551
   2.603
   2.660
   2.723
   2.787
   2.853
   2.918
   2.969
   3.003
   3.028
   3.049
   3.067
   3.083
   3.099
   3.110
   3.109
   3.107
   3.104
   3.101
   3.101
   3.109
   3.132
   3.159
   3.192
   3.221
   3.241
   3.249
   3.249
   3.239
   3.213
   3.014
   0.000
 -65.534
 -65.534
 -65.534
 -65.534
 -65.534
 -65.534
 -65.534
 -65.534
 -65.534
   1.282
   1.320
   1.347
   1.378
   1.412
   1.452
   1.501
   1.534
   1.567
   1.590
   1.599
   1.608
   1.618
   1.631
   1.650
   1.675
   1.718
   1.770
   1.823
   1.871
   1.915
   1.953
   1.986
   2.024
   2.071
   2.128
   2.190
   2.253
   2.315
   2.377
   2.447
   2.525
   2.606
   2.691
   2.770
   2.834
   2.879
   2.913
   2.947
   2.976
   3.008
   3.043
   3.075
   3.096
   3.107
   3.114
   3.111
   3.107
   3.112
   3.132
   3.158
   3.186
   3.208
   3.226
   3.229
   3.227
   3.220
   3.188
   2.976
   0.000
 -65.534
 -65.534
 -65.534
 -65.534
 -65.534
 -65.534
 -65.534
 -65.534
 -65.534
 -65.534
 -65.534
 -65.534
 -65.534
 -65.534
 -65.534
   1.351
   1.390
   1.419
   1.451
   1.476
   1.501
   1.524
   1.546
   1.561
   1.578
   1.606
   1.644
   1.690
   1.727
   1.755
   1.780
   1.800
   1.829
   1.872
   1.926
   1.991
   2.056
   2.120
   2.179
   2.259
   2.350
   2.445
   2.543
   2.633
   2.704
   2.758
   2.801
   2.839
   2.874
   2.914
   2.960
   3.005
   3.037
   3.061
   3.073
   3.072
   3.063
   3.065
   3.081
   3.106
   3.133
   3.153
   3.168
   3.172
   3.174
   3.167
   3.140
   2.921
   0.000
 -65.534
 -65.534
 -65.534
 -65.534
 -65.534
 -65.534
 -65.534
 -65.534
 -65.534
 -65.534
 -65.534
 -65.534
 -65.534
 -65.534
 -65.534
 -65.534
 -65.534
 -65.534
 -65.534
   1.366
   1.425
   1.464
   1.498
   1.520
   1.530
   1.547
   1.575
   1.602
   1.631
   1.657
   1.674
   1.686
   1.710
   1.750
   1.805
   1.871
   1.938
   2.003
   2.067
   2.144
   2.238
   2.339
   2.442
   2.534
   2.612
   2.669
   2.715
   2.754
   2.791
   2.832
   2.881
   2.929
   2.968
   2.990
   3.002
   3.002
   2.995
   2.994
   3.008
   3.032
   3.058
   3.077
   3.090
   3.094
   3.092
   3.094
   3.071
   2.848
   0.000
 -65.534
 -65.534
 -65.534
 -65.534
 -65.534
 -65.534
 -65.534
 -65.534
 -65.534
 -65.534
 -65.534
 -65.534
 -65.534
 -65.534
 -65.534
 -65.534
 -65.534
 -65.534
   1.088
   1.319
   1.362
   1.413
   1.461
   1.496
   1.508
   1.522
   1.542
   1.566
   1.589
   1.607
   1.625
   1.643
   1.665
   1.705
   1.761
   1.828
   1.894
   1.956
   2.022
   2.098
   2.183
   2.280
   2.382
   2.475
   2.554
   2.613
   2.657
   2.698
   2.733
   2.768
   2.810
   2.852
   2.883
   2.900
   2.913
   2.918
   2.911
   2.911
   2.921
   2.939
   2.961
   2.978
   2.986
   2.987
   2.986
   2.983
   2.961
   2.726
   0.000
 -65.534
 -65.534
 -65.534
 -65.534
 -65.534
 -65.534
 -65.534
 -65.534
 -65.534
 -65.534
 -65.534
 -65.534
 -65.534
 -65.534
 -65.534
 -65.534
 -65.534
   0.907
   1.176
   1.250
   1.305
   1.363
   1.418
   1.463
   1.485
   1.500
   1.523
   1.548
   1.573
   1.593
   1.611
   1.631
   1.657
   1.695
   1.748
   1.810
   1.872
   1.930
   1.992
   2.062
   2.143
   2.235
   2.330
   2.419
   2.495
   2.553
   2.597
   2.636
   2.671
   2.704
   2.739
   2.775
   2.800
   2.816
   2.822
   2.825
   2.821
   2.822
   2.831
   2.840
   2.854
   2.870
   2.877
   2.872
   2.867
   2.852
   2.822
   2.574
   0.000
 -65.534
 -65.534
 -65.534
 -65.534
 -65.534
 -65.534
 -65.534
 -65.534
 -65.534
 -65.534
 -65.534
 -65.534
 -65.534
 -65.534
 -65.534
 -65.534
 -65.534
   0.952
   1.107
   1.161
   1.224
   1.289
   1.347
   1.398
   1.429
   1.451
   1.480
   1.511
   1.541
   1.563
   1.585
   1.613
   1.638
   1.670
   1.715
   1.768
   1.825
   1.882
   1.938
   2.000
   2.074
   2.161
   2.251
   2.338
   2.409
   2.464
   2.511
   2.554
   2.591
   2.622
   2.653
   2.684
   2.707
   2.726
   2.738
   2.746
   2.750
   2.752
   2.755
   2.759
   2.762
   2.767
   2.768
   2.762
   2.749
   2.722
   2.675
   2.396
   0.000
 -65.534
 -65.534
 -65.534
 -65.534
 -65.534
 -65.534
 -65.534
 -65.534
 -65.534
 -65.534
 -65.534
 -65.534
 -65.534
 -65.534
 -65.534
 -65.534
 -65.534
   0.884
   0.991
   1.051
   1.116
   1.183
   1.242
   1.289
   1.329
   1.357
   1.391
   1.428
   1.462
   1.492
   1.519
   1.555
   1.580
   1.611
   1.650
   1.697
   1.749
   1.801
   1.853
   1.911
   1.977
   2.053
   2.134
   2.213
   2.283
   2.339
   2.389
   2.436
   2.479
   2.518
   2.558
   2.593
   2.623
   2.647
   2.668
   2.681
   2.686
   2.689
   2.691
   2.690
   2.688
   2.684
   2.677
   2.663
   2.618
   2.579
   2.507
   2.222
   0.000
 -65.534
 -65.534
 -65.534
 -65.534
 -65.534
 -65.534
 -65.534
 -65.534
 -65.534
 -65.534
 -65.534
 -65.534
 -65.534
 -65.534
 -65.534
 -65.534
 -65.534
   0.812
   0.884
   0.943
   1.009
   1.072
   1.125
   1.163
   1.196
   1.237
   1.271
   1.310
   1.350
   1.388
   1.422
   1.463
   1.491
   1.525
   1.566
   1.612
   1.659
   1.708
   1.759
   1.813
   1.871
   1.934
   2.000
   2.071
   2.136
   2.194
   2.246
   2.300
   2.349
   2.399
   2.450
   2.497
   2.534
   2.564
   2.588
   2.607
   2.615
   2.621
   2.624
   2.622
   2.621
   2.614
   2.599
   2.576
   2.526
   2.472
   2.378
   2.076
   0.000
 -65.534
 -65.534
 -65.534
 -65.534
 -65.534
 -65.534
 -65.534
 -65.534
 -65.534
 -65.534
 -65.534
 -65.534
 -65.534
 -65.534
 -65.534
 -65.534
 -65.534
 -65.534
   0.797
   0.858
   0.914
   0.967
   1.013
   1.043
   1.069
   1.104
   1.143
   1.183
   1.226
   1.269
   1.311
   1.349
   1.379
   1.414
   1.454
   1.499
   1.547
   1.592
   1.641
   1.691
   1.746
   1.800
   1.863
   1.929
   1.992
   2.050
   2.105
   2.159
   2.214
   2.271
   2.328
   2.379
   2.420
   2.454
   2.481
   2.505
   2.520
   2.533
   2.541
   2.546
   2.546
   2.543
   2.530
   2.505
   2.463
   2.398
   2.285
   1.962
   0.000
 -65.534
 -65.534
 -65.534
 -65.534
 -65.534
 -65.534
 -65.534
 -65.534
 -65.534
 -65.534
 -65.534
 -65.534
 -65.534
 -65.534
 -65.534
 -65.534
 -65.534
 -65.534
 -65.534
   0.781
   0.838
   0.882
   0.915
   0.940
   0.963
   0.994
   1.028
   1.063
   1.107
   1.148
   1.189
   1.217
   1.238
   1.267
   1.303
   1.343
   1.374
   1.403
   1.435
   1.499
   1.587
   1.652
   1.723
   1.794
   1.861
   1.920
   1.974
   2.021
   2.075
   2.129
   2.186
   2.238
   2.282
   2.316
   2.346
   2.374
   2.395
   2.416
   2.433
   2.447
   2.453
   2.459
   2.453
   2.436
   2.404
   2.345
   2.225
   1.897
   0.000
 -65.534
 -65.534
 -65.534
 -65.534
 -65.534
 -65.534
 -65.534
 -65.534
 -65.534
 -65.534
 -65.534
 -65.534
 -65.534
 -65.534
 -65.534
 -65.534
 -65.534
 -65.534
 -65.534
 -65.534
   0.748
   0.790
   0.818
   0.844
   0.875
   0.909
   0.937
   0.964
   0.987
   1.013
   1.036
   1.036
   1.022
   0.988
   0.915
   0.707
 -65.534
 -65.534
 -65.534
 -65.534
   1.436
   1.532
   1.626
   1.691
   1.754
   1.804
   1.843
   1.881
   1.920
   1.967
   2.021
   2.071
   2.112
   2.148
   2.184
   2.215
   2.243
   2.270
   2.296
   2.317
   2.335
   2.347
   2.354
   2.352
   2.330
   2.281
   2.174
   1.853
   0.000
 -65.534
 -65.534
 -65.534
 -65.534
 -65.534
 -65.534
 -65.534
 -65.534
 -65.534
 -65.534
 -65.534
 -65.534
 -65.534
 -65.534
 -65.534
 -65.534
 -65.534
 -65.534
 -65.534
 -65.534
 -65.534
 -65.534
 -65.534
 -65.534
   0.799
   0.834
   0.857
   0.869
   0.876
   0.879
   0.877
   0.846
   0.801
   0.727
   0.603
   0.394
 -65.534
 -65.534
 -65.534
 -65.534
 -65.534
 -65.534
   1.465
   1.592
   1.639
   1.676
   1.696
   1.714
   1.742
   1.780
   1.826
   1.874
   1.918
   1.957
   1.998
   2.036
   2.065
   2.099
   2.129
   2.157
   2.179
   2.198
   2.215
   2.223
   2.217
   2.186
   2.089
   1.795
   0.000
 -65.534
 -65.534
 -65.534
 -65.534
 -65.534
 -65.534
 -65.534
 -65.534
 -65.534
 -65.534
 -65.534
 -65.534
 -65.534
 -65.534
 -65.534
 -65.534
 -65.534
 -65.534
 -65.534
 -65.534
 -65.534
 -65.534
 -65.534
 -65.534
   0.679
   0.706
   0.718
   0.725
   0.729
   0.738
   0.715
   0.670
   0.606
   0.524
   0.416
   0.267
 -65.534
 -65.534
 -65.534
 -65.534
 -65.534
 -65.534
 -65.534
   1.390
   1.461
   1.465
   1.505
   1.510
   1.534
   1.573
   1.619
   1.666
   1.713
   1.760
   1.803
   1.841
   1.872
   1.903
   1.935
   1.965
   1.992
   2.015
   2.038
   2.057
   2.060
   2.038
   1.958
   1.696
   0.000
 -65.534
 -65.534
 -65.534
 -65.534
 -65.534
 -65.534
 -65.534
 -65.534
 -65.534
 -65.534
 -65.534
 -65.534
 -65.534
 -65.534
 -65.534
 -65.534
 -65.534
 -65.534
 -65.534
 -65.534
 -65.534
 -65.534
 -65.534
 -65.534
 -65.534
 -65.534
 -65.534
 -65.534
 -65.534
   0.581
   0.523
   0.486
   0.451
   0.385
   0.303
   0.193
  -0.005
 -65.534
 -65.534
 -65.534
 -65.534
 -65.534
 -65.534
   0.944
   0.787
 -65.534
   1.212
   1.247
   1.289
   1.371
   1.413
   1.463
   1.514
   1.556
   1.597
   1.634
   1.663
   1.691
   1.722
   1.747
   1.773
   1.800
   1.824
   1.849
   1.861
   1.846
   1.781
   1.560
   0.000
 -65.534
 -65.534
 -65.534
 -65.534
 -65.534
 -65.534
 -65.534
 -65.534
 -65.534
 -65.534
 -65.534
 -65.534
 -65.534
 -65.534
 -65.534
 -65.534
 -65.534
 -65.534
 -65.534
 -65.534
 -65.534
 -65.534
 -65.534
 -65.534
 -65.534
 -65.534
 -65.534
 -65.534
 -65.534
 -65.534
 -65.534
 -65.534
   0.383
   0.301
   0.231
   0.144
  -0.011
  -0.050
 -65.534
 -65.534
 -65.534
 -65.534
 -65.534
 -65.534
 -65.534
 -65.534
 -65.534
 -65.534
 -65.534
   1.100
   1.160
   1.207
   1.293
   1.328
   1.371
   1.410
   1.436
   1.463
   1.489
   1.514
   1.531
   1.557
   1.585
   1.613
   1.626
   1.617
   1.556
   1.374
   0.000
 -65.534
 -65.534
 -65.534
 -65.534
 -65.534
 -65.534
 -65.534
 -65.534
 -65.534
 -65.534
 -65.534
 -65.534
 -65.534
 -65.534
 -65.534
 -65.534
 -65.534
 -65.534
 -65.534
 -65.534
 -65.534
 -65.534
 -65.534
 -65.534
 -65.534
 -65.534
 -65.534
 -65.534
 -65.534
 -65.534
 -65.534
 -65.534
   0.243
   0.176
   0.113
   0.047
  -0.036
  -0.078
  -0.068
  -0.051
 -65.534
 -65.534
 -65.534
 -65.534
 -65.534
 -65.534
 -65.534
 -65.534
 -65.534
 -65.534
 -65.534
 -65.534
   0.999
   1.004
   1.039
   1.158
   1.186
   1.216
   1.242
   1.262
   1.277
   1.295
   1.320
   1.348
   1.364
   1.360
   1.316
   1.181
   0.000
 -65.534
 -65.534
 -65.534
 -65.534
 -65.534
 -65.534
 -65.534
 -65.534
 -65.534
 -65.534
 -65.534
 -65.534
 -65.534
 -65.534
 -65.534
 -65.534
 -65.534
 -65.534
 -65.534
 -65.534
 -65.534
 -65.534
 -65.534
 -65.534
 -65.534
 -65.534
 -65.534
 -65.534
 -65.534
 -65.534
 -65.534
 -65.534
 -65.534
 -65.534
 -65.534
 -65.534
  -0.026
  -0.070
  -0.081
  -0.076
  -0.064
  -0.057
  -0.047
  -0.054
  -0.070
 -65.534
 -65.534
 -65.534
 -65.534
 -65.534
 -65.534
 -65.534
 -65.534
 -65.534
 -65.534
   0.923
   0.934
   0.949
   0.980
   1.005
   1.009
   1.021
   1.039
   1.061
   1.079
   1.092
   1.062
   0.975
   0.000
 -65.534
 -65.534
 -65.534
 -65.534
 -65.534
 -65.534
 -65.534
 -65.534
 -65.534
 -65.534
 -65.534
 -65.534
 -65.534
 -65.534
 -65.534
 -65.534
 -65.534
 -65.534
 -65.534
 -65.534
 -65.534
 -65.534
 -65.534
 -65.534
 -65.534
 -65.534
 -65.534
 -65.534
 -65.534
 -65.534
 -65.534
 -65.534
 -65.534
 -65.534
 -65.534
 -65.534
 -65.534
 -65.534
 -65.534
 -65.534
  -0.064
 -65.534
 -65.534
 -65.534
 -65.534
 -65.534
 -65.534
 -65.534
 -65.534
 -65.534
 -65.534
 -65.534
 -65.534
 -65.534
 -65.534
   0.677
   0.640
   0.618
   0.629
   0.720
   0.739
   0.734
   0.739
   0.757
   0.781
   0.800
   0.780
   0.738
   0.000
 -65.534
 -65.534
 -65.534
 -65.534
 -65.534
 -65.534
 -65.534
 -65.534
 -65.534
 -65.534
 -65.534
 -65.534
 -65.534
 -65.534
 -65.534
 -65.534
 -65.534
 -65.534
 -65.534
 -65.534
 -65.534
 -65.534
 -65.534
 -65.534
 -65.534
 -65.534
 -65.534
 -65.534
 -65.534
 -65.534
 -65.534
 -65.534
 -65.534
 -65.534
 -65.534
 -65.534
 -65.534
 -65.534
 -65.534
 -65.534
 -65.534
 -65.534
 -65.534
 -65.534
 -65.534
 -65.534
 -65.534
 -65.534
 -65.534
 -65.534
 -65.534
 -65.534
 -65.534
 -65.534
 -65.534
 -65.534
 -65.534
 -65.534
 -65.534
   0.501
   0.431
   0.402
   0.393
   0.402
   0.411
   0.431
   0.417
   0.396
   0.000
 -65.534
 -65.534
 -65.534
 -65.534
 -65.534
 -65.534
 -65.534
 -65.534
 -65.534
 -65.534
 -65.534
 -65.534
 -65.534
 -65.534
 -65.534
 -65.534
 -65.534
 -65.534
 -65.534
 -65.534
 -65.534
 -65.534
 -65.534
 -65.534
 -65.534
 -65.534
 -65.534
 -65.534
 -65.534
 -65.534
 -65.534
 -65.534
 -65.534
 -65.534
 -65.534
 -65.534
 -65.534
 -65.534
 -65.534
 -65.534
 -65.534
 -65.534
 -65.534
 -65.534
 -65.534
 -65.534
 -65.534
 -65.534
 -65.534
 -65.534
 -65.534
 -65.534
 -65.534
 -65.534
 -65.534
 -65.534
 -65.534
 -65.534
 -65.534
 -65.534
 -65.534
   0.000
   0.000
   0.000
   0.000
   0.000
   0.000
   0.000
 -65.534
