 -65.534
   0.000
   0.000
   0.000
   0.000
   0.000
   0.000
   0.000
   0.000
   0.000
   0.000
   0.000
   0.000
   0.000
   0.000
   0.000
   0.000
   0.000
   0.000
   0.000
   0.000
   0.000
   0.000
   0.000
   0.000
   0.000
   0.000
   0.000
   0.000
   0.000
   0.000
   0.000
   0.000
   0.000
   0.000
   0.000
   0.000
   0.000
   0.000
   0.000
   0.000
   0.000
   0.000
   0.000
   0.000
   0.000
   0.000
   0.000
   0.000
   0.000
   0.000
   0.000
   0.000
   0.000
   0.000
   0.000
   0.000
   0.000
   0.000
   0.000
   0.000
   0.000
   0.000
   0.000
   0.000
   0.000
   0.000
   0.000
 -65.534
   0.000
   0.949
   1.047
   1.097
   1.158
   1.215
   1.265
   1.312
   1.355
   1.398
   1.439
   1.482
   1.527
   1.569
   1.606
   1.643
   1.666
   1.688
   1.709
   1.732
   1.756
   1.777
   1.793
   1.812
   1.798
   1.768
   1.737
   1.707
   1.666
   1.627
   1.591
   1.551
   1.513
   1.475
   1.430
   1.387
   1.339
   1.298
   1.272
   1.250
   1.249
   1.258
   1.265
   1.267
   1.250
   1.220
   1.191
   1.172
   1.162
   1.165
   1.173
   1.183
   1.197
   1.203
   1.222
   1.228
   1.230
   1.226
   1.219
   1.209
   1.198
   1.183
   1.167
   1.149
   1.125
   1.102
   1.090
   1.044
   0.000
   0.000
   1.055
   1.145
   1.186
   1.240
   1.297
   1.355
   1.409
   1.456
   1.504
   1.552
   1.606
   1.656
   1.701
   1.735
   1.765
   1.787
   1.803
   1.817
   1.832
   1.844
   1.854
   1.861
   1.864
   1.846
   1.818
   1.787
   1.757
   1.725
   1.696
   1.664
   1.630
   1.595
   1.557
   1.508
   1.457
   1.401
   1.348
   1.302
   1.270
   1.259
   1.263
   1.274
   1.281
   1.270
   1.243
   1.221
   1.217
   1.223
   1.239
   1.259
   1.282
   1.304
   1.326
   1.343
   1.357
   1.365
   1.373
   1.371
   1.368
   1.362
   1.354
   1.342
   1.330
   1.318
   1.301
   1.288
   1.236
   0.000
   0.000
   1.069
   1.152
   1.184
   1.233
   1.286
   1.343
   1.398
   1.451
   1.499
   1.548
   1.596
   1.643
   1.683
   1.712
   1.732
   1.747
   1.758
   1.763
   1.773
   1.779
   1.783
   1.786
   1.781
   1.769
   1.748
   1.727
   1.704
   1.678
   1.651
   1.625
   1.596
   1.569
   1.536
   1.492
   1.442
   1.383
   1.325
   1.274
   1.235
   1.217
   1.214
   1.218
   1.223
   1.218
   1.201
   1.189
   1.193
   1.210
   1.232
   1.256
   1.283
   1.308
   1.335
   1.357
   1.380
   1.393
   1.401
   1.397
   1.396
   1.392
   1.388
   1.381
   1.381
   1.381
   1.378
   1.375
   1.325
   0.000
   0.000
   1.082
   1.158
   1.181
   1.219
   1.265
   1.316
   1.368
   1.419
   1.466
   1.516
   1.561
   1.603
   1.637
   1.658
   1.670
   1.676
   1.678
   1.677
   1.678
   1.682
   1.687
   1.689
   1.685
   1.675
   1.663
   1.652
   1.638
   1.624
   1.605
   1.583
   1.558
   1.534
   1.505
   1.466
   1.417
   1.358
   1.295
   1.238
   1.199
   1.175
   1.167
   1.168
   1.169
   1.165
   1.161
   1.161
   1.172
   1.191
   1.215
   1.241
   1.270
   1.296
   1.325
   1.350
   1.377
   1.394
   1.402
   1.402
   1.402
   1.402
   1.401
   1.407
   1.416
   1.427
   1.441
   1.452
   1.404
   0.000
   0.000
   1.093
   1.162
   1.183
   1.213
   1.249
   1.291
   1.336
   1.385
   1.429
   1.472
   1.510
   1.541
   1.564
   1.575
   1.576
   1.572
   1.569
   1.566
   1.562
   1.564
   1.570
   1.574
   1.577
   1.575
   1.574
   1.575
   1.577
   1.575
   1.565
   1.544
   1.522
   1.497
   1.467
   1.430
   1.381
   1.321
   1.257
   1.199
   1.156
   1.132
   1.121
   1.116
   1.115
   1.117
   1.118
   1.124
   1.141
   1.166
   1.192
   1.219
   1.247
   1.273
   1.299
   1.325
   1.349
   1.366
   1.374
   1.378
   1.382
   1.389
   1.400
   1.414
   1.435
   1.464
   1.490
   1.515
   1.469
   0.000
   0.000
   1.106
   1.173
   1.191
   1.211
   1.238
   1.272
   1.312
   1.354
   1.392
   1.426
   1.453
   1.475
   1.486
   1.485
   1.475
   1.466
   1.454
   1.447
   1.444
   1.446
   1.452
   1.460
   1.470
   1.481
   1.496
   1.513
   1.526
   1.534
   1.527
   1.509
   1.484
   1.455
   1.424
   1.385
   1.335
   1.278
   1.218
   1.164
   1.122
   1.092
   1.080
   1.074
   1.072
   1.070
   1.069
   1.076
   1.095
   1.125
   1.155
   1.185
   1.214
   1.240
   1.266
   1.288
   1.308
   1.326
   1.334
   1.337
   1.349
   1.368
   1.386
   1.410
   1.440
   1.480
   1.519
   1.552
   1.517
   0.000
   0.000
   1.109
   1.179
   1.194
   1.217
   1.234
   1.259
   1.291
   1.325
   1.358
   1.388
   1.406
   1.419
   1.421
   1.412
   1.395
   1.377
   1.362
   1.352
   1.345
   1.346
   1.353
   1.367
   1.383
   1.405
   1.432
   1.458
   1.480
   1.493
   1.492
   1.474
   1.444
   1.407
   1.368
   1.324
   1.278
   1.229
   1.179
   1.133
   1.094
   1.067
   1.053
   1.043
   1.037
   1.029
   1.020
   1.018
   1.033
   1.061
   1.097
   1.134
   1.170
   1.199
   1.223
   1.245
   1.266
   1.282
   1.291
   1.301
   1.318
   1.338
   1.367
   1.401
   1.442
   1.486
   1.530
   1.573
   1.546
   0.000
   0.000
   1.102
   1.177
   1.197
   1.217
   1.234
   1.256
   1.276
   1.302
   1.332
   1.357
   1.371
   1.377
   1.372
   1.360
   1.338
   1.317
   1.299
   1.284
   1.276
   1.273
   1.279
   1.292
   1.313
   1.340
   1.372
   1.404
   1.431
   1.448
   1.447
   1.430
   1.398
   1.356
   1.312
   1.266
   1.223
   1.183
   1.142
   1.104
   1.076
   1.053
   1.037
   1.026
   1.014
   0.999
   0.980
   0.969
   0.977
   1.000
   1.033
   1.073
   1.115
   1.152
   1.183
   1.208
   1.228
   1.244
   1.257
   1.265
   1.290
   1.318
   1.353
   1.391
   1.440
   1.491
   1.542
   1.589
   1.565
   0.000
   0.000
   1.075
   1.159
   1.189
   1.212
   1.230
   1.244
   1.265
   1.292
   1.317
   1.332
   1.342
   1.344
   1.337
   1.322
   1.298
   1.277
   1.256
   1.241
   1.229
   1.227
   1.231
   1.242
   1.260
   1.286
   1.317
   1.350
   1.379
   1.399
   1.401
   1.384
   1.351
   1.309
   1.263
   1.218
   1.180
   1.147
   1.112
   1.084
   1.065
   1.049
   1.035
   1.020
   1.008
   0.989
   0.965
   0.944
   0.946
   0.963
   0.988
   1.016
   1.062
   1.107
   1.143
   1.169
   1.193
   1.210
   1.225
   1.242
   1.268
   1.305
   1.348
   1.395
   1.448
   1.505
   1.560
   1.610
   1.595
   0.000
   0.000
   1.041
   1.128
   1.169
   1.199
   1.219
   1.232
   1.249
   1.272
   1.295
   1.316
   1.325
   1.326
   1.316
   1.297
   1.274
   1.250
   1.232
   1.215
   1.204
   1.199
   1.203
   1.211
   1.224
   1.247
   1.276
   1.307
   1.335
   1.356
   1.357
   1.344
   1.315
   1.278
   1.236
   1.195
   1.160
   1.131
   1.102
   1.078
   1.062
   1.050
   1.038
   1.024
   1.005
   0.989
   0.966
   0.944
   0.934
   0.943
   0.957
   0.977
   1.023
   1.063
   1.097
   1.122
   1.150
   1.173
   1.193
   1.218
   1.254
   1.302
   1.356
   1.409
   1.468
   1.529
   1.590
   1.643
   1.635
   0.000
   0.000
   1.004
   1.096
   1.135
   1.168
   1.192
   1.212
   1.232
   1.250
   1.271
   1.292
   1.306
   1.311
   1.305
   1.290
   1.270
   1.244
   1.218
   1.200
   1.188
   1.182
   1.183
   1.190
   1.197
   1.216
   1.240
   1.267
   1.296
   1.316
   1.325
   1.316
   1.298
   1.269
   1.231
   1.196
   1.165
   1.137
   1.110
   1.086
   1.070
   1.057
   1.047
   1.031
   1.005
   0.985
   0.967
   0.947
   0.938
   0.938
   0.942
   0.954
   0.989
   1.023
   1.055
   1.082
   1.103
   1.129
   1.160
   1.198
   1.248
   1.310
   1.372
   1.437
   1.500
   1.568
   1.636
   1.696
   1.686
   0.000
   0.000
   0.930
   1.064
   1.101
   1.132
   1.154
   1.180
   1.204
   1.228
   1.251
   1.272
   1.286
   1.295
   1.295
   1.284
   1.267
   1.244
   1.220
   1.198
   1.180
   1.173
   1.169
   1.171
   1.178
   1.193
   1.217
   1.242
   1.270
   1.291
   1.306
   1.305
   1.297
   1.278
   1.247
   1.220
   1.195
   1.167
   1.138
   1.114
   1.093
   1.080
   1.065
   1.047
   1.020
   0.991
   0.968
   0.951
   0.940
   0.935
   0.937
   0.944
   0.973
   1.001
   1.026
   1.044
   1.064
   1.089
   1.130
   1.184
   1.249
   1.323
   1.400
   1.477
   1.551
   1.628
   1.701
   1.760
   1.747
   0.000
 -65.534
 -65.534
   0.943
   1.058
   1.083
   1.110
   1.138
   1.165
   1.194
   1.218
   1.240
   1.257
   1.266
   1.270
   1.265
   1.253
   1.234
   1.212
   1.192
   1.177
   1.163
   1.158
   1.157
   1.163
   1.179
   1.202
   1.229
   1.258
   1.283
   1.302
   1.312
   1.311
   1.300
   1.278
   1.254
   1.231
   1.209
   1.180
   1.153
   1.134
   1.116
   1.100
   1.078
   1.045
   1.014
   0.984
   0.959
   0.943
   0.937
   0.936
   0.941
   0.956
   0.979
   0.993
   1.008
   1.029
   1.056
   1.104
   1.173
   1.257
   1.346
   1.434
   1.533
   1.622
   1.706
   1.779
   1.839
   1.815
   0.000
 -65.534
 -65.534
 -65.534
   0.919
   1.024
   1.056
   1.090
   1.121
   1.148
   1.171
   1.194
   1.211
   1.220
   1.223
   1.222
   1.215
   1.201
   1.189
   1.172
   1.161
   1.153
   1.149
   1.148
   1.155
   1.172
   1.198
   1.228
   1.256
   1.286
   1.307
   1.324
   1.329
   1.325
   1.309
   1.295
   1.270
   1.249
   1.223
   1.198
   1.179
   1.159
   1.145
   1.118
   1.081
   1.042
   1.004
   0.970
   0.949
   0.941
   0.936
   0.936
   0.945
   0.959
   0.962
   0.973
   0.997
   1.037
   1.091
   1.169
   1.264
   1.371
   1.475
   1.578
   1.680
   1.772
   1.848
   1.911
   1.881
   0.000
 -65.534
 -65.534
 -65.534
 -65.534
   0.933
   1.000
   1.036
   1.065
   1.089
   1.114
   1.136
   1.152
   1.160
   1.160
   1.160
   1.154
   1.147
   1.138
   1.132
   1.128
   1.125
   1.127
   1.131
   1.148
   1.169
   1.199
   1.230
   1.261
   1.289
   1.313
   1.330
   1.341
   1.340
   1.333
   1.321
   1.305
   1.290
   1.266
   1.243
   1.224
   1.210
   1.193
   1.163
   1.119
   1.075
   1.032
   0.991
   0.964
   0.947
   0.936
   0.934
   0.935
   0.937
   0.945
   0.956
   0.987
   1.037
   1.104
   1.190
   1.293
   1.402
   1.512
   1.619
   1.723
   1.818
   1.899
   1.962
   1.934
   0.000
 -65.534
 -65.534
 -65.534
 -65.534
   0.872
   0.940
   0.977
   1.002
   1.022
   1.048
   1.072
   1.088
   1.096
   1.102
   1.097
   1.089
   1.083
   1.079
   1.076
   1.073
   1.078
   1.087
   1.100
   1.117
   1.143
   1.176
   1.209
   1.245
   1.275
   1.301
   1.319
   1.333
   1.338
   1.336
   1.334
   1.326
   1.317
   1.302
   1.284
   1.262
   1.247
   1.232
   1.203
   1.161
   1.109
   1.061
   1.017
   0.983
   0.957
   0.942
   0.930
   0.926
   0.931
   0.938
   0.964
   1.007
   1.068
   1.142
   1.232
   1.335
   1.443
   1.551
   1.655
   1.755
   1.842
   1.922
   1.986
   1.960
   0.000
 -65.534
 -65.534
 -65.534
 -65.534
   0.816
   0.884
   0.921
   0.942
   0.960
   0.984
   1.009
   1.028
   1.038
   1.043
   1.042
   1.036
   1.024
   1.017
   1.012
   1.015
   1.022
   1.034
   1.050
   1.067
   1.092
   1.121
   1.158
   1.195
   1.231
   1.261
   1.285
   1.300
   1.310
   1.318
   1.323
   1.325
   1.327
   1.322
   1.309
   1.287
   1.265
   1.243
   1.224
   1.184
   1.134
   1.083
   1.034
   0.994
   0.965
   0.942
   0.924
   0.923
   0.931
   0.950
   0.986
   1.041
   1.110
   1.194
   1.287
   1.388
   1.489
   1.590
   1.686
   1.772
   1.851
   1.925
   1.986
   1.966
   0.000
 -65.534
 -65.534
 -65.534
 -65.534
   0.734
   0.788
   0.828
   0.861
   0.902
   0.919
   0.944
   0.964
   0.979
   0.987
   0.987
   0.979
   0.970
   0.966
   0.962
   0.962
   0.966
   0.974
   0.988
   1.006
   1.026
   1.051
   1.085
   1.121
   1.161
   1.194
   1.224
   1.243
   1.261
   1.275
   1.287
   1.301
   1.311
   1.317
   1.311
   1.294
   1.268
   1.243
   1.219
   1.181
   1.139
   1.096
   1.048
   1.003
   0.970
   0.942
   0.925
   0.922
   0.939
   0.967
   1.009
   1.070
   1.149
   1.241
   1.343
   1.444
   1.543
   1.635
   1.716
   1.791
   1.860
   1.930
   1.990
   1.972
   0.000
 -65.534
 -65.534
 -65.534
 -65.534
 -65.534
 -65.534
 -65.534
 -65.534
   0.793
   0.842
   0.873
   0.896
   0.916
   0.927
   0.930
   0.926
   0.923
   0.925
   0.928
   0.931
   0.932
   0.931
   0.933
   0.945
   0.964
   0.987
   1.013
   1.045
   1.080
   1.115
   1.147
   1.174
   1.194
   1.214
   1.234
   1.255
   1.273
   1.284
   1.286
   1.277
   1.258
   1.236
   1.208
   1.177
   1.141
   1.099
   1.051
   1.007
   0.977
   0.953
   0.936
   0.937
   0.954
   0.989
   1.037
   1.104
   1.189
   1.285
   1.392
   1.498
   1.599
   1.687
   1.758
   1.822
   1.883
   1.947
   2.006
   1.993
   0.000
 -65.534
 -65.534
 -65.534
 -65.534
 -65.534
 -65.534
   0.544
   0.579
   0.711
   0.777
   0.806
   0.831
   0.853
   0.867
   0.877
   0.882
   0.890
   0.900
   0.911
   0.915
   0.913
   0.904
   0.903
   0.904
   0.911
   0.930
   0.955
   0.983
   1.014
   1.045
   1.074
   1.101
   1.123
   1.146
   1.171
   1.195
   1.218
   1.235
   1.243
   1.242
   1.232
   1.215
   1.194
   1.169
   1.139
   1.098
   1.055
   1.020
   0.989
   0.963
   0.950
   0.955
   0.979
   1.018
   1.072
   1.143
   1.228
   1.328
   1.436
   1.542
   1.640
   1.726
   1.796
   1.858
   1.921
   1.981
   2.036
   2.020
   0.000
 -65.534
 -65.534
 -65.534
 -65.534
 -65.534
 -65.534
 -65.534
 -65.534
 -65.534
   0.688
   0.720
   0.746
   0.767
   0.787
   0.810
   0.843
   0.862
   0.886
   0.907
   0.913
   0.905
   0.892
   0.887
   0.890
   0.901
   0.915
   0.929
   0.952
   0.974
   0.996
   1.018
   1.040
   1.064
   1.086
   1.108
   1.132
   1.157
   1.174
   1.188
   1.196
   1.195
   1.188
   1.175
   1.154
   1.130
   1.098
   1.064
   1.034
   1.007
   0.989
   0.986
   0.996
   1.024
   1.067
   1.124
   1.195
   1.279
   1.375
   1.476
   1.573
   1.667
   1.749
   1.825
   1.893
   1.961
   2.022
   2.077
   2.042
   0.000
 -65.534
 -65.534
 -65.534
 -65.534
 -65.534
 -65.534
 -65.534
 -65.534
 -65.534
 -65.534
 -65.534
 -65.534
 -65.534
 -65.534
 -65.534
   0.712
   0.784
   0.829
   0.872
   0.915
   0.906
   0.900
   0.899
   0.908
   0.923
   0.942
   0.958
   0.966
   0.979
   0.991
   1.000
   1.010
   1.018
   1.031
   1.048
   1.069
   1.093
   1.115
   1.145
   1.159
   1.162
   1.160
   1.150
   1.136
   1.121
   1.097
   1.074
   1.053
   1.036
   1.024
   1.024
   1.036
   1.069
   1.116
   1.177
   1.251
   1.333
   1.424
   1.510
   1.592
   1.673
   1.756
   1.840
   1.917
   1.985
   2.046
   2.094
   2.050
   0.000
 -65.534
 -65.534
 -65.534
 -65.534
 -65.534
 -65.534
 -65.534
 -65.534
 -65.534
 -65.534
 -65.534
 -65.534
 -65.534
 -65.534
 -65.534
 -65.534
 -65.534
 -65.534
 -65.534
   0.847
   0.900
   0.918
   0.934
   0.954
   0.978
   0.999
   1.017
   1.031
   1.033
   1.026
   1.020
   1.015
   1.009
   1.008
   1.013
   1.027
   1.047
   1.071
   1.097
   1.121
   1.133
   1.136
   1.131
   1.124
   1.113
   1.099
   1.084
   1.074
   1.070
   1.063
   1.069
   1.085
   1.119
   1.169
   1.232
   1.303
   1.379
   1.457
   1.529
   1.590
   1.660
   1.744
   1.831
   1.914
   1.984
   2.043
   2.086
   2.034
   0.000
 -65.534
 -65.534
 -65.534
 -65.534
 -65.534
 -65.534
 -65.534
 -65.534
 -65.534
 -65.534
 -65.534
 -65.534
 -65.534
 -65.534
 -65.534
 -65.534
 -65.534
 -65.534
   0.806
   0.901
   0.937
   0.963
   0.987
   1.016
   1.045
   1.071
   1.094
   1.106
   1.109
   1.100
   1.080
   1.059
   1.038
   1.022
   1.015
   1.021
   1.034
   1.054
   1.077
   1.097
   1.114
   1.125
   1.124
   1.122
   1.114
   1.104
   1.092
   1.088
   1.092
   1.104
   1.122
   1.145
   1.182
   1.228
   1.277
   1.332
   1.401
   1.467
   1.524
   1.573
   1.635
   1.715
   1.799
   1.885
   1.961
   2.019
   2.057
   1.997
   0.000
 -65.534
 -65.534
 -65.534
 -65.534
 -65.534
 -65.534
 -65.534
 -65.534
 -65.534
 -65.534
 -65.534
 -65.534
 -65.534
 -65.534
 -65.534
 -65.534
 -65.534
   0.870
   0.950
   0.986
   1.011
   1.032
   1.058
   1.088
   1.118
   1.145
   1.167
   1.183
   1.188
   1.182
   1.161
   1.132
   1.104
   1.077
   1.058
   1.050
   1.049
   1.058
   1.071
   1.087
   1.107
   1.124
   1.138
   1.145
   1.144
   1.138
   1.127
   1.124
   1.131
   1.148
   1.170
   1.200
   1.232
   1.271
   1.310
   1.357
   1.409
   1.455
   1.497
   1.541
   1.592
   1.659
   1.740
   1.826
   1.902
   1.967
   2.004
   1.940
   0.000
 -65.534
 -65.534
 -65.534
 -65.534
 -65.534
 -65.534
 -65.534
 -65.534
 -65.534
 -65.534
 -65.534
 -65.534
 -65.534
 -65.534
 -65.534
 -65.534
 -65.534
   0.984
   1.028
   1.055
   1.076
   1.097
   1.126
   1.154
   1.180
   1.204
   1.225
   1.240
   1.249
   1.250
   1.235
   1.203
   1.172
   1.141
   1.110
   1.088
   1.075
   1.068
   1.073
   1.086
   1.105
   1.130
   1.157
   1.181
   1.195
   1.195
   1.183
   1.178
   1.186
   1.201
   1.221
   1.239
   1.263
   1.289
   1.314
   1.342
   1.381
   1.419
   1.447
   1.478
   1.527
   1.591
   1.664
   1.739
   1.813
   1.880
   1.917
   1.866
   0.000
 -65.534
 -65.534
 -65.534
 -65.534
 -65.534
 -65.534
 -65.534
 -65.534
 -65.534
 -65.534
 -65.534
 -65.534
 -65.534
 -65.534
 -65.534
 -65.534
 -65.534
   1.032
   1.071
   1.099
   1.120
   1.145
   1.177
   1.204
   1.221
   1.238
   1.252
   1.265
   1.276
   1.280
   1.271
   1.241
   1.210
   1.177
   1.143
   1.113
   1.090
   1.078
   1.078
   1.088
   1.111
   1.142
   1.181
   1.214
   1.242
   1.250
   1.246
   1.245
   1.249
   1.261
   1.274
   1.283
   1.299
   1.313
   1.323
   1.334
   1.353
   1.376
   1.398
   1.422
   1.459
   1.512
   1.574
   1.640
   1.717
   1.778
   1.820
   1.772
   0.000
 -65.534
 -65.534
 -65.534
 -65.534
 -65.534
 -65.534
 -65.534
 -65.534
 -65.534
 -65.534
 -65.534
 -65.534
 -65.534
 -65.534
 -65.534
 -65.534
 -65.534
   1.046
   1.089
   1.121
   1.143
   1.171
   1.200
   1.228
   1.239
   1.247
   1.257
   1.268
   1.277
   1.284
   1.278
   1.251
   1.225
   1.196
   1.164
   1.134
   1.111
   1.098
   1.099
   1.115
   1.140
   1.173
   1.214
   1.253
   1.283
   1.302
   1.308
   1.311
   1.317
   1.323
   1.326
   1.330
   1.337
   1.336
   1.331
   1.325
   1.324
   1.335
   1.347
   1.367
   1.396
   1.434
   1.480
   1.537
   1.599
   1.655
   1.701
   1.648
   0.000
 -65.534
 -65.534
 -65.534
 -65.534
 -65.534
 -65.534
 -65.534
 -65.534
 -65.534
 -65.534
 -65.534
 -65.534
 -65.534
 -65.534
 -65.534
 -65.534
 -65.534
 -65.534
   1.074
   1.116
   1.148
   1.175
   1.200
   1.221
   1.228
   1.234
   1.241
   1.248
   1.256
   1.265
   1.266
   1.246
   1.227
   1.203
   1.177
   1.153
   1.135
   1.128
   1.137
   1.157
   1.186
   1.220
   1.258
   1.292
   1.327
   1.353
   1.371
   1.381
   1.391
   1.396
   1.395
   1.390
   1.383
   1.369
   1.350
   1.327
   1.317
   1.313
   1.315
   1.328
   1.345
   1.371
   1.402
   1.440
   1.481
   1.524
   1.560
   1.508
   0.000
 -65.534
 -65.534
 -65.534
 -65.534
 -65.534
 -65.534
 -65.534
 -65.534
 -65.534
 -65.534
 -65.534
 -65.534
 -65.534
 -65.534
 -65.534
 -65.534
 -65.534
 -65.534
 -65.534
   1.083
   1.122
   1.149
   1.170
   1.183
   1.188
   1.190
   1.195
   1.200
   1.208
   1.220
   1.221
   1.215
   1.203
   1.189
   1.182
   1.181
   1.182
   1.183
   1.195
   1.219
   1.227
   1.249
   1.281
   1.316
   1.359
   1.397
   1.427
   1.451
   1.468
   1.477
   1.478
   1.464
   1.446
   1.423
   1.393
   1.361
   1.336
   1.319
   1.312
   1.316
   1.322
   1.333
   1.348
   1.364
   1.384
   1.404
   1.423
   1.352
   0.000
 -65.534
 -65.534
 -65.534
 -65.534
 -65.534
 -65.534
 -65.534
 -65.534
 -65.534
 -65.534
 -65.534
 -65.534
 -65.534
 -65.534
 -65.534
 -65.534
 -65.534
 -65.534
 -65.534
 -65.534
   1.081
   1.107
   1.130
   1.137
   1.146
   1.141
   1.141
   1.142
   1.146
   1.152
   1.146
   1.141
   1.121
   1.089
   1.042
   0.933
 -65.534
 -65.534
 -65.534
 -65.534
   1.128
   1.220
   1.272
   1.324
   1.385
   1.444
   1.490
   1.527
   1.552
   1.563
   1.556
   1.535
   1.509
   1.474
   1.431
   1.392
   1.360
   1.339
   1.321
   1.313
   1.312
   1.313
   1.311
   1.306
   1.302
   1.298
   1.297
   1.203
   0.000
 -65.534
 -65.534
 -65.534
 -65.534
 -65.534
 -65.534
 -65.534
 -65.534
 -65.534
 -65.534
 -65.534
 -65.534
 -65.534
 -65.534
 -65.534
 -65.534
 -65.534
 -65.534
 -65.534
 -65.534
 -65.534
 -65.534
 -65.534
 -65.534
   1.053
   1.071
   1.076
   1.078
   1.081
   1.082
   1.076
   1.071
   1.049
   1.015
   0.959
   0.857
 -65.534
 -65.534
 -65.534
 -65.534
 -65.534
 -65.534
   1.190
   1.307
   1.407
   1.491
   1.548
   1.585
   1.607
   1.610
   1.596
   1.574
   1.541
   1.496
   1.453
   1.411
   1.375
   1.346
   1.324
   1.311
   1.303
   1.295
   1.279
   1.259
   1.231
   1.203
   1.175
   1.062
   0.000
 -65.534
 -65.534
 -65.534
 -65.534
 -65.534
 -65.534
 -65.534
 -65.534
 -65.534
 -65.534
 -65.534
 -65.534
 -65.534
 -65.534
 -65.534
 -65.534
 -65.534
 -65.534
 -65.534
 -65.534
 -65.534
 -65.534
 -65.534
 -65.534
   0.966
   0.986
   0.996
   1.005
   1.015
   1.019
   1.014
   1.008
   0.989
   0.959
   0.911
   0.835
 -65.534
 -65.534
 -65.534
 -65.534
 -65.534
 -65.534
 -65.534
   1.244
   1.408
   1.513
   1.572
   1.604
   1.619
   1.612
   1.593
   1.571
   1.537
   1.495
   1.457
   1.420
   1.390
   1.361
   1.336
   1.316
   1.296
   1.273
   1.242
   1.202
   1.158
   1.110
   1.063
   0.936
   0.000
 -65.534
 -65.534
 -65.534
 -65.534
 -65.534
 -65.534
 -65.534
 -65.534
 -65.534
 -65.534
 -65.534
 -65.534
 -65.534
 -65.534
 -65.534
 -65.534
 -65.534
 -65.534
 -65.534
 -65.534
 -65.534
 -65.534
 -65.534
 -65.534
 -65.534
 -65.534
 -65.534
 -65.534
 -65.534
   0.889
   0.923
   0.931
   0.935
   0.911
   0.872
   0.816
   0.514
 -65.534
 -65.534
 -65.534
 -65.534
 -65.534
 -65.534
   1.110
   1.272
 -65.534
   1.322
   1.492
   1.545
   1.568
   1.560
   1.542
   1.512
   1.483
   1.454
   1.426
   1.401
   1.371
   1.340
   1.313
   1.281
   1.242
   1.194
   1.135
   1.074
   1.011
   0.944
   0.808
   0.000
 -65.534
 -65.534
 -65.534
 -65.534
 -65.534
 -65.534
 -65.534
 -65.534
 -65.534
 -65.534
 -65.534
 -65.534
 -65.534
 -65.534
 -65.534
 -65.534
 -65.534
 -65.534
 -65.534
 -65.534
 -65.534
 -65.534
 -65.534
 -65.534
 -65.534
 -65.534
 -65.534
 -65.534
 -65.534
 -65.534
 -65.534
 -65.534
   0.814
   0.843
   0.834
   0.786
   0.631
   0.444
 -65.534
 -65.534
 -65.534
 -65.534
 -65.534
 -65.534
 -65.534
 -65.534
 -65.534
 -65.534
 -65.534
   1.252
   1.420
   1.469
   1.488
   1.472
   1.446
   1.411
   1.378
   1.345
   1.309
   1.271
   1.232
   1.185
   1.126
   1.059
   0.991
   0.917
   0.840
   0.698
   0.000
 -65.534
 -65.534
 -65.534
 -65.534
 -65.534
 -65.534
 -65.534
 -65.534
 -65.534
 -65.534
 -65.534
 -65.534
 -65.534
 -65.534
 -65.534
 -65.534
 -65.534
 -65.534
 -65.534
 -65.534
 -65.534
 -65.534
 -65.534
 -65.534
 -65.534
 -65.534
 -65.534
 -65.534
 -65.534
 -65.534
 -65.534
 -65.534
   0.742
   0.776
   0.786
   0.751
   0.661
   0.547
   0.423
   0.356
 -65.534
 -65.534
 -65.534
 -65.534
 -65.534
 -65.534
 -65.534
 -65.534
 -65.534
 -65.534
 -65.534
 -65.534
   1.208
   1.346
   1.361
   1.344
   1.311
   1.272
   1.236
   1.196
   1.154
   1.105
   1.045
   0.979
   0.910
   0.839
   0.758
   0.617
   0.000
 -65.534
 -65.534
 -65.534
 -65.534
 -65.534
 -65.534
 -65.534
 -65.534
 -65.534
 -65.534
 -65.534
 -65.534
 -65.534
 -65.534
 -65.534
 -65.534
 -65.534
 -65.534
 -65.534
 -65.534
 -65.534
 -65.534
 -65.534
 -65.534
 -65.534
 -65.534
 -65.534
 -65.534
 -65.534
 -65.534
 -65.534
 -65.534
 -65.534
 -65.534
 -65.534
 -65.534
   0.491
   0.497
   0.460
   0.426
   0.360
   0.322
   0.301
   0.303
   0.314
 -65.534
 -65.534
 -65.534
 -65.534
 -65.534
 -65.534
 -65.534
 -65.534
 -65.534
 -65.534
   1.074
   1.182
   1.186
   1.157
   1.118
   1.076
   1.026
   0.969
   0.907
   0.843
   0.773
   0.692
   0.550
   0.000
 -65.534
 -65.534
 -65.534
 -65.534
 -65.534
 -65.534
 -65.534
 -65.534
 -65.534
 -65.534
 -65.534
 -65.534
 -65.534
 -65.534
 -65.534
 -65.534
 -65.534
 -65.534
 -65.534
 -65.534
 -65.534
 -65.534
 -65.534
 -65.534
 -65.534
 -65.534
 -65.534
 -65.534
 -65.534
 -65.534
 -65.534
 -65.534
 -65.534
 -65.534
 -65.534
 -65.534
 -65.534
 -65.534
 -65.534
 -65.534
   0.250
 -65.534
 -65.534
 -65.534
 -65.534
 -65.534
 -65.534
 -65.534
 -65.534
 -65.534
 -65.534
 -65.534
 -65.534
 -65.534
 -65.534
   0.930
   1.063
   1.097
   1.082
   1.055
   1.014
   0.952
   0.895
   0.838
   0.780
   0.722
   0.648
   0.507
   0.000
 -65.534
 -65.534
 -65.534
 -65.534
 -65.534
 -65.534
 -65.534
 -65.534
 -65.534
 -65.534
 -65.534
 -65.534
 -65.534
 -65.534
 -65.534
 -65.534
 -65.534
 -65.534
 -65.534
 -65.534
 -65.534
 -65.534
 -65.534
 -65.534
 -65.534
 -65.534
 -65.534
 -65.534
 -65.534
 -65.534
 -65.534
 -65.534
 -65.534
 -65.534
 -65.534
 -65.534
 -65.534
 -65.534
 -65.534
 -65.534
 -65.534
 -65.534
 -65.534
 -65.534
 -65.534
 -65.534
 -65.534
 -65.534
 -65.534
 -65.534
 -65.534
 -65.534
 -65.534
 -65.534
 -65.534
 -65.534
 -65.534
 -65.534
 -65.534
   0.887
   0.920
   0.888
   0.826
   0.779
   0.740
   0.694
   0.637
   0.494
   0.000
 -65.534
 -65.534
 -65.534
 -65.534
 -65.534
 -65.534
 -65.534
 -65.534
 -65.534
 -65.534
 -65.534
 -65.534
 -65.534
 -65.534
 -65.534
 -65.534
 -65.534
 -65.534
 -65.534
 -65.534
 -65.534
 -65.534
 -65.534
 -65.534
 -65.534
 -65.534
 -65.534
 -65.534
 -65.534
 -65.534
 -65.534
 -65.534
 -65.534
 -65.534
 -65.534
 -65.534
 -65.534
 -65.534
 -65.534
 -65.534
 -65.534
 -65.534
 -65.534
 -65.534
 -65.534
 -65.534
 -65.534
 -65.534
 -65.534
 -65.534
 -65.534
 -65.534
 -65.534
 -65.534
 -65.534
 -65.534
 -65.534
 -65.534
 -65.534
 -65.534
 -65.534
   0.000
   0.000
   0.000
   0.000
   0.000
   0.000
   0.000
 -65.534
