 -65.534
   0.000
   0.000
   0.000
   0.000
   0.000
   0.000
   0.000
   0.000
   0.000
   0.000
   0.000
   0.000
   0.000
   0.000
   0.000
   0.000
   0.000
   0.000
   0.000
   0.000
   0.000
   0.000
   0.000
   0.000
   0.000
   0.000
   0.000
   0.000
   0.000
   0.000
   0.000
   0.000
   0.000
   0.000
   0.000
   0.000
   0.000
   0.000
   0.000
   0.000
   0.000
   0.000
   0.000
   0.000
   0.000
   0.000
   0.000
   0.000
   0.000
   0.000
   0.000
   0.000
   0.000
   0.000
   0.000
   0.000
   0.000
   0.000
   0.000
   0.000
   0.000
   0.000
   0.000
   0.000
   0.000
   0.000
   0.000
 -65.534
   0.000
   1.415
   1.611
   1.709
   1.813
   1.905
   1.981
   2.049
   2.114
   2.182
   2.253
   2.329
   2.411
   2.496
   2.579
   2.663
   2.735
   2.807
   2.871
   2.925
   2.971
   3.002
   3.028
   3.035
   3.072
   3.102
   3.113
   3.099
   3.058
   2.999
   2.947
   2.914
   2.878
   2.838
   2.813
   2.757
   2.707
   2.643
   2.550
   2.446
   2.338
   2.247
   2.166
   2.061
   1.969
   1.887
   1.818
   1.760
   1.732
   1.724
   1.727
   1.740
   1.766
   1.801
   1.878
   1.942
   2.005
   2.062
   2.119
   2.178
   2.237
   2.294
   2.359
   2.418
   2.469
   2.527
   2.606
   2.594
   0.000
   0.000
   1.513
   1.699
   1.784
   1.883
   1.969
   2.052
   2.129
   2.202
   2.281
   2.362
   2.445
   2.528
   2.612
   2.693
   2.773
   2.853
   2.932
   3.008
   3.082
   3.145
   3.197
   3.249
   3.282
   3.322
   3.340
   3.339
   3.316
   3.276
   3.234
   3.199
   3.172
   3.152
   3.129
   3.101
   3.058
   3.002
   2.934
   2.839
   2.725
   2.620
   2.514
   2.403
   2.291
   2.176
   2.088
   2.015
   1.969
   1.948
   1.957
   1.972
   1.998
   2.039
   2.084
   2.139
   2.196
   2.256
   2.317
   2.376
   2.441
   2.513
   2.585
   2.661
   2.738
   2.819
   2.897
   2.979
   2.986
   0.000
   0.000
   1.498
   1.670
   1.742
   1.830
   1.914
   1.997
   2.078
   2.160
   2.246
   2.333
   2.419
   2.505
   2.586
   2.662
   2.738
   2.815
   2.892
   2.974
   3.057
   3.139
   3.213
   3.289
   3.354
   3.386
   3.403
   3.396
   3.368
   3.323
   3.285
   3.262
   3.247
   3.244
   3.251
   3.244
   3.209
   3.155
   3.073
   2.971
   2.854
   2.734
   2.610
   2.483
   2.354
   2.233
   2.134
   2.069
   2.030
   2.015
   2.025
   2.042
   2.074
   2.115
   2.167
   2.223
   2.273
   2.330
   2.386
   2.439
   2.500
   2.564
   2.634
   2.714
   2.807
   2.900
   3.002
   3.096
   3.124
   0.000
   0.000
   1.474
   1.631
   1.693
   1.770
   1.848
   1.924
   2.009
   2.094
   2.184
   2.275
   2.363
   2.449
   2.529
   2.601
   2.670
   2.740
   2.815
   2.900
   2.995
   3.090
   3.183
   3.280
   3.368
   3.413
   3.426
   3.422
   3.383
   3.327
   3.289
   3.273
   3.270
   3.280
   3.310
   3.330
   3.313
   3.267
   3.191
   3.077
   2.960
   2.831
   2.694
   2.555
   2.420
   2.291
   2.184
   2.110
   2.066
   2.049
   2.049
   2.065
   2.093
   2.137
   2.189
   2.242
   2.300
   2.354
   2.399
   2.442
   2.495
   2.558
   2.629
   2.720
   2.821
   2.938
   3.056
   3.161
   3.207
   0.000
   0.000
   1.439
   1.588
   1.646
   1.716
   1.785
   1.861
   1.939
   2.025
   2.116
   2.210
   2.296
   2.377
   2.450
   2.516
   2.579
   2.643
   2.716
   2.802
   2.900
   3.005
   3.106
   3.221
   3.322
   3.387
   3.413
   3.400
   3.351
   3.285
   3.248
   3.240
   3.245
   3.274
   3.328
   3.367
   3.367
   3.330
   3.268
   3.160
   3.033
   2.901
   2.761
   2.620
   2.481
   2.345
   2.220
   2.123
   2.070
   2.043
   2.032
   2.034
   2.056
   2.095
   2.146
   2.198
   2.250
   2.301
   2.347
   2.385
   2.432
   2.496
   2.585
   2.690
   2.816
   2.949
   3.071
   3.193
   3.249
   0.000
   0.000
   1.396
   1.542
   1.597
   1.664
   1.731
   1.801
   1.879
   1.965
   2.056
   2.142
   2.224
   2.301
   2.366
   2.424
   2.480
   2.540
   2.607
   2.691
   2.791
   2.896
   3.014
   3.140
   3.253
   3.327
   3.341
   3.326
   3.270
   3.199
   3.159
   3.169
   3.189
   3.241
   3.301
   3.359
   3.379
   3.369
   3.307
   3.215
   3.095
   2.964
   2.827
   2.682
   2.529
   2.377
   2.243
   2.121
   2.041
   1.992
   1.963
   1.954
   1.965
   1.996
   2.044
   2.095
   2.149
   2.202
   2.238
   2.269
   2.315
   2.397
   2.500
   2.624
   2.763
   2.911
   3.057
   3.195
   3.270
   0.000
   0.000
   1.347
   1.490
   1.549
   1.618
   1.680
   1.752
   1.829
   1.911
   1.999
   2.084
   2.159
   2.229
   2.290
   2.341
   2.391
   2.442
   2.505
   2.582
   2.674
   2.777
   2.891
   3.015
   3.130
   3.195
   3.207
   3.188
   3.134
   3.064
   3.035
   3.062
   3.104
   3.173
   3.247
   3.322
   3.352
   3.357
   3.317
   3.241
   3.142
   3.024
   2.884
   2.730
   2.576
   2.411
   2.241
   2.099
   1.984
   1.902
   1.852
   1.830
   1.829
   1.854
   1.892
   1.938
   1.994
   2.041
   2.079
   2.112
   2.169
   2.254
   2.379
   2.530
   2.692
   2.854
   3.011
   3.165
   3.275
   0.000
   0.000
   1.278
   1.428
   1.491
   1.564
   1.632
   1.701
   1.776
   1.861
   1.947
   2.029
   2.102
   2.166
   2.220
   2.265
   2.308
   2.355
   2.413
   2.480
   2.564
   2.658
   2.760
   2.873
   2.981
   3.039
   3.043
   3.016
   2.965
   2.907
   2.892
   2.939
   3.007
   3.087
   3.182
   3.261
   3.304
   3.320
   3.292
   3.237
   3.164
   3.066
   2.937
   2.786
   2.623
   2.452
   2.266
   2.090
   1.943
   1.822
   1.738
   1.692
   1.672
   1.682
   1.709
   1.752
   1.799
   1.842
   1.882
   1.914
   1.988
   2.089
   2.235
   2.408
   2.592
   2.777
   2.957
   3.129
   3.255
   0.000
   0.000
   1.183
   1.339
   1.411
   1.492
   1.564
   1.639
   1.722
   1.808
   1.895
   1.976
   2.048
   2.106
   2.155
   2.198
   2.235
   2.275
   2.326
   2.387
   2.460
   2.544
   2.639
   2.739
   2.832
   2.878
   2.872
   2.844
   2.790
   2.749
   2.761
   2.826
   2.906
   2.999
   3.111
   3.196
   3.247
   3.273
   3.268
   3.221
   3.164
   3.091
   2.983
   2.847
   2.684
   2.506
   2.313
   2.115
   1.940
   1.790
   1.666
   1.566
   1.529
   1.516
   1.518
   1.542
   1.584
   1.624
   1.668
   1.716
   1.796
   1.921
   2.088
   2.282
   2.490
   2.691
   2.893
   3.085
   3.239
   0.000
   0.000
   1.076
   1.234
   1.312
   1.400
   1.483
   1.564
   1.652
   1.744
   1.835
   1.922
   1.990
   2.047
   2.095
   2.133
   2.168
   2.204
   2.250
   2.304
   2.367
   2.438
   2.519
   2.613
   2.693
   2.727
   2.718
   2.681
   2.637
   2.625
   2.661
   2.734
   2.825
   2.925
   3.042
   3.137
   3.196
   3.229
   3.231
   3.203
   3.159
   3.104
   3.015
   2.894
   2.745
   2.564
   2.360
   2.161
   1.965
   1.789
   1.617
   1.473
   1.420
   1.371
   1.336
   1.330
   1.370
   1.416
   1.466
   1.532
   1.636
   1.783
   1.979
   2.191
   2.415
   2.632
   2.846
   3.053
   3.228
   0.000
   0.000
   0.972
   1.128
   1.206
   1.296
   1.385
   1.475
   1.568
   1.664
   1.761
   1.850
   1.924
   1.984
   2.031
   2.069
   2.105
   2.139
   2.176
   2.223
   2.277
   2.341
   2.411
   2.491
   2.565
   2.601
   2.599
   2.576
   2.550
   2.552
   2.597
   2.680
   2.773
   2.879
   2.997
   3.101
   3.163
   3.196
   3.206
   3.186
   3.156
   3.112
   3.036
   2.923
   2.775
   2.595
   2.395
   2.189
   1.980
   1.790
   1.587
   1.417
   1.326
   1.249
   1.191
   1.168
   1.178
   1.220
   1.286
   1.376
   1.510
   1.693
   1.912
   2.150
   2.384
   2.612
   2.835
   3.051
   3.234
   0.000
   0.000
   0.847
   1.023
   1.100
   1.187
   1.276
   1.371
   1.468
   1.565
   1.662
   1.756
   1.834
   1.900
   1.951
   1.995
   2.030
   2.063
   2.097
   2.137
   2.186
   2.244
   2.309
   2.383
   2.460
   2.503
   2.519
   2.520
   2.513
   2.522
   2.564
   2.652
   2.745
   2.852
   2.973
   3.075
   3.142
   3.172
   3.177
   3.158
   3.136
   3.104
   3.035
   2.931
   2.783
   2.600
   2.397
   2.192
   1.974
   1.768
   1.562
   1.387
   1.278
   1.188
   1.108
   1.060
   1.050
   1.068
   1.146
   1.259
   1.428
   1.645
   1.891
   2.148
   2.397
   2.639
   2.872
   3.088
   3.257
   0.000
 -65.534
 -65.534
   0.847
   0.996
   1.069
   1.162
   1.255
   1.353
   1.453
   1.550
   1.640
   1.717
   1.785
   1.842
   1.891
   1.932
   1.966
   2.002
   2.041
   2.089
   2.140
   2.202
   2.274
   2.354
   2.411
   2.448
   2.478
   2.490
   2.507
   2.554
   2.631
   2.712
   2.828
   2.947
   3.040
   3.091
   3.123
   3.122
   3.102
   3.087
   3.058
   3.000
   2.903
   2.754
   2.575
   2.378
   2.164
   1.945
   1.732
   1.534
   1.356
   1.223
   1.133
   1.038
   0.983
   0.963
   0.977
   1.057
   1.198
   1.399
   1.647
   1.912
   2.191
   2.455
   2.705
   2.945
   3.160
   3.310
   0.000
 -65.534
 -65.534
 -65.534
   0.813
   0.958
   1.037
   1.134
   1.231
   1.326
   1.419
   1.506
   1.580
   1.646
   1.704
   1.755
   1.803
   1.843
   1.885
   1.925
   1.974
   2.028
   2.090
   2.164
   2.246
   2.319
   2.378
   2.430
   2.467
   2.495
   2.536
   2.602
   2.682
   2.787
   2.875
   2.923
   3.015
   3.046
   3.036
   3.017
   3.000
   2.976
   2.925
   2.830
   2.681
   2.504
   2.306
   2.098
   1.885
   1.677
   1.481
   1.312
   1.177
   1.085
   0.992
   0.931
   0.921
   0.963
   1.052
   1.213
   1.442
   1.705
   1.985
   2.262
   2.534
   2.788
   3.026
   3.245
   3.372
   0.000
 -65.534
 -65.534
 -65.534
 -65.534
   0.792
   0.916
   1.004
   1.094
   1.183
   1.270
   1.354
   1.425
   1.489
   1.549
   1.604
   1.654
   1.700
   1.744
   1.788
   1.837
   1.890
   1.956
   2.036
   2.122
   2.204
   2.285
   2.358
   2.414
   2.455
   2.501
   2.553
   2.616
   2.690
   2.759
   2.810
   2.866
   2.869
   2.915
   2.907
   2.885
   2.864
   2.816
   2.717
   2.571
   2.391
   2.199
   2.001
   1.796
   1.603
   1.419
   1.270
   1.142
   1.046
   0.982
   0.942
   0.954
   1.022
   1.136
   1.317
   1.557
   1.832
   2.107
   2.370
   2.627
   2.867
   3.102
   3.306
   3.413
   0.000
 -65.534
 -65.534
 -65.534
 -65.534
   0.663
   0.788
   0.869
   0.953
   1.033
   1.115
   1.190
   1.263
   1.328
   1.389
   1.446
   1.497
   1.544
   1.588
   1.629
   1.671
   1.726
   1.791
   1.871
   1.960
   2.051
   2.143
   2.230
   2.301
   2.357
   2.411
   2.461
   2.510
   2.566
   2.615
   2.654
   2.681
   2.694
   2.716
   2.692
   2.701
   2.688
   2.645
   2.551
   2.411
   2.237
   2.062
   1.878
   1.698
   1.527
   1.371
   1.232
   1.123
   1.062
   1.025
   1.033
   1.080
   1.179
   1.316
   1.504
   1.741
   2.007
   2.272
   2.517
   2.741
   2.945
   3.152
   3.341
   3.423
   0.000
 -65.534
 -65.534
 -65.534
 -65.534
   0.554
   0.665
   0.738
   0.813
   0.886
   0.963
   1.035
   1.101
   1.166
   1.225
   1.282
   1.332
   1.377
   1.415
   1.455
   1.495
   1.540
   1.599
   1.671
   1.757
   1.848
   1.943
   2.038
   2.123
   2.195
   2.255
   2.307
   2.349
   2.390
   2.427
   2.454
   2.473
   2.484
   2.478
   2.451
   2.435
   2.415
   2.364
   2.312
   2.194
   2.048
   1.894
   1.732
   1.578
   1.438
   1.313
   1.200
   1.128
   1.108
   1.123
   1.180
   1.268
   1.389
   1.543
   1.739
   1.973
   2.222
   2.471
   2.688
   2.869
   3.033
   3.198
   3.359
   3.411
   0.000
 -65.534
 -65.534
 -65.534
 -65.534
   0.431
   0.523
   0.596
   0.676
   0.757
   0.821
   0.889
   0.952
   1.010
   1.065
   1.115
   1.161
   1.202
   1.243
   1.279
   1.314
   1.352
   1.397
   1.456
   1.532
   1.617
   1.709
   1.801
   1.890
   1.969
   2.040
   2.095
   2.132
   2.166
   2.192
   2.208
   2.218
   2.220
   2.208
   2.176
   2.142
   2.100
   2.052
   1.997
   1.908
   1.807
   1.703
   1.580
   1.450
   1.337
   1.239
   1.169
   1.140
   1.163
   1.226
   1.313
   1.435
   1.589
   1.767
   1.974
   2.204
   2.440
   2.662
   2.850
   2.992
   3.119
   3.249
   3.385
   3.401
   0.000
 -65.534
 -65.534
 -65.534
 -65.534
 -65.534
 -65.534
 -65.534
 -65.534
   0.610
   0.696
   0.754
   0.810
   0.862
   0.910
   0.955
   0.997
   1.039
   1.078
   1.114
   1.147
   1.176
   1.207
   1.253
   1.311
   1.386
   1.469
   1.558
   1.642
   1.719
   1.787
   1.839
   1.876
   1.902
   1.919
   1.924
   1.927
   1.921
   1.901
   1.868
   1.832
   1.794
   1.755
   1.702
   1.645
   1.588
   1.505
   1.397
   1.304
   1.237
   1.179
   1.149
   1.160
   1.216
   1.308
   1.432
   1.585
   1.762
   1.953
   2.170
   2.389
   2.604
   2.802
   2.960
   3.093
   3.192
   3.295
   3.409
   3.407
   0.000
 -65.534
 -65.534
 -65.534
 -65.534
 -65.534
 -65.534
   0.246
   0.359
   0.513
   0.584
   0.634
   0.682
   0.730
   0.773
   0.811
   0.848
   0.890
   0.932
   0.970
   1.001
   1.025
   1.045
   1.077
   1.122
   1.180
   1.253
   1.331
   1.407
   1.476
   1.537
   1.580
   1.607
   1.624
   1.631
   1.626
   1.618
   1.608
   1.583
   1.555
   1.529
   1.506
   1.487
   1.457
   1.425
   1.387
   1.323
   1.254
   1.200
   1.149
   1.108
   1.114
   1.162
   1.253
   1.380
   1.534
   1.707
   1.893
   2.094
   2.309
   2.511
   2.694
   2.859
   3.001
   3.133
   3.233
   3.322
   3.422
   3.395
   0.000
 -65.534
 -65.534
 -65.534
 -65.534
 -65.534
 -65.534
 -65.534
 -65.534
 -65.534
   0.454
   0.506
   0.543
   0.580
   0.614
   0.655
   0.719
   0.759
   0.808
   0.852
   0.881
   0.900
   0.915
   0.940
   0.977
   1.022
   1.078
   1.138
   1.202
   1.257
   1.302
   1.334
   1.349
   1.359
   1.358
   1.345
   1.333
   1.316
   1.295
   1.272
   1.261
   1.258
   1.254
   1.248
   1.237
   1.215
   1.178
   1.135
   1.107
   1.081
   1.089
   1.134
   1.219
   1.335
   1.481
   1.645
   1.825
   2.015
   2.214
   2.408
   2.574
   2.721
   2.850
   2.986
   3.127
   3.240
   3.326
   3.433
   3.369
   0.000
 -65.534
 -65.534
 -65.534
 -65.534
 -65.534
 -65.534
 -65.534
 -65.534
 -65.534
 -65.534
 -65.534
 -65.534
 -65.534
 -65.534
 -65.534
   0.561
   0.615
   0.660
   0.710
   0.784
   0.805
   0.824
   0.843
   0.872
   0.909
   0.952
   0.998
   1.041
   1.080
   1.110
   1.127
   1.134
   1.129
   1.123
   1.113
   1.098
   1.080
   1.064
   1.057
   1.057
   1.067
   1.075
   1.081
   1.085
   1.084
   1.071
   1.060
   1.060
   1.076
   1.109
   1.175
   1.274
   1.406
   1.565
   1.749
   1.940
   2.129
   2.314
   2.475
   2.595
   2.697
   2.812
   2.953
   3.099
   3.225
   3.328
   3.440
   3.363
   0.000
 -65.534
 -65.534
 -65.534
 -65.534
 -65.534
 -65.534
 -65.534
 -65.534
 -65.534
 -65.534
 -65.534
 -65.534
 -65.534
 -65.534
 -65.534
 -65.534
 -65.534
 -65.534
 -65.534
   0.702
   0.742
   0.766
   0.790
   0.816
   0.845
   0.873
   0.906
   0.938
   0.960
   0.970
   0.974
   0.971
   0.966
   0.956
   0.948
   0.941
   0.932
   0.922
   0.922
   0.933
   0.952
   0.970
   0.985
   0.998
   1.014
   1.025
   1.041
   1.070
   1.123
   1.183
   1.265
   1.373
   1.506
   1.667
   1.850
   2.043
   2.230
   2.396
   2.522
   2.596
   2.663
   2.770
   2.901
   3.053
   3.193
   3.317
   3.437
   3.347
   0.000
 -65.534
 -65.534
 -65.534
 -65.534
 -65.534
 -65.534
 -65.534
 -65.534
 -65.534
 -65.534
 -65.534
 -65.534
 -65.534
 -65.534
 -65.534
 -65.534
 -65.534
 -65.534
   0.583
   0.693
   0.717
   0.744
   0.772
   0.797
   0.819
   0.840
   0.860
   0.878
   0.889
   0.893
   0.888
   0.878
   0.870
   0.864
   0.862
   0.864
   0.868
   0.871
   0.878
   0.897
   0.922
   0.952
   0.977
   1.000
   1.024
   1.050
   1.084
   1.137
   1.206
   1.296
   1.391
   1.496
   1.621
   1.776
   1.945
   2.128
   2.306
   2.453
   2.548
   2.599
   2.656
   2.755
   2.874
   3.022
   3.173
   3.306
   3.427
   3.328
   0.000
 -65.534
 -65.534
 -65.534
 -65.534
 -65.534
 -65.534
 -65.534
 -65.534
 -65.534
 -65.534
 -65.534
 -65.534
 -65.534
 -65.534
 -65.534
 -65.534
 -65.534
   0.588
   0.664
   0.692
   0.716
   0.740
   0.770
   0.801
   0.820
   0.834
   0.850
   0.861
   0.866
   0.866
   0.859
   0.847
   0.840
   0.838
   0.842
   0.852
   0.861
   0.873
   0.892
   0.919
   0.958
   1.002
   1.044
   1.083
   1.115
   1.146
   1.189
   1.255
   1.340
   1.430
   1.525
   1.624
   1.731
   1.869
   2.021
   2.193
   2.355
   2.479
   2.554
   2.600
   2.655
   2.741
   2.855
   2.996
   3.140
   3.273
   3.387
   3.284
   0.000
 -65.534
 -65.534
 -65.534
 -65.534
 -65.534
 -65.534
 -65.534
 -65.534
 -65.534
 -65.534
 -65.534
 -65.534
 -65.534
 -65.534
 -65.534
 -65.534
 -65.534
   0.659
   0.684
   0.694
   0.720
   0.745
   0.773
   0.802
   0.823
   0.841
   0.855
   0.865
   0.872
   0.877
   0.873
   0.864
   0.859
   0.856
   0.859
   0.869
   0.884
   0.900
   0.927
   0.967
   1.018
   1.077
   1.139
   1.193
   1.241
   1.281
   1.329
   1.402
   1.492
   1.588
   1.676
   1.737
   1.814
   1.927
   2.051
   2.193
   2.351
   2.470
   2.540
   2.589
   2.651
   2.733
   2.836
   2.955
   3.084
   3.214
   3.317
   3.206
   0.000
 -65.534
 -65.534
 -65.534
 -65.534
 -65.534
 -65.534
 -65.534
 -65.534
 -65.534
 -65.534
 -65.534
 -65.534
 -65.534
 -65.534
 -65.534
 -65.534
 -65.534
   0.676
   0.692
   0.699
   0.725
   0.752
   0.783
   0.808
   0.830
   0.846
   0.859
   0.875
   0.889
   0.902
   0.909
   0.905
   0.903
   0.901
   0.902
   0.910
   0.923
   0.943
   0.975
   1.021
   1.082
   1.151
   1.225
   1.293
   1.353
   1.406
   1.468
   1.553
   1.647
   1.747
   1.833
   1.883
   1.948
   2.021
   2.105
   2.204
   2.326
   2.438
   2.519
   2.585
   2.654
   2.734
   2.821
   2.923
   3.025
   3.125
   3.215
   3.102
   0.000
 -65.534
 -65.534
 -65.534
 -65.534
 -65.534
 -65.534
 -65.534
 -65.534
 -65.534
 -65.534
 -65.534
 -65.534
 -65.534
 -65.534
 -65.534
 -65.534
 -65.534
   0.703
   0.700
   0.720
   0.745
   0.773
   0.801
   0.824
   0.839
   0.854
   0.870
   0.890
   0.910
   0.933
   0.949
   0.956
   0.961
   0.967
   0.973
   0.984
   0.999
   1.023
   1.056
   1.102
   1.159
   1.230
   1.307
   1.380
   1.447
   1.517
   1.591
   1.675
   1.770
   1.868
   1.951
   2.006
   2.057
   2.101
   2.145
   2.204
   2.284
   2.388
   2.472
   2.554
   2.639
   2.720
   2.800
   2.882
   2.962
   3.038
   3.110
   2.985
   0.000
 -65.534
 -65.534
 -65.534
 -65.534
 -65.534
 -65.534
 -65.534
 -65.534
 -65.534
 -65.534
 -65.534
 -65.534
 -65.534
 -65.534
 -65.534
 -65.534
 -65.534
 -65.534
   0.732
   0.736
   0.774
   0.805
   0.828
   0.846
   0.856
   0.869
   0.885
   0.906
   0.930
   0.960
   0.988
   1.005
   1.024
   1.042
   1.061
   1.076
   1.085
   1.105
   1.136
   1.185
   1.258
   1.328
   1.406
   1.478
   1.547
   1.611
   1.685
   1.765
   1.860
   1.954
   2.041
   2.091
   2.134
   2.160
   2.187
   2.210
   2.271
   2.350
   2.426
   2.516
   2.599
   2.682
   2.758
   2.823
   2.884
   2.930
   2.984
   2.847
   0.000
 -65.534
 -65.534
 -65.534
 -65.534
 -65.534
 -65.534
 -65.534
 -65.534
 -65.534
 -65.534
 -65.534
 -65.534
 -65.534
 -65.534
 -65.534
 -65.534
 -65.534
 -65.534
 -65.534
   0.783
   0.793
   0.825
   0.851
   0.867
   0.883
   0.890
   0.901
   0.920
   0.949
   0.985
   1.018
   1.049
   1.081
   1.113
   1.154
   1.198
   1.250
   1.281
   1.320
   1.369
   1.372
   1.425
   1.497
   1.569
   1.637
   1.701
   1.764
   1.829
   1.908
   1.989
   2.086
   2.142
   2.191
   2.225
   2.251
   2.275
   2.309
   2.364
   2.433
   2.510
   2.574
   2.637
   2.699
   2.747
   2.791
   2.827
   2.860
   2.693
   0.000
 -65.534
 -65.534
 -65.534
 -65.534
 -65.534
 -65.534
 -65.534
 -65.534
 -65.534
 -65.534
 -65.534
 -65.534
 -65.534
 -65.534
 -65.534
 -65.534
 -65.534
 -65.534
 -65.534
 -65.534
   0.866
   0.901
   0.927
   0.939
   0.930
   0.938
   0.948
   0.962
   0.983
   1.015
   1.049
   1.086
   1.118
   1.144
   1.145
   1.041
 -65.534
 -65.534
 -65.534
 -65.534
   1.486
   1.569
   1.605
   1.669
   1.733
   1.793
   1.844
   1.900
   1.957
   2.021
   2.092
   2.147
   2.198
   2.244
   2.272
   2.304
   2.338
   2.389
   2.435
   2.491
   2.545
   2.596
   2.641
   2.677
   2.699
   2.709
   2.731
   2.542
   0.000
 -65.534
 -65.534
 -65.534
 -65.534
 -65.534
 -65.534
 -65.534
 -65.534
 -65.534
 -65.534
 -65.534
 -65.534
 -65.534
 -65.534
 -65.534
 -65.534
 -65.534
 -65.534
 -65.534
 -65.534
 -65.534
 -65.534
 -65.534
 -65.534
   0.963
   0.981
   0.991
   1.004
   1.027
   1.060
   1.090
   1.127
   1.156
   1.168
   1.135
   0.996
 -65.534
 -65.534
 -65.534
 -65.534
 -65.534
 -65.534
   1.668
   1.748
   1.814
   1.865
   1.907
   1.940
   1.977
   2.013
   2.054
   2.106
   2.154
   2.198
   2.244
   2.280
   2.309
   2.350
   2.396
   2.449
   2.507
   2.552
   2.585
   2.606
   2.612
   2.595
   2.576
   2.351
   0.000
 -65.534
 -65.534
 -65.534
 -65.534
 -65.534
 -65.534
 -65.534
 -65.534
 -65.534
 -65.534
 -65.534
 -65.534
 -65.534
 -65.534
 -65.534
 -65.534
 -65.534
 -65.534
 -65.534
 -65.534
 -65.534
 -65.534
 -65.534
 -65.534
   1.038
   1.061
   1.078
   1.097
   1.120
   1.113
   1.136
   1.167
   1.192
   1.193
   1.147
   1.038
 -65.534
 -65.534
 -65.534
 -65.534
 -65.534
 -65.534
 -65.534
   1.757
   1.866
   1.932
   1.964
   1.977
   1.996
   2.017
   2.047
   2.081
   2.115
   2.154
   2.189
   2.221
   2.254
   2.296
   2.342
   2.388
   2.429
   2.460
   2.477
   2.473
   2.452
   2.411
   2.359
   2.114
   0.000
 -65.534
 -65.534
 -65.534
 -65.534
 -65.534
 -65.534
 -65.534
 -65.534
 -65.534
 -65.534
 -65.534
 -65.534
 -65.534
 -65.534
 -65.534
 -65.534
 -65.534
 -65.534
 -65.534
 -65.534
 -65.534
 -65.534
 -65.534
 -65.534
 -65.534
 -65.534
 -65.534
 -65.534
 -65.534
   1.184
   1.208
   1.232
   1.228
   1.219
   1.169
   1.045
   0.435
 -65.534
 -65.534
 -65.534
 -65.534
 -65.534
 -65.534
   1.687
   1.755
 -65.534
   1.802
   1.939
   1.990
   2.023
   2.034
   2.052
   2.066
   2.094
   2.125
   2.152
   2.186
   2.218
   2.248
   2.281
   2.297
   2.303
   2.290
   2.255
   2.201
   2.128
   2.039
   1.785
   0.000
 -65.534
 -65.534
 -65.534
 -65.534
 -65.534
 -65.534
 -65.534
 -65.534
 -65.534
 -65.534
 -65.534
 -65.534
 -65.534
 -65.534
 -65.534
 -65.534
 -65.534
 -65.534
 -65.534
 -65.534
 -65.534
 -65.534
 -65.534
 -65.534
 -65.534
 -65.534
 -65.534
 -65.534
 -65.534
 -65.534
 -65.534
 -65.534
   1.257
   1.243
   1.184
   1.046
   0.586
   0.308
 -65.534
 -65.534
 -65.534
 -65.534
 -65.534
 -65.534
 -65.534
 -65.534
 -65.534
 -65.534
 -65.534
   1.777
   1.963
   2.013
   2.070
   2.084
   2.095
   2.087
   2.091
   2.101
   2.108
   2.111
   2.099
   2.074
   2.029
   1.963
   1.873
   1.765
   1.649
   1.398
   0.000
 -65.534
 -65.534
 -65.534
 -65.534
 -65.534
 -65.534
 -65.534
 -65.534
 -65.534
 -65.534
 -65.534
 -65.534
 -65.534
 -65.534
 -65.534
 -65.534
 -65.534
 -65.534
 -65.534
 -65.534
 -65.534
 -65.534
 -65.534
 -65.534
 -65.534
 -65.534
 -65.534
 -65.534
 -65.534
 -65.534
 -65.534
 -65.534
   1.295
   1.252
   1.188
   1.035
   0.693
   0.406
   0.262
   0.221
 -65.534
 -65.534
 -65.534
 -65.534
 -65.534
 -65.534
 -65.534
 -65.534
 -65.534
 -65.534
 -65.534
 -65.534
   1.709
   1.914
   1.944
   1.999
   1.979
   1.943
   1.914
   1.882
   1.841
   1.785
   1.706
   1.605
   1.487
   1.364
   1.236
   1.019
   0.000
 -65.534
 -65.534
 -65.534
 -65.534
 -65.534
 -65.534
 -65.534
 -65.534
 -65.534
 -65.534
 -65.534
 -65.534
 -65.534
 -65.534
 -65.534
 -65.534
 -65.534
 -65.534
 -65.534
 -65.534
 -65.534
 -65.534
 -65.534
 -65.534
 -65.534
 -65.534
 -65.534
 -65.534
 -65.534
 -65.534
 -65.534
 -65.534
 -65.534
 -65.534
 -65.534
 -65.534
   0.654
   0.472
   0.334
   0.252
   0.209
   0.180
   0.156
   0.147
   0.141
 -65.534
 -65.534
 -65.534
 -65.534
 -65.534
 -65.534
 -65.534
 -65.534
 -65.534
 -65.534
   1.556
   1.749
   1.759
   1.714
   1.636
   1.550
   1.459
   1.351
   1.225
   1.088
   0.959
   0.836
   0.669
   0.000
 -65.534
 -65.534
 -65.534
 -65.534
 -65.534
 -65.534
 -65.534
 -65.534
 -65.534
 -65.534
 -65.534
 -65.534
 -65.534
 -65.534
 -65.534
 -65.534
 -65.534
 -65.534
 -65.534
 -65.534
 -65.534
 -65.534
 -65.534
 -65.534
 -65.534
 -65.534
 -65.534
 -65.534
 -65.534
 -65.534
 -65.534
 -65.534
 -65.534
 -65.534
 -65.534
 -65.534
 -65.534
 -65.534
 -65.534
 -65.534
   0.172
 -65.534
 -65.534
 -65.534
 -65.534
 -65.534
 -65.534
 -65.534
 -65.534
 -65.534
 -65.534
 -65.534
 -65.534
 -65.534
 -65.534
   0.992
   1.287
   1.372
   1.348
   1.362
   1.264
   1.133
   1.001
   0.859
   0.717
   0.596
   0.484
   0.358
   0.000
 -65.534
 -65.534
 -65.534
 -65.534
 -65.534
 -65.534
 -65.534
 -65.534
 -65.534
 -65.534
 -65.534
 -65.534
 -65.534
 -65.534
 -65.534
 -65.534
 -65.534
 -65.534
 -65.534
 -65.534
 -65.534
 -65.534
 -65.534
 -65.534
 -65.534
 -65.534
 -65.534
 -65.534
 -65.534
 -65.534
 -65.534
 -65.534
 -65.534
 -65.534
 -65.534
 -65.534
 -65.534
 -65.534
 -65.534
 -65.534
 -65.534
 -65.534
 -65.534
 -65.534
 -65.534
 -65.534
 -65.534
 -65.534
 -65.534
 -65.534
 -65.534
 -65.534
 -65.534
 -65.534
 -65.534
 -65.534
 -65.534
 -65.534
 -65.534
   0.754
   0.818
   0.734
   0.589
   0.452
   0.334
   0.235
   0.152
   0.068
   0.000
 -65.534
 -65.534
 -65.534
 -65.534
 -65.534
 -65.534
 -65.534
 -65.534
 -65.534
 -65.534
 -65.534
 -65.534
 -65.534
 -65.534
 -65.534
 -65.534
 -65.534
 -65.534
 -65.534
 -65.534
 -65.534
 -65.534
 -65.534
 -65.534
 -65.534
 -65.534
 -65.534
 -65.534
 -65.534
 -65.534
 -65.534
 -65.534
 -65.534
 -65.534
 -65.534
 -65.534
 -65.534
 -65.534
 -65.534
 -65.534
 -65.534
 -65.534
 -65.534
 -65.534
 -65.534
 -65.534
 -65.534
 -65.534
 -65.534
 -65.534
 -65.534
 -65.534
 -65.534
 -65.534
 -65.534
 -65.534
 -65.534
 -65.534
 -65.534
 -65.534
 -65.534
   0.000
   0.000
   0.000
   0.000
   0.000
   0.000
   0.000
 -65.534
