 -65.534
   0.000
   0.000
   0.000
   0.000
   0.000
   0.000
   0.000
   0.000
   0.000
   0.000
   0.000
   0.000
   0.000
   0.000
   0.000
   0.000
   0.000
   0.000
   0.000
   0.000
   0.000
   0.000
   0.000
   0.000
   0.000
   0.000
   0.000
   0.000
   0.000
   0.000
   0.000
   0.000
   0.000
   0.000
   0.000
   0.000
   0.000
   0.000
   0.000
   0.000
   0.000
   0.000
   0.000
   0.000
   0.000
   0.000
   0.000
   0.000
   0.000
   0.000
   0.000
   0.000
   0.000
   0.000
   0.000
   0.000
   0.000
   0.000
   0.000
   0.000
   0.000
   0.000
   0.000
   0.000
   0.000
   0.000
   0.000
 -65.534
   0.000
   0.888
   0.964
   0.993
   1.027
   1.059
   1.090
   1.121
   1.147
   1.165
   1.177
   1.179
   1.178
   1.177
   1.175
   1.178
   1.180
   1.189
   1.207
   1.236
   1.279
   1.324
   1.366
   1.415
   1.414
   1.387
   1.361
   1.340
   1.315
   1.297
   1.282
   1.271
   1.268
   1.274
   1.272
   1.272
   1.266
   1.259
   1.263
   1.269
   1.290
   1.324
   1.359
   1.386
   1.394
   1.384
   1.366
   1.352
   1.346
   1.352
   1.367
   1.391
   1.419
   1.448
   1.482
   1.497
   1.504
   1.505
   1.501
   1.500
   1.502
   1.505
   1.511
   1.518
   1.521
   1.523
   1.526
   1.450
   0.000
   0.000
   0.992
   1.058
   1.079
   1.110
   1.140
   1.176
   1.214
   1.248
   1.275
   1.295
   1.302
   1.303
   1.300
   1.295
   1.290
   1.286
   1.288
   1.298
   1.316
   1.345
   1.377
   1.410
   1.443
   1.441
   1.419
   1.395
   1.373
   1.355
   1.345
   1.338
   1.336
   1.340
   1.350
   1.356
   1.356
   1.349
   1.342
   1.338
   1.349
   1.376
   1.417
   1.461
   1.502
   1.517
   1.508
   1.497
   1.492
   1.496
   1.514
   1.535
   1.565
   1.603
   1.640
   1.671
   1.692
   1.705
   1.713
   1.719
   1.724
   1.727
   1.730
   1.735
   1.737
   1.742
   1.741
   1.741
   1.658
   0.000
   0.000
   1.010
   1.072
   1.088
   1.115
   1.142
   1.178
   1.215
   1.251
   1.280
   1.300
   1.307
   1.309
   1.307
   1.301
   1.294
   1.287
   1.283
   1.286
   1.297
   1.316
   1.338
   1.361
   1.379
   1.385
   1.372
   1.356
   1.339
   1.326
   1.316
   1.316
   1.320
   1.331
   1.347
   1.360
   1.366
   1.363
   1.354
   1.353
   1.360
   1.389
   1.428
   1.476
   1.518
   1.543
   1.541
   1.536
   1.538
   1.550
   1.573
   1.602
   1.637
   1.678
   1.717
   1.748
   1.773
   1.792
   1.805
   1.810
   1.813
   1.817
   1.819
   1.816
   1.817
   1.818
   1.814
   1.810
   1.720
   0.000
   0.000
   1.025
   1.083
   1.093
   1.114
   1.139
   1.166
   1.199
   1.231
   1.259
   1.280
   1.290
   1.295
   1.297
   1.293
   1.282
   1.273
   1.266
   1.265
   1.267
   1.277
   1.292
   1.308
   1.320
   1.326
   1.320
   1.314
   1.306
   1.298
   1.297
   1.302
   1.311
   1.326
   1.344
   1.360
   1.368
   1.367
   1.357
   1.353
   1.364
   1.387
   1.423
   1.466
   1.513
   1.544
   1.557
   1.560
   1.570
   1.591
   1.617
   1.650
   1.687
   1.728
   1.768
   1.801
   1.828
   1.850
   1.864
   1.868
   1.869
   1.869
   1.866
   1.863
   1.862
   1.864
   1.862
   1.860
   1.768
   0.000
   0.000
   1.039
   1.094
   1.102
   1.120
   1.136
   1.157
   1.182
   1.208
   1.232
   1.249
   1.259
   1.265
   1.265
   1.259
   1.248
   1.237
   1.229
   1.225
   1.225
   1.231
   1.238
   1.248
   1.262
   1.265
   1.270
   1.280
   1.284
   1.286
   1.292
   1.304
   1.317
   1.333
   1.346
   1.360
   1.367
   1.361
   1.350
   1.342
   1.350
   1.375
   1.409
   1.448
   1.490
   1.528
   1.549
   1.563
   1.583
   1.609
   1.643
   1.678
   1.718
   1.760
   1.798
   1.830
   1.855
   1.874
   1.885
   1.888
   1.889
   1.886
   1.884
   1.884
   1.886
   1.890
   1.893
   1.894
   1.803
   0.000
   0.000
   1.050
   1.106
   1.115
   1.128
   1.138
   1.153
   1.170
   1.189
   1.207
   1.221
   1.230
   1.234
   1.232
   1.223
   1.209
   1.197
   1.186
   1.180
   1.177
   1.178
   1.183
   1.191
   1.202
   1.214
   1.236
   1.259
   1.277
   1.290
   1.304
   1.320
   1.334
   1.346
   1.355
   1.362
   1.363
   1.355
   1.342
   1.334
   1.343
   1.364
   1.391
   1.424
   1.463
   1.498
   1.522
   1.540
   1.565
   1.597
   1.635
   1.679
   1.727
   1.770
   1.809
   1.839
   1.861
   1.879
   1.888
   1.886
   1.886
   1.886
   1.884
   1.882
   1.888
   1.897
   1.904
   1.908
   1.821
   0.000
   0.000
   1.056
   1.116
   1.128
   1.138
   1.146
   1.155
   1.165
   1.178
   1.191
   1.202
   1.209
   1.209
   1.204
   1.194
   1.178
   1.162
   1.150
   1.142
   1.136
   1.135
   1.142
   1.150
   1.164
   1.186
   1.213
   1.245
   1.273
   1.296
   1.315
   1.335
   1.350
   1.359
   1.364
   1.365
   1.361
   1.352
   1.340
   1.339
   1.351
   1.366
   1.383
   1.405
   1.435
   1.461
   1.479
   1.495
   1.516
   1.547
   1.593
   1.648
   1.708
   1.759
   1.801
   1.830
   1.852
   1.867
   1.873
   1.873
   1.872
   1.872
   1.870
   1.869
   1.877
   1.888
   1.899
   1.905
   1.826
   0.000
   0.000
   1.056
   1.125
   1.140
   1.153
   1.158
   1.162
   1.168
   1.175
   1.185
   1.192
   1.196
   1.194
   1.187
   1.173
   1.157
   1.139
   1.125
   1.115
   1.110
   1.109
   1.114
   1.126
   1.145
   1.169
   1.197
   1.231
   1.264
   1.291
   1.313
   1.337
   1.353
   1.365
   1.373
   1.373
   1.366
   1.361
   1.359
   1.365
   1.374
   1.380
   1.382
   1.390
   1.408
   1.427
   1.438
   1.447
   1.463
   1.490
   1.537
   1.601
   1.673
   1.738
   1.785
   1.817
   1.838
   1.851
   1.854
   1.850
   1.852
   1.850
   1.849
   1.850
   1.857
   1.869
   1.884
   1.895
   1.816
   0.000
   0.000
   1.042
   1.120
   1.147
   1.164
   1.169
   1.172
   1.176
   1.182
   1.190
   1.195
   1.195
   1.190
   1.179
   1.164
   1.146
   1.128
   1.113
   1.103
   1.097
   1.097
   1.103
   1.116
   1.137
   1.159
   1.186
   1.215
   1.246
   1.273
   1.302
   1.328
   1.349
   1.363
   1.377
   1.381
   1.384
   1.386
   1.390
   1.391
   1.395
   1.394
   1.387
   1.387
   1.396
   1.407
   1.418
   1.422
   1.430
   1.457
   1.502
   1.566
   1.644
   1.718
   1.772
   1.807
   1.828
   1.837
   1.833
   1.826
   1.823
   1.823
   1.823
   1.825
   1.833
   1.846
   1.865
   1.878
   1.801
   0.000
   0.000
   1.015
   1.099
   1.138
   1.164
   1.175
   1.179
   1.184
   1.190
   1.200
   1.207
   1.207
   1.202
   1.189
   1.175
   1.153
   1.130
   1.115
   1.101
   1.094
   1.096
   1.104
   1.120
   1.140
   1.158
   1.178
   1.201
   1.230
   1.260
   1.291
   1.318
   1.341
   1.362
   1.379
   1.391
   1.400
   1.407
   1.411
   1.411
   1.409
   1.406
   1.398
   1.393
   1.397
   1.405
   1.417
   1.425
   1.425
   1.445
   1.489
   1.550
   1.627
   1.699
   1.755
   1.789
   1.807
   1.809
   1.803
   1.792
   1.790
   1.790
   1.794
   1.798
   1.809
   1.823
   1.840
   1.853
   1.780
   0.000
   0.000
   0.983
   1.076
   1.120
   1.151
   1.168
   1.180
   1.191
   1.199
   1.211
   1.220
   1.226
   1.223
   1.216
   1.199
   1.179
   1.154
   1.131
   1.114
   1.104
   1.104
   1.113
   1.127
   1.147
   1.166
   1.183
   1.202
   1.225
   1.252
   1.284
   1.316
   1.344
   1.368
   1.388
   1.403
   1.416
   1.427
   1.429
   1.426
   1.422
   1.419
   1.412
   1.407
   1.406
   1.412
   1.423
   1.429
   1.435
   1.452
   1.488
   1.544
   1.610
   1.670
   1.718
   1.750
   1.765
   1.766
   1.760
   1.754
   1.755
   1.760
   1.770
   1.780
   1.792
   1.807
   1.824
   1.835
   1.765
   0.000
   0.000
   0.915
   1.052
   1.095
   1.127
   1.149
   1.166
   1.183
   1.199
   1.213
   1.229
   1.238
   1.243
   1.241
   1.229
   1.208
   1.185
   1.161
   1.138
   1.124
   1.120
   1.125
   1.138
   1.155
   1.175
   1.194
   1.215
   1.236
   1.262
   1.293
   1.326
   1.356
   1.382
   1.405
   1.421
   1.432
   1.438
   1.441
   1.435
   1.432
   1.429
   1.422
   1.417
   1.412
   1.411
   1.414
   1.423
   1.431
   1.449
   1.481
   1.525
   1.580
   1.627
   1.665
   1.690
   1.702
   1.706
   1.707
   1.710
   1.716
   1.731
   1.748
   1.764
   1.783
   1.801
   1.819
   1.830
   1.756
   0.000
 -65.534
 -65.534
   0.938
   1.053
   1.085
   1.112
   1.136
   1.158
   1.178
   1.198
   1.215
   1.228
   1.236
   1.238
   1.232
   1.220
   1.199
   1.179
   1.159
   1.144
   1.137
   1.139
   1.150
   1.167
   1.187
   1.210
   1.233
   1.256
   1.280
   1.310
   1.343
   1.373
   1.402
   1.426
   1.441
   1.449
   1.453
   1.448
   1.442
   1.437
   1.430
   1.423
   1.414
   1.405
   1.397
   1.391
   1.394
   1.404
   1.419
   1.447
   1.482
   1.524
   1.563
   1.590
   1.611
   1.625
   1.631
   1.640
   1.653
   1.674
   1.696
   1.720
   1.756
   1.785
   1.808
   1.826
   1.832
   1.749
   0.000
 -65.534
 -65.534
 -65.534
   0.917
   1.024
   1.060
   1.093
   1.119
   1.142
   1.162
   1.182
   1.195
   1.200
   1.204
   1.203
   1.198
   1.189
   1.177
   1.162
   1.150
   1.145
   1.148
   1.159
   1.177
   1.200
   1.226
   1.253
   1.277
   1.303
   1.331
   1.361
   1.393
   1.421
   1.441
   1.452
   1.467
   1.472
   1.464
   1.452
   1.442
   1.432
   1.422
   1.406
   1.390
   1.374
   1.362
   1.356
   1.360
   1.374
   1.394
   1.425
   1.457
   1.487
   1.507
   1.520
   1.535
   1.551
   1.566
   1.588
   1.616
   1.650
   1.685
   1.723
   1.764
   1.795
   1.818
   1.826
   1.741
   0.000
 -65.534
 -65.534
 -65.534
 -65.534
   0.925
   0.998
   1.039
   1.064
   1.086
   1.107
   1.127
   1.143
   1.152
   1.155
   1.158
   1.158
   1.154
   1.148
   1.142
   1.135
   1.135
   1.141
   1.155
   1.178
   1.205
   1.236
   1.265
   1.291
   1.317
   1.344
   1.372
   1.402
   1.426
   1.448
   1.463
   1.474
   1.477
   1.480
   1.469
   1.455
   1.440
   1.423
   1.404
   1.379
   1.355
   1.333
   1.319
   1.316
   1.322
   1.336
   1.360
   1.382
   1.401
   1.420
   1.436
   1.454
   1.478
   1.502
   1.529
   1.563
   1.600
   1.640
   1.682
   1.721
   1.756
   1.786
   1.799
   1.719
   0.000
 -65.534
 -65.534
 -65.534
 -65.534
   0.852
   0.931
   0.969
   0.992
   1.013
   1.036
   1.061
   1.082
   1.097
   1.106
   1.111
   1.109
   1.108
   1.106
   1.101
   1.100
   1.102
   1.112
   1.130
   1.154
   1.186
   1.219
   1.253
   1.284
   1.311
   1.339
   1.366
   1.393
   1.419
   1.441
   1.461
   1.474
   1.481
   1.485
   1.475
   1.463
   1.447
   1.423
   1.396
   1.364
   1.332
   1.303
   1.280
   1.266
   1.261
   1.266
   1.278
   1.296
   1.317
   1.332
   1.354
   1.382
   1.411
   1.445
   1.482
   1.518
   1.558
   1.595
   1.633
   1.671
   1.706
   1.737
   1.754
   1.680
   0.000
 -65.534
 -65.534
 -65.534
 -65.534
   0.784
   0.858
   0.896
   0.916
   0.935
   0.961
   0.990
   1.017
   1.037
   1.052
   1.061
   1.064
   1.060
   1.056
   1.052
   1.051
   1.057
   1.068
   1.084
   1.108
   1.138
   1.172
   1.209
   1.244
   1.275
   1.303
   1.332
   1.360
   1.388
   1.415
   1.437
   1.456
   1.472
   1.476
   1.469
   1.455
   1.434
   1.406
   1.376
   1.339
   1.300
   1.263
   1.233
   1.211
   1.198
   1.194
   1.198
   1.214
   1.233
   1.254
   1.281
   1.314
   1.353
   1.395
   1.440
   1.480
   1.519
   1.553
   1.588
   1.619
   1.650
   1.680
   1.697
   1.633
   0.000
 -65.534
 -65.534
 -65.534
 -65.534
   0.683
   0.744
   0.786
   0.817
   0.861
   0.881
   0.913
   0.943
   0.969
   0.990
   1.002
   1.006
   1.008
   1.007
   1.006
   1.001
   1.004
   1.013
   1.027
   1.049
   1.076
   1.105
   1.142
   1.176
   1.209
   1.240
   1.270
   1.298
   1.329
   1.357
   1.386
   1.412
   1.433
   1.441
   1.437
   1.424
   1.400
   1.369
   1.335
   1.296
   1.257
   1.219
   1.185
   1.156
   1.137
   1.127
   1.127
   1.139
   1.159
   1.185
   1.218
   1.256
   1.304
   1.355
   1.406
   1.453
   1.494
   1.529
   1.558
   1.586
   1.612
   1.640
   1.654
   1.594
   0.000
 -65.534
 -65.534
 -65.534
 -65.534
 -65.534
 -65.534
 -65.534
 -65.534
   0.733
   0.787
   0.827
   0.858
   0.888
   0.913
   0.930
   0.940
   0.948
   0.953
   0.960
   0.964
   0.965
   0.967
   0.973
   0.990
   1.013
   1.040
   1.069
   1.098
   1.128
   1.159
   1.188
   1.218
   1.248
   1.280
   1.309
   1.337
   1.361
   1.374
   1.373
   1.361
   1.340
   1.311
   1.278
   1.241
   1.205
   1.169
   1.135
   1.106
   1.086
   1.076
   1.074
   1.084
   1.106
   1.136
   1.174
   1.219
   1.272
   1.330
   1.387
   1.441
   1.487
   1.526
   1.552
   1.575
   1.598
   1.622
   1.635
   1.579
   0.000
 -65.534
 -65.534
 -65.534
 -65.534
 -65.534
 -65.534
   0.400
   0.466
   0.628
   0.698
   0.736
   0.770
   0.803
   0.831
   0.855
   0.874
   0.891
   0.906
   0.919
   0.928
   0.931
   0.933
   0.939
   0.948
   0.958
   0.981
   1.006
   1.030
   1.057
   1.085
   1.112
   1.137
   1.167
   1.194
   1.223
   1.248
   1.272
   1.287
   1.287
   1.279
   1.261
   1.237
   1.207
   1.180
   1.152
   1.119
   1.090
   1.066
   1.048
   1.038
   1.037
   1.047
   1.070
   1.105
   1.147
   1.196
   1.254
   1.314
   1.371
   1.427
   1.480
   1.523
   1.553
   1.574
   1.597
   1.617
   1.634
   1.569
   0.000
 -65.534
 -65.534
 -65.534
 -65.534
 -65.534
 -65.534
 -65.534
 -65.534
 -65.534
   0.581
   0.619
   0.657
   0.688
   0.720
   0.759
   0.811
   0.838
   0.864
   0.884
   0.896
   0.901
   0.904
   0.913
   0.925
   0.940
   0.951
   0.963
   0.982
   1.001
   1.020
   1.041
   1.064
   1.091
   1.118
   1.143
   1.165
   1.181
   1.190
   1.191
   1.185
   1.174
   1.159
   1.138
   1.116
   1.095
   1.071
   1.052
   1.034
   1.023
   1.016
   1.020
   1.033
   1.056
   1.092
   1.134
   1.184
   1.243
   1.300
   1.355
   1.406
   1.458
   1.504
   1.544
   1.571
   1.595
   1.615
   1.628
   1.554
   0.000
 -65.534
 -65.534
 -65.534
 -65.534
 -65.534
 -65.534
 -65.534
 -65.534
 -65.534
 -65.534
 -65.534
 -65.534
 -65.534
 -65.534
 -65.534
   0.632
   0.718
   0.771
   0.814
   0.863
   0.872
   0.884
   0.899
   0.918
   0.934
   0.949
   0.958
   0.962
   0.969
   0.980
   0.992
   1.008
   1.025
   1.046
   1.065
   1.084
   1.097
   1.104
   1.116
   1.111
   1.100
   1.087
   1.071
   1.057
   1.045
   1.032
   1.021
   1.016
   1.011
   1.012
   1.019
   1.032
   1.058
   1.092
   1.134
   1.182
   1.236
   1.289
   1.333
   1.376
   1.422
   1.473
   1.519
   1.556
   1.584
   1.602
   1.609
   1.527
   0.000
 -65.534
 -65.534
 -65.534
 -65.534
 -65.534
 -65.534
 -65.534
 -65.534
 -65.534
 -65.534
 -65.534
 -65.534
 -65.534
 -65.534
 -65.534
 -65.534
 -65.534
 -65.534
 -65.534
   0.744
   0.822
   0.864
   0.895
   0.925
   0.946
   0.958
   0.967
   0.973
   0.973
   0.968
   0.970
   0.977
   0.986
   0.998
   1.014
   1.027
   1.039
   1.044
   1.048
   1.046
   1.041
   1.028
   1.019
   1.012
   1.008
   1.002
   1.000
   1.006
   1.013
   1.018
   1.026
   1.042
   1.066
   1.099
   1.137
   1.179
   1.225
   1.268
   1.305
   1.340
   1.383
   1.433
   1.484
   1.528
   1.558
   1.578
   1.584
   1.497
   0.000
 -65.534
 -65.534
 -65.534
 -65.534
 -65.534
 -65.534
 -65.534
 -65.534
 -65.534
 -65.534
 -65.534
 -65.534
 -65.534
 -65.534
 -65.534
 -65.534
 -65.534
 -65.534
   0.561
   0.746
   0.813
   0.862
   0.906
   0.943
   0.965
   0.978
   0.988
   0.992
   0.991
   0.985
   0.977
   0.973
   0.974
   0.980
   0.991
   1.003
   1.014
   1.017
   1.016
   1.011
   1.008
   1.004
   0.999
   0.996
   0.994
   0.990
   0.989
   0.995
   1.007
   1.024
   1.042
   1.061
   1.085
   1.116
   1.143
   1.168
   1.205
   1.240
   1.271
   1.300
   1.338
   1.388
   1.439
   1.488
   1.526
   1.548
   1.555
   1.470
   0.000
 -65.534
 -65.534
 -65.534
 -65.534
 -65.534
 -65.534
 -65.534
 -65.534
 -65.534
 -65.534
 -65.534
 -65.534
 -65.534
 -65.534
 -65.534
 -65.534
 -65.534
   0.559
   0.694
   0.780
   0.829
   0.877
   0.924
   0.964
   0.987
   0.999
   1.008
   1.014
   1.015
   1.015
   1.006
   0.996
   0.994
   0.993
   1.000
   1.009
   1.014
   1.017
   1.013
   1.009
   1.005
   1.007
   1.012
   1.018
   1.021
   1.014
   1.005
   1.005
   1.014
   1.033
   1.054
   1.077
   1.099
   1.122
   1.144
   1.168
   1.193
   1.218
   1.239
   1.266
   1.296
   1.338
   1.389
   1.442
   1.485
   1.517
   1.528
   1.447
   0.000
 -65.534
 -65.534
 -65.534
 -65.534
 -65.534
 -65.534
 -65.534
 -65.534
 -65.534
 -65.534
 -65.534
 -65.534
 -65.534
 -65.534
 -65.534
 -65.534
 -65.534
   0.660
   0.751
   0.807
   0.852
   0.896
   0.943
   0.980
   1.001
   1.016
   1.026
   1.033
   1.038
   1.043
   1.038
   1.025
   1.020
   1.020
   1.018
   1.021
   1.024
   1.021
   1.017
   1.013
   1.010
   1.012
   1.025
   1.045
   1.059
   1.052
   1.033
   1.024
   1.028
   1.043
   1.062
   1.085
   1.109
   1.128
   1.146
   1.161
   1.178
   1.193
   1.206
   1.224
   1.253
   1.294
   1.343
   1.394
   1.441
   1.480
   1.497
   1.437
   0.000
 -65.534
 -65.534
 -65.534
 -65.534
 -65.534
 -65.534
 -65.534
 -65.534
 -65.534
 -65.534
 -65.534
 -65.534
 -65.534
 -65.534
 -65.534
 -65.534
 -65.534
   0.709
   0.782
   0.830
   0.870
   0.913
   0.957
   0.992
   1.011
   1.022
   1.034
   1.045
   1.055
   1.061
   1.063
   1.050
   1.044
   1.039
   1.034
   1.030
   1.025
   1.018
   1.012
   1.004
   1.002
   1.006
   1.020
   1.043
   1.059
   1.054
   1.043
   1.031
   1.031
   1.039
   1.058
   1.080
   1.107
   1.132
   1.151
   1.166
   1.176
   1.183
   1.191
   1.201
   1.224
   1.258
   1.300
   1.350
   1.401
   1.440
   1.470
   1.431
   0.000
 -65.534
 -65.534
 -65.534
 -65.534
 -65.534
 -65.534
 -65.534
 -65.534
 -65.534
 -65.534
 -65.534
 -65.534
 -65.534
 -65.534
 -65.534
 -65.534
 -65.534
   0.746
   0.801
   0.847
   0.888
   0.928
   0.970
   1.001
   1.017
   1.026
   1.037
   1.050
   1.061
   1.071
   1.075
   1.064
   1.059
   1.053
   1.047
   1.039
   1.029
   1.018
   1.007
   1.000
   0.995
   0.997
   1.006
   1.022
   1.033
   1.036
   1.028
   1.021
   1.020
   1.027
   1.043
   1.067
   1.097
   1.124
   1.150
   1.168
   1.180
   1.185
   1.188
   1.196
   1.210
   1.233
   1.266
   1.305
   1.350
   1.390
   1.431
   1.405
   0.000
 -65.534
 -65.534
 -65.534
 -65.534
 -65.534
 -65.534
 -65.534
 -65.534
 -65.534
 -65.534
 -65.534
 -65.534
 -65.534
 -65.534
 -65.534
 -65.534
 -65.534
 -65.534
   0.807
   0.856
   0.901
   0.941
   0.975
   1.000
   1.012
   1.021
   1.029
   1.041
   1.052
   1.065
   1.073
   1.064
   1.063
   1.059
   1.054
   1.046
   1.035
   1.021
   1.010
   0.998
   0.991
   0.986
   0.989
   0.999
   1.008
   1.013
   1.013
   1.010
   1.012
   1.019
   1.035
   1.057
   1.087
   1.120
   1.150
   1.172
   1.186
   1.191
   1.192
   1.196
   1.204
   1.220
   1.241
   1.270
   1.302
   1.335
   1.376
   1.359
   0.000
 -65.534
 -65.534
 -65.534
 -65.534
 -65.534
 -65.534
 -65.534
 -65.534
 -65.534
 -65.534
 -65.534
 -65.534
 -65.534
 -65.534
 -65.534
 -65.534
 -65.534
 -65.534
 -65.534
   0.849
   0.897
   0.934
   0.961
   0.980
   0.989
   0.994
   1.000
   1.009
   1.021
   1.036
   1.043
   1.048
   1.050
   1.052
   1.054
   1.055
   1.047
   1.033
   1.020
   1.005
   0.984
   0.966
   0.960
   0.967
   0.979
   0.991
   0.999
   1.003
   1.011
   1.023
   1.042
   1.067
   1.097
   1.129
   1.158
   1.179
   1.192
   1.196
   1.195
   1.196
   1.199
   1.208
   1.221
   1.240
   1.262
   1.284
   1.315
   1.292
   0.000
 -65.534
 -65.534
 -65.534
 -65.534
 -65.534
 -65.534
 -65.534
 -65.534
 -65.534
 -65.534
 -65.534
 -65.534
 -65.534
 -65.534
 -65.534
 -65.534
 -65.534
 -65.534
 -65.534
 -65.534
   0.872
   0.907
   0.936
   0.948
   0.960
   0.960
   0.963
   0.970
   0.980
   0.995
   1.004
   1.017
   1.025
   1.032
   1.039
   1.024
 -65.534
 -65.534
 -65.534
 -65.534
   0.778
   0.854
   0.898
   0.923
   0.950
   0.977
   0.996
   1.010
   1.024
   1.041
   1.061
   1.088
   1.115
   1.145
   1.169
   1.187
   1.196
   1.197
   1.194
   1.190
   1.187
   1.189
   1.194
   1.205
   1.218
   1.235
   1.257
   1.224
   0.000
 -65.534
 -65.534
 -65.534
 -65.534
 -65.534
 -65.534
 -65.534
 -65.534
 -65.534
 -65.534
 -65.534
 -65.534
 -65.534
 -65.534
 -65.534
 -65.534
 -65.534
 -65.534
 -65.534
 -65.534
 -65.534
 -65.534
 -65.534
 -65.534
   0.883
   0.917
   0.932
   0.944
   0.961
   0.975
   0.990
   1.012
   1.029
   1.043
   1.049
   1.019
 -65.534
 -65.534
 -65.534
 -65.534
 -65.534
 -65.534
   0.779
   0.869
   0.931
   0.973
   1.002
   1.025
   1.044
   1.062
   1.083
   1.107
   1.131
   1.153
   1.175
   1.187
   1.192
   1.188
   1.180
   1.170
   1.162
   1.160
   1.158
   1.160
   1.163
   1.171
   1.183
   1.145
   0.000
 -65.534
 -65.534
 -65.534
 -65.534
 -65.534
 -65.534
 -65.534
 -65.534
 -65.534
 -65.534
 -65.534
 -65.534
 -65.534
 -65.534
 -65.534
 -65.534
 -65.534
 -65.534
 -65.534
 -65.534
 -65.534
 -65.534
 -65.534
 -65.534
   0.822
   0.863
   0.894
   0.919
   0.943
   0.974
   0.991
   1.014
   1.031
   1.043
   1.041
   0.999
 -65.534
 -65.534
 -65.534
 -65.534
 -65.534
 -65.534
 -65.534
   0.805
   0.913
   0.979
   1.020
   1.044
   1.062
   1.075
   1.094
   1.113
   1.132
   1.151
   1.169
   1.179
   1.182
   1.174
   1.163
   1.147
   1.131
   1.117
   1.110
   1.101
   1.095
   1.089
   1.091
   1.048
   0.000
 -65.534
 -65.534
 -65.534
 -65.534
 -65.534
 -65.534
 -65.534
 -65.534
 -65.534
 -65.534
 -65.534
 -65.534
 -65.534
 -65.534
 -65.534
 -65.534
 -65.534
 -65.534
 -65.534
 -65.534
 -65.534
 -65.534
 -65.534
 -65.534
 -65.534
 -65.534
 -65.534
 -65.534
 -65.534
   0.859
   0.938
   0.970
   1.008
   1.017
   1.006
   0.958
   0.574
 -65.534
 -65.534
 -65.534
 -65.534
 -65.534
 -65.534
   0.758
   0.913
 -65.534
   0.860
   0.977
   1.032
   1.079
   1.102
   1.119
   1.131
   1.147
   1.160
   1.169
   1.170
   1.161
   1.143
   1.119
   1.096
   1.074
   1.054
   1.032
   1.012
   0.992
   0.982
   0.938
   0.000
 -65.534
 -65.534
 -65.534
 -65.534
 -65.534
 -65.534
 -65.534
 -65.534
 -65.534
 -65.534
 -65.534
 -65.534
 -65.534
 -65.534
 -65.534
 -65.534
 -65.534
 -65.534
 -65.534
 -65.534
 -65.534
 -65.534
 -65.534
 -65.534
 -65.534
 -65.534
 -65.534
 -65.534
 -65.534
 -65.534
 -65.534
 -65.534
   0.859
   0.939
   0.945
   0.892
   0.693
   0.445
 -65.534
 -65.534
 -65.534
 -65.534
 -65.534
 -65.534
 -65.534
 -65.534
 -65.534
 -65.534
 -65.534
   0.840
   0.999
   1.071
   1.127
   1.146
   1.152
   1.147
   1.138
   1.123
   1.103
   1.076
   1.046
   1.017
   0.987
   0.958
   0.932
   0.904
   0.885
   0.839
   0.000
 -65.534
 -65.534
 -65.534
 -65.534
 -65.534
 -65.534
 -65.534
 -65.534
 -65.534
 -65.534
 -65.534
 -65.534
 -65.534
 -65.534
 -65.534
 -65.534
 -65.534
 -65.534
 -65.534
 -65.534
 -65.534
 -65.534
 -65.534
 -65.534
 -65.534
 -65.534
 -65.534
 -65.534
 -65.534
 -65.534
 -65.534
 -65.534
   0.756
   0.825
   0.845
   0.806
   0.696
   0.553
   0.402
   0.300
 -65.534
 -65.534
 -65.534
 -65.534
 -65.534
 -65.534
 -65.534
 -65.534
 -65.534
 -65.534
 -65.534
 -65.534
   0.841
   1.006
   1.058
   1.087
   1.080
   1.062
   1.039
   1.012
   0.985
   0.955
   0.924
   0.894
   0.865
   0.839
   0.819
   0.772
   0.000
 -65.534
 -65.534
 -65.534
 -65.534
 -65.534
 -65.534
 -65.534
 -65.534
 -65.534
 -65.534
 -65.534
 -65.534
 -65.534
 -65.534
 -65.534
 -65.534
 -65.534
 -65.534
 -65.534
 -65.534
 -65.534
 -65.534
 -65.534
 -65.534
 -65.534
 -65.534
 -65.534
 -65.534
 -65.534
 -65.534
 -65.534
 -65.534
 -65.534
 -65.534
 -65.534
 -65.534
   0.505
   0.497
   0.440
   0.387
   0.314
   0.266
   0.239
   0.239
   0.249
 -65.534
 -65.534
 -65.534
 -65.534
 -65.534
 -65.534
 -65.534
 -65.534
 -65.534
 -65.534
   0.779
   0.932
   0.967
   0.964
   0.945
   0.922
   0.897
   0.869
   0.842
   0.820
   0.796
   0.776
   0.726
   0.000
 -65.534
 -65.534
 -65.534
 -65.534
 -65.534
 -65.534
 -65.534
 -65.534
 -65.534
 -65.534
 -65.534
 -65.534
 -65.534
 -65.534
 -65.534
 -65.534
 -65.534
 -65.534
 -65.534
 -65.534
 -65.534
 -65.534
 -65.534
 -65.534
 -65.534
 -65.534
 -65.534
 -65.534
 -65.534
 -65.534
 -65.534
 -65.534
 -65.534
 -65.534
 -65.534
 -65.534
 -65.534
 -65.534
 -65.534
 -65.534
   0.226
 -65.534
 -65.534
 -65.534
 -65.534
 -65.534
 -65.534
 -65.534
 -65.534
 -65.534
 -65.534
 -65.534
 -65.534
 -65.534
 -65.534
   0.624
   0.787
   0.861
   0.879
   0.882
   0.869
   0.839
   0.815
   0.794
   0.778
   0.762
   0.744
   0.686
   0.000
 -65.534
 -65.534
 -65.534
 -65.534
 -65.534
 -65.534
 -65.534
 -65.534
 -65.534
 -65.534
 -65.534
 -65.534
 -65.534
 -65.534
 -65.534
 -65.534
 -65.534
 -65.534
 -65.534
 -65.534
 -65.534
 -65.534
 -65.534
 -65.534
 -65.534
 -65.534
 -65.534
 -65.534
 -65.534
 -65.534
 -65.534
 -65.534
 -65.534
 -65.534
 -65.534
 -65.534
 -65.534
 -65.534
 -65.534
 -65.534
 -65.534
 -65.534
 -65.534
 -65.534
 -65.534
 -65.534
 -65.534
 -65.534
 -65.534
 -65.534
 -65.534
 -65.534
 -65.534
 -65.534
 -65.534
 -65.534
 -65.534
 -65.534
 -65.534
   0.677
   0.765
   0.778
   0.757
   0.746
   0.741
   0.734
   0.724
   0.656
   0.000
 -65.534
 -65.534
 -65.534
 -65.534
 -65.534
 -65.534
 -65.534
 -65.534
 -65.534
 -65.534
 -65.534
 -65.534
 -65.534
 -65.534
 -65.534
 -65.534
 -65.534
 -65.534
 -65.534
 -65.534
 -65.534
 -65.534
 -65.534
 -65.534
 -65.534
 -65.534
 -65.534
 -65.534
 -65.534
 -65.534
 -65.534
 -65.534
 -65.534
 -65.534
 -65.534
 -65.534
 -65.534
 -65.534
 -65.534
 -65.534
 -65.534
 -65.534
 -65.534
 -65.534
 -65.534
 -65.534
 -65.534
 -65.534
 -65.534
 -65.534
 -65.534
 -65.534
 -65.534
 -65.534
 -65.534
 -65.534
 -65.534
 -65.534
 -65.534
 -65.534
 -65.534
   0.000
   0.000
   0.000
   0.000
   0.000
   0.000
   0.000
 -65.534
