 -65.534
   0.000
   0.000
   0.000
   0.000
   0.000
   0.000
   0.000
   0.000
   0.000
   0.000
   0.000
   0.000
   0.000
   0.000
   0.000
   0.000
   0.000
   0.000
   0.000
   0.000
   0.000
   0.000
   0.000
   0.000
   0.000
   0.000
   0.000
   0.000
   0.000
   0.000
   0.000
   0.000
   0.000
   0.000
   0.000
   0.000
   0.000
   0.000
   0.000
   0.000
   0.000
   0.000
   0.000
   0.000
   0.000
   0.000
   0.000
   0.000
   0.000
   0.000
   0.000
   0.000
   0.000
   0.000
   0.000
   0.000
   0.000
   0.000
   0.000
   0.000
   0.000
   0.000
   0.000
   0.000
   0.000
   0.000
   0.000
 -65.534
   0.000
   1.068
   1.146
   1.158
   1.182
   1.202
   1.222
   1.236
   1.248
   1.258
   1.266
   1.274
   1.280
   1.286
   1.292
   1.300
   1.306
   1.312
   1.322
   1.330
   1.340
   1.350
   1.364
   1.380
   1.396
   1.414
   1.430
   1.442
   1.452
   1.460
   1.466
   1.468
   1.466
   1.460
   1.448
   1.432
   1.414
   1.392
   1.366
   1.338
   1.312
   1.286
   1.260
   1.234
   1.206
   1.178
   1.150
   1.122
   1.092
   1.062
   1.030
   0.998
   0.968
   0.938
   0.914
   0.894
   0.876
   0.858
   0.838
   0.822
   0.814
   0.816
   0.826
   0.844
   0.868
   0.898
   0.936
   0.988
   0.000
   0.000
   1.178
   1.246
   1.254
   1.272
   1.288
   1.300
   1.312
   1.322
   1.330
   1.336
   1.342
   1.348
   1.356
   1.364
   1.370
   1.378
   1.384
   1.392
   1.400
   1.408
   1.420
   1.430
   1.442
   1.456
   1.472
   1.488
   1.504
   1.520
   1.534
   1.542
   1.546
   1.548
   1.542
   1.532
   1.516
   1.500
   1.478
   1.452
   1.424
   1.396
   1.370
   1.346
   1.322
   1.300
   1.274
   1.250
   1.224
   1.198
   1.174
   1.148
   1.122
   1.098
   1.076
   1.054
   1.038
   1.026
   1.012
   1.000
   0.988
   0.986
   0.992
   1.004
   1.028
   1.064
   1.106
   1.156
   1.206
   0.000
   0.000
   1.174
   1.236
   1.242
   1.258
   1.270
   1.282
   1.292
   1.300
   1.308
   1.314
   1.320
   1.324
   1.330
   1.334
   1.342
   1.348
   1.358
   1.368
   1.378
   1.390
   1.404
   1.416
   1.430
   1.444
   1.460
   1.474
   1.488
   1.504
   1.520
   1.532
   1.544
   1.550
   1.550
   1.546
   1.536
   1.520
   1.500
   1.474
   1.448
   1.422
   1.396
   1.372
   1.350
   1.326
   1.304
   1.280
   1.258
   1.234
   1.212
   1.190
   1.168
   1.146
   1.126
   1.110
   1.096
   1.084
   1.074
   1.066
   1.060
   1.058
   1.064
   1.080
   1.106
   1.144
   1.190
   1.244
   1.288
   0.000
   0.000
   1.162
   1.218
   1.222
   1.236
   1.246
   1.254
   1.262
   1.270
   1.276
   1.282
   1.288
   1.294
   1.302
   1.308
   1.316
   1.324
   1.334
   1.346
   1.358
   1.372
   1.386
   1.400
   1.412
   1.426
   1.440
   1.456
   1.472
   1.488
   1.506
   1.520
   1.532
   1.542
   1.546
   1.546
   1.540
   1.530
   1.512
   1.492
   1.468
   1.442
   1.418
   1.396
   1.376
   1.356
   1.336
   1.314
   1.292
   1.274
   1.252
   1.236
   1.218
   1.198
   1.182
   1.168
   1.156
   1.146
   1.138
   1.130
   1.124
   1.122
   1.126
   1.138
   1.158
   1.190
   1.236
   1.288
   1.328
   0.000
   0.000
   1.146
   1.198
   1.202
   1.214
   1.222
   1.228
   1.234
   1.240
   1.246
   1.250
   1.256
   1.262
   1.270
   1.278
   1.286
   1.296
   1.308
   1.320
   1.332
   1.346
   1.362
   1.376
   1.388
   1.400
   1.414
   1.428
   1.444
   1.460
   1.474
   1.488
   1.500
   1.510
   1.516
   1.520
   1.520
   1.516
   1.506
   1.488
   1.468
   1.446
   1.422
   1.404
   1.386
   1.370
   1.354
   1.338
   1.318
   1.302
   1.286
   1.272
   1.256
   1.244
   1.230
   1.218
   1.208
   1.202
   1.196
   1.192
   1.188
   1.186
   1.188
   1.192
   1.202
   1.228
   1.268
   1.316
   1.348
   0.000
   0.000
   1.132
   1.176
   1.182
   1.192
   1.198
   1.204
   1.208
   1.212
   1.216
   1.222
   1.226
   1.232
   1.240
   1.248
   1.258
   1.268
   1.280
   1.290
   1.302
   1.316
   1.330
   1.346
   1.360
   1.370
   1.382
   1.394
   1.406
   1.420
   1.430
   1.440
   1.448
   1.456
   1.464
   1.470
   1.476
   1.480
   1.476
   1.464
   1.450
   1.434
   1.414
   1.400
   1.386
   1.374
   1.364
   1.352
   1.338
   1.324
   1.314
   1.302
   1.292
   1.282
   1.274
   1.264
   1.258
   1.254
   1.252
   1.250
   1.250
   1.250
   1.250
   1.248
   1.254
   1.270
   1.300
   1.340
   1.362
   0.000
   0.000
   1.120
   1.158
   1.160
   1.170
   1.176
   1.182
   1.186
   1.188
   1.192
   1.196
   1.200
   1.206
   1.212
   1.220
   1.230
   1.240
   1.252
   1.262
   1.272
   1.284
   1.294
   1.308
   1.322
   1.332
   1.342
   1.350
   1.358
   1.368
   1.376
   1.382
   1.388
   1.396
   1.402
   1.410
   1.418
   1.426
   1.428
   1.424
   1.414
   1.404
   1.392
   1.382
   1.376
   1.368
   1.362
   1.356
   1.348
   1.342
   1.336
   1.330
   1.324
   1.318
   1.310
   1.302
   1.300
   1.300
   1.302
   1.302
   1.304
   1.306
   1.306
   1.306
   1.310
   1.322
   1.342
   1.372
   1.378
   0.000
   0.000
   1.106
   1.144
   1.140
   1.148
   1.154
   1.160
   1.164
   1.168
   1.170
   1.174
   1.178
   1.184
   1.190
   1.196
   1.206
   1.214
   1.224
   1.234
   1.242
   1.252
   1.260
   1.268
   1.278
   1.286
   1.294
   1.300
   1.306
   1.312
   1.320
   1.326
   1.332
   1.340
   1.346
   1.354
   1.362
   1.370
   1.376
   1.376
   1.374
   1.368
   1.364
   1.362
   1.360
   1.360
   1.358
   1.358
   1.356
   1.356
   1.354
   1.352
   1.350
   1.346
   1.340
   1.336
   1.336
   1.340
   1.342
   1.344
   1.348
   1.350
   1.354
   1.360
   1.366
   1.376
   1.392
   1.414
   1.404
   0.000
   0.000
   1.094
   1.130
   1.130
   1.136
   1.134
   1.136
   1.142
   1.146
   1.150
   1.154
   1.158
   1.164
   1.170
   1.176
   1.184
   1.192
   1.198
   1.206
   1.214
   1.222
   1.228
   1.234
   1.240
   1.246
   1.250
   1.256
   1.260
   1.264
   1.270
   1.276
   1.282
   1.288
   1.294
   1.302
   1.310
   1.320
   1.326
   1.330
   1.332
   1.336
   1.338
   1.342
   1.346
   1.350
   1.356
   1.360
   1.364
   1.366
   1.368
   1.370
   1.370
   1.368
   1.362
   1.364
   1.368
   1.374
   1.376
   1.380
   1.384
   1.390
   1.398
   1.408
   1.422
   1.436
   1.450
   1.470
   1.448
   0.000
   0.000
   1.086
   1.122
   1.120
   1.122
   1.122
   1.122
   1.120
   1.124
   1.128
   1.132
   1.138
   1.144
   1.150
   1.158
   1.164
   1.172
   1.178
   1.184
   1.188
   1.194
   1.198
   1.202
   1.206
   1.210
   1.214
   1.218
   1.220
   1.224
   1.228
   1.232
   1.236
   1.240
   1.246
   1.252
   1.260
   1.270
   1.280
   1.286
   1.294
   1.302
   1.312
   1.322
   1.334
   1.342
   1.352
   1.360
   1.366
   1.374
   1.380
   1.384
   1.386
   1.386
   1.384
   1.390
   1.396
   1.402
   1.406
   1.410
   1.418
   1.428
   1.440
   1.456
   1.476
   1.498
   1.516
   1.536
   1.504
   0.000
   0.000
   1.072
   1.116
   1.112
   1.114
   1.112
   1.110
   1.110
   1.114
   1.114
   1.114
   1.120
   1.126
   1.134
   1.140
   1.148
   1.154
   1.160
   1.164
   1.166
   1.170
   1.172
   1.174
   1.176
   1.178
   1.180
   1.182
   1.184
   1.186
   1.190
   1.192
   1.194
   1.198
   1.202
   1.208
   1.216
   1.226
   1.236
   1.248
   1.260
   1.272
   1.288
   1.304
   1.318
   1.334
   1.346
   1.358
   1.368
   1.378
   1.386
   1.392
   1.398
   1.400
   1.406
   1.412
   1.418
   1.426
   1.436
   1.444
   1.456
   1.468
   1.484
   1.506
   1.530
   1.556
   1.578
   1.602
   1.566
   0.000
   0.000
   1.018
   1.114
   1.116
   1.118
   1.114
   1.110
   1.108
   1.106
   1.106
   1.110
   1.112
   1.114
   1.116
   1.124
   1.130
   1.138
   1.142
   1.146
   1.148
   1.150
   1.150
   1.150
   1.150
   1.148
   1.148
   1.150
   1.150
   1.152
   1.154
   1.156
   1.156
   1.158
   1.162
   1.168
   1.176
   1.186
   1.198
   1.214
   1.230
   1.246
   1.264
   1.284
   1.304
   1.322
   1.338
   1.352
   1.364
   1.376
   1.388
   1.396
   1.404
   1.412
   1.420
   1.428
   1.440
   1.452
   1.466
   1.482
   1.496
   1.514
   1.534
   1.556
   1.582
   1.610
   1.636
   1.666
   1.626
   0.000
 -65.534
 -65.534
   1.032
   1.116
   1.116
   1.118
   1.116
   1.114
   1.110
   1.108
   1.108
   1.106
   1.106
   1.108
   1.112
   1.114
   1.120
   1.124
   1.130
   1.132
   1.132
   1.132
   1.130
   1.126
   1.124
   1.122
   1.120
   1.120
   1.118
   1.120
   1.122
   1.122
   1.124
   1.126
   1.132
   1.140
   1.152
   1.166
   1.182
   1.200
   1.222
   1.244
   1.264
   1.286
   1.306
   1.324
   1.340
   1.356
   1.368
   1.382
   1.394
   1.406
   1.418
   1.430
   1.444
   1.460
   1.480
   1.500
   1.522
   1.542
   1.564
   1.588
   1.612
   1.640
   1.666
   1.696
   1.726
   1.686
   0.000
 -65.534
 -65.534
 -65.534
   1.044
   1.118
   1.122
   1.130
   1.130
   1.126
   1.122
   1.116
   1.110
   1.104
   1.102
   1.102
   1.104
   1.106
   1.108
   1.110
   1.112
   1.114
   1.112
   1.110
   1.106
   1.102
   1.098
   1.094
   1.090
   1.088
   1.088
   1.088
   1.090
   1.092
   1.096
   1.100
   1.110
   1.122
   1.136
   1.154
   1.176
   1.196
   1.220
   1.242
   1.264
   1.284
   1.304
   1.322
   1.340
   1.354
   1.370
   1.386
   1.402
   1.420
   1.438
   1.456
   1.480
   1.506
   1.532
   1.562
   1.590
   1.618
   1.646
   1.674
   1.702
   1.732
   1.762
   1.794
   1.756
   0.000
 -65.534
 -65.534
 -65.534
 -65.534
   1.096
   1.128
   1.144
   1.152
   1.150
   1.142
   1.132
   1.120
   1.110
   1.102
   1.098
   1.096
   1.096
   1.098
   1.096
   1.094
   1.094
   1.092
   1.090
   1.086
   1.082
   1.076
   1.072
   1.066
   1.062
   1.060
   1.058
   1.058
   1.060
   1.066
   1.072
   1.084
   1.096
   1.112
   1.130
   1.150
   1.172
   1.194
   1.218
   1.240
   1.258
   1.278
   1.296
   1.316
   1.334
   1.352
   1.372
   1.394
   1.416
   1.440
   1.468
   1.496
   1.530
   1.564
   1.600
   1.636
   1.670
   1.704
   1.738
   1.772
   1.806
   1.838
   1.874
   1.838
   0.000
 -65.534
 -65.534
 -65.534
 -65.534
   1.080
   1.126
   1.152
   1.166
   1.168
   1.162
   1.152
   1.140
   1.124
   1.114
   1.106
   1.100
   1.096
   1.094
   1.090
   1.088
   1.084
   1.078
   1.072
   1.066
   1.062
   1.056
   1.050
   1.044
   1.038
   1.032
   1.030
   1.030
   1.032
   1.038
   1.046
   1.058
   1.072
   1.090
   1.106
   1.126
   1.146
   1.166
   1.188
   1.208
   1.228
   1.246
   1.266
   1.286
   1.308
   1.330
   1.354
   1.380
   1.410
   1.440
   1.474
   1.510
   1.550
   1.592
   1.636
   1.678
   1.720
   1.762
   1.802
   1.842
   1.882
   1.920
   1.960
   1.926
   0.000
 -65.534
 -65.534
 -65.534
 -65.534
   1.048
   1.104
   1.142
   1.164
   1.174
   1.174
   1.172
   1.162
   1.150
   1.138
   1.128
   1.120
   1.112
   1.104
   1.096
   1.088
   1.080
   1.072
   1.064
   1.054
   1.044
   1.036
   1.030
   1.022
   1.016
   1.010
   1.006
   1.006
   1.008
   1.012
   1.022
   1.034
   1.050
   1.066
   1.082
   1.100
   1.118
   1.138
   1.156
   1.176
   1.194
   1.212
   1.232
   1.252
   1.278
   1.304
   1.332
   1.366
   1.402
   1.440
   1.480
   1.522
   1.568
   1.616
   1.668
   1.718
   1.768
   1.818
   1.866
   1.912
   1.958
   2.000
   2.042
   2.006
   0.000
 -65.534
 -65.534
 -65.534
 -65.534
   0.980
   1.032
   1.072
   1.110
   1.148
   1.156
   1.164
   1.166
   1.164
   1.160
   1.152
   1.142
   1.132
   1.124
   1.114
   1.104
   1.090
   1.076
   1.060
   1.046
   1.034
   1.020
   1.012
   1.004
   0.996
   0.990
   0.986
   0.984
   0.986
   0.990
   0.998
   1.010
   1.024
   1.040
   1.056
   1.072
   1.088
   1.106
   1.122
   1.140
   1.158
   1.178
   1.198
   1.220
   1.246
   1.278
   1.312
   1.350
   1.392
   1.436
   1.482
   1.532
   1.584
   1.638
   1.696
   1.756
   1.814
   1.872
   1.924
   1.976
   2.024
   2.068
   2.110
   2.070
   0.000
 -65.534
 -65.534
 -65.534
 -65.534
 -65.534
 -65.534
 -65.534
 -65.534
   1.062
   1.102
   1.124
   1.142
   1.156
   1.162
   1.162
   1.158
   1.154
   1.146
   1.138
   1.126
   1.112
   1.092
   1.070
   1.046
   1.028
   1.012
   0.998
   0.988
   0.980
   0.974
   0.970
   0.968
   0.968
   0.972
   0.978
   0.988
   1.000
   1.012
   1.026
   1.042
   1.058
   1.072
   1.088
   1.106
   1.124
   1.144
   1.166
   1.192
   1.220
   1.254
   1.294
   1.338
   1.384
   1.432
   1.482
   1.536
   1.592
   1.654
   1.722
   1.788
   1.854
   1.918
   1.978
   2.032
   2.080
   2.124
   2.164
   2.116
   0.000
 -65.534
 -65.534
 -65.534
 -65.534
 -65.534
 -65.534
   0.890
   0.940
   0.998
   1.038
   1.066
   1.096
   1.126
   1.146
   1.160
   1.168
   1.170
   1.168
   1.162
   1.150
   1.134
   1.112
   1.086
   1.060
   1.034
   1.012
   0.996
   0.984
   0.972
   0.962
   0.956
   0.954
   0.952
   0.954
   0.958
   0.966
   0.976
   0.986
   0.998
   1.012
   1.026
   1.042
   1.058
   1.076
   1.094
   1.116
   1.138
   1.166
   1.198
   1.236
   1.278
   1.324
   1.376
   1.426
   1.478
   1.534
   1.596
   1.662
   1.736
   1.812
   1.886
   1.956
   2.020
   2.076
   2.124
   2.166
   2.200
   2.146
   0.000
 -65.534
 -65.534
 -65.534
 -65.534
 -65.534
 -65.534
 -65.534
 -65.534
 -65.534
   0.966
   0.996
   1.026
   1.058
   1.090
   1.128
   1.160
   1.172
   1.180
   1.178
   1.168
   1.150
   1.130
   1.106
   1.082
   1.056
   1.032
   1.010
   0.992
   0.978
   0.964
   0.956
   0.946
   0.940
   0.940
   0.942
   0.946
   0.954
   0.964
   0.974
   0.986
   1.000
   1.016
   1.032
   1.052
   1.070
   1.094
   1.118
   1.146
   1.178
   1.218
   1.262
   1.310
   1.360
   1.412
   1.468
   1.524
   1.588
   1.660
   1.738
   1.820
   1.902
   1.976
   2.046
   2.102
   2.150
   2.192
   2.222
   2.158
   0.000
 -65.534
 -65.534
 -65.534
 -65.534
 -65.534
 -65.534
 -65.534
 -65.534
 -65.534
 -65.534
 -65.534
 -65.534
 -65.534
 -65.534
 -65.534
   1.070
   1.112
   1.132
   1.150
   1.164
   1.152
   1.144
   1.132
   1.120
   1.102
   1.078
   1.054
   1.030
   1.006
   0.984
   0.966
   0.950
   0.942
   0.936
   0.930
   0.932
   0.942
   0.948
   0.958
   0.968
   0.982
   0.998
   1.016
   1.036
   1.056
   1.078
   1.104
   1.132
   1.164
   1.202
   1.246
   1.292
   1.340
   1.392
   1.446
   1.504
   1.568
   1.640
   1.724
   1.812
   1.898
   1.978
   2.048
   2.108
   2.156
   2.194
   2.222
   2.152
   0.000
 -65.534
 -65.534
 -65.534
 -65.534
 -65.534
 -65.534
 -65.534
 -65.534
 -65.534
 -65.534
 -65.534
 -65.534
 -65.534
 -65.534
 -65.534
 -65.534
 -65.534
 -65.534
 -65.534
   1.110
   1.146
   1.160
   1.168
   1.172
   1.166
   1.148
   1.124
   1.094
   1.064
   1.032
   1.002
   0.974
   0.954
   0.940
   0.934
   0.934
   0.936
   0.942
   0.950
   0.962
   0.974
   0.990
   1.008
   1.028
   1.050
   1.074
   1.098
   1.126
   1.156
   1.192
   1.232
   1.274
   1.320
   1.368
   1.420
   1.474
   1.536
   1.608
   1.692
   1.782
   1.868
   1.952
   2.024
   2.084
   2.128
   2.164
   2.190
   2.112
   0.000
 -65.534
 -65.534
 -65.534
 -65.534
 -65.534
 -65.534
 -65.534
 -65.534
 -65.534
 -65.534
 -65.534
 -65.534
 -65.534
 -65.534
 -65.534
 -65.534
 -65.534
 -65.534
   1.000
   1.120
   1.152
   1.176
   1.202
   1.220
   1.226
   1.216
   1.198
   1.170
   1.136
   1.096
   1.056
   1.018
   0.986
   0.964
   0.952
   0.946
   0.948
   0.950
   0.956
   0.964
   0.976
   0.992
   1.010
   1.030
   1.052
   1.076
   1.102
   1.130
   1.158
   1.190
   1.226
   1.266
   1.306
   1.350
   1.394
   1.442
   1.496
   1.562
   1.640
   1.726
   1.816
   1.896
   1.968
   2.024
   2.066
   2.098
   2.118
   2.036
   0.000
 -65.534
 -65.534
 -65.534
 -65.534
 -65.534
 -65.534
 -65.534
 -65.534
 -65.534
 -65.534
 -65.534
 -65.534
 -65.534
 -65.534
 -65.534
 -65.534
 -65.534
   0.966
   1.076
   1.126
   1.158
   1.186
   1.216
   1.242
   1.258
   1.262
   1.254
   1.236
   1.206
   1.166
   1.122
   1.076
   1.036
   1.008
   0.990
   0.982
   0.976
   0.974
   0.974
   0.976
   0.986
   1.002
   1.020
   1.042
   1.064
   1.090
   1.114
   1.142
   1.172
   1.200
   1.232
   1.266
   1.304
   1.340
   1.376
   1.414
   1.460
   1.514
   1.582
   1.662
   1.744
   1.822
   1.892
   1.948
   1.990
   2.022
   2.036
   1.944
   0.000
 -65.534
 -65.534
 -65.534
 -65.534
 -65.534
 -65.534
 -65.534
 -65.534
 -65.534
 -65.534
 -65.534
 -65.534
 -65.534
 -65.534
 -65.534
 -65.534
 -65.534
   1.026
   1.084
   1.122
   1.152
   1.182
   1.214
   1.246
   1.268
   1.280
   1.280
   1.270
   1.248
   1.214
   1.172
   1.126
   1.082
   1.050
   1.028
   1.014
   1.006
   1.000
   0.996
   0.998
   1.006
   1.022
   1.042
   1.062
   1.086
   1.110
   1.132
   1.158
   1.188
   1.216
   1.244
   1.274
   1.306
   1.336
   1.364
   1.392
   1.428
   1.472
   1.530
   1.598
   1.672
   1.744
   1.808
   1.862
   1.906
   1.938
   1.954
   1.854
   0.000
 -65.534
 -65.534
 -65.534
 -65.534
 -65.534
 -65.534
 -65.534
 -65.534
 -65.534
 -65.534
 -65.534
 -65.534
 -65.534
 -65.534
 -65.534
 -65.534
 -65.534
   1.026
   1.066
   1.100
   1.128
   1.160
   1.194
   1.226
   1.248
   1.260
   1.264
   1.256
   1.240
   1.214
   1.180
   1.138
   1.098
   1.066
   1.044
   1.030
   1.022
   1.018
   1.018
   1.024
   1.036
   1.052
   1.072
   1.096
   1.118
   1.140
   1.160
   1.182
   1.206
   1.228
   1.252
   1.278
   1.306
   1.332
   1.352
   1.374
   1.400
   1.436
   1.482
   1.540
   1.602
   1.666
   1.724
   1.774
   1.816
   1.850
   1.866
   1.762
   0.000
 -65.534
 -65.534
 -65.534
 -65.534
 -65.534
 -65.534
 -65.534
 -65.534
 -65.534
 -65.534
 -65.534
 -65.534
 -65.534
 -65.534
 -65.534
 -65.534
 -65.534
   1.004
   1.040
   1.068
   1.096
   1.126
   1.158
   1.186
   1.204
   1.214
   1.216
   1.212
   1.198
   1.180
   1.156
   1.124
   1.090
   1.064
   1.046
   1.038
   1.036
   1.036
   1.042
   1.054
   1.074
   1.096
   1.116
   1.136
   1.162
   1.182
   1.202
   1.218
   1.232
   1.246
   1.262
   1.280
   1.302
   1.322
   1.342
   1.360
   1.380
   1.408
   1.446
   1.494
   1.544
   1.598
   1.648
   1.692
   1.728
   1.756
   1.768
   1.658
   0.000
 -65.534
 -65.534
 -65.534
 -65.534
 -65.534
 -65.534
 -65.534
 -65.534
 -65.534
 -65.534
 -65.534
 -65.534
 -65.534
 -65.534
 -65.534
 -65.534
 -65.534
 -65.534
   1.000
   1.032
   1.058
   1.086
   1.114
   1.136
   1.148
   1.154
   1.156
   1.152
   1.144
   1.134
   1.118
   1.098
   1.074
   1.056
   1.044
   1.040
   1.044
   1.052
   1.064
   1.086
   1.108
   1.130
   1.154
   1.180
   1.208
   1.232
   1.252
   1.264
   1.270
   1.274
   1.278
   1.288
   1.302
   1.314
   1.328
   1.344
   1.362
   1.384
   1.416
   1.452
   1.492
   1.536
   1.576
   1.612
   1.638
   1.660
   1.660
   1.538
   0.000
 -65.534
 -65.534
 -65.534
 -65.534
 -65.534
 -65.534
 -65.534
 -65.534
 -65.534
 -65.534
 -65.534
 -65.534
 -65.534
 -65.534
 -65.534
 -65.534
 -65.534
 -65.534
 -65.534
   0.986
   1.018
   1.044
   1.064
   1.078
   1.084
   1.086
   1.084
   1.082
   1.078
   1.074
   1.068
   1.054
   1.038
   1.028
   1.030
   1.044
   1.050
   1.052
   1.062
   1.084
   1.114
   1.142
   1.172
   1.208
   1.248
   1.284
   1.306
   1.316
   1.316
   1.310
   1.306
   1.308
   1.310
   1.314
   1.318
   1.326
   1.340
   1.356
   1.380
   1.408
   1.440
   1.472
   1.504
   1.530
   1.548
   1.558
   1.542
   1.410
   0.000
 -65.534
 -65.534
 -65.534
 -65.534
 -65.534
 -65.534
 -65.534
 -65.534
 -65.534
 -65.534
 -65.534
 -65.534
 -65.534
 -65.534
 -65.534
 -65.534
 -65.534
 -65.534
 -65.534
 -65.534
   0.970
   0.986
   0.998
   1.002
   1.010
   1.006
   0.998
   0.992
   0.986
   0.982
   0.970
   0.946
   0.910
   0.864
   0.790
   0.648
 -65.534
 -65.534
 -65.534
 -65.534
   1.078
   1.132
   1.178
   1.230
   1.288
   1.336
   1.358
   1.364
   1.358
   1.346
   1.330
   1.322
   1.316
   1.312
   1.310
   1.312
   1.316
   1.324
   1.342
   1.366
   1.390
   1.412
   1.432
   1.446
   1.454
   1.450
   1.422
   1.280
   0.000
 -65.534
 -65.534
 -65.534
 -65.534
 -65.534
 -65.534
 -65.534
 -65.534
 -65.534
 -65.534
 -65.534
 -65.534
 -65.534
 -65.534
 -65.534
 -65.534
 -65.534
 -65.534
 -65.534
 -65.534
 -65.534
 -65.534
 -65.534
 -65.534
   0.910
   0.908
   0.902
   0.892
   0.880
   0.870
   0.854
   0.818
   0.764
   0.694
   0.602
   0.474
 -65.534
 -65.534
 -65.534
 -65.534
 -65.534
 -65.534
   1.142
   1.230
   1.308
   1.362
   1.384
   1.384
   1.370
   1.350
   1.328
   1.316
   1.306
   1.296
   1.292
   1.292
   1.292
   1.296
   1.308
   1.326
   1.342
   1.352
   1.358
   1.362
   1.360
   1.346
   1.304
   1.154
   0.000
 -65.534
 -65.534
 -65.534
 -65.534
 -65.534
 -65.534
 -65.534
 -65.534
 -65.534
 -65.534
 -65.534
 -65.534
 -65.534
 -65.534
 -65.534
 -65.534
 -65.534
 -65.534
 -65.534
 -65.534
 -65.534
 -65.534
 -65.534
 -65.534
   0.814
   0.798
   0.788
   0.774
   0.764
   0.758
   0.732
   0.690
   0.634
   0.570
   0.500
   0.414
 -65.534
 -65.534
 -65.534
 -65.534
 -65.534
 -65.534
 -65.534
   1.172
   1.288
   1.344
   1.364
   1.360
   1.346
   1.326
   1.306
   1.290
   1.280
   1.272
   1.268
   1.268
   1.268
   1.272
   1.278
   1.286
   1.296
   1.298
   1.292
   1.284
   1.274
   1.254
   1.204
   1.046
   0.000
 -65.534
 -65.534
 -65.534
 -65.534
 -65.534
 -65.534
 -65.534
 -65.534
 -65.534
 -65.534
 -65.534
 -65.534
 -65.534
 -65.534
 -65.534
 -65.534
 -65.534
 -65.534
 -65.534
 -65.534
 -65.534
 -65.534
 -65.534
 -65.534
 -65.534
 -65.534
 -65.534
 -65.534
 -65.534
   0.604
   0.578
   0.554
   0.532
   0.490
   0.448
   0.398
   0.302
 -65.534
 -65.534
 -65.534
 -65.534
 -65.534
 -65.534
   0.934
   0.910
 -65.534
   1.250
   1.286
   1.284
   1.282
   1.274
   1.264
   1.256
   1.250
   1.246
   1.242
   1.242
   1.242
   1.244
   1.246
   1.248
   1.242
   1.230
   1.216
   1.202
   1.178
   1.124
   0.962
   0.000
 -65.534
 -65.534
 -65.534
 -65.534
 -65.534
 -65.534
 -65.534
 -65.534
 -65.534
 -65.534
 -65.534
 -65.534
 -65.534
 -65.534
 -65.534
 -65.534
 -65.534
 -65.534
 -65.534
 -65.534
 -65.534
 -65.534
 -65.534
 -65.534
 -65.534
 -65.534
 -65.534
 -65.534
 -65.534
 -65.534
 -65.534
 -65.534
   0.428
   0.430
   0.414
   0.384
   0.346
   0.292
 -65.534
 -65.534
 -65.534
 -65.534
 -65.534
 -65.534
 -65.534
 -65.534
 -65.534
 -65.534
 -65.534
   1.182
   1.216
   1.226
   1.228
   1.224
   1.218
   1.212
   1.206
   1.202
   1.198
   1.198
   1.194
   1.184
   1.170
   1.154
   1.136
   1.110
   1.054
   0.896
   0.000
 -65.534
 -65.534
 -65.534
 -65.534
 -65.534
 -65.534
 -65.534
 -65.534
 -65.534
 -65.534
 -65.534
 -65.534
 -65.534
 -65.534
 -65.534
 -65.534
 -65.534
 -65.534
 -65.534
 -65.534
 -65.534
 -65.534
 -65.534
 -65.534
 -65.534
 -65.534
 -65.534
 -65.534
 -65.534
 -65.534
 -65.534
 -65.534
   0.340
   0.362
   0.364
   0.350
   0.338
   0.320
   0.288
   0.262
 -65.534
 -65.534
 -65.534
 -65.534
 -65.534
 -65.534
 -65.534
 -65.534
 -65.534
 -65.534
 -65.534
 -65.534
   1.150
   1.162
   1.160
   1.162
   1.160
   1.154
   1.148
   1.146
   1.142
   1.130
   1.112
   1.094
   1.076
   1.048
   0.990
   0.832
   0.000
 -65.534
 -65.534
 -65.534
 -65.534
 -65.534
 -65.534
 -65.534
 -65.534
 -65.534
 -65.534
 -65.534
 -65.534
 -65.534
 -65.534
 -65.534
 -65.534
 -65.534
 -65.534
 -65.534
 -65.534
 -65.534
 -65.534
 -65.534
 -65.534
 -65.534
 -65.534
 -65.534
 -65.534
 -65.534
 -65.534
 -65.534
 -65.534
 -65.534
 -65.534
 -65.534
 -65.534
   0.238
   0.276
   0.284
   0.276
   0.250
   0.232
   0.224
   0.226
   0.228
 -65.534
 -65.534
 -65.534
 -65.534
 -65.534
 -65.534
 -65.534
 -65.534
 -65.534
 -65.534
   1.104
   1.114
   1.112
   1.106
   1.098
   1.088
   1.074
   1.052
   1.032
   1.012
   0.980
   0.920
   0.766
   0.000
 -65.534
 -65.534
 -65.534
 -65.534
 -65.534
 -65.534
 -65.534
 -65.534
 -65.534
 -65.534
 -65.534
 -65.534
 -65.534
 -65.534
 -65.534
 -65.534
 -65.534
 -65.534
 -65.534
 -65.534
 -65.534
 -65.534
 -65.534
 -65.534
 -65.534
 -65.534
 -65.534
 -65.534
 -65.534
 -65.534
 -65.534
 -65.534
 -65.534
 -65.534
 -65.534
 -65.534
 -65.534
 -65.534
 -65.534
 -65.534
   0.186
 -65.534
 -65.534
 -65.534
 -65.534
 -65.534
 -65.534
 -65.534
 -65.534
 -65.534
 -65.534
 -65.534
 -65.534
 -65.534
 -65.534
   1.054
   1.052
   1.048
   1.040
   1.048
   1.036
   1.020
   1.002
   0.978
   0.954
   0.920
   0.860
   0.710
   0.000
 -65.534
 -65.534
 -65.534
 -65.534
 -65.534
 -65.534
 -65.534
 -65.534
 -65.534
 -65.534
 -65.534
 -65.534
 -65.534
 -65.534
 -65.534
 -65.534
 -65.534
 -65.534
 -65.534
 -65.534
 -65.534
 -65.534
 -65.534
 -65.534
 -65.534
 -65.534
 -65.534
 -65.534
 -65.534
 -65.534
 -65.534
 -65.534
 -65.534
 -65.534
 -65.534
 -65.534
 -65.534
 -65.534
 -65.534
 -65.534
 -65.534
 -65.534
 -65.534
 -65.534
 -65.534
 -65.534
 -65.534
 -65.534
 -65.534
 -65.534
 -65.534
 -65.534
 -65.534
 -65.534
 -65.534
 -65.534
 -65.534
 -65.534
 -65.534
   0.952
   0.932
   0.916
   0.892
   0.868
   0.840
   0.804
   0.744
   0.608
   0.000
 -65.534
 -65.534
 -65.534
 -65.534
 -65.534
 -65.534
 -65.534
 -65.534
 -65.534
 -65.534
 -65.534
 -65.534
 -65.534
 -65.534
 -65.534
 -65.534
 -65.534
 -65.534
 -65.534
 -65.534
 -65.534
 -65.534
 -65.534
 -65.534
 -65.534
 -65.534
 -65.534
 -65.534
 -65.534
 -65.534
 -65.534
 -65.534
 -65.534
 -65.534
 -65.534
 -65.534
 -65.534
 -65.534
 -65.534
 -65.534
 -65.534
 -65.534
 -65.534
 -65.534
 -65.534
 -65.534
 -65.534
 -65.534
 -65.534
 -65.534
 -65.534
 -65.534
 -65.534
 -65.534
 -65.534
 -65.534
 -65.534
 -65.534
 -65.534
 -65.534
 -65.534
   0.000
   0.000
   0.000
   0.000
   0.000
   0.000
   0.000
 -65.534
