 -65.534
   0.000
   0.000
   0.000
   0.000
   0.000
   0.000
   0.000
   0.000
   0.000
   0.000
   0.000
   0.000
   0.000
   0.000
   0.000
   0.000
   0.000
   0.000
   0.000
   0.000
   0.000
   0.000
   0.000
   0.000
   0.000
   0.000
   0.000
   0.000
   0.000
   0.000
   0.000
   0.000
   0.000
   0.000
   0.000
   0.000
   0.000
   0.000
   0.000
   0.000
   0.000
   0.000
   0.000
   0.000
   0.000
   0.000
   0.000
   0.000
   0.000
   0.000
   0.000
   0.000
   0.000
   0.000
   0.000
   0.000
   0.000
   0.000
   0.000
   0.000
   0.000
   0.000
   0.000
   0.000
   0.000
   0.000
   0.000
 -65.534
   0.000
   1.250
   1.413
   1.511
   1.621
   1.726
   1.820
   1.915
   2.007
   2.101
   2.202
   2.304
   2.403
   2.487
   2.550
   2.600
   2.628
   2.650
   2.670
   2.690
   2.711
   2.728
   2.743
   2.759
   2.729
   2.669
   2.604
   2.539
   2.463
   2.403
   2.350
   2.296
   2.246
   2.197
   2.134
   2.061
   1.978
   1.899
   1.829
   1.764
   1.716
   1.677
   1.640
   1.591
   1.517
   1.418
   1.316
   1.221
   1.141
   1.086
   1.050
   1.041
   1.067
   1.115
   1.200
   1.289
   1.381
   1.475
   1.576
   1.673
   1.784
   1.879
   1.968
   2.053
   2.112
   2.152
   2.177
   2.141
   0.000
   0.000
   1.381
   1.526
   1.605
   1.711
   1.819
   1.927
   2.030
   2.124
   2.221
   2.317
   2.418
   2.514
   2.597
   2.657
   2.705
   2.740
   2.768
   2.787
   2.800
   2.807
   2.802
   2.795
   2.787
   2.749
   2.698
   2.642
   2.587
   2.534
   2.489
   2.451
   2.420
   2.388
   2.357
   2.307
   2.239
   2.153
   2.062
   1.975
   1.903
   1.848
   1.808
   1.770
   1.722
   1.649
   1.551
   1.456
   1.374
   1.307
   1.257
   1.220
   1.207
   1.220
   1.268
   1.344
   1.438
   1.545
   1.655
   1.772
   1.897
   2.026
   2.150
   2.275
   2.392
   2.487
   2.553
   2.607
   2.584
   0.000
   0.000
   1.400
   1.528
   1.593
   1.682
   1.781
   1.887
   1.990
   2.086
   2.180
   2.273
   2.362
   2.453
   2.527
   2.582
   2.624
   2.654
   2.675
   2.691
   2.703
   2.706
   2.702
   2.691
   2.672
   2.642
   2.600
   2.560
   2.517
   2.477
   2.445
   2.421
   2.405
   2.394
   2.373
   2.337
   2.284
   2.209
   2.119
   2.032
   1.952
   1.891
   1.843
   1.800
   1.750
   1.683
   1.595
   1.510
   1.440
   1.388
   1.342
   1.310
   1.295
   1.300
   1.334
   1.399
   1.483
   1.585
   1.696
   1.815
   1.947
   2.086
   2.222
   2.364
   2.503
   2.618
   2.708
   2.779
   2.768
   0.000
   0.000
   1.421
   1.535
   1.581
   1.653
   1.737
   1.828
   1.922
   2.014
   2.101
   2.187
   2.271
   2.348
   2.417
   2.466
   2.495
   2.515
   2.527
   2.539
   2.548
   2.557
   2.565
   2.565
   2.553
   2.532
   2.504
   2.479
   2.453
   2.429
   2.412
   2.397
   2.388
   2.384
   2.375
   2.351
   2.309
   2.245
   2.167
   2.079
   2.005
   1.940
   1.887
   1.840
   1.794
   1.734
   1.664
   1.596
   1.538
   1.490
   1.447
   1.416
   1.397
   1.393
   1.414
   1.455
   1.520
   1.602
   1.705
   1.820
   1.951
   2.092
   2.235
   2.389
   2.538
   2.673
   2.786
   2.883
   2.889
   0.000
   0.000
   1.441
   1.542
   1.580
   1.635
   1.699
   1.772
   1.852
   1.934
   2.015
   2.093
   2.164
   2.227
   2.279
   2.317
   2.337
   2.348
   2.353
   2.361
   2.371
   2.388
   2.405
   2.419
   2.425
   2.421
   2.412
   2.406
   2.399
   2.392
   2.387
   2.377
   2.370
   2.367
   2.358
   2.341
   2.309
   2.257
   2.187
   2.107
   2.037
   1.977
   1.927
   1.880
   1.834
   1.784
   1.732
   1.679
   1.634
   1.595
   1.558
   1.528
   1.509
   1.501
   1.506
   1.524
   1.558
   1.616
   1.697
   1.800
   1.927
   2.070
   2.221
   2.377
   2.536
   2.684
   2.813
   2.930
   2.958
   0.000
   0.000
   1.453
   1.548
   1.583
   1.624
   1.671
   1.729
   1.797
   1.869
   1.940
   2.007
   2.066
   2.116
   2.156
   2.178
   2.187
   2.191
   2.191
   2.195
   2.205
   2.224
   2.250
   2.275
   2.299
   2.317
   2.333
   2.347
   2.360
   2.368
   2.370
   2.363
   2.354
   2.342
   2.329
   2.315
   2.290
   2.250
   2.193
   2.126
   2.063
   2.009
   1.963
   1.921
   1.880
   1.834
   1.784
   1.739
   1.704
   1.678
   1.650
   1.626
   1.610
   1.599
   1.593
   1.595
   1.605
   1.640
   1.700
   1.786
   1.905
   2.046
   2.197
   2.351
   2.509
   2.665
   2.814
   2.942
   2.992
   0.000
   0.000
   1.451
   1.549
   1.580
   1.617
   1.653
   1.701
   1.755
   1.818
   1.878
   1.939
   1.987
   2.029
   2.057
   2.069
   2.071
   2.068
   2.064
   2.068
   2.074
   2.093
   2.123
   2.158
   2.197
   2.234
   2.269
   2.302
   2.328
   2.346
   2.354
   2.347
   2.331
   2.310
   2.292
   2.270
   2.251
   2.222
   2.182
   2.130
   2.080
   2.037
   2.001
   1.964
   1.925
   1.880
   1.826
   1.780
   1.750
   1.728
   1.712
   1.701
   1.689
   1.676
   1.662
   1.652
   1.652
   1.668
   1.713
   1.789
   1.900
   2.031
   2.179
   2.331
   2.493
   2.655
   2.812
   2.951
   3.022
   0.000
   0.000
   1.426
   1.533
   1.567
   1.605
   1.642
   1.680
   1.723
   1.775
   1.833
   1.885
   1.929
   1.962
   1.981
   1.990
   1.987
   1.978
   1.974
   1.974
   1.980
   1.995
   2.026
   2.067
   2.112
   2.161
   2.209
   2.255
   2.293
   2.318
   2.326
   2.319
   2.299
   2.274
   2.246
   2.220
   2.199
   2.178
   2.149
   2.118
   2.091
   2.066
   2.039
   2.011
   1.975
   1.931
   1.877
   1.830
   1.796
   1.774
   1.760
   1.750
   1.738
   1.725
   1.711
   1.697
   1.690
   1.698
   1.733
   1.794
   1.903
   2.033
   2.180
   2.327
   2.489
   2.660
   2.821
   2.964
   3.048
   0.000
   0.000
   1.367
   1.484
   1.531
   1.577
   1.613
   1.649
   1.693
   1.742
   1.791
   1.842
   1.879
   1.908
   1.924
   1.927
   1.922
   1.916
   1.910
   1.909
   1.915
   1.932
   1.956
   1.996
   2.042
   2.094
   2.149
   2.201
   2.249
   2.280
   2.292
   2.285
   2.262
   2.235
   2.205
   2.176
   2.155
   2.137
   2.117
   2.101
   2.094
   2.089
   2.075
   2.056
   2.031
   1.991
   1.941
   1.890
   1.854
   1.832
   1.814
   1.789
   1.776
   1.763
   1.746
   1.727
   1.715
   1.719
   1.744
   1.799
   1.901
   2.040
   2.185
   2.335
   2.501
   2.672
   2.835
   2.983
   3.084
   0.000
   0.000
   1.299
   1.413
   1.465
   1.521
   1.567
   1.607
   1.651
   1.699
   1.747
   1.796
   1.833
   1.861
   1.875
   1.881
   1.877
   1.869
   1.866
   1.866
   1.869
   1.883
   1.910
   1.944
   1.985
   2.035
   2.093
   2.151
   2.203
   2.241
   2.257
   2.253
   2.236
   2.211
   2.185
   2.161
   2.142
   2.125
   2.108
   2.097
   2.103
   2.106
   2.106
   2.096
   2.075
   2.047
   2.005
   1.956
   1.916
   1.890
   1.864
   1.834
   1.821
   1.799
   1.773
   1.745
   1.731
   1.728
   1.736
   1.784
   1.883
   2.023
   2.181
   2.343
   2.517
   2.692
   2.858
   3.011
   3.124
   0.000
   0.000
   1.237
   1.343
   1.391
   1.447
   1.496
   1.547
   1.596
   1.641
   1.692
   1.739
   1.784
   1.814
   1.834
   1.843
   1.843
   1.838
   1.833
   1.832
   1.834
   1.848
   1.869
   1.900
   1.937
   1.986
   2.043
   2.102
   2.163
   2.206
   2.232
   2.236
   2.227
   2.211
   2.190
   2.173
   2.159
   2.144
   2.128
   2.119
   2.122
   2.127
   2.134
   2.130
   2.112
   2.085
   2.054
   2.014
   1.980
   1.950
   1.923
   1.892
   1.871
   1.841
   1.812
   1.779
   1.746
   1.727
   1.730
   1.766
   1.857
   2.000
   2.166
   2.347
   2.532
   2.717
   2.893
   3.055
   3.169
   0.000
   0.000
   1.162
   1.288
   1.325
   1.368
   1.412
   1.466
   1.519
   1.573
   1.624
   1.675
   1.717
   1.756
   1.785
   1.800
   1.806
   1.807
   1.806
   1.803
   1.808
   1.820
   1.838
   1.863
   1.899
   1.946
   2.005
   2.068
   2.134
   2.186
   2.220
   2.236
   2.239
   2.231
   2.218
   2.209
   2.199
   2.184
   2.167
   2.155
   2.152
   2.162
   2.166
   2.165
   2.149
   2.122
   2.093
   2.061
   2.031
   2.004
   1.979
   1.955
   1.933
   1.905
   1.869
   1.821
   1.775
   1.738
   1.733
   1.761
   1.838
   1.977
   2.150
   2.342
   2.545
   2.744
   2.934
   3.098
   3.202
   0.000
 -65.534
 -65.534
   1.168
   1.261
   1.287
   1.329
   1.377
   1.430
   1.484
   1.538
   1.589
   1.637
   1.677
   1.714
   1.736
   1.753
   1.760
   1.767
   1.770
   1.777
   1.789
   1.810
   1.835
   1.871
   1.920
   1.981
   2.045
   2.114
   2.174
   2.218
   2.248
   2.262
   2.265
   2.260
   2.253
   2.245
   2.230
   2.210
   2.198
   2.194
   2.198
   2.205
   2.205
   2.187
   2.164
   2.135
   2.101
   2.072
   2.048
   2.031
   2.012
   1.986
   1.958
   1.914
   1.860
   1.800
   1.755
   1.742
   1.769
   1.845
   1.972
   2.146
   2.356
   2.569
   2.779
   2.974
   3.143
   3.231
   0.000
 -65.534
 -65.534
 -65.534
   1.123
   1.206
   1.241
   1.284
   1.331
   1.380
   1.431
   1.482
   1.533
   1.576
   1.615
   1.646
   1.673
   1.690
   1.705
   1.717
   1.732
   1.752
   1.775
   1.810
   1.852
   1.903
   1.967
   2.036
   2.104
   2.168
   2.219
   2.258
   2.283
   2.294
   2.298
   2.298
   2.291
   2.277
   2.255
   2.238
   2.230
   2.231
   2.242
   2.240
   2.221
   2.198
   2.167
   2.130
   2.104
   2.089
   2.074
   2.063
   2.040
   2.008
   1.956
   1.888
   1.826
   1.785
   1.767
   1.793
   1.867
   1.993
   2.168
   2.370
   2.592
   2.805
   3.000
   3.176
   3.255
   0.000
 -65.534
 -65.534
 -65.534
 -65.534
   1.087
   1.148
   1.187
   1.225
   1.265
   1.313
   1.364
   1.412
   1.457
   1.495
   1.536
   1.566
   1.593
   1.614
   1.635
   1.658
   1.687
   1.722
   1.764
   1.818
   1.879
   1.951
   2.021
   2.090
   2.155
   2.210
   2.253
   2.284
   2.303
   2.315
   2.321
   2.321
   2.313
   2.292
   2.275
   2.264
   2.263
   2.268
   2.268
   2.248
   2.223
   2.193
   2.159
   2.134
   2.124
   2.119
   2.113
   2.094
   2.056
   2.007
   1.938
   1.872
   1.835
   1.828
   1.857
   1.928
   2.043
   2.207
   2.403
   2.615
   2.822
   3.014
   3.186
   3.249
   0.000
 -65.534
 -65.534
 -65.534
 -65.534
   0.998
   1.054
   1.089
   1.116
   1.150
   1.191
   1.238
   1.285
   1.329
   1.374
   1.413
   1.445
   1.476
   1.505
   1.531
   1.559
   1.593
   1.638
   1.689
   1.750
   1.822
   1.899
   1.978
   2.051
   2.118
   2.175
   2.221
   2.257
   2.283
   2.302
   2.319
   2.328
   2.328
   2.317
   2.297
   2.282
   2.280
   2.283
   2.278
   2.260
   2.235
   2.210
   2.184
   2.168
   2.162
   2.166
   2.161
   2.146
   2.117
   2.072
   2.017
   1.964
   1.934
   1.929
   1.953
   2.014
   2.116
   2.261
   2.442
   2.640
   2.829
   3.004
   3.165
   3.208
   0.000
 -65.534
 -65.534
 -65.534
 -65.534
   0.926
   0.969
   0.996
   1.020
   1.042
   1.080
   1.122
   1.164
   1.206
   1.246
   1.287
   1.326
   1.355
   1.383
   1.414
   1.447
   1.485
   1.531
   1.584
   1.649
   1.722
   1.803
   1.886
   1.966
   2.041
   2.104
   2.157
   2.197
   2.228
   2.255
   2.283
   2.305
   2.316
   2.315
   2.301
   2.280
   2.266
   2.261
   2.267
   2.253
   2.234
   2.215
   2.198
   2.190
   2.197
   2.207
   2.206
   2.201
   2.187
   2.162
   2.125
   2.089
   2.057
   2.049
   2.068
   2.114
   2.197
   2.322
   2.488
   2.660
   2.827
   2.985
   3.127
   3.146
   0.000
 -65.534
 -65.534
 -65.534
 -65.534
   0.870
   0.892
   0.913
   0.932
   0.960
   0.985
   1.025
   1.062
   1.098
   1.135
   1.170
   1.202
   1.234
   1.270
   1.303
   1.334
   1.368
   1.413
   1.462
   1.528
   1.599
   1.680
   1.764
   1.846
   1.928
   1.996
   2.056
   2.102
   2.145
   2.180
   2.215
   2.250
   2.275
   2.286
   2.282
   2.266
   2.245
   2.236
   2.237
   2.227
   2.219
   2.220
   2.216
   2.216
   2.230
   2.247
   2.259
   2.264
   2.269
   2.266
   2.248
   2.221
   2.193
   2.177
   2.185
   2.217
   2.283
   2.392
   2.534
   2.688
   2.836
   2.979
   3.105
   3.095
   0.000
 -65.534
 -65.534
 -65.534
 -65.534
 -65.534
 -65.534
 -65.534
 -65.534
   0.876
   0.917
   0.946
   0.978
   1.012
   1.041
   1.065
   1.092
   1.124
   1.161
   1.201
   1.238
   1.269
   1.302
   1.342
   1.403
   1.475
   1.556
   1.637
   1.717
   1.796
   1.866
   1.930
   1.987
   2.033
   2.080
   2.124
   2.168
   2.205
   2.229
   2.235
   2.231
   2.219
   2.212
   2.210
   2.212
   2.218
   2.224
   2.227
   2.240
   2.272
   2.299
   2.324
   2.346
   2.364
   2.378
   2.382
   2.372
   2.342
   2.313
   2.305
   2.322
   2.371
   2.460
   2.583
   2.721
   2.862
   2.994
   3.106
   3.071
   0.000
 -65.534
 -65.534
 -65.534
 -65.534
 -65.534
 -65.534
   0.626
   0.711
   0.838
   0.870
   0.893
   0.917
   0.944
   0.968
   0.991
   1.009
   1.036
   1.077
   1.118
   1.153
   1.183
   1.209
   1.250
   1.295
   1.354
   1.432
   1.513
   1.594
   1.670
   1.743
   1.807
   1.865
   1.918
   1.969
   2.017
   2.065
   2.111
   2.146
   2.167
   2.177
   2.177
   2.181
   2.188
   2.201
   2.218
   2.228
   2.245
   2.279
   2.313
   2.348
   2.386
   2.420
   2.458
   2.493
   2.523
   2.526
   2.500
   2.461
   2.434
   2.426
   2.445
   2.506
   2.613
   2.744
   2.889
   3.018
   3.122
   3.053
   0.000
 -65.534
 -65.534
 -65.534
 -65.534
 -65.534
 -65.534
 -65.534
 -65.534
 -65.534
   0.835
   0.855
   0.871
   0.892
   0.905
   0.922
   0.950
   0.985
   1.026
   1.069
   1.102
   1.122
   1.144
   1.175
   1.222
   1.281
   1.345
   1.410
   1.486
   1.557
   1.624
   1.686
   1.747
   1.805
   1.859
   1.908
   1.959
   2.006
   2.045
   2.076
   2.101
   2.121
   2.137
   2.157
   2.176
   2.201
   2.226
   2.259
   2.302
   2.348
   2.400
   2.454
   2.512
   2.561
   2.610
   2.654
   2.676
   2.660
   2.616
   2.566
   2.521
   2.503
   2.527
   2.614
   2.743
   2.888
   3.023
   3.122
   3.007
   0.000
 -65.534
 -65.534
 -65.534
 -65.534
 -65.534
 -65.534
 -65.534
 -65.534
 -65.534
 -65.534
 -65.534
 -65.534
 -65.534
 -65.534
 -65.534
   0.882
   0.945
   0.993
   1.045
   1.090
   1.101
   1.115
   1.139
   1.178
   1.233
   1.292
   1.353
   1.405
   1.464
   1.523
   1.581
   1.635
   1.689
   1.742
   1.795
   1.845
   1.895
   1.939
   1.997
   2.034
   2.063
   2.088
   2.110
   2.142
   2.178
   2.214
   2.261
   2.316
   2.373
   2.433
   2.497
   2.563
   2.627
   2.688
   2.746
   2.788
   2.786
   2.746
   2.676
   2.598
   2.539
   2.526
   2.593
   2.710
   2.846
   2.978
   3.071
   2.929
   0.000
 -65.534
 -65.534
 -65.534
 -65.534
 -65.534
 -65.534
 -65.534
 -65.534
 -65.534
 -65.534
 -65.534
 -65.534
 -65.534
 -65.534
 -65.534
 -65.534
 -65.534
 -65.534
 -65.534
   1.081
   1.117
   1.131
   1.152
   1.183
   1.220
   1.268
   1.319
   1.368
   1.413
   1.450
   1.491
   1.539
   1.588
   1.636
   1.689
   1.743
   1.795
   1.846
   1.900
   1.954
   1.995
   2.031
   2.062
   2.098
   2.141
   2.186
   2.239
   2.304
   2.375
   2.439
   2.504
   2.575
   2.649
   2.718
   2.784
   2.833
   2.851
   2.821
   2.750
   2.646
   2.552
   2.509
   2.549
   2.646
   2.763
   2.884
   2.965
   2.800
   0.000
 -65.534
 -65.534
 -65.534
 -65.534
 -65.534
 -65.534
 -65.534
 -65.534
 -65.534
 -65.534
 -65.534
 -65.534
 -65.534
 -65.534
 -65.534
 -65.534
 -65.534
 -65.534
   1.032
   1.164
   1.174
   1.188
   1.205
   1.228
   1.259
   1.288
   1.323
   1.359
   1.392
   1.420
   1.445
   1.476
   1.513
   1.553
   1.602
   1.656
   1.711
   1.765
   1.817
   1.868
   1.923
   1.973
   2.014
   2.056
   2.095
   2.140
   2.192
   2.258
   2.331
   2.409
   2.486
   2.564
   2.639
   2.710
   2.774
   2.826
   2.857
   2.845
   2.785
   2.683
   2.571
   2.509
   2.512
   2.577
   2.663
   2.755
   2.815
   2.629
   0.000
 -65.534
 -65.534
 -65.534
 -65.534
 -65.534
 -65.534
 -65.534
 -65.534
 -65.534
 -65.534
 -65.534
 -65.534
 -65.534
 -65.534
 -65.534
 -65.534
 -65.534
   1.092
   1.249
   1.262
   1.270
   1.278
   1.290
   1.305
   1.320
   1.340
   1.363
   1.384
   1.404
   1.423
   1.439
   1.453
   1.478
   1.509
   1.547
   1.592
   1.637
   1.688
   1.740
   1.795
   1.855
   1.916
   1.974
   2.026
   2.067
   2.109
   2.156
   2.217
   2.290
   2.366
   2.447
   2.529
   2.601
   2.673
   2.735
   2.802
   2.840
   2.840
   2.797
   2.707
   2.591
   2.502
   2.479
   2.511
   2.563
   2.615
   2.640
   2.425
   0.000
 -65.534
 -65.534
 -65.534
 -65.534
 -65.534
 -65.534
 -65.534
 -65.534
 -65.534
 -65.534
 -65.534
 -65.534
 -65.534
 -65.534
 -65.534
 -65.534
 -65.534
   1.273
   1.338
   1.346
   1.357
   1.365
   1.381
   1.389
   1.394
   1.404
   1.417
   1.433
   1.442
   1.455
   1.464
   1.463
   1.475
   1.494
   1.516
   1.550
   1.586
   1.625
   1.672
   1.728
   1.789
   1.857
   1.925
   1.989
   2.040
   2.083
   2.128
   2.184
   2.255
   2.333
   2.411
   2.480
   2.546
   2.614
   2.677
   2.731
   2.775
   2.789
   2.761
   2.686
   2.590
   2.501
   2.446
   2.435
   2.448
   2.467
   2.456
   2.223
   0.000
 -65.534
 -65.534
 -65.534
 -65.534
 -65.534
 -65.534
 -65.534
 -65.534
 -65.534
 -65.534
 -65.534
 -65.534
 -65.534
 -65.534
 -65.534
 -65.534
 -65.534
   1.317
   1.377
   1.394
   1.412
   1.431
   1.452
   1.464
   1.462
   1.463
   1.466
   1.479
   1.488
   1.495
   1.499
   1.488
   1.490
   1.497
   1.511
   1.531
   1.557
   1.589
   1.629
   1.676
   1.734
   1.798
   1.869
   1.935
   1.992
   2.043
   2.094
   2.155
   2.224
   2.298
   2.374
   2.440
   2.504
   2.562
   2.614
   2.658
   2.692
   2.708
   2.698
   2.648
   2.570
   2.487
   2.413
   2.365
   2.349
   2.329
   2.285
   2.038
   0.000
 -65.534
 -65.534
 -65.534
 -65.534
 -65.534
 -65.534
 -65.534
 -65.534
 -65.534
 -65.534
 -65.534
 -65.534
 -65.534
 -65.534
 -65.534
 -65.534
 -65.534
   1.313
   1.379
   1.412
   1.439
   1.469
   1.498
   1.515
   1.511
   1.505
   1.507
   1.513
   1.524
   1.530
   1.531
   1.518
   1.517
   1.522
   1.529
   1.542
   1.561
   1.588
   1.620
   1.660
   1.708
   1.763
   1.822
   1.879
   1.933
   1.989
   2.042
   2.103
   2.172
   2.244
   2.314
   2.378
   2.439
   2.485
   2.526
   2.560
   2.584
   2.601
   2.601
   2.577
   2.523
   2.448
   2.368
   2.296
   2.242
   2.188
   2.125
   1.857
   0.000
 -65.534
 -65.534
 -65.534
 -65.534
 -65.534
 -65.534
 -65.534
 -65.534
 -65.534
 -65.534
 -65.534
 -65.534
 -65.534
 -65.534
 -65.534
 -65.534
 -65.534
 -65.534
   1.335
   1.399
   1.445
   1.483
   1.515
   1.531
   1.528
   1.519
   1.519
   1.525
   1.535
   1.547
   1.552
   1.540
   1.544
   1.548
   1.556
   1.569
   1.582
   1.604
   1.632
   1.667
   1.711
   1.751
   1.794
   1.834
   1.877
   1.922
   1.973
   2.030
   2.098
   2.166
   2.234
   2.293
   2.345
   2.384
   2.418
   2.441
   2.463
   2.478
   2.482
   2.472
   2.433
   2.378
   2.303
   2.220
   2.138
   2.055
   1.958
   1.686
   0.000
 -65.534
 -65.534
 -65.534
 -65.534
 -65.534
 -65.534
 -65.534
 -65.534
 -65.534
 -65.534
 -65.534
 -65.534
 -65.534
 -65.534
 -65.534
 -65.534
 -65.534
 -65.534
 -65.534
   1.349
   1.417
   1.461
   1.494
   1.506
   1.507
   1.501
   1.501
   1.506
   1.518
   1.536
   1.541
   1.536
   1.543
   1.554
   1.580
   1.612
   1.647
   1.675
   1.702
   1.730
   1.731
   1.748
   1.770
   1.793
   1.819
   1.851
   1.892
   1.942
   2.000
   2.065
   2.134
   2.188
   2.237
   2.279
   2.309
   2.333
   2.350
   2.359
   2.366
   2.361
   2.334
   2.282
   2.212
   2.126
   2.033
   1.930
   1.801
   1.507
   0.000
 -65.534
 -65.534
 -65.534
 -65.534
 -65.534
 -65.534
 -65.534
 -65.534
 -65.534
 -65.534
 -65.534
 -65.534
 -65.534
 -65.534
 -65.534
 -65.534
 -65.534
 -65.534
 -65.534
 -65.534
   1.359
   1.424
   1.464
   1.480
   1.480
   1.474
   1.472
   1.475
   1.480
   1.485
   1.477
   1.469
   1.440
   1.392
   1.301
   1.068
 -65.534
 -65.534
 -65.534
 -65.534
   1.657
   1.717
   1.731
   1.747
   1.769
   1.795
   1.827
   1.868
   1.914
   1.968
   2.023
   2.072
   2.117
   2.153
   2.179
   2.205
   2.219
   2.233
   2.239
   2.235
   2.208
   2.158
   2.092
   2.001
   1.900
   1.790
   1.649
   1.339
   0.000
 -65.534
 -65.534
 -65.534
 -65.534
 -65.534
 -65.534
 -65.534
 -65.534
 -65.534
 -65.534
 -65.534
 -65.534
 -65.534
 -65.534
 -65.534
 -65.534
 -65.534
 -65.534
 -65.534
 -65.534
 -65.534
 -65.534
 -65.534
 -65.534
   1.396
   1.425
   1.432
   1.434
   1.431
   1.423
   1.394
   1.362
   1.302
   1.202
   1.051
   0.808
 -65.534
 -65.534
 -65.534
 -65.534
 -65.534
 -65.534
   1.666
   1.703
   1.732
   1.763
   1.785
   1.812
   1.844
   1.875
   1.910
   1.949
   1.987
   2.016
   2.040
   2.057
   2.065
   2.070
   2.075
   2.068
   2.046
   2.002
   1.928
   1.837
   1.731
   1.613
   1.464
   1.157
   0.000
 -65.534
 -65.534
 -65.534
 -65.534
 -65.534
 -65.534
 -65.534
 -65.534
 -65.534
 -65.534
 -65.534
 -65.534
 -65.534
 -65.534
 -65.534
 -65.534
 -65.534
 -65.534
 -65.534
 -65.534
 -65.534
 -65.534
 -65.534
 -65.534
   1.314
   1.353
   1.363
   1.369
   1.371
   1.344
   1.297
   1.245
   1.171
   1.072
   0.926
   0.766
 -65.534
 -65.534
 -65.534
 -65.534
 -65.534
 -65.534
 -65.534
   1.645
   1.706
   1.741
   1.762
   1.774
   1.795
   1.806
   1.824
   1.846
   1.869
   1.886
   1.902
   1.906
   1.908
   1.905
   1.901
   1.890
   1.857
   1.801
   1.724
   1.622
   1.506
   1.384
   1.237
   0.949
   0.000
 -65.534
 -65.534
 -65.534
 -65.534
 -65.534
 -65.534
 -65.534
 -65.534
 -65.534
 -65.534
 -65.534
 -65.534
 -65.534
 -65.534
 -65.534
 -65.534
 -65.534
 -65.534
 -65.534
 -65.534
 -65.534
 -65.534
 -65.534
 -65.534
 -65.534
 -65.534
 -65.534
 -65.534
 -65.534
   1.204
   1.176
   1.135
   1.082
   1.008
   0.928
   0.774
   0.395
 -65.534
 -65.534
 -65.534
 -65.534
 -65.534
 -65.534
   1.365
   1.224
 -65.534
   1.610
   1.699
   1.726
   1.750
   1.758
   1.769
   1.770
   1.775
   1.776
   1.771
   1.764
   1.749
   1.733
   1.709
   1.666
   1.596
   1.502
   1.387
   1.257
   1.119
   0.965
   0.707
   0.000
 -65.534
 -65.534
 -65.534
 -65.534
 -65.534
 -65.534
 -65.534
 -65.534
 -65.534
 -65.534
 -65.534
 -65.534
 -65.534
 -65.534
 -65.534
 -65.534
 -65.534
 -65.534
 -65.534
 -65.534
 -65.534
 -65.534
 -65.534
 -65.534
 -65.534
 -65.534
 -65.534
 -65.534
 -65.534
 -65.534
 -65.534
 -65.534
   0.985
   0.966
   0.925
   0.841
   0.550
   0.319
 -65.534
 -65.534
 -65.534
 -65.534
 -65.534
 -65.534
 -65.534
 -65.534
 -65.534
 -65.534
 -65.534
   1.546
   1.655
   1.679
   1.710
   1.701
   1.683
   1.644
   1.612
   1.585
   1.556
   1.519
   1.463
   1.381
   1.273
   1.146
   1.007
   0.857
   0.693
   0.461
   0.000
 -65.534
 -65.534
 -65.534
 -65.534
 -65.534
 -65.534
 -65.534
 -65.534
 -65.534
 -65.534
 -65.534
 -65.534
 -65.534
 -65.534
 -65.534
 -65.534
 -65.534
 -65.534
 -65.534
 -65.534
 -65.534
 -65.534
 -65.534
 -65.534
 -65.534
 -65.534
 -65.534
 -65.534
 -65.534
 -65.534
 -65.534
 -65.534
   0.926
   0.928
   0.911
   0.839
   0.618
   0.427
   0.296
   0.227
 -65.534
 -65.534
 -65.534
 -65.534
 -65.534
 -65.534
 -65.534
 -65.534
 -65.534
 -65.534
 -65.534
 -65.534
   1.450
   1.542
   1.535
   1.509
   1.458
   1.414
   1.370
   1.321
   1.254
   1.165
   1.055
   0.924
   0.777
   0.629
   0.466
   0.259
   0.000
 -65.534
 -65.534
 -65.534
 -65.534
 -65.534
 -65.534
 -65.534
 -65.534
 -65.534
 -65.534
 -65.534
 -65.534
 -65.534
 -65.534
 -65.534
 -65.534
 -65.534
 -65.534
 -65.534
 -65.534
 -65.534
 -65.534
 -65.534
 -65.534
 -65.534
 -65.534
 -65.534
 -65.534
 -65.534
 -65.534
 -65.534
 -65.534
 -65.534
 -65.534
 -65.534
 -65.534
   0.491
   0.435
   0.357
   0.293
   0.226
   0.186
   0.155
   0.142
   0.136
 -65.534
 -65.534
 -65.534
 -65.534
 -65.534
 -65.534
 -65.534
 -65.534
 -65.534
 -65.534
   1.217
   1.278
   1.250
   1.204
   1.139
   1.063
   0.970
   0.859
   0.734
   0.597
   0.454
   0.300
   0.116
   0.000
 -65.534
 -65.534
 -65.534
 -65.534
 -65.534
 -65.534
 -65.534
 -65.534
 -65.534
 -65.534
 -65.534
 -65.534
 -65.534
 -65.534
 -65.534
 -65.534
 -65.534
 -65.534
 -65.534
 -65.534
 -65.534
 -65.534
 -65.534
 -65.534
 -65.534
 -65.534
 -65.534
 -65.534
 -65.534
 -65.534
 -65.534
 -65.534
 -65.534
 -65.534
 -65.534
 -65.534
 -65.534
 -65.534
 -65.534
 -65.534
   0.189
 -65.534
 -65.534
 -65.534
 -65.534
 -65.534
 -65.534
 -65.534
 -65.534
 -65.534
 -65.534
 -65.534
 -65.534
 -65.534
 -65.534
   0.922
   1.040
   1.053
   1.028
   0.989
   0.906
   0.795
   0.684
   0.569
   0.450
   0.328
   0.190
   0.027
   0.000
 -65.534
 -65.534
 -65.534
 -65.534
 -65.534
 -65.534
 -65.534
 -65.534
 -65.534
 -65.534
 -65.534
 -65.534
 -65.534
 -65.534
 -65.534
 -65.534
 -65.534
 -65.534
 -65.534
 -65.534
 -65.534
 -65.534
 -65.534
 -65.534
 -65.534
 -65.534
 -65.534
 -65.534
 -65.534
 -65.534
 -65.534
 -65.534
 -65.534
 -65.534
 -65.534
 -65.534
 -65.534
 -65.534
 -65.534
 -65.534
 -65.534
 -65.534
 -65.534
 -65.534
 -65.534
 -65.534
 -65.534
 -65.534
 -65.534
 -65.534
 -65.534
 -65.534
 -65.534
 -65.534
 -65.534
 -65.534
 -65.534
 -65.534
 -65.534
   0.756
   0.719
   0.630
   0.526
   0.439
   0.353
   0.262
   0.162
   0.005
   0.000
 -65.534
 -65.534
 -65.534
 -65.534
 -65.534
 -65.534
 -65.534
 -65.534
 -65.534
 -65.534
 -65.534
 -65.534
 -65.534
 -65.534
 -65.534
 -65.534
 -65.534
 -65.534
 -65.534
 -65.534
 -65.534
 -65.534
 -65.534
 -65.534
 -65.534
 -65.534
 -65.534
 -65.534
 -65.534
 -65.534
 -65.534
 -65.534
 -65.534
 -65.534
 -65.534
 -65.534
 -65.534
 -65.534
 -65.534
 -65.534
 -65.534
 -65.534
 -65.534
 -65.534
 -65.534
 -65.534
 -65.534
 -65.534
 -65.534
 -65.534
 -65.534
 -65.534
 -65.534
 -65.534
 -65.534
 -65.534
 -65.534
 -65.534
 -65.534
 -65.534
 -65.534
   0.000
   0.000
   0.000
   0.000
   0.000
   0.000
   0.000
 -65.534
