 -65.534
   0.000
   0.000
   0.000
   0.000
   0.000
   0.000
   0.000
   0.000
   0.000
   0.000
   0.000
   0.000
   0.000
   0.000
   0.000
   0.000
   0.000
   0.000
   0.000
   0.000
   0.000
   0.000
   0.000
   0.000
   0.000
   0.000
   0.000
   0.000
   0.000
   0.000
   0.000
   0.000
   0.000
   0.000
   0.000
   0.000
   0.000
   0.000
   0.000
   0.000
   0.000
   0.000
   0.000
   0.000
   0.000
   0.000
   0.000
   0.000
   0.000
   0.000
   0.000
   0.000
   0.000
   0.000
   0.000
   0.000
   0.000
   0.000
   0.000
   0.000
   0.000
   0.000
   0.000
   0.000
   0.000
   0.000
   0.000
 -65.534
   0.000
   1.752
   1.840
   1.853
   1.855
   1.852
   1.850
   1.849
   1.850
   1.850
   1.854
   1.856
   1.859
   1.861
   1.850
   1.841
   1.832
   1.862
   1.936
   2.051
   2.203
   2.370
   2.535
   2.733
   2.749
   2.700
   2.663
   2.652
   2.658
   2.696
   2.737
   2.764
   2.817
   2.876
   2.877
   2.883
   2.871
   2.876
   2.914
   2.957
   3.028
   3.095
   3.139
   3.179
   3.199
   3.173
   3.132
   3.066
   2.997
   2.935
   2.870
   2.798
   2.755
   2.689
   2.674
   2.683
   2.709
   2.753
   2.825
   2.935
   3.038
   3.120
   3.219
   3.328
   3.408
   3.472
   3.568
   3.537
   0.000
   0.000
   1.922
   1.982
   1.971
   1.961
   1.949
   1.943
   1.947
   1.957
   1.976
   2.003
   2.031
   2.052
   2.058
   2.048
   2.028
   2.012
   2.020
   2.058
   2.132
   2.241
   2.367
   2.492
   2.641
   2.669
   2.653
   2.642
   2.651
   2.696
   2.757
   2.843
   2.935
   3.036
   3.149
   3.219
   3.260
   3.275
   3.281
   3.288
   3.329
   3.395
   3.479
   3.553
   3.628
   3.674
   3.678
   3.681
   3.657
   3.626
   3.575
   3.505
   3.429
   3.368
   3.301
   3.217
   3.138
   3.096
   3.090
   3.138
   3.221
   3.322
   3.442
   3.573
   3.708
   3.843
   3.966
   4.088
   4.095
   0.000
   0.000
   1.946
   1.988
   1.967
   1.947
   1.931
   1.928
   1.939
   1.952
   1.981
   2.020
   2.054
   2.083
   2.088
   2.072
   2.044
   2.018
   2.012
   2.029
   2.075
   2.144
   2.230
   2.313
   2.393
   2.453
   2.465
   2.482
   2.521
   2.580
   2.657
   2.762
   2.892
   3.055
   3.224
   3.355
   3.461
   3.517
   3.544
   3.555
   3.571
   3.633
   3.715
   3.798
   3.869
   3.915
   3.945
   3.968
   3.971
   3.947
   3.903
   3.845
   3.772
   3.694
   3.605
   3.513
   3.408
   3.316
   3.252
   3.257
   3.300
   3.371
   3.483
   3.618
   3.791
   3.948
   4.101
   4.249
   4.284
   0.000
   0.000
   1.961
   1.988
   1.956
   1.930
   1.908
   1.899
   1.909
   1.926
   1.959
   2.006
   2.043
   2.073
   2.084
   2.071
   2.045
   2.018
   2.007
   2.021
   2.041
   2.078
   2.135
   2.185
   2.220
   2.268
   2.295
   2.350
   2.418
   2.500
   2.597
   2.723
   2.887
   3.082
   3.297
   3.483
   3.637
   3.732
   3.783
   3.797
   3.817
   3.871
   3.942
   4.021
   4.090
   4.135
   4.166
   4.198
   4.213
   4.197
   4.148
   4.081
   4.008
   3.918
   3.819
   3.702
   3.597
   3.465
   3.342
   3.281
   3.289
   3.336
   3.420
   3.580
   3.753
   3.954
   4.143
   4.329
   4.402
   0.000
   0.000
   1.968
   1.990
   1.955
   1.924
   1.896
   1.879
   1.879
   1.896
   1.929
   1.969
   2.007
   2.032
   2.041
   2.031
   2.008
   1.988
   1.976
   1.982
   1.987
   2.003
   2.031
   2.059
   2.086
   2.100
   2.142
   2.229
   2.334
   2.446
   2.578
   2.721
   2.905
   3.126
   3.363
   3.584
   3.769
   3.898
   3.972
   3.992
   4.009
   4.063
   4.142
   4.221
   4.296
   4.355
   4.381
   4.404
   4.422
   4.407
   4.347
   4.259
   4.184
   4.087
   3.969
   3.828
   3.676
   3.506
   3.357
   3.238
   3.198
   3.225
   3.320
   3.472
   3.683
   3.910
   4.125
   4.348
   4.460
   0.000
   0.000
   1.971
   1.999
   1.965
   1.931
   1.895
   1.870
   1.864
   1.876
   1.903
   1.935
   1.966
   1.985
   1.991
   1.979
   1.957
   1.940
   1.926
   1.920
   1.916
   1.913
   1.922
   1.924
   1.936
   1.964
   2.049
   2.155
   2.283
   2.430
   2.585
   2.748
   2.939
   3.156
   3.396
   3.632
   3.836
   3.994
   4.081
   4.131
   4.165
   4.227
   4.310
   4.399
   4.483
   4.546
   4.593
   4.619
   4.624
   4.600
   4.530
   4.429
   4.313
   4.187
   4.038
   3.871
   3.694
   3.505
   3.300
   3.142
   3.064
   3.063
   3.144
   3.301
   3.510
   3.781
   4.054
   4.310
   4.472
   0.000
   0.000
   1.955
   1.999
   1.975
   1.944
   1.903
   1.873
   1.857
   1.861
   1.882
   1.910
   1.934
   1.948
   1.945
   1.932
   1.910
   1.887
   1.874
   1.862
   1.850
   1.846
   1.846
   1.852
   1.869
   1.916
   2.014
   2.134
   2.276
   2.436
   2.610
   2.793
   2.984
   3.183
   3.399
   3.621
   3.822
   3.999
   4.123
   4.209
   4.271
   4.348
   4.441
   4.552
   4.650
   4.743
   4.800
   4.826
   4.827
   4.772
   4.688
   4.561
   4.412
   4.246
   4.070
   3.870
   3.651
   3.426
   3.196
   2.998
   2.892
   2.851
   2.917
   3.088
   3.338
   3.631
   3.947
   4.233
   4.456
   0.000
   0.000
   1.905
   1.974
   1.969
   1.950
   1.912
   1.879
   1.853
   1.854
   1.871
   1.895
   1.912
   1.918
   1.915
   1.892
   1.866
   1.844
   1.828
   1.815
   1.807
   1.804
   1.810
   1.823
   1.853
   1.918
   2.019
   2.151
   2.303
   2.475
   2.666
   2.859
   3.044
   3.231
   3.412
   3.589
   3.772
   3.960
   4.111
   4.233
   4.343
   4.448
   4.557
   4.687
   4.815
   4.936
   5.008
   5.039
   5.027
   4.963
   4.849
   4.691
   4.508
   4.309
   4.083
   3.847
   3.577
   3.311
   3.047
   2.783
   2.659
   2.599
   2.678
   2.848
   3.122
   3.462
   3.814
   4.151
   4.396
   0.000
   0.000
   1.806
   1.899
   1.926
   1.927
   1.900
   1.868
   1.848
   1.847
   1.864
   1.885
   1.900
   1.903
   1.890
   1.868
   1.839
   1.813
   1.797
   1.788
   1.786
   1.796
   1.809
   1.834
   1.875
   1.951
   2.064
   2.204
   2.369
   2.555
   2.753
   2.955
   3.141
   3.314
   3.482
   3.602
   3.743
   3.910
   4.078
   4.217
   4.367
   4.517
   4.660
   4.827
   4.982
   5.131
   5.222
   5.264
   5.273
   5.222
   5.067
   4.816
   4.602
   4.364
   4.092
   3.793
   3.479
   3.166
   2.873
   2.629
   2.468
   2.385
   2.437
   2.622
   2.927
   3.280
   3.673
   4.053
   4.346
   0.000
   0.000
   1.679
   1.787
   1.837
   1.865
   1.860
   1.844
   1.835
   1.837
   1.854
   1.876
   1.890
   1.892
   1.884
   1.862
   1.834
   1.807
   1.793
   1.787
   1.792
   1.808
   1.842
   1.880
   1.936
   2.022
   2.145
   2.294
   2.469
   2.657
   2.860
   3.063
   3.256
   3.432
   3.587
   3.689
   3.775
   3.895
   4.032
   4.165
   4.335
   4.526
   4.725
   4.927
   5.120
   5.296
   5.415
   5.488
   5.501
   5.442
   5.234
   4.916
   4.702
   4.393
   4.044
   3.663
   3.338
   3.008
   2.684
   2.410
   2.229
   2.173
   2.230
   2.427
   2.764
   3.152
   3.572
   3.967
   4.301
   0.000
   0.000
   1.559
   1.667
   1.735
   1.782
   1.799
   1.800
   1.802
   1.811
   1.832
   1.856
   1.879
   1.891
   1.885
   1.871
   1.851
   1.829
   1.810
   1.806
   1.818
   1.845
   1.883
   1.939
   2.009
   2.115
   2.245
   2.401
   2.574
   2.763
   2.969
   3.166
   3.373
   3.569
   3.744
   3.859
   3.913
   3.943
   4.007
   4.104
   4.263
   4.474
   4.718
   4.973
   5.198
   5.405
   5.561
   5.680
   5.701
   5.656
   5.409
   5.058
   4.771
   4.394
   3.978
   3.561
   3.134
   2.762
   2.448
   2.169
   1.999
   1.965
   2.066
   2.280
   2.646
   3.067
   3.512
   3.919
   4.272
   0.000
   0.000
   1.452
   1.571
   1.628
   1.680
   1.711
   1.732
   1.749
   1.766
   1.791
   1.818
   1.847
   1.871
   1.886
   1.883
   1.875
   1.858
   1.851
   1.848
   1.861
   1.890
   1.934
   1.996
   2.085
   2.204
   2.344
   2.496
   2.663
   2.849
   3.055
   3.256
   3.480
   3.712
   3.919
   4.028
   4.079
   4.039
   3.988
   3.999
   4.122
   4.349
   4.624
   4.933
   5.198
   5.429
   5.640
   5.775
   5.855
   5.793
   5.578
   5.251
   4.919
   4.466
   3.981
   3.471
   2.982
   2.517
   2.200
   1.931
   1.775
   1.768
   1.912
   2.189
   2.600
   3.066
   3.527
   3.924
   4.246
   0.000
 -65.534
 -65.534
   1.424
   1.512
   1.552
   1.593
   1.630
   1.665
   1.696
   1.729
   1.764
   1.793
   1.823
   1.849
   1.865
   1.873
   1.874
   1.879
   1.885
   1.905
   1.933
   1.986
   2.061
   2.157
   2.287
   2.437
   2.587
   2.743
   2.915
   3.116
   3.324
   3.556
   3.814
   4.056
   4.181
   4.190
   4.093
   3.930
   3.846
   3.939
   4.156
   4.444
   4.773
   5.089
   5.394
   5.654
   5.816
   5.900
   5.853
   5.652
   5.344
   4.951
   4.501
   3.949
   3.392
   2.840
   2.321
   1.951
   1.699
   1.580
   1.621
   1.821
   2.182
   2.652
   3.146
   3.598
   3.980
   4.279
   0.000
 -65.534
 -65.534
 -65.534
   1.339
   1.398
   1.451
   1.506
   1.554
   1.597
   1.640
   1.683
   1.715
   1.744
   1.772
   1.800
   1.827
   1.846
   1.868
   1.890
   1.923
   1.963
   2.022
   2.108
   2.225
   2.369
   2.523
   2.675
   2.818
   2.975
   3.151
   3.356
   3.592
   3.848
   4.075
   4.188
   4.185
   4.061
   3.849
   3.701
   3.769
   3.984
   4.287
   4.602
   4.909
   5.241
   5.535
   5.720
   5.836
   5.819
   5.644
   5.372
   4.967
   4.490
   3.900
   3.312
   2.724
   2.211
   1.779
   1.522
   1.435
   1.526
   1.791
   2.212
   2.725
   3.243
   3.688
   4.068
   4.333
   0.000
 -65.534
 -65.534
 -65.534
 -65.534
   1.220
   1.304
   1.372
   1.423
   1.473
   1.516
   1.561
   1.597
   1.634
   1.664
   1.701
   1.731
   1.767
   1.801
   1.838
   1.882
   1.934
   2.010
   2.114
   2.250
   2.409
   2.574
   2.726
   2.866
   3.001
   3.153
   3.329
   3.544
   3.771
   3.970
   4.063
   4.037
   3.930
   3.725
   3.567
   3.621
   3.859
   4.144
   4.415
   4.701
   5.004
   5.291
   5.523
   5.656
   5.670
   5.531
   5.285
   4.897
   4.401
   3.839
   3.261
   2.652
   2.134
   1.722
   1.463
   1.394
   1.521
   1.837
   2.297
   2.832
   3.346
   3.785
   4.135
   4.371
   0.000
 -65.534
 -65.534
 -65.534
 -65.534
   1.118
   1.189
   1.246
   1.285
   1.327
   1.370
   1.417
   1.458
   1.495
   1.535
   1.573
   1.611
   1.647
   1.687
   1.725
   1.776
   1.839
   1.925
   2.039
   2.183
   2.356
   2.533
   2.694
   2.839
   2.971
   3.108
   3.251
   3.417
   3.603
   3.777
   3.854
   3.832
   3.737
   3.573
   3.433
   3.446
   3.677
   3.957
   4.197
   4.441
   4.697
   4.969
   5.188
   5.338
   5.379
   5.302
   5.078
   4.716
   4.260
   3.742
   3.227
   2.668
   2.178
   1.781
   1.532
   1.482
   1.633
   1.972
   2.435
   2.952
   3.397
   3.799
   4.117
   4.333
   0.000
 -65.534
 -65.534
 -65.534
 -65.534
   1.068
   1.117
   1.154
   1.179
   1.199
   1.239
   1.281
   1.320
   1.359
   1.403
   1.447
   1.486
   1.512
   1.547
   1.586
   1.632
   1.690
   1.772
   1.882
   2.024
   2.190
   2.371
   2.543
   2.698
   2.840
   2.971
   3.110
   3.243
   3.379
   3.516
   3.586
   3.584
   3.523
   3.415
   3.291
   3.248
   3.400
   3.589
   3.861
   4.086
   4.323
   4.570
   4.764
   4.897
   4.967
   4.929
   4.744
   4.451
   4.067
   3.620
   3.143
   2.669
   2.208
   1.855
   1.661
   1.654
   1.839
   2.179
   2.617
   3.025
   3.394
   3.739
   4.014
   4.202
   0.000
 -65.534
 -65.534
 -65.534
 -65.534
   1.084
   1.103
   1.121
   1.118
   1.122
   1.142
   1.172
   1.204
   1.237
   1.277
   1.318
   1.351
   1.375
   1.406
   1.438
   1.474
   1.521
   1.587
   1.680
   1.805
   1.957
   2.126
   2.297
   2.459
   2.614
   2.753
   2.879
   2.992
   3.113
   3.217
   3.279
   3.290
   3.270
   3.205
   3.113
   3.036
   3.040
   3.109
   3.342
   3.562
   3.807
   4.060
   4.257
   4.377
   4.444
   4.403
   4.285
   4.061
   3.724
   3.334
   2.898
   2.455
   2.076
   1.804
   1.723
   1.822
   2.071
   2.414
   2.766
   3.066
   3.358
   3.632
   3.904
   4.033
   0.000
 -65.534
 -65.534
 -65.534
 -65.534
 -65.534
 -65.534
 -65.534
 -65.534
   1.017
   1.062
   1.088
   1.106
   1.130
   1.161
   1.194
   1.219
   1.243
   1.270
   1.303
   1.338
   1.370
   1.413
   1.477
   1.575
   1.704
   1.854
   2.007
   2.163
   2.318
   2.457
   2.579
   2.692
   2.787
   2.875
   2.929
   2.957
   2.956
   2.919
   2.843
   2.764
   2.718
   2.741
   2.839
   2.971
   3.128
   3.457
   3.637
   3.762
   3.843
   3.819
   3.720
   3.531
   3.247
   2.880
   2.484
   2.109
   1.824
   1.668
   1.725
   1.953
   2.273
   2.613
   2.867
   3.100
   3.323
   3.552
   3.774
   3.868
   0.000
 -65.534
 -65.534
 -65.534
 -65.534
 -65.534
 -65.534
   0.504
   0.727
   0.986
   1.018
   1.036
   1.046
   1.061
   1.079
   1.098
   1.122
   1.148
   1.180
   1.210
   1.237
   1.260
   1.281
   1.321
   1.384
   1.469
   1.593
   1.729
   1.872
   2.014
   2.146
   2.257
   2.351
   2.428
   2.496
   2.544
   2.568
   2.578
   2.559
   2.501
   2.437
   2.382
   2.365
   2.383
   2.452
   2.572
   2.756
   2.862
   2.891
   3.134
   3.149
   3.066
   2.901
   2.658
   2.335
   2.005
   1.708
   1.524
   1.518
   1.713
   2.033
   2.386
   2.673
   2.877
   3.047
   3.247
   3.449
   3.647
   3.747
   0.000
 -65.534
 -65.534
 -65.534
 -65.534
 -65.534
 -65.534
 -65.534
 -65.534
 -65.534
   1.003
   1.024
   1.045
   1.058
   1.066
   1.066
   1.079
   1.109
   1.142
   1.170
   1.190
   1.198
   1.205
   1.228
   1.271
   1.336
   1.417
   1.514
   1.632
   1.747
   1.859
   1.952
   2.032
   2.093
   2.137
   2.163
   2.177
   2.182
   2.164
   2.124
   2.075
   2.035
   2.007
   1.992
   2.006
   2.049
   2.120
   2.157
   2.185
   2.290
   2.296
   2.216
   2.094
   1.895
   1.675
   1.462
   1.309
   1.277
   1.432
   1.727
   2.071
   2.393
   2.622
   2.803
   2.976
   3.158
   3.334
   3.532
   3.592
   0.000
 -65.534
 -65.534
 -65.534
 -65.534
 -65.534
 -65.534
 -65.534
 -65.534
 -65.534
 -65.534
 -65.534
 -65.534
 -65.534
 -65.534
 -65.534
   1.037
   1.111
   1.147
   1.159
   1.163
   1.181
   1.194
   1.211
   1.236
   1.275
   1.330
   1.397
   1.468
   1.550
   1.633
   1.705
   1.755
   1.787
   1.805
   1.819
   1.814
   1.810
   1.793
   1.783
   1.757
   1.724
   1.686
   1.648
   1.626
   1.619
   1.612
   1.608
   1.616
   1.610
   1.552
   1.463
   1.348
   1.223
   1.117
   1.069
   1.085
   1.200
   1.450
   1.771
   2.072
   2.313
   2.512
   2.704
   2.872
   3.018
   3.206
   3.411
   3.478
   0.000
 -65.534
 -65.534
 -65.534
 -65.534
 -65.534
 -65.534
 -65.534
 -65.534
 -65.534
 -65.534
 -65.534
 -65.534
 -65.534
 -65.534
 -65.534
 -65.534
 -65.534
 -65.534
 -65.534
   1.081
   1.182
   1.232
   1.261
   1.283
   1.301
   1.316
   1.351
   1.396
   1.441
   1.479
   1.518
   1.543
   1.554
   1.553
   1.550
   1.534
   1.521
   1.507
   1.495
   1.488
   1.477
   1.448
   1.407
   1.357
   1.305
   1.252
   1.207
   1.175
   1.140
   1.057
   0.968
   0.878
   0.812
   0.813
   0.898
   1.056
   1.280
   1.556
   1.836
   2.045
   2.209
   2.388
   2.566
   2.742
   2.906
   3.102
   3.321
   3.399
   0.000
 -65.534
 -65.534
 -65.534
 -65.534
 -65.534
 -65.534
 -65.534
 -65.534
 -65.534
 -65.534
 -65.534
 -65.534
 -65.534
 -65.534
 -65.534
 -65.534
 -65.534
 -65.534
   0.687
   1.182
   1.264
   1.316
   1.351
   1.377
   1.379
   1.378
   1.385
   1.395
   1.409
   1.422
   1.428
   1.428
   1.416
   1.399
   1.381
   1.360
   1.350
   1.340
   1.336
   1.336
   1.344
   1.341
   1.309
   1.245
   1.160
   1.066
   0.981
   0.916
   0.840
   0.780
   0.719
   0.670
   0.679
   0.742
   0.907
   1.155
   1.436
   1.701
   1.901
   2.033
   2.152
   2.306
   2.456
   2.641
   2.836
   3.045
   3.273
   3.333
   0.000
 -65.534
 -65.534
 -65.534
 -65.534
 -65.534
 -65.534
 -65.534
 -65.534
 -65.534
 -65.534
 -65.534
 -65.534
 -65.534
 -65.534
 -65.534
 -65.534
 -65.534
   0.619
   1.068
   1.323
   1.389
   1.430
   1.469
   1.499
   1.504
   1.491
   1.478
   1.467
   1.459
   1.449
   1.429
   1.401
   1.374
   1.345
   1.314
   1.291
   1.272
   1.265
   1.272
   1.284
   1.309
   1.324
   1.313
   1.268
   1.172
   1.050
   0.925
   0.830
   0.776
   0.729
   0.709
   0.743
   0.781
   0.892
   1.086
   1.347
   1.621
   1.839
   1.962
   2.037
   2.119
   2.242
   2.398
   2.596
   2.799
   3.017
   3.234
   3.273
   0.000
 -65.534
 -65.534
 -65.534
 -65.534
 -65.534
 -65.534
 -65.534
 -65.534
 -65.534
 -65.534
 -65.534
 -65.534
 -65.534
 -65.534
 -65.534
 -65.534
 -65.534
   0.972
   1.273
   1.445
   1.509
   1.547
   1.584
   1.619
   1.634
   1.621
   1.607
   1.591
   1.572
   1.551
   1.517
   1.463
   1.413
   1.366
   1.317
   1.282
   1.258
   1.243
   1.245
   1.264
   1.289
   1.313
   1.322
   1.298
   1.229
   1.119
   0.997
   0.898
   0.847
   0.822
   0.873
   0.874
   0.903
   1.026
   1.191
   1.418
   1.691
   1.896
   1.989
   2.041
   2.111
   2.228
   2.375
   2.554
   2.756
   2.970
   3.169
   3.165
   0.000
 -65.534
 -65.534
 -65.534
 -65.534
 -65.534
 -65.534
 -65.534
 -65.534
 -65.534
 -65.534
 -65.534
 -65.534
 -65.534
 -65.534
 -65.534
 -65.534
 -65.534
   1.165
   1.395
   1.524
   1.584
   1.627
   1.674
   1.713
   1.740
   1.743
   1.734
   1.719
   1.698
   1.674
   1.630
   1.561
   1.494
   1.428
   1.363
   1.312
   1.269
   1.240
   1.226
   1.232
   1.248
   1.267
   1.280
   1.274
   1.245
   1.177
   1.100
   1.049
   1.019
   1.061
   1.128
   1.151
   1.207
   1.279
   1.380
   1.521
   1.715
   1.881
   1.991
   2.050
   2.128
   2.237
   2.371
   2.533
   2.694
   2.872
   3.039
   3.042
   0.000
 -65.534
 -65.534
 -65.534
 -65.534
 -65.534
 -65.534
 -65.534
 -65.534
 -65.534
 -65.534
 -65.534
 -65.534
 -65.534
 -65.534
 -65.534
 -65.534
 -65.534
   1.296
   1.447
   1.554
   1.624
   1.682
   1.739
   1.783
   1.813
   1.836
   1.839
   1.833
   1.818
   1.793
   1.749
   1.671
   1.594
   1.515
   1.444
   1.382
   1.327
   1.281
   1.250
   1.235
   1.236
   1.251
   1.266
   1.276
   1.266
   1.250
   1.243
   1.246
   1.270
   1.333
   1.402
   1.432
   1.464
   1.485
   1.503
   1.563
   1.629
   1.782
   1.882
   1.988
   2.098
   2.224
   2.351
   2.490
   2.616
   2.755
   2.899
   2.877
   0.000
 -65.534
 -65.534
 -65.534
 -65.534
 -65.534
 -65.534
 -65.534
 -65.534
 -65.534
 -65.534
 -65.534
 -65.534
 -65.534
 -65.534
 -65.534
 -65.534
 -65.534
 -65.534
   1.430
   1.552
   1.628
   1.698
   1.761
   1.812
   1.848
   1.878
   1.898
   1.903
   1.897
   1.882
   1.842
   1.767
   1.695
   1.628
   1.560
   1.488
   1.408
   1.341
   1.296
   1.274
   1.292
   1.314
   1.342
   1.367
   1.386
   1.420
   1.456
   1.484
   1.551
   1.599
   1.662
   1.666
   1.669
   1.656
   1.642
   1.620
   1.663
   1.720
   1.798
   1.909
   2.031
   2.181
   2.309
   2.436
   2.538
   2.626
   2.729
   2.674
   0.000
 -65.534
 -65.534
 -65.534
 -65.534
 -65.534
 -65.534
 -65.534
 -65.534
 -65.534
 -65.534
 -65.534
 -65.534
 -65.534
 -65.534
 -65.534
 -65.534
 -65.534
 -65.534
 -65.534
   1.462
   1.593
   1.682
   1.752
   1.812
   1.847
   1.878
   1.901
   1.914
   1.922
   1.929
   1.909
   1.860
   1.801
   1.742
   1.693
   1.658
   1.622
   1.550
   1.499
   1.474
   1.402
   1.417
   1.463
   1.532
   1.608
   1.670
   1.707
   1.747
   1.780
   1.830
   1.911
   1.884
   1.872
   1.871
   1.848
   1.820
   1.812
   1.830
   1.896
   1.974
   2.060
   2.179
   2.282
   2.373
   2.442
   2.499
   2.537
   2.420
   0.000
 -65.534
 -65.534
 -65.534
 -65.534
 -65.534
 -65.534
 -65.534
 -65.534
 -65.534
 -65.534
 -65.534
 -65.534
 -65.534
 -65.534
 -65.534
 -65.534
 -65.534
 -65.534
 -65.534
 -65.534
   1.497
   1.613
   1.704
   1.759
   1.825
   1.862
   1.887
   1.908
   1.927
   1.946
   1.951
   1.934
   1.898
   1.859
   1.814
   1.664
 -65.534
 -65.534
 -65.534
 -65.534
   1.471
   1.577
   1.618
   1.732
   1.857
   1.940
   2.002
   2.035
   2.064
   2.087
   2.084
   2.054
   2.039
   2.015
   1.972
   1.960
   1.960
   1.987
   2.008
   2.057
   2.145
   2.225
   2.282
   2.326
   2.336
   2.335
   2.331
   2.147
   0.000
 -65.534
 -65.534
 -65.534
 -65.534
 -65.534
 -65.534
 -65.534
 -65.534
 -65.534
 -65.534
 -65.534
 -65.534
 -65.534
 -65.534
 -65.534
 -65.534
 -65.534
 -65.534
 -65.534
 -65.534
 -65.534
 -65.534
 -65.534
 -65.534
   1.669
   1.784
   1.840
   1.873
   1.911
   1.948
   1.966
   1.979
   1.961
   1.934
   1.870
   1.674
 -65.534
 -65.534
 -65.534
 -65.534
 -65.534
 -65.534
   1.786
   1.927
   2.064
   2.166
   2.245
   2.260
   2.266
   2.239
   2.209
   2.186
   2.145
   2.091
   2.062
   2.039
   2.022
   2.045
   2.105
   2.173
   2.250
   2.296
   2.316
   2.312
   2.271
   2.199
   2.125
   1.888
   0.000
 -65.534
 -65.534
 -65.534
 -65.534
 -65.534
 -65.534
 -65.534
 -65.534
 -65.534
 -65.534
 -65.534
 -65.534
 -65.534
 -65.534
 -65.534
 -65.534
 -65.534
 -65.534
 -65.534
 -65.534
 -65.534
 -65.534
 -65.534
 -65.534
   1.539
   1.666
   1.742
   1.803
   1.862
   1.915
   1.946
   1.967
   1.973
   1.953
   1.894
   1.711
 -65.534
 -65.534
 -65.534
 -65.534
 -65.534
 -65.534
 -65.534
   2.047
   2.229
   2.349
   2.399
   2.440
   2.435
   2.383
   2.343
   2.299
   2.244
   2.204
   2.168
   2.148
   2.158
   2.185
   2.223
   2.253
   2.271
   2.276
   2.257
   2.211
   2.136
   2.038
   1.925
   1.653
   0.000
 -65.534
 -65.534
 -65.534
 -65.534
 -65.534
 -65.534
 -65.534
 -65.534
 -65.534
 -65.534
 -65.534
 -65.534
 -65.534
 -65.534
 -65.534
 -65.534
 -65.534
 -65.534
 -65.534
 -65.534
 -65.534
 -65.534
 -65.534
 -65.534
 -65.534
 -65.534
 -65.534
 -65.534
 -65.534
   1.714
   1.847
   1.907
   1.949
   1.957
   1.906
   1.745
   0.968
 -65.534
 -65.534
 -65.534
 -65.534
 -65.534
 -65.534
   2.029
   2.203
 -65.534
   2.212
   2.412
   2.460
   2.467
   2.422
   2.369
   2.333
   2.289
   2.266
   2.250
   2.247
   2.245
   2.241
   2.235
   2.218
   2.185
   2.126
   2.038
   1.926
   1.794
   1.648
   1.373
   0.000
 -65.534
 -65.534
 -65.534
 -65.534
 -65.534
 -65.534
 -65.534
 -65.534
 -65.534
 -65.534
 -65.534
 -65.534
 -65.534
 -65.534
 -65.534
 -65.534
 -65.534
 -65.534
 -65.534
 -65.534
 -65.534
 -65.534
 -65.534
 -65.534
 -65.534
 -65.534
 -65.534
 -65.534
 -65.534
 -65.534
 -65.534
 -65.534
   1.792
   1.902
   1.887
   1.734
   1.223
   0.816
 -65.534
 -65.534
 -65.534
 -65.534
 -65.534
 -65.534
 -65.534
 -65.534
 -65.534
 -65.534
 -65.534
   2.140
   2.350
   2.357
   2.416
   2.366
   2.321
   2.266
   2.237
   2.213
   2.186
   2.149
   2.098
   2.032
   1.939
   1.823
   1.692
   1.547
   1.396
   1.144
   0.000
 -65.534
 -65.534
 -65.534
 -65.534
 -65.534
 -65.534
 -65.534
 -65.534
 -65.534
 -65.534
 -65.534
 -65.534
 -65.534
 -65.534
 -65.534
 -65.534
 -65.534
 -65.534
 -65.534
 -65.534
 -65.534
 -65.534
 -65.534
 -65.534
 -65.534
 -65.534
 -65.534
 -65.534
 -65.534
 -65.534
 -65.534
 -65.534
   1.711
   1.810
   1.804
   1.660
   1.314
   0.995
   0.770
   0.670
 -65.534
 -65.534
 -65.534
 -65.534
 -65.534
 -65.534
 -65.534
 -65.534
 -65.534
 -65.534
 -65.534
 -65.534
   1.941
   2.186
   2.194
   2.213
   2.170
   2.118
   2.058
   1.993
   1.920
   1.832
   1.725
   1.599
   1.467
   1.337
   1.207
   0.992
   0.000
 -65.534
 -65.534
 -65.534
 -65.534
 -65.534
 -65.534
 -65.534
 -65.534
 -65.534
 -65.534
 -65.534
 -65.534
 -65.534
 -65.534
 -65.534
 -65.534
 -65.534
 -65.534
 -65.534
 -65.534
 -65.534
 -65.534
 -65.534
 -65.534
 -65.534
 -65.534
 -65.534
 -65.534
 -65.534
 -65.534
 -65.534
 -65.534
 -65.534
 -65.534
 -65.534
 -65.534
   1.083
   0.979
   0.860
   0.778
   0.678
   0.610
   0.568
   0.551
   0.538
 -65.534
 -65.534
 -65.534
 -65.534
 -65.534
 -65.534
 -65.534
 -65.534
 -65.534
 -65.534
   1.714
   1.943
   1.951
   1.900
   1.813
   1.720
   1.621
   1.507
   1.396
   1.285
   1.176
   1.069
   0.893
   0.000
 -65.534
 -65.534
 -65.534
 -65.534
 -65.534
 -65.534
 -65.534
 -65.534
 -65.534
 -65.534
 -65.534
 -65.534
 -65.534
 -65.534
 -65.534
 -65.534
 -65.534
 -65.534
 -65.534
 -65.534
 -65.534
 -65.534
 -65.534
 -65.534
 -65.534
 -65.534
 -65.534
 -65.534
 -65.534
 -65.534
 -65.534
 -65.534
 -65.534
 -65.534
 -65.534
 -65.534
 -65.534
 -65.534
 -65.534
 -65.534
   0.557
 -65.534
 -65.534
 -65.534
 -65.534
 -65.534
 -65.534
 -65.534
 -65.534
 -65.534
 -65.534
 -65.534
 -65.534
 -65.534
 -65.534
   1.263
   1.575
   1.667
   1.643
   1.617
   1.520
   1.401
   1.290
   1.194
   1.113
   1.043
   0.971
   0.826
   0.000
 -65.534
 -65.534
 -65.534
 -65.534
 -65.534
 -65.534
 -65.534
 -65.534
 -65.534
 -65.534
 -65.534
 -65.534
 -65.534
 -65.534
 -65.534
 -65.534
 -65.534
 -65.534
 -65.534
 -65.534
 -65.534
 -65.534
 -65.534
 -65.534
 -65.534
 -65.534
 -65.534
 -65.534
 -65.534
 -65.534
 -65.534
 -65.534
 -65.534
 -65.534
 -65.534
 -65.534
 -65.534
 -65.534
 -65.534
 -65.534
 -65.534
 -65.534
 -65.534
 -65.534
 -65.534
 -65.534
 -65.534
 -65.534
 -65.534
 -65.534
 -65.534
 -65.534
 -65.534
 -65.534
 -65.534
 -65.534
 -65.534
 -65.534
 -65.534
   1.132
   1.226
   1.168
   1.065
   0.996
   0.951
   0.926
   0.904
   0.782
   0.000
 -65.534
 -65.534
 -65.534
 -65.534
 -65.534
 -65.534
 -65.534
 -65.534
 -65.534
 -65.534
 -65.534
 -65.534
 -65.534
 -65.534
 -65.534
 -65.534
 -65.534
 -65.534
 -65.534
 -65.534
 -65.534
 -65.534
 -65.534
 -65.534
 -65.534
 -65.534
 -65.534
 -65.534
 -65.534
 -65.534
 -65.534
 -65.534
 -65.534
 -65.534
 -65.534
 -65.534
 -65.534
 -65.534
 -65.534
 -65.534
 -65.534
 -65.534
 -65.534
 -65.534
 -65.534
 -65.534
 -65.534
 -65.534
 -65.534
 -65.534
 -65.534
 -65.534
 -65.534
 -65.534
 -65.534
 -65.534
 -65.534
 -65.534
 -65.534
 -65.534
 -65.534
   0.000
   0.000
   0.000
   0.000
   0.000
   0.000
   0.000
 -65.534
