 -65.534
   0.000
   0.000
   0.000
   0.000
   0.000
   0.000
   0.000
   0.000
   0.000
   0.000
   0.000
   0.000
   0.000
   0.000
   0.000
   0.000
   0.000
   0.000
   0.000
   0.000
   0.000
   0.000
   0.000
   0.000
   0.000
   0.000
   0.000
   0.000
   0.000
   0.000
   0.000
   0.000
   0.000
   0.000
   0.000
   0.000
   0.000
   0.000
   0.000
   0.000
   0.000
   0.000
   0.000
   0.000
   0.000
   0.000
   0.000
   0.000
   0.000
   0.000
   0.000
   0.000
   0.000
   0.000
   0.000
   0.000
   0.000
   0.000
   0.000
   0.000
   0.000
   0.000
   0.000
   0.000
   0.000
   0.000
   0.000
 -65.534
   0.000
   1.545
   1.735
   1.852
   1.957
   2.034
   2.080
   2.107
   2.120
   2.130
   2.138
   2.147
   2.155
   2.168
   2.177
   2.193
   2.211
   2.236
   2.280
   2.329
   2.377
   2.425
   2.475
   2.524
   2.526
   2.505
   2.481
   2.463
   2.425
   2.392
   2.359
   2.325
   2.294
   2.268
   2.229
   2.183
   2.130
   2.078
   2.024
   1.967
   1.904
   1.832
   1.747
   1.653
   1.578
   1.512
   1.462
   1.426
   1.405
   1.403
   1.415
   1.433
   1.449
   1.470
   1.511
   1.545
   1.577
   1.605
   1.625
   1.660
   1.693
   1.713
   1.734
   1.750
   1.748
   1.748
   1.750
   1.720
   0.000
   0.000
   1.669
   1.854
   1.964
   2.076
   2.162
   2.224
   2.269
   2.300
   2.326
   2.349
   2.365
   2.375
   2.382
   2.387
   2.398
   2.411
   2.434
   2.469
   2.516
   2.570
   2.625
   2.673
   2.715
   2.721
   2.707
   2.687
   2.663
   2.638
   2.615
   2.598
   2.579
   2.560
   2.545
   2.515
   2.471
   2.415
   2.353
   2.285
   2.213
   2.134
   2.046
   1.938
   1.825
   1.730
   1.661
   1.619
   1.596
   1.587
   1.597
   1.617
   1.646
   1.681
   1.720
   1.754
   1.789
   1.830
   1.867
   1.906
   1.949
   1.992
   2.029
   2.057
   2.076
   2.089
   2.093
   2.096
   2.052
   0.000
   0.000
   1.666
   1.842
   1.945
   2.049
   2.132
   2.204
   2.263
   2.309
   2.350
   2.386
   2.409
   2.423
   2.429
   2.433
   2.438
   2.446
   2.464
   2.494
   2.540
   2.595
   2.650
   2.702
   2.738
   2.759
   2.754
   2.742
   2.723
   2.702
   2.689
   2.684
   2.677
   2.678
   2.680
   2.664
   2.634
   2.583
   2.516
   2.441
   2.360
   2.271
   2.171
   2.053
   1.926
   1.815
   1.736
   1.694
   1.676
   1.674
   1.688
   1.710
   1.742
   1.777
   1.816
   1.856
   1.900
   1.943
   1.988
   2.028
   2.070
   2.117
   2.156
   2.190
   2.221
   2.240
   2.252
   2.259
   2.205
   0.000
   0.000
   1.640
   1.810
   1.899
   1.991
   2.073
   2.144
   2.208
   2.262
   2.315
   2.360
   2.393
   2.418
   2.432
   2.441
   2.445
   2.455
   2.472
   2.503
   2.542
   2.595
   2.652
   2.704
   2.742
   2.766
   2.771
   2.772
   2.763
   2.755
   2.752
   2.758
   2.765
   2.777
   2.793
   2.802
   2.786
   2.747
   2.687
   2.609
   2.525
   2.431
   2.321
   2.195
   2.064
   1.940
   1.847
   1.794
   1.769
   1.765
   1.774
   1.798
   1.825
   1.855
   1.888
   1.927
   1.973
   2.022
   2.065
   2.106
   2.151
   2.197
   2.238
   2.278
   2.312
   2.341
   2.357
   2.365
   2.299
   0.000
   0.000
   1.591
   1.763
   1.847
   1.933
   2.007
   2.074
   2.138
   2.199
   2.257
   2.310
   2.350
   2.383
   2.405
   2.421
   2.429
   2.440
   2.458
   2.487
   2.527
   2.574
   2.627
   2.678
   2.721
   2.748
   2.764
   2.779
   2.785
   2.786
   2.798
   2.812
   2.830
   2.856
   2.888
   2.911
   2.912
   2.886
   2.835
   2.761
   2.679
   2.584
   2.475
   2.350
   2.216
   2.085
   1.978
   1.905
   1.868
   1.858
   1.861
   1.877
   1.900
   1.924
   1.957
   1.991
   2.033
   2.077
   2.121
   2.161
   2.203
   2.253
   2.296
   2.339
   2.379
   2.410
   2.427
   2.435
   2.360
   0.000
   0.000
   1.535
   1.710
   1.797
   1.879
   1.950
   2.016
   2.080
   2.140
   2.202
   2.259
   2.307
   2.343
   2.370
   2.389
   2.401
   2.415
   2.435
   2.464
   2.498
   2.537
   2.583
   2.629
   2.674
   2.708
   2.738
   2.763
   2.784
   2.799
   2.821
   2.852
   2.881
   2.916
   2.954
   2.990
   3.007
   3.001
   2.961
   2.901
   2.824
   2.739
   2.637
   2.515
   2.379
   2.241
   2.118
   2.024
   1.967
   1.941
   1.937
   1.947
   1.964
   1.987
   2.014
   2.048
   2.084
   2.126
   2.166
   2.198
   2.239
   2.289
   2.334
   2.380
   2.422
   2.455
   2.476
   2.484
   2.405
   0.000
   0.000
   1.475
   1.654
   1.746
   1.831
   1.900
   1.967
   2.032
   2.097
   2.161
   2.221
   2.271
   2.311
   2.341
   2.362
   2.380
   2.393
   2.413
   2.437
   2.465
   2.496
   2.533
   2.577
   2.622
   2.662
   2.698
   2.735
   2.765
   2.794
   2.829
   2.873
   2.917
   2.961
   3.004
   3.047
   3.075
   3.084
   3.063
   3.019
   2.958
   2.884
   2.791
   2.679
   2.550
   2.408
   2.264
   2.146
   2.062
   2.010
   1.989
   1.992
   2.004
   2.023
   2.051
   2.083
   2.118
   2.155
   2.189
   2.222
   2.258
   2.304
   2.351
   2.402
   2.448
   2.488
   2.510
   2.518
   2.442
   0.000
   0.000
   1.396
   1.580
   1.677
   1.771
   1.848
   1.919
   1.989
   2.058
   2.126
   2.191
   2.242
   2.287
   2.323
   2.348
   2.365
   2.381
   2.401
   2.418
   2.441
   2.468
   2.498
   2.536
   2.580
   2.620
   2.658
   2.698
   2.739
   2.779
   2.828
   2.882
   2.934
   2.985
   3.039
   3.085
   3.122
   3.143
   3.140
   3.113
   3.074
   3.016
   2.937
   2.837
   2.716
   2.576
   2.426
   2.287
   2.178
   2.099
   2.049
   2.030
   2.028
   2.043
   2.065
   2.099
   2.135
   2.168
   2.197
   2.221
   2.261
   2.307
   2.357
   2.409
   2.463
   2.509
   2.536
   2.550
   2.471
   0.000
   0.000
   1.301
   1.484
   1.586
   1.692
   1.779
   1.861
   1.940
   2.015
   2.091
   2.158
   2.216
   2.266
   2.304
   2.338
   2.360
   2.378
   2.397
   2.413
   2.428
   2.452
   2.477
   2.513
   2.553
   2.590
   2.628
   2.670
   2.714
   2.761
   2.818
   2.881
   2.941
   2.998
   3.056
   3.108
   3.150
   3.186
   3.199
   3.187
   3.162
   3.123
   3.058
   2.976
   2.873
   2.746
   2.600
   2.451
   2.323
   2.220
   2.140
   2.086
   2.063
   2.064
   2.074
   2.097
   2.124
   2.155
   2.184
   2.210
   2.249
   2.300
   2.353
   2.411
   2.473
   2.523
   2.556
   2.576
   2.500
   0.000
   0.000
   1.232
   1.401
   1.501
   1.608
   1.704
   1.788
   1.874
   1.957
   2.041
   2.117
   2.178
   2.231
   2.279
   2.317
   2.348
   2.374
   2.396
   2.412
   2.428
   2.445
   2.471
   2.504
   2.538
   2.573
   2.607
   2.645
   2.687
   2.742
   2.803
   2.870
   2.932
   2.994
   3.055
   3.115
   3.167
   3.211
   3.235
   3.236
   3.227
   3.203
   3.157
   3.092
   3.009
   2.899
   2.769
   2.630
   2.488
   2.365
   2.256
   2.172
   2.124
   2.096
   2.080
   2.080
   2.095
   2.121
   2.147
   2.179
   2.226
   2.283
   2.343
   2.403
   2.469
   2.525
   2.566
   2.589
   2.521
   0.000
   0.000
   1.217
   1.356
   1.441
   1.538
   1.634
   1.720
   1.803
   1.885
   1.971
   2.055
   2.126
   2.184
   2.236
   2.280
   2.323
   2.358
   2.386
   2.408
   2.426
   2.446
   2.468
   2.495
   2.530
   2.563
   2.595
   2.629
   2.672
   2.724
   2.785
   2.853
   2.919
   2.984
   3.051
   3.115
   3.177
   3.225
   3.259
   3.270
   3.274
   3.267
   3.239
   3.192
   3.122
   3.029
   2.917
   2.791
   2.653
   2.516
   2.392
   2.281
   2.205
   2.144
   2.100
   2.069
   2.058
   2.068
   2.099
   2.138
   2.196
   2.263
   2.329
   2.396
   2.463
   2.524
   2.571
   2.599
   2.530
   0.000
   0.000
   1.195
   1.348
   1.415
   1.495
   1.576
   1.658
   1.734
   1.807
   1.889
   1.970
   2.044
   2.110
   2.169
   2.222
   2.270
   2.316
   2.357
   2.388
   2.414
   2.440
   2.463
   2.488
   2.520
   2.552
   2.587
   2.621
   2.661
   2.710
   2.769
   2.836
   2.904
   2.975
   3.049
   3.119
   3.183
   3.236
   3.272
   3.288
   3.302
   3.311
   3.301
   3.270
   3.216
   3.135
   3.035
   2.924
   2.794
   2.658
   2.525
   2.403
   2.303
   2.215
   2.138
   2.072
   2.030
   2.019
   2.044
   2.093
   2.160
   2.239
   2.314
   2.385
   2.460
   2.527
   2.580
   2.608
   2.535
   0.000
 -65.534
 -65.534
   1.281
   1.400
   1.460
   1.529
   1.594
   1.656
   1.717
   1.784
   1.860
   1.929
   1.996
   2.062
   2.123
   2.179
   2.233
   2.284
   2.329
   2.370
   2.406
   2.439
   2.471
   2.507
   2.543
   2.582
   2.620
   2.663
   2.710
   2.763
   2.827
   2.894
   2.969
   3.046
   3.116
   3.179
   3.234
   3.273
   3.298
   3.320
   3.337
   3.339
   3.324
   3.282
   3.215
   3.125
   3.021
   2.902
   2.770
   2.635
   2.508
   2.391
   2.282
   2.175
   2.080
   2.012
   1.981
   1.998
   2.050
   2.127
   2.213
   2.298
   2.382
   2.463
   2.538
   2.592
   2.624
   2.546
   0.000
 -65.534
 -65.534
 -65.534
   1.304
   1.419
   1.469
   1.525
   1.571
   1.616
   1.667
   1.728
   1.789
   1.852
   1.916
   1.979
   2.044
   2.105
   2.164
   2.223
   2.281
   2.331
   2.379
   2.426
   2.477
   2.529
   2.578
   2.627
   2.676
   2.721
   2.767
   2.821
   2.884
   2.955
   3.023
   3.086
   3.163
   3.225
   3.269
   3.300
   3.328
   3.351
   3.363
   3.355
   3.325
   3.269
   3.187
   3.088
   2.978
   2.854
   2.723
   2.594
   2.470
   2.347
   2.220
   2.102
   2.018
   1.977
   1.984
   2.034
   2.113
   2.204
   2.293
   2.380
   2.468
   2.548
   2.611
   2.648
   2.564
   0.000
 -65.534
 -65.534
 -65.534
 -65.534
   1.319
   1.391
   1.430
   1.466
   1.501
   1.545
   1.597
   1.651
   1.704
   1.758
   1.817
   1.876
   1.941
   2.006
   2.073
   2.136
   2.197
   2.260
   2.325
   2.393
   2.465
   2.535
   2.603
   2.667
   2.716
   2.759
   2.805
   2.857
   2.915
   2.979
   3.043
   3.116
   3.179
   3.244
   3.288
   3.322
   3.353
   3.368
   3.366
   3.344
   3.291
   3.218
   3.128
   3.023
   2.907
   2.788
   2.665
   2.537
   2.404
   2.273
   2.150
   2.059
   2.013
   2.017
   2.061
   2.138
   2.226
   2.315
   2.400
   2.487
   2.566
   2.634
   2.677
   2.591
   0.000
 -65.534
 -65.534
 -65.534
 -65.534
   1.211
   1.274
   1.310
   1.340
   1.372
   1.414
   1.463
   1.515
   1.567
   1.618
   1.665
   1.713
   1.767
   1.828
   1.888
   1.951
   2.015
   2.083
   2.156
   2.236
   2.327
   2.418
   2.509
   2.591
   2.660
   2.715
   2.763
   2.809
   2.857
   2.912
   2.976
   3.044
   3.109
   3.176
   3.224
   3.272
   3.312
   3.334
   3.337
   3.314
   3.266
   3.200
   3.125
   3.035
   2.934
   2.827
   2.710
   2.586
   2.461
   2.333
   2.222
   2.137
   2.093
   2.089
   2.126
   2.192
   2.272
   2.355
   2.435
   2.513
   2.584
   2.650
   2.691
   2.603
   0.000
 -65.534
 -65.534
 -65.534
 -65.534
   1.097
   1.153
   1.185
   1.210
   1.241
   1.284
   1.331
   1.376
   1.423
   1.474
   1.524
   1.568
   1.607
   1.651
   1.701
   1.755
   1.814
   1.876
   1.946
   2.030
   2.124
   2.229
   2.341
   2.447
   2.540
   2.615
   2.674
   2.722
   2.766
   2.815
   2.870
   2.937
   3.006
   3.069
   3.121
   3.170
   3.211
   3.236
   3.250
   3.234
   3.191
   3.133
   3.066
   2.994
   2.915
   2.829
   2.725
   2.614
   2.501
   2.389
   2.296
   2.225
   2.184
   2.176
   2.206
   2.260
   2.328
   2.401
   2.471
   2.534
   2.593
   2.644
   2.677
   2.581
   0.000
 -65.534
 -65.534
 -65.534
 -65.534
   0.968
   1.012
   1.043
   1.075
   1.122
   1.157
   1.202
   1.244
   1.287
   1.335
   1.383
   1.426
   1.464
   1.500
   1.537
   1.577
   1.620
   1.671
   1.733
   1.810
   1.900
   2.003
   2.120
   2.236
   2.346
   2.441
   2.516
   2.575
   2.623
   2.668
   2.719
   2.780
   2.848
   2.913
   2.968
   3.012
   3.049
   3.074
   3.089
   3.080
   3.049
   3.006
   2.959
   2.901
   2.840
   2.770
   2.691
   2.602
   2.512
   2.423
   2.346
   2.290
   2.258
   2.254
   2.278
   2.326
   2.386
   2.447
   2.504
   2.548
   2.590
   2.624
   2.645
   2.536
   0.000
 -65.534
 -65.534
 -65.534
 -65.534
 -65.534
 -65.534
 -65.534
 -65.534
   0.983
   1.038
   1.078
   1.113
   1.155
   1.202
   1.249
   1.293
   1.333
   1.368
   1.404
   1.438
   1.463
   1.497
   1.542
   1.606
   1.688
   1.783
   1.890
   2.000
   2.108
   2.208
   2.294
   2.364
   2.421
   2.475
   2.526
   2.584
   2.647
   2.713
   2.765
   2.810
   2.846
   2.872
   2.890
   2.889
   2.875
   2.842
   2.803
   2.765
   2.726
   2.679
   2.627
   2.564
   2.498
   2.430
   2.374
   2.334
   2.312
   2.311
   2.337
   2.381
   2.431
   2.484
   2.523
   2.555
   2.580
   2.603
   2.608
   2.491
   0.000
 -65.534
 -65.534
 -65.534
 -65.534
 -65.534
 -65.534
   0.611
   0.712
   0.889
   0.952
   0.984
   1.015
   1.051
   1.093
   1.138
   1.178
   1.219
   1.259
   1.301
   1.327
   1.348
   1.364
   1.396
   1.444
   1.507
   1.591
   1.685
   1.785
   1.881
   1.973
   2.057
   2.128
   2.194
   2.253
   2.311
   2.363
   2.423
   2.482
   2.531
   2.576
   2.613
   2.645
   2.667
   2.679
   2.681
   2.661
   2.638
   2.618
   2.593
   2.560
   2.531
   2.497
   2.457
   2.421
   2.386
   2.359
   2.347
   2.352
   2.378
   2.415
   2.458
   2.493
   2.521
   2.542
   2.563
   2.576
   2.573
   2.436
   0.000
 -65.534
 -65.534
 -65.534
 -65.534
 -65.534
 -65.534
 -65.534
 -65.534
 -65.534
   0.861
   0.890
   0.920
   0.944
   0.977
   1.015
   1.088
   1.130
   1.175
   1.219
   1.250
   1.261
   1.271
   1.293
   1.331
   1.383
   1.447
   1.521
   1.602
   1.682
   1.759
   1.831
   1.899
   1.962
   2.027
   2.083
   2.138
   2.190
   2.244
   2.295
   2.338
   2.379
   2.415
   2.446
   2.466
   2.481
   2.483
   2.476
   2.469
   2.456
   2.447
   2.439
   2.436
   2.423
   2.408
   2.390
   2.374
   2.366
   2.374
   2.398
   2.427
   2.454
   2.478
   2.500
   2.515
   2.531
   2.540
   2.531
   2.377
   0.000
 -65.534
 -65.534
 -65.534
 -65.534
 -65.534
 -65.534
 -65.534
 -65.534
 -65.534
 -65.534
 -65.534
 -65.534
 -65.534
 -65.534
 -65.534
   0.916
   0.993
   1.049
   1.105
   1.189
   1.207
   1.216
   1.232
   1.260
   1.298
   1.348
   1.403
   1.462
   1.524
   1.585
   1.642
   1.696
   1.753
   1.811
   1.870
   1.924
   1.979
   2.030
   2.086
   2.133
   2.179
   2.218
   2.249
   2.279
   2.304
   2.323
   2.331
   2.338
   2.341
   2.347
   2.357
   2.373
   2.381
   2.385
   2.388
   2.384
   2.380
   2.385
   2.401
   2.417
   2.431
   2.447
   2.463
   2.476
   2.484
   2.488
   2.475
   2.311
   0.000
 -65.534
 -65.534
 -65.534
 -65.534
 -65.534
 -65.534
 -65.534
 -65.534
 -65.534
 -65.534
 -65.534
 -65.534
 -65.534
 -65.534
 -65.534
 -65.534
 -65.534
 -65.534
 -65.534
   1.084
   1.147
   1.174
   1.195
   1.221
   1.246
   1.280
   1.324
   1.367
   1.412
   1.453
   1.495
   1.536
   1.580
   1.632
   1.687
   1.744
   1.802
   1.859
   1.918
   1.974
   2.032
   2.080
   2.119
   2.149
   2.179
   2.200
   2.216
   2.232
   2.248
   2.265
   2.292
   2.324
   2.350
   2.368
   2.382
   2.387
   2.384
   2.385
   2.391
   2.394
   2.399
   2.406
   2.416
   2.422
   2.424
   2.427
   2.413
   2.236
   0.000
 -65.534
 -65.534
 -65.534
 -65.534
 -65.534
 -65.534
 -65.534
 -65.534
 -65.534
 -65.534
 -65.534
 -65.534
 -65.534
 -65.534
 -65.534
 -65.534
 -65.534
 -65.534
   0.885
   1.050
   1.087
   1.127
   1.160
   1.189
   1.214
   1.241
   1.272
   1.305
   1.336
   1.366
   1.394
   1.426
   1.457
   1.497
   1.544
   1.599
   1.660
   1.724
   1.791
   1.862
   1.932
   1.999
   2.050
   2.087
   2.112
   2.129
   2.136
   2.147
   2.168
   2.199
   2.242
   2.292
   2.337
   2.360
   2.371
   2.376
   2.374
   2.370
   2.363
   2.357
   2.354
   2.359
   2.360
   2.362
   2.357
   2.350
   2.329
   2.140
   0.000
 -65.534
 -65.534
 -65.534
 -65.534
 -65.534
 -65.534
 -65.534
 -65.534
 -65.534
 -65.534
 -65.534
 -65.534
 -65.534
 -65.534
 -65.534
 -65.534
 -65.534
   0.823
   0.956
   0.997
   1.031
   1.066
   1.105
   1.148
   1.181
   1.207
   1.236
   1.261
   1.286
   1.310
   1.331
   1.350
   1.374
   1.404
   1.441
   1.488
   1.542
   1.605
   1.677
   1.756
   1.846
   1.939
   2.019
   2.083
   2.125
   2.133
   2.121
   2.111
   2.120
   2.149
   2.200
   2.268
   2.324
   2.352
   2.360
   2.362
   2.357
   2.345
   2.333
   2.318
   2.306
   2.302
   2.301
   2.296
   2.286
   2.270
   2.235
   2.033
   0.000
 -65.534
 -65.534
 -65.534
 -65.534
 -65.534
 -65.534
 -65.534
 -65.534
 -65.534
 -65.534
 -65.534
 -65.534
 -65.534
 -65.534
 -65.534
 -65.534
 -65.534
   0.857
   0.904
   0.927
   0.960
   0.993
   1.034
   1.079
   1.121
   1.158
   1.189
   1.212
   1.235
   1.261
   1.283
   1.301
   1.319
   1.339
   1.364
   1.400
   1.445
   1.500
   1.565
   1.645
   1.745
   1.864
   1.981
   2.084
   2.155
   2.168
   2.143
   2.114
   2.100
   2.116
   2.162
   2.221
   2.277
   2.311
   2.323
   2.324
   2.322
   2.313
   2.296
   2.276
   2.259
   2.252
   2.243
   2.231
   2.216
   2.193
   2.147
   1.922
   0.000
 -65.534
 -65.534
 -65.534
 -65.534
 -65.534
 -65.534
 -65.534
 -65.534
 -65.534
 -65.534
 -65.534
 -65.534
 -65.534
 -65.534
 -65.534
 -65.534
 -65.534
   0.808
   0.836
   0.858
   0.884
   0.913
   0.946
   0.988
   1.042
   1.083
   1.118
   1.146
   1.172
   1.202
   1.232
   1.253
   1.272
   1.292
   1.310
   1.334
   1.366
   1.408
   1.462
   1.534
   1.635
   1.761
   1.897
   2.022
   2.113
   2.148
   2.141
   2.112
   2.092
   2.092
   2.121
   2.167
   2.219
   2.255
   2.274
   2.281
   2.278
   2.271
   2.261
   2.243
   2.226
   2.209
   2.196
   2.179
   2.144
   2.110
   2.048
   1.831
   0.000
 -65.534
 -65.534
 -65.534
 -65.534
 -65.534
 -65.534
 -65.534
 -65.534
 -65.534
 -65.534
 -65.534
 -65.534
 -65.534
 -65.534
 -65.534
 -65.534
 -65.534
   0.749
   0.782
   0.800
   0.819
   0.837
   0.860
   0.895
   0.938
   0.989
   1.027
   1.064
   1.098
   1.135
   1.173
   1.199
   1.222
   1.246
   1.267
   1.287
   1.312
   1.348
   1.393
   1.455
   1.541
   1.657
   1.783
   1.908
   2.011
   2.073
   2.091
   2.088
   2.079
   2.075
   2.084
   2.116
   2.155
   2.189
   2.212
   2.225
   2.225
   2.225
   2.216
   2.206
   2.192
   2.174
   2.151
   2.124
   2.085
   2.042
   1.971
   1.746
   0.000
 -65.534
 -65.534
 -65.534
 -65.534
 -65.534
 -65.534
 -65.534
 -65.534
 -65.534
 -65.534
 -65.534
 -65.534
 -65.534
 -65.534
 -65.534
 -65.534
 -65.534
 -65.534
   0.728
   0.755
   0.769
   0.777
   0.787
   0.805
   0.837
   0.880
   0.922
   0.965
   1.008
   1.056
   1.100
   1.130
   1.161
   1.195
   1.223
   1.249
   1.276
   1.304
   1.347
   1.401
   1.476
   1.567
   1.674
   1.781
   1.883
   1.960
   2.009
   2.035
   2.055
   2.061
   2.070
   2.085
   2.106
   2.127
   2.147
   2.163
   2.171
   2.175
   2.170
   2.164
   2.148
   2.130
   2.103
   2.066
   2.021
   1.956
   1.869
   1.628
   0.000
 -65.534
 -65.534
 -65.534
 -65.534
 -65.534
 -65.534
 -65.534
 -65.534
 -65.534
 -65.534
 -65.534
 -65.534
 -65.534
 -65.534
 -65.534
 -65.534
 -65.534
 -65.534
 -65.534
   0.709
   0.726
   0.731
   0.733
   0.742
   0.761
   0.786
   0.819
   0.857
   0.906
   0.956
   1.002
   1.041
   1.082
   1.123
   1.169
   1.216
   1.243
   1.280
   1.322
   1.375
   1.431
   1.496
   1.571
   1.658
   1.750
   1.837
   1.907
   1.963
   2.009
   2.037
   2.059
   2.072
   2.085
   2.096
   2.108
   2.121
   2.129
   2.132
   2.129
   2.119
   2.101
   2.077
   2.043
   1.995
   1.932
   1.855
   1.737
   1.478
   0.000
 -65.534
 -65.534
 -65.534
 -65.534
 -65.534
 -65.534
 -65.534
 -65.534
 -65.534
 -65.534
 -65.534
 -65.534
 -65.534
 -65.534
 -65.534
 -65.534
 -65.534
 -65.534
 -65.534
 -65.534
   0.682
   0.687
   0.692
   0.698
   0.718
   0.730
   0.751
   0.776
   0.809
   0.847
   0.884
   0.916
   0.935
   0.941
   0.913
   0.789
 -65.534
 -65.534
 -65.534
 -65.534
   1.269
   1.379
   1.465
   1.549
   1.641
   1.733
   1.817
   1.891
   1.951
   1.996
   2.029
   2.049
   2.062
   2.069
   2.075
   2.081
   2.086
   2.089
   2.084
   2.072
   2.050
   2.017
   1.973
   1.911
   1.830
   1.733
   1.602
   1.332
   0.000
 -65.534
 -65.534
 -65.534
 -65.534
 -65.534
 -65.534
 -65.534
 -65.534
 -65.534
 -65.534
 -65.534
 -65.534
 -65.534
 -65.534
 -65.534
 -65.534
 -65.534
 -65.534
 -65.534
 -65.534
 -65.534
 -65.534
 -65.534
 -65.534
   0.669
   0.685
   0.696
   0.709
   0.731
   0.751
   0.772
   0.785
   0.783
   0.759
   0.690
   0.563
 -65.534
 -65.534
 -65.534
 -65.534
 -65.534
 -65.534
   1.319
   1.433
   1.544
   1.648
   1.737
   1.811
   1.877
   1.923
   1.958
   1.989
   2.010
   2.017
   2.027
   2.036
   2.044
   2.046
   2.040
   2.025
   1.998
   1.955
   1.895
   1.818
   1.722
   1.607
   1.459
   1.188
   0.000
 -65.534
 -65.534
 -65.534
 -65.534
 -65.534
 -65.534
 -65.534
 -65.534
 -65.534
 -65.534
 -65.534
 -65.534
 -65.534
 -65.534
 -65.534
 -65.534
 -65.534
 -65.534
 -65.534
 -65.534
 -65.534
 -65.534
 -65.534
 -65.534
   0.625
   0.640
   0.642
   0.654
   0.663
   0.672
   0.671
   0.667
   0.653
   0.620
   0.565
   0.495
 -65.534
 -65.534
 -65.534
 -65.534
 -65.534
 -65.534
 -65.534
   1.311
   1.450
   1.561
   1.650
   1.728
   1.787
   1.829
   1.865
   1.900
   1.928
   1.948
   1.967
   1.988
   2.007
   2.016
   2.012
   1.992
   1.953
   1.895
   1.817
   1.721
   1.606
   1.475
   1.317
   1.044
   0.000
 -65.534
 -65.534
 -65.534
 -65.534
 -65.534
 -65.534
 -65.534
 -65.534
 -65.534
 -65.534
 -65.534
 -65.534
 -65.534
 -65.534
 -65.534
 -65.534
 -65.534
 -65.534
 -65.534
 -65.534
 -65.534
 -65.534
 -65.534
 -65.534
 -65.534
 -65.534
 -65.534
 -65.534
 -65.534
   0.562
   0.560
   0.560
   0.561
   0.540
   0.513
   0.474
   0.316
 -65.534
 -65.534
 -65.534
 -65.534
 -65.534
 -65.534
   1.053
   1.040
 -65.534
   1.374
   1.547
   1.634
   1.702
   1.757
   1.802
   1.837
   1.871
   1.900
   1.932
   1.964
   1.981
   1.976
   1.954
   1.914
   1.845
   1.748
   1.630
   1.496
   1.348
   1.180
   0.917
   0.000
 -65.534
 -65.534
 -65.534
 -65.534
 -65.534
 -65.534
 -65.534
 -65.534
 -65.534
 -65.534
 -65.534
 -65.534
 -65.534
 -65.534
 -65.534
 -65.534
 -65.534
 -65.534
 -65.534
 -65.534
 -65.534
 -65.534
 -65.534
 -65.534
 -65.534
 -65.534
 -65.534
 -65.534
 -65.534
 -65.534
 -65.534
 -65.534
   0.462
   0.473
   0.478
   0.460
   0.370
   0.278
 -65.534
 -65.534
 -65.534
 -65.534
 -65.534
 -65.534
 -65.534
 -65.534
 -65.534
 -65.534
 -65.534
   1.360
   1.545
   1.648
   1.733
   1.779
   1.813
   1.837
   1.860
   1.875
   1.875
   1.861
   1.824
   1.758
   1.662
   1.545
   1.409
   1.254
   1.074
   0.822
   0.000
 -65.534
 -65.534
 -65.534
 -65.534
 -65.534
 -65.534
 -65.534
 -65.534
 -65.534
 -65.534
 -65.534
 -65.534
 -65.534
 -65.534
 -65.534
 -65.534
 -65.534
 -65.534
 -65.534
 -65.534
 -65.534
 -65.534
 -65.534
 -65.534
 -65.534
 -65.534
 -65.534
 -65.534
 -65.534
 -65.534
 -65.534
 -65.534
   0.383
   0.406
   0.425
   0.418
   0.378
   0.327
   0.265
   0.223
 -65.534
 -65.534
 -65.534
 -65.534
 -65.534
 -65.534
 -65.534
 -65.534
 -65.534
 -65.534
 -65.534
 -65.534
   1.374
   1.549
   1.616
   1.652
   1.683
   1.694
   1.703
   1.699
   1.678
   1.630
   1.557
   1.459
   1.340
   1.199
   1.029
   0.780
   0.000
 -65.534
 -65.534
 -65.534
 -65.534
 -65.534
 -65.534
 -65.534
 -65.534
 -65.534
 -65.534
 -65.534
 -65.534
 -65.534
 -65.534
 -65.534
 -65.534
 -65.534
 -65.534
 -65.534
 -65.534
 -65.534
 -65.534
 -65.534
 -65.534
 -65.534
 -65.534
 -65.534
 -65.534
 -65.534
 -65.534
 -65.534
 -65.534
 -65.534
 -65.534
 -65.534
 -65.534
   0.270
   0.287
   0.278
   0.265
   0.232
   0.197
   0.172
   0.149
   0.146
 -65.534
 -65.534
 -65.534
 -65.534
 -65.534
 -65.534
 -65.534
 -65.534
 -65.534
 -65.534
   1.239
   1.422
   1.479
   1.508
   1.514
   1.511
   1.485
   1.430
   1.357
   1.264
   1.145
   0.990
   0.760
   0.000
 -65.534
 -65.534
 -65.534
 -65.534
 -65.534
 -65.534
 -65.534
 -65.534
 -65.534
 -65.534
 -65.534
 -65.534
 -65.534
 -65.534
 -65.534
 -65.534
 -65.534
 -65.534
 -65.534
 -65.534
 -65.534
 -65.534
 -65.534
 -65.534
 -65.534
 -65.534
 -65.534
 -65.534
 -65.534
 -65.534
 -65.534
 -65.534
 -65.534
 -65.534
 -65.534
 -65.534
 -65.534
 -65.534
 -65.534
 -65.534
   0.154
 -65.534
 -65.534
 -65.534
 -65.534
 -65.534
 -65.534
 -65.534
 -65.534
 -65.534
 -65.534
 -65.534
 -65.534
 -65.534
 -65.534
   0.969
   1.165
   1.250
   1.291
   1.333
   1.349
   1.323
   1.279
   1.225
   1.156
   1.068
   0.948
   0.738
   0.000
 -65.534
 -65.534
 -65.534
 -65.534
 -65.534
 -65.534
 -65.534
 -65.534
 -65.534
 -65.534
 -65.534
 -65.534
 -65.534
 -65.534
 -65.534
 -65.534
 -65.534
 -65.534
 -65.534
 -65.534
 -65.534
 -65.534
 -65.534
 -65.534
 -65.534
 -65.534
 -65.534
 -65.534
 -65.534
 -65.534
 -65.534
 -65.534
 -65.534
 -65.534
 -65.534
 -65.534
 -65.534
 -65.534
 -65.534
 -65.534
 -65.534
 -65.534
 -65.534
 -65.534
 -65.534
 -65.534
 -65.534
 -65.534
 -65.534
 -65.534
 -65.534
 -65.534
 -65.534
 -65.534
 -65.534
 -65.534
 -65.534
 -65.534
 -65.534
   0.993
   1.124
   1.142
   1.105
   1.075
   1.044
   0.993
   0.916
   0.742
   0.000
 -65.534
 -65.534
 -65.534
 -65.534
 -65.534
 -65.534
 -65.534
 -65.534
 -65.534
 -65.534
 -65.534
 -65.534
 -65.534
 -65.534
 -65.534
 -65.534
 -65.534
 -65.534
 -65.534
 -65.534
 -65.534
 -65.534
 -65.534
 -65.534
 -65.534
 -65.534
 -65.534
 -65.534
 -65.534
 -65.534
 -65.534
 -65.534
 -65.534
 -65.534
 -65.534
 -65.534
 -65.534
 -65.534
 -65.534
 -65.534
 -65.534
 -65.534
 -65.534
 -65.534
 -65.534
 -65.534
 -65.534
 -65.534
 -65.534
 -65.534
 -65.534
 -65.534
 -65.534
 -65.534
 -65.534
 -65.534
 -65.534
 -65.534
 -65.534
 -65.534
 -65.534
   0.000
   0.000
   0.000
   0.000
   0.000
   0.000
   0.000
 -65.534
