 -65.534
   0.000
   0.000
   0.000
   0.000
   0.000
   0.000
   0.000
   0.000
   0.000
   0.000
   0.000
   0.000
   0.000
   0.000
   0.000
   0.000
   0.000
   0.000
   0.000
   0.000
   0.000
   0.000
   0.000
   0.000
   0.000
   0.000
   0.000
   0.000
   0.000
   0.000
   0.000
   0.000
   0.000
   0.000
   0.000
   0.000
   0.000
   0.000
   0.000
   0.000
   0.000
   0.000
   0.000
   0.000
   0.000
   0.000
   0.000
   0.000
   0.000
   0.000
   0.000
   0.000
   0.000
   0.000
   0.000
   0.000
   0.000
   0.000
   0.000
   0.000
   0.000
   0.000
   0.000
   0.000
   0.000
   0.000
   0.000
 -65.534
   0.000
   2.306
   2.528
   2.634
   2.739
   2.831
   2.895
   2.943
   2.982
   3.019
   3.060
   3.097
   3.137
   3.189
   3.236
   3.281
   3.321
   3.358
   3.386
   3.390
   3.371
   3.336
   3.313
   3.259
   3.334
   3.444
   3.534
   3.587
   3.616
   3.621
   3.620
   3.633
   3.624
   3.589
   3.567
   3.492
   3.431
   3.336
   3.183
   3.002
   2.782
   2.554
   2.333
   2.109
   1.940
   1.821
   1.724
   1.617
   1.528
   1.449
   1.385
   1.329
   1.281
   1.256
   1.266
   1.288
   1.320
   1.356
   1.401
   1.440
   1.469
   1.492
   1.517
   1.537
   1.533
   1.536
   1.549
   1.568
   0.000
   0.000
   2.464
   2.674
   2.775
   2.885
   2.966
   3.031
   3.082
   3.127
   3.176
   3.224
   3.263
   3.299
   3.341
   3.383
   3.431
   3.474
   3.518
   3.563
   3.599
   3.620
   3.630
   3.653
   3.664
   3.742
   3.837
   3.913
   3.969
   3.999
   4.013
   4.028
   4.043
   4.051
   4.039
   4.020
   3.979
   3.919
   3.838
   3.697
   3.511
   3.293
   3.041
   2.766
   2.493
   2.281
   2.152
   2.055
   1.952
   1.853
   1.764
   1.685
   1.621
   1.577
   1.551
   1.538
   1.552
   1.583
   1.624
   1.672
   1.718
   1.768
   1.814
   1.857
   1.882
   1.899
   1.907
   1.916
   1.908
   0.000
   0.000
   2.417
   2.611
   2.705
   2.805
   2.886
   2.956
   3.019
   3.079
   3.143
   3.204
   3.254
   3.298
   3.332
   3.366
   3.405
   3.449
   3.500
   3.560
   3.627
   3.684
   3.743
   3.815
   3.893
   3.962
   4.043
   4.104
   4.143
   4.164
   4.181
   4.204
   4.223
   4.240
   4.271
   4.277
   4.251
   4.208
   4.121
   3.989
   3.807
   3.582
   3.311
   3.021
   2.731
   2.499
   2.351
   2.254
   2.151
   2.042
   1.945
   1.855
   1.785
   1.733
   1.702
   1.686
   1.688
   1.711
   1.746
   1.798
   1.846
   1.904
   1.961
   2.015
   2.057
   2.080
   2.091
   2.098
   2.070
   0.000
   0.000
   2.361
   2.539
   2.612
   2.696
   2.773
   2.844
   2.914
   2.985
   3.062
   3.139
   3.200
   3.248
   3.286
   3.315
   3.354
   3.397
   3.459
   3.541
   3.635
   3.730
   3.819
   3.928
   4.046
   4.131
   4.206
   4.261
   4.279
   4.273
   4.283
   4.307
   4.336
   4.372
   4.424
   4.466
   4.468
   4.442
   4.376
   4.244
   4.064
   3.842
   3.567
   3.268
   2.973
   2.723
   2.549
   2.427
   2.316
   2.202
   2.086
   1.988
   1.911
   1.856
   1.815
   1.791
   1.789
   1.806
   1.833
   1.871
   1.921
   1.982
   2.045
   2.105
   2.149
   2.180
   2.194
   2.203
   2.165
   0.000
   0.000
   2.314
   2.474
   2.527
   2.597
   2.661
   2.724
   2.793
   2.871
   2.952
   3.034
   3.101
   3.158
   3.205
   3.245
   3.292
   3.348
   3.427
   3.524
   3.634
   3.747
   3.858
   3.993
   4.117
   4.231
   4.306
   4.334
   4.325
   4.292
   4.290
   4.321
   4.358
   4.423
   4.512
   4.583
   4.612
   4.603
   4.557
   4.443
   4.272
   4.054
   3.790
   3.500
   3.208
   2.943
   2.733
   2.570
   2.443
   2.314
   2.186
   2.072
   1.987
   1.923
   1.886
   1.863
   1.860
   1.869
   1.893
   1.924
   1.967
   2.021
   2.084
   2.142
   2.194
   2.226
   2.245
   2.257
   2.215
   0.000
   0.000
   2.267
   2.415
   2.452
   2.508
   2.562
   2.619
   2.686
   2.757
   2.837
   2.915
   2.987
   3.052
   3.114
   3.171
   3.239
   3.317
   3.404
   3.512
   3.627
   3.744
   3.874
   4.021
   4.159
   4.260
   4.298
   4.298
   4.265
   4.215
   4.201
   4.250
   4.311
   4.411
   4.518
   4.625
   4.686
   4.714
   4.673
   4.576
   4.423
   4.227
   3.984
   3.709
   3.413
   3.136
   2.912
   2.724
   2.563
   2.408
   2.264
   2.134
   2.035
   1.964
   1.924
   1.905
   1.901
   1.911
   1.927
   1.948
   1.982
   2.032
   2.086
   2.141
   2.188
   2.229
   2.256
   2.278
   2.243
   0.000
   0.000
   2.205
   2.346
   2.385
   2.434
   2.480
   2.534
   2.595
   2.663
   2.739
   2.818
   2.892
   2.962
   3.031
   3.106
   3.186
   3.275
   3.369
   3.473
   3.586
   3.701
   3.820
   3.954
   4.081
   4.158
   4.175
   4.161
   4.111
   4.051
   4.044
   4.111
   4.206
   4.338
   4.476
   4.614
   4.696
   4.743
   4.728
   4.648
   4.515
   4.343
   4.122
   3.864
   3.593
   3.318
   3.069
   2.864
   2.676
   2.493
   2.323
   2.175
   2.059
   1.979
   1.931
   1.908
   1.901
   1.906
   1.918
   1.935
   1.960
   1.996
   2.048
   2.102
   2.153
   2.202
   2.241
   2.271
   2.251
   0.000
   0.000
   2.107
   2.263
   2.304
   2.356
   2.401
   2.454
   2.514
   2.588
   2.664
   2.739
   2.814
   2.887
   2.962
   3.039
   3.128
   3.219
   3.312
   3.412
   3.512
   3.621
   3.725
   3.837
   3.948
   4.004
   4.000
   3.968
   3.912
   3.851
   3.856
   3.947
   4.075
   4.229
   4.404
   4.561
   4.667
   4.729
   4.729
   4.667
   4.557
   4.407
   4.210
   3.979
   3.727
   3.474
   3.227
   2.994
   2.780
   2.577
   2.385
   2.218
   2.078
   1.979
   1.916
   1.884
   1.871
   1.869
   1.871
   1.876
   1.903
   1.937
   1.984
   2.038
   2.097
   2.157
   2.207
   2.252
   2.240
   0.000
   0.000
   1.974
   2.142
   2.195
   2.255
   2.308
   2.371
   2.442
   2.516
   2.600
   2.676
   2.751
   2.825
   2.899
   2.981
   3.067
   3.152
   3.242
   3.331
   3.424
   3.517
   3.613
   3.708
   3.794
   3.831
   3.812
   3.774
   3.705
   3.654
   3.681
   3.790
   3.935
   4.107
   4.309
   4.481
   4.605
   4.686
   4.706
   4.654
   4.562
   4.434
   4.263
   4.060
   3.827
   3.589
   3.351
   3.112
   2.882
   2.661
   2.449
   2.258
   2.102
   1.981
   1.892
   1.843
   1.815
   1.803
   1.800
   1.805
   1.826
   1.862
   1.911
   1.968
   2.035
   2.103
   2.169
   2.229
   2.232
   0.000
   0.000
   1.819
   1.998
   2.064
   2.135
   2.198
   2.272
   2.355
   2.445
   2.534
   2.615
   2.691
   2.764
   2.841
   2.916
   2.998
   3.079
   3.157
   3.237
   3.319
   3.400
   3.478
   3.563
   3.633
   3.654
   3.629
   3.576
   3.511
   3.488
   3.533
   3.645
   3.794
   3.970
   4.177
   4.360
   4.499
   4.592
   4.629
   4.600
   4.528
   4.422
   4.276
   4.096
   3.894
   3.659
   3.423
   3.197
   2.961
   2.729
   2.499
   2.286
   2.115
   1.970
   1.855
   1.780
   1.739
   1.721
   1.716
   1.720
   1.745
   1.787
   1.839
   1.903
   1.979
   2.059
   2.140
   2.212
   2.231
   0.000
   0.000
   1.653
   1.841
   1.921
   2.008
   2.082
   2.159
   2.249
   2.349
   2.448
   2.543
   2.624
   2.701
   2.769
   2.842
   2.916
   2.986
   3.054
   3.125
   3.197
   3.271
   3.340
   3.412
   3.479
   3.493
   3.473
   3.430
   3.379
   3.367
   3.418
   3.526
   3.666
   3.843
   4.042
   4.225
   4.367
   4.463
   4.514
   4.503
   4.456
   4.375
   4.247
   4.091
   3.906
   3.692
   3.462
   3.238
   3.004
   2.772
   2.537
   2.309
   2.121
   1.954
   1.818
   1.720
   1.662
   1.633
   1.627
   1.637
   1.670
   1.718
   1.782
   1.857
   1.945
   2.035
   2.128
   2.210
   2.241
   0.000
   0.000
   1.433
   1.683
   1.778
   1.878
   1.966
   2.051
   2.142
   2.233
   2.335
   2.436
   2.525
   2.607
   2.680
   2.749
   2.810
   2.869
   2.931
   2.991
   3.057
   3.124
   3.190
   3.261
   3.327
   3.351
   3.342
   3.316
   3.279
   3.268
   3.306
   3.411
   3.537
   3.701
   3.896
   4.069
   4.200
   4.297
   4.350
   4.353
   4.324
   4.264
   4.162
   4.027
   3.862
   3.667
   3.449
   3.235
   3.007
   2.780
   2.547
   2.325
   2.129
   1.952
   1.799
   1.680
   1.598
   1.553
   1.550
   1.569
   1.609
   1.673
   1.749
   1.837
   1.936
   2.039
   2.142
   2.233
   2.264
   0.000
 -65.534
 -65.534
   1.418
   1.649
   1.743
   1.843
   1.937
   2.030
   2.120
   2.214
   2.309
   2.392
   2.473
   2.543
   2.611
   2.675
   2.732
   2.787
   2.841
   2.901
   2.960
   3.020
   3.089
   3.156
   3.190
   3.202
   3.195
   3.178
   3.164
   3.196
   3.276
   3.378
   3.536
   3.718
   3.874
   3.985
   4.072
   4.123
   4.137
   4.122
   4.076
   3.997
   3.884
   3.741
   3.570
   3.373
   3.170
   2.959
   2.741
   2.528
   2.318
   2.125
   1.948
   1.787
   1.662
   1.569
   1.512
   1.503
   1.533
   1.590
   1.665
   1.756
   1.845
   1.957
   2.068
   2.174
   2.276
   2.321
   0.000
 -65.534
 -65.534
 -65.534
   1.422
   1.634
   1.717
   1.825
   1.923
   2.014
   2.097
   2.180
   2.248
   2.320
   2.388
   2.453
   2.516
   2.576
   2.631
   2.688
   2.743
   2.794
   2.850
   2.909
   2.970
   3.015
   3.044
   3.058
   3.060
   3.055
   3.072
   3.126
   3.216
   3.351
   3.483
   3.584
   3.737
   3.819
   3.856
   3.868
   3.865
   3.832
   3.766
   3.671
   3.550
   3.396
   3.223
   3.043
   2.852
   2.658
   2.466
   2.285
   2.107
   1.941
   1.787
   1.660
   1.570
   1.524
   1.524
   1.563
   1.633
   1.718
   1.814
   1.918
   2.024
   2.139
   2.250
   2.354
   2.395
   0.000
 -65.534
 -65.534
 -65.534
 -65.534
   1.483
   1.621
   1.725
   1.822
   1.910
   1.984
   2.053
   2.116
   2.176
   2.238
   2.301
   2.362
   2.421
   2.476
   2.527
   2.577
   2.620
   2.666
   2.721
   2.778
   2.827
   2.870
   2.903
   2.927
   2.934
   2.949
   2.984
   3.044
   3.137
   3.235
   3.326
   3.430
   3.479
   3.570
   3.589
   3.579
   3.554
   3.497
   3.414
   3.308
   3.170
   3.023
   2.867
   2.706
   2.541
   2.381
   2.232
   2.075
   1.928
   1.801
   1.689
   1.616
   1.588
   1.600
   1.653
   1.737
   1.830
   1.928
   2.029
   2.136
   2.244
   2.348
   2.450
   2.472
   0.000
 -65.534
 -65.534
 -65.534
 -65.534
   1.393
   1.529
   1.632
   1.726
   1.805
   1.874
   1.935
   1.990
   2.046
   2.099
   2.160
   2.217
   2.269
   2.315
   2.357
   2.398
   2.434
   2.472
   2.519
   2.571
   2.627
   2.681
   2.730
   2.765
   2.785
   2.808
   2.837
   2.878
   2.939
   3.011
   3.077
   3.139
   3.185
   3.242
   3.237
   3.263
   3.246
   3.197
   3.128
   3.035
   2.920
   2.799
   2.675
   2.547
   2.416
   2.291
   2.169
   2.040
   1.931
   1.828
   1.751
   1.702
   1.695
   1.724
   1.789
   1.876
   1.974
   2.071
   2.164
   2.260
   2.352
   2.447
   2.539
   2.543
   0.000
 -65.534
 -65.534
 -65.534
 -65.534
   1.314
   1.445
   1.541
   1.628
   1.697
   1.761
   1.819
   1.871
   1.920
   1.972
   2.024
   2.067
   2.108
   2.146
   2.176
   2.204
   2.230
   2.261
   2.296
   2.343
   2.393
   2.451
   2.512
   2.560
   2.598
   2.631
   2.658
   2.686
   2.731
   2.780
   2.826
   2.864
   2.896
   2.910
   2.903
   2.910
   2.900
   2.861
   2.817
   2.752
   2.668
   2.582
   2.493
   2.402
   2.311
   2.222
   2.127
   2.035
   1.954
   1.886
   1.846
   1.824
   1.831
   1.874
   1.946
   2.036
   2.127
   2.217
   2.304
   2.382
   2.461
   2.542
   2.622
   2.605
   0.000
 -65.534
 -65.534
 -65.534
 -65.534
   1.205
   1.324
   1.413
   1.510
   1.597
   1.639
   1.695
   1.745
   1.789
   1.838
   1.884
   1.919
   1.945
   1.969
   1.988
   2.012
   2.027
   2.043
   2.068
   2.102
   2.143
   2.194
   2.253
   2.307
   2.358
   2.400
   2.433
   2.461
   2.488
   2.517
   2.544
   2.566
   2.582
   2.578
   2.565
   2.546
   2.530
   2.500
   2.473
   2.440
   2.399
   2.354
   2.306
   2.252
   2.199
   2.146
   2.093
   2.038
   1.994
   1.958
   1.940
   1.943
   1.970
   2.020
   2.094
   2.183
   2.272
   2.351
   2.419
   2.480
   2.544
   2.612
   2.683
   2.643
   0.000
 -65.534
 -65.534
 -65.534
 -65.534
 -65.534
 -65.534
 -65.534
 -65.534
   1.456
   1.525
   1.567
   1.610
   1.650
   1.694
   1.736
   1.769
   1.793
   1.808
   1.819
   1.828
   1.829
   1.839
   1.854
   1.871
   1.897
   1.934
   1.985
   2.038
   2.088
   2.132
   2.165
   2.187
   2.205
   2.220
   2.229
   2.235
   2.233
   2.221
   2.201
   2.181
   2.168
   2.153
   2.142
   2.135
   2.134
   2.122
   2.098
   2.077
   2.062
   2.045
   2.034
   2.018
   2.009
   2.003
   2.014
   2.037
   2.079
   2.134
   2.210
   2.294
   2.375
   2.446
   2.497
   2.542
   2.593
   2.653
   2.713
   2.659
   0.000
 -65.534
 -65.534
 -65.534
 -65.534
 -65.534
 -65.534
   1.036
   1.207
   1.359
   1.412
   1.443
   1.486
   1.527
   1.565
   1.600
   1.633
   1.660
   1.675
   1.680
   1.681
   1.677
   1.669
   1.665
   1.671
   1.691
   1.713
   1.747
   1.786
   1.825
   1.856
   1.877
   1.888
   1.892
   1.894
   1.892
   1.886
   1.875
   1.851
   1.833
   1.824
   1.825
   1.832
   1.843
   1.862
   1.881
   1.888
   1.892
   1.900
   1.904
   1.911
   1.933
   1.958
   1.979
   2.007
   2.037
   2.076
   2.124
   2.187
   2.266
   2.347
   2.423
   2.481
   2.522
   2.562
   2.613
   2.669
   2.723
   2.650
   0.000
 -65.534
 -65.534
 -65.534
 -65.534
 -65.534
 -65.534
 -65.534
 -65.534
 -65.534
   1.260
   1.301
   1.336
   1.375
   1.412
   1.455
   1.515
   1.539
   1.564
   1.574
   1.562
   1.552
   1.539
   1.527
   1.520
   1.515
   1.530
   1.555
   1.578
   1.598
   1.614
   1.616
   1.605
   1.590
   1.578
   1.564
   1.550
   1.533
   1.516
   1.503
   1.502
   1.517
   1.541
   1.573
   1.613
   1.648
   1.673
   1.692
   1.716
   1.740
   1.774
   1.821
   1.872
   1.921
   1.968
   2.014
   2.058
   2.107
   2.169
   2.247
   2.324
   2.391
   2.441
   2.488
   2.533
   2.586
   2.647
   2.699
   2.620
   0.000
 -65.534
 -65.534
 -65.534
 -65.534
 -65.534
 -65.534
 -65.534
 -65.534
 -65.534
 -65.534
 -65.534
 -65.534
 -65.534
 -65.534
 -65.534
   1.355
   1.390
   1.413
   1.431
   1.443
   1.446
   1.446
   1.439
   1.425
   1.409
   1.404
   1.411
   1.432
   1.438
   1.432
   1.414
   1.386
   1.359
   1.337
   1.319
   1.303
   1.282
   1.260
   1.229
   1.235
   1.266
   1.311
   1.361
   1.412
   1.455
   1.489
   1.520
   1.557
   1.595
   1.643
   1.706
   1.773
   1.835
   1.896
   1.958
   2.008
   2.058
   2.117
   2.188
   2.253
   2.311
   2.362
   2.411
   2.461
   2.518
   2.585
   2.646
   2.568
   0.000
 -65.534
 -65.534
 -65.534
 -65.534
 -65.534
 -65.534
 -65.534
 -65.534
 -65.534
 -65.534
 -65.534
 -65.534
 -65.534
 -65.534
 -65.534
 -65.534
 -65.534
 -65.534
 -65.534
   1.329
   1.368
   1.388
   1.397
   1.392
   1.373
   1.357
   1.352
   1.349
   1.345
   1.335
   1.308
   1.268
   1.236
   1.209
   1.195
   1.173
   1.153
   1.127
   1.104
   1.103
   1.135
   1.184
   1.240
   1.294
   1.344
   1.384
   1.418
   1.458
   1.500
   1.558
   1.628
   1.696
   1.766
   1.831
   1.894
   1.951
   2.006
   2.063
   2.124
   2.176
   2.225
   2.272
   2.317
   2.369
   2.427
   2.502
   2.573
   2.489
   0.000
 -65.534
 -65.534
 -65.534
 -65.534
 -65.534
 -65.534
 -65.534
 -65.534
 -65.534
 -65.534
 -65.534
 -65.534
 -65.534
 -65.534
 -65.534
 -65.534
 -65.534
 -65.534
   1.074
   1.290
   1.323
   1.353
   1.378
   1.392
   1.380
   1.366
   1.353
   1.342
   1.326
   1.307
   1.282
   1.253
   1.221
   1.199
   1.181
   1.164
   1.143
   1.117
   1.098
   1.100
   1.121
   1.162
   1.218
   1.270
   1.322
   1.366
   1.404
   1.445
   1.488
   1.538
   1.598
   1.658
   1.720
   1.779
   1.846
   1.916
   1.969
   2.023
   2.069
   2.108
   2.148
   2.188
   2.224
   2.267
   2.320
   2.388
   2.457
   2.361
   0.000
 -65.534
 -65.534
 -65.534
 -65.534
 -65.534
 -65.534
 -65.534
 -65.534
 -65.534
 -65.534
 -65.534
 -65.534
 -65.534
 -65.534
 -65.534
 -65.534
 -65.534
   0.969
   1.176
   1.250
   1.293
   1.326
   1.360
   1.392
   1.395
   1.382
   1.374
   1.366
   1.350
   1.329
   1.309
   1.292
   1.269
   1.247
   1.228
   1.211
   1.191
   1.163
   1.147
   1.145
   1.167
   1.206
   1.254
   1.308
   1.358
   1.398
   1.435
   1.476
   1.521
   1.563
   1.612
   1.668
   1.720
   1.776
   1.834
   1.893
   1.947
   1.994
   2.027
   2.051
   2.080
   2.114
   2.143
   2.174
   2.217
   2.267
   2.316
   2.204
   0.000
 -65.534
 -65.534
 -65.534
 -65.534
 -65.534
 -65.534
 -65.534
 -65.534
 -65.534
 -65.534
 -65.534
 -65.534
 -65.534
 -65.534
 -65.534
 -65.534
 -65.534
   1.047
   1.155
   1.201
   1.246
   1.287
   1.320
   1.360
   1.380
   1.380
   1.379
   1.375
   1.367
   1.352
   1.340
   1.335
   1.314
   1.292
   1.268
   1.251
   1.232
   1.209
   1.192
   1.189
   1.209
   1.250
   1.299
   1.358
   1.408
   1.449
   1.489
   1.531
   1.570
   1.613
   1.655
   1.693
   1.732
   1.783
   1.836
   1.894
   1.953
   1.997
   2.022
   2.037
   2.051
   2.069
   2.084
   2.104
   2.133
   2.164
   2.185
   2.009
   0.000
 -65.534
 -65.534
 -65.534
 -65.534
 -65.534
 -65.534
 -65.534
 -65.534
 -65.534
 -65.534
 -65.534
 -65.534
 -65.534
 -65.534
 -65.534
 -65.534
 -65.534
   1.020
   1.090
   1.133
   1.176
   1.226
   1.264
   1.300
   1.329
   1.338
   1.340
   1.339
   1.339
   1.334
   1.331
   1.337
   1.322
   1.304
   1.282
   1.265
   1.248
   1.228
   1.215
   1.216
   1.236
   1.271
   1.324
   1.379
   1.432
   1.478
   1.524
   1.573
   1.620
   1.670
   1.716
   1.756
   1.795
   1.834
   1.878
   1.922
   1.971
   2.014
   2.041
   2.054
   2.059
   2.064
   2.069
   2.077
   2.053
   2.055
   2.029
   1.839
   0.000
 -65.534
 -65.534
 -65.534
 -65.534
 -65.534
 -65.534
 -65.534
 -65.534
 -65.534
 -65.534
 -65.534
 -65.534
 -65.534
 -65.534
 -65.534
 -65.534
 -65.534
   0.974
   1.023
   1.062
   1.114
   1.163
   1.208
   1.233
   1.252
   1.275
   1.280
   1.285
   1.289
   1.290
   1.295
   1.309
   1.298
   1.288
   1.272
   1.263
   1.251
   1.241
   1.233
   1.236
   1.257
   1.292
   1.336
   1.387
   1.438
   1.492
   1.545
   1.601
   1.658
   1.716
   1.770
   1.816
   1.853
   1.884
   1.914
   1.947
   1.979
   2.019
   2.043
   2.058
   2.068
   2.073
   2.075
   2.069
   2.037
   2.004
   1.933
   1.705
   0.000
 -65.534
 -65.534
 -65.534
 -65.534
 -65.534
 -65.534
 -65.534
 -65.534
 -65.534
 -65.534
 -65.534
 -65.534
 -65.534
 -65.534
 -65.534
 -65.534
 -65.534
 -65.534
   0.957
   1.002
   1.055
   1.103
   1.143
   1.161
   1.175
   1.195
   1.212
   1.224
   1.236
   1.247
   1.255
   1.269
   1.257
   1.249
   1.240
   1.237
   1.235
   1.231
   1.230
   1.246
   1.270
   1.301
   1.345
   1.398
   1.450
   1.502
   1.560
   1.619
   1.680
   1.743
   1.801
   1.844
   1.877
   1.902
   1.921
   1.942
   1.970
   1.999
   2.026
   2.044
   2.058
   2.068
   2.070
   2.061
   2.035
   1.974
   1.873
   1.595
   0.000
 -65.534
 -65.534
 -65.534
 -65.534
 -65.534
 -65.534
 -65.534
 -65.534
 -65.534
 -65.534
 -65.534
 -65.534
 -65.534
 -65.534
 -65.534
 -65.534
 -65.534
 -65.534
 -65.534
   0.944
   1.000
   1.050
   1.082
   1.097
   1.110
   1.129
   1.147
   1.164
   1.184
   1.199
   1.215
   1.211
   1.197
   1.181
   1.178
   1.184
   1.198
   1.186
   1.181
   1.206
   1.245
   1.290
   1.341
   1.397
   1.459
   1.519
   1.574
   1.626
   1.682
   1.735
   1.794
   1.833
   1.864
   1.886
   1.905
   1.924
   1.946
   1.973
   1.999
   2.019
   2.035
   2.044
   2.048
   2.038
   2.009
   1.950
   1.824
   1.516
   0.000
 -65.534
 -65.534
 -65.534
 -65.534
 -65.534
 -65.534
 -65.534
 -65.534
 -65.534
 -65.534
 -65.534
 -65.534
 -65.534
 -65.534
 -65.534
 -65.534
 -65.534
 -65.534
 -65.534
 -65.534
   0.934
   0.980
   1.011
   1.032
   1.055
   1.081
   1.100
   1.114
   1.124
   1.133
   1.141
   1.107
   1.053
   0.979
   0.876
   0.663
 -65.534
 -65.534
 -65.534
 -65.534
   1.243
   1.302
   1.359
   1.416
   1.480
   1.535
   1.579
   1.620
   1.658
   1.700
   1.742
   1.775
   1.800
   1.820
   1.840
   1.863
   1.886
   1.913
   1.938
   1.961
   1.979
   1.989
   1.996
   1.985
   1.951
   1.885
   1.762
   1.443
   0.000
 -65.534
 -65.534
 -65.534
 -65.534
 -65.534
 -65.534
 -65.534
 -65.534
 -65.534
 -65.534
 -65.534
 -65.534
 -65.534
 -65.534
 -65.534
 -65.534
 -65.534
 -65.534
 -65.534
 -65.534
 -65.534
 -65.534
 -65.534
 -65.534
   0.981
   1.023
   1.044
   1.050
   1.051
   1.045
   1.033
   0.976
   0.898
   0.797
   0.663
   0.455
 -65.534
 -65.534
 -65.534
 -65.534
 -65.534
 -65.534
   1.334
   1.420
   1.472
   1.517
   1.543
   1.561
   1.588
   1.614
   1.638
   1.665
   1.687
   1.710
   1.735
   1.757
   1.779
   1.804
   1.831
   1.856
   1.875
   1.888
   1.893
   1.884
   1.851
   1.788
   1.660
   1.355
   0.000
 -65.534
 -65.534
 -65.534
 -65.534
 -65.534
 -65.534
 -65.534
 -65.534
 -65.534
 -65.534
 -65.534
 -65.534
 -65.534
 -65.534
 -65.534
 -65.534
 -65.534
 -65.534
 -65.534
 -65.534
 -65.534
 -65.534
 -65.534
 -65.534
   0.871
   0.905
   0.920
   0.926
   0.928
   0.930
   0.903
   0.838
   0.755
   0.656
   0.543
   0.384
 -65.534
 -65.534
 -65.534
 -65.534
 -65.534
 -65.534
 -65.534
   1.326
   1.395
   1.421
   1.450
   1.455
   1.471
   1.495
   1.519
   1.542
   1.562
   1.587
   1.607
   1.628
   1.649
   1.670
   1.695
   1.715
   1.729
   1.736
   1.740
   1.729
   1.697
   1.634
   1.516
   1.230
   0.000
 -65.534
 -65.534
 -65.534
 -65.534
 -65.534
 -65.534
 -65.534
 -65.534
 -65.534
 -65.534
 -65.534
 -65.534
 -65.534
 -65.534
 -65.534
 -65.534
 -65.534
 -65.534
 -65.534
 -65.534
 -65.534
 -65.534
 -65.534
 -65.534
 -65.534
 -65.534
 -65.534
 -65.534
 -65.534
   0.754
   0.706
   0.671
   0.627
   0.555
   0.471
   0.347
   0.062
 -65.534
 -65.534
 -65.534
 -65.534
 -65.534
 -65.534
   0.995
   0.857
 -65.534
   1.234
   1.284
   1.313
   1.359
   1.377
   1.401
   1.424
   1.445
   1.464
   1.484
   1.498
   1.515
   1.531
   1.540
   1.546
   1.547
   1.540
   1.523
   1.488
   1.422
   1.305
   1.050
   0.000
 -65.534
 -65.534
 -65.534
 -65.534
 -65.534
 -65.534
 -65.534
 -65.534
 -65.534
 -65.534
 -65.534
 -65.534
 -65.534
 -65.534
 -65.534
 -65.534
 -65.534
 -65.534
 -65.534
 -65.534
 -65.534
 -65.534
 -65.534
 -65.534
 -65.534
 -65.534
 -65.534
 -65.534
 -65.534
 -65.534
 -65.534
 -65.534
   0.550
   0.484
   0.413
   0.312
   0.097
   0.002
 -65.534
 -65.534
 -65.534
 -65.534
 -65.534
 -65.534
 -65.534
 -65.534
 -65.534
 -65.534
 -65.534
   1.141
   1.182
   1.202
   1.256
   1.273
   1.297
   1.317
   1.324
   1.334
   1.337
   1.338
   1.328
   1.320
   1.309
   1.289
   1.246
   1.177
   1.061
   0.846
   0.000
 -65.534
 -65.534
 -65.534
 -65.534
 -65.534
 -65.534
 -65.534
 -65.534
 -65.534
 -65.534
 -65.534
 -65.534
 -65.534
 -65.534
 -65.534
 -65.534
 -65.534
 -65.534
 -65.534
 -65.534
 -65.534
 -65.534
 -65.534
 -65.534
 -65.534
 -65.534
 -65.534
 -65.534
 -65.534
 -65.534
 -65.534
 -65.534
   0.390
   0.336
   0.274
   0.191
   0.077
   0.006
  -0.019
  -0.018
 -65.534
 -65.534
 -65.534
 -65.534
 -65.534
 -65.534
 -65.534
 -65.534
 -65.534
 -65.534
 -65.534
 -65.534
   1.010
   1.010
   1.026
   1.102
   1.113
   1.117
   1.119
   1.109
   1.090
   1.075
   1.055
   1.026
   0.990
   0.936
   0.829
   0.654
   0.000
 -65.534
 -65.534
 -65.534
 -65.534
 -65.534
 -65.534
 -65.534
 -65.534
 -65.534
 -65.534
 -65.534
 -65.534
 -65.534
 -65.534
 -65.534
 -65.534
 -65.534
 -65.534
 -65.534
 -65.534
 -65.534
 -65.534
 -65.534
 -65.534
 -65.534
 -65.534
 -65.534
 -65.534
 -65.534
 -65.534
 -65.534
 -65.534
 -65.534
 -65.534
 -65.534
 -65.534
   0.067
   0.017
  -0.004
  -0.018
  -0.033
  -0.029
  -0.027
  -0.049
  -0.082
 -65.534
 -65.534
 -65.534
 -65.534
 -65.534
 -65.534
 -65.534
 -65.534
 -65.534
 -65.534
   0.887
   0.880
   0.877
   0.879
   0.870
   0.842
   0.813
   0.786
   0.763
   0.734
   0.694
   0.610
   0.476
   0.000
 -65.534
 -65.534
 -65.534
 -65.534
 -65.534
 -65.534
 -65.534
 -65.534
 -65.534
 -65.534
 -65.534
 -65.534
 -65.534
 -65.534
 -65.534
 -65.534
 -65.534
 -65.534
 -65.534
 -65.534
 -65.534
 -65.534
 -65.534
 -65.534
 -65.534
 -65.534
 -65.534
 -65.534
 -65.534
 -65.534
 -65.534
 -65.534
 -65.534
 -65.534
 -65.534
 -65.534
 -65.534
 -65.534
 -65.534
 -65.534
  -0.020
 -65.534
 -65.534
 -65.534
 -65.534
 -65.534
 -65.534
 -65.534
 -65.534
 -65.534
 -65.534
 -65.534
 -65.534
 -65.534
 -65.534
   0.671
   0.609
   0.570
   0.554
   0.594
   0.576
   0.552
   0.516
   0.490
   0.465
   0.439
   0.367
   0.267
   0.000
 -65.534
 -65.534
 -65.534
 -65.534
 -65.534
 -65.534
 -65.534
 -65.534
 -65.534
 -65.534
 -65.534
 -65.534
 -65.534
 -65.534
 -65.534
 -65.534
 -65.534
 -65.534
 -65.534
 -65.534
 -65.534
 -65.534
 -65.534
 -65.534
 -65.534
 -65.534
 -65.534
 -65.534
 -65.534
 -65.534
 -65.534
 -65.534
 -65.534
 -65.534
 -65.534
 -65.534
 -65.534
 -65.534
 -65.534
 -65.534
 -65.534
 -65.534
 -65.534
 -65.534
 -65.534
 -65.534
 -65.534
 -65.534
 -65.534
 -65.534
 -65.534
 -65.534
 -65.534
 -65.534
 -65.534
 -65.534
 -65.534
 -65.534
 -65.534
   0.441
   0.311
   0.234
   0.182
   0.155
   0.133
   0.100
   0.047
  -0.022
   0.000
 -65.534
 -65.534
 -65.534
 -65.534
 -65.534
 -65.534
 -65.534
 -65.534
 -65.534
 -65.534
 -65.534
 -65.534
 -65.534
 -65.534
 -65.534
 -65.534
 -65.534
 -65.534
 -65.534
 -65.534
 -65.534
 -65.534
 -65.534
 -65.534
 -65.534
 -65.534
 -65.534
 -65.534
 -65.534
 -65.534
 -65.534
 -65.534
 -65.534
 -65.534
 -65.534
 -65.534
 -65.534
 -65.534
 -65.534
 -65.534
 -65.534
 -65.534
 -65.534
 -65.534
 -65.534
 -65.534
 -65.534
 -65.534
 -65.534
 -65.534
 -65.534
 -65.534
 -65.534
 -65.534
 -65.534
 -65.534
 -65.534
 -65.534
 -65.534
 -65.534
 -65.534
   0.000
   0.000
   0.000
   0.000
   0.000
   0.000
   0.000
 -65.534
