 -65.534
   0.000
   0.000
   0.000
   0.000
   0.000
   0.000
   0.000
   0.000
   0.000
   0.000
   0.000
   0.000
   0.000
   0.000
   0.000
   0.000
   0.000
   0.000
   0.000
   0.000
   0.000
   0.000
   0.000
   0.000
   0.000
   0.000
   0.000
   0.000
   0.000
   0.000
   0.000
   0.000
   0.000
   0.000
   0.000
   0.000
   0.000
   0.000
   0.000
   0.000
   0.000
   0.000
   0.000
   0.000
   0.000
   0.000
   0.000
   0.000
   0.000
   0.000
   0.000
   0.000
   0.000
   0.000
   0.000
   0.000
   0.000
   0.000
   0.000
   0.000
   0.000
   0.000
   0.000
   0.000
   0.000
   0.000
   0.000
 -65.534
   0.000
   1.313
   1.488
   1.579
   1.676
   1.773
   1.862
   1.955
   2.047
   2.138
   2.228
   2.312
   2.392
   2.463
   2.517
   2.569
   2.602
   2.635
   2.661
   2.686
   2.703
   2.716
   2.723
   2.728
   2.723
   2.708
   2.684
   2.649
   2.605
   2.565
   2.526
   2.484
   2.444
   2.394
   2.344
   2.275
   2.202
   2.127
   2.058
   1.994
   1.944
   1.903
   1.872
   1.831
   1.766
   1.684
   1.599
   1.523
   1.461
   1.409
   1.371
   1.351
   1.352
   1.367
   1.422
   1.483
   1.554
   1.629
   1.704
   1.786
   1.879
   1.964
   2.056
   2.146
   2.218
   2.275
   2.335
   2.331
   0.000
   0.000
   1.431
   1.588
   1.661
   1.754
   1.845
   1.938
   2.035
   2.125
   2.216
   2.304
   2.393
   2.475
   2.546
   2.602
   2.650
   2.690
   2.729
   2.757
   2.780
   2.798
   2.803
   2.805
   2.801
   2.790
   2.773
   2.753
   2.728
   2.698
   2.671
   2.644
   2.618
   2.591
   2.556
   2.510
   2.449
   2.367
   2.281
   2.197
   2.123
   2.066
   2.027
   1.993
   1.957
   1.897
   1.817
   1.744
   1.685
   1.641
   1.606
   1.582
   1.570
   1.575
   1.593
   1.626
   1.676
   1.746
   1.825
   1.915
   2.019
   2.130
   2.246
   2.366
   2.487
   2.597
   2.694
   2.777
   2.785
   0.000
   0.000
   1.432
   1.570
   1.631
   1.713
   1.796
   1.886
   1.978
   2.066
   2.152
   2.238
   2.320
   2.400
   2.466
   2.519
   2.564
   2.603
   2.636
   2.665
   2.693
   2.714
   2.727
   2.738
   2.735
   2.725
   2.710
   2.693
   2.674
   2.651
   2.633
   2.620
   2.607
   2.595
   2.572
   2.534
   2.479
   2.402
   2.314
   2.224
   2.143
   2.081
   2.035
   1.999
   1.960
   1.907
   1.842
   1.781
   1.735
   1.705
   1.685
   1.673
   1.665
   1.668
   1.684
   1.712
   1.752
   1.806
   1.875
   1.956
   2.060
   2.177
   2.307
   2.441
   2.586
   2.723
   2.842
   2.947
   2.972
   0.000
   0.000
   1.429
   1.552
   1.599
   1.668
   1.744
   1.823
   1.907
   1.989
   2.071
   2.151
   2.226
   2.300
   2.364
   2.413
   2.451
   2.481
   2.511
   2.540
   2.568
   2.595
   2.621
   2.640
   2.647
   2.644
   2.638
   2.631
   2.619
   2.607
   2.599
   2.592
   2.583
   2.575
   2.562
   2.537
   2.487
   2.418
   2.333
   2.243
   2.166
   2.102
   2.050
   2.010
   1.973
   1.928
   1.881
   1.837
   1.805
   1.784
   1.770
   1.761
   1.760
   1.765
   1.776
   1.793
   1.823
   1.855
   1.897
   1.960
   2.052
   2.166
   2.301
   2.450
   2.611
   2.773
   2.916
   3.041
   3.085
   0.000
   0.000
   1.419
   1.530
   1.571
   1.629
   1.695
   1.765
   1.839
   1.917
   1.993
   2.066
   2.134
   2.195
   2.246
   2.286
   2.315
   2.339
   2.360
   2.387
   2.416
   2.452
   2.485
   2.514
   2.536
   2.550
   2.557
   2.562
   2.563
   2.561
   2.559
   2.551
   2.544
   2.537
   2.526
   2.503
   2.465
   2.405
   2.324
   2.239
   2.164
   2.105
   2.056
   2.015
   1.977
   1.943
   1.909
   1.879
   1.861
   1.851
   1.845
   1.841
   1.846
   1.853
   1.862
   1.872
   1.883
   1.894
   1.912
   1.947
   2.018
   2.128
   2.265
   2.422
   2.596
   2.773
   2.931
   3.074
   3.139
   0.000
   0.000
   1.400
   1.503
   1.545
   1.595
   1.651
   1.712
   1.781
   1.853
   1.922
   1.987
   2.043
   2.094
   2.134
   2.160
   2.176
   2.195
   2.210
   2.232
   2.262
   2.299
   2.341
   2.382
   2.421
   2.450
   2.471
   2.487
   2.501
   2.509
   2.514
   2.507
   2.498
   2.485
   2.473
   2.451
   2.417
   2.366
   2.298
   2.225
   2.156
   2.100
   2.055
   2.020
   1.986
   1.952
   1.922
   1.898
   1.890
   1.894
   1.896
   1.903
   1.913
   1.923
   1.930
   1.936
   1.936
   1.934
   1.931
   1.938
   1.988
   2.085
   2.218
   2.373
   2.550
   2.736
   2.911
   3.062
   3.146
   0.000
   0.000
   1.370
   1.472
   1.514
   1.565
   1.612
   1.668
   1.729
   1.794
   1.855
   1.913
   1.963
   2.003
   2.033
   2.049
   2.059
   2.068
   2.082
   2.100
   2.126
   2.162
   2.207
   2.254
   2.302
   2.342
   2.378
   2.410
   2.432
   2.447
   2.455
   2.452
   2.441
   2.424
   2.406
   2.383
   2.354
   2.313
   2.260
   2.203
   2.144
   2.097
   2.058
   2.024
   1.993
   1.960
   1.923
   1.899
   1.892
   1.899
   1.919
   1.937
   1.957
   1.970
   1.981
   1.981
   1.977
   1.964
   1.949
   1.943
   1.976
   2.053
   2.175
   2.324
   2.502
   2.691
   2.868
   3.030
   3.133
   0.000
   0.000
   1.321
   1.428
   1.474
   1.526
   1.575
   1.625
   1.676
   1.733
   1.793
   1.845
   1.890
   1.922
   1.945
   1.956
   1.962
   1.967
   1.977
   1.993
   2.017
   2.049
   2.091
   2.139
   2.189
   2.238
   2.281
   2.322
   2.353
   2.375
   2.383
   2.385
   2.375
   2.357
   2.338
   2.313
   2.285
   2.251
   2.211
   2.171
   2.131
   2.097
   2.062
   2.035
   2.003
   1.970
   1.932
   1.903
   1.894
   1.901
   1.919
   1.944
   1.971
   1.994
   2.008
   2.011
   2.002
   1.985
   1.961
   1.943
   1.970
   2.036
   2.145
   2.287
   2.464
   2.652
   2.833
   2.999
   3.114
   0.000
   0.000
   1.251
   1.362
   1.416
   1.474
   1.523
   1.571
   1.621
   1.677
   1.729
   1.778
   1.818
   1.848
   1.868
   1.876
   1.879
   1.883
   1.892
   1.906
   1.928
   1.961
   1.997
   2.045
   2.093
   2.142
   2.188
   2.231
   2.269
   2.295
   2.311
   2.316
   2.306
   2.290
   2.272
   2.250
   2.226
   2.201
   2.169
   2.138
   2.117
   2.096
   2.072
   2.047
   2.021
   1.991
   1.954
   1.919
   1.905
   1.911
   1.924
   1.938
   1.969
   1.997
   2.016
   2.015
   2.007
   1.987
   1.963
   1.945
   1.966
   2.031
   2.131
   2.273
   2.447
   2.632
   2.814
   2.985
   3.109
   0.000
   0.000
   1.177
   1.284
   1.340
   1.406
   1.461
   1.511
   1.559
   1.612
   1.663
   1.711
   1.749
   1.780
   1.799
   1.807
   1.812
   1.814
   1.825
   1.839
   1.858
   1.888
   1.925
   1.968
   2.015
   2.060
   2.107
   2.153
   2.191
   2.226
   2.244
   2.253
   2.248
   2.237
   2.225
   2.210
   2.194
   2.174
   2.147
   2.122
   2.107
   2.094
   2.078
   2.057
   2.032
   2.008
   1.980
   1.950
   1.929
   1.928
   1.929
   1.932
   1.967
   1.988
   2.000
   1.997
   1.991
   1.974
   1.950
   1.939
   1.963
   2.031
   2.134
   2.276
   2.449
   2.633
   2.820
   2.995
   3.125
   0.000
   0.000
   1.115
   1.211
   1.262
   1.325
   1.380
   1.436
   1.490
   1.538
   1.588
   1.637
   1.680
   1.711
   1.734
   1.748
   1.755
   1.761
   1.768
   1.781
   1.800
   1.827
   1.863
   1.904
   1.947
   1.995
   2.040
   2.086
   2.131
   2.166
   2.193
   2.208
   2.213
   2.211
   2.203
   2.195
   2.184
   2.168
   2.146
   2.122
   2.107
   2.095
   2.084
   2.067
   2.041
   2.017
   1.996
   1.971
   1.958
   1.948
   1.942
   1.942
   1.962
   1.975
   1.979
   1.974
   1.958
   1.943
   1.931
   1.933
   1.970
   2.046
   2.153
   2.295
   2.467
   2.656
   2.849
   3.023
   3.149
   0.000
   0.000
   1.047
   1.165
   1.200
   1.248
   1.299
   1.351
   1.402
   1.455
   1.505
   1.554
   1.597
   1.636
   1.665
   1.684
   1.697
   1.707
   1.718
   1.731
   1.750
   1.777
   1.809
   1.847
   1.890
   1.938
   1.988
   2.038
   2.087
   2.125
   2.158
   2.180
   2.194
   2.199
   2.201
   2.198
   2.192
   2.178
   2.154
   2.129
   2.111
   2.103
   2.090
   2.077
   2.053
   2.027
   2.007
   1.990
   1.974
   1.966
   1.960
   1.958
   1.971
   1.978
   1.973
   1.955
   1.931
   1.913
   1.914
   1.933
   1.986
   2.072
   2.183
   2.326
   2.499
   2.693
   2.891
   3.059
   3.173
   0.000
 -65.534
 -65.534
   1.049
   1.134
   1.161
   1.206
   1.258
   1.311
   1.365
   1.415
   1.460
   1.505
   1.543
   1.578
   1.606
   1.628
   1.642
   1.659
   1.675
   1.696
   1.723
   1.756
   1.795
   1.838
   1.889
   1.946
   2.000
   2.052
   2.096
   2.134
   2.165
   2.185
   2.199
   2.205
   2.206
   2.199
   2.184
   2.159
   2.135
   2.117
   2.105
   2.096
   2.085
   2.062
   2.039
   2.018
   1.998
   1.987
   1.977
   1.974
   1.973
   1.972
   1.974
   1.956
   1.934
   1.910
   1.893
   1.902
   1.940
   2.014
   2.112
   2.231
   2.382
   2.556
   2.749
   2.939
   3.102
   3.201
   0.000
 -65.534
 -65.534
 -65.534
   1.000
   1.073
   1.113
   1.163
   1.209
   1.257
   1.305
   1.354
   1.400
   1.435
   1.470
   1.503
   1.533
   1.554
   1.579
   1.601
   1.631
   1.662
   1.698
   1.742
   1.791
   1.846
   1.906
   1.966
   2.020
   2.070
   2.112
   2.149
   2.174
   2.193
   2.199
   2.202
   2.198
   2.186
   2.161
   2.134
   2.116
   2.104
   2.101
   2.086
   2.063
   2.042
   2.017
   1.994
   1.985
   1.983
   1.978
   1.978
   1.975
   1.971
   1.945
   1.916
   1.899
   1.897
   1.914
   1.965
   2.050
   2.166
   2.295
   2.438
   2.611
   2.795
   2.977
   3.140
   3.226
   0.000
 -65.534
 -65.534
 -65.534
 -65.534
   0.948
   1.018
   1.064
   1.104
   1.144
   1.189
   1.234
   1.276
   1.318
   1.355
   1.388
   1.417
   1.448
   1.476
   1.506
   1.538
   1.577
   1.622
   1.675
   1.732
   1.794
   1.859
   1.923
   1.981
   2.032
   2.075
   2.111
   2.140
   2.160
   2.173
   2.179
   2.178
   2.168
   2.152
   2.129
   2.109
   2.099
   2.093
   2.079
   2.056
   2.032
   2.010
   1.988
   1.976
   1.975
   1.976
   1.981
   1.979
   1.970
   1.954
   1.931
   1.919
   1.931
   1.967
   2.028
   2.123
   2.236
   2.364
   2.502
   2.658
   2.828
   3.003
   3.159
   3.232
   0.000
 -65.534
 -65.534
 -65.534
 -65.534
   0.855
   0.922
   0.962
   0.994
   1.029
   1.068
   1.114
   1.154
   1.196
   1.234
   1.270
   1.303
   1.331
   1.361
   1.394
   1.428
   1.471
   1.523
   1.579
   1.642
   1.711
   1.783
   1.850
   1.910
   1.964
   2.011
   2.047
   2.076
   2.098
   2.113
   2.126
   2.130
   2.130
   2.120
   2.100
   2.081
   2.075
   2.069
   2.056
   2.034
   2.008
   1.987
   1.972
   1.961
   1.962
   1.971
   1.976
   1.983
   1.989
   1.985
   1.985
   1.996
   2.025
   2.071
   2.133
   2.220
   2.324
   2.436
   2.558
   2.693
   2.843
   3.004
   3.151
   3.210
   0.000
 -65.534
 -65.534
 -65.534
 -65.534
   0.780
   0.835
   0.869
   0.894
   0.921
   0.961
   1.002
   1.043
   1.081
   1.120
   1.156
   1.193
   1.220
   1.253
   1.278
   1.314
   1.357
   1.406
   1.462
   1.526
   1.594
   1.664
   1.736
   1.801
   1.861
   1.910
   1.949
   1.979
   2.002
   2.021
   2.039
   2.053
   2.061
   2.058
   2.045
   2.024
   2.007
   1.996
   1.998
   1.983
   1.961
   1.945
   1.932
   1.927
   1.938
   1.953
   1.967
   1.992
   2.016
   2.039
   2.067
   2.102
   2.146
   2.205
   2.272
   2.346
   2.426
   2.510
   2.602
   2.713
   2.839
   2.984
   3.118
   3.162
   0.000
 -65.534
 -65.534
 -65.534
 -65.534
   0.714
   0.752
   0.782
   0.807
   0.836
   0.863
   0.905
   0.945
   0.983
   1.020
   1.055
   1.084
   1.115
   1.148
   1.182
   1.213
   1.245
   1.287
   1.338
   1.399
   1.464
   1.530
   1.600
   1.666
   1.728
   1.781
   1.826
   1.857
   1.884
   1.905
   1.927
   1.946
   1.963
   1.969
   1.962
   1.947
   1.926
   1.913
   1.910
   1.898
   1.890
   1.892
   1.889
   1.888
   1.903
   1.923
   1.952
   1.992
   2.041
   2.093
   2.145
   2.204
   2.274
   2.346
   2.416
   2.481
   2.541
   2.596
   2.654
   2.732
   2.836
   2.966
   3.091
   3.113
   0.000
 -65.534
 -65.534
 -65.534
 -65.534
 -65.534
 -65.534
 -65.534
 -65.534
   0.745
   0.790
   0.825
   0.858
   0.895
   0.931
   0.960
   0.989
   1.022
   1.058
   1.094
   1.128
   1.157
   1.188
   1.222
   1.276
   1.338
   1.405
   1.468
   1.530
   1.590
   1.643
   1.689
   1.726
   1.752
   1.777
   1.800
   1.823
   1.843
   1.857
   1.861
   1.855
   1.846
   1.836
   1.828
   1.826
   1.834
   1.837
   1.835
   1.846
   1.872
   1.905
   1.946
   2.000
   2.066
   2.138
   2.219
   2.305
   2.388
   2.472
   2.553
   2.618
   2.664
   2.696
   2.720
   2.769
   2.852
   2.966
   3.082
   3.083
   0.000
 -65.534
 -65.534
 -65.534
 -65.534
 -65.534
 -65.534
   0.539
   0.601
   0.700
   0.735
   0.761
   0.788
   0.821
   0.853
   0.885
   0.915
   0.952
   0.993
   1.032
   1.061
   1.084
   1.103
   1.134
   1.173
   1.220
   1.284
   1.348
   1.411
   1.468
   1.522
   1.565
   1.600
   1.628
   1.653
   1.675
   1.697
   1.721
   1.739
   1.752
   1.759
   1.761
   1.760
   1.763
   1.770
   1.783
   1.788
   1.797
   1.820
   1.849
   1.882
   1.935
   2.002
   2.085
   2.180
   2.285
   2.391
   2.491
   2.586
   2.673
   2.732
   2.762
   2.772
   2.778
   2.805
   2.876
   2.983
   3.089
   3.063
   0.000
 -65.534
 -65.534
 -65.534
 -65.534
 -65.534
 -65.534
 -65.534
 -65.534
 -65.534
   0.694
   0.717
   0.738
   0.761
   0.786
   0.817
   0.860
   0.905
   0.953
   0.995
   1.022
   1.034
   1.045
   1.068
   1.106
   1.156
   1.201
   1.253
   1.310
   1.363
   1.411
   1.452
   1.488
   1.522
   1.546
   1.568
   1.586
   1.607
   1.627
   1.644
   1.662
   1.676
   1.690
   1.705
   1.717
   1.733
   1.750
   1.769
   1.796
   1.830
   1.878
   1.944
   2.029
   2.123
   2.232
   2.350
   2.471
   2.582
   2.685
   2.772
   2.817
   2.829
   2.815
   2.809
   2.828
   2.889
   2.989
   3.091
   3.022
   0.000
 -65.534
 -65.534
 -65.534
 -65.534
 -65.534
 -65.534
 -65.534
 -65.534
 -65.534
 -65.534
 -65.534
 -65.534
 -65.534
 -65.534
 -65.534
   0.790
   0.862
   0.911
   0.959
   1.003
   1.013
   1.027
   1.043
   1.072
   1.115
   1.160
   1.207
   1.243
   1.280
   1.321
   1.359
   1.391
   1.419
   1.443
   1.464
   1.485
   1.505
   1.527
   1.564
   1.588
   1.609
   1.628
   1.645
   1.667
   1.693
   1.718
   1.748
   1.783
   1.827
   1.880
   1.950
   2.039
   2.145
   2.264
   2.396
   2.529
   2.654
   2.761
   2.834
   2.864
   2.854
   2.824
   2.808
   2.822
   2.873
   2.960
   3.053
   2.954
   0.000
 -65.534
 -65.534
 -65.534
 -65.534
 -65.534
 -65.534
 -65.534
 -65.534
 -65.534
 -65.534
 -65.534
 -65.534
 -65.534
 -65.534
 -65.534
 -65.534
 -65.534
 -65.534
 -65.534
   0.973
   1.022
   1.041
   1.063
   1.090
   1.121
   1.153
   1.184
   1.213
   1.239
   1.258
   1.277
   1.304
   1.329
   1.351
   1.377
   1.400
   1.423
   1.449
   1.481
   1.517
   1.548
   1.574
   1.599
   1.626
   1.658
   1.690
   1.728
   1.776
   1.831
   1.889
   1.961
   2.049
   2.158
   2.282
   2.417
   2.554
   2.680
   2.783
   2.849
   2.863
   2.833
   2.796
   2.765
   2.768
   2.809
   2.890
   2.967
   2.843
   0.000
 -65.534
 -65.534
 -65.534
 -65.534
 -65.534
 -65.534
 -65.534
 -65.534
 -65.534
 -65.534
 -65.534
 -65.534
 -65.534
 -65.534
 -65.534
 -65.534
 -65.534
 -65.534
   0.905
   1.045
   1.070
   1.098
   1.122
   1.147
   1.173
   1.189
   1.204
   1.217
   1.225
   1.233
   1.240
   1.253
   1.265
   1.283
   1.307
   1.336
   1.368
   1.398
   1.429
   1.464
   1.504
   1.542
   1.575
   1.607
   1.638
   1.670
   1.711
   1.762
   1.825
   1.899
   1.978
   2.069
   2.174
   2.292
   2.411
   2.535
   2.655
   2.753
   2.809
   2.818
   2.787
   2.746
   2.702
   2.687
   2.713
   2.781
   2.842
   2.687
   0.000
 -65.534
 -65.534
 -65.534
 -65.534
 -65.534
 -65.534
 -65.534
 -65.534
 -65.534
 -65.534
 -65.534
 -65.534
 -65.534
 -65.534
 -65.534
 -65.534
 -65.534
   0.939
   1.092
   1.127
   1.155
   1.180
   1.210
   1.238
   1.253
   1.261
   1.262
   1.258
   1.253
   1.246
   1.241
   1.236
   1.244
   1.254
   1.272
   1.301
   1.329
   1.361
   1.396
   1.435
   1.484
   1.530
   1.577
   1.616
   1.649
   1.680
   1.718
   1.771
   1.838
   1.913
   1.995
   2.083
   2.176
   2.278
   2.387
   2.503
   2.607
   2.689
   2.740
   2.753
   2.727
   2.682
   2.636
   2.611
   2.614
   2.648
   2.688
   2.500
   0.000
 -65.534
 -65.534
 -65.534
 -65.534
 -65.534
 -65.534
 -65.534
 -65.534
 -65.534
 -65.534
 -65.534
 -65.534
 -65.534
 -65.534
 -65.534
 -65.534
 -65.534
   1.122
   1.185
   1.209
   1.237
   1.265
   1.301
   1.328
   1.341
   1.342
   1.336
   1.321
   1.305
   1.291
   1.277
   1.258
   1.253
   1.257
   1.264
   1.284
   1.310
   1.339
   1.374
   1.420
   1.470
   1.527
   1.584
   1.635
   1.674
   1.710
   1.745
   1.796
   1.860
   1.936
   2.016
   2.086
   2.161
   2.244
   2.330
   2.418
   2.512
   2.584
   2.627
   2.644
   2.640
   2.614
   2.574
   2.536
   2.512
   2.507
   2.526
   2.314
   0.000
 -65.534
 -65.534
 -65.534
 -65.534
 -65.534
 -65.534
 -65.534
 -65.534
 -65.534
 -65.534
 -65.534
 -65.534
 -65.534
 -65.534
 -65.534
 -65.534
 -65.534
   1.183
   1.235
   1.263
   1.293
   1.329
   1.371
   1.403
   1.413
   1.412
   1.398
   1.379
   1.358
   1.342
   1.326
   1.299
   1.286
   1.279
   1.280
   1.291
   1.308
   1.335
   1.369
   1.410
   1.463
   1.524
   1.589
   1.644
   1.692
   1.732
   1.774
   1.823
   1.886
   1.954
   2.026
   2.087
   2.153
   2.215
   2.275
   2.334
   2.405
   2.461
   2.506
   2.530
   2.538
   2.528
   2.495
   2.450
   2.415
   2.398
   2.354
   2.120
   0.000
 -65.534
 -65.534
 -65.534
 -65.534
 -65.534
 -65.534
 -65.534
 -65.534
 -65.534
 -65.534
 -65.534
 -65.534
 -65.534
 -65.534
 -65.534
 -65.534
 -65.534
   1.210
   1.255
   1.292
   1.328
   1.372
   1.419
   1.452
   1.462
   1.455
   1.440
   1.421
   1.402
   1.386
   1.372
   1.344
   1.329
   1.319
   1.316
   1.323
   1.336
   1.359
   1.390
   1.428
   1.476
   1.536
   1.596
   1.651
   1.700
   1.744
   1.789
   1.836
   1.891
   1.951
   2.012
   2.069
   2.121
   2.164
   2.200
   2.238
   2.278
   2.326
   2.365
   2.401
   2.418
   2.419
   2.395
   2.352
   2.302
   2.249
   2.179
   1.928
   0.000
 -65.534
 -65.534
 -65.534
 -65.534
 -65.534
 -65.534
 -65.534
 -65.534
 -65.534
 -65.534
 -65.534
 -65.534
 -65.534
 -65.534
 -65.534
 -65.534
 -65.534
 -65.534
   1.245
   1.295
   1.345
   1.396
   1.442
   1.472
   1.478
   1.470
   1.458
   1.444
   1.426
   1.420
   1.408
   1.387
   1.375
   1.369
   1.368
   1.375
   1.383
   1.402
   1.429
   1.466
   1.512
   1.562
   1.612
   1.661
   1.706
   1.746
   1.788
   1.832
   1.880
   1.929
   1.982
   2.027
   2.068
   2.096
   2.117
   2.132
   2.162
   2.195
   2.228
   2.263
   2.285
   2.293
   2.278
   2.235
   2.178
   2.105
   2.009
   1.737
   0.000
 -65.534
 -65.534
 -65.534
 -65.534
 -65.534
 -65.534
 -65.534
 -65.534
 -65.534
 -65.534
 -65.534
 -65.534
 -65.534
 -65.534
 -65.534
 -65.534
 -65.534
 -65.534
 -65.534
   1.274
   1.336
   1.391
   1.434
   1.457
   1.461
   1.453
   1.443
   1.432
   1.425
   1.424
   1.420
   1.412
   1.410
   1.409
   1.427
   1.454
   1.485
   1.501
   1.528
   1.559
   1.568
   1.592
   1.624
   1.662
   1.700
   1.738
   1.775
   1.812
   1.850
   1.893
   1.941
   1.976
   2.012
   2.037
   2.050
   2.060
   2.074
   2.093
   2.119
   2.145
   2.161
   2.160
   2.144
   2.101
   2.034
   1.954
   1.838
   1.542
   0.000
 -65.534
 -65.534
 -65.534
 -65.534
 -65.534
 -65.534
 -65.534
 -65.534
 -65.534
 -65.534
 -65.534
 -65.534
 -65.534
 -65.534
 -65.534
 -65.534
 -65.534
 -65.534
 -65.534
 -65.534
   1.317
   1.384
   1.427
   1.443
   1.438
   1.428
   1.421
   1.410
   1.401
   1.394
   1.380
   1.365
   1.334
   1.283
   1.198
   0.997
 -65.534
 -65.534
 -65.534
 -65.534
   1.548
   1.607
   1.624
   1.652
   1.692
   1.730
   1.765
   1.800
   1.831
   1.861
   1.892
   1.920
   1.944
   1.964
   1.969
   1.977
   1.985
   1.999
   2.012
   2.024
   2.029
   2.019
   1.990
   1.938
   1.868
   1.775
   1.647
   1.349
   0.000
 -65.534
 -65.534
 -65.534
 -65.534
 -65.534
 -65.534
 -65.534
 -65.534
 -65.534
 -65.534
 -65.534
 -65.534
 -65.534
 -65.534
 -65.534
 -65.534
 -65.534
 -65.534
 -65.534
 -65.534
 -65.534
 -65.534
 -65.534
 -65.534
   1.361
   1.384
   1.386
   1.377
   1.370
   1.359
   1.332
   1.297
   1.231
   1.143
   1.020
   0.819
 -65.534
 -65.534
 -65.534
 -65.534
 -65.534
 -65.534
   1.607
   1.642
   1.682
   1.727
   1.759
   1.786
   1.809
   1.824
   1.840
   1.857
   1.869
   1.875
   1.878
   1.877
   1.875
   1.876
   1.881
   1.882
   1.877
   1.853
   1.809
   1.747
   1.666
   1.563
   1.425
   1.140
   0.000
 -65.534
 -65.534
 -65.534
 -65.534
 -65.534
 -65.534
 -65.534
 -65.534
 -65.534
 -65.534
 -65.534
 -65.534
 -65.534
 -65.534
 -65.534
 -65.534
 -65.534
 -65.534
 -65.534
 -65.534
 -65.534
 -65.534
 -65.534
 -65.534
   1.303
   1.334
   1.339
   1.339
   1.335
   1.306
   1.266
   1.217
   1.148
   1.069
   0.978
   0.849
 -65.534
 -65.534
 -65.534
 -65.534
 -65.534
 -65.534
 -65.534
   1.614
   1.686
   1.732
   1.759
   1.777
   1.793
   1.797
   1.803
   1.807
   1.804
   1.796
   1.786
   1.773
   1.762
   1.752
   1.745
   1.732
   1.702
   1.660
   1.599
   1.519
   1.426
   1.316
   1.178
   0.906
   0.000
 -65.534
 -65.534
 -65.534
 -65.534
 -65.534
 -65.534
 -65.534
 -65.534
 -65.534
 -65.534
 -65.534
 -65.534
 -65.534
 -65.534
 -65.534
 -65.534
 -65.534
 -65.534
 -65.534
 -65.534
 -65.534
 -65.534
 -65.534
 -65.534
 -65.534
 -65.534
 -65.534
 -65.534
 -65.534
   1.190
   1.171
   1.142
   1.104
   1.058
   1.005
   0.902
   0.508
 -65.534
 -65.534
 -65.534
 -65.534
 -65.534
 -65.534
   1.362
   1.254
 -65.534
   1.635
   1.721
   1.748
   1.769
   1.768
   1.764
   1.744
   1.726
   1.707
   1.681
   1.657
   1.633
   1.607
   1.577
   1.528
   1.464
   1.377
   1.273
   1.162
   1.040
   0.898
   0.648
   0.000
 -65.534
 -65.534
 -65.534
 -65.534
 -65.534
 -65.534
 -65.534
 -65.534
 -65.534
 -65.534
 -65.534
 -65.534
 -65.534
 -65.534
 -65.534
 -65.534
 -65.534
 -65.534
 -65.534
 -65.534
 -65.534
 -65.534
 -65.534
 -65.534
 -65.534
 -65.534
 -65.534
 -65.534
 -65.534
 -65.534
 -65.534
 -65.534
   1.028
   1.052
   1.031
   0.939
   0.676
   0.447
 -65.534
 -65.534
 -65.534
 -65.534
 -65.534
 -65.534
 -65.534
 -65.534
 -65.534
 -65.534
 -65.534
   1.585
   1.677
   1.685
   1.706
   1.683
   1.647
   1.593
   1.547
   1.506
   1.461
   1.409
   1.343
   1.256
   1.149
   1.031
   0.904
   0.770
   0.626
   0.397
   0.000
 -65.534
 -65.534
 -65.534
 -65.534
 -65.534
 -65.534
 -65.534
 -65.534
 -65.534
 -65.534
 -65.534
 -65.534
 -65.534
 -65.534
 -65.534
 -65.534
 -65.534
 -65.534
 -65.534
 -65.534
 -65.534
 -65.534
 -65.534
 -65.534
 -65.534
 -65.534
 -65.534
 -65.534
 -65.534
 -65.534
 -65.534
 -65.534
   0.978
   1.024
   1.014
   0.932
   0.744
   0.566
   0.421
   0.344
 -65.534
 -65.534
 -65.534
 -65.534
 -65.534
 -65.534
 -65.534
 -65.534
 -65.534
 -65.534
 -65.534
 -65.534
   1.462
   1.544
   1.524
   1.486
   1.426
   1.365
   1.301
   1.230
   1.148
   1.046
   0.930
   0.799
   0.665
   0.534
   0.392
   0.191
   0.000
 -65.534
 -65.534
 -65.534
 -65.534
 -65.534
 -65.534
 -65.534
 -65.534
 -65.534
 -65.534
 -65.534
 -65.534
 -65.534
 -65.534
 -65.534
 -65.534
 -65.534
 -65.534
 -65.534
 -65.534
 -65.534
 -65.534
 -65.534
 -65.534
 -65.534
 -65.534
 -65.534
 -65.534
 -65.534
 -65.534
 -65.534
 -65.534
 -65.534
 -65.534
 -65.534
 -65.534
   0.625
   0.567
   0.487
   0.413
   0.345
   0.291
   0.181
   0.151
   0.134
 -65.534
 -65.534
 -65.534
 -65.534
 -65.534
 -65.534
 -65.534
 -65.534
 -65.534
 -65.534
   1.215
   1.264
   1.225
   1.152
   1.058
   0.961
   0.852
   0.729
   0.598
   0.463
   0.331
   0.195
   0.018
   0.000
 -65.534
 -65.534
 -65.534
 -65.534
 -65.534
 -65.534
 -65.534
 -65.534
 -65.534
 -65.534
 -65.534
 -65.534
 -65.534
 -65.534
 -65.534
 -65.534
 -65.534
 -65.534
 -65.534
 -65.534
 -65.534
 -65.534
 -65.534
 -65.534
 -65.534
 -65.534
 -65.534
 -65.534
 -65.534
 -65.534
 -65.534
 -65.534
 -65.534
 -65.534
 -65.534
 -65.534
 -65.534
 -65.534
 -65.534
 -65.534
   0.319
 -65.534
 -65.534
 -65.534
 -65.534
 -65.534
 -65.534
 -65.534
 -65.534
 -65.534
 -65.534
 -65.534
 -65.534
 -65.534
 -65.534
   0.938
   1.044
   1.045
   0.992
   0.914
   0.807
   0.679
   0.550
   0.420
   0.291
   0.168
   0.042
  -0.114
   0.000
 -65.534
 -65.534
 -65.534
 -65.534
 -65.534
 -65.534
 -65.534
 -65.534
 -65.534
 -65.534
 -65.534
 -65.534
 -65.534
 -65.534
 -65.534
 -65.534
 -65.534
 -65.534
 -65.534
 -65.534
 -65.534
 -65.534
 -65.534
 -65.534
 -65.534
 -65.534
 -65.534
 -65.534
 -65.534
 -65.534
 -65.534
 -65.534
 -65.534
 -65.534
 -65.534
 -65.534
 -65.534
 -65.534
 -65.534
 -65.534
 -65.534
 -65.534
 -65.534
 -65.534
 -65.534
 -65.534
 -65.534
 -65.534
 -65.534
 -65.534
 -65.534
 -65.534
 -65.534
 -65.534
 -65.534
 -65.534
 -65.534
 -65.534
 -65.534
   0.713
   0.642
   0.531
   0.405
   0.293
   0.187
   0.083
  -0.016
  -0.156
   0.000
 -65.534
 -65.534
 -65.534
 -65.534
 -65.534
 -65.534
 -65.534
 -65.534
 -65.534
 -65.534
 -65.534
 -65.534
 -65.534
 -65.534
 -65.534
 -65.534
 -65.534
 -65.534
 -65.534
 -65.534
 -65.534
 -65.534
 -65.534
 -65.534
 -65.534
 -65.534
 -65.534
 -65.534
 -65.534
 -65.534
 -65.534
 -65.534
 -65.534
 -65.534
 -65.534
 -65.534
 -65.534
 -65.534
 -65.534
 -65.534
 -65.534
 -65.534
 -65.534
 -65.534
 -65.534
 -65.534
 -65.534
 -65.534
 -65.534
 -65.534
 -65.534
 -65.534
 -65.534
 -65.534
 -65.534
 -65.534
 -65.534
 -65.534
 -65.534
 -65.534
 -65.534
   0.000
   0.000
   0.000
   0.000
   0.000
   0.000
   0.000
 -65.534
