 -65.534
   0.000
   0.000
   0.000
   0.000
   0.000
   0.000
   0.000
   0.000
   0.000
   0.000
   0.000
   0.000
   0.000
   0.000
   0.000
   0.000
   0.000
   0.000
   0.000
   0.000
   0.000
   0.000
   0.000
   0.000
   0.000
   0.000
   0.000
   0.000
   0.000
   0.000
   0.000
   0.000
   0.000
   0.000
   0.000
   0.000
   0.000
   0.000
   0.000
   0.000
   0.000
   0.000
   0.000
   0.000
   0.000
   0.000
   0.000
   0.000
   0.000
   0.000
   0.000
   0.000
   0.000
   0.000
   0.000
   0.000
   0.000
   0.000
   0.000
   0.000
   0.000
   0.000
   0.000
   0.000
   0.000
   0.000
   0.000
 -65.534
   0.000
   2.972
   3.357
   3.533
   3.685
   3.794
   3.859
   3.887
   3.889
   3.883
   3.874
   3.863
   3.858
   3.849
   3.814
   3.751
   3.688
   3.646
   3.656
   3.721
   3.835
   3.990
   4.156
   4.376
   4.343
   4.213
   4.088
   3.992
   3.919
   3.888
   3.862
   3.828
   3.827
   3.845
   3.770
   3.711
   3.615
   3.512
   3.393
   3.219
   3.025
   2.809
   2.570
   2.351
   2.189
   2.047
   1.933
   1.827
   1.736
   1.683
   1.646
   1.622
   1.625
   1.646
   1.737
   1.834
   1.939
   2.025
   2.093
   2.151
   2.192
   2.216
   2.238
   2.261
   2.243
   2.242
   2.275
   2.295
   0.000
   0.000
   3.160
   3.511
   3.648
   3.783
   3.875
   3.949
   4.001
   4.030
   4.048
   4.062
   4.067
   4.069
   4.056
   4.013
   3.952
   3.876
   3.819
   3.792
   3.817
   3.902
   4.028
   4.157
   4.314
   4.296
   4.206
   4.109
   4.033
   3.996
   3.988
   4.003
   4.016
   4.032
   4.060
   4.031
   3.976
   3.897
   3.786
   3.636
   3.458
   3.239
   2.998
   2.713
   2.448
   2.243
   2.102
   2.007
   1.926
   1.867
   1.834
   1.817
   1.822
   1.852
   1.905
   1.976
   2.069
   2.178
   2.280
   2.373
   2.451
   2.523
   2.581
   2.631
   2.669
   2.702
   2.736
   2.778
   2.771
   0.000
   0.000
   3.101
   3.410
   3.519
   3.627
   3.702
   3.776
   3.840
   3.890
   3.936
   3.971
   3.992
   3.991
   3.969
   3.919
   3.853
   3.778
   3.720
   3.693
   3.713
   3.784
   3.893
   4.005
   4.093
   4.124
   4.061
   3.988
   3.937
   3.915
   3.924
   3.956
   3.990
   4.044
   4.097
   4.100
   4.082
   4.020
   3.902
   3.752
   3.557
   3.331
   3.065
   2.767
   2.471
   2.232
   2.079
   1.993
   1.932
   1.890
   1.879
   1.880
   1.903
   1.940
   1.995
   2.071
   2.158
   2.251
   2.345
   2.436
   2.521
   2.605
   2.683
   2.753
   2.822
   2.884
   2.941
   2.994
   2.977
   0.000
   0.000
   3.025
   3.292
   3.369
   3.452
   3.515
   3.573
   3.637
   3.696
   3.761
   3.821
   3.857
   3.873
   3.859
   3.816
   3.754
   3.690
   3.643
   3.629
   3.648
   3.713
   3.817
   3.918
   3.977
   4.003
   3.960
   3.922
   3.884
   3.874
   3.890
   3.936
   3.999
   4.074
   4.154
   4.212
   4.218
   4.177
   4.075
   3.912
   3.717
   3.479
   3.193
   2.874
   2.565
   2.297
   2.111
   2.004
   1.941
   1.909
   1.897
   1.912
   1.949
   1.995
   2.054
   2.123
   2.204
   2.285
   2.361
   2.437
   2.521
   2.613
   2.698
   2.791
   2.877
   2.965
   3.040
   3.104
   3.080
   0.000
   0.000
   2.938
   3.166
   3.222
   3.293
   3.341
   3.390
   3.442
   3.506
   3.577
   3.647
   3.700
   3.726
   3.723
   3.687
   3.635
   3.583
   3.554
   3.554
   3.583
   3.650
   3.742
   3.839
   3.902
   3.893
   3.869
   3.864
   3.848
   3.841
   3.869
   3.924
   4.000
   4.103
   4.215
   4.301
   4.343
   4.321
   4.236
   4.081
   3.884
   3.634
   3.339
   3.016
   2.693
   2.403
   2.178
   2.028
   1.945
   1.903
   1.887
   1.900
   1.945
   1.997
   2.068
   2.143
   2.214
   2.283
   2.350
   2.412
   2.488
   2.580
   2.680
   2.782
   2.893
   2.993
   3.077
   3.146
   3.117
   0.000
   0.000
   2.835
   3.039
   3.082
   3.139
   3.185
   3.230
   3.285
   3.345
   3.419
   3.488
   3.546
   3.581
   3.586
   3.561
   3.519
   3.485
   3.468
   3.479
   3.514
   3.571
   3.650
   3.722
   3.767
   3.779
   3.804
   3.813
   3.810
   3.809
   3.836
   3.903
   3.993
   4.114
   4.236
   4.355
   4.431
   4.448
   4.383
   4.245
   4.056
   3.816
   3.527
   3.202
   2.861
   2.543
   2.282
   2.086
   1.960
   1.887
   1.857
   1.868
   1.902
   1.963
   2.040
   2.123
   2.195
   2.263
   2.322
   2.371
   2.438
   2.532
   2.631
   2.742
   2.853
   2.965
   3.065
   3.145
   3.120
   0.000
   0.000
   2.710
   2.900
   2.943
   2.996
   3.039
   3.090
   3.147
   3.212
   3.286
   3.358
   3.418
   3.456
   3.464
   3.451
   3.425
   3.395
   3.386
   3.400
   3.435
   3.492
   3.558
   3.628
   3.683
   3.710
   3.740
   3.760
   3.762
   3.767
   3.803
   3.883
   3.988
   4.121
   4.257
   4.397
   4.490
   4.536
   4.503
   4.395
   4.226
   4.002
   3.727
   3.409
   3.076
   2.739
   2.427
   2.179
   1.997
   1.871
   1.812
   1.804
   1.823
   1.876
   1.952
   2.040
   2.124
   2.195
   2.253
   2.305
   2.368
   2.449
   2.552
   2.671
   2.800
   2.923
   3.028
   3.115
   3.103
   0.000
   0.000
   2.524
   2.717
   2.769
   2.837
   2.889
   2.945
   3.007
   3.084
   3.164
   3.242
   3.306
   3.348
   3.365
   3.356
   3.336
   3.314
   3.305
   3.317
   3.355
   3.412
   3.476
   3.543
   3.612
   3.659
   3.685
   3.702
   3.716
   3.732
   3.780
   3.878
   4.000
   4.137
   4.287
   4.432
   4.541
   4.604
   4.597
   4.515
   4.382
   4.183
   3.928
   3.633
   3.312
   2.973
   2.636
   2.336
   2.100
   1.920
   1.804
   1.748
   1.738
   1.770
   1.831
   1.918
   2.004
   2.083
   2.146
   2.190
   2.266
   2.349
   2.458
   2.583
   2.729
   2.873
   2.996
   3.100
   3.086
   0.000
   0.000
   2.280
   2.469
   2.542
   2.632
   2.701
   2.772
   2.856
   2.942
   3.037
   3.122
   3.193
   3.244
   3.267
   3.269
   3.252
   3.234
   3.226
   3.234
   3.268
   3.325
   3.395
   3.473
   3.545
   3.600
   3.629
   3.659
   3.678
   3.709
   3.778
   3.886
   4.015
   4.159
   4.320
   4.465
   4.584
   4.667
   4.682
   4.617
   4.507
   4.339
   4.110
   3.846
   3.546
   3.224
   2.885
   2.557
   2.281
   2.055
   1.878
   1.748
   1.694
   1.686
   1.713
   1.776
   1.853
   1.937
   2.009
   2.074
   2.155
   2.258
   2.373
   2.512
   2.677
   2.836
   2.983
   3.105
   3.100
   0.000
   0.000
   2.037
   2.214
   2.292
   2.390
   2.479
   2.570
   2.669
   2.779
   2.888
   2.985
   3.064
   3.125
   3.164
   3.174
   3.171
   3.159
   3.152
   3.161
   3.189
   3.240
   3.311
   3.395
   3.478
   3.540
   3.583
   3.613
   3.647
   3.700
   3.783
   3.897
   4.030
   4.173
   4.335
   4.487
   4.612
   4.703
   4.735
   4.695
   4.607
   4.465
   4.266
   4.028
   3.758
   3.454
   3.131
   2.811
   2.506
   2.241
   2.010
   1.815
   1.711
   1.646
   1.621
   1.643
   1.710
   1.801
   1.891
   1.976
   2.081
   2.205
   2.340
   2.493
   2.670
   2.849
   3.011
   3.136
   3.129
   0.000
   0.000
   1.823
   1.981
   2.046
   2.145
   2.235
   2.329
   2.436
   2.559
   2.684
   2.802
   2.900
   2.980
   3.030
   3.062
   3.074
   3.076
   3.075
   3.088
   3.112
   3.164
   3.228
   3.311
   3.402
   3.475
   3.529
   3.579
   3.629
   3.694
   3.787
   3.903
   4.038
   4.186
   4.346
   4.498
   4.630
   4.721
   4.764
   4.744
   4.677
   4.562
   4.390
   4.179
   3.932
   3.650
   3.349
   3.043
   2.737
   2.451
   2.184
   1.949
   1.790
   1.668
   1.596
   1.578
   1.614
   1.699
   1.811
   1.927
   2.064
   2.217
   2.380
   2.553
   2.743
   2.927
   3.090
   3.210
   3.174
   0.000
   0.000
   1.608
   1.778
   1.822
   1.901
   1.986
   2.077
   2.182
   2.293
   2.418
   2.547
   2.668
   2.774
   2.858
   2.915
   2.948
   2.967
   2.986
   3.006
   3.040
   3.089
   3.150
   3.230
   3.321
   3.402
   3.475
   3.537
   3.601
   3.677
   3.772
   3.893
   4.027
   4.179
   4.340
   4.489
   4.612
   4.701
   4.744
   4.736
   4.688
   4.601
   4.464
   4.281
   4.057
   3.798
   3.516
   3.236
   2.941
   2.652
   2.371
   2.121
   1.929
   1.769
   1.648
   1.584
   1.586
   1.649
   1.776
   1.921
   2.093
   2.288
   2.486
   2.683
   2.885
   3.071
   3.228
   3.321
   3.225
   0.000
 -65.534
 -65.534
   1.505
   1.629
   1.655
   1.729
   1.811
   1.910
   2.014
   2.133
   2.258
   2.377
   2.497
   2.604
   2.690
   2.765
   2.816
   2.862
   2.902
   2.949
   3.005
   3.068
   3.145
   3.232
   3.319
   3.404
   3.481
   3.558
   3.639
   3.735
   3.856
   3.981
   4.133
   4.290
   4.428
   4.535
   4.617
   4.657
   4.657
   4.628
   4.560
   4.450
   4.304
   4.108
   3.879
   3.626
   3.366
   3.095
   2.817
   2.546
   2.293
   2.072
   1.887
   1.731
   1.639
   1.617
   1.661
   1.785
   1.958
   2.169
   2.400
   2.631
   2.854
   3.068
   3.250
   3.384
   3.448
   3.288
   0.000
 -65.534
 -65.534
 -65.534
   1.353
   1.423
   1.462
   1.543
   1.633
   1.732
   1.841
   1.958
   2.071
   2.190
   2.309
   2.415
   2.512
   2.599
   2.676
   2.748
   2.822
   2.889
   2.964
   3.043
   3.134
   3.224
   3.314
   3.400
   3.487
   3.574
   3.667
   3.776
   3.900
   4.041
   4.171
   4.278
   4.407
   4.483
   4.512
   4.513
   4.497
   4.446
   4.366
   4.241
   4.079
   3.880
   3.656
   3.422
   3.178
   2.928
   2.675
   2.437
   2.215
   2.027
   1.860
   1.747
   1.713
   1.762
   1.880
   2.067
   2.299
   2.554
   2.804
   3.037
   3.248
   3.423
   3.539
   3.574
   3.352
   0.000
 -65.534
 -65.534
 -65.534
 -65.534
   1.154
   1.238
   1.302
   1.378
   1.462
   1.557
   1.661
   1.770
   1.886
   2.003
   2.123
   2.233
   2.338
   2.435
   2.529
   2.621
   2.708
   2.801
   2.894
   2.992
   3.089
   3.190
   3.287
   3.382
   3.473
   3.563
   3.660
   3.767
   3.887
   4.000
   4.105
   4.206
   4.262
   4.321
   4.326
   4.308
   4.275
   4.210
   4.110
   3.972
   3.800
   3.617
   3.420
   3.210
   2.993
   2.776
   2.570
   2.365
   2.187
   2.045
   1.939
   1.906
   1.955
   2.075
   2.262
   2.503
   2.758
   3.004
   3.228
   3.428
   3.585
   3.686
   3.702
   3.432
   0.000
 -65.534
 -65.534
 -65.534
 -65.534
   0.994
   1.064
   1.120
   1.177
   1.239
   1.312
   1.399
   1.498
   1.608
   1.722
   1.843
   1.957
   2.065
   2.163
   2.259
   2.354
   2.455
   2.556
   2.665
   2.773
   2.887
   2.999
   3.115
   3.218
   3.318
   3.412
   3.505
   3.599
   3.699
   3.798
   3.889
   3.964
   4.011
   4.048
   4.037
   4.030
   4.010
   3.964
   3.891
   3.781
   3.646
   3.505
   3.358
   3.199
   3.035
   2.875
   2.705
   2.534
   2.396
   2.283
   2.215
   2.197
   2.250
   2.363
   2.535
   2.752
   2.985
   3.204
   3.403
   3.573
   3.698
   3.784
   3.790
   3.501
   0.000
 -65.534
 -65.534
 -65.534
 -65.534
   0.910
   0.965
   1.010
   1.049
   1.087
   1.146
   1.218
   1.298
   1.388
   1.492
   1.601
   1.707
   1.801
   1.892
   1.980
   2.068
   2.157
   2.258
   2.364
   2.483
   2.604
   2.731
   2.860
   2.985
   3.100
   3.204
   3.299
   3.382
   3.471
   3.551
   3.621
   3.677
   3.710
   3.718
   3.695
   3.672
   3.648
   3.609
   3.581
   3.517
   3.431
   3.344
   3.249
   3.148
   3.048
   2.950
   2.831
   2.714
   2.621
   2.547
   2.518
   2.524
   2.575
   2.681
   2.840
   3.025
   3.219
   3.399
   3.553
   3.674
   3.762
   3.817
   3.804
   3.507
   0.000
 -65.534
 -65.534
 -65.534
 -65.534
   0.894
   0.947
   0.983
   1.012
   1.026
   1.055
   1.114
   1.175
   1.239
   1.323
   1.411
   1.491
   1.570
   1.646
   1.723
   1.800
   1.875
   1.958
   2.053
   2.168
   2.293
   2.426
   2.566
   2.702
   2.832
   2.949
   3.047
   3.130
   3.203
   3.263
   3.309
   3.348
   3.362
   3.353
   3.328
   3.293
   3.259
   3.232
   3.221
   3.198
   3.175
   3.156
   3.123
   3.074
   3.027
   2.973
   2.915
   2.846
   2.799
   2.766
   2.756
   2.784
   2.849
   2.957
   3.099
   3.262
   3.422
   3.556
   3.660
   3.727
   3.772
   3.793
   3.763
   3.449
   0.000
 -65.534
 -65.534
 -65.534
 -65.534
 -65.534
 -65.534
 -65.534
 -65.534
   0.984
   1.021
   1.054
   1.089
   1.131
   1.187
   1.250
   1.313
   1.380
   1.448
   1.520
   1.589
   1.641
   1.707
   1.786
   1.887
   2.009
   2.141
   2.282
   2.419
   2.550
   2.668
   2.766
   2.844
   2.901
   2.942
   2.966
   2.983
   2.986
   2.974
   2.946
   2.922
   2.906
   2.903
   2.912
   2.931
   2.963
   2.978
   2.973
   2.972
   2.974
   2.960
   2.951
   2.929
   2.912
   2.902
   2.921
   2.964
   3.039
   3.140
   3.280
   3.422
   3.552
   3.648
   3.698
   3.724
   3.730
   3.726
   3.676
   3.357
   0.000
 -65.534
 -65.534
 -65.534
 -65.534
 -65.534
 -65.534
   0.907
   0.963
   1.001
   0.993
   1.001
   1.020
   1.050
   1.081
   1.119
   1.170
   1.236
   1.315
   1.392
   1.452
   1.497
   1.535
   1.597
   1.684
   1.794
   1.922
   2.052
   2.181
   2.300
   2.407
   2.491
   2.553
   2.596
   2.619
   2.628
   2.629
   2.622
   2.603
   2.589
   2.589
   2.602
   2.633
   2.674
   2.723
   2.773
   2.803
   2.829
   2.862
   2.879
   2.890
   2.914
   2.935
   2.950
   2.975
   3.009
   3.065
   3.135
   3.237
   3.364
   3.487
   3.580
   3.633
   3.648
   3.645
   3.647
   3.626
   3.568
   3.233
   0.000
 -65.534
 -65.534
 -65.534
 -65.534
 -65.534
 -65.534
 -65.534
 -65.534
 -65.534
   0.986
   0.971
   0.974
   0.986
   1.002
   1.024
   1.074
   1.140
   1.237
   1.336
   1.395
   1.421
   1.446
   1.496
   1.574
   1.675
   1.791
   1.905
   2.017
   2.115
   2.202
   2.268
   2.313
   2.337
   2.348
   2.341
   2.332
   2.319
   2.301
   2.296
   2.308
   2.346
   2.399
   2.465
   2.528
   2.587
   2.631
   2.668
   2.711
   2.744
   2.792
   2.849
   2.910
   2.955
   2.999
   3.043
   3.095
   3.159
   3.245
   3.352
   3.441
   3.497
   3.515
   3.516
   3.507
   3.501
   3.485
   3.427
   3.087
   0.000
 -65.534
 -65.534
 -65.534
 -65.534
 -65.534
 -65.534
 -65.534
 -65.534
 -65.534
 -65.534
 -65.534
 -65.534
 -65.534
 -65.534
 -65.534
   1.051
   1.118
   1.187
   1.282
   1.369
   1.392
   1.425
   1.473
   1.543
   1.641
   1.745
   1.846
   1.943
   2.022
   2.082
   2.125
   2.151
   2.163
   2.164
   2.152
   2.133
   2.111
   2.087
   2.076
   2.099
   2.149
   2.214
   2.286
   2.361
   2.421
   2.469
   2.512
   2.564
   2.615
   2.675
   2.751
   2.829
   2.896
   2.956
   3.016
   3.065
   3.119
   3.188
   3.262
   3.311
   3.331
   3.334
   3.329
   3.322
   3.314
   3.302
   3.255
   2.922
   0.000
 -65.534
 -65.534
 -65.534
 -65.534
 -65.534
 -65.534
 -65.534
 -65.534
 -65.534
 -65.534
 -65.534
 -65.534
 -65.534
 -65.534
 -65.534
 -65.534
 -65.534
 -65.534
 -65.534
   1.372
   1.409
   1.454
   1.511
   1.593
   1.684
   1.776
   1.867
   1.941
   2.002
   2.045
   2.073
   2.078
   2.077
   2.070
   2.057
   2.034
   2.009
   1.985
   1.974
   1.993
   2.042
   2.107
   2.180
   2.249
   2.310
   2.353
   2.394
   2.448
   2.509
   2.579
   2.662
   2.745
   2.820
   2.884
   2.942
   2.996
   3.040
   3.090
   3.131
   3.140
   3.136
   3.127
   3.114
   3.103
   3.095
   3.093
   3.056
   2.729
   0.000
 -65.534
 -65.534
 -65.534
 -65.534
 -65.534
 -65.534
 -65.534
 -65.534
 -65.534
 -65.534
 -65.534
 -65.534
 -65.534
 -65.534
 -65.534
 -65.534
 -65.534
 -65.534
   1.376
   1.465
   1.474
   1.516
   1.587
   1.680
   1.773
   1.863
   1.938
   2.000
   2.040
   2.064
   2.078
   2.078
   2.066
   2.051
   2.033
   2.015
   1.996
   1.975
   1.968
   1.987
   2.030
   2.091
   2.163
   2.223
   2.273
   2.307
   2.339
   2.385
   2.444
   2.515
   2.590
   2.663
   2.728
   2.783
   2.836
   2.889
   2.930
   2.966
   2.976
   2.961
   2.939
   2.920
   2.890
   2.869
   2.851
   2.838
   2.795
   2.459
   0.000
 -65.534
 -65.534
 -65.534
 -65.534
 -65.534
 -65.534
 -65.534
 -65.534
 -65.534
 -65.534
 -65.534
 -65.534
 -65.534
 -65.534
 -65.534
 -65.534
 -65.534
   1.436
   1.550
   1.534
   1.553
   1.588
   1.660
   1.767
   1.866
   1.950
   2.023
   2.076
   2.106
   2.121
   2.121
   2.111
   2.090
   2.066
   2.042
   2.025
   2.007
   1.988
   1.984
   2.004
   2.054
   2.123
   2.198
   2.262
   2.299
   2.315
   2.327
   2.360
   2.409
   2.464
   2.525
   2.581
   2.626
   2.671
   2.711
   2.758
   2.798
   2.821
   2.813
   2.779
   2.745
   2.714
   2.673
   2.634
   2.599
   2.556
   2.483
   2.133
   0.000
 -65.534
 -65.534
 -65.534
 -65.534
 -65.534
 -65.534
 -65.534
 -65.534
 -65.534
 -65.534
 -65.534
 -65.534
 -65.534
 -65.534
 -65.534
 -65.534
 -65.534
   1.617
   1.612
   1.600
   1.624
   1.658
   1.722
   1.823
   1.931
   2.012
   2.082
   2.131
   2.159
   2.168
   2.164
   2.148
   2.118
   2.081
   2.041
   2.012
   1.991
   1.974
   1.972
   1.998
   2.050
   2.131
   2.215
   2.283
   2.318
   2.326
   2.334
   2.359
   2.393
   2.433
   2.470
   2.484
   2.496
   2.523
   2.552
   2.591
   2.639
   2.664
   2.647
   2.606
   2.562
   2.520
   2.465
   2.406
   2.347
   2.277
   2.168
   1.751
   0.000
 -65.534
 -65.534
 -65.534
 -65.534
 -65.534
 -65.534
 -65.534
 -65.534
 -65.534
 -65.534
 -65.534
 -65.534
 -65.534
 -65.534
 -65.534
 -65.534
 -65.534
   1.690
   1.669
   1.669
   1.690
   1.728
   1.784
   1.865
   1.969
   2.042
   2.103
   2.146
   2.172
   2.185
   2.179
   2.157
   2.114
   2.062
   2.011
   1.968
   1.938
   1.921
   1.924
   1.952
   2.007
   2.083
   2.168
   2.236
   2.277
   2.296
   2.315
   2.345
   2.377
   2.409
   2.434
   2.432
   2.433
   2.431
   2.436
   2.449
   2.476
   2.495
   2.488
   2.451
   2.404
   2.350
   2.282
   2.208
   2.087
   1.974
   1.804
   1.383
   0.000
 -65.534
 -65.534
 -65.534
 -65.534
 -65.534
 -65.534
 -65.534
 -65.534
 -65.534
 -65.534
 -65.534
 -65.534
 -65.534
 -65.534
 -65.534
 -65.534
 -65.534
   1.741
   1.728
   1.733
   1.764
   1.804
   1.854
   1.909
   1.974
   2.050
   2.095
   2.133
   2.158
   2.167
   2.160
   2.131
   2.078
   2.017
   1.956
   1.908
   1.877
   1.866
   1.875
   1.905
   1.957
   2.024
   2.096
   2.158
   2.201
   2.237
   2.270
   2.305
   2.337
   2.364
   2.376
   2.374
   2.357
   2.334
   2.309
   2.298
   2.293
   2.308
   2.300
   2.276
   2.238
   2.180
   2.099
   2.002
   1.863
   1.708
   1.496
   1.043
   0.000
 -65.534
 -65.534
 -65.534
 -65.534
 -65.534
 -65.534
 -65.534
 -65.534
 -65.534
 -65.534
 -65.534
 -65.534
 -65.534
 -65.534
 -65.534
 -65.534
 -65.534
 -65.534
   1.744
   1.775
   1.820
   1.869
   1.914
   1.949
   1.981
   2.021
   2.055
   2.083
   2.104
   2.116
   2.108
   2.070
   2.008
   1.949
   1.891
   1.846
   1.820
   1.813
   1.831
   1.868
   1.917
   1.972
   2.029
   2.085
   2.130
   2.172
   2.211
   2.244
   2.277
   2.297
   2.302
   2.281
   2.250
   2.207
   2.166
   2.130
   2.117
   2.113
   2.106
   2.090
   2.053
   1.999
   1.910
   1.795
   1.649
   1.453
   1.205
   0.743
   0.000
 -65.534
 -65.534
 -65.534
 -65.534
 -65.534
 -65.534
 -65.534
 -65.534
 -65.534
 -65.534
 -65.534
 -65.534
 -65.534
 -65.534
 -65.534
 -65.534
 -65.534
 -65.534
 -65.534
   1.759
   1.833
   1.892
   1.938
   1.956
   1.963
   1.968
   1.979
   1.988
   2.002
   2.007
   1.993
   1.949
   1.888
   1.828
   1.792
   1.779
   1.787
   1.785
   1.793
   1.840
   1.872
   1.913
   1.965
   2.015
   2.069
   2.116
   2.154
   2.177
   2.192
   2.199
   2.200
   2.168
   2.126
   2.080
   2.032
   1.992
   1.963
   1.947
   1.938
   1.919
   1.876
   1.808
   1.712
   1.580
   1.420
   1.221
   0.945
   0.483
   0.000
 -65.534
 -65.534
 -65.534
 -65.534
 -65.534
 -65.534
 -65.534
 -65.534
 -65.534
 -65.534
 -65.534
 -65.534
 -65.534
 -65.534
 -65.534
 -65.534
 -65.534
 -65.534
 -65.534
 -65.534
   1.764
   1.844
   1.887
   1.909
   1.909
   1.897
   1.883
   1.865
   1.846
   1.822
   1.781
   1.695
   1.574
   1.418
   1.207
   0.789
 -65.534
 -65.534
 -65.534
 -65.534
   1.914
   1.940
   1.949
   1.984
   2.038
   2.083
   2.104
   2.116
   2.107
   2.093
   2.067
   2.022
   1.968
   1.918
   1.862
   1.818
   1.782
   1.760
   1.735
   1.709
   1.665
   1.592
   1.489
   1.350
   1.180
   0.971
   0.707
   0.258
   0.000
 -65.534
 -65.534
 -65.534
 -65.534
 -65.534
 -65.534
 -65.534
 -65.534
 -65.534
 -65.534
 -65.534
 -65.534
 -65.534
 -65.534
 -65.534
 -65.534
 -65.534
 -65.534
 -65.534
 -65.534
 -65.534
 -65.534
 -65.534
 -65.534
   1.763
   1.770
   1.751
   1.715
   1.668
   1.609
   1.535
   1.413
   1.256
   1.055
   0.793
   0.397
 -65.534
 -65.534
 -65.534
 -65.534
 -65.534
 -65.534
   1.962
   1.969
   2.000
   2.032
   2.031
   2.007
   1.981
   1.938
   1.890
   1.838
   1.781
   1.716
   1.663
   1.607
   1.552
   1.513
   1.483
   1.450
   1.404
   1.329
   1.226
   1.092
   0.927
   0.725
   0.462
   0.043
   0.000
 -65.534
 -65.534
 -65.534
 -65.534
 -65.534
 -65.534
 -65.534
 -65.534
 -65.534
 -65.534
 -65.534
 -65.534
 -65.534
 -65.534
 -65.534
 -65.534
 -65.534
 -65.534
 -65.534
 -65.534
 -65.534
 -65.534
 -65.534
 -65.534
   1.568
   1.584
   1.562
   1.522
   1.469
   1.392
   1.290
   1.157
   0.995
   0.805
   0.590
   0.313
 -65.534
 -65.534
 -65.534
 -65.534
 -65.534
 -65.534
 -65.534
   1.894
   1.926
   1.946
   1.910
   1.864
   1.819
   1.771
   1.722
   1.668
   1.603
   1.536
   1.467
   1.393
   1.321
   1.265
   1.222
   1.171
   1.109
   1.028
   0.922
   0.791
   0.631
   0.441
   0.195
  -0.197
   0.000
 -65.534
 -65.534
 -65.534
 -65.534
 -65.534
 -65.534
 -65.534
 -65.534
 -65.534
 -65.534
 -65.534
 -65.534
 -65.534
 -65.534
 -65.534
 -65.534
 -65.534
 -65.534
 -65.534
 -65.534
 -65.534
 -65.534
 -65.534
 -65.534
 -65.534
 -65.534
 -65.534
 -65.534
 -65.534
   1.170
   1.037
   0.933
   0.810
   0.667
   0.516
   0.327
   0.051
 -65.534
 -65.534
 -65.534
 -65.534
 -65.534
 -65.534
   1.423
   1.146
 -65.534
   1.676
   1.684
   1.662
   1.617
   1.564
   1.512
   1.448
   1.377
   1.296
   1.208
   1.120
   1.042
   0.971
   0.903
   0.820
   0.723
   0.604
   0.463
   0.299
   0.105
  -0.133
  -0.490
   0.000
 -65.534
 -65.534
 -65.534
 -65.534
 -65.534
 -65.534
 -65.534
 -65.534
 -65.534
 -65.534
 -65.534
 -65.534
 -65.534
 -65.534
 -65.534
 -65.534
 -65.534
 -65.534
 -65.534
 -65.534
 -65.534
 -65.534
 -65.534
 -65.534
 -65.534
 -65.534
 -65.534
 -65.534
 -65.534
 -65.534
 -65.534
 -65.534
   0.720
   0.602
   0.495
   0.360
   0.134
   0.014
 -65.534
 -65.534
 -65.534
 -65.534
 -65.534
 -65.534
 -65.534
 -65.534
 -65.534
 -65.534
 -65.534
   1.428
   1.432
   1.387
   1.330
   1.248
   1.158
   1.044
   0.934
   0.836
   0.742
   0.649
   0.541
   0.421
   0.285
   0.127
  -0.045
  -0.244
  -0.485
  -0.818
   0.000
 -65.534
 -65.534
 -65.534
 -65.534
 -65.534
 -65.534
 -65.534
 -65.534
 -65.534
 -65.534
 -65.534
 -65.534
 -65.534
 -65.534
 -65.534
 -65.534
 -65.534
 -65.534
 -65.534
 -65.534
 -65.534
 -65.534
 -65.534
 -65.534
 -65.534
 -65.534
 -65.534
 -65.534
 -65.534
 -65.534
 -65.534
 -65.534
   0.618
   0.530
   0.443
   0.331
   0.170
   0.051
  -0.005
  -0.009
 -65.534
 -65.534
 -65.534
 -65.534
 -65.534
 -65.534
 -65.534
 -65.534
 -65.534
 -65.534
 -65.534
 -65.534
   1.166
   1.112
   1.016
   0.870
   0.749
   0.640
   0.527
   0.403
   0.268
   0.128
  -0.025
  -0.202
  -0.386
  -0.571
  -0.794
  -1.102
   0.000
 -65.534
 -65.534
 -65.534
 -65.534
 -65.534
 -65.534
 -65.534
 -65.534
 -65.534
 -65.534
 -65.534
 -65.534
 -65.534
 -65.534
 -65.534
 -65.534
 -65.534
 -65.534
 -65.534
 -65.534
 -65.534
 -65.534
 -65.534
 -65.534
 -65.534
 -65.534
 -65.534
 -65.534
 -65.534
 -65.534
 -65.534
 -65.534
 -65.534
 -65.534
 -65.534
 -65.534
   0.185
   0.093
   0.040
  -0.004
  -0.039
  -0.042
  -0.059
  -0.110
  -0.173
 -65.534
 -65.534
 -65.534
 -65.534
 -65.534
 -65.534
 -65.534
 -65.534
 -65.534
 -65.534
   0.688
   0.588
   0.479
   0.350
   0.186
   0.018
  -0.142
  -0.316
  -0.499
  -0.683
  -0.863
  -1.072
  -1.350
   0.000
 -65.534
 -65.534
 -65.534
 -65.534
 -65.534
 -65.534
 -65.534
 -65.534
 -65.534
 -65.534
 -65.534
 -65.534
 -65.534
 -65.534
 -65.534
 -65.534
 -65.534
 -65.534
 -65.534
 -65.534
 -65.534
 -65.534
 -65.534
 -65.534
 -65.534
 -65.534
 -65.534
 -65.534
 -65.534
 -65.534
 -65.534
 -65.534
 -65.534
 -65.534
 -65.534
 -65.534
 -65.534
 -65.534
 -65.534
 -65.534
   0.013
 -65.534
 -65.534
 -65.534
 -65.534
 -65.534
 -65.534
 -65.534
 -65.534
 -65.534
 -65.534
 -65.534
 -65.534
 -65.534
 -65.534
   0.476
   0.409
   0.327
   0.207
   0.016
  -0.177
  -0.372
  -0.553
  -0.735
  -0.922
  -1.094
  -1.292
  -1.552
   0.000
 -65.534
 -65.534
 -65.534
 -65.534
 -65.534
 -65.534
 -65.534
 -65.534
 -65.534
 -65.534
 -65.534
 -65.534
 -65.534
 -65.534
 -65.534
 -65.534
 -65.534
 -65.534
 -65.534
 -65.534
 -65.534
 -65.534
 -65.534
 -65.534
 -65.534
 -65.534
 -65.534
 -65.534
 -65.534
 -65.534
 -65.534
 -65.534
 -65.534
 -65.534
 -65.534
 -65.534
 -65.534
 -65.534
 -65.534
 -65.534
 -65.534
 -65.534
 -65.534
 -65.534
 -65.534
 -65.534
 -65.534
 -65.534
 -65.534
 -65.534
 -65.534
 -65.534
 -65.534
 -65.534
 -65.534
 -65.534
 -65.534
 -65.534
 -65.534
   0.032
  -0.284
  -0.517
  -0.714
  -0.882
  -1.048
  -1.215
  -1.387
  -1.629
   0.000
 -65.534
 -65.534
 -65.534
 -65.534
 -65.534
 -65.534
 -65.534
 -65.534
 -65.534
 -65.534
 -65.534
 -65.534
 -65.534
 -65.534
 -65.534
 -65.534
 -65.534
 -65.534
 -65.534
 -65.534
 -65.534
 -65.534
 -65.534
 -65.534
 -65.534
 -65.534
 -65.534
 -65.534
 -65.534
 -65.534
 -65.534
 -65.534
 -65.534
 -65.534
 -65.534
 -65.534
 -65.534
 -65.534
 -65.534
 -65.534
 -65.534
 -65.534
 -65.534
 -65.534
 -65.534
 -65.534
 -65.534
 -65.534
 -65.534
 -65.534
 -65.534
 -65.534
 -65.534
 -65.534
 -65.534
 -65.534
 -65.534
 -65.534
 -65.534
 -65.534
 -65.534
   0.000
   0.000
   0.000
   0.000
   0.000
   0.000
   0.000
 -65.534
