 -65.534
   0.000
   0.000
   0.000
   0.000
   0.000
   0.000
   0.000
   0.000
   0.000
   0.000
   0.000
   0.000
   0.000
   0.000
   0.000
   0.000
   0.000
   0.000
   0.000
   0.000
   0.000
   0.000
   0.000
   0.000
   0.000
   0.000
   0.000
   0.000
   0.000
   0.000
   0.000
   0.000
   0.000
   0.000
   0.000
   0.000
   0.000
   0.000
   0.000
   0.000
   0.000
   0.000
   0.000
   0.000
   0.000
   0.000
   0.000
   0.000
   0.000
   0.000
   0.000
   0.000
   0.000
   0.000
   0.000
   0.000
   0.000
   0.000
   0.000
   0.000
   0.000
   0.000
   0.000
   0.000
   0.000
   0.000
   0.000
 -65.534
   0.000
   1.982
   2.242
   2.390
   2.501
   2.561
   2.563
   2.503
   2.378
   2.221
   2.056
   1.878
   1.704
   1.534
   1.373
   1.231
   1.131
   1.116
   1.231
   1.483
   1.857
   2.312
   2.763
   3.352
   3.336
   3.099
   2.908
   2.801
   2.747
   2.813
   2.900
   2.996
   3.180
   3.487
   3.624
   3.835
   3.906
   3.984
   4.083
   4.097
   4.118
   4.097
   3.967
   3.938
   3.956
   3.950
   3.942
   4.001
   4.082
   4.150
   4.265
   4.350
   4.461
   4.569
   4.700
   4.764
   4.809
   4.825
   4.799
   4.767
   4.715
   4.647
   4.559
   4.487
   4.412
   4.353
   4.332
   4.182
   0.000
   0.000
   2.160
   2.394
   2.500
   2.596
   2.651
   2.669
   2.633
   2.535
   2.405
   2.255
   2.100
   1.932
   1.763
   1.586
   1.428
   1.303
   1.247
   1.290
   1.446
   1.711
   2.051
   2.397
   2.824
   2.833
   2.690
   2.590
   2.558
   2.609
   2.748
   2.930
   3.132
   3.377
   3.732
   3.992
   4.235
   4.442
   4.547
   4.621
   4.671
   4.664
   4.603
   4.476
   4.418
   4.415
   4.412
   4.477
   4.581
   4.723
   4.870
   5.036
   5.196
   5.357
   5.518
   5.655
   5.753
   5.827
   5.862
   5.855
   5.816
   5.748
   5.650
   5.533
   5.415
   5.303
   5.212
   5.155
   4.973
   0.000
   0.000
   2.182
   2.391
   2.476
   2.546
   2.587
   2.609
   2.593
   2.531
   2.440
   2.328
   2.203
   2.052
   1.888
   1.721
   1.553
   1.411
   1.329
   1.328
   1.421
   1.607
   1.869
   2.140
   2.354
   2.440
   2.337
   2.290
   2.322
   2.422
   2.590
   2.811
   3.089
   3.448
   3.843
   4.175
   4.463
   4.669
   4.841
   4.932
   4.973
   4.962
   4.913
   4.794
   4.689
   4.628
   4.646
   4.715
   4.861
   5.052
   5.239
   5.453
   5.654
   5.855
   6.045
   6.198
   6.334
   6.426
   6.475
   6.451
   6.396
   6.313
   6.197
   6.056
   5.912
   5.787
   5.664
   5.591
   5.374
   0.000
   0.000
   2.189
   2.392
   2.454
   2.500
   2.524
   2.544
   2.536
   2.500
   2.442
   2.365
   2.269
   2.152
   2.010
   1.856
   1.690
   1.549
   1.467
   1.453
   1.508
   1.654
   1.886
   2.096
   2.197
   2.236
   2.131
   2.092
   2.148
   2.320
   2.513
   2.798
   3.141
   3.571
   3.996
   4.391
   4.714
   4.958
   5.133
   5.229
   5.278
   5.267
   5.211
   5.094
   4.955
   4.864
   4.832
   4.913
   5.085
   5.305
   5.550
   5.785
   6.036
   6.268
   6.489
   6.683
   6.823
   6.929
   6.985
   6.968
   6.907
   6.804
   6.670
   6.507
   6.351
   6.198
   6.063
   5.968
   5.718
   0.000
   0.000
   2.203
   2.387
   2.445
   2.479
   2.487
   2.496
   2.489
   2.474
   2.436
   2.383
   2.314
   2.217
   2.101
   1.972
   1.830
   1.707
   1.633
   1.627
   1.678
   1.809
   1.995
   2.152
   2.272
   2.196
   2.084
   2.059
   2.116
   2.351
   2.602
   2.938
   3.313
   3.833
   4.205
   4.632
   4.969
   5.249
   5.438
   5.544
   5.603
   5.581
   5.496
   5.377
   5.215
   5.093
   5.050
   5.120
   5.292
   5.538
   5.816
   6.110
   6.381
   6.654
   6.903
   7.120
   7.287
   7.404
   7.448
   7.426
   7.357
   7.255
   7.097
   6.923
   6.739
   6.574
   6.429
   6.314
   6.043
   0.000
   0.000
   2.203
   2.381
   2.441
   2.478
   2.480
   2.481
   2.479
   2.469
   2.447
   2.417
   2.369
   2.299
   2.210
   2.110
   1.992
   1.896
   1.843
   1.837
   1.888
   1.991
   2.110
   2.204
   2.254
   2.206
   2.213
   2.232
   2.319
   2.543
   2.859
   3.210
   3.615
   4.066
   4.496
   4.923
   5.271
   5.540
   5.746
   5.853
   5.921
   5.918
   5.825
   5.678
   5.512
   5.397
   5.297
   5.312
   5.457
   5.718
   6.022
   6.370
   6.695
   7.013
   7.292
   7.522
   7.697
   7.821
   7.877
   7.853
   7.785
   7.665
   7.494
   7.298
   7.104
   6.921
   6.756
   6.610
   6.321
   0.000
   0.000
   2.170
   2.372
   2.429
   2.471
   2.486
   2.489
   2.492
   2.498
   2.493
   2.482
   2.454
   2.404
   2.341
   2.266
   2.182
   2.102
   2.060
   2.057
   2.097
   2.186
   2.298
   2.392
   2.472
   2.478
   2.492
   2.547
   2.630
   2.812
   3.181
   3.549
   3.951
   4.363
   4.823
   5.207
   5.568
   5.842
   6.041
   6.169
   6.229
   6.227
   6.175
   6.079
   5.919
   5.757
   5.613
   5.554
   5.625
   5.857
   6.185
   6.567
   6.940
   7.297
   7.621
   7.882
   8.077
   8.204
   8.261
   8.231
   8.159
   8.034
   7.839
   7.622
   7.409
   7.210
   7.023
   6.863
   6.544
   0.000
   0.000
   2.087
   2.309
   2.384
   2.445
   2.472
   2.495
   2.509
   2.528
   2.551
   2.562
   2.551
   2.523
   2.484
   2.432
   2.368
   2.309
   2.269
   2.267
   2.311
   2.392
   2.497
   2.610
   2.709
   2.757
   2.772
   2.875
   2.975
   3.143
   3.504
   3.899
   4.287
   4.705
   5.169
   5.537
   5.870
   6.131
   6.343
   6.471
   6.559
   6.594
   6.561
   6.487
   6.377
   6.186
   5.983
   5.878
   5.900
   6.043
   6.334
   6.702
   7.110
   7.504
   7.878
   8.183
   8.404
   8.553
   8.613
   8.592
   8.493
   8.358
   8.148
   7.910
   7.676
   7.458
   7.247
   7.053
   6.726
   0.000
   0.000
   1.947
   2.188
   2.296
   2.382
   2.436
   2.475
   2.513
   2.560
   2.606
   2.642
   2.650
   2.640
   2.614
   2.579
   2.538
   2.498
   2.467
   2.467
   2.504
   2.588
   2.697
   2.836
   2.961
   3.026
   3.093
   3.123
   3.239
   3.519
   3.884
   4.258
   4.620
   5.021
   5.437
   5.808
   6.116
   6.381
   6.579
   6.722
   6.836
   6.900
   6.912
   6.848
   6.755
   6.621
   6.429
   6.249
   6.225
   6.318
   6.540
   6.869
   7.249
   7.663
   8.069
   8.394
   8.644
   8.809
   8.879
   8.850
   8.760
   8.607
   8.388
   8.139
   7.895
   7.662
   7.429
   7.213
   6.861
   0.000
   0.000
   1.751
   2.005
   2.142
   2.259
   2.347
   2.418
   2.481
   2.555
   2.625
   2.683
   2.718
   2.727
   2.720
   2.701
   2.675
   2.651
   2.636
   2.651
   2.694
   2.773
   2.891
   3.038
   3.197
   3.273
   3.318
   3.372
   3.560
   3.889
   4.223
   4.565
   4.906
   5.279
   5.676
   6.022
   6.322
   6.580
   6.792
   6.943
   7.074
   7.137
   7.146
   7.122
   7.044
   6.970
   6.846
   6.670
   6.579
   6.610
   6.796
   7.098
   7.405
   7.796
   8.201
   8.541
   8.776
   8.936
   9.009
   8.982
   8.892
   8.738
   8.513
   8.265
   8.017
   7.776
   7.534
   7.312
   6.951
   0.000
   0.000
   1.558
   1.798
   1.945
   2.090
   2.210
   2.312
   2.404
   2.498
   2.589
   2.667
   2.731
   2.763
   2.785
   2.789
   2.781
   2.778
   2.785
   2.817
   2.870
   2.965
   3.078
   3.236
   3.386
   3.495
   3.547
   3.632
   3.851
   4.156
   4.489
   4.794
   5.102
   5.452
   5.833
   6.167
   6.461
   6.727
   6.945
   7.119
   7.255
   7.320
   7.331
   7.323
   7.274
   7.223
   7.147
   7.019
   6.953
   6.945
   7.095
   7.359
   7.638
   7.979
   8.335
   8.639
   8.868
   9.007
   9.060
   9.035
   8.934
   8.769
   8.548
   8.300
   8.059
   7.819
   7.583
   7.371
   7.005
   0.000
   0.000
   1.420
   1.618
   1.748
   1.888
   2.017
   2.144
   2.261
   2.377
   2.485
   2.584
   2.670
   2.735
   2.787
   2.817
   2.840
   2.861
   2.891
   2.948
   3.025
   3.119
   3.242
   3.398
   3.555
   3.675
   3.752
   3.854
   4.048
   4.328
   4.664
   4.926
   5.219
   5.555
   5.924
   6.261
   6.546
   6.811
   7.041
   7.220
   7.358
   7.425
   7.437
   7.419
   7.407
   7.380
   7.323
   7.257
   7.234
   7.254
   7.382
   7.606
   7.845
   8.134
   8.431
   8.686
   8.887
   9.022
   9.050
   9.006
   8.890
   8.715
   8.499
   8.261
   8.032
   7.803
   7.585
   7.379
   7.021
   0.000
 -65.534
 -65.534
   1.430
   1.575
   1.694
   1.815
   1.941
   2.071
   2.198
   2.324
   2.433
   2.541
   2.633
   2.713
   2.776
   2.836
   2.886
   2.951
   3.037
   3.135
   3.254
   3.387
   3.542
   3.703
   3.838
   3.948
   4.073
   4.229
   4.461
   4.727
   4.993
   5.291
   5.587
   5.923
   6.263
   6.564
   6.831
   7.052
   7.225
   7.350
   7.417
   7.424
   7.418
   7.407
   7.384
   7.366
   7.348
   7.374
   7.433
   7.555
   7.766
   7.987
   8.210
   8.459
   8.666
   8.831
   8.946
   8.966
   8.897
   8.766
   8.581
   8.367
   8.160
   7.948
   7.740
   7.545
   7.352
   6.982
   0.000
 -65.534
 -65.534
 -65.534
   1.354
   1.469
   1.580
   1.699
   1.827
   1.962
   2.096
   2.226
   2.351
   2.461
   2.569
   2.666
   2.757
   2.849
   2.949
   3.062
   3.194
   3.331
   3.483
   3.635
   3.811
   3.962
   4.105
   4.250
   4.389
   4.563
   4.786
   5.028
   5.300
   5.582
   5.924
   6.279
   6.530
   6.794
   7.020
   7.168
   7.271
   7.338
   7.352
   7.338
   7.335
   7.331
   7.328
   7.334
   7.405
   7.502
   7.645
   7.834
   8.037
   8.234
   8.435
   8.607
   8.735
   8.799
   8.805
   8.726
   8.582
   8.402
   8.192
   7.988
   7.807
   7.627
   7.462
   7.288
   6.915
   0.000
 -65.534
 -65.534
 -65.534
 -65.534
   1.215
   1.334
   1.440
   1.557
   1.685
   1.821
   1.961
   2.104
   2.243
   2.369
   2.496
   2.617
   2.737
   2.861
   2.995
   3.142
   3.303
   3.479
   3.656
   3.832
   4.009
   4.180
   4.345
   4.488
   4.637
   4.821
   5.035
   5.281
   5.567
   5.894
   6.209
   6.460
   6.756
   6.942
   7.070
   7.151
   7.189
   7.185
   7.196
   7.217
   7.237
   7.246
   7.288
   7.364
   7.470
   7.644
   7.807
   7.997
   8.190
   8.350
   8.495
   8.591
   8.626
   8.617
   8.529
   8.385
   8.200
   7.995
   7.805
   7.632
   7.490
   7.359
   7.220
   6.837
   0.000
 -65.534
 -65.534
 -65.534
 -65.534
   1.045
   1.125
   1.210
   1.301
   1.410
   1.536
   1.677
   1.824
   1.974
   2.121
   2.268
   2.406
   2.539
   2.678
   2.822
   2.981
   3.153
   3.338
   3.532
   3.726
   3.925
   4.124
   4.321
   4.493
   4.650
   4.822
   5.007
   5.222
   5.473
   5.768
   6.078
   6.358
   6.626
   6.790
   6.925
   6.995
   6.994
   6.980
   6.998
   7.040
   7.095
   7.136
   7.200
   7.272
   7.374
   7.508
   7.681
   7.869
   8.030
   8.184
   8.295
   8.361
   8.377
   8.352
   8.272
   8.151
   7.987
   7.802
   7.621
   7.472
   7.362
   7.258
   7.144
   6.761
   0.000
 -65.534
 -65.534
 -65.534
 -65.534
   0.943
   0.979
   1.033
   1.097
   1.176
   1.281
   1.402
   1.541
   1.686
   1.837
   1.994
   2.150
   2.287
   2.436
   2.586
   2.744
   2.914
   3.091
   3.282
   3.491
   3.702
   3.926
   4.143
   4.348
   4.533
   4.712
   4.896
   5.093
   5.320
   5.583
   5.861
   6.140
   6.397
   6.578
   6.709
   6.760
   6.792
   6.810
   6.812
   6.880
   6.948
   7.009
   7.094
   7.170
   7.251
   7.369
   7.526
   7.689
   7.834
   7.949
   8.027
   8.068
   8.072
   8.041
   7.978
   7.878
   7.751
   7.604
   7.457
   7.347
   7.255
   7.169
   7.057
   6.666
   0.000
 -65.534
 -65.534
 -65.534
 -65.534
   0.963
   0.955
   0.966
   0.977
   1.009
   1.082
   1.176
   1.290
   1.411
   1.554
   1.710
   1.864
   2.013
   2.167
   2.316
   2.460
   2.615
   2.784
   2.962
   3.167
   3.374
   3.606
   3.828
   4.056
   4.273
   4.474
   4.665
   4.850
   5.060
   5.287
   5.528
   5.787
   6.024
   6.224
   6.359
   6.453
   6.531
   6.595
   6.664
   6.747
   6.831
   6.895
   6.977
   7.058
   7.140
   7.240
   7.371
   7.507
   7.628
   7.714
   7.769
   7.791
   7.769
   7.731
   7.668
   7.594
   7.518
   7.428
   7.338
   7.261
   7.181
   7.094
   6.949
   6.537
   0.000
 -65.534
 -65.534
 -65.534
 -65.534
 -65.534
 -65.534
 -65.534
 -65.534
   0.931
   0.968
   1.027
   1.101
   1.190
   1.304
   1.431
   1.569
   1.713
   1.867
   2.030
   2.186
   2.329
   2.475
   2.628
   2.817
   3.026
   3.249
   3.470
   3.700
   3.925
   4.136
   4.327
   4.504
   4.690
   4.888
   5.102
   5.326
   5.555
   5.758
   5.920
   6.061
   6.191
   6.312
   6.450
   6.582
   6.676
   6.758
   6.857
   6.945
   7.005
   7.100
   7.212
   7.330
   7.423
   7.491
   7.521
   7.515
   7.482
   7.435
   7.375
   7.322
   7.290
   7.262
   7.231
   7.175
   7.102
   7.001
   6.838
   6.402
   0.000
 -65.534
 -65.534
 -65.534
 -65.534
 -65.534
 -65.534
   0.380
   0.677
   0.922
   0.914
   0.939
   0.973
   1.023
   1.094
   1.189
   1.306
   1.442
   1.597
   1.763
   1.915
   2.061
   2.198
   2.350
   2.519
   2.705
   2.920
   3.147
   3.371
   3.592
   3.793
   3.966
   4.128
   4.287
   4.460
   4.651
   4.848
   5.056
   5.259
   5.456
   5.643
   5.828
   6.006
   6.181
   6.349
   6.482
   6.594
   6.679
   6.752
   6.846
   6.957
   7.056
   7.152
   7.217
   7.255
   7.261
   7.237
   7.197
   7.138
   7.070
   7.032
   7.043
   7.079
   7.099
   7.064
   6.992
   6.873
   6.706
   6.204
   0.000
 -65.534
 -65.534
 -65.534
 -65.534
 -65.534
 -65.534
 -65.534
 -65.534
 -65.534
   0.918
   0.910
   0.921
   0.943
   0.973
   1.016
   1.106
   1.232
   1.378
   1.537
   1.695
   1.829
   1.959
   2.107
   2.276
   2.466
   2.664
   2.873
   3.084
   3.282
   3.460
   3.618
   3.763
   3.913
   4.073
   4.242
   4.417
   4.608
   4.808
   5.013
   5.230
   5.454
   5.678
   5.890
   6.068
   6.222
   6.347
   6.461
   6.546
   6.638
   6.727
   6.813
   6.883
   6.929
   6.949
   6.937
   6.901
   6.846
   6.777
   6.712
   6.702
   6.750
   6.836
   6.889
   6.862
   6.791
   6.684
   6.493
   5.950
   0.000
 -65.534
 -65.534
 -65.534
 -65.534
 -65.534
 -65.534
 -65.534
 -65.534
 -65.534
 -65.534
 -65.534
 -65.534
 -65.534
 -65.534
 -65.534
   1.023
   1.119
   1.219
   1.333
   1.507
   1.639
   1.766
   1.905
   2.064
   2.251
   2.448
   2.649
   2.832
   3.013
   3.180
   3.326
   3.457
   3.590
   3.741
   3.901
   4.067
   4.248
   4.440
   4.667
   4.899
   5.130
   5.359
   5.572
   5.768
   5.942
   6.084
   6.206
   6.309
   6.395
   6.480
   6.553
   6.604
   6.633
   6.629
   6.585
   6.516
   6.437
   6.359
   6.305
   6.326
   6.420
   6.524
   6.591
   6.586
   6.537
   6.417
   6.219
   5.634
   0.000
 -65.534
 -65.534
 -65.534
 -65.534
 -65.534
 -65.534
 -65.534
 -65.534
 -65.534
 -65.534
 -65.534
 -65.534
 -65.534
 -65.534
 -65.534
 -65.534
 -65.534
 -65.534
 -65.534
   1.368
   1.494
   1.608
   1.741
   1.893
   2.063
   2.253
   2.444
   2.635
   2.807
   2.955
   3.095
   3.231
   3.370
   3.519
   3.679
   3.840
   4.011
   4.191
   4.388
   4.608
   4.832
   5.060
   5.280
   5.479
   5.654
   5.798
   5.921
   6.033
   6.123
   6.191
   6.248
   6.291
   6.301
   6.270
   6.194
   6.085
   5.970
   5.887
   5.858
   5.916
   6.040
   6.154
   6.243
   6.259
   6.202
   6.091
   5.890
   5.291
   0.000
 -65.534
 -65.534
 -65.534
 -65.534
 -65.534
 -65.534
 -65.534
 -65.534
 -65.534
 -65.534
 -65.534
 -65.534
 -65.534
 -65.534
 -65.534
 -65.534
 -65.534
 -65.534
   0.845
   1.367
   1.413
   1.512
   1.636
   1.778
   1.934
   2.106
   2.292
   2.482
   2.658
   2.815
   2.952
   3.090
   3.232
   3.385
   3.544
   3.696
   3.852
   4.012
   4.182
   4.375
   4.588
   4.813
   5.022
   5.211
   5.365
   5.485
   5.584
   5.675
   5.760
   5.831
   5.891
   5.928
   5.928
   5.870
   5.749
   5.588
   5.454
   5.370
   5.369
   5.456
   5.584
   5.704
   5.797
   5.826
   5.783
   5.677
   5.493
   4.901
   0.000
 -65.534
 -65.534
 -65.534
 -65.534
 -65.534
 -65.534
 -65.534
 -65.534
 -65.534
 -65.534
 -65.534
 -65.534
 -65.534
 -65.534
 -65.534
 -65.534
 -65.534
   0.665
   1.210
   1.352
   1.409
   1.481
   1.581
   1.713
   1.854
   2.014
   2.189
   2.370
   2.549
   2.715
   2.859
   2.990
   3.134
   3.277
   3.417
   3.557
   3.690
   3.834
   3.978
   4.149
   4.350
   4.562
   4.765
   4.936
   5.063
   5.155
   5.227
   5.287
   5.346
   5.410
   5.466
   5.502
   5.488
   5.401
   5.267
   5.103
   4.956
   4.882
   4.899
   4.997
   5.112
   5.221
   5.310
   5.336
   5.304
   5.210
   5.046
   4.492
   0.000
 -65.534
 -65.534
 -65.534
 -65.534
 -65.534
 -65.534
 -65.534
 -65.534
 -65.534
 -65.534
 -65.534
 -65.534
 -65.534
 -65.534
 -65.534
 -65.534
 -65.534
   0.959
   1.285
   1.373
   1.435
   1.492
   1.569
   1.672
   1.803
   1.942
   2.107
   2.285
   2.464
   2.631
   2.777
   2.896
   3.024
   3.148
   3.266
   3.381
   3.493
   3.610
   3.741
   3.893
   4.069
   4.266
   4.456
   4.608
   4.711
   4.781
   4.822
   4.864
   4.908
   4.956
   5.005
   5.070
   5.077
   4.996
   4.866
   4.705
   4.542
   4.455
   4.464
   4.535
   4.637
   4.732
   4.806
   4.835
   4.804
   4.737
   4.595
   4.068
   0.000
 -65.534
 -65.534
 -65.534
 -65.534
 -65.534
 -65.534
 -65.534
 -65.534
 -65.534
 -65.534
 -65.534
 -65.534
 -65.534
 -65.534
 -65.534
 -65.534
 -65.534
   1.090
   1.324
   1.428
   1.482
   1.528
   1.574
   1.644
   1.754
   1.880
   2.030
   2.206
   2.383
   2.546
   2.685
   2.792
   2.904
   3.006
   3.104
   3.194
   3.279
   3.376
   3.488
   3.622
   3.780
   3.950
   4.110
   4.235
   4.315
   4.364
   4.385
   4.412
   4.441
   4.469
   4.512
   4.576
   4.588
   4.554
   4.477
   4.357
   4.218
   4.126
   4.105
   4.136
   4.191
   4.250
   4.298
   4.316
   4.282
   4.217
   4.105
   3.666
   0.000
 -65.534
 -65.534
 -65.534
 -65.534
 -65.534
 -65.534
 -65.534
 -65.534
 -65.534
 -65.534
 -65.534
 -65.534
 -65.534
 -65.534
 -65.534
 -65.534
 -65.534
   1.211
   1.360
   1.459
   1.513
   1.547
   1.580
   1.625
   1.711
   1.830
   1.961
   2.115
   2.281
   2.443
   2.581
   2.675
   2.775
   2.866
   2.945
   3.018
   3.087
   3.169
   3.262
   3.383
   3.514
   3.648
   3.768
   3.865
   3.919
   3.933
   3.941
   3.956
   3.970
   3.981
   4.018
   4.071
   4.104
   4.115
   4.099
   4.041
   3.957
   3.857
   3.821
   3.810
   3.815
   3.826
   3.828
   3.818
   3.777
   3.730
   3.659
   3.257
   0.000
 -65.534
 -65.534
 -65.534
 -65.534
 -65.534
 -65.534
 -65.534
 -65.534
 -65.534
 -65.534
 -65.534
 -65.534
 -65.534
 -65.534
 -65.534
 -65.534
 -65.534
 -65.534
   1.386
   1.479
   1.532
   1.561
   1.582
   1.615
   1.674
   1.767
   1.885
   2.024
   2.175
   2.330
   2.460
   2.539
   2.621
   2.697
   2.767
   2.840
   2.907
   2.978
   3.067
   3.165
   3.266
   3.362
   3.430
   3.492
   3.526
   3.545
   3.541
   3.528
   3.515
   3.520
   3.539
   3.592
   3.632
   3.667
   3.689
   3.692
   3.648
   3.593
   3.555
   3.526
   3.509
   3.488
   3.458
   3.416
   3.365
   3.301
   3.227
   2.883
   0.000
 -65.534
 -65.534
 -65.534
 -65.534
 -65.534
 -65.534
 -65.534
 -65.534
 -65.534
 -65.534
 -65.534
 -65.534
 -65.534
 -65.534
 -65.534
 -65.534
 -65.534
 -65.534
 -65.534
   1.470
   1.528
   1.552
   1.560
   1.593
   1.649
   1.721
   1.816
   1.927
   2.069
   2.196
   2.298
   2.378
   2.450
   2.514
   2.581
   2.646
   2.653
   2.709
   2.789
   2.877
   3.004
   3.073
   3.132
   3.174
   3.193
   3.189
   3.175
   3.155
   3.132
   3.130
   3.118
   3.156
   3.187
   3.211
   3.237
   3.258
   3.263
   3.256
   3.237
   3.224
   3.217
   3.202
   3.164
   3.107
   3.037
   2.948
   2.846
   2.517
   0.000
 -65.534
 -65.534
 -65.534
 -65.534
 -65.534
 -65.534
 -65.534
 -65.534
 -65.534
 -65.534
 -65.534
 -65.534
 -65.534
 -65.534
 -65.534
 -65.534
 -65.534
 -65.534
 -65.534
 -65.534
   1.450
   1.498
   1.535
   1.576
   1.634
   1.703
   1.783
   1.871
   1.973
   2.071
   2.146
   2.233
   2.299
   2.355
   2.382
   2.260
 -65.534
 -65.534
 -65.534
 -65.534
   2.531
   2.742
   2.868
   2.889
   2.890
   2.876
   2.855
   2.825
   2.797
   2.779
   2.775
   2.796
   2.816
   2.831
   2.861
   2.878
   2.889
   2.899
   2.910
   2.914
   2.915
   2.898
   2.857
   2.793
   2.726
   2.636
   2.524
   2.192
   0.000
 -65.534
 -65.534
 -65.534
 -65.534
 -65.534
 -65.534
 -65.534
 -65.534
 -65.534
 -65.534
 -65.534
 -65.534
 -65.534
 -65.534
 -65.534
 -65.534
 -65.534
 -65.534
 -65.534
 -65.534
 -65.534
 -65.534
 -65.534
 -65.534
   1.586
   1.665
   1.737
   1.818
   1.899
   1.966
   2.023
   2.093
   2.154
   2.190
   2.154
   1.969
 -65.534
 -65.534
 -65.534
 -65.534
 -65.534
 -65.534
   2.416
   2.639
   2.654
   2.634
   2.588
   2.562
   2.537
   2.528
   2.533
   2.531
   2.537
   2.547
   2.556
   2.567
   2.577
   2.582
   2.591
   2.586
   2.564
   2.542
   2.499
   2.433
   2.357
   2.283
   2.168
   1.862
   0.000
 -65.534
 -65.534
 -65.534
 -65.534
 -65.534
 -65.534
 -65.534
 -65.534
 -65.534
 -65.534
 -65.534
 -65.534
 -65.534
 -65.534
 -65.534
 -65.534
 -65.534
 -65.534
 -65.534
 -65.534
 -65.534
 -65.534
 -65.534
 -65.534
   1.504
   1.582
   1.656
   1.733
   1.808
   1.878
   1.914
   1.963
   2.006
   2.008
   1.946
   1.800
 -65.534
 -65.534
 -65.534
 -65.534
 -65.534
 -65.534
 -65.534
   2.275
   2.402
   2.377
   2.389
   2.350
   2.325
   2.292
   2.284
   2.283
   2.291
   2.290
   2.297
   2.294
   2.285
   2.271
   2.258
   2.244
   2.220
   2.186
   2.135
   2.066
   1.983
   1.887
   1.782
   1.513
   0.000
 -65.534
 -65.534
 -65.534
 -65.534
 -65.534
 -65.534
 -65.534
 -65.534
 -65.534
 -65.534
 -65.534
 -65.534
 -65.534
 -65.534
 -65.534
 -65.534
 -65.534
 -65.534
 -65.534
 -65.534
 -65.534
 -65.534
 -65.534
 -65.534
 -65.534
 -65.534
 -65.534
 -65.534
 -65.534
   1.744
   1.801
   1.824
   1.865
   1.844
   1.775
   1.622
   0.721
 -65.534
 -65.534
 -65.534
 -65.534
 -65.534
 -65.534
   1.856
   2.000
 -65.534
   1.922
   2.050
   2.081
   2.149
   2.145
   2.138
   2.116
   2.095
   2.071
   2.046
   2.022
   1.993
   1.969
   1.938
   1.897
   1.845
   1.774
   1.687
   1.594
   1.493
   1.388
   1.169
   0.000
 -65.534
 -65.534
 -65.534
 -65.534
 -65.534
 -65.534
 -65.534
 -65.534
 -65.534
 -65.534
 -65.534
 -65.534
 -65.534
 -65.534
 -65.534
 -65.534
 -65.534
 -65.534
 -65.534
 -65.534
 -65.534
 -65.534
 -65.534
 -65.534
 -65.534
 -65.534
 -65.534
 -65.534
 -65.534
 -65.534
 -65.534
 -65.534
   1.725
   1.715
   1.650
   1.490
   0.887
   0.470
 -65.534
 -65.534
 -65.534
 -65.534
 -65.534
 -65.534
 -65.534
 -65.534
 -65.534
 -65.534
 -65.534
   1.673
   1.882
   1.928
   2.006
   1.957
   1.904
   1.839
   1.789
   1.747
   1.701
   1.649
   1.586
   1.511
   1.424
   1.328
   1.239
   1.142
   1.051
   0.885
   0.000
 -65.534
 -65.534
 -65.534
 -65.534
 -65.534
 -65.534
 -65.534
 -65.534
 -65.534
 -65.534
 -65.534
 -65.534
 -65.534
 -65.534
 -65.534
 -65.534
 -65.534
 -65.534
 -65.534
 -65.534
 -65.534
 -65.534
 -65.534
 -65.534
 -65.534
 -65.534
 -65.534
 -65.534
 -65.534
 -65.534
 -65.534
 -65.534
   1.599
   1.592
   1.528
   1.363
   0.966
   0.582
   0.367
   0.290
 -65.534
 -65.534
 -65.534
 -65.534
 -65.534
 -65.534
 -65.534
 -65.534
 -65.534
 -65.534
 -65.534
 -65.534
   1.441
   1.612
   1.604
   1.647
   1.580
   1.504
   1.433
   1.364
   1.279
   1.187
   1.096
   1.003
   0.920
   0.848
   0.796
   0.696
   0.000
 -65.534
 -65.534
 -65.534
 -65.534
 -65.534
 -65.534
 -65.534
 -65.534
 -65.534
 -65.534
 -65.534
 -65.534
 -65.534
 -65.534
 -65.534
 -65.534
 -65.534
 -65.534
 -65.534
 -65.534
 -65.534
 -65.534
 -65.534
 -65.534
 -65.534
 -65.534
 -65.534
 -65.534
 -65.534
 -65.534
 -65.534
 -65.534
 -65.534
 -65.534
 -65.534
 -65.534
   0.806
   0.591
   0.401
   0.295
   0.252
   0.211
   0.187
   0.197
   0.206
 -65.534
 -65.534
 -65.534
 -65.534
 -65.534
 -65.534
 -65.534
 -65.534
 -65.534
 -65.534
   1.109
   1.283
   1.252
   1.181
   1.087
   0.988
   0.896
   0.806
   0.721
   0.651
   0.609
   0.593
   0.558
   0.000
 -65.534
 -65.534
 -65.534
 -65.534
 -65.534
 -65.534
 -65.534
 -65.534
 -65.534
 -65.534
 -65.534
 -65.534
 -65.534
 -65.534
 -65.534
 -65.534
 -65.534
 -65.534
 -65.534
 -65.534
 -65.534
 -65.534
 -65.534
 -65.534
 -65.534
 -65.534
 -65.534
 -65.534
 -65.534
 -65.534
 -65.534
 -65.534
 -65.534
 -65.534
 -65.534
 -65.534
 -65.534
 -65.534
 -65.534
 -65.534
   0.160
 -65.534
 -65.534
 -65.534
 -65.534
 -65.534
 -65.534
 -65.534
 -65.534
 -65.534
 -65.534
 -65.534
 -65.534
 -65.534
 -65.534
   0.543
   0.832
   0.898
   0.860
   0.841
   0.743
   0.605
   0.513
   0.450
   0.410
   0.404
   0.418
   0.427
   0.000
 -65.534
 -65.534
 -65.534
 -65.534
 -65.534
 -65.534
 -65.534
 -65.534
 -65.534
 -65.534
 -65.534
 -65.534
 -65.534
 -65.534
 -65.534
 -65.534
 -65.534
 -65.534
 -65.534
 -65.534
 -65.534
 -65.534
 -65.534
 -65.534
 -65.534
 -65.534
 -65.534
 -65.534
 -65.534
 -65.534
 -65.534
 -65.534
 -65.534
 -65.534
 -65.534
 -65.534
 -65.534
 -65.534
 -65.534
 -65.534
 -65.534
 -65.534
 -65.534
 -65.534
 -65.534
 -65.534
 -65.534
 -65.534
 -65.534
 -65.534
 -65.534
 -65.534
 -65.534
 -65.534
 -65.534
 -65.534
 -65.534
 -65.534
 -65.534
   0.332
   0.424
   0.374
   0.295
   0.253
   0.235
   0.252
   0.308
   0.324
   0.000
 -65.534
 -65.534
 -65.534
 -65.534
 -65.534
 -65.534
 -65.534
 -65.534
 -65.534
 -65.534
 -65.534
 -65.534
 -65.534
 -65.534
 -65.534
 -65.534
 -65.534
 -65.534
 -65.534
 -65.534
 -65.534
 -65.534
 -65.534
 -65.534
 -65.534
 -65.534
 -65.534
 -65.534
 -65.534
 -65.534
 -65.534
 -65.534
 -65.534
 -65.534
 -65.534
 -65.534
 -65.534
 -65.534
 -65.534
 -65.534
 -65.534
 -65.534
 -65.534
 -65.534
 -65.534
 -65.534
 -65.534
 -65.534
 -65.534
 -65.534
 -65.534
 -65.534
 -65.534
 -65.534
 -65.534
 -65.534
 -65.534
 -65.534
 -65.534
 -65.534
 -65.534
   0.000
   0.000
   0.000
   0.000
   0.000
   0.000
   0.000
 -65.534
