 -65.534
   0.000
   0.000
   0.000
   0.000
   0.000
   0.000
   0.000
   0.000
   0.000
   0.000
   0.000
   0.000
   0.000
   0.000
   0.000
   0.000
   0.000
   0.000
   0.000
   0.000
   0.000
   0.000
   0.000
   0.000
   0.000
   0.000
   0.000
   0.000
   0.000
   0.000
   0.000
   0.000
   0.000
   0.000
   0.000
   0.000
   0.000
   0.000
   0.000
   0.000
   0.000
   0.000
   0.000
   0.000
   0.000
   0.000
   0.000
   0.000
   0.000
   0.000
   0.000
   0.000
   0.000
   0.000
   0.000
   0.000
   0.000
   0.000
   0.000
   0.000
   0.000
   0.000
   0.000
   0.000
   0.000
   0.000
   0.000
 -65.534
   0.000
   1.375
   1.557
   1.657
   1.768
   1.874
   1.977
   2.082
   2.191
   2.301
   2.418
   2.532
   2.639
   2.735
   2.811
   2.880
   2.925
   2.964
   2.991
   3.009
   3.016
   3.011
   3.003
   2.985
   2.983
   2.974
   2.952
   2.914
   2.864
   2.811
   2.764
   2.723
   2.675
   2.619
   2.568
   2.491
   2.414
   2.332
   2.245
   2.166
   2.098
   2.043
   1.995
   1.933
   1.848
   1.749
   1.645
   1.543
   1.455
   1.388
   1.336
   1.311
   1.316
   1.345
   1.420
   1.502
   1.588
   1.675
   1.761
   1.862
   1.955
   2.055
   2.155
   2.244
   2.305
   2.360
   2.411
   2.384
   0.000
   0.000
   1.510
   1.672
   1.755
   1.860
   1.966
   2.075
   2.186
   2.289
   2.399
   2.507
   2.621
   2.727
   2.822
   2.898
   2.964
   3.020
   3.068
   3.103
   3.125
   3.134
   3.129
   3.122
   3.102
   3.093
   3.078
   3.058
   3.032
   2.991
   2.956
   2.926
   2.899
   2.872
   2.841
   2.797
   2.736
   2.652
   2.563
   2.469
   2.382
   2.310
   2.252
   2.201
   2.142
   2.054
   1.950
   1.851
   1.762
   1.687
   1.625
   1.577
   1.548
   1.544
   1.567
   1.620
   1.694
   1.783
   1.886
   1.990
   2.108
   2.234
   2.361
   2.488
   2.611
   2.720
   2.801
   2.872
   2.857
   0.000
   0.000
   1.521
   1.663
   1.731
   1.822
   1.921
   2.026
   2.131
   2.234
   2.336
   2.440
   2.542
   2.644
   2.735
   2.807
   2.869
   2.923
   2.969
   3.006
   3.037
   3.054
   3.062
   3.068
   3.064
   3.050
   3.039
   3.021
   2.995
   2.965
   2.939
   2.921
   2.912
   2.902
   2.889
   2.859
   2.807
   2.736
   2.647
   2.553
   2.461
   2.387
   2.320
   2.262
   2.199
   2.118
   2.026
   1.936
   1.859
   1.797
   1.741
   1.696
   1.664
   1.653
   1.668
   1.703
   1.761
   1.841
   1.933
   2.041
   2.164
   2.300
   2.439
   2.583
   2.731
   2.860
   2.968
   3.059
   3.057
   0.000
   0.000
   1.531
   1.658
   1.707
   1.782
   1.868
   1.960
   2.058
   2.154
   2.249
   2.345
   2.440
   2.534
   2.617
   2.687
   2.740
   2.786
   2.825
   2.861
   2.898
   2.929
   2.954
   2.976
   2.992
   2.988
   2.985
   2.973
   2.953
   2.929
   2.914
   2.904
   2.896
   2.896
   2.895
   2.880
   2.842
   2.783
   2.704
   2.611
   2.524
   2.448
   2.378
   2.319
   2.256
   2.185
   2.109
   2.036
   1.969
   1.914
   1.859
   1.815
   1.785
   1.769
   1.772
   1.791
   1.828
   1.880
   1.954
   2.048
   2.166
   2.303
   2.450
   2.606
   2.768
   2.920
   3.049
   3.160
   3.180
   0.000
   0.000
   1.536
   1.648
   1.689
   1.752
   1.823
   1.902
   1.986
   2.074
   2.165
   2.252
   2.337
   2.417
   2.486
   2.544
   2.588
   2.624
   2.656
   2.690
   2.730
   2.773
   2.811
   2.852
   2.884
   2.908
   2.917
   2.911
   2.901
   2.882
   2.873
   2.866
   2.861
   2.865
   2.868
   2.861
   2.835
   2.786
   2.718
   2.635
   2.553
   2.483
   2.420
   2.360
   2.303
   2.242
   2.178
   2.118
   2.066
   2.018
   1.971
   1.928
   1.898
   1.882
   1.878
   1.881
   1.892
   1.919
   1.963
   2.034
   2.141
   2.274
   2.424
   2.588
   2.761
   2.923
   3.068
   3.200
   3.244
   0.000
   0.000
   1.529
   1.634
   1.674
   1.724
   1.781
   1.848
   1.925
   2.007
   2.087
   2.166
   2.237
   2.305
   2.362
   2.403
   2.434
   2.465
   2.488
   2.521
   2.561
   2.609
   2.662
   2.721
   2.775
   2.814
   2.832
   2.837
   2.836
   2.828
   2.821
   2.815
   2.812
   2.812
   2.814
   2.812
   2.795
   2.761
   2.704
   2.633
   2.562
   2.500
   2.447
   2.394
   2.340
   2.284
   2.229
   2.176
   2.135
   2.098
   2.058
   2.023
   1.997
   1.979
   1.969
   1.964
   1.958
   1.963
   1.980
   2.022
   2.113
   2.244
   2.390
   2.549
   2.720
   2.891
   3.049
   3.194
   3.264
   0.000
   0.000
   1.511
   1.616
   1.654
   1.702
   1.749
   1.808
   1.873
   1.946
   2.017
   2.087
   2.150
   2.207
   2.252
   2.282
   2.305
   2.326
   2.346
   2.376
   2.412
   2.460
   2.519
   2.584
   2.648
   2.697
   2.727
   2.748
   2.753
   2.750
   2.748
   2.748
   2.744
   2.739
   2.738
   2.737
   2.727
   2.703
   2.663
   2.611
   2.555
   2.507
   2.462
   2.418
   2.372
   2.318
   2.259
   2.211
   2.174
   2.142
   2.117
   2.093
   2.073
   2.056
   2.041
   2.026
   2.014
   2.002
   2.001
   2.029
   2.105
   2.218
   2.356
   2.511
   2.683
   2.857
   3.023
   3.175
   3.270
   0.000
   0.000
   1.466
   1.578
   1.619
   1.671
   1.720
   1.772
   1.826
   1.888
   1.955
   2.016
   2.072
   2.117
   2.155
   2.179
   2.196
   2.210
   2.230
   2.255
   2.288
   2.331
   2.386
   2.451
   2.516
   2.573
   2.611
   2.640
   2.655
   2.658
   2.658
   2.662
   2.660
   2.656
   2.654
   2.649
   2.640
   2.626
   2.598
   2.567
   2.535
   2.504
   2.470
   2.435
   2.393
   2.347
   2.289
   2.240
   2.202
   2.175
   2.155
   2.138
   2.123
   2.108
   2.094
   2.076
   2.054
   2.035
   2.026
   2.035
   2.100
   2.203
   2.335
   2.486
   2.657
   2.831
   3.002
   3.160
   3.265
   0.000
   0.000
   1.392
   1.509
   1.562
   1.620
   1.670
   1.720
   1.773
   1.834
   1.893
   1.950
   1.998
   2.038
   2.068
   2.090
   2.101
   2.115
   2.131
   2.154
   2.185
   2.227
   2.275
   2.335
   2.395
   2.448
   2.491
   2.525
   2.547
   2.559
   2.566
   2.572
   2.571
   2.569
   2.572
   2.568
   2.560
   2.551
   2.534
   2.517
   2.504
   2.495
   2.474
   2.446
   2.414
   2.372
   2.321
   2.270
   2.233
   2.207
   2.186
   2.163
   2.154
   2.142
   2.127
   2.103
   2.078
   2.053
   2.034
   2.039
   2.090
   2.192
   2.323
   2.476
   2.641
   2.816
   2.993
   3.156
   3.273
   0.000
   0.000
   1.309
   1.424
   1.480
   1.547
   1.607
   1.657
   1.712
   1.768
   1.824
   1.880
   1.927
   1.965
   1.991
   2.010
   2.024
   2.034
   2.050
   2.071
   2.099
   2.135
   2.179
   2.233
   2.288
   2.337
   2.381
   2.416
   2.442
   2.465
   2.482
   2.493
   2.496
   2.498
   2.504
   2.508
   2.506
   2.499
   2.487
   2.477
   2.475
   2.475
   2.464
   2.445
   2.418
   2.385
   2.342
   2.298
   2.258
   2.232
   2.208
   2.183
   2.178
   2.162
   2.140
   2.111
   2.083
   2.055
   2.029
   2.026
   2.071
   2.172
   2.310
   2.463
   2.635
   2.817
   2.997
   3.165
   3.289
   0.000
   0.000
   1.239
   1.341
   1.395
   1.458
   1.518
   1.581
   1.639
   1.693
   1.750
   1.803
   1.854
   1.892
   1.923
   1.943
   1.958
   1.968
   1.981
   1.998
   2.022
   2.055
   2.094
   2.145
   2.194
   2.244
   2.287
   2.326
   2.363
   2.392
   2.418
   2.438
   2.449
   2.458
   2.467
   2.477
   2.481
   2.477
   2.467
   2.455
   2.452
   2.455
   2.451
   2.435
   2.410
   2.377
   2.345
   2.307
   2.277
   2.251
   2.226
   2.203
   2.193
   2.171
   2.150
   2.117
   2.076
   2.039
   2.016
   2.014
   2.054
   2.153
   2.289
   2.454
   2.638
   2.831
   3.017
   3.186
   3.310
   0.000
   0.000
   1.159
   1.280
   1.316
   1.366
   1.420
   1.484
   1.545
   1.604
   1.662
   1.718
   1.766
   1.812
   1.847
   1.872
   1.890
   1.904
   1.917
   1.931
   1.953
   1.984
   2.020
   2.066
   2.114
   2.166
   2.215
   2.265
   2.309
   2.347
   2.380
   2.408
   2.425
   2.441
   2.458
   2.471
   2.477
   2.471
   2.459
   2.446
   2.438
   2.440
   2.435
   2.424
   2.399
   2.367
   2.335
   2.305
   2.279
   2.257
   2.238
   2.220
   2.212
   2.192
   2.163
   2.120
   2.071
   2.026
   2.003
   2.009
   2.050
   2.139
   2.272
   2.444
   2.642
   2.846
   3.039
   3.209
   3.325
   0.000
 -65.534
 -65.534
   1.156
   1.244
   1.272
   1.320
   1.378
   1.438
   1.498
   1.557
   1.614
   1.666
   1.713
   1.754
   1.786
   1.811
   1.827
   1.845
   1.862
   1.886
   1.915
   1.950
   1.995
   2.047
   2.100
   2.160
   2.216
   2.270
   2.314
   2.356
   2.393
   2.417
   2.440
   2.461
   2.472
   2.474
   2.467
   2.450
   2.433
   2.425
   2.420
   2.416
   2.405
   2.380
   2.354
   2.322
   2.292
   2.269
   2.249
   2.239
   2.227
   2.212
   2.194
   2.158
   2.111
   2.059
   2.013
   1.994
   2.009
   2.063
   2.148
   2.276
   2.457
   2.661
   2.872
   3.066
   3.237
   3.341
   0.000
 -65.534
 -65.534
 -65.534
   1.102
   1.179
   1.221
   1.277
   1.332
   1.384
   1.436
   1.493
   1.545
   1.593
   1.635
   1.673
   1.705
   1.728
   1.754
   1.777
   1.806
   1.841
   1.880
   1.930
   1.986
   2.047
   2.113
   2.179
   2.238
   2.291
   2.337
   2.377
   2.411
   2.437
   2.453
   2.461
   2.469
   2.463
   2.439
   2.418
   2.402
   2.392
   2.390
   2.377
   2.351
   2.325
   2.294
   2.262
   2.242
   2.233
   2.225
   2.221
   2.209
   2.189
   2.149
   2.094
   2.045
   2.013
   1.999
   2.022
   2.082
   2.178
   2.305
   2.470
   2.674
   2.881
   3.077
   3.255
   3.350
   0.000
 -65.534
 -65.534
 -65.534
 -65.534
   1.049
   1.119
   1.165
   1.209
   1.256
   1.310
   1.364
   1.409
   1.457
   1.502
   1.543
   1.578
   1.610
   1.639
   1.668
   1.702
   1.744
   1.793
   1.850
   1.919
   1.986
   2.062
   2.133
   2.197
   2.257
   2.305
   2.347
   2.381
   2.405
   2.423
   2.434
   2.439
   2.430
   2.421
   2.398
   2.375
   2.365
   2.354
   2.340
   2.314
   2.286
   2.257
   2.227
   2.209
   2.206
   2.206
   2.211
   2.205
   2.182
   2.149
   2.101
   2.055
   2.032
   2.033
   2.064
   2.134
   2.227
   2.347
   2.499
   2.688
   2.882
   3.077
   3.251
   3.336
   0.000
 -65.534
 -65.534
 -65.534
 -65.534
   0.953
   1.012
   1.052
   1.087
   1.127
   1.173
   1.225
   1.275
   1.324
   1.365
   1.409
   1.445
   1.480
   1.513
   1.547
   1.582
   1.626
   1.682
   1.746
   1.819
   1.897
   1.979
   2.056
   2.128
   2.190
   2.242
   2.286
   2.318
   2.344
   2.363
   2.379
   2.387
   2.386
   2.377
   2.350
   2.331
   2.317
   2.304
   2.288
   2.263
   2.234
   2.209
   2.187
   2.176
   2.178
   2.188
   2.198
   2.199
   2.193
   2.169
   2.141
   2.113
   2.103
   2.112
   2.143
   2.206
   2.290
   2.397
   2.532
   2.700
   2.878
   3.057
   3.224
   3.292
   0.000
 -65.534
 -65.534
 -65.534
 -65.534
   0.872
   0.920
   0.950
   0.979
   1.008
   1.050
   1.098
   1.143
   1.190
   1.236
   1.280
   1.315
   1.347
   1.382
   1.416
   1.456
   1.501
   1.556
   1.619
   1.691
   1.771
   1.851
   1.935
   2.013
   2.082
   2.139
   2.187
   2.220
   2.246
   2.270
   2.291
   2.304
   2.311
   2.306
   2.285
   2.258
   2.235
   2.218
   2.211
   2.191
   2.167
   2.148
   2.134
   2.131
   2.145
   2.168
   2.184
   2.201
   2.214
   2.215
   2.212
   2.205
   2.203
   2.214
   2.245
   2.293
   2.360
   2.445
   2.561
   2.706
   2.864
   3.029
   3.181
   3.230
   0.000
 -65.534
 -65.534
 -65.534
 -65.534
   0.806
   0.837
   0.864
   0.890
   0.920
   0.951
   0.993
   1.036
   1.077
   1.118
   1.158
   1.194
   1.225
   1.260
   1.296
   1.333
   1.374
   1.426
   1.482
   1.553
   1.628
   1.707
   1.788
   1.866
   1.939
   2.002
   2.056
   2.091
   2.123
   2.148
   2.170
   2.192
   2.208
   2.208
   2.194
   2.172
   2.143
   2.124
   2.114
   2.099
   2.089
   2.089
   2.088
   2.094
   2.115
   2.144
   2.173
   2.205
   2.240
   2.267
   2.284
   2.300
   2.316
   2.329
   2.353
   2.387
   2.436
   2.503
   2.592
   2.717
   2.860
   3.009
   3.150
   3.175
   0.000
 -65.534
 -65.534
 -65.534
 -65.534
 -65.534
 -65.534
 -65.534
 -65.534
   0.837
   0.884
   0.916
   0.948
   0.982
   1.020
   1.051
   1.082
   1.116
   1.156
   1.194
   1.231
   1.267
   1.308
   1.354
   1.417
   1.491
   1.567
   1.642
   1.716
   1.785
   1.850
   1.905
   1.947
   1.980
   2.008
   2.033
   2.059
   2.079
   2.090
   2.087
   2.074
   2.056
   2.040
   2.028
   2.024
   2.032
   2.036
   2.043
   2.062
   2.098
   2.136
   2.178
   2.223
   2.272
   2.321
   2.365
   2.403
   2.430
   2.445
   2.464
   2.486
   2.516
   2.563
   2.629
   2.738
   2.872
   3.012
   3.140
   3.141
   0.000
 -65.534
 -65.534
 -65.534
 -65.534
 -65.534
 -65.534
   0.581
   0.667
   0.795
   0.832
   0.858
   0.880
   0.910
   0.937
   0.966
   0.992
   1.027
   1.070
   1.112
   1.149
   1.181
   1.208
   1.251
   1.300
   1.356
   1.431
   1.505
   1.576
   1.646
   1.709
   1.762
   1.805
   1.838
   1.868
   1.893
   1.919
   1.944
   1.959
   1.965
   1.966
   1.960
   1.958
   1.958
   1.965
   1.981
   1.993
   2.015
   2.049
   2.088
   2.130
   2.183
   2.241
   2.306
   2.374
   2.445
   2.501
   2.539
   2.561
   2.575
   2.578
   2.580
   2.600
   2.653
   2.749
   2.885
   3.024
   3.147
   3.113
   0.000
 -65.534
 -65.534
 -65.534
 -65.534
 -65.534
 -65.534
 -65.534
 -65.534
 -65.534
   0.787
   0.814
   0.833
   0.852
   0.872
   0.895
   0.931
   0.968
   1.017
   1.063
   1.096
   1.117
   1.142
   1.168
   1.216
   1.274
   1.332
   1.392
   1.457
   1.521
   1.577
   1.626
   1.671
   1.710
   1.742
   1.766
   1.789
   1.811
   1.827
   1.842
   1.853
   1.864
   1.875
   1.890
   1.906
   1.929
   1.956
   1.989
   2.032
   2.081
   2.137
   2.203
   2.278
   2.354
   2.436
   2.520
   2.595
   2.643
   2.670
   2.675
   2.649
   2.622
   2.610
   2.650
   2.741
   2.876
   3.016
   3.138
   3.059
   0.000
 -65.534
 -65.534
 -65.534
 -65.534
 -65.534
 -65.534
 -65.534
 -65.534
 -65.534
 -65.534
 -65.534
 -65.534
 -65.534
 -65.534
 -65.534
   0.867
   0.931
   0.980
   1.029
   1.075
   1.088
   1.107
   1.132
   1.170
   1.216
   1.270
   1.322
   1.368
   1.417
   1.466
   1.512
   1.552
   1.585
   1.615
   1.643
   1.663
   1.686
   1.708
   1.741
   1.762
   1.781
   1.801
   1.818
   1.844
   1.878
   1.916
   1.961
   2.016
   2.073
   2.137
   2.209
   2.289
   2.378
   2.472
   2.567
   2.656
   2.721
   2.752
   2.746
   2.695
   2.633
   2.596
   2.618
   2.702
   2.829
   2.968
   3.081
   2.971
   0.000
 -65.534
 -65.534
 -65.534
 -65.534
 -65.534
 -65.534
 -65.534
 -65.534
 -65.534
 -65.534
 -65.534
 -65.534
 -65.534
 -65.534
 -65.534
 -65.534
 -65.534
 -65.534
 -65.534
   1.054
   1.094
   1.112
   1.135
   1.166
   1.204
   1.245
   1.285
   1.320
   1.353
   1.381
   1.413
   1.447
   1.476
   1.504
   1.533
   1.560
   1.584
   1.610
   1.641
   1.677
   1.706
   1.731
   1.758
   1.787
   1.826
   1.871
   1.924
   1.988
   2.060
   2.126
   2.200
   2.283
   2.375
   2.472
   2.575
   2.670
   2.740
   2.777
   2.774
   2.706
   2.619
   2.563
   2.557
   2.623
   2.739
   2.870
   2.970
   2.836
   0.000
 -65.534
 -65.534
 -65.534
 -65.534
 -65.534
 -65.534
 -65.534
 -65.534
 -65.534
 -65.534
 -65.534
 -65.534
 -65.534
 -65.534
 -65.534
 -65.534
 -65.534
 -65.534
   0.970
   1.128
   1.146
   1.167
   1.190
   1.214
   1.239
   1.263
   1.287
   1.311
   1.327
   1.341
   1.353
   1.373
   1.396
   1.420
   1.447
   1.479
   1.511
   1.539
   1.570
   1.605
   1.644
   1.683
   1.714
   1.750
   1.785
   1.826
   1.881
   1.945
   2.020
   2.103
   2.186
   2.272
   2.365
   2.459
   2.550
   2.638
   2.715
   2.759
   2.759
   2.695
   2.603
   2.532
   2.502
   2.530
   2.623
   2.733
   2.813
   2.652
   0.000
 -65.534
 -65.534
 -65.534
 -65.534
 -65.534
 -65.534
 -65.534
 -65.534
 -65.534
 -65.534
 -65.534
 -65.534
 -65.534
 -65.534
 -65.534
 -65.534
 -65.534
   1.023
   1.185
   1.221
   1.237
   1.251
   1.271
   1.293
   1.307
   1.318
   1.325
   1.333
   1.337
   1.343
   1.341
   1.344
   1.356
   1.372
   1.394
   1.424
   1.451
   1.483
   1.518
   1.555
   1.601
   1.650
   1.698
   1.740
   1.775
   1.813
   1.861
   1.923
   1.999
   2.082
   2.166
   2.256
   2.340
   2.427
   2.513
   2.603
   2.677
   2.722
   2.724
   2.679
   2.589
   2.502
   2.454
   2.448
   2.506
   2.585
   2.634
   2.440
   0.000
 -65.534
 -65.534
 -65.534
 -65.534
 -65.534
 -65.534
 -65.534
 -65.534
 -65.534
 -65.534
 -65.534
 -65.534
 -65.534
 -65.534
 -65.534
 -65.534
 -65.534
   1.219
   1.285
   1.303
   1.321
   1.336
   1.359
   1.376
   1.385
   1.387
   1.384
   1.382
   1.377
   1.375
   1.369
   1.359
   1.357
   1.360
   1.371
   1.392
   1.417
   1.443
   1.476
   1.519
   1.568
   1.624
   1.682
   1.735
   1.781
   1.819
   1.865
   1.923
   1.996
   2.076
   2.159
   2.235
   2.309
   2.384
   2.457
   2.531
   2.600
   2.645
   2.653
   2.622
   2.556
   2.482
   2.416
   2.384
   2.385
   2.431
   2.441
   2.226
   0.000
 -65.534
 -65.534
 -65.534
 -65.534
 -65.534
 -65.534
 -65.534
 -65.534
 -65.534
 -65.534
 -65.534
 -65.534
 -65.534
 -65.534
 -65.534
 -65.534
 -65.534
   1.281
   1.339
   1.358
   1.379
   1.402
   1.434
   1.455
   1.458
   1.453
   1.442
   1.434
   1.425
   1.420
   1.411
   1.389
   1.381
   1.372
   1.373
   1.384
   1.402
   1.425
   1.456
   1.495
   1.544
   1.600
   1.664
   1.723
   1.773
   1.819
   1.870
   1.929
   1.999
   2.076
   2.154
   2.220
   2.290
   2.352
   2.410
   2.460
   2.512
   2.546
   2.563
   2.550
   2.508
   2.446
   2.376
   2.316
   2.290
   2.278
   2.243
   2.018
   0.000
 -65.534
 -65.534
 -65.534
 -65.534
 -65.534
 -65.534
 -65.534
 -65.534
 -65.534
 -65.534
 -65.534
 -65.534
 -65.534
 -65.534
 -65.534
 -65.534
 -65.534
   1.306
   1.357
   1.388
   1.416
   1.451
   1.488
   1.511
   1.513
   1.505
   1.492
   1.480
   1.473
   1.465
   1.456
   1.433
   1.421
   1.409
   1.405
   1.409
   1.420
   1.437
   1.466
   1.498
   1.542
   1.594
   1.651
   1.706
   1.755
   1.806
   1.857
   1.916
   1.983
   2.053
   2.123
   2.187
   2.248
   2.295
   2.335
   2.371
   2.403
   2.433
   2.451
   2.455
   2.431
   2.382
   2.318
   2.245
   2.180
   2.125
   2.062
   1.806
   0.000
 -65.534
 -65.534
 -65.534
 -65.534
 -65.534
 -65.534
 -65.534
 -65.534
 -65.534
 -65.534
 -65.534
 -65.534
 -65.534
 -65.534
 -65.534
 -65.534
 -65.534
 -65.534
   1.339
   1.391
   1.436
   1.479
   1.518
   1.541
   1.541
   1.529
   1.520
   1.511
   1.501
   1.502
   1.496
   1.474
   1.465
   1.453
   1.453
   1.456
   1.460
   1.475
   1.496
   1.529
   1.570
   1.610
   1.652
   1.694
   1.735
   1.778
   1.827
   1.881
   1.944
   2.007
   2.074
   2.131
   2.182
   2.217
   2.247
   2.268
   2.294
   2.313
   2.328
   2.337
   2.322
   2.289
   2.231
   2.155
   2.070
   1.981
   1.880
   1.609
   0.000
 -65.534
 -65.534
 -65.534
 -65.534
 -65.534
 -65.534
 -65.534
 -65.534
 -65.534
 -65.534
 -65.534
 -65.534
 -65.534
 -65.534
 -65.534
 -65.534
 -65.534
 -65.534
 -65.534
   1.364
   1.428
   1.477
   1.517
   1.531
   1.532
   1.525
   1.515
   1.511
   1.509
   1.510
   1.505
   1.498
   1.494
   1.490
   1.504
   1.529
   1.563
   1.582
   1.603
   1.621
   1.619
   1.632
   1.653
   1.677
   1.705
   1.741
   1.781
   1.827
   1.881
   1.942
   2.006
   2.056
   2.101
   2.139
   2.163
   2.181
   2.193
   2.204
   2.215
   2.221
   2.206
   2.172
   2.116
   2.040
   1.948
   1.842
   1.708
   1.412
   0.000
 -65.534
 -65.534
 -65.534
 -65.534
 -65.534
 -65.534
 -65.534
 -65.534
 -65.534
 -65.534
 -65.534
 -65.534
 -65.534
 -65.534
 -65.534
 -65.534
 -65.534
 -65.534
 -65.534
 -65.534
   1.402
   1.467
   1.508
   1.523
   1.517
   1.509
   1.503
   1.496
   1.491
   1.487
   1.467
   1.452
   1.417
   1.361
   1.263
   1.037
 -65.534
 -65.534
 -65.534
 -65.534
   1.585
   1.633
   1.640
   1.654
   1.680
   1.711
   1.745
   1.786
   1.828
   1.875
   1.923
   1.968
   2.008
   2.041
   2.061
   2.077
   2.084
   2.092
   2.094
   2.090
   2.070
   2.031
   1.970
   1.890
   1.792
   1.679
   1.535
   1.223
   0.000
 -65.534
 -65.534
 -65.534
 -65.534
 -65.534
 -65.534
 -65.534
 -65.534
 -65.534
 -65.534
 -65.534
 -65.534
 -65.534
 -65.534
 -65.534
 -65.534
 -65.534
 -65.534
 -65.534
 -65.534
 -65.534
 -65.534
 -65.534
 -65.534
   1.441
   1.470
   1.476
   1.472
   1.464
   1.450
   1.415
   1.375
   1.301
   1.207
   1.067
   0.821
 -65.534
 -65.534
 -65.534
 -65.534
 -65.534
 -65.534
   1.610
   1.635
   1.663
   1.698
   1.725
   1.752
   1.784
   1.811
   1.843
   1.877
   1.906
   1.927
   1.942
   1.951
   1.948
   1.946
   1.942
   1.930
   1.904
   1.858
   1.790
   1.701
   1.598
   1.479
   1.329
   1.021
   0.000
 -65.534
 -65.534
 -65.534
 -65.534
 -65.534
 -65.534
 -65.534
 -65.534
 -65.534
 -65.534
 -65.534
 -65.534
 -65.534
 -65.534
 -65.534
 -65.534
 -65.534
 -65.534
 -65.534
 -65.534
 -65.534
 -65.534
 -65.534
 -65.534
   1.376
   1.415
   1.423
   1.426
   1.423
   1.391
   1.341
   1.281
   1.200
   1.103
   0.991
   0.853
 -65.534
 -65.534
 -65.534
 -65.534
 -65.534
 -65.534
 -65.534
   1.609
   1.665
   1.706
   1.724
   1.740
   1.760
   1.770
   1.783
   1.799
   1.814
   1.821
   1.821
   1.816
   1.806
   1.796
   1.783
   1.759
   1.717
   1.654
   1.572
   1.471
   1.357
   1.234
   1.085
   0.793
   0.000
 -65.534
 -65.534
 -65.534
 -65.534
 -65.534
 -65.534
 -65.534
 -65.534
 -65.534
 -65.534
 -65.534
 -65.534
 -65.534
 -65.534
 -65.534
 -65.534
 -65.534
 -65.534
 -65.534
 -65.534
 -65.534
 -65.534
 -65.534
 -65.534
 -65.534
 -65.534
 -65.534
 -65.534
 -65.534
   1.262
   1.234
   1.191
   1.137
   1.069
   0.996
   0.892
   0.462
 -65.534
 -65.534
 -65.534
 -65.534
 -65.534
 -65.534
   1.368
   1.231
 -65.534
   1.611
   1.697
   1.720
   1.737
   1.739
   1.743
   1.732
   1.726
   1.713
   1.692
   1.670
   1.648
   1.620
   1.585
   1.528
   1.449
   1.344
   1.222
   1.091
   0.952
   0.794
   0.532
   0.000
 -65.534
 -65.534
 -65.534
 -65.534
 -65.534
 -65.534
 -65.534
 -65.534
 -65.534
 -65.534
 -65.534
 -65.534
 -65.534
 -65.534
 -65.534
 -65.534
 -65.534
 -65.534
 -65.534
 -65.534
 -65.534
 -65.534
 -65.534
 -65.534
 -65.534
 -65.534
 -65.534
 -65.534
 -65.534
 -65.534
 -65.534
 -65.534
   1.052
   1.051
   1.015
   0.915
   0.649
   0.402
 -65.534
 -65.534
 -65.534
 -65.534
 -65.534
 -65.534
 -65.534
 -65.534
 -65.534
 -65.534
 -65.534
   1.559
   1.653
   1.665
   1.683
   1.664
   1.633
   1.580
   1.534
   1.495
   1.452
   1.399
   1.327
   1.229
   1.108
   0.970
   0.824
   0.671
   0.506
   0.266
   0.000
 -65.534
 -65.534
 -65.534
 -65.534
 -65.534
 -65.534
 -65.534
 -65.534
 -65.534
 -65.534
 -65.534
 -65.534
 -65.534
 -65.534
 -65.534
 -65.534
 -65.534
 -65.534
 -65.534
 -65.534
 -65.534
 -65.534
 -65.534
 -65.534
 -65.534
 -65.534
 -65.534
 -65.534
 -65.534
 -65.534
 -65.534
 -65.534
   0.996
   1.017
   0.995
   0.909
   0.718
   0.544
   0.343
   0.221
 -65.534
 -65.534
 -65.534
 -65.534
 -65.534
 -65.534
 -65.534
 -65.534
 -65.534
 -65.534
 -65.534
 -65.534
   1.439
   1.521
   1.499
   1.454
   1.392
   1.331
   1.271
   1.204
   1.117
   1.008
   0.879
   0.732
   0.575
   0.422
   0.258
   0.046
   0.000
 -65.534
 -65.534
 -65.534
 -65.534
 -65.534
 -65.534
 -65.534
 -65.534
 -65.534
 -65.534
 -65.534
 -65.534
 -65.534
 -65.534
 -65.534
 -65.534
 -65.534
 -65.534
 -65.534
 -65.534
 -65.534
 -65.534
 -65.534
 -65.534
 -65.534
 -65.534
 -65.534
 -65.534
 -65.534
 -65.534
 -65.534
 -65.534
 -65.534
 -65.534
 -65.534
 -65.534
   0.617
   0.551
   0.471
   0.341
   0.215
   0.176
   0.140
   0.125
   0.111
 -65.534
 -65.534
 -65.534
 -65.534
 -65.534
 -65.534
 -65.534
 -65.534
 -65.534
 -65.534
   1.175
   1.221
   1.178
   1.108
   1.019
   0.921
   0.805
   0.673
   0.526
   0.373
   0.220
   0.058
  -0.125
   0.000
 -65.534
 -65.534
 -65.534
 -65.534
 -65.534
 -65.534
 -65.534
 -65.534
 -65.534
 -65.534
 -65.534
 -65.534
 -65.534
 -65.534
 -65.534
 -65.534
 -65.534
 -65.534
 -65.534
 -65.534
 -65.534
 -65.534
 -65.534
 -65.534
 -65.534
 -65.534
 -65.534
 -65.534
 -65.534
 -65.534
 -65.534
 -65.534
 -65.534
 -65.534
 -65.534
 -65.534
 -65.534
 -65.534
 -65.534
 -65.534
   0.246
 -65.534
 -65.534
 -65.534
 -65.534
 -65.534
 -65.534
 -65.534
 -65.534
 -65.534
 -65.534
 -65.534
 -65.534
 -65.534
 -65.534
   0.889
   0.993
   0.993
   0.946
   0.870
   0.762
   0.628
   0.493
   0.352
   0.211
   0.074
  -0.070
  -0.233
   0.000
 -65.534
 -65.534
 -65.534
 -65.534
 -65.534
 -65.534
 -65.534
 -65.534
 -65.534
 -65.534
 -65.534
 -65.534
 -65.534
 -65.534
 -65.534
 -65.534
 -65.534
 -65.534
 -65.534
 -65.534
 -65.534
 -65.534
 -65.534
 -65.534
 -65.534
 -65.534
 -65.534
 -65.534
 -65.534
 -65.534
 -65.534
 -65.534
 -65.534
 -65.534
 -65.534
 -65.534
 -65.534
 -65.534
 -65.534
 -65.534
 -65.534
 -65.534
 -65.534
 -65.534
 -65.534
 -65.534
 -65.534
 -65.534
 -65.534
 -65.534
 -65.534
 -65.534
 -65.534
 -65.534
 -65.534
 -65.534
 -65.534
 -65.534
 -65.534
   0.676
   0.601
   0.484
   0.352
   0.240
   0.131
   0.022
  -0.087
  -0.236
   0.000
 -65.534
 -65.534
 -65.534
 -65.534
 -65.534
 -65.534
 -65.534
 -65.534
 -65.534
 -65.534
 -65.534
 -65.534
 -65.534
 -65.534
 -65.534
 -65.534
 -65.534
 -65.534
 -65.534
 -65.534
 -65.534
 -65.534
 -65.534
 -65.534
 -65.534
 -65.534
 -65.534
 -65.534
 -65.534
 -65.534
 -65.534
 -65.534
 -65.534
 -65.534
 -65.534
 -65.534
 -65.534
 -65.534
 -65.534
 -65.534
 -65.534
 -65.534
 -65.534
 -65.534
 -65.534
 -65.534
 -65.534
 -65.534
 -65.534
 -65.534
 -65.534
 -65.534
 -65.534
 -65.534
 -65.534
 -65.534
 -65.534
 -65.534
 -65.534
 -65.534
 -65.534
   0.000
   0.000
   0.000
   0.000
   0.000
   0.000
   0.000
 -65.534
