 -65.534
   0.000
   0.000
   0.000
   0.000
   0.000
   0.000
   0.000
   0.000
   0.000
   0.000
   0.000
   0.000
   0.000
   0.000
   0.000
   0.000
   0.000
   0.000
   0.000
   0.000
   0.000
   0.000
   0.000
   0.000
   0.000
   0.000
   0.000
   0.000
   0.000
   0.000
   0.000
   0.000
   0.000
   0.000
   0.000
   0.000
   0.000
   0.000
   0.000
   0.000
   0.000
   0.000
   0.000
   0.000
   0.000
   0.000
   0.000
   0.000
   0.000
   0.000
   0.000
   0.000
   0.000
   0.000
   0.000
   0.000
   0.000
   0.000
   0.000
   0.000
   0.000
   0.000
   0.000
   0.000
   0.000
   0.000
   0.000
 -65.534
   0.000
   1.165
   1.314
   1.403
   1.501
   1.596
   1.683
   1.767
   1.842
   1.911
   1.970
   2.018
   2.062
   2.107
   2.152
   2.200
   2.245
   2.289
   2.324
   2.345
   2.351
   2.351
   2.349
   2.326
   2.370
   2.427
   2.464
   2.474
   2.460
   2.432
   2.400
   2.363
   2.316
   2.254
   2.204
   2.125
   2.045
   1.949
   1.839
   1.734
   1.627
   1.521
   1.417
   1.304
   1.178
   1.052
   0.935
   0.841
   0.782
   0.754
   0.753
   0.768
   0.789
   0.811
   0.868
   0.883
   0.897
   0.897
   0.871
   0.853
   0.843
   0.835
   0.831
   0.824
   0.798
   0.782
   0.757
   0.699
   0.000
   0.000
   1.226
   1.367
   1.447
   1.546
   1.642
   1.741
   1.835
   1.924
   2.006
   2.079
   2.139
   2.190
   2.235
   2.276
   2.320
   2.362
   2.404
   2.441
   2.468
   2.483
   2.487
   2.493
   2.484
   2.519
   2.564
   2.601
   2.616
   2.612
   2.597
   2.572
   2.540
   2.507
   2.459
   2.399
   2.317
   2.207
   2.086
   1.954
   1.832
   1.715
   1.599
   1.483
   1.362
   1.238
   1.118
   1.021
   0.953
   0.917
   0.911
   0.924
   0.953
   0.991
   1.032
   1.064
   1.080
   1.091
   1.089
   1.067
   1.043
   1.024
   1.012
   0.999
   0.980
   0.955
   0.928
   0.898
   0.836
   0.000
   0.000
   1.191
   1.325
   1.401
   1.493
   1.586
   1.686
   1.784
   1.881
   1.974
   2.057
   2.123
   2.176
   2.219
   2.256
   2.292
   2.329
   2.369
   2.406
   2.441
   2.465
   2.483
   2.502
   2.517
   2.541
   2.582
   2.616
   2.634
   2.637
   2.631
   2.619
   2.595
   2.568
   2.530
   2.475
   2.387
   2.271
   2.131
   1.981
   1.842
   1.717
   1.597
   1.480
   1.364
   1.256
   1.156
   1.080
   1.030
   1.008
   1.009
   1.028
   1.054
   1.089
   1.126
   1.153
   1.171
   1.182
   1.176
   1.150
   1.125
   1.108
   1.089
   1.067
   1.049
   1.028
   1.009
   0.983
   0.915
   0.000
   0.000
   1.147
   1.274
   1.343
   1.430
   1.520
   1.615
   1.713
   1.813
   1.912
   1.999
   2.072
   2.128
   2.171
   2.203
   2.234
   2.264
   2.298
   2.336
   2.373
   2.409
   2.440
   2.474
   2.510
   2.542
   2.585
   2.620
   2.642
   2.651
   2.655
   2.648
   2.628
   2.607
   2.577
   2.525
   2.438
   2.317
   2.166
   2.009
   1.865
   1.733
   1.611
   1.495
   1.390
   1.302
   1.231
   1.175
   1.138
   1.117
   1.110
   1.119
   1.139
   1.166
   1.197
   1.217
   1.231
   1.240
   1.236
   1.208
   1.178
   1.152
   1.130
   1.111
   1.098
   1.089
   1.077
   1.053
   0.977
   0.000
   0.000
   1.097
   1.222
   1.286
   1.370
   1.456
   1.548
   1.643
   1.741
   1.839
   1.927
   1.999
   2.056
   2.098
   2.129
   2.156
   2.183
   2.214
   2.248
   2.286
   2.331
   2.372
   2.418
   2.466
   2.522
   2.573
   2.607
   2.635
   2.650
   2.660
   2.656
   2.639
   2.617
   2.590
   2.538
   2.454
   2.333
   2.183
   2.024
   1.877
   1.749
   1.631
   1.524
   1.432
   1.363
   1.314
   1.275
   1.248
   1.224
   1.212
   1.209
   1.219
   1.240
   1.261
   1.275
   1.285
   1.289
   1.273
   1.241
   1.212
   1.186
   1.166
   1.153
   1.148
   1.144
   1.131
   1.106
   1.019
   0.000
   0.000
   1.048
   1.169
   1.234
   1.314
   1.395
   1.484
   1.577
   1.672
   1.765
   1.848
   1.919
   1.974
   2.017
   2.048
   2.075
   2.101
   2.129
   2.161
   2.201
   2.247
   2.300
   2.359
   2.424
   2.488
   2.534
   2.575
   2.608
   2.632
   2.648
   2.650
   2.635
   2.610
   2.580
   2.529
   2.448
   2.335
   2.192
   2.037
   1.893
   1.765
   1.655
   1.560
   1.482
   1.429
   1.394
   1.369
   1.349
   1.329
   1.309
   1.297
   1.297
   1.307
   1.322
   1.332
   1.339
   1.338
   1.319
   1.279
   1.247
   1.224
   1.207
   1.195
   1.189
   1.186
   1.174
   1.146
   1.049
   0.000
   0.000
   1.000
   1.117
   1.183
   1.260
   1.339
   1.425
   1.516
   1.607
   1.696
   1.778
   1.845
   1.901
   1.944
   1.975
   2.000
   2.026
   2.054
   2.088
   2.127
   2.172
   2.225
   2.288
   2.354
   2.419
   2.474
   2.522
   2.562
   2.594
   2.617
   2.625
   2.612
   2.587
   2.556
   2.507
   2.432
   2.332
   2.202
   2.060
   1.919
   1.795
   1.685
   1.597
   1.532
   1.489
   1.461
   1.447
   1.436
   1.416
   1.396
   1.379
   1.373
   1.374
   1.379
   1.382
   1.385
   1.380
   1.358
   1.320
   1.288
   1.259
   1.240
   1.229
   1.222
   1.216
   1.201
   1.172
   1.076
   0.000
   0.000
   0.948
   1.067
   1.130
   1.208
   1.287
   1.369
   1.457
   1.546
   1.633
   1.713
   1.781
   1.835
   1.879
   1.911
   1.938
   1.964
   1.994
   2.027
   2.065
   2.110
   2.159
   2.218
   2.279
   2.344
   2.401
   2.455
   2.500
   2.537
   2.566
   2.583
   2.576
   2.558
   2.533
   2.487
   2.423
   2.337
   2.223
   2.093
   1.962
   1.840
   1.732
   1.643
   1.579
   1.540
   1.522
   1.513
   1.504
   1.491
   1.474
   1.458
   1.448
   1.443
   1.439
   1.434
   1.431
   1.418
   1.391
   1.348
   1.320
   1.292
   1.270
   1.254
   1.243
   1.235
   1.218
   1.190
   1.093
   0.000
   0.000
   0.894
   1.010
   1.076
   1.154
   1.230
   1.312
   1.399
   1.487
   1.573
   1.653
   1.721
   1.778
   1.822
   1.855
   1.883
   1.911
   1.941
   1.976
   2.014
   2.057
   2.103
   2.155
   2.210
   2.269
   2.326
   2.380
   2.430
   2.471
   2.506
   2.530
   2.532
   2.523
   2.509
   2.477
   2.431
   2.364
   2.267
   2.146
   2.024
   1.907
   1.799
   1.709
   1.642
   1.596
   1.578
   1.570
   1.566
   1.556
   1.543
   1.527
   1.520
   1.512
   1.500
   1.489
   1.475
   1.456
   1.423
   1.377
   1.343
   1.318
   1.291
   1.271
   1.256
   1.243
   1.225
   1.198
   1.105
   0.000
   0.000
   0.837
   0.953
   1.020
   1.096
   1.175
   1.252
   1.336
   1.423
   1.510
   1.590
   1.661
   1.720
   1.767
   1.805
   1.834
   1.861
   1.893
   1.927
   1.965
   2.006
   2.051
   2.097
   2.147
   2.200
   2.254
   2.308
   2.356
   2.405
   2.445
   2.475
   2.491
   2.497
   2.496
   2.484
   2.458
   2.410
   2.329
   2.222
   2.109
   1.994
   1.886
   1.794
   1.720
   1.667
   1.636
   1.624
   1.618
   1.613
   1.600
   1.584
   1.579
   1.568
   1.549
   1.524
   1.503
   1.475
   1.436
   1.392
   1.358
   1.329
   1.305
   1.280
   1.263
   1.245
   1.227
   1.202
   1.110
   0.000
   0.000
   0.781
   0.894
   0.960
   1.033
   1.108
   1.187
   1.269
   1.353
   1.436
   1.519
   1.593
   1.657
   1.709
   1.749
   1.782
   1.813
   1.841
   1.874
   1.909
   1.949
   1.993
   2.038
   2.085
   2.137
   2.189
   2.240
   2.293
   2.344
   2.392
   2.436
   2.465
   2.485
   2.497
   2.502
   2.493
   2.463
   2.402
   2.311
   2.209
   2.101
   1.992
   1.896
   1.815
   1.750
   1.708
   1.683
   1.673
   1.663
   1.650
   1.634
   1.623
   1.605
   1.580
   1.547
   1.511
   1.475
   1.435
   1.394
   1.364
   1.340
   1.319
   1.298
   1.279
   1.261
   1.238
   1.209
   1.112
   0.000
   0.000
   0.708
   0.838
   0.900
   0.969
   1.039
   1.115
   1.193
   1.271
   1.352
   1.433
   1.507
   1.575
   1.634
   1.683
   1.720
   1.753
   1.782
   1.811
   1.843
   1.882
   1.923
   1.967
   2.016
   2.069
   2.123
   2.175
   2.231
   2.286
   2.344
   2.396
   2.440
   2.477
   2.503
   2.517
   2.519
   2.501
   2.456
   2.384
   2.297
   2.203
   2.099
   2.005
   1.917
   1.843
   1.785
   1.746
   1.723
   1.708
   1.691
   1.672
   1.656
   1.634
   1.600
   1.554
   1.509
   1.466
   1.429
   1.396
   1.372
   1.357
   1.343
   1.329
   1.312
   1.295
   1.271
   1.232
   1.123
   0.000
 -65.534
 -65.534
   0.721
   0.836
   0.899
   0.968
   1.037
   1.108
   1.181
   1.255
   1.330
   1.401
   1.469
   1.533
   1.587
   1.633
   1.669
   1.701
   1.730
   1.761
   1.796
   1.837
   1.881
   1.931
   1.986
   2.044
   2.099
   2.159
   2.220
   2.285
   2.348
   2.403
   2.451
   2.487
   2.508
   2.513
   2.506
   2.473
   2.418
   2.352
   2.273
   2.182
   2.094
   2.004
   1.921
   1.849
   1.796
   1.757
   1.731
   1.709
   1.686
   1.660
   1.634
   1.593
   1.545
   1.497
   1.452
   1.420
   1.400
   1.389
   1.383
   1.380
   1.380
   1.373
   1.359
   1.330
   1.279
   1.152
   0.000
 -65.534
 -65.534
 -65.534
   0.712
   0.831
   0.894
   0.959
   1.022
   1.084
   1.150
   1.216
   1.282
   1.346
   1.409
   1.467
   1.518
   1.560
   1.598
   1.629
   1.662
   1.696
   1.733
   1.780
   1.832
   1.890
   1.951
   2.011
   2.076
   2.144
   2.213
   2.283
   2.347
   2.402
   2.443
   2.467
   2.483
   2.484
   2.462
   2.423
   2.371
   2.310
   2.240
   2.159
   2.071
   1.984
   1.902
   1.834
   1.783
   1.745
   1.710
   1.681
   1.647
   1.614
   1.571
   1.523
   1.478
   1.442
   1.418
   1.408
   1.410
   1.419
   1.429
   1.436
   1.436
   1.428
   1.402
   1.347
   1.198
   0.000
 -65.534
 -65.534
 -65.534
 -65.534
   0.720
   0.815
   0.875
   0.929
   0.983
   1.041
   1.102
   1.160
   1.218
   1.276
   1.334
   1.388
   1.436
   1.477
   1.513
   1.546
   1.581
   1.619
   1.664
   1.718
   1.775
   1.841
   1.906
   1.975
   2.049
   2.122
   2.195
   2.260
   2.315
   2.363
   2.399
   2.420
   2.428
   2.421
   2.397
   2.362
   2.318
   2.261
   2.197
   2.115
   2.023
   1.938
   1.864
   1.804
   1.754
   1.714
   1.675
   1.634
   1.593
   1.550
   1.507
   1.467
   1.442
   1.431
   1.432
   1.447
   1.465
   1.484
   1.492
   1.494
   1.483
   1.461
   1.408
   1.248
   0.000
 -65.534
 -65.534
 -65.534
 -65.534
   0.624
   0.721
   0.777
   0.825
   0.876
   0.931
   0.988
   1.042
   1.095
   1.148
   1.201
   1.253
   1.304
   1.349
   1.387
   1.421
   1.455
   1.492
   1.535
   1.585
   1.642
   1.705
   1.776
   1.849
   1.925
   2.000
   2.070
   2.137
   2.199
   2.250
   2.295
   2.329
   2.347
   2.353
   2.339
   2.320
   2.291
   2.250
   2.195
   2.126
   2.039
   1.953
   1.880
   1.815
   1.759
   1.710
   1.664
   1.620
   1.579
   1.539
   1.503
   1.475
   1.461
   1.458
   1.468
   1.486
   1.509
   1.530
   1.539
   1.538
   1.521
   1.495
   1.444
   1.283
   0.000
 -65.534
 -65.534
 -65.534
 -65.534
   0.531
   0.619
   0.669
   0.711
   0.761
   0.816
   0.871
   0.925
   0.974
   1.022
   1.070
   1.121
   1.171
   1.218
   1.259
   1.295
   1.327
   1.357
   1.394
   1.438
   1.487
   1.548
   1.619
   1.694
   1.768
   1.840
   1.913
   1.982
   2.049
   2.111
   2.164
   2.210
   2.246
   2.262
   2.263
   2.253
   2.237
   2.208
   2.172
   2.114
   2.036
   1.955
   1.879
   1.817
   1.758
   1.706
   1.656
   1.612
   1.574
   1.538
   1.512
   1.492
   1.483
   1.485
   1.499
   1.518
   1.539
   1.556
   1.565
   1.556
   1.532
   1.500
   1.449
   1.298
   0.000
 -65.534
 -65.534
 -65.534
 -65.534
   0.412
   0.481
   0.528
   0.579
   0.637
   0.688
   0.748
   0.804
   0.852
   0.899
   0.944
   0.989
   1.039
   1.089
   1.133
   1.167
   1.193
   1.215
   1.242
   1.281
   1.326
   1.380
   1.448
   1.517
   1.590
   1.661
   1.733
   1.803
   1.875
   1.942
   2.007
   2.066
   2.113
   2.148
   2.165
   2.171
   2.166
   2.149
   2.123
   2.076
   2.015
   1.950
   1.882
   1.818
   1.765
   1.710
   1.661
   1.620
   1.584
   1.555
   1.529
   1.514
   1.510
   1.515
   1.528
   1.544
   1.559
   1.573
   1.574
   1.559
   1.528
   1.489
   1.439
   1.298
   0.000
 -65.534
 -65.534
 -65.534
 -65.534
 -65.534
 -65.534
 -65.534
 -65.534
   0.490
   0.565
   0.624
   0.678
   0.729
   0.775
   0.818
   0.862
   0.914
   0.966
   1.012
   1.045
   1.063
   1.077
   1.092
   1.122
   1.165
   1.217
   1.276
   1.341
   1.405
   1.472
   1.540
   1.611
   1.685
   1.759
   1.834
   1.904
   1.966
   2.016
   2.048
   2.070
   2.080
   2.078
   2.064
   2.036
   1.993
   1.937
   1.877
   1.821
   1.773
   1.728
   1.685
   1.646
   1.617
   1.592
   1.572
   1.561
   1.558
   1.562
   1.572
   1.584
   1.595
   1.601
   1.594
   1.572
   1.534
   1.492
   1.436
   1.309
   0.000
 -65.534
 -65.534
 -65.534
 -65.534
 -65.534
 -65.534
   0.184
   0.260
   0.379
   0.451
   0.503
   0.557
   0.608
   0.653
   0.699
   0.746
   0.799
   0.854
   0.899
   0.926
   0.939
   0.944
   0.958
   0.984
   1.018
   1.066
   1.121
   1.178
   1.236
   1.299
   1.363
   1.429
   1.504
   1.582
   1.663
   1.741
   1.815
   1.874
   1.922
   1.962
   1.988
   1.999
   1.999
   1.986
   1.959
   1.914
   1.864
   1.819
   1.773
   1.730
   1.695
   1.664
   1.641
   1.623
   1.610
   1.603
   1.604
   1.609
   1.618
   1.627
   1.632
   1.633
   1.622
   1.599
   1.562
   1.526
   1.477
   1.331
   0.000
 -65.534
 -65.534
 -65.534
 -65.534
 -65.534
 -65.534
 -65.534
 -65.534
 -65.534
   0.321
   0.371
   0.415
   0.459
   0.506
   0.565
   0.637
   0.693
   0.747
   0.788
   0.810
   0.819
   0.828
   0.843
   0.872
   0.907
   0.948
   0.992
   1.040
   1.090
   1.140
   1.196
   1.259
   1.334
   1.414
   1.499
   1.582
   1.663
   1.732
   1.791
   1.840
   1.877
   1.904
   1.919
   1.916
   1.900
   1.867
   1.826
   1.785
   1.744
   1.708
   1.678
   1.655
   1.636
   1.625
   1.617
   1.613
   1.615
   1.619
   1.626
   1.632
   1.634
   1.629
   1.619
   1.598
   1.572
   1.541
   1.505
   1.337
   0.000
 -65.534
 -65.534
 -65.534
 -65.534
 -65.534
 -65.534
 -65.534
 -65.534
 -65.534
 -65.534
 -65.534
 -65.534
 -65.534
 -65.534
 -65.534
   0.459
   0.537
   0.595
   0.647
   0.700
   0.718
   0.736
   0.762
   0.794
   0.831
   0.868
   0.904
   0.939
   0.975
   1.013
   1.055
   1.106
   1.170
   1.248
   1.336
   1.429
   1.515
   1.590
   1.662
   1.716
   1.763
   1.795
   1.816
   1.827
   1.820
   1.796
   1.764
   1.731
   1.695
   1.661
   1.632
   1.611
   1.600
   1.593
   1.591
   1.593
   1.593
   1.596
   1.596
   1.595
   1.592
   1.586
   1.580
   1.565
   1.546
   1.510
   1.466
   1.311
   0.000
 -65.534
 -65.534
 -65.534
 -65.534
 -65.534
 -65.534
 -65.534
 -65.534
 -65.534
 -65.534
 -65.534
 -65.534
 -65.534
 -65.534
 -65.534
 -65.534
 -65.534
 -65.534
 -65.534
   0.580
   0.637
   0.675
   0.715
   0.756
   0.791
   0.821
   0.849
   0.872
   0.891
   0.911
   0.938
   0.975
   1.026
   1.097
   1.185
   1.283
   1.375
   1.458
   1.529
   1.591
   1.642
   1.680
   1.710
   1.726
   1.731
   1.715
   1.690
   1.663
   1.634
   1.603
   1.574
   1.556
   1.546
   1.539
   1.537
   1.538
   1.539
   1.540
   1.537
   1.528
   1.520
   1.515
   1.509
   1.503
   1.481
   1.448
   1.398
   1.246
   0.000
 -65.534
 -65.534
 -65.534
 -65.534
 -65.534
 -65.534
 -65.534
 -65.534
 -65.534
 -65.534
 -65.534
 -65.534
 -65.534
 -65.534
 -65.534
 -65.534
 -65.534
 -65.534
   0.434
   0.546
   0.597
   0.645
   0.696
   0.741
   0.777
   0.801
   0.819
   0.831
   0.836
   0.842
   0.852
   0.875
   0.911
   0.971
   1.056
   1.154
   1.253
   1.337
   1.408
   1.470
   1.522
   1.567
   1.600
   1.624
   1.629
   1.616
   1.595
   1.572
   1.550
   1.528
   1.507
   1.487
   1.473
   1.464
   1.458
   1.454
   1.451
   1.448
   1.439
   1.425
   1.415
   1.413
   1.408
   1.404
   1.392
   1.363
   1.314
   1.162
   0.000
 -65.534
 -65.534
 -65.534
 -65.534
 -65.534
 -65.534
 -65.534
 -65.534
 -65.534
 -65.534
 -65.534
 -65.534
 -65.534
 -65.534
 -65.534
 -65.534
 -65.534
   0.410
   0.493
   0.545
   0.589
   0.641
   0.696
   0.743
   0.775
   0.796
   0.808
   0.810
   0.808
   0.803
   0.803
   0.812
   0.837
   0.880
   0.951
   1.043
   1.133
   1.217
   1.287
   1.346
   1.402
   1.450
   1.494
   1.522
   1.532
   1.519
   1.496
   1.477
   1.458
   1.440
   1.422
   1.404
   1.386
   1.372
   1.360
   1.356
   1.348
   1.336
   1.320
   1.302
   1.288
   1.284
   1.287
   1.290
   1.284
   1.269
   1.226
   1.068
   0.000
 -65.534
 -65.534
 -65.534
 -65.534
 -65.534
 -65.534
 -65.534
 -65.534
 -65.534
 -65.534
 -65.534
 -65.534
 -65.534
 -65.534
 -65.534
 -65.534
 -65.534
   0.452
   0.509
   0.547
   0.592
   0.641
   0.696
   0.739
   0.767
   0.786
   0.795
   0.794
   0.785
   0.775
   0.768
   0.767
   0.778
   0.807
   0.859
   0.932
   1.012
   1.085
   1.150
   1.211
   1.267
   1.320
   1.370
   1.407
   1.419
   1.411
   1.388
   1.371
   1.357
   1.346
   1.329
   1.308
   1.289
   1.274
   1.261
   1.250
   1.240
   1.224
   1.201
   1.176
   1.161
   1.159
   1.161
   1.168
   1.170
   1.166
   1.134
   1.007
   0.000
 -65.534
 -65.534
 -65.534
 -65.534
 -65.534
 -65.534
 -65.534
 -65.534
 -65.534
 -65.534
 -65.534
 -65.534
 -65.534
 -65.534
 -65.534
 -65.534
 -65.534
   0.450
   0.501
   0.538
   0.579
   0.625
   0.675
   0.713
   0.737
   0.751
   0.757
   0.754
   0.744
   0.731
   0.722
   0.713
   0.716
   0.734
   0.770
   0.824
   0.886
   0.949
   1.010
   1.066
   1.119
   1.172
   1.223
   1.263
   1.283
   1.280
   1.267
   1.256
   1.249
   1.242
   1.234
   1.217
   1.204
   1.190
   1.178
   1.165
   1.152
   1.134
   1.112
   1.084
   1.064
   1.054
   1.054
   1.060
   1.071
   1.071
   1.049
   0.942
   0.000
 -65.534
 -65.534
 -65.534
 -65.534
 -65.534
 -65.534
 -65.534
 -65.534
 -65.534
 -65.534
 -65.534
 -65.534
 -65.534
 -65.534
 -65.534
 -65.534
 -65.534
   0.432
   0.480
   0.515
   0.555
   0.596
   0.636
   0.667
   0.682
   0.689
   0.692
   0.689
   0.679
   0.669
   0.658
   0.651
   0.652
   0.669
   0.697
   0.738
   0.788
   0.841
   0.893
   0.940
   0.988
   1.033
   1.077
   1.115
   1.138
   1.145
   1.143
   1.139
   1.136
   1.134
   1.130
   1.124
   1.118
   1.108
   1.096
   1.087
   1.075
   1.064
   1.045
   1.025
   1.004
   0.986
   0.979
   0.979
   0.983
   0.982
   0.964
   0.871
   0.000
 -65.534
 -65.534
 -65.534
 -65.534
 -65.534
 -65.534
 -65.534
 -65.534
 -65.534
 -65.534
 -65.534
 -65.534
 -65.534
 -65.534
 -65.534
 -65.534
 -65.534
 -65.534
   0.441
   0.485
   0.521
   0.555
   0.584
   0.604
   0.607
   0.606
   0.603
   0.600
   0.592
   0.586
   0.582
   0.577
   0.585
   0.604
   0.634
   0.675
   0.719
   0.764
   0.808
   0.848
   0.886
   0.920
   0.956
   0.988
   1.011
   1.023
   1.026
   1.025
   1.027
   1.026
   1.029
   1.027
   1.025
   1.022
   1.017
   1.012
   1.008
   1.002
   0.990
   0.978
   0.959
   0.943
   0.929
   0.918
   0.909
   0.898
   0.876
   0.786
   0.000
 -65.534
 -65.534
 -65.534
 -65.534
 -65.534
 -65.534
 -65.534
 -65.534
 -65.534
 -65.534
 -65.534
 -65.534
 -65.534
 -65.534
 -65.534
 -65.534
 -65.534
 -65.534
 -65.534
   0.437
   0.476
   0.503
   0.522
   0.527
   0.522
   0.511
   0.503
   0.495
   0.489
   0.485
   0.482
   0.486
   0.502
   0.526
   0.564
   0.610
   0.658
   0.698
   0.734
   0.775
   0.809
   0.832
   0.857
   0.884
   0.903
   0.916
   0.922
   0.922
   0.926
   0.925
   0.931
   0.934
   0.939
   0.943
   0.945
   0.946
   0.945
   0.942
   0.936
   0.929
   0.914
   0.899
   0.881
   0.862
   0.843
   0.821
   0.790
   0.696
   0.000
 -65.534
 -65.534
 -65.534
 -65.534
 -65.534
 -65.534
 -65.534
 -65.534
 -65.534
 -65.534
 -65.534
 -65.534
 -65.534
 -65.534
 -65.534
 -65.534
 -65.534
 -65.534
 -65.534
 -65.534
   0.423
   0.450
   0.465
   0.465
   0.458
   0.445
   0.433
   0.419
   0.404
   0.395
   0.388
   0.392
   0.398
   0.400
   0.393
   0.351
 -65.534
 -65.534
 -65.534
 -65.534
   0.694
   0.748
   0.782
   0.803
   0.825
   0.836
   0.839
   0.840
   0.839
   0.839
   0.844
   0.850
   0.858
   0.866
   0.872
   0.877
   0.879
   0.880
   0.876
   0.867
   0.856
   0.839
   0.819
   0.795
   0.769
   0.740
   0.705
   0.617
   0.000
 -65.534
 -65.534
 -65.534
 -65.534
 -65.534
 -65.534
 -65.534
 -65.534
 -65.534
 -65.534
 -65.534
 -65.534
 -65.534
 -65.534
 -65.534
 -65.534
 -65.534
 -65.534
 -65.534
 -65.534
 -65.534
 -65.534
 -65.534
 -65.534
   0.406
   0.406
   0.394
   0.378
   0.365
   0.351
   0.340
   0.338
   0.332
   0.322
   0.301
   0.258
 -65.534
 -65.534
 -65.534
 -65.534
 -65.534
 -65.534
   0.695
   0.736
   0.760
   0.771
   0.768
   0.761
   0.757
   0.755
   0.760
   0.770
   0.778
   0.786
   0.796
   0.803
   0.805
   0.806
   0.802
   0.795
   0.785
   0.768
   0.746
   0.717
   0.684
   0.649
   0.612
   0.531
   0.000
 -65.534
 -65.534
 -65.534
 -65.534
 -65.534
 -65.534
 -65.534
 -65.534
 -65.534
 -65.534
 -65.534
 -65.534
 -65.534
 -65.534
 -65.534
 -65.534
 -65.534
 -65.534
 -65.534
 -65.534
 -65.534
 -65.534
 -65.534
 -65.534
   0.356
   0.365
   0.362
   0.356
   0.349
   0.335
   0.322
   0.311
   0.303
   0.292
   0.279
   0.256
 -65.534
 -65.534
 -65.534
 -65.534
 -65.534
 -65.534
 -65.534
   0.649
   0.684
   0.694
   0.692
   0.680
   0.675
   0.676
   0.682
   0.692
   0.702
   0.712
   0.722
   0.730
   0.733
   0.733
   0.727
   0.718
   0.703
   0.682
   0.655
   0.620
   0.583
   0.545
   0.510
   0.448
   0.000
 -65.534
 -65.534
 -65.534
 -65.534
 -65.534
 -65.534
 -65.534
 -65.534
 -65.534
 -65.534
 -65.534
 -65.534
 -65.534
 -65.534
 -65.534
 -65.534
 -65.534
 -65.534
 -65.534
 -65.534
 -65.534
 -65.534
 -65.534
 -65.534
 -65.534
 -65.534
 -65.534
 -65.534
 -65.534
   0.304
   0.300
   0.298
   0.296
   0.289
   0.280
   0.259
   0.153
 -65.534
 -65.534
 -65.534
 -65.534
 -65.534
 -65.534
   0.473
   0.447
 -65.534
   0.562
   0.574
   0.586
   0.603
   0.615
   0.626
   0.637
   0.646
   0.657
   0.663
   0.665
   0.659
   0.648
   0.634
   0.613
   0.588
   0.555
   0.517
   0.479
   0.443
   0.413
   0.367
   0.000
 -65.534
 -65.534
 -65.534
 -65.534
 -65.534
 -65.534
 -65.534
 -65.534
 -65.534
 -65.534
 -65.534
 -65.534
 -65.534
 -65.534
 -65.534
 -65.534
 -65.534
 -65.534
 -65.534
 -65.534
 -65.534
 -65.534
 -65.534
 -65.534
 -65.534
 -65.534
 -65.534
 -65.534
 -65.534
 -65.534
 -65.534
 -65.534
   0.268
   0.278
   0.277
   0.256
   0.196
   0.129
 -65.534
 -65.534
 -65.534
 -65.534
 -65.534
 -65.534
 -65.534
 -65.534
 -65.534
 -65.534
 -65.534
   0.473
   0.529
   0.556
   0.581
   0.592
   0.597
   0.595
   0.586
   0.575
   0.560
   0.543
   0.522
   0.493
   0.462
   0.428
   0.390
   0.352
   0.315
   0.271
   0.000
 -65.534
 -65.534
 -65.534
 -65.534
 -65.534
 -65.534
 -65.534
 -65.534
 -65.534
 -65.534
 -65.534
 -65.534
 -65.534
 -65.534
 -65.534
 -65.534
 -65.534
 -65.534
 -65.534
 -65.534
 -65.534
 -65.534
 -65.534
 -65.534
 -65.534
 -65.534
 -65.534
 -65.534
 -65.534
 -65.534
 -65.534
 -65.534
   0.245
   0.260
   0.263
   0.247
   0.206
   0.166
   0.123
   0.094
 -65.534
 -65.534
 -65.534
 -65.534
 -65.534
 -65.534
 -65.534
 -65.534
 -65.534
 -65.534
 -65.534
 -65.534
   0.447
   0.490
   0.498
   0.505
   0.495
   0.481
   0.466
   0.450
   0.431
   0.408
   0.384
   0.352
   0.317
   0.285
   0.254
   0.215
   0.000
 -65.534
 -65.534
 -65.534
 -65.534
 -65.534
 -65.534
 -65.534
 -65.534
 -65.534
 -65.534
 -65.534
 -65.534
 -65.534
 -65.534
 -65.534
 -65.534
 -65.534
 -65.534
 -65.534
 -65.534
 -65.534
 -65.534
 -65.534
 -65.534
 -65.534
 -65.534
 -65.534
 -65.534
 -65.534
 -65.534
 -65.534
 -65.534
 -65.534
 -65.534
 -65.534
 -65.534
   0.159
   0.155
   0.140
   0.123
   0.097
   0.082
   0.072
   0.064
   0.059
 -65.534
 -65.534
 -65.534
 -65.534
 -65.534
 -65.534
 -65.534
 -65.534
 -65.534
 -65.534
   0.369
   0.396
   0.392
   0.379
   0.362
   0.346
   0.330
   0.307
   0.284
   0.257
   0.228
   0.195
   0.159
   0.000
 -65.534
 -65.534
 -65.534
 -65.534
 -65.534
 -65.534
 -65.534
 -65.534
 -65.534
 -65.534
 -65.534
 -65.534
 -65.534
 -65.534
 -65.534
 -65.534
 -65.534
 -65.534
 -65.534
 -65.534
 -65.534
 -65.534
 -65.534
 -65.534
 -65.534
 -65.534
 -65.534
 -65.534
 -65.534
 -65.534
 -65.534
 -65.534
 -65.534
 -65.534
 -65.534
 -65.534
 -65.534
 -65.534
 -65.534
 -65.534
   0.076
 -65.534
 -65.534
 -65.534
 -65.534
 -65.534
 -65.534
 -65.534
 -65.534
 -65.534
 -65.534
 -65.534
 -65.534
 -65.534
 -65.534
   0.272
   0.295
   0.295
   0.290
   0.286
   0.272
   0.256
   0.236
   0.212
   0.188
   0.164
   0.132
   0.099
   0.000
 -65.534
 -65.534
 -65.534
 -65.534
 -65.534
 -65.534
 -65.534
 -65.534
 -65.534
 -65.534
 -65.534
 -65.534
 -65.534
 -65.534
 -65.534
 -65.534
 -65.534
 -65.534
 -65.534
 -65.534
 -65.534
 -65.534
 -65.534
 -65.534
 -65.534
 -65.534
 -65.534
 -65.534
 -65.534
 -65.534
 -65.534
 -65.534
 -65.534
 -65.534
 -65.534
 -65.534
 -65.534
 -65.534
 -65.534
 -65.534
 -65.534
 -65.534
 -65.534
 -65.534
 -65.534
 -65.534
 -65.534
 -65.534
 -65.534
 -65.534
 -65.534
 -65.534
 -65.534
 -65.534
 -65.534
 -65.534
 -65.534
 -65.534
 -65.534
   0.213
   0.199
   0.177
   0.151
   0.130
   0.111
   0.090
   0.068
   0.044
   0.000
 -65.534
 -65.534
 -65.534
 -65.534
 -65.534
 -65.534
 -65.534
 -65.534
 -65.534
 -65.534
 -65.534
 -65.534
 -65.534
 -65.534
 -65.534
 -65.534
 -65.534
 -65.534
 -65.534
 -65.534
 -65.534
 -65.534
 -65.534
 -65.534
 -65.534
 -65.534
 -65.534
 -65.534
 -65.534
 -65.534
 -65.534
 -65.534
 -65.534
 -65.534
 -65.534
 -65.534
 -65.534
 -65.534
 -65.534
 -65.534
 -65.534
 -65.534
 -65.534
 -65.534
 -65.534
 -65.534
 -65.534
 -65.534
 -65.534
 -65.534
 -65.534
 -65.534
 -65.534
 -65.534
 -65.534
 -65.534
 -65.534
 -65.534
 -65.534
 -65.534
 -65.534
   0.000
   0.000
   0.000
   0.000
   0.000
   0.000
   0.000
 -65.534
