 -65.534
   0.000
   0.000
   0.000
   0.000
   0.000
   0.000
   0.000
   0.000
   0.000
   0.000
   0.000
   0.000
   0.000
   0.000
   0.000
   0.000
   0.000
   0.000
   0.000
   0.000
   0.000
   0.000
   0.000
   0.000
   0.000
   0.000
   0.000
   0.000
   0.000
   0.000
   0.000
   0.000
   0.000
   0.000
   0.000
   0.000
   0.000
   0.000
   0.000
   0.000
   0.000
   0.000
   0.000
   0.000
   0.000
   0.000
   0.000
   0.000
   0.000
   0.000
   0.000
   0.000
   0.000
   0.000
   0.000
   0.000
   0.000
   0.000
   0.000
   0.000
   0.000
   0.000
   0.000
   0.000
   0.000
   0.000
   0.000
 -65.534
   0.000
   1.227
   1.358
   1.437
   1.520
   1.593
   1.661
   1.722
   1.780
   1.838
   1.896
   1.954
   2.006
   2.052
   2.089
   2.121
   2.143
   2.159
   2.168
   2.166
   2.154
   2.134
   2.112
   2.082
   2.077
   2.082
   2.082
   2.074
   2.055
   2.034
   2.011
   1.989
   1.969
   1.944
   1.917
   1.878
   1.834
   1.772
   1.688
   1.582
   1.458
   1.312
   1.143
   0.962
   0.819
   0.740
   0.714
   0.709
   0.702
   0.687
   0.654
   0.617
   0.572
   0.536
   0.533
   0.520
   0.518
   0.516
   0.529
   0.535
   0.534
   0.531
   0.535
   0.537
   0.518
   0.505
   0.486
   0.463
   0.000
   0.000
   1.266
   1.388
   1.459
   1.541
   1.620
   1.698
   1.773
   1.848
   1.920
   1.994
   2.062
   2.120
   2.169
   2.206
   2.234
   2.258
   2.277
   2.292
   2.305
   2.306
   2.299
   2.291
   2.278
   2.282
   2.291
   2.295
   2.295
   2.288
   2.277
   2.267
   2.255
   2.246
   2.232
   2.210
   2.175
   2.130
   2.066
   1.967
   1.844
   1.706
   1.552
   1.370
   1.162
   0.977
   0.883
   0.863
   0.857
   0.836
   0.806
   0.771
   0.733
   0.694
   0.661
   0.641
   0.626
   0.626
   0.634
   0.644
   0.653
   0.660
   0.668
   0.675
   0.678
   0.669
   0.653
   0.630
   0.593
   0.000
   0.000
   1.214
   1.322
   1.380
   1.452
   1.524
   1.602
   1.685
   1.774
   1.862
   1.948
   2.025
   2.092
   2.143
   2.179
   2.207
   2.228
   2.250
   2.273
   2.295
   2.311
   2.320
   2.329
   2.337
   2.341
   2.354
   2.362
   2.365
   2.362
   2.361
   2.361
   2.361
   2.362
   2.365
   2.351
   2.321
   2.276
   2.204
   2.097
   1.960
   1.807
   1.646
   1.469
   1.266
   1.072
   0.974
   0.954
   0.944
   0.916
   0.877
   0.837
   0.793
   0.752
   0.721
   0.696
   0.683
   0.678
   0.683
   0.692
   0.703
   0.715
   0.733
   0.755
   0.773
   0.776
   0.764
   0.741
   0.687
   0.000
   0.000
   1.155
   1.245
   1.288
   1.346
   1.408
   1.478
   1.559
   1.651
   1.746
   1.841
   1.927
   2.001
   2.058
   2.096
   2.124
   2.147
   2.175
   2.203
   2.236
   2.267
   2.291
   2.314
   2.337
   2.353
   2.372
   2.385
   2.390
   2.392
   2.398
   2.408
   2.416
   2.428
   2.440
   2.438
   2.422
   2.388
   2.323
   2.215
   2.075
   1.910
   1.731
   1.553
   1.363
   1.174
   1.054
   1.015
   0.995
   0.958
   0.915
   0.870
   0.825
   0.787
   0.759
   0.734
   0.719
   0.714
   0.716
   0.725
   0.740
   0.760
   0.787
   0.819
   0.845
   0.857
   0.847
   0.820
   0.750
   0.000
   0.000
   1.097
   1.175
   1.206
   1.253
   1.304
   1.367
   1.439
   1.525
   1.618
   1.712
   1.799
   1.875
   1.934
   1.978
   2.014
   2.047
   2.082
   2.116
   2.154
   2.188
   2.222
   2.257
   2.288
   2.320
   2.342
   2.356
   2.365
   2.372
   2.384
   2.399
   2.416
   2.437
   2.461
   2.477
   2.476
   2.457
   2.406
   2.316
   2.186
   2.019
   1.828
   1.636
   1.451
   1.274
   1.139
   1.063
   1.021
   0.980
   0.937
   0.893
   0.854
   0.821
   0.796
   0.773
   0.758
   0.752
   0.755
   0.762
   0.777
   0.799
   0.833
   0.868
   0.896
   0.908
   0.899
   0.870
   0.790
   0.000
   0.000
   1.041
   1.112
   1.137
   1.176
   1.225
   1.279
   1.348
   1.426
   1.508
   1.595
   1.677
   1.748
   1.811
   1.862
   1.906
   1.949
   1.989
   2.027
   2.066
   2.103
   2.138
   2.179
   2.219
   2.252
   2.275
   2.292
   2.304
   2.317
   2.333
   2.355
   2.378
   2.406
   2.438
   2.464
   2.481
   2.485
   2.456
   2.392
   2.288
   2.144
   1.959
   1.758
   1.563
   1.388
   1.249
   1.148
   1.080
   1.026
   0.976
   0.931
   0.891
   0.861
   0.837
   0.818
   0.803
   0.796
   0.795
   0.799
   0.811
   0.834
   0.866
   0.899
   0.924
   0.933
   0.922
   0.892
   0.807
   0.000
   0.000
   0.986
   1.053
   1.076
   1.114
   1.161
   1.214
   1.277
   1.346
   1.420
   1.498
   1.572
   1.640
   1.701
   1.757
   1.808
   1.857
   1.903
   1.945
   1.983
   2.017
   2.052
   2.088
   2.124
   2.158
   2.182
   2.201
   2.218
   2.234
   2.255
   2.282
   2.309
   2.341
   2.376
   2.412
   2.445
   2.465
   2.462
   2.429
   2.368
   2.261
   2.108
   1.925
   1.731
   1.549
   1.395
   1.276
   1.187
   1.112
   1.047
   0.990
   0.940
   0.903
   0.877
   0.854
   0.836
   0.829
   0.826
   0.829
   0.839
   0.859
   0.889
   0.918
   0.937
   0.943
   0.927
   0.895
   0.806
   0.000
   0.000
   0.928
   1.001
   1.024
   1.061
   1.106
   1.158
   1.218
   1.281
   1.346
   1.417
   1.483
   1.547
   1.608
   1.665
   1.719
   1.772
   1.820
   1.864
   1.903
   1.937
   1.969
   1.998
   2.029
   2.057
   2.081
   2.105
   2.122
   2.140
   2.165
   2.196
   2.226
   2.260
   2.300
   2.343
   2.382
   2.416
   2.435
   2.435
   2.407
   2.346
   2.239
   2.092
   1.916
   1.734
   1.571
   1.437
   1.325
   1.234
   1.153
   1.079
   1.010
   0.960
   0.922
   0.887
   0.865
   0.851
   0.848
   0.848
   0.860
   0.878
   0.901
   0.922
   0.937
   0.934
   0.917
   0.884
   0.796
   0.000
   0.000
   0.863
   0.948
   0.973
   1.009
   1.050
   1.102
   1.159
   1.218
   1.280
   1.343
   1.405
   1.466
   1.527
   1.586
   1.642
   1.694
   1.746
   1.791
   1.831
   1.866
   1.893
   1.919
   1.944
   1.965
   1.984
   2.005
   2.025
   2.042
   2.069
   2.102
   2.137
   2.172
   2.215
   2.263
   2.311
   2.355
   2.390
   2.407
   2.407
   2.375
   2.306
   2.194
   2.045
   1.874
   1.711
   1.574
   1.459
   1.356
   1.264
   1.175
   1.092
   1.024
   0.966
   0.921
   0.888
   0.869
   0.862
   0.863
   0.871
   0.885
   0.902
   0.916
   0.924
   0.918
   0.898
   0.865
   0.780
   0.000
   0.000
   0.787
   0.884
   0.915
   0.953
   0.993
   1.041
   1.097
   1.155
   1.215
   1.274
   1.335
   1.399
   1.459
   1.519
   1.575
   1.628
   1.679
   1.724
   1.766
   1.801
   1.828
   1.849
   1.868
   1.885
   1.898
   1.912
   1.929
   1.949
   1.974
   2.007
   2.045
   2.085
   2.129
   2.179
   2.232
   2.281
   2.324
   2.350
   2.362
   2.348
   2.303
   2.216
   2.090
   1.935
   1.784
   1.654
   1.544
   1.442
   1.344
   1.248
   1.160
   1.075
   1.001
   0.940
   0.901
   0.876
   0.866
   0.864
   0.874
   0.885
   0.902
   0.916
   0.918
   0.908
   0.888
   0.855
   0.770
   0.000
   0.000
   0.702
   0.812
   0.852
   0.893
   0.931
   0.980
   1.033
   1.091
   1.150
   1.208
   1.271
   1.336
   1.400
   1.460
   1.516
   1.569
   1.617
   1.662
   1.704
   1.740
   1.766
   1.789
   1.808
   1.821
   1.831
   1.840
   1.853
   1.872
   1.893
   1.925
   1.960
   2.004
   2.049
   2.104
   2.159
   2.207
   2.250
   2.280
   2.292
   2.285
   2.252
   2.182
   2.075
   1.941
   1.806
   1.683
   1.578
   1.484
   1.385
   1.284
   1.191
   1.102
   1.019
   0.950
   0.897
   0.868
   0.857
   0.860
   0.868
   0.884
   0.901
   0.914
   0.916
   0.907
   0.887
   0.855
   0.768
   0.000
   0.000
   0.590
   0.732
   0.782
   0.826
   0.866
   0.914
   0.967
   1.023
   1.081
   1.142
   1.204
   1.273
   1.339
   1.401
   1.457
   1.506
   1.552
   1.596
   1.638
   1.676
   1.705
   1.733
   1.756
   1.772
   1.781
   1.792
   1.801
   1.816
   1.833
   1.858
   1.893
   1.934
   1.979
   2.032
   2.087
   2.136
   2.176
   2.202
   2.215
   2.211
   2.180
   2.124
   2.033
   1.917
   1.800
   1.685
   1.585
   1.490
   1.400
   1.305
   1.213
   1.121
   1.036
   0.959
   0.901
   0.861
   0.850
   0.851
   0.863
   0.880
   0.900
   0.915
   0.922
   0.919
   0.898
   0.864
   0.773
   0.000
 -65.534
 -65.534
   0.586
   0.709
   0.755
   0.798
   0.843
   0.892
   0.947
   1.006
   1.065
   1.128
   1.194
   1.260
   1.324
   1.378
   1.426
   1.471
   1.515
   1.559
   1.600
   1.635
   1.669
   1.700
   1.727
   1.742
   1.754
   1.763
   1.772
   1.783
   1.801
   1.828
   1.868
   1.912
   1.958
   2.008
   2.054
   2.089
   2.115
   2.127
   2.124
   2.100
   2.051
   1.972
   1.871
   1.769
   1.666
   1.571
   1.487
   1.398
   1.311
   1.220
   1.133
   1.047
   0.969
   0.903
   0.860
   0.843
   0.846
   0.862
   0.885
   0.909
   0.937
   0.950
   0.950
   0.930
   0.890
   0.790
   0.000
 -65.534
 -65.534
 -65.534
   0.569
   0.684
   0.729
   0.776
   0.822
   0.868
   0.920
   0.978
   1.038
   1.103
   1.165
   1.225
   1.278
   1.324
   1.366
   1.412
   1.458
   1.503
   1.548
   1.591
   1.629
   1.665
   1.691
   1.710
   1.718
   1.722
   1.728
   1.743
   1.765
   1.795
   1.832
   1.869
   1.920
   1.965
   1.994
   2.019
   2.035
   2.036
   2.015
   1.976
   1.907
   1.821
   1.730
   1.640
   1.554
   1.474
   1.393
   1.310
   1.226
   1.141
   1.050
   0.967
   0.900
   0.860
   0.839
   0.845
   0.863
   0.894
   0.930
   0.964
   0.987
   0.990
   0.968
   0.926
   0.817
   0.000
 -65.534
 -65.534
 -65.534
 -65.534
   0.589
   0.658
   0.707
   0.750
   0.790
   0.832
   0.884
   0.942
   1.002
   1.063
   1.118
   1.166
   1.207
   1.249
   1.292
   1.339
   1.386
   1.435
   1.483
   1.532
   1.574
   1.608
   1.630
   1.644
   1.650
   1.655
   1.667
   1.686
   1.709
   1.735
   1.772
   1.815
   1.850
   1.887
   1.906
   1.924
   1.934
   1.927
   1.898
   1.848
   1.780
   1.704
   1.625
   1.547
   1.474
   1.399
   1.320
   1.234
   1.151
   1.064
   0.982
   0.916
   0.873
   0.857
   0.862
   0.886
   0.922
   0.967
   1.004
   1.030
   1.033
   1.018
   0.975
   0.858
   0.000
 -65.534
 -65.534
 -65.534
 -65.534
   0.520
   0.589
   0.637
   0.677
   0.712
   0.748
   0.792
   0.847
   0.906
   0.963
   1.013
   1.055
   1.093
   1.128
   1.165
   1.204
   1.248
   1.295
   1.344
   1.393
   1.438
   1.476
   1.509
   1.529
   1.540
   1.548
   1.559
   1.575
   1.596
   1.624
   1.655
   1.691
   1.722
   1.747
   1.769
   1.798
   1.819
   1.829
   1.819
   1.790
   1.739
   1.681
   1.618
   1.554
   1.490
   1.424
   1.347
   1.265
   1.184
   1.106
   1.034
   0.976
   0.939
   0.926
   0.933
   0.958
   0.995
   1.038
   1.076
   1.101
   1.104
   1.089
   1.055
   0.950
   0.000
 -65.534
 -65.534
 -65.534
 -65.534
   0.460
   0.525
   0.567
   0.606
   0.637
   0.667
   0.703
   0.750
   0.808
   0.863
   0.911
   0.950
   0.981
   1.007
   1.036
   1.070
   1.103
   1.142
   1.183
   1.228
   1.267
   1.307
   1.342
   1.370
   1.389
   1.403
   1.421
   1.440
   1.466
   1.492
   1.520
   1.548
   1.570
   1.593
   1.618
   1.646
   1.677
   1.702
   1.721
   1.712
   1.681
   1.640
   1.594
   1.548
   1.496
   1.438
   1.374
   1.304
   1.234
   1.170
   1.119
   1.073
   1.045
   1.038
   1.045
   1.064
   1.092
   1.126
   1.159
   1.176
   1.176
   1.163
   1.134
   1.028
   0.000
 -65.534
 -65.534
 -65.534
 -65.534
   0.391
   0.435
   0.472
   0.515
   0.562
   0.587
   0.618
   0.653
   0.704
   0.757
   0.803
   0.839
   0.867
   0.891
   0.912
   0.936
   0.961
   0.989
   1.021
   1.053
   1.089
   1.121
   1.157
   1.188
   1.214
   1.239
   1.262
   1.283
   1.307
   1.331
   1.352
   1.373
   1.391
   1.413
   1.441
   1.473
   1.507
   1.542
   1.570
   1.574
   1.568
   1.553
   1.531
   1.503
   1.471
   1.430
   1.384
   1.331
   1.275
   1.230
   1.188
   1.162
   1.146
   1.140
   1.145
   1.157
   1.177
   1.195
   1.209
   1.212
   1.209
   1.194
   1.167
   1.056
   0.000
 -65.534
 -65.534
 -65.534
 -65.534
 -65.534
 -65.534
 -65.534
 -65.534
   0.469
   0.508
   0.534
   0.563
   0.600
   0.647
   0.692
   0.730
   0.757
   0.778
   0.799
   0.817
   0.832
   0.847
   0.865
   0.889
   0.914
   0.944
   0.975
   1.007
   1.036
   1.063
   1.084
   1.100
   1.114
   1.129
   1.145
   1.165
   1.187
   1.212
   1.245
   1.283
   1.324
   1.363
   1.395
   1.418
   1.433
   1.437
   1.432
   1.424
   1.412
   1.390
   1.360
   1.324
   1.289
   1.255
   1.231
   1.217
   1.211
   1.209
   1.212
   1.216
   1.218
   1.218
   1.213
   1.209
   1.198
   1.181
   1.154
   1.025
   0.000
 -65.534
 -65.534
 -65.534
 -65.534
 -65.534
 -65.534
   0.337
   0.347
   0.399
   0.443
   0.467
   0.491
   0.517
   0.553
   0.591
   0.629
   0.659
   0.685
   0.704
   0.715
   0.722
   0.726
   0.733
   0.745
   0.758
   0.784
   0.815
   0.845
   0.872
   0.896
   0.910
   0.913
   0.915
   0.919
   0.924
   0.939
   0.966
   1.003
   1.049
   1.100
   1.149
   1.196
   1.235
   1.269
   1.293
   1.306
   1.316
   1.321
   1.316
   1.303
   1.290
   1.273
   1.254
   1.237
   1.227
   1.222
   1.220
   1.224
   1.227
   1.224
   1.214
   1.196
   1.181
   1.167
   1.154
   1.138
   1.104
   0.997
   0.000
 -65.534
 -65.534
 -65.534
 -65.534
 -65.534
 -65.534
 -65.534
 -65.534
 -65.534
   0.374
   0.399
   0.419
   0.438
   0.458
   0.493
   0.542
   0.577
   0.609
   0.628
   0.638
   0.636
   0.632
   0.629
   0.634
   0.646
   0.666
   0.688
   0.718
   0.741
   0.757
   0.760
   0.753
   0.741
   0.729
   0.725
   0.733
   0.758
   0.798
   0.857
   0.925
   0.993
   1.050
   1.094
   1.131
   1.158
   1.174
   1.184
   1.194
   1.194
   1.191
   1.187
   1.185
   1.178
   1.171
   1.170
   1.172
   1.178
   1.182
   1.183
   1.171
   1.152
   1.127
   1.106
   1.095
   1.083
   1.071
   1.042
   0.947
   0.000
 -65.534
 -65.534
 -65.534
 -65.534
 -65.534
 -65.534
 -65.534
 -65.534
 -65.534
 -65.534
 -65.534
 -65.534
 -65.534
 -65.534
 -65.534
   0.418
   0.454
   0.495
   0.549
   0.591
   0.587
   0.576
   0.569
   0.567
   0.578
   0.600
   0.629
   0.652
   0.670
   0.675
   0.665
   0.642
   0.615
   0.588
   0.570
   0.567
   0.580
   0.621
   0.696
   0.777
   0.857
   0.924
   0.972
   1.009
   1.034
   1.050
   1.059
   1.066
   1.069
   1.068
   1.065
   1.068
   1.068
   1.073
   1.081
   1.090
   1.096
   1.099
   1.093
   1.074
   1.047
   1.019
   1.002
   0.994
   0.988
   0.985
   0.973
   0.891
   0.000
 -65.534
 -65.534
 -65.534
 -65.534
 -65.534
 -65.534
 -65.534
 -65.534
 -65.534
 -65.534
 -65.534
 -65.534
 -65.534
 -65.534
 -65.534
 -65.534
 -65.534
 -65.534
 -65.534
   0.547
   0.569
   0.566
   0.560
   0.561
   0.578
   0.607
   0.638
   0.660
   0.670
   0.661
   0.638
   0.603
   0.567
   0.536
   0.508
   0.489
   0.483
   0.507
   0.573
   0.662
   0.752
   0.825
   0.880
   0.917
   0.940
   0.952
   0.956
   0.959
   0.963
   0.962
   0.965
   0.972
   0.978
   0.983
   0.993
   1.001
   1.005
   1.000
   0.986
   0.960
   0.929
   0.904
   0.886
   0.881
   0.887
   0.895
   0.894
   0.833
   0.000
 -65.534
 -65.534
 -65.534
 -65.534
 -65.534
 -65.534
 -65.534
 -65.534
 -65.534
 -65.534
 -65.534
 -65.534
 -65.534
 -65.534
 -65.534
 -65.534
 -65.534
 -65.534
   0.438
   0.547
   0.585
   0.582
   0.585
   0.599
   0.627
   0.662
   0.692
   0.713
   0.718
   0.705
   0.676
   0.638
   0.602
   0.568
   0.536
   0.508
   0.489
   0.488
   0.528
   0.602
   0.691
   0.767
   0.826
   0.863
   0.882
   0.887
   0.886
   0.884
   0.887
   0.892
   0.901
   0.911
   0.919
   0.923
   0.926
   0.927
   0.923
   0.910
   0.888
   0.854
   0.820
   0.794
   0.779
   0.778
   0.786
   0.804
   0.816
   0.785
   0.000
 -65.534
 -65.534
 -65.534
 -65.534
 -65.534
 -65.534
 -65.534
 -65.534
 -65.534
 -65.534
 -65.534
 -65.534
 -65.534
 -65.534
 -65.534
 -65.534
 -65.534
   0.437
   0.482
   0.527
   0.594
   0.614
   0.621
   0.640
   0.677
   0.717
   0.750
   0.771
   0.776
   0.765
   0.737
   0.702
   0.671
   0.638
   0.605
   0.573
   0.547
   0.534
   0.553
   0.608
   0.679
   0.751
   0.810
   0.850
   0.868
   0.865
   0.854
   0.850
   0.848
   0.852
   0.862
   0.876
   0.884
   0.889
   0.888
   0.888
   0.881
   0.859
   0.823
   0.782
   0.740
   0.706
   0.684
   0.681
   0.693
   0.714
   0.735
   0.710
   0.000
 -65.534
 -65.534
 -65.534
 -65.534
 -65.534
 -65.534
 -65.534
 -65.534
 -65.534
 -65.534
 -65.534
 -65.534
 -65.534
 -65.534
 -65.534
 -65.534
 -65.534
   0.472
   0.498
   0.516
   0.555
   0.632
   0.647
   0.668
   0.701
   0.742
   0.772
   0.791
   0.799
   0.796
   0.778
   0.750
   0.722
   0.691
   0.658
   0.628
   0.603
   0.587
   0.597
   0.641
   0.701
   0.766
   0.822
   0.864
   0.883
   0.874
   0.861
   0.850
   0.845
   0.846
   0.856
   0.862
   0.870
   0.876
   0.877
   0.878
   0.872
   0.852
   0.816
   0.771
   0.722
   0.675
   0.638
   0.620
   0.621
   0.636
   0.656
   0.647
   0.000
 -65.534
 -65.534
 -65.534
 -65.534
 -65.534
 -65.534
 -65.534
 -65.534
 -65.534
 -65.534
 -65.534
 -65.534
 -65.534
 -65.534
 -65.534
 -65.534
 -65.534
   0.464
   0.493
   0.505
   0.528
   0.596
   0.659
   0.676
   0.695
   0.724
   0.749
   0.763
   0.771
   0.773
   0.765
   0.744
   0.723
   0.696
   0.670
   0.649
   0.633
   0.626
   0.638
   0.679
   0.735
   0.794
   0.844
   0.882
   0.900
   0.899
   0.887
   0.877
   0.873
   0.876
   0.881
   0.887
   0.894
   0.897
   0.898
   0.899
   0.895
   0.881
   0.856
   0.822
   0.780
   0.731
   0.682
   0.640
   0.630
   0.618
   0.575
   0.552
   0.000
 -65.534
 -65.534
 -65.534
 -65.534
 -65.534
 -65.534
 -65.534
 -65.534
 -65.534
 -65.534
 -65.534
 -65.534
 -65.534
 -65.534
 -65.534
 -65.534
 -65.534
   0.439
   0.475
   0.493
   0.514
   0.555
   0.647
   0.674
   0.677
   0.683
   0.695
   0.704
   0.709
   0.711
   0.709
   0.695
   0.680
   0.664
   0.652
   0.646
   0.646
   0.657
   0.680
   0.721
   0.774
   0.826
   0.868
   0.899
   0.916
   0.921
   0.919
   0.916
   0.915
   0.919
   0.924
   0.927
   0.928
   0.926
   0.921
   0.917
   0.915
   0.911
   0.901
   0.884
   0.857
   0.824
   0.780
   0.734
   0.695
   0.648
   0.590
   0.542
   0.000
 -65.534
 -65.534
 -65.534
 -65.534
 -65.534
 -65.534
 -65.534
 -65.534
 -65.534
 -65.534
 -65.534
 -65.534
 -65.534
 -65.534
 -65.534
 -65.534
 -65.534
 -65.534
   0.436
   0.473
   0.502
   0.531
   0.578
   0.648
   0.654
   0.646
   0.648
   0.650
   0.649
   0.646
   0.638
   0.621
   0.611
   0.606
   0.610
   0.624
   0.642
   0.671
   0.705
   0.750
   0.803
   0.849
   0.887
   0.914
   0.932
   0.941
   0.946
   0.946
   0.952
   0.954
   0.956
   0.953
   0.947
   0.939
   0.932
   0.924
   0.922
   0.921
   0.920
   0.919
   0.911
   0.895
   0.871
   0.835
   0.790
   0.740
   0.673
   0.574
   0.000
 -65.534
 -65.534
 -65.534
 -65.534
 -65.534
 -65.534
 -65.534
 -65.534
 -65.534
 -65.534
 -65.534
 -65.534
 -65.534
 -65.534
 -65.534
 -65.534
 -65.534
 -65.534
 -65.534
   0.433
   0.477
   0.506
   0.528
   0.560
   0.599
   0.609
   0.615
   0.622
   0.621
   0.613
   0.594
   0.564
   0.539
   0.531
   0.543
   0.570
   0.605
   0.638
   0.677
   0.733
   0.796
   0.842
   0.882
   0.913
   0.936
   0.951
   0.958
   0.961
   0.963
   0.963
   0.963
   0.954
   0.946
   0.937
   0.930
   0.922
   0.918
   0.920
   0.927
   0.931
   0.934
   0.931
   0.926
   0.907
   0.875
   0.827
   0.764
   0.646
   0.000
 -65.534
 -65.534
 -65.534
 -65.534
 -65.534
 -65.534
 -65.534
 -65.534
 -65.534
 -65.534
 -65.534
 -65.534
 -65.534
 -65.534
 -65.534
 -65.534
 -65.534
 -65.534
 -65.534
 -65.534
   0.430
   0.462
   0.489
   0.518
   0.556
   0.579
   0.598
   0.608
   0.608
   0.595
   0.562
   0.521
   0.473
   0.433
   0.392
   0.329
 -65.534
 -65.534
 -65.534
 -65.534
   0.689
   0.787
   0.850
   0.889
   0.922
   0.942
   0.949
   0.952
   0.952
   0.948
   0.944
   0.933
   0.923
   0.914
   0.903
   0.897
   0.898
   0.902
   0.910
   0.922
   0.931
   0.938
   0.943
   0.939
   0.918
   0.882
   0.828
   0.708
   0.000
 -65.534
 -65.534
 -65.534
 -65.534
 -65.534
 -65.534
 -65.534
 -65.534
 -65.534
 -65.534
 -65.534
 -65.534
 -65.534
 -65.534
 -65.534
 -65.534
 -65.534
 -65.534
 -65.534
 -65.534
 -65.534
 -65.534
 -65.534
 -65.534
   0.506
   0.554
   0.578
   0.587
   0.583
   0.566
   0.531
   0.486
   0.434
   0.386
   0.333
   0.265
 -65.534
 -65.534
 -65.534
 -65.534
 -65.534
 -65.534
   0.763
   0.842
   0.879
   0.898
   0.905
   0.902
   0.899
   0.892
   0.885
   0.879
   0.873
   0.866
   0.862
   0.859
   0.861
   0.868
   0.879
   0.893
   0.909
   0.920
   0.929
   0.932
   0.923
   0.899
   0.856
   0.743
   0.000
 -65.534
 -65.534
 -65.534
 -65.534
 -65.534
 -65.534
 -65.534
 -65.534
 -65.534
 -65.534
 -65.534
 -65.534
 -65.534
 -65.534
 -65.534
 -65.534
 -65.534
 -65.534
 -65.534
 -65.534
 -65.534
 -65.534
 -65.534
 -65.534
   0.437
   0.490
   0.515
   0.527
   0.529
   0.519
   0.482
   0.444
   0.399
   0.356
   0.313
   0.260
 -65.534
 -65.534
 -65.534
 -65.534
 -65.534
 -65.534
 -65.534
   0.740
   0.792
   0.807
   0.821
   0.816
   0.815
   0.816
   0.813
   0.812
   0.809
   0.811
   0.813
   0.817
   0.823
   0.832
   0.844
   0.858
   0.872
   0.885
   0.896
   0.900
   0.896
   0.881
   0.849
   0.752
   0.000
 -65.534
 -65.534
 -65.534
 -65.534
 -65.534
 -65.534
 -65.534
 -65.534
 -65.534
 -65.534
 -65.534
 -65.534
 -65.534
 -65.534
 -65.534
 -65.534
 -65.534
 -65.534
 -65.534
 -65.534
 -65.534
 -65.534
 -65.534
 -65.534
 -65.534
 -65.534
 -65.534
 -65.534
 -65.534
   0.420
   0.405
   0.384
   0.365
   0.334
   0.304
   0.266
   0.174
 -65.534
 -65.534
 -65.534
 -65.534
 -65.534
 -65.534
   0.526
   0.458
 -65.534
   0.671
   0.696
   0.709
   0.726
   0.726
   0.733
   0.740
   0.747
   0.759
   0.772
   0.784
   0.793
   0.804
   0.818
   0.832
   0.842
   0.852
   0.859
   0.856
   0.845
   0.819
   0.736
   0.000
 -65.534
 -65.534
 -65.534
 -65.534
 -65.534
 -65.534
 -65.534
 -65.534
 -65.534
 -65.534
 -65.534
 -65.534
 -65.534
 -65.534
 -65.534
 -65.534
 -65.534
 -65.534
 -65.534
 -65.534
 -65.534
 -65.534
 -65.534
 -65.534
 -65.534
 -65.534
 -65.534
 -65.534
 -65.534
 -65.534
 -65.534
 -65.534
   0.307
   0.303
   0.288
   0.258
   0.208
   0.151
 -65.534
 -65.534
 -65.534
 -65.534
 -65.534
 -65.534
 -65.534
 -65.534
 -65.534
 -65.534
 -65.534
   0.588
   0.617
   0.631
   0.660
   0.673
   0.694
   0.714
   0.728
   0.739
   0.751
   0.762
   0.776
   0.788
   0.801
   0.811
   0.809
   0.802
   0.781
   0.706
   0.000
 -65.534
 -65.534
 -65.534
 -65.534
 -65.534
 -65.534
 -65.534
 -65.534
 -65.534
 -65.534
 -65.534
 -65.534
 -65.534
 -65.534
 -65.534
 -65.534
 -65.534
 -65.534
 -65.534
 -65.534
 -65.534
 -65.534
 -65.534
 -65.534
 -65.534
 -65.534
 -65.534
 -65.534
 -65.534
 -65.534
 -65.534
 -65.534
   0.238
   0.249
   0.246
   0.228
   0.209
   0.185
   0.147
   0.114
 -65.534
 -65.534
 -65.534
 -65.534
 -65.534
 -65.534
 -65.534
 -65.534
 -65.534
 -65.534
 -65.534
 -65.534
   0.528
   0.561
   0.590
   0.635
   0.647
   0.665
   0.678
   0.693
   0.706
   0.724
   0.738
   0.750
   0.753
   0.748
   0.727
   0.663
   0.000
 -65.534
 -65.534
 -65.534
 -65.534
 -65.534
 -65.534
 -65.534
 -65.534
 -65.534
 -65.534
 -65.534
 -65.534
 -65.534
 -65.534
 -65.534
 -65.534
 -65.534
 -65.534
 -65.534
 -65.534
 -65.534
 -65.534
 -65.534
 -65.534
 -65.534
 -65.534
 -65.534
 -65.534
 -65.534
 -65.534
 -65.534
 -65.534
 -65.534
 -65.534
 -65.534
 -65.534
   0.156
   0.170
   0.165
   0.150
   0.120
   0.104
   0.097
   0.086
   0.078
 -65.534
 -65.534
 -65.534
 -65.534
 -65.534
 -65.534
 -65.534
 -65.534
 -65.534
 -65.534
   0.521
   0.551
   0.574
   0.595
   0.616
   0.632
   0.650
   0.667
   0.682
   0.689
   0.686
   0.665
   0.606
   0.000
 -65.534
 -65.534
 -65.534
 -65.534
 -65.534
 -65.534
 -65.534
 -65.534
 -65.534
 -65.534
 -65.534
 -65.534
 -65.534
 -65.534
 -65.534
 -65.534
 -65.534
 -65.534
 -65.534
 -65.534
 -65.534
 -65.534
 -65.534
 -65.534
 -65.534
 -65.534
 -65.534
 -65.534
 -65.534
 -65.534
 -65.534
 -65.534
 -65.534
 -65.534
 -65.534
 -65.534
 -65.534
 -65.534
 -65.534
 -65.534
   0.101
 -65.534
 -65.534
 -65.534
 -65.534
 -65.534
 -65.534
 -65.534
 -65.534
 -65.534
 -65.534
 -65.534
 -65.534
 -65.534
 -65.534
   0.438
   0.452
   0.467
   0.486
   0.527
   0.549
   0.572
   0.589
   0.602
   0.612
   0.609
   0.590
   0.539
   0.000
 -65.534
 -65.534
 -65.534
 -65.534
 -65.534
 -65.534
 -65.534
 -65.534
 -65.534
 -65.534
 -65.534
 -65.534
 -65.534
 -65.534
 -65.534
 -65.534
 -65.534
 -65.534
 -65.534
 -65.534
 -65.534
 -65.534
 -65.534
 -65.534
 -65.534
 -65.534
 -65.534
 -65.534
 -65.534
 -65.534
 -65.534
 -65.534
 -65.534
 -65.534
 -65.534
 -65.534
 -65.534
 -65.534
 -65.534
 -65.534
 -65.534
 -65.534
 -65.534
 -65.534
 -65.534
 -65.534
 -65.534
 -65.534
 -65.534
 -65.534
 -65.534
 -65.534
 -65.534
 -65.534
 -65.534
 -65.534
 -65.534
 -65.534
 -65.534
   0.423
   0.441
   0.453
   0.461
   0.475
   0.484
   0.488
   0.470
   0.426
   0.000
 -65.534
 -65.534
 -65.534
 -65.534
 -65.534
 -65.534
 -65.534
 -65.534
 -65.534
 -65.534
 -65.534
 -65.534
 -65.534
 -65.534
 -65.534
 -65.534
 -65.534
 -65.534
 -65.534
 -65.534
 -65.534
 -65.534
 -65.534
 -65.534
 -65.534
 -65.534
 -65.534
 -65.534
 -65.534
 -65.534
 -65.534
 -65.534
 -65.534
 -65.534
 -65.534
 -65.534
 -65.534
 -65.534
 -65.534
 -65.534
 -65.534
 -65.534
 -65.534
 -65.534
 -65.534
 -65.534
 -65.534
 -65.534
 -65.534
 -65.534
 -65.534
 -65.534
 -65.534
 -65.534
 -65.534
 -65.534
 -65.534
 -65.534
 -65.534
 -65.534
 -65.534
   0.000
   0.000
   0.000
   0.000
   0.000
   0.000
   0.000
 -65.534
