 -65.534
   0.000
   0.000
   0.000
   0.000
   0.000
   0.000
   0.000
   0.000
   0.000
   0.000
   0.000
   0.000
   0.000
   0.000
   0.000
   0.000
   0.000
   0.000
   0.000
   0.000
   0.000
   0.000
   0.000
   0.000
   0.000
   0.000
   0.000
   0.000
   0.000
   0.000
   0.000
   0.000
   0.000
   0.000
   0.000
   0.000
   0.000
   0.000
   0.000
   0.000
   0.000
   0.000
   0.000
   0.000
   0.000
   0.000
   0.000
   0.000
   0.000
   0.000
   0.000
   0.000
   0.000
   0.000
   0.000
   0.000
   0.000
   0.000
   0.000
   0.000
   0.000
   0.000
   0.000
   0.000
   0.000
   0.000
   0.000
 -65.534
   0.000
   1.213
   1.396
   1.529
   1.661
   1.785
   1.893
   1.989
   2.078
   2.163
   2.251
   2.341
   2.436
   2.529
   2.610
   2.682
   2.737
   2.784
   2.818
   2.842
   2.847
   2.833
   2.805
   2.742
   2.702
   2.660
   2.609
   2.542
   2.465
   2.393
   2.323
   2.246
   2.169
   2.084
   2.012
   1.920
   1.822
   1.725
   1.632
   1.551
   1.476
   1.401
   1.330
   1.249
   1.134
   1.014
   0.912
   0.850
   0.834
   0.873
   0.940
   1.020
   1.110
   1.189
   1.290
   1.375
   1.457
   1.528
   1.589
   1.645
   1.682
   1.704
   1.724
   1.744
   1.757
   1.769
   1.786
   1.742
   0.000
   0.000
   1.312
   1.495
   1.615
   1.754
   1.890
   2.024
   2.150
   2.261
   2.369
   2.476
   2.583
   2.686
   2.776
   2.847
   2.906
   2.949
   2.986
   3.012
   3.026
   3.023
   3.005
   2.973
   2.916
   2.882
   2.846
   2.801
   2.741
   2.672
   2.604
   2.532
   2.459
   2.387
   2.305
   2.217
   2.110
   1.981
   1.851
   1.728
   1.618
   1.522
   1.436
   1.354
   1.264
   1.144
   1.014
   0.916
   0.879
   0.895
   0.963
   1.063
   1.178
   1.298
   1.420
   1.543
   1.653
   1.761
   1.857
   1.938
   2.006
   2.054
   2.090
   2.116
   2.139
   2.162
   2.177
   2.192
   2.137
   0.000
   0.000
   1.317
   1.492
   1.603
   1.731
   1.868
   2.006
   2.142
   2.269
   2.392
   2.513
   2.626
   2.732
   2.819
   2.882
   2.928
   2.965
   2.989
   3.005
   3.016
   3.011
   2.994
   2.967
   2.927
   2.887
   2.858
   2.823
   2.778
   2.724
   2.665
   2.602
   2.537
   2.466
   2.385
   2.290
   2.169
   2.032
   1.888
   1.744
   1.612
   1.503
   1.402
   1.304
   1.201
   1.084
   0.964
   0.875
   0.846
   0.878
   0.957
   1.075
   1.206
   1.345
   1.488
   1.630
   1.767
   1.893
   2.003
   2.088
   2.159
   2.210
   2.250
   2.279
   2.311
   2.336
   2.359
   2.381
   2.327
   0.000
   0.000
   1.315
   1.486
   1.581
   1.699
   1.824
   1.956
   2.090
   2.221
   2.349
   2.474
   2.591
   2.696
   2.779
   2.838
   2.880
   2.906
   2.927
   2.939
   2.946
   2.945
   2.934
   2.916
   2.894
   2.866
   2.852
   2.829
   2.801
   2.764
   2.718
   2.663
   2.600
   2.535
   2.456
   2.354
   2.229
   2.086
   1.925
   1.770
   1.632
   1.508
   1.394
   1.288
   1.177
   1.057
   0.943
   0.860
   0.835
   0.866
   0.945
   1.066
   1.207
   1.358
   1.517
   1.674
   1.827
   1.962
   2.078
   2.169
   2.238
   2.297
   2.339
   2.382
   2.417
   2.456
   2.488
   2.518
   2.463
   0.000
   0.000
   1.317
   1.481
   1.572
   1.676
   1.790
   1.908
   2.032
   2.158
   2.284
   2.401
   2.510
   2.604
   2.682
   2.739
   2.778
   2.805
   2.823
   2.836
   2.842
   2.848
   2.843
   2.834
   2.824
   2.828
   2.832
   2.826
   2.816
   2.795
   2.763
   2.713
   2.650
   2.583
   2.498
   2.393
   2.271
   2.126
   1.962
   1.801
   1.655
   1.528
   1.413
   1.297
   1.180
   1.062
   0.952
   0.869
   0.835
   0.862
   0.938
   1.060
   1.212
   1.380
   1.554
   1.722
   1.873
   2.010
   2.127
   2.217
   2.290
   2.355
   2.409
   2.460
   2.505
   2.552
   2.592
   2.626
   2.570
   0.000
   0.000
   1.316
   1.477
   1.566
   1.664
   1.764
   1.872
   1.986
   2.105
   2.218
   2.326
   2.423
   2.507
   2.576
   2.628
   2.662
   2.692
   2.710
   2.723
   2.733
   2.743
   2.750
   2.753
   2.765
   2.783
   2.798
   2.816
   2.830
   2.829
   2.808
   2.757
   2.694
   2.612
   2.525
   2.417
   2.293
   2.155
   2.003
   1.850
   1.706
   1.576
   1.460
   1.348
   1.230
   1.110
   0.988
   0.891
   0.848
   0.862
   0.927
   1.046
   1.204
   1.386
   1.582
   1.767
   1.922
   2.063
   2.170
   2.249
   2.324
   2.397
   2.457
   2.513
   2.567
   2.625
   2.673
   2.709
   2.654
   0.000
   0.000
   1.309
   1.476
   1.562
   1.658
   1.749
   1.846
   1.950
   2.059
   2.164
   2.264
   2.350
   2.426
   2.487
   2.533
   2.568
   2.595
   2.614
   2.630
   2.643
   2.655
   2.669
   2.684
   2.705
   2.735
   2.769
   2.807
   2.841
   2.856
   2.843
   2.793
   2.720
   2.627
   2.527
   2.418
   2.303
   2.180
   2.049
   1.913
   1.781
   1.662
   1.553
   1.444
   1.333
   1.207
   1.073
   0.959
   0.889
   0.868
   0.909
   1.010
   1.162
   1.353
   1.569
   1.773
   1.950
   2.093
   2.197
   2.274
   2.349
   2.414
   2.479
   2.541
   2.608
   2.675
   2.725
   2.765
   2.720
   0.000
   0.000
   1.295
   1.470
   1.559
   1.652
   1.740
   1.831
   1.923
   2.023
   2.122
   2.216
   2.296
   2.363
   2.419
   2.462
   2.492
   2.519
   2.541
   2.558
   2.573
   2.587
   2.606
   2.627
   2.653
   2.696
   2.742
   2.795
   2.839
   2.864
   2.854
   2.804
   2.726
   2.629
   2.525
   2.413
   2.309
   2.206
   2.097
   1.987
   1.880
   1.780
   1.680
   1.586
   1.483
   1.363
   1.224
   1.094
   0.996
   0.937
   0.925
   0.975
   1.094
   1.275
   1.501
   1.727
   1.926
   2.080
   2.192
   2.271
   2.348
   2.415
   2.478
   2.547
   2.625
   2.699
   2.759
   2.801
   2.762
   0.000
   0.000
   1.268
   1.449
   1.546
   1.640
   1.724
   1.808
   1.895
   1.991
   2.085
   2.175
   2.250
   2.311
   2.363
   2.400
   2.430
   2.459
   2.480
   2.500
   2.520
   2.541
   2.560
   2.586
   2.617
   2.661
   2.716
   2.771
   2.824
   2.855
   2.847
   2.800
   2.722
   2.627
   2.524
   2.422
   2.330
   2.246
   2.158
   2.072
   1.994
   1.918
   1.837
   1.754
   1.672
   1.566
   1.438
   1.299
   1.180
   1.084
   1.018
   0.992
   1.056
   1.198
   1.406
   1.629
   1.836
   2.010
   2.139
   2.233
   2.314
   2.390
   2.464
   2.543
   2.632
   2.714
   2.778
   2.825
   2.791
   0.000
   0.000
   1.225
   1.409
   1.514
   1.613
   1.698
   1.778
   1.860
   1.948
   2.037
   2.125
   2.197
   2.260
   2.308
   2.345
   2.375
   2.401
   2.429
   2.453
   2.479
   2.504
   2.533
   2.560
   2.592
   2.634
   2.689
   2.750
   2.802
   2.832
   2.828
   2.789
   2.723
   2.638
   2.547
   2.461
   2.387
   2.320
   2.252
   2.185
   2.127
   2.070
   2.008
   1.943
   1.870
   1.788
   1.681
   1.551
   1.416
   1.292
   1.175
   1.088
   1.092
   1.166
   1.316
   1.502
   1.704
   1.883
   2.028
   2.142
   2.245
   2.345
   2.439
   2.532
   2.631
   2.721
   2.790
   2.840
   2.808
   0.000
   0.000
   1.178
   1.358
   1.467
   1.566
   1.652
   1.735
   1.816
   1.893
   1.975
   2.056
   2.131
   2.196
   2.252
   2.293
   2.324
   2.353
   2.379
   2.408
   2.438
   2.470
   2.506
   2.539
   2.570
   2.612
   2.661
   2.715
   2.771
   2.803
   2.809
   2.782
   2.734
   2.670
   2.594
   2.529
   2.474
   2.424
   2.374
   2.324
   2.279
   2.237
   2.189
   2.139
   2.076
   2.002
   1.916
   1.806
   1.678
   1.530
   1.382
   1.255
   1.195
   1.193
   1.272
   1.409
   1.564
   1.728
   1.885
   2.026
   2.159
   2.293
   2.414
   2.533
   2.646
   2.747
   2.822
   2.869
   2.828
   0.000
   0.000
   1.121
   1.306
   1.408
   1.502
   1.584
   1.667
   1.746
   1.827
   1.902
   1.979
   2.048
   2.115
   2.176
   2.223
   2.260
   2.295
   2.329
   2.360
   2.395
   2.432
   2.470
   2.505
   2.542
   2.586
   2.634
   2.688
   2.740
   2.775
   2.793
   2.783
   2.757
   2.716
   2.662
   2.615
   2.578
   2.543
   2.506
   2.468
   2.437
   2.408
   2.373
   2.335
   2.280
   2.213
   2.137
   2.046
   1.925
   1.774
   1.614
   1.465
   1.361
   1.299
   1.298
   1.357
   1.464
   1.593
   1.749
   1.906
   2.070
   2.237
   2.393
   2.540
   2.678
   2.790
   2.869
   2.912
   2.849
   0.000
 -65.534
 -65.534
   1.169
   1.325
   1.411
   1.495
   1.577
   1.657
   1.737
   1.812
   1.883
   1.953
   2.019
   2.080
   2.131
   2.177
   2.215
   2.252
   2.291
   2.330
   2.371
   2.416
   2.457
   2.500
   2.549
   2.605
   2.659
   2.712
   2.754
   2.779
   2.789
   2.784
   2.761
   2.729
   2.699
   2.677
   2.657
   2.630
   2.605
   2.588
   2.567
   2.547
   2.522
   2.475
   2.419
   2.352
   2.271
   2.158
   2.013
   1.848
   1.686
   1.539
   1.427
   1.350
   1.342
   1.394
   1.492
   1.635
   1.807
   1.997
   2.189
   2.373
   2.562
   2.722
   2.849
   2.929
   2.963
   2.880
   0.000
 -65.534
 -65.534
 -65.534
   1.154
   1.301
   1.388
   1.473
   1.550
   1.625
   1.697
   1.770
   1.836
   1.898
   1.958
   2.012
   2.063
   2.107
   2.150
   2.191
   2.236
   2.282
   2.331
   2.383
   2.439
   2.499
   2.567
   2.630
   2.685
   2.735
   2.770
   2.792
   2.802
   2.796
   2.787
   2.782
   2.765
   2.752
   2.740
   2.729
   2.724
   2.717
   2.715
   2.696
   2.660
   2.609
   2.548
   2.468
   2.367
   2.233
   2.068
   1.895
   1.722
   1.568
   1.436
   1.360
   1.366
   1.444
   1.571
   1.742
   1.943
   2.159
   2.372
   2.568
   2.747
   2.883
   2.966
   3.003
   2.902
   0.000
 -65.534
 -65.534
 -65.534
 -65.534
   1.131
   1.271
   1.352
   1.426
   1.495
   1.566
   1.639
   1.704
   1.766
   1.821
   1.876
   1.927
   1.976
   2.019
   2.062
   2.107
   2.157
   2.215
   2.274
   2.346
   2.420
   2.502
   2.577
   2.643
   2.700
   2.743
   2.775
   2.797
   2.808
   2.819
   2.830
   2.835
   2.846
   2.835
   2.832
   2.841
   2.856
   2.865
   2.856
   2.824
   2.780
   2.727
   2.653
   2.554
   2.419
   2.263
   2.086
   1.894
   1.705
   1.549
   1.441
   1.409
   1.462
   1.579
   1.744
   1.946
   2.166
   2.380
   2.577
   2.749
   2.882
   2.970
   3.004
   2.887
   0.000
 -65.534
 -65.534
 -65.534
 -65.534
   1.011
   1.144
   1.218
   1.285
   1.353
   1.424
   1.496
   1.562
   1.625
   1.682
   1.732
   1.777
   1.824
   1.869
   1.912
   1.955
   2.003
   2.062
   2.129
   2.207
   2.293
   2.387
   2.475
   2.555
   2.624
   2.680
   2.722
   2.755
   2.784
   2.811
   2.841
   2.869
   2.894
   2.904
   2.916
   2.920
   2.945
   2.966
   2.968
   2.950
   2.911
   2.863
   2.798
   2.706
   2.580
   2.429
   2.251
   2.051
   1.851
   1.678
   1.567
   1.522
   1.564
   1.665
   1.816
   2.004
   2.212
   2.409
   2.586
   2.735
   2.843
   2.919
   2.951
   2.821
   0.000
 -65.534
 -65.534
 -65.534
 -65.534
   0.919
   1.030
   1.090
   1.147
   1.207
   1.278
   1.348
   1.416
   1.477
   1.532
   1.582
   1.629
   1.666
   1.705
   1.745
   1.787
   1.833
   1.886
   1.952
   2.030
   2.119
   2.213
   2.312
   2.405
   2.487
   2.559
   2.620
   2.669
   2.710
   2.753
   2.801
   2.848
   2.887
   2.917
   2.934
   2.943
   2.955
   2.975
   3.002
   2.999
   2.971
   2.935
   2.882
   2.802
   2.691
   2.556
   2.385
   2.193
   1.999
   1.830
   1.720
   1.675
   1.704
   1.798
   1.936
   2.105
   2.284
   2.451
   2.594
   2.701
   2.780
   2.836
   2.857
   2.719
   0.000
 -65.534
 -65.534
 -65.534
 -65.534
   0.842
   0.929
   0.975
   1.018
   1.077
   1.140
   1.207
   1.272
   1.329
   1.383
   1.428
   1.465
   1.503
   1.545
   1.582
   1.616
   1.657
   1.705
   1.762
   1.836
   1.917
   2.010
   2.108
   2.206
   2.300
   2.385
   2.461
   2.522
   2.581
   2.634
   2.694
   2.754
   2.807
   2.852
   2.876
   2.890
   2.896
   2.916
   2.941
   2.947
   2.948
   2.935
   2.900
   2.836
   2.754
   2.636
   2.493
   2.321
   2.145
   1.985
   1.872
   1.830
   1.851
   1.938
   2.062
   2.209
   2.363
   2.501
   2.599
   2.672
   2.724
   2.763
   2.778
   2.626
   0.000
 -65.534
 -65.534
 -65.534
 -65.534
 -65.534
 -65.534
 -65.534
 -65.534
   0.918
   1.017
   1.080
   1.141
   1.193
   1.240
   1.277
   1.307
   1.342
   1.383
   1.427
   1.465
   1.500
   1.537
   1.581
   1.646
   1.725
   1.811
   1.899
   1.990
   2.086
   2.175
   2.260
   2.334
   2.398
   2.464
   2.530
   2.599
   2.662
   2.714
   2.751
   2.776
   2.796
   2.820
   2.841
   2.864
   2.885
   2.884
   2.859
   2.823
   2.769
   2.688
   2.581
   2.443
   2.286
   2.136
   2.027
   1.982
   2.001
   2.064
   2.175
   2.305
   2.433
   2.540
   2.612
   2.663
   2.699
   2.732
   2.740
   2.577
   0.000
 -65.534
 -65.534
 -65.534
 -65.534
 -65.534
 -65.534
   0.427
   0.614
   0.820
   0.911
   0.975
   1.028
   1.075
   1.112
   1.144
   1.173
   1.204
   1.241
   1.285
   1.321
   1.354
   1.388
   1.432
   1.483
   1.545
   1.625
   1.710
   1.797
   1.886
   1.974
   2.057
   2.131
   2.203
   2.272
   2.342
   2.413
   2.484
   2.543
   2.593
   2.633
   2.667
   2.699
   2.732
   2.766
   2.795
   2.799
   2.794
   2.788
   2.755
   2.695
   2.625
   2.535
   2.411
   2.283
   2.185
   2.132
   2.133
   2.186
   2.274
   2.371
   2.464
   2.545
   2.604
   2.650
   2.695
   2.731
   2.737
   2.549
   0.000
 -65.534
 -65.534
 -65.534
 -65.534
 -65.534
 -65.534
 -65.534
 -65.534
 -65.534
   0.792
   0.874
   0.921
   0.961
   0.994
   1.022
   1.062
   1.096
   1.134
   1.172
   1.208
   1.235
   1.266
   1.308
   1.363
   1.427
   1.492
   1.561
   1.640
   1.719
   1.794
   1.867
   1.943
   2.015
   2.089
   2.162
   2.234
   2.306
   2.370
   2.428
   2.479
   2.529
   2.574
   2.616
   2.650
   2.680
   2.697
   2.707
   2.711
   2.700
   2.679
   2.648
   2.608
   2.522
   2.426
   2.340
   2.282
   2.265
   2.296
   2.357
   2.414
   2.469
   2.519
   2.571
   2.623
   2.677
   2.720
   2.731
   2.508
   0.000
 -65.534
 -65.534
 -65.534
 -65.534
 -65.534
 -65.534
 -65.534
 -65.534
 -65.534
 -65.534
 -65.534
 -65.534
 -65.534
 -65.534
 -65.534
   0.914
   0.989
   1.034
   1.077
   1.125
   1.155
   1.185
   1.225
   1.277
   1.340
   1.404
   1.468
   1.525
   1.587
   1.655
   1.721
   1.785
   1.852
   1.921
   1.997
   2.070
   2.143
   2.212
   2.296
   2.359
   2.413
   2.461
   2.501
   2.540
   2.573
   2.596
   2.613
   2.632
   2.639
   2.640
   2.636
   2.624
   2.590
   2.524
   2.469
   2.422
   2.391
   2.398
   2.423
   2.441
   2.461
   2.494
   2.547
   2.601
   2.654
   2.696
   2.699
   2.451
   0.000
 -65.534
 -65.534
 -65.534
 -65.534
 -65.534
 -65.534
 -65.534
 -65.534
 -65.534
 -65.534
 -65.534
 -65.534
 -65.534
 -65.534
 -65.534
 -65.534
 -65.534
 -65.534
 -65.534
   1.017
   1.094
   1.137
   1.182
   1.231
   1.286
   1.344
   1.401
   1.455
   1.506
   1.547
   1.599
   1.660
   1.721
   1.789
   1.865
   1.941
   2.017
   2.092
   2.168
   2.243
   2.307
   2.360
   2.408
   2.448
   2.481
   2.506
   2.522
   2.546
   2.570
   2.580
   2.599
   2.611
   2.607
   2.583
   2.555
   2.525
   2.495
   2.485
   2.483
   2.470
   2.467
   2.497
   2.542
   2.601
   2.645
   2.678
   2.661
   2.372
   0.000
 -65.534
 -65.534
 -65.534
 -65.534
 -65.534
 -65.534
 -65.534
 -65.534
 -65.534
 -65.534
 -65.534
 -65.534
 -65.534
 -65.534
 -65.534
 -65.534
 -65.534
 -65.534
   0.858
   1.043
   1.093
   1.139
   1.181
   1.225
   1.272
   1.318
   1.365
   1.410
   1.452
   1.489
   1.525
   1.569
   1.624
   1.687
   1.761
   1.841
   1.920
   1.995
   2.068
   2.142
   2.217
   2.287
   2.343
   2.387
   2.413
   2.422
   2.431
   2.446
   2.468
   2.498
   2.535
   2.569
   2.585
   2.585
   2.570
   2.556
   2.546
   2.538
   2.524
   2.502
   2.491
   2.512
   2.544
   2.589
   2.624
   2.638
   2.582
   2.247
   0.000
 -65.534
 -65.534
 -65.534
 -65.534
 -65.534
 -65.534
 -65.534
 -65.534
 -65.534
 -65.534
 -65.534
 -65.534
 -65.534
 -65.534
 -65.534
 -65.534
 -65.534
   0.855
   1.049
   1.092
   1.134
   1.176
   1.217
   1.256
   1.290
   1.327
   1.364
   1.398
   1.430
   1.460
   1.486
   1.516
   1.563
   1.616
   1.682
   1.757
   1.829
   1.904
   1.977
   2.052
   2.137
   2.221
   2.298
   2.354
   2.380
   2.381
   2.370
   2.370
   2.387
   2.411
   2.449
   2.488
   2.512
   2.524
   2.534
   2.553
   2.563
   2.563
   2.547
   2.521
   2.503
   2.505
   2.526
   2.555
   2.571
   2.562
   2.468
   2.082
   0.000
 -65.534
 -65.534
 -65.534
 -65.534
 -65.534
 -65.534
 -65.534
 -65.534
 -65.534
 -65.534
 -65.534
 -65.534
 -65.534
 -65.534
 -65.534
 -65.534
 -65.534
   1.022
   1.110
   1.141
   1.186
   1.221
   1.265
   1.298
   1.327
   1.354
   1.384
   1.410
   1.434
   1.456
   1.474
   1.488
   1.520
   1.563
   1.613
   1.677
   1.746
   1.813
   1.885
   1.966
   2.055
   2.146
   2.239
   2.306
   2.342
   2.344
   2.325
   2.316
   2.322
   2.342
   2.370
   2.384
   2.401
   2.419
   2.437
   2.463
   2.495
   2.513
   2.505
   2.482
   2.466
   2.465
   2.472
   2.477
   2.471
   2.445
   2.324
   1.931
   0.000
 -65.534
 -65.534
 -65.534
 -65.534
 -65.534
 -65.534
 -65.534
 -65.534
 -65.534
 -65.534
 -65.534
 -65.534
 -65.534
 -65.534
 -65.534
 -65.534
 -65.534
   1.065
   1.140
   1.177
   1.221
   1.262
   1.305
   1.340
   1.363
   1.384
   1.407
   1.430
   1.449
   1.465
   1.477
   1.477
   1.496
   1.524
   1.565
   1.614
   1.673
   1.736
   1.807
   1.884
   1.970
   2.062
   2.155
   2.227
   2.270
   2.281
   2.269
   2.260
   2.259
   2.267
   2.280
   2.287
   2.301
   2.314
   2.326
   2.345
   2.377
   2.400
   2.406
   2.392
   2.375
   2.367
   2.360
   2.348
   2.329
   2.279
   2.152
   1.782
   0.000
 -65.534
 -65.534
 -65.534
 -65.534
 -65.534
 -65.534
 -65.534
 -65.534
 -65.534
 -65.534
 -65.534
 -65.534
 -65.534
 -65.534
 -65.534
 -65.534
 -65.534
   1.063
   1.143
   1.188
   1.237
   1.284
   1.332
   1.368
   1.391
   1.405
   1.427
   1.448
   1.464
   1.482
   1.491
   1.483
   1.495
   1.515
   1.545
   1.587
   1.636
   1.694
   1.758
   1.831
   1.911
   1.994
   2.075
   2.140
   2.181
   2.197
   2.196
   2.186
   2.180
   2.177
   2.183
   2.187
   2.194
   2.196
   2.199
   2.208
   2.226
   2.250
   2.264
   2.266
   2.255
   2.239
   2.219
   2.190
   2.148
   2.089
   1.966
   1.617
   0.000
 -65.534
 -65.534
 -65.534
 -65.534
 -65.534
 -65.534
 -65.534
 -65.534
 -65.534
 -65.534
 -65.534
 -65.534
 -65.534
 -65.534
 -65.534
 -65.534
 -65.534
 -65.534
   1.092
   1.175
   1.231
   1.287
   1.334
   1.372
   1.391
   1.405
   1.425
   1.445
   1.464
   1.484
   1.496
   1.490
   1.501
   1.520
   1.548
   1.585
   1.624
   1.672
   1.731
   1.799
   1.875
   1.947
   2.015
   2.067
   2.102
   2.115
   2.117
   2.104
   2.098
   2.089
   2.089
   2.083
   2.084
   2.082
   2.080
   2.076
   2.090
   2.110
   2.127
   2.136
   2.127
   2.108
   2.076
   2.029
   1.967
   1.891
   1.765
   1.454
   0.000
 -65.534
 -65.534
 -65.534
 -65.534
 -65.534
 -65.534
 -65.534
 -65.534
 -65.534
 -65.534
 -65.534
 -65.534
 -65.534
 -65.534
 -65.534
 -65.534
 -65.534
 -65.534
 -65.534
   1.114
   1.204
   1.259
   1.306
   1.339
   1.362
   1.376
   1.394
   1.414
   1.436
   1.462
   1.476
   1.486
   1.503
   1.524
   1.559
   1.597
   1.647
   1.698
   1.749
   1.812
   1.854
   1.902
   1.954
   1.998
   2.021
   2.033
   2.029
   2.016
   2.003
   1.992
   1.996
   1.988
   1.987
   1.986
   1.982
   1.981
   1.983
   1.991
   2.002
   2.014
   2.006
   1.985
   1.946
   1.881
   1.802
   1.709
   1.575
   1.280
   0.000
 -65.534
 -65.534
 -65.534
 -65.534
 -65.534
 -65.534
 -65.534
 -65.534
 -65.534
 -65.534
 -65.534
 -65.534
 -65.534
 -65.534
 -65.534
 -65.534
 -65.534
 -65.534
 -65.534
 -65.534
   1.128
   1.217
   1.275
   1.309
   1.333
   1.344
   1.363
   1.382
   1.407
   1.435
   1.449
   1.467
   1.465
   1.446
   1.386
   1.177
 -65.534
 -65.534
 -65.534
 -65.534
   1.680
   1.803
   1.868
   1.911
   1.945
   1.954
   1.947
   1.935
   1.919
   1.909
   1.901
   1.890
   1.885
   1.880
   1.872
   1.870
   1.866
   1.874
   1.879
   1.883
   1.877
   1.855
   1.811
   1.741
   1.647
   1.534
   1.385
   1.100
   0.000
 -65.534
 -65.534
 -65.534
 -65.534
 -65.534
 -65.534
 -65.534
 -65.534
 -65.534
 -65.534
 -65.534
 -65.534
 -65.534
 -65.534
 -65.534
 -65.534
 -65.534
 -65.534
 -65.534
 -65.534
 -65.534
 -65.534
 -65.534
 -65.534
   1.236
   1.297
   1.327
   1.352
   1.378
   1.397
   1.403
   1.407
   1.382
   1.320
   1.191
   0.941
 -65.534
 -65.534
 -65.534
 -65.534
 -65.534
 -65.534
   1.711
   1.815
   1.858
   1.875
   1.868
   1.847
   1.828
   1.808
   1.794
   1.783
   1.772
   1.758
   1.750
   1.740
   1.732
   1.729
   1.731
   1.730
   1.725
   1.708
   1.659
   1.583
   1.482
   1.355
   1.194
   0.910
   0.000
 -65.534
 -65.534
 -65.534
 -65.534
 -65.534
 -65.534
 -65.534
 -65.534
 -65.534
 -65.534
 -65.534
 -65.534
 -65.534
 -65.534
 -65.534
 -65.534
 -65.534
 -65.534
 -65.534
 -65.534
 -65.534
 -65.534
 -65.534
 -65.534
   1.142
   1.227
   1.267
   1.307
   1.342
   1.354
   1.345
   1.327
   1.279
   1.196
   1.067
   0.883
 -65.534
 -65.534
 -65.534
 -65.534
 -65.534
 -65.534
 -65.534
   1.673
   1.753
   1.769
   1.779
   1.752
   1.735
   1.713
   1.695
   1.679
   1.661
   1.643
   1.626
   1.611
   1.598
   1.589
   1.581
   1.571
   1.548
   1.515
   1.458
   1.379
   1.274
   1.148
   0.992
   0.738
   0.000
 -65.534
 -65.534
 -65.534
 -65.534
 -65.534
 -65.534
 -65.534
 -65.534
 -65.534
 -65.534
 -65.534
 -65.534
 -65.534
 -65.534
 -65.534
 -65.534
 -65.534
 -65.534
 -65.534
 -65.534
 -65.534
 -65.534
 -65.534
 -65.534
 -65.534
 -65.534
 -65.534
 -65.534
 -65.534
   1.203
   1.231
   1.215
   1.182
   1.104
   1.004
   0.872
   0.464
 -65.534
 -65.534
 -65.534
 -65.534
 -65.534
 -65.534
   1.397
   1.307
 -65.534
   1.523
   1.573
   1.589
   1.613
   1.599
   1.583
   1.553
   1.527
   1.505
   1.482
   1.464
   1.442
   1.422
   1.394
   1.356
   1.302
   1.231
   1.138
   1.031
   0.905
   0.755
   0.532
   0.000
 -65.534
 -65.534
 -65.534
 -65.534
 -65.534
 -65.534
 -65.534
 -65.534
 -65.534
 -65.534
 -65.534
 -65.534
 -65.534
 -65.534
 -65.534
 -65.534
 -65.534
 -65.534
 -65.534
 -65.534
 -65.534
 -65.534
 -65.534
 -65.534
 -65.534
 -65.534
 -65.534
 -65.534
 -65.534
 -65.534
 -65.534
 -65.534
   1.033
   1.015
   0.957
   0.852
   0.612
   0.382
 -65.534
 -65.534
 -65.534
 -65.534
 -65.534
 -65.534
 -65.534
 -65.534
 -65.534
 -65.534
 -65.534
   1.319
   1.417
   1.435
   1.461
   1.429
   1.395
   1.344
   1.303
   1.268
   1.231
   1.189
   1.137
   1.069
   0.987
   0.893
   0.788
   0.670
   0.535
   0.352
   0.000
 -65.534
 -65.534
 -65.534
 -65.534
 -65.534
 -65.534
 -65.534
 -65.534
 -65.534
 -65.534
 -65.534
 -65.534
 -65.534
 -65.534
 -65.534
 -65.534
 -65.534
 -65.534
 -65.534
 -65.534
 -65.534
 -65.534
 -65.534
 -65.534
 -65.534
 -65.534
 -65.534
 -65.534
 -65.534
 -65.534
 -65.534
 -65.534
   0.930
   0.930
   0.904
   0.823
   0.663
   0.502
   0.361
   0.276
 -65.534
 -65.534
 -65.534
 -65.534
 -65.534
 -65.534
 -65.534
 -65.534
 -65.534
 -65.534
 -65.534
 -65.534
   1.117
   1.188
   1.176
   1.166
   1.113
   1.064
   1.013
   0.961
   0.900
   0.826
   0.746
   0.656
   0.561
   0.461
   0.349
   0.213
   0.000
 -65.534
 -65.534
 -65.534
 -65.534
 -65.534
 -65.534
 -65.534
 -65.534
 -65.534
 -65.534
 -65.534
 -65.534
 -65.534
 -65.534
 -65.534
 -65.534
 -65.534
 -65.534
 -65.534
 -65.534
 -65.534
 -65.534
 -65.534
 -65.534
 -65.534
 -65.534
 -65.534
 -65.534
 -65.534
 -65.534
 -65.534
 -65.534
 -65.534
 -65.534
 -65.534
 -65.534
   0.522
   0.487
   0.424
   0.368
   0.289
   0.242
   0.211
   0.204
   0.204
 -65.534
 -65.534
 -65.534
 -65.534
 -65.534
 -65.534
 -65.534
 -65.534
 -65.534
 -65.534
   0.837
   0.889
   0.857
   0.806
   0.742
   0.675
   0.602
   0.526
   0.444
   0.366
   0.286
   0.196
   0.106
   0.000
 -65.534
 -65.534
 -65.534
 -65.534
 -65.534
 -65.534
 -65.534
 -65.534
 -65.534
 -65.534
 -65.534
 -65.534
 -65.534
 -65.534
 -65.534
 -65.534
 -65.534
 -65.534
 -65.534
 -65.534
 -65.534
 -65.534
 -65.534
 -65.534
 -65.534
 -65.534
 -65.534
 -65.534
 -65.534
 -65.534
 -65.534
 -65.534
 -65.534
 -65.534
 -65.534
 -65.534
 -65.534
 -65.534
 -65.534
 -65.534
   0.230
 -65.534
 -65.534
 -65.534
 -65.534
 -65.534
 -65.534
 -65.534
 -65.534
 -65.534
 -65.534
 -65.534
 -65.534
 -65.534
 -65.534
   0.502
   0.593
   0.587
   0.556
   0.536
   0.473
   0.386
   0.312
   0.245
   0.185
   0.131
   0.068
   0.020
   0.000
 -65.534
 -65.534
 -65.534
 -65.534
 -65.534
 -65.534
 -65.534
 -65.534
 -65.534
 -65.534
 -65.534
 -65.534
 -65.534
 -65.534
 -65.534
 -65.534
 -65.534
 -65.534
 -65.534
 -65.534
 -65.534
 -65.534
 -65.534
 -65.534
 -65.534
 -65.534
 -65.534
 -65.534
 -65.534
 -65.534
 -65.534
 -65.534
 -65.534
 -65.534
 -65.534
 -65.534
 -65.534
 -65.534
 -65.534
 -65.534
 -65.534
 -65.534
 -65.534
 -65.534
 -65.534
 -65.534
 -65.534
 -65.534
 -65.534
 -65.534
 -65.534
 -65.534
 -65.534
 -65.534
 -65.534
 -65.534
 -65.534
 -65.534
 -65.534
   0.245
   0.235
   0.172
   0.107
   0.068
   0.047
   0.031
   0.023
   0.017
   0.000
 -65.534
 -65.534
 -65.534
 -65.534
 -65.534
 -65.534
 -65.534
 -65.534
 -65.534
 -65.534
 -65.534
 -65.534
 -65.534
 -65.534
 -65.534
 -65.534
 -65.534
 -65.534
 -65.534
 -65.534
 -65.534
 -65.534
 -65.534
 -65.534
 -65.534
 -65.534
 -65.534
 -65.534
 -65.534
 -65.534
 -65.534
 -65.534
 -65.534
 -65.534
 -65.534
 -65.534
 -65.534
 -65.534
 -65.534
 -65.534
 -65.534
 -65.534
 -65.534
 -65.534
 -65.534
 -65.534
 -65.534
 -65.534
 -65.534
 -65.534
 -65.534
 -65.534
 -65.534
 -65.534
 -65.534
 -65.534
 -65.534
 -65.534
 -65.534
 -65.534
 -65.534
   0.000
   0.000
   0.000
   0.000
   0.000
   0.000
   0.000
 -65.534
