 -65.534
   0.000
   0.000
   0.000
   0.000
   0.000
   0.000
   0.000
   0.000
   0.000
   0.000
   0.000
   0.000
   0.000
   0.000
   0.000
   0.000
   0.000
   0.000
   0.000
   0.000
   0.000
   0.000
   0.000
   0.000
   0.000
   0.000
   0.000
   0.000
   0.000
   0.000
   0.000
   0.000
   0.000
   0.000
   0.000
   0.000
   0.000
   0.000
   0.000
   0.000
   0.000
   0.000
   0.000
   0.000
   0.000
   0.000
   0.000
   0.000
   0.000
   0.000
   0.000
   0.000
   0.000
   0.000
   0.000
   0.000
   0.000
   0.000
   0.000
   0.000
   0.000
   0.000
   0.000
   0.000
   0.000
   0.000
   0.000
 -65.534
   0.000
   1.013
   1.103
   1.149
   1.194
   1.235
   1.267
   1.288
   1.299
   1.302
   1.301
   1.296
   1.288
   1.279
   1.267
   1.253
   1.236
   1.234
   1.248
   1.281
   1.328
   1.387
   1.442
   1.512
   1.508
   1.475
   1.447
   1.432
   1.418
   1.421
   1.424
   1.421
   1.430
   1.447
   1.434
   1.432
   1.415
   1.398
   1.390
   1.372
   1.366
   1.368
   1.368
   1.367
   1.351
   1.322
   1.291
   1.268
   1.256
   1.255
   1.256
   1.255
   1.253
   1.242
   1.236
   1.215
   1.187
   1.145
   1.088
   1.032
   0.979
   0.926
   0.884
   0.849
   0.825
   0.815
   0.821
   0.825
   0.000
   0.000
   1.146
   1.231
   1.262
   1.307
   1.348
   1.386
   1.416
   1.434
   1.446
   1.454
   1.461
   1.461
   1.460
   1.444
   1.425
   1.402
   1.389
   1.387
   1.401
   1.428
   1.463
   1.499
   1.543
   1.537
   1.509
   1.489
   1.479
   1.481
   1.493
   1.509
   1.525
   1.543
   1.562
   1.563
   1.557
   1.546
   1.522
   1.500
   1.484
   1.476
   1.479
   1.482
   1.486
   1.473
   1.447
   1.427
   1.422
   1.429
   1.444
   1.460
   1.472
   1.482
   1.486
   1.482
   1.470
   1.448
   1.413
   1.360
   1.301
   1.240
   1.181
   1.124
   1.077
   1.041
   1.022
   1.023
   1.017
   0.000
   0.000
   1.177
   1.252
   1.278
   1.315
   1.354
   1.394
   1.429
   1.453
   1.472
   1.485
   1.496
   1.501
   1.498
   1.481
   1.459
   1.433
   1.411
   1.399
   1.399
   1.411
   1.431
   1.452
   1.468
   1.474
   1.459
   1.449
   1.446
   1.453
   1.469
   1.491
   1.514
   1.544
   1.571
   1.580
   1.585
   1.576
   1.553
   1.534
   1.516
   1.508
   1.508
   1.512
   1.512
   1.500
   1.481
   1.471
   1.476
   1.495
   1.518
   1.541
   1.564
   1.581
   1.591
   1.595
   1.589
   1.576
   1.545
   1.497
   1.443
   1.385
   1.323
   1.262
   1.212
   1.174
   1.151
   1.145
   1.127
   0.000
   0.000
   1.201
   1.273
   1.289
   1.316
   1.348
   1.382
   1.414
   1.442
   1.462
   1.481
   1.495
   1.504
   1.504
   1.488
   1.461
   1.432
   1.406
   1.388
   1.379
   1.377
   1.388
   1.397
   1.401
   1.403
   1.399
   1.402
   1.412
   1.430
   1.451
   1.475
   1.505
   1.534
   1.561
   1.579
   1.587
   1.582
   1.563
   1.541
   1.528
   1.521
   1.521
   1.524
   1.526
   1.520
   1.512
   1.511
   1.524
   1.551
   1.580
   1.609
   1.636
   1.659
   1.676
   1.685
   1.689
   1.678
   1.656
   1.614
   1.563
   1.506
   1.444
   1.382
   1.328
   1.286
   1.257
   1.245
   1.213
   0.000
   0.000
   1.224
   1.290
   1.304
   1.323
   1.344
   1.369
   1.394
   1.420
   1.444
   1.460
   1.472
   1.479
   1.475
   1.459
   1.431
   1.399
   1.372
   1.353
   1.337
   1.331
   1.334
   1.338
   1.343
   1.337
   1.342
   1.365
   1.390
   1.415
   1.441
   1.467
   1.491
   1.521
   1.545
   1.561
   1.571
   1.565
   1.550
   1.532
   1.520
   1.517
   1.519
   1.523
   1.527
   1.530
   1.533
   1.541
   1.565
   1.600
   1.636
   1.673
   1.703
   1.732
   1.753
   1.764
   1.766
   1.762
   1.742
   1.706
   1.660
   1.607
   1.546
   1.489
   1.433
   1.387
   1.354
   1.332
   1.283
   0.000
   0.000
   1.247
   1.307
   1.321
   1.332
   1.344
   1.360
   1.380
   1.402
   1.422
   1.435
   1.443
   1.444
   1.436
   1.417
   1.387
   1.358
   1.329
   1.305
   1.289
   1.278
   1.277
   1.274
   1.275
   1.284
   1.312
   1.347
   1.384
   1.416
   1.443
   1.464
   1.486
   1.504
   1.523
   1.535
   1.541
   1.537
   1.526
   1.512
   1.504
   1.504
   1.510
   1.520
   1.528
   1.534
   1.540
   1.555
   1.589
   1.634
   1.680
   1.727
   1.770
   1.802
   1.824
   1.835
   1.840
   1.834
   1.816
   1.782
   1.741
   1.691
   1.637
   1.579
   1.522
   1.476
   1.438
   1.409
   1.343
   0.000
   0.000
   1.256
   1.328
   1.339
   1.346
   1.351
   1.360
   1.373
   1.390
   1.403
   1.417
   1.420
   1.418
   1.408
   1.384
   1.354
   1.324
   1.296
   1.273
   1.250
   1.237
   1.232
   1.234
   1.243
   1.262
   1.300
   1.345
   1.384
   1.419
   1.447
   1.466
   1.480
   1.490
   1.497
   1.504
   1.508
   1.506
   1.499
   1.493
   1.487
   1.491
   1.503
   1.516
   1.529
   1.537
   1.542
   1.561
   1.595
   1.647
   1.709
   1.769
   1.823
   1.865
   1.893
   1.906
   1.910
   1.901
   1.881
   1.846
   1.807
   1.760
   1.705
   1.646
   1.593
   1.548
   1.507
   1.471
   1.390
   0.000
   0.000
   1.252
   1.332
   1.353
   1.362
   1.361
   1.365
   1.369
   1.381
   1.396
   1.406
   1.409
   1.402
   1.390
   1.367
   1.339
   1.307
   1.279
   1.254
   1.232
   1.215
   1.210
   1.214
   1.227
   1.254
   1.292
   1.336
   1.380
   1.417
   1.441
   1.461
   1.472
   1.478
   1.481
   1.480
   1.481
   1.482
   1.477
   1.474
   1.477
   1.489
   1.504
   1.524
   1.539
   1.552
   1.559
   1.573
   1.611
   1.665
   1.730
   1.798
   1.862
   1.917
   1.953
   1.971
   1.976
   1.966
   1.940
   1.902
   1.860
   1.810
   1.754
   1.696
   1.647
   1.602
   1.561
   1.523
   1.433
   0.000
   0.000
   1.225
   1.320
   1.352
   1.367
   1.372
   1.368
   1.369
   1.381
   1.391
   1.401
   1.403
   1.396
   1.384
   1.365
   1.336
   1.308
   1.279
   1.254
   1.232
   1.216
   1.211
   1.214
   1.229
   1.254
   1.289
   1.332
   1.374
   1.410
   1.438
   1.455
   1.464
   1.469
   1.469
   1.468
   1.467
   1.469
   1.466
   1.466
   1.476
   1.493
   1.516
   1.537
   1.560
   1.576
   1.589
   1.604
   1.636
   1.690
   1.752
   1.820
   1.891
   1.951
   1.997
   2.022
   2.028
   2.013
   1.985
   1.939
   1.893
   1.842
   1.786
   1.730
   1.682
   1.641
   1.603
   1.568
   1.478
   0.000
   0.000
   1.186
   1.289
   1.337
   1.363
   1.369
   1.368
   1.372
   1.375
   1.383
   1.395
   1.398
   1.396
   1.387
   1.370
   1.347
   1.320
   1.295
   1.271
   1.251
   1.235
   1.233
   1.236
   1.248
   1.269
   1.297
   1.334
   1.373
   1.408
   1.436
   1.453
   1.464
   1.469
   1.471
   1.472
   1.471
   1.474
   1.473
   1.475
   1.486
   1.502
   1.526
   1.549
   1.574
   1.599
   1.619
   1.637
   1.663
   1.714
   1.773
   1.841
   1.911
   1.973
   2.022
   2.051
   2.054
   2.035
   1.998
   1.952
   1.903
   1.855
   1.803
   1.752
   1.705
   1.669
   1.635
   1.607
   1.520
   0.000
   0.000
   1.143
   1.252
   1.306
   1.342
   1.355
   1.364
   1.369
   1.373
   1.380
   1.389
   1.389
   1.393
   1.393
   1.382
   1.365
   1.344
   1.321
   1.299
   1.281
   1.268
   1.266
   1.267
   1.274
   1.291
   1.314
   1.342
   1.377
   1.410
   1.440
   1.461
   1.477
   1.486
   1.489
   1.493
   1.496
   1.499
   1.500
   1.501
   1.508
   1.522
   1.541
   1.562
   1.584
   1.610
   1.635
   1.663
   1.694
   1.734
   1.792
   1.857
   1.925
   1.987
   2.034
   2.060
   2.060
   2.034
   1.994
   1.950
   1.905
   1.860
   1.817
   1.772
   1.733
   1.700
   1.672
   1.648
   1.565
   0.000
   0.000
   1.075
   1.224
   1.278
   1.315
   1.335
   1.350
   1.359
   1.370
   1.376
   1.383
   1.389
   1.394
   1.397
   1.388
   1.378
   1.365
   1.349
   1.330
   1.315
   1.306
   1.301
   1.301
   1.305
   1.319
   1.337
   1.364
   1.393
   1.424
   1.455
   1.482
   1.501
   1.517
   1.523
   1.530
   1.535
   1.539
   1.539
   1.538
   1.543
   1.552
   1.564
   1.578
   1.595
   1.612
   1.636
   1.668
   1.702
   1.744
   1.798
   1.860
   1.924
   1.982
   2.023
   2.042
   2.037
   2.016
   1.977
   1.939
   1.901
   1.864
   1.827
   1.796
   1.766
   1.739
   1.716
   1.692
   1.611
   0.000
 -65.534
 -65.534
   1.105
   1.229
   1.268
   1.298
   1.321
   1.341
   1.355
   1.364
   1.370
   1.378
   1.382
   1.386
   1.386
   1.383
   1.371
   1.360
   1.351
   1.343
   1.336
   1.332
   1.333
   1.337
   1.350
   1.370
   1.396
   1.423
   1.450
   1.481
   1.511
   1.536
   1.554
   1.566
   1.569
   1.574
   1.580
   1.582
   1.579
   1.578
   1.581
   1.585
   1.591
   1.599
   1.611
   1.628
   1.652
   1.686
   1.727
   1.777
   1.836
   1.895
   1.942
   1.977
   1.992
   1.989
   1.973
   1.947
   1.916
   1.889
   1.862
   1.838
   1.829
   1.811
   1.791
   1.770
   1.746
   1.658
   0.000
 -65.534
 -65.534
 -65.534
   1.089
   1.199
   1.246
   1.286
   1.313
   1.328
   1.338
   1.348
   1.353
   1.352
   1.353
   1.355
   1.358
   1.356
   1.354
   1.347
   1.345
   1.344
   1.348
   1.354
   1.366
   1.384
   1.408
   1.433
   1.458
   1.486
   1.515
   1.544
   1.570
   1.591
   1.604
   1.611
   1.618
   1.625
   1.623
   1.621
   1.614
   1.609
   1.608
   1.604
   1.602
   1.604
   1.606
   1.621
   1.647
   1.689
   1.735
   1.786
   1.839
   1.879
   1.905
   1.916
   1.919
   1.913
   1.897
   1.878
   1.861
   1.851
   1.843
   1.838
   1.837
   1.828
   1.814
   1.800
   1.710
   0.000
 -65.534
 -65.534
 -65.534
 -65.534
   1.091
   1.186
   1.240
   1.271
   1.291
   1.301
   1.311
   1.314
   1.311
   1.309
   1.310
   1.313
   1.317
   1.319
   1.322
   1.324
   1.325
   1.335
   1.350
   1.371
   1.400
   1.434
   1.464
   1.493
   1.519
   1.547
   1.573
   1.598
   1.619
   1.636
   1.648
   1.660
   1.667
   1.671
   1.666
   1.654
   1.642
   1.630
   1.619
   1.607
   1.595
   1.586
   1.586
   1.603
   1.633
   1.674
   1.718
   1.763
   1.796
   1.819
   1.834
   1.842
   1.848
   1.849
   1.845
   1.841
   1.839
   1.838
   1.842
   1.845
   1.846
   1.849
   1.845
   1.761
   0.000
 -65.534
 -65.534
 -65.534
 -65.534
   1.016
   1.123
   1.182
   1.216
   1.235
   1.252
   1.265
   1.268
   1.266
   1.267
   1.266
   1.264
   1.267
   1.270
   1.274
   1.276
   1.284
   1.299
   1.318
   1.344
   1.381
   1.421
   1.460
   1.493
   1.524
   1.554
   1.582
   1.606
   1.631
   1.650
   1.672
   1.690
   1.706
   1.714
   1.708
   1.693
   1.673
   1.650
   1.627
   1.606
   1.584
   1.562
   1.549
   1.551
   1.566
   1.592
   1.627
   1.663
   1.697
   1.720
   1.743
   1.766
   1.788
   1.804
   1.816
   1.826
   1.832
   1.838
   1.843
   1.854
   1.861
   1.872
   1.877
   1.804
   0.000
 -65.534
 -65.534
 -65.534
 -65.534
   0.955
   1.060
   1.118
   1.152
   1.169
   1.193
   1.212
   1.224
   1.228
   1.229
   1.228
   1.227
   1.222
   1.219
   1.219
   1.224
   1.231
   1.243
   1.260
   1.285
   1.321
   1.361
   1.402
   1.444
   1.482
   1.519
   1.552
   1.582
   1.610
   1.639
   1.669
   1.696
   1.723
   1.735
   1.733
   1.716
   1.690
   1.657
   1.624
   1.593
   1.559
   1.527
   1.506
   1.492
   1.492
   1.505
   1.527
   1.561
   1.593
   1.623
   1.657
   1.691
   1.727
   1.763
   1.793
   1.815
   1.833
   1.844
   1.856
   1.866
   1.877
   1.891
   1.903
   1.840
   0.000
 -65.534
 -65.534
 -65.534
 -65.534
   0.864
   0.950
   1.008
   1.046
   1.092
   1.114
   1.142
   1.164
   1.176
   1.185
   1.187
   1.182
   1.178
   1.178
   1.177
   1.177
   1.179
   1.185
   1.193
   1.210
   1.234
   1.270
   1.310
   1.350
   1.396
   1.437
   1.479
   1.514
   1.551
   1.587
   1.623
   1.662
   1.695
   1.717
   1.719
   1.705
   1.675
   1.641
   1.603
   1.564
   1.525
   1.490
   1.458
   1.436
   1.426
   1.424
   1.439
   1.467
   1.502
   1.538
   1.578
   1.625
   1.673
   1.726
   1.772
   1.812
   1.841
   1.865
   1.883
   1.896
   1.906
   1.924
   1.935
   1.878
   0.000
 -65.534
 -65.534
 -65.534
 -65.534
 -65.534
 -65.534
 -65.534
 -65.534
   0.931
   1.007
   1.052
   1.084
   1.111
   1.128
   1.133
   1.133
   1.136
   1.140
   1.146
   1.149
   1.147
   1.141
   1.134
   1.140
   1.155
   1.178
   1.209
   1.245
   1.287
   1.332
   1.376
   1.417
   1.456
   1.495
   1.541
   1.582
   1.621
   1.650
   1.660
   1.650
   1.625
   1.593
   1.556
   1.519
   1.481
   1.445
   1.412
   1.388
   1.372
   1.370
   1.375
   1.399
   1.432
   1.473
   1.517
   1.569
   1.629
   1.693
   1.752
   1.808
   1.859
   1.896
   1.924
   1.940
   1.952
   1.968
   1.978
   1.925
   0.000
 -65.534
 -65.534
 -65.534
 -65.534
 -65.534
 -65.534
   0.484
   0.588
   0.812
   0.909
   0.960
   1.002
   1.038
   1.065
   1.080
   1.092
   1.103
   1.116
   1.124
   1.127
   1.123
   1.113
   1.102
   1.094
   1.090
   1.106
   1.128
   1.161
   1.197
   1.239
   1.277
   1.312
   1.349
   1.387
   1.430
   1.473
   1.514
   1.545
   1.559
   1.560
   1.545
   1.521
   1.490
   1.461
   1.431
   1.401
   1.371
   1.349
   1.334
   1.332
   1.339
   1.355
   1.386
   1.423
   1.469
   1.523
   1.589
   1.657
   1.727
   1.796
   1.863
   1.921
   1.963
   1.987
   2.004
   2.017
   2.029
   1.966
   0.000
 -65.534
 -65.534
 -65.534
 -65.534
 -65.534
 -65.534
 -65.534
 -65.534
 -65.534
   0.775
   0.840
   0.892
   0.934
   0.972
   1.009
   1.055
   1.080
   1.102
   1.115
   1.117
   1.106
   1.093
   1.084
   1.081
   1.084
   1.085
   1.094
   1.113
   1.137
   1.162
   1.190
   1.219
   1.252
   1.283
   1.319
   1.356
   1.394
   1.422
   1.439
   1.448
   1.446
   1.435
   1.420
   1.398
   1.379
   1.356
   1.336
   1.318
   1.309
   1.306
   1.311
   1.326
   1.351
   1.387
   1.430
   1.482
   1.548
   1.620
   1.693
   1.770
   1.851
   1.925
   1.985
   2.019
   2.042
   2.060
   2.069
   1.992
   0.000
 -65.534
 -65.534
 -65.534
 -65.534
 -65.534
 -65.534
 -65.534
 -65.534
 -65.534
 -65.534
 -65.534
 -65.534
 -65.534
 -65.534
 -65.534
   0.890
   0.992
   1.040
   1.074
   1.099
   1.095
   1.093
   1.096
   1.106
   1.117
   1.124
   1.127
   1.126
   1.129
   1.136
   1.144
   1.153
   1.166
   1.189
   1.216
   1.246
   1.276
   1.303
   1.338
   1.352
   1.358
   1.357
   1.346
   1.339
   1.331
   1.318
   1.307
   1.297
   1.292
   1.289
   1.292
   1.300
   1.320
   1.350
   1.388
   1.437
   1.498
   1.567
   1.640
   1.721
   1.812
   1.899
   1.974
   2.024
   2.057
   2.071
   2.077
   1.988
   0.000
 -65.534
 -65.534
 -65.534
 -65.534
 -65.534
 -65.534
 -65.534
 -65.534
 -65.534
 -65.534
 -65.534
 -65.534
 -65.534
 -65.534
 -65.534
 -65.534
 -65.534
 -65.534
 -65.534
   0.983
   1.072
   1.107
   1.137
   1.168
   1.188
   1.199
   1.204
   1.199
   1.185
   1.163
   1.145
   1.133
   1.127
   1.129
   1.143
   1.166
   1.193
   1.217
   1.245
   1.268
   1.283
   1.289
   1.291
   1.289
   1.287
   1.281
   1.276
   1.273
   1.274
   1.272
   1.272
   1.278
   1.292
   1.313
   1.341
   1.378
   1.427
   1.491
   1.562
   1.644
   1.739
   1.835
   1.921
   1.984
   2.022
   2.041
   2.038
   1.942
   0.000
 -65.534
 -65.534
 -65.534
 -65.534
 -65.534
 -65.534
 -65.534
 -65.534
 -65.534
 -65.534
 -65.534
 -65.534
 -65.534
 -65.534
 -65.534
 -65.534
 -65.534
 -65.534
   0.776
   1.034
   1.106
   1.157
   1.206
   1.248
   1.281
   1.298
   1.302
   1.294
   1.273
   1.242
   1.203
   1.166
   1.139
   1.123
   1.123
   1.138
   1.157
   1.178
   1.196
   1.210
   1.228
   1.246
   1.253
   1.258
   1.255
   1.247
   1.241
   1.238
   1.242
   1.247
   1.257
   1.263
   1.272
   1.286
   1.291
   1.300
   1.336
   1.387
   1.455
   1.539
   1.632
   1.729
   1.818
   1.889
   1.935
   1.960
   1.958
   1.862
   0.000
 -65.534
 -65.534
 -65.534
 -65.534
 -65.534
 -65.534
 -65.534
 -65.534
 -65.534
 -65.534
 -65.534
 -65.534
 -65.534
 -65.534
 -65.534
 -65.534
 -65.534
   0.796
   1.001
   1.119
   1.178
   1.226
   1.279
   1.329
   1.365
   1.388
   1.398
   1.396
   1.379
   1.348
   1.302
   1.250
   1.204
   1.172
   1.156
   1.157
   1.161
   1.169
   1.177
   1.188
   1.206
   1.227
   1.247
   1.257
   1.255
   1.240
   1.226
   1.217
   1.219
   1.229
   1.240
   1.249
   1.252
   1.246
   1.236
   1.234
   1.248
   1.285
   1.342
   1.420
   1.504
   1.593
   1.678
   1.752
   1.805
   1.842
   1.852
   1.762
   0.000
 -65.534
 -65.534
 -65.534
 -65.534
 -65.534
 -65.534
 -65.534
 -65.534
 -65.534
 -65.534
 -65.534
 -65.534
 -65.534
 -65.534
 -65.534
 -65.534
 -65.534
   0.969
   1.106
   1.187
   1.243
   1.290
   1.343
   1.393
   1.429
   1.454
   1.470
   1.475
   1.465
   1.442
   1.401
   1.341
   1.286
   1.241
   1.208
   1.190
   1.182
   1.175
   1.174
   1.183
   1.202
   1.227
   1.256
   1.275
   1.277
   1.260
   1.233
   1.215
   1.212
   1.218
   1.227
   1.233
   1.233
   1.215
   1.191
   1.168
   1.163
   1.180
   1.218
   1.279
   1.356
   1.439
   1.517
   1.585
   1.641
   1.693
   1.719
   1.655
   0.000
 -65.534
 -65.534
 -65.534
 -65.534
 -65.534
 -65.534
 -65.534
 -65.534
 -65.534
 -65.534
 -65.534
 -65.534
 -65.534
 -65.534
 -65.534
 -65.534
 -65.534
   1.041
   1.153
   1.223
   1.277
   1.329
   1.386
   1.435
   1.465
   1.485
   1.499
   1.507
   1.504
   1.490
   1.457
   1.398
   1.341
   1.289
   1.246
   1.217
   1.197
   1.185
   1.183
   1.190
   1.213
   1.242
   1.275
   1.295
   1.300
   1.283
   1.255
   1.231
   1.214
   1.205
   1.203
   1.203
   1.197
   1.178
   1.150
   1.118
   1.099
   1.098
   1.120
   1.157
   1.211
   1.274
   1.341
   1.406
   1.473
   1.526
   1.568
   1.533
   0.000
 -65.534
 -65.534
 -65.534
 -65.534
 -65.534
 -65.534
 -65.534
 -65.534
 -65.534
 -65.534
 -65.534
 -65.534
 -65.534
 -65.534
 -65.534
 -65.534
 -65.534
   1.065
   1.168
   1.236
   1.290
   1.347
   1.405
   1.450
   1.476
   1.489
   1.501
   1.507
   1.510
   1.502
   1.479
   1.425
   1.372
   1.322
   1.279
   1.247
   1.227
   1.215
   1.215
   1.227
   1.253
   1.284
   1.311
   1.328
   1.329
   1.317
   1.288
   1.254
   1.226
   1.201
   1.181
   1.170
   1.155
   1.134
   1.109
   1.080
   1.054
   1.040
   1.043
   1.064
   1.094
   1.134
   1.182
   1.237
   1.294
   1.347
   1.398
   1.373
   0.000
 -65.534
 -65.534
 -65.534
 -65.534
 -65.534
 -65.534
 -65.534
 -65.534
 -65.534
 -65.534
 -65.534
 -65.534
 -65.534
 -65.534
 -65.534
 -65.534
 -65.534
 -65.534
   1.131
   1.222
   1.286
   1.344
   1.398
   1.437
   1.457
   1.467
   1.477
   1.486
   1.490
   1.490
   1.478
   1.436
   1.393
   1.348
   1.313
   1.288
   1.272
   1.264
   1.268
   1.285
   1.312
   1.334
   1.353
   1.366
   1.367
   1.358
   1.333
   1.296
   1.258
   1.219
   1.184
   1.154
   1.129
   1.101
   1.074
   1.044
   1.021
   1.004
   0.994
   0.999
   1.011
   1.032
   1.059
   1.094
   1.134
   1.175
   1.216
   1.194
   0.000
 -65.534
 -65.534
 -65.534
 -65.534
 -65.534
 -65.534
 -65.534
 -65.534
 -65.534
 -65.534
 -65.534
 -65.534
 -65.534
 -65.534
 -65.534
 -65.534
 -65.534
 -65.534
 -65.534
   1.163
   1.256
   1.316
   1.363
   1.392
   1.404
   1.411
   1.418
   1.428
   1.439
   1.451
   1.449
   1.427
   1.393
   1.362
   1.341
   1.333
   1.331
   1.317
   1.315
   1.327
   1.339
   1.352
   1.367
   1.382
   1.399
   1.405
   1.388
   1.356
   1.312
   1.266
   1.218
   1.173
   1.134
   1.095
   1.059
   1.026
   0.998
   0.978
   0.963
   0.959
   0.962
   0.968
   0.980
   0.994
   1.013
   1.027
   1.043
   0.998
   0.000
 -65.534
 -65.534
 -65.534
 -65.534
 -65.534
 -65.534
 -65.534
 -65.534
 -65.534
 -65.534
 -65.534
 -65.534
 -65.534
 -65.534
 -65.534
 -65.534
 -65.534
 -65.534
 -65.534
 -65.534
   1.176
   1.243
   1.290
   1.311
   1.340
   1.343
   1.348
   1.357
   1.374
   1.393
   1.398
   1.390
   1.360
   1.321
   1.275
   1.183
 -65.534
 -65.534
 -65.534
 -65.534
   1.147
   1.260
   1.324
   1.374
   1.426
   1.458
   1.458
   1.433
   1.386
   1.332
   1.274
   1.220
   1.167
   1.115
   1.069
   1.028
   0.992
   0.966
   0.947
   0.935
   0.926
   0.921
   0.916
   0.908
   0.905
   0.899
   0.891
   0.820
   0.000
 -65.534
 -65.534
 -65.534
 -65.534
 -65.534
 -65.534
 -65.534
 -65.534
 -65.534
 -65.534
 -65.534
 -65.534
 -65.534
 -65.534
 -65.534
 -65.534
 -65.534
 -65.534
 -65.534
 -65.534
 -65.534
 -65.534
 -65.534
 -65.534
   1.182
   1.238
   1.263
   1.279
   1.302
   1.325
   1.338
   1.339
   1.315
   1.281
   1.236
   1.143
 -65.534
 -65.534
 -65.534
 -65.534
 -65.534
 -65.534
   1.182
   1.333
   1.445
   1.507
   1.519
   1.497
   1.448
   1.385
   1.324
   1.260
   1.200
   1.144
   1.092
   1.042
   1.001
   0.967
   0.940
   0.919
   0.900
   0.882
   0.858
   0.829
   0.804
   0.779
   0.749
   0.664
   0.000
 -65.534
 -65.534
 -65.534
 -65.534
 -65.534
 -65.534
 -65.534
 -65.534
 -65.534
 -65.534
 -65.534
 -65.534
 -65.534
 -65.534
 -65.534
 -65.534
 -65.534
 -65.534
 -65.534
 -65.534
 -65.534
 -65.534
 -65.534
 -65.534
   1.031
   1.094
   1.134
   1.170
   1.213
   1.257
   1.272
   1.275
   1.261
   1.240
   1.209
   1.128
 -65.534
 -65.534
 -65.534
 -65.534
 -65.534
 -65.534
 -65.534
   1.235
   1.423
   1.513
   1.534
   1.513
   1.471
   1.409
   1.343
   1.280
   1.222
   1.169
   1.118
   1.069
   1.027
   0.986
   0.950
   0.920
   0.890
   0.854
   0.808
   0.762
   0.716
   0.674
   0.631
   0.536
   0.000
 -65.534
 -65.534
 -65.534
 -65.534
 -65.534
 -65.534
 -65.534
 -65.534
 -65.534
 -65.534
 -65.534
 -65.534
 -65.534
 -65.534
 -65.534
 -65.534
 -65.534
 -65.534
 -65.534
 -65.534
 -65.534
 -65.534
 -65.534
 -65.534
 -65.534
 -65.534
 -65.534
 -65.534
 -65.534
   1.027
   1.119
   1.155
   1.192
   1.192
   1.175
   1.116
   0.755
 -65.534
 -65.534
 -65.534
 -65.534
 -65.534
 -65.534
   1.097
   1.300
 -65.534
   1.301
   1.411
   1.410
   1.390
   1.355
   1.308
   1.253
   1.202
   1.156
   1.110
   1.068
   1.019
   0.972
   0.930
   0.885
   0.834
   0.770
   0.703
   0.641
   0.588
   0.533
   0.435
   0.000
 -65.534
 -65.534
 -65.534
 -65.534
 -65.534
 -65.534
 -65.534
 -65.534
 -65.534
 -65.534
 -65.534
 -65.534
 -65.534
 -65.534
 -65.534
 -65.534
 -65.534
 -65.534
 -65.534
 -65.534
 -65.534
 -65.534
 -65.534
 -65.534
 -65.534
 -65.534
 -65.534
 -65.534
 -65.534
 -65.534
 -65.534
 -65.534
   0.987
   1.102
   1.124
   1.080
   0.916
   0.669
 -65.534
 -65.534
 -65.534
 -65.534
 -65.534
 -65.534
 -65.534
 -65.534
 -65.534
 -65.534
 -65.534
   1.153
   1.275
   1.289
   1.274
   1.240
   1.197
   1.143
   1.089
   1.034
   0.976
   0.924
   0.870
   0.807
   0.732
   0.654
   0.589
   0.530
   0.467
   0.368
   0.000
 -65.534
 -65.534
 -65.534
 -65.534
 -65.534
 -65.534
 -65.534
 -65.534
 -65.534
 -65.534
 -65.534
 -65.534
 -65.534
 -65.534
 -65.534
 -65.534
 -65.534
 -65.534
 -65.534
 -65.534
 -65.534
 -65.534
 -65.534
 -65.534
 -65.534
 -65.534
 -65.534
 -65.534
 -65.534
 -65.534
 -65.534
 -65.534
   0.843
   0.975
   1.023
   1.001
   0.925
   0.806
   0.643
   0.531
 -65.534
 -65.534
 -65.534
 -65.534
 -65.534
 -65.534
 -65.534
 -65.534
 -65.534
 -65.534
 -65.534
 -65.534
   1.087
   1.169
   1.155
   1.111
   1.065
   1.011
   0.956
   0.902
   0.844
   0.776
   0.702
   0.625
   0.556
   0.498
   0.436
   0.337
   0.000
 -65.534
 -65.534
 -65.534
 -65.534
 -65.534
 -65.534
 -65.534
 -65.534
 -65.534
 -65.534
 -65.534
 -65.534
 -65.534
 -65.534
 -65.534
 -65.534
 -65.534
 -65.534
 -65.534
 -65.534
 -65.534
 -65.534
 -65.534
 -65.534
 -65.534
 -65.534
 -65.534
 -65.534
 -65.534
 -65.534
 -65.534
 -65.534
 -65.534
 -65.534
 -65.534
 -65.534
   0.653
   0.711
   0.685
   0.637
   0.533
   0.473
   0.437
   0.435
   0.438
 -65.534
 -65.534
 -65.534
 -65.534
 -65.534
 -65.534
 -65.534
 -65.534
 -65.534
 -65.534
   0.927
   0.992
   0.975
   0.935
   0.886
   0.829
   0.763
   0.688
   0.616
   0.548
   0.488
   0.421
   0.327
   0.000
 -65.534
 -65.534
 -65.534
 -65.534
 -65.534
 -65.534
 -65.534
 -65.534
 -65.534
 -65.534
 -65.534
 -65.534
 -65.534
 -65.534
 -65.534
 -65.534
 -65.534
 -65.534
 -65.534
 -65.534
 -65.534
 -65.534
 -65.534
 -65.534
 -65.534
 -65.534
 -65.534
 -65.534
 -65.534
 -65.534
 -65.534
 -65.534
 -65.534
 -65.534
 -65.534
 -65.534
 -65.534
 -65.534
 -65.534
 -65.534
   0.400
 -65.534
 -65.534
 -65.534
 -65.534
 -65.534
 -65.534
 -65.534
 -65.534
 -65.534
 -65.534
 -65.534
 -65.534
 -65.534
 -65.534
   0.859
   0.939
   0.938
   0.907
   0.865
   0.816
   0.743
   0.671
   0.605
   0.543
   0.489
   0.424
   0.330
   0.000
 -65.534
 -65.534
 -65.534
 -65.534
 -65.534
 -65.534
 -65.534
 -65.534
 -65.534
 -65.534
 -65.534
 -65.534
 -65.534
 -65.534
 -65.534
 -65.534
 -65.534
 -65.534
 -65.534
 -65.534
 -65.534
 -65.534
 -65.534
 -65.534
 -65.534
 -65.534
 -65.534
 -65.534
 -65.534
 -65.534
 -65.534
 -65.534
 -65.534
 -65.534
 -65.534
 -65.534
 -65.534
 -65.534
 -65.534
 -65.534
 -65.534
 -65.534
 -65.534
 -65.534
 -65.534
 -65.534
 -65.534
 -65.534
 -65.534
 -65.534
 -65.534
 -65.534
 -65.534
 -65.534
 -65.534
 -65.534
 -65.534
 -65.534
 -65.534
   0.769
   0.770
   0.719
   0.648
   0.596
   0.549
   0.503
   0.454
   0.364
   0.000
 -65.534
 -65.534
 -65.534
 -65.534
 -65.534
 -65.534
 -65.534
 -65.534
 -65.534
 -65.534
 -65.534
 -65.534
 -65.534
 -65.534
 -65.534
 -65.534
 -65.534
 -65.534
 -65.534
 -65.534
 -65.534
 -65.534
 -65.534
 -65.534
 -65.534
 -65.534
 -65.534
 -65.534
 -65.534
 -65.534
 -65.534
 -65.534
 -65.534
 -65.534
 -65.534
 -65.534
 -65.534
 -65.534
 -65.534
 -65.534
 -65.534
 -65.534
 -65.534
 -65.534
 -65.534
 -65.534
 -65.534
 -65.534
 -65.534
 -65.534
 -65.534
 -65.534
 -65.534
 -65.534
 -65.534
 -65.534
 -65.534
 -65.534
 -65.534
 -65.534
 -65.534
   0.000
   0.000
   0.000
   0.000
   0.000
   0.000
   0.000
 -65.534
