 -65.534
   0.000
   0.000
   0.000
   0.000
   0.000
   0.000
   0.000
   0.000
   0.000
   0.000
   0.000
   0.000
   0.000
   0.000
   0.000
   0.000
   0.000
   0.000
   0.000
   0.000
   0.000
   0.000
   0.000
   0.000
   0.000
   0.000
   0.000
   0.000
   0.000
   0.000
   0.000
   0.000
   0.000
   0.000
   0.000
   0.000
   0.000
   0.000
   0.000
   0.000
   0.000
   0.000
   0.000
   0.000
   0.000
   0.000
   0.000
   0.000
   0.000
   0.000
   0.000
   0.000
   0.000
   0.000
   0.000
   0.000
   0.000
   0.000
   0.000
   0.000
   0.000
   0.000
   0.000
   0.000
   0.000
   0.000
   0.000
 -65.534
   0.000
   1.167
   1.379
   1.536
   1.689
   1.819
   1.919
   1.997
   2.063
   2.130
   2.206
   2.293
   2.395
   2.505
   2.621
   2.739
   2.842
   2.932
   2.997
   3.037
   3.055
   3.050
   3.036
   2.993
   2.975
   2.950
   2.904
   2.834
   2.739
   2.636
   2.538
   2.438
   2.338
   2.238
   2.155
   2.055
   1.953
   1.851
   1.748
   1.653
   1.567
   1.492
   1.435
   1.396
   1.354
   1.329
   1.331
   1.356
   1.398
   1.459
   1.538
   1.611
   1.679
   1.756
   1.835
   1.894
   1.932
   1.947
   1.942
   1.940
   1.933
   1.912
   1.888
   1.859
   1.816
   1.766
   1.710
   1.597
   0.000
   0.000
   1.225
   1.416
   1.546
   1.697
   1.841
   1.971
   2.085
   2.181
   2.273
   2.368
   2.470
   2.579
   2.689
   2.798
   2.904
   3.006
   3.092
   3.153
   3.194
   3.213
   3.211
   3.204
   3.175
   3.168
   3.152
   3.117
   3.056
   2.975
   2.886
   2.791
   2.696
   2.611
   2.523
   2.439
   2.348
   2.245
   2.140
   2.032
   1.927
   1.826
   1.727
   1.638
   1.554
   1.470
   1.414
   1.409
   1.449
   1.525
   1.625
   1.739
   1.860
   1.977
   2.085
   2.182
   2.263
   2.319
   2.355
   2.370
   2.377
   2.372
   2.357
   2.327
   2.294
   2.250
   2.191
   2.124
   1.969
   0.000
   0.000
   1.212
   1.382
   1.496
   1.630
   1.764
   1.898
   2.022
   2.141
   2.255
   2.369
   2.485
   2.594
   2.702
   2.800
   2.893
   2.982
   3.057
   3.116
   3.163
   3.189
   3.200
   3.202
   3.194
   3.180
   3.177
   3.158
   3.114
   3.047
   2.969
   2.888
   2.806
   2.727
   2.650
   2.573
   2.482
   2.384
   2.279
   2.169
   2.061
   1.954
   1.845
   1.734
   1.619
   1.505
   1.418
   1.393
   1.435
   1.534
   1.662
   1.812
   1.962
   2.105
   2.235
   2.357
   2.455
   2.525
   2.568
   2.585
   2.595
   2.593
   2.573
   2.541
   2.503
   2.458
   2.398
   2.327
   2.156
   0.000
   0.000
   1.197
   1.355
   1.452
   1.568
   1.688
   1.811
   1.936
   2.062
   2.188
   2.315
   2.439
   2.554
   2.657
   2.747
   2.829
   2.906
   2.975
   3.032
   3.084
   3.118
   3.141
   3.154
   3.164
   3.165
   3.172
   3.164
   3.140
   3.093
   3.036
   2.966
   2.894
   2.829
   2.765
   2.691
   2.608
   2.514
   2.405
   2.293
   2.182
   2.070
   1.952
   1.825
   1.690
   1.546
   1.424
   1.369
   1.399
   1.506
   1.661
   1.841
   2.015
   2.180
   2.338
   2.474
   2.583
   2.661
   2.714
   2.741
   2.750
   2.747
   2.726
   2.694
   2.657
   2.612
   2.550
   2.479
   2.293
   0.000
   0.000
   1.189
   1.339
   1.428
   1.529
   1.633
   1.744
   1.862
   1.985
   2.114
   2.245
   2.368
   2.481
   2.574
   2.657
   2.729
   2.797
   2.863
   2.924
   2.981
   3.025
   3.056
   3.075
   3.094
   3.120
   3.137
   3.141
   3.136
   3.112
   3.075
   3.020
   2.962
   2.904
   2.848
   2.784
   2.708
   2.618
   2.510
   2.398
   2.285
   2.170
   2.047
   1.909
   1.759
   1.596
   1.446
   1.350
   1.352
   1.458
   1.637
   1.844
   2.047
   2.239
   2.414
   2.561
   2.677
   2.765
   2.826
   2.861
   2.878
   2.876
   2.855
   2.826
   2.792
   2.748
   2.684
   2.611
   2.412
   0.000
   0.000
   1.185
   1.329
   1.414
   1.508
   1.600
   1.702
   1.810
   1.931
   2.056
   2.182
   2.298
   2.400
   2.487
   2.559
   2.625
   2.690
   2.752
   2.816
   2.877
   2.929
   2.968
   2.995
   3.028
   3.059
   3.082
   3.103
   3.119
   3.120
   3.102
   3.063
   3.018
   2.965
   2.915
   2.857
   2.791
   2.709
   2.610
   2.497
   2.381
   2.262
   2.135
   1.996
   1.839
   1.665
   1.482
   1.343
   1.302
   1.391
   1.580
   1.818
   2.048
   2.264
   2.460
   2.623
   2.752
   2.855
   2.925
   2.962
   2.983
   2.986
   2.967
   2.936
   2.902
   2.857
   2.796
   2.721
   2.515
   0.000
   0.000
   1.182
   1.325
   1.404
   1.491
   1.580
   1.675
   1.780
   1.894
   2.013
   2.135
   2.244
   2.339
   2.418
   2.484
   2.543
   2.605
   2.666
   2.730
   2.793
   2.847
   2.888
   2.922
   2.959
   2.995
   3.032
   3.069
   3.105
   3.126
   3.125
   3.100
   3.060
   3.013
   2.965
   2.912
   2.859
   2.790
   2.705
   2.603
   2.491
   2.372
   2.240
   2.097
   1.935
   1.749
   1.546
   1.372
   1.283
   1.328
   1.509
   1.757
   2.011
   2.251
   2.475
   2.666
   2.814
   2.929
   3.005
   3.047
   3.066
   3.069
   3.053
   3.027
   2.995
   2.949
   2.885
   2.806
   2.598
   0.000
   0.000
   1.171
   1.315
   1.393
   1.478
   1.562
   1.654
   1.755
   1.867
   1.985
   2.104
   2.209
   2.297
   2.371
   2.433
   2.489
   2.546
   2.606
   2.669
   2.731
   2.784
   2.826
   2.865
   2.901
   2.943
   2.991
   3.042
   3.093
   3.130
   3.141
   3.125
   3.091
   3.049
   3.006
   2.960
   2.918
   2.866
   2.794
   2.705
   2.608
   2.496
   2.364
   2.222
   2.059
   1.869
   1.659
   1.471
   1.358
   1.357
   1.489
   1.711
   1.966
   2.217
   2.462
   2.681
   2.856
   2.991
   3.075
   3.116
   3.138
   3.137
   3.122
   3.093
   3.060
   3.014
   2.950
   2.870
   2.660
   0.000
   0.000
   1.144
   1.287
   1.371
   1.457
   1.541
   1.632
   1.732
   1.844
   1.961
   2.081
   2.185
   2.273
   2.343
   2.401
   2.453
   2.506
   2.561
   2.619
   2.679
   2.733
   2.777
   2.816
   2.854
   2.899
   2.955
   3.017
   3.078
   3.126
   3.146
   3.138
   3.111
   3.076
   3.037
   3.001
   2.970
   2.936
   2.881
   2.805
   2.723
   2.623
   2.498
   2.360
   2.207
   2.026
   1.829
   1.643
   1.520
   1.497
   1.571
   1.727
   1.945
   2.193
   2.442
   2.674
   2.873
   3.029
   3.129
   3.178
   3.197
   3.193
   3.172
   3.144
   3.107
   3.059
   2.993
   2.910
   2.695
   0.000
   0.000
   1.101
   1.242
   1.326
   1.416
   1.506
   1.597
   1.700
   1.812
   1.932
   2.052
   2.161
   2.253
   2.327
   2.383
   2.429
   2.475
   2.525
   2.577
   2.634
   2.688
   2.735
   2.775
   2.817
   2.864
   2.926
   2.993
   3.060
   3.111
   3.136
   3.136
   3.123
   3.101
   3.073
   3.049
   3.031
   3.009
   2.965
   2.907
   2.841
   2.750
   2.637
   2.507
   2.363
   2.202
   2.026
   1.858
   1.733
   1.693
   1.727
   1.825
   1.988
   2.192
   2.423
   2.647
   2.853
   3.025
   3.146
   3.208
   3.236
   3.237
   3.218
   3.183
   3.143
   3.088
   3.014
   2.924
   2.698
   0.000
   0.000
   1.054
   1.188
   1.269
   1.358
   1.449
   1.549
   1.653
   1.764
   1.882
   2.004
   2.119
   2.218
   2.298
   2.360
   2.406
   2.447
   2.491
   2.539
   2.590
   2.645
   2.697
   2.743
   2.785
   2.836
   2.896
   2.962
   3.032
   3.085
   3.118
   3.131
   3.134
   3.128
   3.113
   3.102
   3.097
   3.088
   3.061
   3.015
   2.961
   2.884
   2.787
   2.668
   2.534
   2.383
   2.229
   2.081
   1.967
   1.909
   1.916
   1.976
   2.087
   2.237
   2.425
   2.623
   2.811
   2.982
   3.121
   3.207
   3.247
   3.260
   3.244
   3.213
   3.165
   3.103
   3.022
   2.922
   2.678
   0.000
   0.000
   1.005
   1.127
   1.201
   1.284
   1.373
   1.475
   1.580
   1.692
   1.809
   1.929
   2.042
   2.148
   2.236
   2.305
   2.360
   2.406
   2.450
   2.496
   2.549
   2.603
   2.656
   2.708
   2.755
   2.808
   2.866
   2.932
   2.997
   3.053
   3.097
   3.124
   3.141
   3.152
   3.153
   3.155
   3.163
   3.162
   3.145
   3.115
   3.075
   3.019
   2.939
   2.840
   2.721
   2.578
   2.434
   2.299
   2.187
   2.115
   2.103
   2.137
   2.210
   2.313
   2.446
   2.597
   2.756
   2.914
   3.053
   3.152
   3.209
   3.237
   3.231
   3.205
   3.162
   3.097
   3.009
   2.899
   2.640
   0.000
 -65.534
 -65.534
   1.021
   1.123
   1.203
   1.288
   1.384
   1.485
   1.593
   1.705
   1.820
   1.932
   2.036
   2.132
   2.211
   2.278
   2.334
   2.387
   2.437
   2.493
   2.550
   2.609
   2.662
   2.716
   2.773
   2.833
   2.895
   2.961
   3.022
   3.073
   3.113
   3.146
   3.167
   3.181
   3.195
   3.211
   3.220
   3.214
   3.198
   3.174
   3.141
   3.085
   3.015
   2.916
   2.791
   2.655
   2.520
   2.399
   2.305
   2.264
   2.275
   2.317
   2.383
   2.462
   2.563
   2.681
   2.810
   2.942
   3.045
   3.119
   3.160
   3.167
   3.159
   3.124
   3.064
   2.976
   2.858
   2.578
   0.000
 -65.534
 -65.534
 -65.534
   1.002
   1.113
   1.196
   1.284
   1.376
   1.474
   1.578
   1.686
   1.793
   1.894
   1.993
   2.083
   2.162
   2.229
   2.294
   2.353
   2.415
   2.478
   2.539
   2.602
   2.663
   2.726
   2.790
   2.855
   2.918
   2.983
   3.041
   3.090
   3.132
   3.164
   3.194
   3.227
   3.244
   3.263
   3.269
   3.265
   3.258
   3.245
   3.224
   3.178
   3.108
   3.006
   2.888
   2.752
   2.613
   2.493
   2.411
   2.381
   2.394
   2.431
   2.470
   2.525
   2.601
   2.699
   2.804
   2.901
   2.980
   3.040
   3.062
   3.055
   3.036
   2.987
   2.910
   2.795
   2.498
   0.000
 -65.534
 -65.534
 -65.534
 -65.534
   0.988
   1.097
   1.171
   1.253
   1.340
   1.439
   1.540
   1.640
   1.741
   1.839
   1.932
   2.021
   2.101
   2.173
   2.240
   2.306
   2.376
   2.446
   2.513
   2.583
   2.651
   2.723
   2.789
   2.856
   2.925
   2.989
   3.046
   3.098
   3.143
   3.189
   3.232
   3.266
   3.299
   3.309
   3.316
   3.322
   3.329
   3.331
   3.317
   3.274
   3.208
   3.111
   2.997
   2.852
   2.701
   2.578
   2.494
   2.452
   2.448
   2.463
   2.488
   2.528
   2.590
   2.669
   2.747
   2.820
   2.878
   2.907
   2.909
   2.897
   2.865
   2.807
   2.698
   2.392
   0.000
 -65.534
 -65.534
 -65.534
 -65.534
   0.891
   0.989
   1.056
   1.128
   1.206
   1.295
   1.391
   1.486
   1.585
   1.683
   1.775
   1.864
   1.951
   2.030
   2.102
   2.168
   2.237
   2.310
   2.383
   2.456
   2.531
   2.605
   2.680
   2.757
   2.837
   2.911
   2.980
   3.044
   3.105
   3.164
   3.223
   3.274
   3.314
   3.338
   3.355
   3.365
   3.388
   3.410
   3.421
   3.410
   3.370
   3.304
   3.217
   3.094
   2.941
   2.792
   2.652
   2.546
   2.485
   2.461
   2.463
   2.481
   2.516
   2.562
   2.616
   2.670
   2.715
   2.741
   2.748
   2.747
   2.724
   2.676
   2.571
   2.255
   0.000
 -65.534
 -65.534
 -65.534
 -65.534
   0.803
   0.883
   0.938
   1.003
   1.075
   1.158
   1.244
   1.333
   1.425
   1.518
   1.610
   1.704
   1.790
   1.871
   1.943
   2.011
   2.073
   2.135
   2.203
   2.276
   2.355
   2.439
   2.525
   2.616
   2.710
   2.800
   2.889
   2.972
   3.046
   3.119
   3.187
   3.245
   3.294
   3.333
   3.359
   3.380
   3.407
   3.444
   3.479
   3.492
   3.478
   3.439
   3.380
   3.293
   3.167
   3.031
   2.879
   2.727
   2.609
   2.533
   2.494
   2.484
   2.495
   2.520
   2.553
   2.584
   2.614
   2.631
   2.641
   2.643
   2.621
   2.568
   2.448
   2.123
   0.000
 -65.534
 -65.534
 -65.534
 -65.534
   0.733
   0.793
   0.838
   0.889
   0.951
   1.023
   1.101
   1.184
   1.269
   1.355
   1.443
   1.532
   1.622
   1.707
   1.782
   1.841
   1.895
   1.950
   2.008
   2.078
   2.154
   2.242
   2.338
   2.442
   2.554
   2.659
   2.763
   2.859
   2.952
   3.032
   3.104
   3.172
   3.229
   3.277
   3.312
   3.344
   3.381
   3.430
   3.476
   3.505
   3.516
   3.503
   3.473
   3.413
   3.327
   3.227
   3.102
   2.960
   2.824
   2.715
   2.641
   2.595
   2.575
   2.580
   2.593
   2.606
   2.619
   2.624
   2.622
   2.607
   2.568
   2.494
   2.354
   2.020
   0.000
 -65.534
 -65.534
 -65.534
 -65.534
 -65.534
 -65.534
 -65.534
 -65.534
   0.827
   0.912
   0.978
   1.051
   1.126
   1.204
   1.284
   1.366
   1.453
   1.540
   1.619
   1.686
   1.733
   1.775
   1.823
   1.891
   1.970
   2.061
   2.158
   2.264
   2.377
   2.490
   2.602
   2.709
   2.807
   2.896
   2.976
   3.050
   3.119
   3.176
   3.223
   3.265
   3.314
   3.371
   3.430
   3.475
   3.506
   3.508
   3.498
   3.470
   3.420
   3.357
   3.274
   3.173
   3.059
   2.957
   2.873
   2.811
   2.770
   2.749
   2.743
   2.736
   2.724
   2.705
   2.670
   2.618
   2.552
   2.452
   2.288
   1.937
   0.000
 -65.534
 -65.534
 -65.534
 -65.534
 -65.534
 -65.534
   0.382
   0.591
   0.762
   0.812
   0.872
   0.932
   0.998
   1.064
   1.139
   1.217
   1.300
   1.386
   1.467
   1.530
   1.579
   1.624
   1.678
   1.740
   1.813
   1.903
   2.003
   2.109
   2.215
   2.322
   2.427
   2.534
   2.637
   2.731
   2.817
   2.897
   2.975
   3.043
   3.100
   3.157
   3.218
   3.284
   3.350
   3.410
   3.453
   3.474
   3.474
   3.465
   3.439
   3.400
   3.352
   3.288
   3.214
   3.136
   3.074
   3.022
   2.982
   2.944
   2.912
   2.878
   2.846
   2.801
   2.732
   2.649
   2.553
   2.425
   2.242
   1.863
   0.000
 -65.534
 -65.534
 -65.534
 -65.534
 -65.534
 -65.534
 -65.534
 -65.534
 -65.534
   0.708
   0.778
   0.822
   0.876
   0.932
   0.997
   1.078
   1.155
   1.238
   1.324
   1.396
   1.445
   1.495
   1.552
   1.621
   1.700
   1.784
   1.871
   1.969
   2.065
   2.159
   2.254
   2.355
   2.457
   2.555
   2.646
   2.732
   2.813
   2.885
   2.955
   3.022
   3.092
   3.168
   3.245
   3.307
   3.355
   3.380
   3.388
   3.377
   3.360
   3.335
   3.309
   3.272
   3.225
   3.180
   3.138
   3.102
   3.068
   3.031
   2.984
   2.929
   2.873
   2.809
   2.727
   2.625
   2.520
   2.389
   2.196
   1.796
   0.000
 -65.534
 -65.534
 -65.534
 -65.534
 -65.534
 -65.534
 -65.534
 -65.534
 -65.534
 -65.534
 -65.534
 -65.534
 -65.534
 -65.534
 -65.534
   0.917
   1.014
   1.089
   1.181
   1.287
   1.342
   1.396
   1.456
   1.524
   1.603
   1.688
   1.772
   1.849
   1.932
   2.018
   2.101
   2.191
   2.284
   2.377
   2.470
   2.559
   2.644
   2.724
   2.815
   2.889
   2.961
   3.038
   3.110
   3.178
   3.229
   3.252
   3.257
   3.255
   3.242
   3.225
   3.208
   3.187
   3.163
   3.133
   3.106
   3.076
   3.040
   2.997
   2.939
   2.867
   2.799
   2.728
   2.652
   2.559
   2.459
   2.329
   2.143
   1.742
   0.000
 -65.534
 -65.534
 -65.534
 -65.534
 -65.534
 -65.534
 -65.534
 -65.534
 -65.534
 -65.534
 -65.534
 -65.534
 -65.534
 -65.534
 -65.534
 -65.534
 -65.534
 -65.534
 -65.534
   1.190
   1.269
   1.320
   1.380
   1.446
   1.520
   1.598
   1.674
   1.752
   1.824
   1.892
   1.964
   2.050
   2.135
   2.225
   2.315
   2.407
   2.491
   2.573
   2.657
   2.738
   2.818
   2.895
   2.971
   3.039
   3.089
   3.111
   3.121
   3.127
   3.129
   3.117
   3.113
   3.107
   3.095
   3.077
   3.055
   3.023
   2.978
   2.927
   2.862
   2.784
   2.709
   2.643
   2.577
   2.498
   2.402
   2.280
   2.106
   1.705
   0.000
 -65.534
 -65.534
 -65.534
 -65.534
 -65.534
 -65.534
 -65.534
 -65.534
 -65.534
 -65.534
 -65.534
 -65.534
 -65.534
 -65.534
 -65.534
 -65.534
 -65.534
 -65.534
   0.930
   1.179
   1.206
   1.268
   1.324
   1.384
   1.452
   1.520
   1.592
   1.662
   1.729
   1.794
   1.858
   1.930
   2.009
   2.091
   2.176
   2.261
   2.347
   2.426
   2.504
   2.585
   2.672
   2.758
   2.837
   2.908
   2.950
   2.970
   2.975
   2.983
   2.999
   3.018
   3.032
   3.032
   3.027
   3.010
   2.977
   2.934
   2.890
   2.836
   2.771
   2.699
   2.631
   2.574
   2.520
   2.459
   2.376
   2.261
   2.091
   1.708
   0.000
 -65.534
 -65.534
 -65.534
 -65.534
 -65.534
 -65.534
 -65.534
 -65.534
 -65.534
 -65.534
 -65.534
 -65.534
 -65.534
 -65.534
 -65.534
 -65.534
 -65.534
   0.799
   1.065
   1.116
   1.165
   1.220
   1.274
   1.331
   1.390
   1.453
   1.519
   1.582
   1.645
   1.706
   1.763
   1.824
   1.892
   1.964
   2.038
   2.117
   2.191
   2.267
   2.344
   2.426
   2.519
   2.616
   2.707
   2.780
   2.823
   2.839
   2.842
   2.850
   2.869
   2.892
   2.912
   2.921
   2.908
   2.885
   2.856
   2.823
   2.778
   2.727
   2.670
   2.616
   2.558
   2.507
   2.470
   2.431
   2.364
   2.261
   2.104
   1.720
   0.000
 -65.534
 -65.534
 -65.534
 -65.534
 -65.534
 -65.534
 -65.534
 -65.534
 -65.534
 -65.534
 -65.534
 -65.534
 -65.534
 -65.534
 -65.534
 -65.534
 -65.534
   0.884
   1.016
   1.061
   1.123
   1.176
   1.228
   1.273
   1.323
   1.380
   1.439
   1.497
   1.554
   1.612
   1.665
   1.711
   1.765
   1.824
   1.887
   1.955
   2.025
   2.095
   2.171
   2.257
   2.351
   2.454
   2.550
   2.627
   2.673
   2.687
   2.688
   2.697
   2.716
   2.736
   2.747
   2.744
   2.728
   2.705
   2.679
   2.646
   2.608
   2.569
   2.527
   2.483
   2.448
   2.420
   2.399
   2.370
   2.317
   2.232
   2.095
   1.725
   0.000
 -65.534
 -65.534
 -65.534
 -65.534
 -65.534
 -65.534
 -65.534
 -65.534
 -65.534
 -65.534
 -65.534
 -65.534
 -65.534
 -65.534
 -65.534
 -65.534
 -65.534
   0.850
   0.949
   1.005
   1.069
   1.124
   1.173
   1.214
   1.256
   1.303
   1.352
   1.405
   1.459
   1.510
   1.558
   1.590
   1.635
   1.682
   1.734
   1.791
   1.852
   1.919
   1.997
   2.079
   2.172
   2.268
   2.359
   2.432
   2.477
   2.499
   2.507
   2.519
   2.534
   2.545
   2.550
   2.538
   2.518
   2.494
   2.468
   2.437
   2.406
   2.374
   2.346
   2.318
   2.296
   2.278
   2.265
   2.243
   2.201
   2.123
   2.006
   1.676
   0.000
 -65.534
 -65.534
 -65.534
 -65.534
 -65.534
 -65.534
 -65.534
 -65.534
 -65.534
 -65.534
 -65.534
 -65.534
 -65.534
 -65.534
 -65.534
 -65.534
 -65.534
   0.774
   0.874
   0.934
   0.999
   1.059
   1.108
   1.152
   1.189
   1.226
   1.271
   1.316
   1.364
   1.411
   1.454
   1.478
   1.515
   1.553
   1.596
   1.648
   1.704
   1.769
   1.842
   1.920
   2.002
   2.085
   2.161
   2.223
   2.266
   2.292
   2.309
   2.322
   2.336
   2.339
   2.336
   2.323
   2.300
   2.273
   2.244
   2.215
   2.188
   2.164
   2.143
   2.127
   2.110
   2.096
   2.080
   2.056
   2.017
   1.950
   1.852
   1.552
   0.000
 -65.534
 -65.534
 -65.534
 -65.534
 -65.534
 -65.534
 -65.534
 -65.534
 -65.534
 -65.534
 -65.534
 -65.534
 -65.534
 -65.534
 -65.534
 -65.534
 -65.534
 -65.534
   0.759
   0.851
   0.909
   0.971
   1.025
   1.074
   1.113
   1.152
   1.189
   1.230
   1.269
   1.309
   1.343
   1.362
   1.397
   1.432
   1.474
   1.522
   1.576
   1.638
   1.705
   1.774
   1.848
   1.915
   1.975
   2.026
   2.064
   2.091
   2.110
   2.125
   2.136
   2.138
   2.132
   2.115
   2.092
   2.066
   2.037
   2.010
   1.988
   1.968
   1.950
   1.935
   1.921
   1.907
   1.886
   1.852
   1.800
   1.735
   1.643
   1.392
   0.000
 -65.534
 -65.534
 -65.534
 -65.534
 -65.534
 -65.534
 -65.534
 -65.534
 -65.534
 -65.534
 -65.534
 -65.534
 -65.534
 -65.534
 -65.534
 -65.534
 -65.534
 -65.534
 -65.534
   0.719
   0.807
   0.858
   0.921
   0.975
   1.023
   1.065
   1.099
   1.133
   1.164
   1.195
   1.217
   1.240
   1.269
   1.306
   1.351
   1.400
   1.437
   1.504
   1.566
   1.639
   1.709
   1.762
   1.813
   1.853
   1.884
   1.905
   1.923
   1.935
   1.946
   1.949
   1.946
   1.931
   1.909
   1.885
   1.860
   1.836
   1.813
   1.791
   1.773
   1.759
   1.742
   1.721
   1.689
   1.642
   1.580
   1.501
   1.409
   1.176
   0.000
 -65.534
 -65.534
 -65.534
 -65.534
 -65.534
 -65.534
 -65.534
 -65.534
 -65.534
 -65.534
 -65.534
 -65.534
 -65.534
 -65.534
 -65.534
 -65.534
 -65.534
 -65.534
 -65.534
 -65.534
   0.646
   0.718
   0.788
   0.860
   0.931
   0.974
   1.012
   1.041
   1.063
   1.083
   1.088
   1.109
   1.125
   1.125
   1.076
   0.884
 -65.534
 -65.534
 -65.534
 -65.534
   1.501
   1.602
   1.670
   1.702
   1.725
   1.737
   1.743
   1.754
   1.759
   1.760
   1.755
   1.743
   1.725
   1.704
   1.682
   1.659
   1.637
   1.614
   1.591
   1.573
   1.554
   1.529
   1.490
   1.434
   1.368
   1.284
   1.185
   0.957
   0.000
 -65.534
 -65.534
 -65.534
 -65.534
 -65.534
 -65.534
 -65.534
 -65.534
 -65.534
 -65.534
 -65.534
 -65.534
 -65.534
 -65.534
 -65.534
 -65.534
 -65.534
 -65.534
 -65.534
 -65.534
 -65.534
 -65.534
 -65.534
 -65.534
   0.808
   0.875
   0.917
   0.949
   0.972
   0.980
   0.978
   0.985
   0.973
   0.925
   0.806
   0.575
 -65.534
 -65.534
 -65.534
 -65.534
 -65.534
 -65.534
   1.457
   1.547
   1.568
   1.573
   1.564
   1.560
   1.556
   1.554
   1.551
   1.545
   1.531
   1.512
   1.491
   1.470
   1.445
   1.417
   1.393
   1.369
   1.347
   1.320
   1.281
   1.223
   1.156
   1.074
   0.972
   0.770
   0.000
 -65.534
 -65.534
 -65.534
 -65.534
 -65.534
 -65.534
 -65.534
 -65.534
 -65.534
 -65.534
 -65.534
 -65.534
 -65.534
 -65.534
 -65.534
 -65.534
 -65.534
 -65.534
 -65.534
 -65.534
 -65.534
 -65.534
 -65.534
 -65.534
   0.640
   0.728
   0.781
   0.832
   0.873
   0.889
   0.878
   0.866
   0.830
   0.755
   0.623
   0.453
 -65.534
 -65.534
 -65.534
 -65.534
 -65.534
 -65.534
 -65.534
   1.334
   1.371
   1.359
   1.372
   1.352
   1.347
   1.338
   1.338
   1.335
   1.327
   1.311
   1.293
   1.270
   1.241
   1.212
   1.181
   1.153
   1.124
   1.091
   1.049
   0.997
   0.933
   0.858
   0.760
   0.591
   0.000
 -65.534
 -65.534
 -65.534
 -65.534
 -65.534
 -65.534
 -65.534
 -65.534
 -65.534
 -65.534
 -65.534
 -65.534
 -65.534
 -65.534
 -65.534
 -65.534
 -65.534
 -65.534
 -65.534
 -65.534
 -65.534
 -65.534
 -65.534
 -65.534
 -65.534
 -65.534
 -65.534
 -65.534
 -65.534
   0.767
   0.772
   0.750
   0.715
   0.629
   0.519
   0.398
   0.135
 -65.534
 -65.534
 -65.534
 -65.534
 -65.534
 -65.534
   1.014
   0.925
 -65.534
   1.063
   1.085
   1.103
   1.144
   1.146
   1.146
   1.131
   1.113
   1.092
   1.066
   1.036
   0.999
   0.963
   0.927
   0.892
   0.855
   0.810
   0.754
   0.694
   0.627
   0.542
   0.404
   0.000
 -65.534
 -65.534
 -65.534
 -65.534
 -65.534
 -65.534
 -65.534
 -65.534
 -65.534
 -65.534
 -65.534
 -65.534
 -65.534
 -65.534
 -65.534
 -65.534
 -65.534
 -65.534
 -65.534
 -65.534
 -65.534
 -65.534
 -65.534
 -65.534
 -65.534
 -65.534
 -65.534
 -65.534
 -65.534
 -65.534
 -65.534
 -65.534
   0.629
   0.546
   0.462
   0.366
   0.195
   0.078
 -65.534
 -65.534
 -65.534
 -65.534
 -65.534
 -65.534
 -65.534
 -65.534
 -65.534
 -65.534
 -65.534
   0.839
   0.913
   0.935
   0.966
   0.938
   0.904
   0.857
   0.816
   0.774
   0.733
   0.692
   0.654
   0.611
   0.562
   0.511
   0.456
   0.396
   0.326
   0.229
   0.000
 -65.534
 -65.534
 -65.534
 -65.534
 -65.534
 -65.534
 -65.534
 -65.534
 -65.534
 -65.534
 -65.534
 -65.534
 -65.534
 -65.534
 -65.534
 -65.534
 -65.534
 -65.534
 -65.534
 -65.534
 -65.534
 -65.534
 -65.534
 -65.534
 -65.534
 -65.534
 -65.534
 -65.534
 -65.534
 -65.534
 -65.534
 -65.534
   0.545
   0.489
   0.430
   0.354
   0.230
   0.127
   0.062
   0.037
 -65.534
 -65.534
 -65.534
 -65.534
 -65.534
 -65.534
 -65.534
 -65.534
 -65.534
 -65.534
 -65.534
 -65.534
   0.651
   0.680
   0.658
   0.643
   0.591
   0.544
   0.499
   0.456
   0.412
   0.366
   0.321
   0.273
   0.228
   0.183
   0.138
   0.079
   0.000
 -65.534
 -65.534
 -65.534
 -65.534
 -65.534
 -65.534
 -65.534
 -65.534
 -65.534
 -65.534
 -65.534
 -65.534
 -65.534
 -65.534
 -65.534
 -65.534
 -65.534
 -65.534
 -65.534
 -65.534
 -65.534
 -65.534
 -65.534
 -65.534
 -65.534
 -65.534
 -65.534
 -65.534
 -65.534
 -65.534
 -65.534
 -65.534
 -65.534
 -65.534
 -65.534
 -65.534
   0.199
   0.139
   0.090
   0.060
   0.037
   0.020
   0.007
   0.010
   0.014
 -65.534
 -65.534
 -65.534
 -65.534
 -65.534
 -65.534
 -65.534
 -65.534
 -65.534
 -65.534
   0.365
   0.382
   0.345
   0.295
   0.242
   0.191
   0.146
   0.104
   0.065
   0.030
   0.002
  -0.021
  -0.041
   0.000
 -65.534
 -65.534
 -65.534
 -65.534
 -65.534
 -65.534
 -65.534
 -65.534
 -65.534
 -65.534
 -65.534
 -65.534
 -65.534
 -65.534
 -65.534
 -65.534
 -65.534
 -65.534
 -65.534
 -65.534
 -65.534
 -65.534
 -65.534
 -65.534
 -65.534
 -65.534
 -65.534
 -65.534
 -65.534
 -65.534
 -65.534
 -65.534
 -65.534
 -65.534
 -65.534
 -65.534
 -65.534
 -65.534
 -65.534
 -65.534
   0.014
 -65.534
 -65.534
 -65.534
 -65.534
 -65.534
 -65.534
 -65.534
 -65.534
 -65.534
 -65.534
 -65.534
 -65.534
 -65.534
 -65.534
   0.099
   0.161
   0.146
   0.114
   0.080
   0.027
  -0.035
  -0.077
  -0.110
  -0.131
  -0.139
  -0.138
  -0.132
   0.000
 -65.534
 -65.534
 -65.534
 -65.534
 -65.534
 -65.534
 -65.534
 -65.534
 -65.534
 -65.534
 -65.534
 -65.534
 -65.534
 -65.534
 -65.534
 -65.534
 -65.534
 -65.534
 -65.534
 -65.534
 -65.534
 -65.534
 -65.534
 -65.534
 -65.534
 -65.534
 -65.534
 -65.534
 -65.534
 -65.534
 -65.534
 -65.534
 -65.534
 -65.534
 -65.534
 -65.534
 -65.534
 -65.534
 -65.534
 -65.534
 -65.534
 -65.534
 -65.534
 -65.534
 -65.534
 -65.534
 -65.534
 -65.534
 -65.534
 -65.534
 -65.534
 -65.534
 -65.534
 -65.534
 -65.534
 -65.534
 -65.534
 -65.534
 -65.534
  -0.089
  -0.097
  -0.140
  -0.179
  -0.202
  -0.206
  -0.202
  -0.177
  -0.151
   0.000
 -65.534
 -65.534
 -65.534
 -65.534
 -65.534
 -65.534
 -65.534
 -65.534
 -65.534
 -65.534
 -65.534
 -65.534
 -65.534
 -65.534
 -65.534
 -65.534
 -65.534
 -65.534
 -65.534
 -65.534
 -65.534
 -65.534
 -65.534
 -65.534
 -65.534
 -65.534
 -65.534
 -65.534
 -65.534
 -65.534
 -65.534
 -65.534
 -65.534
 -65.534
 -65.534
 -65.534
 -65.534
 -65.534
 -65.534
 -65.534
 -65.534
 -65.534
 -65.534
 -65.534
 -65.534
 -65.534
 -65.534
 -65.534
 -65.534
 -65.534
 -65.534
 -65.534
 -65.534
 -65.534
 -65.534
 -65.534
 -65.534
 -65.534
 -65.534
 -65.534
 -65.534
   0.000
   0.000
   0.000
   0.000
   0.000
   0.000
   0.000
 -65.534
