 -65.534
   0.000
   0.000
   0.000
   0.000
   0.000
   0.000
   0.000
   0.000
   0.000
   0.000
   0.000
   0.000
   0.000
   0.000
   0.000
   0.000
   0.000
   0.000
   0.000
   0.000
   0.000
   0.000
   0.000
   0.000
   0.000
   0.000
   0.000
   0.000
   0.000
   0.000
   0.000
   0.000
   0.000
   0.000
   0.000
   0.000
   0.000
   0.000
   0.000
   0.000
   0.000
   0.000
   0.000
   0.000
   0.000
   0.000
   0.000
   0.000
   0.000
   0.000
   0.000
   0.000
   0.000
   0.000
   0.000
   0.000
   0.000
   0.000
   0.000
   0.000
   0.000
   0.000
   0.000
   0.000
   0.000
   0.000
   0.000
 -65.534
   0.000
   1.105
   1.225
   1.271
   1.320
   1.372
   1.428
   1.489
   1.548
   1.605
   1.658
   1.707
   1.749
   1.786
   1.811
   1.828
   1.838
   1.844
   1.839
   1.816
   1.774
   1.719
   1.669
   1.591
   1.615
   1.669
   1.708
   1.721
   1.718
   1.700
   1.681
   1.673
   1.655
   1.625
   1.626
   1.595
   1.576
   1.540
   1.478
   1.422
   1.357
   1.306
   1.276
   1.238
   1.199
   1.164
   1.122
   1.071
   1.026
   0.992
   0.975
   0.970
   0.974
   0.988
   1.021
   1.051
   1.078
   1.103
   1.123
   1.143
   1.162
   1.179
   1.198
   1.214
   1.226
   1.236
   1.245
   1.224
   0.000
   0.000
   1.216
   1.331
   1.374
   1.426
   1.478
   1.540
   1.606
   1.673
   1.738
   1.799
   1.855
   1.903
   1.944
   1.969
   1.983
   1.995
   2.003
   2.004
   1.994
   1.971
   1.938
   1.908
   1.858
   1.869
   1.892
   1.904
   1.903
   1.886
   1.863
   1.839
   1.819
   1.806
   1.785
   1.776
   1.765
   1.745
   1.721
   1.678
   1.631
   1.583
   1.535
   1.496
   1.450
   1.407
   1.370
   1.328
   1.283
   1.238
   1.202
   1.175
   1.164
   1.166
   1.176
   1.195
   1.221
   1.247
   1.274
   1.301
   1.324
   1.346
   1.369
   1.389
   1.410
   1.428
   1.443
   1.457
   1.430
   0.000
   0.000
   1.218
   1.321
   1.359
   1.408
   1.462
   1.522
   1.589
   1.660
   1.729
   1.794
   1.856
   1.912
   1.960
   1.993
   2.016
   2.036
   2.053
   2.063
   2.066
   2.056
   2.035
   2.019
   2.001
   1.983
   1.981
   1.972
   1.953
   1.925
   1.897
   1.875
   1.857
   1.841
   1.836
   1.833
   1.823
   1.810
   1.787
   1.753
   1.714
   1.671
   1.627
   1.583
   1.536
   1.491
   1.451
   1.416
   1.375
   1.334
   1.298
   1.267
   1.249
   1.245
   1.251
   1.264
   1.281
   1.300
   1.324
   1.348
   1.373
   1.396
   1.421
   1.447
   1.474
   1.498
   1.517
   1.533
   1.503
   0.000
   0.000
   1.216
   1.305
   1.332
   1.374
   1.423
   1.478
   1.542
   1.609
   1.681
   1.753
   1.822
   1.885
   1.942
   1.987
   2.021
   2.049
   2.072
   2.091
   2.102
   2.101
   2.084
   2.072
   2.064
   2.046
   2.031
   2.009
   1.974
   1.931
   1.901
   1.880
   1.863
   1.851
   1.848
   1.849
   1.846
   1.837
   1.821
   1.791
   1.758
   1.722
   1.679
   1.635
   1.590
   1.544
   1.504
   1.472
   1.436
   1.401
   1.362
   1.328
   1.307
   1.296
   1.297
   1.300
   1.310
   1.321
   1.332
   1.346
   1.362
   1.386
   1.413
   1.445
   1.479
   1.510
   1.536
   1.554
   1.527
   0.000
   0.000
   1.212
   1.291
   1.310
   1.344
   1.381
   1.428
   1.484
   1.551
   1.621
   1.691
   1.762
   1.830
   1.893
   1.945
   1.988
   2.026
   2.056
   2.080
   2.094
   2.098
   2.085
   2.077
   2.067
   2.061
   2.041
   1.998
   1.952
   1.901
   1.867
   1.851
   1.838
   1.836
   1.840
   1.845
   1.840
   1.831
   1.819
   1.796
   1.763
   1.733
   1.696
   1.659
   1.619
   1.575
   1.536
   1.500
   1.471
   1.438
   1.399
   1.365
   1.342
   1.327
   1.323
   1.320
   1.321
   1.321
   1.320
   1.320
   1.325
   1.340
   1.366
   1.402
   1.444
   1.482
   1.515
   1.539
   1.520
   0.000
   0.000
   1.211
   1.282
   1.295
   1.316
   1.344
   1.381
   1.429
   1.490
   1.558
   1.625
   1.694
   1.762
   1.824
   1.878
   1.929
   1.974
   2.008
   2.035
   2.054
   2.062
   2.059
   2.058
   2.052
   2.036
   1.993
   1.942
   1.889
   1.837
   1.805
   1.796
   1.794
   1.804
   1.815
   1.825
   1.822
   1.816
   1.798
   1.777
   1.746
   1.721
   1.693
   1.662
   1.623
   1.584
   1.550
   1.522
   1.493
   1.461
   1.422
   1.387
   1.363
   1.346
   1.337
   1.330
   1.322
   1.310
   1.296
   1.281
   1.273
   1.279
   1.298
   1.333
   1.375
   1.421
   1.462
   1.495
   1.485
   0.000
   0.000
   1.200
   1.271
   1.285
   1.301
   1.319
   1.345
   1.382
   1.430
   1.491
   1.556
   1.621
   1.685
   1.745
   1.801
   1.851
   1.901
   1.938
   1.965
   1.984
   1.994
   1.990
   1.984
   1.974
   1.949
   1.900
   1.850
   1.796
   1.743
   1.717
   1.717
   1.729
   1.751
   1.772
   1.790
   1.792
   1.787
   1.773
   1.749
   1.721
   1.697
   1.673
   1.642
   1.612
   1.580
   1.550
   1.528
   1.505
   1.472
   1.437
   1.403
   1.375
   1.356
   1.341
   1.329
   1.313
   1.290
   1.262
   1.234
   1.211
   1.201
   1.215
   1.245
   1.290
   1.339
   1.386
   1.426
   1.427
   0.000
   0.000
   1.170
   1.254
   1.275
   1.292
   1.303
   1.316
   1.340
   1.380
   1.430
   1.486
   1.546
   1.605
   1.662
   1.714
   1.765
   1.809
   1.847
   1.874
   1.892
   1.902
   1.898
   1.887
   1.874
   1.846
   1.795
   1.742
   1.687
   1.636
   1.614
   1.627
   1.652
   1.685
   1.720
   1.747
   1.756
   1.757
   1.742
   1.721
   1.698
   1.673
   1.645
   1.617
   1.591
   1.568
   1.547
   1.527
   1.506
   1.483
   1.452
   1.422
   1.390
   1.364
   1.342
   1.320
   1.292
   1.259
   1.217
   1.173
   1.141
   1.120
   1.122
   1.146
   1.189
   1.242
   1.295
   1.343
   1.351
   0.000
   0.000
   1.116
   1.211
   1.245
   1.269
   1.279
   1.286
   1.302
   1.332
   1.375
   1.422
   1.474
   1.527
   1.578
   1.626
   1.671
   1.711
   1.745
   1.771
   1.792
   1.802
   1.802
   1.795
   1.783
   1.750
   1.697
   1.642
   1.582
   1.537
   1.522
   1.542
   1.573
   1.613
   1.663
   1.700
   1.718
   1.726
   1.718
   1.697
   1.674
   1.651
   1.624
   1.593
   1.566
   1.545
   1.532
   1.518
   1.505
   1.488
   1.465
   1.432
   1.402
   1.369
   1.334
   1.299
   1.256
   1.208
   1.155
   1.099
   1.053
   1.028
   1.025
   1.046
   1.088
   1.142
   1.199
   1.256
   1.273
   0.000
   0.000
   1.052
   1.155
   1.202
   1.235
   1.246
   1.253
   1.264
   1.290
   1.323
   1.361
   1.404
   1.453
   1.500
   1.544
   1.585
   1.619
   1.649
   1.673
   1.694
   1.707
   1.711
   1.714
   1.704
   1.669
   1.618
   1.558
   1.501
   1.464
   1.455
   1.474
   1.508
   1.553
   1.606
   1.652
   1.681
   1.693
   1.689
   1.670
   1.650
   1.628
   1.602
   1.569
   1.540
   1.517
   1.501
   1.497
   1.490
   1.484
   1.464
   1.433
   1.402
   1.360
   1.313
   1.257
   1.199
   1.135
   1.065
   0.998
   0.948
   0.924
   0.926
   0.952
   0.997
   1.055
   1.117
   1.176
   1.198
   0.000
   0.000
   0.996
   1.102
   1.156
   1.195
   1.212
   1.221
   1.231
   1.249
   1.274
   1.304
   1.343
   1.388
   1.432
   1.475
   1.513
   1.543
   1.567
   1.589
   1.609
   1.626
   1.636
   1.640
   1.639
   1.610
   1.566
   1.514
   1.463
   1.427
   1.421
   1.439
   1.473
   1.518
   1.571
   1.618
   1.649
   1.664
   1.661
   1.642
   1.621
   1.600
   1.572
   1.538
   1.505
   1.480
   1.466
   1.464
   1.463
   1.464
   1.451
   1.423
   1.391
   1.338
   1.274
   1.198
   1.114
   1.031
   0.948
   0.875
   0.827
   0.810
   0.827
   0.869
   0.924
   0.986
   1.051
   1.109
   1.131
   0.000
   0.000
   0.922
   1.056
   1.106
   1.148
   1.169
   1.183
   1.196
   1.212
   1.233
   1.258
   1.292
   1.334
   1.377
   1.417
   1.453
   1.481
   1.503
   1.520
   1.538
   1.553
   1.565
   1.576
   1.579
   1.563
   1.532
   1.493
   1.448
   1.417
   1.409
   1.429
   1.459
   1.501
   1.552
   1.594
   1.621
   1.633
   1.625
   1.605
   1.581
   1.557
   1.528
   1.493
   1.460
   1.434
   1.419
   1.419
   1.424
   1.429
   1.424
   1.403
   1.367
   1.305
   1.220
   1.121
   1.016
   0.912
   0.824
   0.750
   0.708
   0.706
   0.743
   0.800
   0.870
   0.940
   1.006
   1.061
   1.075
   0.000
 -65.534
 -65.534
   0.925
   1.038
   1.072
   1.105
   1.130
   1.153
   1.173
   1.193
   1.217
   1.245
   1.277
   1.316
   1.353
   1.387
   1.415
   1.437
   1.452
   1.466
   1.479
   1.491
   1.504
   1.513
   1.509
   1.495
   1.470
   1.439
   1.407
   1.400
   1.415
   1.442
   1.486
   1.532
   1.564
   1.580
   1.584
   1.572
   1.549
   1.520
   1.488
   1.456
   1.420
   1.389
   1.366
   1.352
   1.353
   1.360
   1.367
   1.368
   1.354
   1.313
   1.244
   1.145
   1.032
   0.913
   0.798
   0.703
   0.635
   0.607
   0.622
   0.677
   0.749
   0.827
   0.901
   0.966
   1.019
   1.029
   0.000
 -65.534
 -65.534
 -65.534
   0.876
   0.975
   1.022
   1.064
   1.098
   1.124
   1.145
   1.170
   1.192
   1.217
   1.246
   1.275
   1.307
   1.333
   1.354
   1.369
   1.386
   1.397
   1.410
   1.423
   1.438
   1.446
   1.447
   1.440
   1.419
   1.395
   1.382
   1.393
   1.418
   1.457
   1.487
   1.500
   1.530
   1.528
   1.504
   1.471
   1.434
   1.393
   1.354
   1.316
   1.285
   1.264
   1.255
   1.256
   1.263
   1.270
   1.273
   1.264
   1.224
   1.152
   1.047
   0.926
   0.807
   0.697
   0.605
   0.547
   0.535
   0.566
   0.630
   0.708
   0.787
   0.861
   0.926
   0.977
   0.985
   0.000
 -65.534
 -65.534
 -65.534
 -65.534
   0.829
   0.927
   0.985
   1.025
   1.058
   1.082
   1.107
   1.131
   1.152
   1.176
   1.201
   1.225
   1.247
   1.266
   1.281
   1.291
   1.302
   1.315
   1.331
   1.350
   1.366
   1.381
   1.392
   1.387
   1.368
   1.356
   1.360
   1.375
   1.400
   1.422
   1.433
   1.447
   1.433
   1.426
   1.386
   1.333
   1.280
   1.230
   1.182
   1.148
   1.127
   1.120
   1.122
   1.129
   1.137
   1.138
   1.133
   1.095
   1.024
   0.930
   0.817
   0.708
   0.612
   0.536
   0.498
   0.505
   0.545
   0.610
   0.683
   0.756
   0.824
   0.887
   0.938
   0.943
   0.000
 -65.534
 -65.534
 -65.534
 -65.534
   0.732
   0.836
   0.895
   0.936
   0.969
   1.000
   1.031
   1.060
   1.089
   1.112
   1.136
   1.157
   1.173
   1.184
   1.192
   1.196
   1.203
   1.213
   1.225
   1.244
   1.263
   1.285
   1.305
   1.312
   1.309
   1.305
   1.308
   1.314
   1.329
   1.341
   1.348
   1.350
   1.335
   1.315
   1.260
   1.208
   1.144
   1.077
   1.017
   0.975
   0.955
   0.952
   0.956
   0.963
   0.970
   0.974
   0.966
   0.936
   0.882
   0.801
   0.715
   0.630
   0.560
   0.512
   0.496
   0.512
   0.555
   0.610
   0.671
   0.732
   0.789
   0.847
   0.896
   0.904
   0.000
 -65.534
 -65.534
 -65.534
 -65.534
   0.657
   0.756
   0.812
   0.849
   0.876
   0.915
   0.954
   0.989
   1.022
   1.055
   1.082
   1.100
   1.108
   1.114
   1.111
   1.110
   1.109
   1.112
   1.115
   1.125
   1.137
   1.152
   1.173
   1.190
   1.203
   1.212
   1.220
   1.226
   1.232
   1.236
   1.237
   1.231
   1.213
   1.177
   1.119
   1.050
   0.972
   0.890
   0.823
   0.778
   0.760
   0.762
   0.768
   0.778
   0.787
   0.790
   0.784
   0.765
   0.727
   0.678
   0.624
   0.575
   0.539
   0.521
   0.524
   0.549
   0.586
   0.627
   0.674
   0.720
   0.764
   0.816
   0.863
   0.875
   0.000
 -65.534
 -65.534
 -65.534
 -65.534
   0.563
   0.652
   0.709
   0.750
   0.798
   0.829
   0.871
   0.913
   0.952
   0.992
   1.024
   1.040
   1.047
   1.047
   1.044
   1.040
   1.033
   1.025
   1.019
   1.015
   1.010
   1.008
   1.012
   1.026
   1.049
   1.078
   1.099
   1.108
   1.110
   1.108
   1.100
   1.086
   1.062
   1.018
   0.955
   0.877
   0.789
   0.696
   0.618
   0.568
   0.560
   0.571
   0.584
   0.595
   0.603
   0.606
   0.601
   0.592
   0.577
   0.557
   0.533
   0.518
   0.517
   0.526
   0.547
   0.579
   0.615
   0.650
   0.680
   0.712
   0.749
   0.797
   0.846
   0.861
   0.000
 -65.534
 -65.534
 -65.534
 -65.534
 -65.534
 -65.534
 -65.534
 -65.534
   0.652
   0.730
   0.779
   0.824
   0.870
   0.914
   0.949
   0.972
   0.986
   0.992
   0.992
   0.991
   0.979
   0.965
   0.950
   0.930
   0.907
   0.881
   0.865
   0.864
   0.888
   0.924
   0.952
   0.967
   0.968
   0.960
   0.941
   0.917
   0.882
   0.833
   0.770
   0.692
   0.605
   0.517
   0.435
   0.387
   0.384
   0.397
   0.414
   0.427
   0.443
   0.447
   0.450
   0.449
   0.449
   0.445
   0.447
   0.456
   0.477
   0.504
   0.541
   0.581
   0.620
   0.653
   0.678
   0.702
   0.737
   0.781
   0.830
   0.846
   0.000
 -65.534
 -65.534
 -65.534
 -65.534
 -65.534
 -65.534
   0.315
   0.371
   0.540
   0.632
   0.685
   0.737
   0.788
   0.838
   0.878
   0.908
   0.933
   0.950
   0.960
   0.962
   0.953
   0.933
   0.909
   0.880
   0.844
   0.808
   0.772
   0.757
   0.765
   0.790
   0.813
   0.820
   0.815
   0.798
   0.773
   0.738
   0.697
   0.643
   0.578
   0.507
   0.430
   0.354
   0.286
   0.246
   0.236
   0.247
   0.268
   0.292
   0.309
   0.317
   0.329
   0.338
   0.348
   0.360
   0.372
   0.394
   0.424
   0.465
   0.510
   0.557
   0.597
   0.630
   0.655
   0.679
   0.717
   0.761
   0.812
   0.828
   0.000
 -65.534
 -65.534
 -65.534
 -65.534
 -65.534
 -65.534
 -65.534
 -65.534
 -65.534
   0.499
   0.568
   0.629
   0.685
   0.740
   0.795
   0.860
   0.898
   0.930
   0.950
   0.948
   0.938
   0.918
   0.897
   0.869
   0.833
   0.792
   0.753
   0.724
   0.711
   0.712
   0.715
   0.709
   0.690
   0.663
   0.626
   0.582
   0.534
   0.479
   0.416
   0.351
   0.287
   0.225
   0.175
   0.142
   0.128
   0.129
   0.149
   0.176
   0.200
   0.222
   0.246
   0.265
   0.284
   0.303
   0.322
   0.349
   0.384
   0.428
   0.473
   0.517
   0.555
   0.584
   0.614
   0.646
   0.688
   0.736
   0.790
   0.805
   0.000
 -65.534
 -65.534
 -65.534
 -65.534
 -65.534
 -65.534
 -65.534
 -65.534
 -65.534
 -65.534
 -65.534
 -65.534
 -65.534
 -65.534
 -65.534
   0.696
   0.810
   0.871
   0.906
   0.920
   0.924
   0.919
   0.908
   0.893
   0.869
   0.832
   0.793
   0.757
   0.726
   0.702
   0.682
   0.653
   0.619
   0.574
   0.526
   0.472
   0.418
   0.357
   0.297
   0.243
   0.191
   0.145
   0.105
   0.079
   0.062
   0.056
   0.066
   0.089
   0.119
   0.149
   0.179
   0.209
   0.233
   0.258
   0.289
   0.319
   0.355
   0.398
   0.439
   0.475
   0.506
   0.536
   0.572
   0.609
   0.652
   0.704
   0.761
   0.774
   0.000
 -65.534
 -65.534
 -65.534
 -65.534
 -65.534
 -65.534
 -65.534
 -65.534
 -65.534
 -65.534
 -65.534
 -65.534
 -65.534
 -65.534
 -65.534
 -65.534
 -65.534
 -65.534
 -65.534
   0.777
   0.888
   0.926
   0.946
   0.951
   0.937
   0.906
   0.872
   0.833
   0.789
   0.750
   0.708
   0.659
   0.606
   0.547
   0.488
   0.425
   0.366
   0.304
   0.247
   0.195
   0.152
   0.112
   0.081
   0.054
   0.037
   0.029
   0.030
   0.047
   0.072
   0.104
   0.139
   0.169
   0.201
   0.231
   0.263
   0.299
   0.336
   0.375
   0.410
   0.437
   0.465
   0.496
   0.530
   0.571
   0.614
   0.664
   0.720
   0.729
   0.000
 -65.534
 -65.534
 -65.534
 -65.534
 -65.534
 -65.534
 -65.534
 -65.534
 -65.534
 -65.534
 -65.534
 -65.534
 -65.534
 -65.534
 -65.534
 -65.534
 -65.534
 -65.534
   0.547
   0.816
   0.917
   0.969
   1.007
   1.030
   1.026
   1.006
   0.973
   0.931
   0.884
   0.836
   0.782
   0.723
   0.657
   0.587
   0.518
   0.451
   0.387
   0.323
   0.266
   0.216
   0.176
   0.141
   0.113
   0.086
   0.061
   0.045
   0.041
   0.050
   0.074
   0.101
   0.132
   0.163
   0.194
   0.222
   0.252
   0.289
   0.326
   0.362
   0.392
   0.414
   0.439
   0.467
   0.500
   0.535
   0.577
   0.620
   0.671
   0.670
   0.000
 -65.534
 -65.534
 -65.534
 -65.534
 -65.534
 -65.534
 -65.534
 -65.534
 -65.534
 -65.534
 -65.534
 -65.534
 -65.534
 -65.534
 -65.534
 -65.534
 -65.534
   0.586
   0.766
   0.913
   0.991
   1.042
   1.089
   1.121
   1.128
   1.109
   1.082
   1.044
   1.000
   0.950
   0.891
   0.829
   0.757
   0.681
   0.605
   0.534
   0.465
   0.400
   0.339
   0.288
   0.247
   0.218
   0.198
   0.181
   0.156
   0.125
   0.102
   0.099
   0.113
   0.139
   0.166
   0.195
   0.219
   0.242
   0.264
   0.296
   0.330
   0.362
   0.384
   0.403
   0.424
   0.447
   0.473
   0.504
   0.537
   0.574
   0.613
   0.606
   0.000
 -65.534
 -65.534
 -65.534
 -65.534
 -65.534
 -65.534
 -65.534
 -65.534
 -65.534
 -65.534
 -65.534
 -65.534
 -65.534
 -65.534
 -65.534
 -65.534
 -65.534
   0.781
   0.905
   1.002
   1.068
   1.123
   1.175
   1.217
   1.229
   1.218
   1.195
   1.161
   1.119
   1.070
   1.015
   0.952
   0.876
   0.800
   0.719
   0.642
   0.567
   0.498
   0.435
   0.384
   0.346
   0.321
   0.308
   0.299
   0.279
   0.247
   0.212
   0.189
   0.188
   0.204
   0.225
   0.242
   0.258
   0.273
   0.290
   0.311
   0.340
   0.369
   0.388
   0.405
   0.420
   0.438
   0.457
   0.476
   0.501
   0.530
   0.557
   0.534
   0.000
 -65.534
 -65.534
 -65.534
 -65.534
 -65.534
 -65.534
 -65.534
 -65.534
 -65.534
 -65.534
 -65.534
 -65.534
 -65.534
 -65.534
 -65.534
 -65.534
 -65.534
   0.882
   0.990
   1.066
   1.130
   1.196
   1.264
   1.317
   1.338
   1.326
   1.301
   1.269
   1.230
   1.185
   1.132
   1.067
   0.991
   0.912
   0.827
   0.744
   0.664
   0.589
   0.527
   0.482
   0.450
   0.432
   0.422
   0.416
   0.399
   0.365
   0.327
   0.298
   0.283
   0.286
   0.298
   0.308
   0.318
   0.326
   0.334
   0.345
   0.365
   0.388
   0.406
   0.417
   0.428
   0.439
   0.448
   0.459
   0.469
   0.487
   0.497
   0.476
   0.000
 -65.534
 -65.534
 -65.534
 -65.534
 -65.534
 -65.534
 -65.534
 -65.534
 -65.534
 -65.534
 -65.534
 -65.534
 -65.534
 -65.534
 -65.534
 -65.534
 -65.534
   0.932
   1.035
   1.107
   1.181
   1.264
   1.352
   1.414
   1.434
   1.426
   1.404
   1.374
   1.336
   1.289
   1.239
   1.171
   1.094
   1.011
   0.925
   0.839
   0.755
   0.680
   0.623
   0.585
   0.566
   0.555
   0.545
   0.531
   0.508
   0.477
   0.435
   0.399
   0.377
   0.370
   0.370
   0.375
   0.380
   0.381
   0.379
   0.381
   0.389
   0.405
   0.418
   0.429
   0.437
   0.441
   0.446
   0.449
   0.450
   0.452
   0.449
   0.421
   0.000
 -65.534
 -65.534
 -65.534
 -65.534
 -65.534
 -65.534
 -65.534
 -65.534
 -65.534
 -65.534
 -65.534
 -65.534
 -65.534
 -65.534
 -65.534
 -65.534
 -65.534
 -65.534
   1.012
   1.125
   1.221
   1.321
   1.416
   1.481
   1.499
   1.494
   1.480
   1.454
   1.421
   1.385
   1.336
   1.271
   1.191
   1.107
   1.020
   0.933
   0.848
   0.775
   0.719
   0.689
   0.675
   0.666
   0.657
   0.643
   0.622
   0.589
   0.548
   0.505
   0.476
   0.459
   0.453
   0.447
   0.445
   0.436
   0.428
   0.419
   0.419
   0.427
   0.435
   0.442
   0.446
   0.448
   0.446
   0.440
   0.432
   0.417
   0.400
   0.358
   0.000
 -65.534
 -65.534
 -65.534
 -65.534
 -65.534
 -65.534
 -65.534
 -65.534
 -65.534
 -65.534
 -65.534
 -65.534
 -65.534
 -65.534
 -65.534
 -65.534
 -65.534
 -65.534
 -65.534
   1.080
   1.232
   1.348
   1.436
   1.487
   1.504
   1.503
   1.498
   1.486
   1.474
   1.455
   1.425
   1.366
   1.286
   1.198
   1.114
   1.037
   0.975
   0.888
   0.821
   0.780
   0.748
   0.735
   0.731
   0.729
   0.727
   0.708
   0.675
   0.631
   0.591
   0.562
   0.550
   0.536
   0.524
   0.511
   0.495
   0.479
   0.468
   0.466
   0.468
   0.470
   0.467
   0.461
   0.450
   0.431
   0.413
   0.386
   0.351
   0.286
   0.000
 -65.534
 -65.534
 -65.534
 -65.534
 -65.534
 -65.534
 -65.534
 -65.534
 -65.534
 -65.534
 -65.534
 -65.534
 -65.534
 -65.534
 -65.534
 -65.534
 -65.534
 -65.534
 -65.534
 -65.534
   1.151
   1.285
   1.379
   1.430
   1.467
   1.472
   1.477
   1.483
   1.489
   1.500
   1.492
   1.439
   1.351
   1.251
   1.149
   1.007
 -65.534
 -65.534
 -65.534
 -65.534
   0.670
   0.729
   0.753
   0.786
   0.821
   0.831
   0.813
   0.778
   0.733
   0.695
   0.668
   0.645
   0.623
   0.601
   0.574
   0.549
   0.528
   0.517
   0.506
   0.498
   0.490
   0.474
   0.452
   0.424
   0.391
   0.351
   0.303
   0.225
   0.000
 -65.534
 -65.534
 -65.534
 -65.534
 -65.534
 -65.534
 -65.534
 -65.534
 -65.534
 -65.534
 -65.534
 -65.534
 -65.534
 -65.534
 -65.534
 -65.534
 -65.534
 -65.534
 -65.534
 -65.534
 -65.534
 -65.534
 -65.534
 -65.534
   1.293
   1.391
   1.431
   1.457
   1.481
   1.504
   1.507
   1.459
   1.375
   1.274
   1.171
   1.015
 -65.534
 -65.534
 -65.534
 -65.534
 -65.534
 -65.534
   0.727
   0.812
   0.892
   0.935
   0.935
   0.906
   0.868
   0.825
   0.787
   0.755
   0.724
   0.690
   0.657
   0.622
   0.593
   0.567
   0.546
   0.526
   0.508
   0.485
   0.452
   0.414
   0.368
   0.317
   0.256
   0.171
   0.000
 -65.534
 -65.534
 -65.534
 -65.534
 -65.534
 -65.534
 -65.534
 -65.534
 -65.534
 -65.534
 -65.534
 -65.534
 -65.534
 -65.534
 -65.534
 -65.534
 -65.534
 -65.534
 -65.534
 -65.534
 -65.534
 -65.534
 -65.534
 -65.534
   1.112
   1.236
   1.299
   1.351
   1.401
   1.459
   1.463
   1.420
   1.347
   1.264
   1.179
   1.033
 -65.534
 -65.534
 -65.534
 -65.534
 -65.534
 -65.534
 -65.534
   0.823
   0.947
   1.021
   1.019
   0.998
   0.967
   0.926
   0.888
   0.849
   0.811
   0.774
   0.737
   0.699
   0.665
   0.632
   0.600
   0.567
   0.533
   0.495
   0.451
   0.401
   0.342
   0.280
   0.210
   0.117
   0.000
 -65.534
 -65.534
 -65.534
 -65.534
 -65.534
 -65.534
 -65.534
 -65.534
 -65.534
 -65.534
 -65.534
 -65.534
 -65.534
 -65.534
 -65.534
 -65.534
 -65.534
 -65.534
 -65.534
 -65.534
 -65.534
 -65.534
 -65.534
 -65.534
 -65.534
 -65.534
 -65.534
 -65.534
 -65.534
   1.163
   1.261
   1.274
   1.271
   1.229
   1.169
   1.058
   0.670
 -65.534
 -65.534
 -65.534
 -65.534
 -65.534
 -65.534
   0.801
   0.909
 -65.534
   0.920
   1.005
   1.007
   0.984
   0.957
   0.923
   0.882
   0.845
   0.808
   0.773
   0.739
   0.703
   0.660
   0.614
   0.567
   0.515
   0.455
   0.387
   0.313
   0.236
   0.154
   0.055
   0.000
 -65.534
 -65.534
 -65.534
 -65.534
 -65.534
 -65.534
 -65.534
 -65.534
 -65.534
 -65.534
 -65.534
 -65.534
 -65.534
 -65.534
 -65.534
 -65.534
 -65.534
 -65.534
 -65.534
 -65.534
 -65.534
 -65.534
 -65.534
 -65.534
 -65.534
 -65.534
 -65.534
 -65.534
 -65.534
 -65.534
 -65.534
 -65.534
   1.046
   1.140
   1.131
   1.046
   0.853
   0.584
 -65.534
 -65.534
 -65.534
 -65.534
 -65.534
 -65.534
 -65.534
 -65.534
 -65.534
 -65.534
 -65.534
   0.849
   0.940
   0.945
   0.928
   0.899
   0.866
   0.824
   0.784
   0.738
   0.689
   0.636
   0.581
   0.521
   0.452
   0.375
   0.292
   0.203
   0.112
   0.011
   0.000
 -65.534
 -65.534
 -65.534
 -65.534
 -65.534
 -65.534
 -65.534
 -65.534
 -65.534
 -65.534
 -65.534
 -65.534
 -65.534
 -65.534
 -65.534
 -65.534
 -65.534
 -65.534
 -65.534
 -65.534
 -65.534
 -65.534
 -65.534
 -65.534
 -65.534
 -65.534
 -65.534
 -65.534
 -65.534
 -65.534
 -65.534
 -65.534
   0.868
   0.989
   1.011
   0.961
   0.863
   0.731
   0.555
   0.430
 -65.534
 -65.534
 -65.534
 -65.534
 -65.534
 -65.534
 -65.534
 -65.534
 -65.534
 -65.534
 -65.534
 -65.534
   0.783
   0.855
   0.851
   0.811
   0.773
   0.728
   0.680
   0.627
   0.574
   0.513
   0.444
   0.364
   0.282
   0.197
   0.103
  -0.004
   0.000
 -65.534
 -65.534
 -65.534
 -65.534
 -65.534
 -65.534
 -65.534
 -65.534
 -65.534
 -65.534
 -65.534
 -65.534
 -65.534
 -65.534
 -65.534
 -65.534
 -65.534
 -65.534
 -65.534
 -65.534
 -65.534
 -65.534
 -65.534
 -65.534
 -65.534
 -65.534
 -65.534
 -65.534
 -65.534
 -65.534
 -65.534
 -65.534
 -65.534
 -65.534
 -65.534
 -65.534
   0.645
   0.669
   0.625
   0.560
   0.449
   0.403
   0.376
   0.358
   0.342
 -65.534
 -65.534
 -65.534
 -65.534
 -65.534
 -65.534
 -65.534
 -65.534
 -65.534
 -65.534
   0.646
   0.705
   0.696
   0.661
   0.612
   0.559
   0.502
   0.433
   0.361
   0.284
   0.205
   0.114
   0.006
   0.000
 -65.534
 -65.534
 -65.534
 -65.534
 -65.534
 -65.534
 -65.534
 -65.534
 -65.534
 -65.534
 -65.534
 -65.534
 -65.534
 -65.534
 -65.534
 -65.534
 -65.534
 -65.534
 -65.534
 -65.534
 -65.534
 -65.534
 -65.534
 -65.534
 -65.534
 -65.534
 -65.534
 -65.534
 -65.534
 -65.534
 -65.534
 -65.534
 -65.534
 -65.534
 -65.534
 -65.534
 -65.534
 -65.534
 -65.534
 -65.534
   0.414
 -65.534
 -65.534
 -65.534
 -65.534
 -65.534
 -65.534
 -65.534
 -65.534
 -65.534
 -65.534
 -65.534
 -65.534
 -65.534
 -65.534
   0.585
   0.653
   0.654
   0.628
   0.579
   0.533
   0.472
   0.407
   0.343
   0.276
   0.209
   0.130
   0.023
   0.000
 -65.534
 -65.534
 -65.534
 -65.534
 -65.534
 -65.534
 -65.534
 -65.534
 -65.534
 -65.534
 -65.534
 -65.534
 -65.534
 -65.534
 -65.534
 -65.534
 -65.534
 -65.534
 -65.534
 -65.534
 -65.534
 -65.534
 -65.534
 -65.534
 -65.534
 -65.534
 -65.534
 -65.534
 -65.534
 -65.534
 -65.534
 -65.534
 -65.534
 -65.534
 -65.534
 -65.534
 -65.534
 -65.534
 -65.534
 -65.534
 -65.534
 -65.534
 -65.534
 -65.534
 -65.534
 -65.534
 -65.534
 -65.534
 -65.534
 -65.534
 -65.534
 -65.534
 -65.534
 -65.534
 -65.534
 -65.534
 -65.534
 -65.534
 -65.534
   0.488
   0.480
   0.426
   0.359
   0.307
   0.266
   0.224
   0.172
   0.073
   0.000
 -65.534
 -65.534
 -65.534
 -65.534
 -65.534
 -65.534
 -65.534
 -65.534
 -65.534
 -65.534
 -65.534
 -65.534
 -65.534
 -65.534
 -65.534
 -65.534
 -65.534
 -65.534
 -65.534
 -65.534
 -65.534
 -65.534
 -65.534
 -65.534
 -65.534
 -65.534
 -65.534
 -65.534
 -65.534
 -65.534
 -65.534
 -65.534
 -65.534
 -65.534
 -65.534
 -65.534
 -65.534
 -65.534
 -65.534
 -65.534
 -65.534
 -65.534
 -65.534
 -65.534
 -65.534
 -65.534
 -65.534
 -65.534
 -65.534
 -65.534
 -65.534
 -65.534
 -65.534
 -65.534
 -65.534
 -65.534
 -65.534
 -65.534
 -65.534
 -65.534
 -65.534
   0.000
   0.000
   0.000
   0.000
   0.000
   0.000
   0.000
 -65.534
