 -65.534
   0.000
   0.000
   0.000
   0.000
   0.000
   0.000
   0.000
   0.000
   0.000
   0.000
   0.000
   0.000
   0.000
   0.000
   0.000
   0.000
   0.000
   0.000
   0.000
   0.000
   0.000
   0.000
   0.000
   0.000
   0.000
   0.000
   0.000
   0.000
   0.000
   0.000
   0.000
   0.000
   0.000
   0.000
   0.000
   0.000
   0.000
   0.000
   0.000
   0.000
   0.000
   0.000
   0.000
   0.000
   0.000
   0.000
   0.000
   0.000
   0.000
   0.000
   0.000
   0.000
   0.000
   0.000
   0.000
   0.000
   0.000
   0.000
   0.000
   0.000
   0.000
   0.000
   0.000
   0.000
   0.000
   0.000
   0.000
 -65.534
   0.000
   0.935
   1.016
   1.044
   1.075
   1.115
   1.165
   1.209
   1.246
   1.266
   1.273
   1.266
   1.252
   1.237
   1.215
   1.193
   1.175
   1.174
   1.191
   1.212
   1.234
   1.254
   1.276
   1.290
   1.317
   1.342
   1.360
   1.375
   1.383
   1.392
   1.398
   1.414
   1.436
   1.466
   1.498
   1.513
   1.522
   1.510
   1.476
   1.435
   1.399
   1.365
   1.344
   1.313
   1.276
   1.227
   1.169
   1.101
   1.053
   1.020
   1.001
   0.996
   1.002
   1.016
   1.049
   1.083
   1.113
   1.140
   1.169
   1.202
   1.233
   1.258
   1.280
   1.293
   1.300
   1.310
   1.322
   1.297
   0.000
   0.000
   1.063
   1.145
   1.170
   1.203
   1.236
   1.283
   1.334
   1.378
   1.415
   1.437
   1.443
   1.432
   1.415
   1.386
   1.359
   1.335
   1.328
   1.337
   1.353
   1.377
   1.403
   1.434
   1.463
   1.494
   1.515
   1.526
   1.533
   1.535
   1.536
   1.545
   1.564
   1.597
   1.642
   1.694
   1.736
   1.760
   1.762
   1.736
   1.699
   1.665
   1.635
   1.599
   1.560
   1.506
   1.442
   1.371
   1.302
   1.243
   1.203
   1.177
   1.164
   1.168
   1.177
   1.199
   1.228
   1.263
   1.303
   1.347
   1.393
   1.437
   1.471
   1.500
   1.519
   1.538
   1.551
   1.567
   1.537
   0.000
   0.000
   1.096
   1.186
   1.215
   1.247
   1.272
   1.307
   1.353
   1.396
   1.438
   1.470
   1.488
   1.492
   1.484
   1.464
   1.438
   1.416
   1.407
   1.416
   1.433
   1.457
   1.487
   1.526
   1.564
   1.590
   1.601
   1.598
   1.587
   1.574
   1.566
   1.573
   1.591
   1.627
   1.687
   1.750
   1.808
   1.849
   1.862
   1.849
   1.823
   1.794
   1.758
   1.721
   1.675
   1.614
   1.541
   1.471
   1.402
   1.345
   1.302
   1.269
   1.251
   1.244
   1.248
   1.263
   1.287
   1.321
   1.362
   1.407
   1.458
   1.504
   1.543
   1.575
   1.605
   1.627
   1.647
   1.666
   1.633
   0.000
   0.000
   1.116
   1.209
   1.242
   1.272
   1.297
   1.321
   1.352
   1.389
   1.429
   1.468
   1.493
   1.509
   1.514
   1.505
   1.491
   1.480
   1.479
   1.493
   1.513
   1.536
   1.565
   1.602
   1.641
   1.660
   1.661
   1.649
   1.619
   1.583
   1.567
   1.570
   1.589
   1.626
   1.686
   1.762
   1.831
   1.881
   1.905
   1.896
   1.879
   1.859
   1.833
   1.796
   1.750
   1.690
   1.620
   1.549
   1.484
   1.429
   1.380
   1.343
   1.318
   1.306
   1.303
   1.309
   1.329
   1.355
   1.387
   1.424
   1.466
   1.510
   1.549
   1.587
   1.623
   1.656
   1.685
   1.708
   1.681
   0.000
   0.000
   1.131
   1.218
   1.251
   1.285
   1.310
   1.329
   1.349
   1.378
   1.413
   1.450
   1.479
   1.499
   1.510
   1.512
   1.512
   1.516
   1.526
   1.546
   1.567
   1.592
   1.618
   1.652
   1.684
   1.700
   1.695
   1.671
   1.623
   1.570
   1.542
   1.543
   1.561
   1.599
   1.662
   1.737
   1.808
   1.861
   1.894
   1.897
   1.886
   1.872
   1.856
   1.832
   1.797
   1.739
   1.673
   1.601
   1.543
   1.486
   1.437
   1.394
   1.364
   1.343
   1.336
   1.338
   1.349
   1.367
   1.389
   1.412
   1.441
   1.475
   1.510
   1.550
   1.593
   1.637
   1.676
   1.709
   1.692
   0.000
   0.000
   1.144
   1.226
   1.255
   1.290
   1.315
   1.334
   1.350
   1.370
   1.398
   1.428
   1.457
   1.480
   1.497
   1.507
   1.518
   1.533
   1.551
   1.571
   1.594
   1.615
   1.640
   1.671
   1.699
   1.709
   1.690
   1.652
   1.594
   1.531
   1.495
   1.499
   1.514
   1.554
   1.609
   1.685
   1.753
   1.814
   1.845
   1.858
   1.855
   1.852
   1.849
   1.834
   1.801
   1.751
   1.693
   1.629
   1.569
   1.515
   1.463
   1.419
   1.387
   1.363
   1.349
   1.349
   1.355
   1.366
   1.376
   1.386
   1.401
   1.424
   1.450
   1.482
   1.525
   1.574
   1.629
   1.676
   1.673
   0.000
   0.000
   1.155
   1.233
   1.259
   1.291
   1.316
   1.334
   1.349
   1.365
   1.387
   1.414
   1.438
   1.461
   1.480
   1.497
   1.517
   1.536
   1.557
   1.576
   1.594
   1.614
   1.633
   1.656
   1.677
   1.674
   1.644
   1.595
   1.529
   1.464
   1.429
   1.435
   1.458
   1.498
   1.552
   1.625
   1.685
   1.738
   1.775
   1.794
   1.800
   1.802
   1.805
   1.797
   1.779
   1.737
   1.679
   1.620
   1.561
   1.505
   1.456
   1.414
   1.383
   1.360
   1.347
   1.344
   1.348
   1.352
   1.354
   1.353
   1.357
   1.365
   1.380
   1.406
   1.443
   1.495
   1.554
   1.611
   1.625
   0.000
   0.000
   1.150
   1.237
   1.265
   1.294
   1.316
   1.333
   1.347
   1.361
   1.379
   1.401
   1.423
   1.443
   1.465
   1.486
   1.508
   1.530
   1.551
   1.567
   1.584
   1.599
   1.612
   1.625
   1.638
   1.623
   1.577
   1.517
   1.449
   1.385
   1.353
   1.366
   1.396
   1.441
   1.506
   1.572
   1.626
   1.672
   1.701
   1.721
   1.732
   1.741
   1.744
   1.740
   1.727
   1.701
   1.652
   1.592
   1.535
   1.480
   1.432
   1.394
   1.364
   1.346
   1.336
   1.333
   1.333
   1.329
   1.321
   1.308
   1.306
   1.305
   1.312
   1.327
   1.360
   1.409
   1.470
   1.534
   1.552
   0.000
   0.000
   1.124
   1.227
   1.263
   1.293
   1.312
   1.330
   1.344
   1.358
   1.372
   1.390
   1.406
   1.426
   1.449
   1.474
   1.496
   1.519
   1.537
   1.553
   1.567
   1.580
   1.589
   1.597
   1.598
   1.568
   1.511
   1.449
   1.375
   1.311
   1.290
   1.309
   1.345
   1.397
   1.473
   1.540
   1.593
   1.633
   1.661
   1.674
   1.683
   1.688
   1.691
   1.688
   1.676
   1.657
   1.624
   1.569
   1.512
   1.461
   1.411
   1.368
   1.345
   1.329
   1.319
   1.312
   1.305
   1.292
   1.272
   1.252
   1.241
   1.239
   1.242
   1.252
   1.280
   1.327
   1.389
   1.455
   1.480
   0.000
   0.000
   1.085
   1.201
   1.251
   1.287
   1.308
   1.324
   1.340
   1.354
   1.367
   1.381
   1.396
   1.415
   1.439
   1.464
   1.488
   1.506
   1.521
   1.536
   1.546
   1.556
   1.563
   1.569
   1.563
   1.527
   1.468
   1.396
   1.321
   1.271
   1.258
   1.279
   1.322
   1.378
   1.456
   1.530
   1.584
   1.625
   1.647
   1.656
   1.656
   1.657
   1.653
   1.645
   1.638
   1.619
   1.588
   1.546
   1.492
   1.444
   1.393
   1.346
   1.324
   1.302
   1.283
   1.265
   1.251
   1.230
   1.201
   1.176
   1.166
   1.164
   1.168
   1.181
   1.210
   1.257
   1.321
   1.391
   1.422
   0.000
   0.000
   1.040
   1.170
   1.230
   1.274
   1.296
   1.312
   1.329
   1.341
   1.356
   1.371
   1.389
   1.410
   1.434
   1.461
   1.483
   1.499
   1.508
   1.517
   1.525
   1.536
   1.542
   1.546
   1.545
   1.516
   1.462
   1.396
   1.326
   1.283
   1.273
   1.295
   1.336
   1.395
   1.471
   1.546
   1.602
   1.639
   1.658
   1.659
   1.655
   1.647
   1.635
   1.618
   1.601
   1.578
   1.551
   1.516
   1.469
   1.421
   1.371
   1.322
   1.296
   1.268
   1.238
   1.209
   1.177
   1.142
   1.113
   1.090
   1.082
   1.086
   1.098
   1.119
   1.156
   1.211
   1.281
   1.352
   1.383
   0.000
   0.000
   0.976
   1.136
   1.196
   1.243
   1.269
   1.288
   1.304
   1.321
   1.337
   1.354
   1.374
   1.398
   1.427
   1.455
   1.477
   1.487
   1.495
   1.498
   1.507
   1.516
   1.527
   1.541
   1.549
   1.532
   1.493
   1.442
   1.386
   1.342
   1.325
   1.347
   1.381
   1.435
   1.509
   1.578
   1.630
   1.662
   1.674
   1.670
   1.656
   1.643
   1.621
   1.599
   1.572
   1.542
   1.508
   1.479
   1.435
   1.390
   1.342
   1.300
   1.268
   1.233
   1.190
   1.142
   1.093
   1.047
   1.018
   1.001
   1.000
   1.012
   1.032
   1.066
   1.119
   1.189
   1.267
   1.337
   1.363
   0.000
 -65.534
 -65.534
   1.014
   1.138
   1.179
   1.214
   1.239
   1.265
   1.284
   1.304
   1.326
   1.348
   1.372
   1.399
   1.426
   1.448
   1.462
   1.468
   1.471
   1.482
   1.495
   1.514
   1.535
   1.555
   1.552
   1.536
   1.506
   1.462
   1.417
   1.399
   1.410
   1.429
   1.484
   1.551
   1.610
   1.646
   1.672
   1.678
   1.669
   1.651
   1.629
   1.602
   1.574
   1.538
   1.505
   1.466
   1.431
   1.392
   1.348
   1.306
   1.265
   1.225
   1.180
   1.120
   1.059
   1.001
   0.948
   0.918
   0.910
   0.921
   0.940
   0.970
   1.026
   1.098
   1.184
   1.267
   1.335
   1.355
   0.000
 -65.534
 -65.534
 -65.534
   0.981
   1.090
   1.137
   1.178
   1.209
   1.232
   1.255
   1.281
   1.305
   1.328
   1.350
   1.375
   1.397
   1.413
   1.422
   1.432
   1.447
   1.465
   1.489
   1.518
   1.546
   1.565
   1.569
   1.559
   1.533
   1.496
   1.471
   1.467
   1.482
   1.522
   1.562
   1.588
   1.647
   1.667
   1.662
   1.649
   1.630
   1.603
   1.572
   1.534
   1.491
   1.452
   1.409
   1.370
   1.332
   1.293
   1.252
   1.215
   1.169
   1.112
   1.040
   0.967
   0.905
   0.861
   0.831
   0.828
   0.844
   0.869
   0.913
   0.978
   1.068
   1.165
   1.252
   1.323
   1.343
   0.000
 -65.534
 -65.534
 -65.534
 -65.534
   0.942
   1.042
   1.097
   1.135
   1.163
   1.192
   1.220
   1.245
   1.269
   1.291
   1.313
   1.334
   1.351
   1.361
   1.374
   1.390
   1.409
   1.438
   1.474
   1.511
   1.545
   1.573
   1.583
   1.573
   1.548
   1.523
   1.506
   1.506
   1.521
   1.544
   1.565
   1.597
   1.599
   1.627
   1.617
   1.592
   1.564
   1.527
   1.479
   1.430
   1.380
   1.332
   1.288
   1.251
   1.215
   1.176
   1.142
   1.093
   1.027
   0.959
   0.886
   0.829
   0.792
   0.770
   0.772
   0.787
   0.816
   0.867
   0.939
   1.032
   1.128
   1.218
   1.289
   1.310
   0.000
 -65.534
 -65.534
 -65.534
 -65.534
   0.838
   0.947
   1.005
   1.046
   1.077
   1.112
   1.147
   1.180
   1.206
   1.230
   1.252
   1.269
   1.282
   1.294
   1.306
   1.319
   1.337
   1.366
   1.401
   1.444
   1.487
   1.523
   1.552
   1.560
   1.546
   1.528
   1.510
   1.496
   1.497
   1.504
   1.514
   1.524
   1.530
   1.543
   1.523
   1.516
   1.492
   1.450
   1.397
   1.336
   1.277
   1.227
   1.180
   1.140
   1.105
   1.073
   1.036
   0.989
   0.937
   0.877
   0.822
   0.783
   0.757
   0.744
   0.746
   0.760
   0.793
   0.842
   0.911
   0.993
   1.075
   1.152
   1.221
   1.244
   0.000
 -65.534
 -65.534
 -65.534
 -65.534
   0.760
   0.861
   0.918
   0.958
   0.991
   1.032
   1.076
   1.111
   1.143
   1.170
   1.191
   1.206
   1.213
   1.221
   1.230
   1.242
   1.257
   1.279
   1.310
   1.345
   1.384
   1.423
   1.456
   1.476
   1.480
   1.474
   1.459
   1.442
   1.432
   1.432
   1.433
   1.437
   1.439
   1.434
   1.411
   1.391
   1.360
   1.309
   1.261
   1.200
   1.137
   1.085
   1.037
   0.998
   0.967
   0.937
   0.904
   0.872
   0.835
   0.797
   0.766
   0.746
   0.733
   0.732
   0.743
   0.761
   0.792
   0.835
   0.890
   0.950
   1.012
   1.075
   1.138
   1.162
   0.000
 -65.534
 -65.534
 -65.534
 -65.534
   0.657
   0.751
   0.813
   0.861
   0.916
   0.955
   1.000
   1.040
   1.074
   1.105
   1.125
   1.138
   1.146
   1.155
   1.163
   1.167
   1.176
   1.188
   1.207
   1.234
   1.262
   1.293
   1.324
   1.345
   1.358
   1.360
   1.351
   1.335
   1.326
   1.322
   1.320
   1.319
   1.315
   1.301
   1.273
   1.235
   1.186
   1.128
   1.071
   1.009
   0.955
   0.909
   0.869
   0.833
   0.803
   0.779
   0.754
   0.734
   0.717
   0.701
   0.690
   0.689
   0.698
   0.717
   0.740
   0.769
   0.802
   0.840
   0.876
   0.913
   0.960
   1.015
   1.073
   1.095
   0.000
 -65.534
 -65.534
 -65.534
 -65.534
 -65.534
 -65.534
 -65.534
 -65.534
   0.758
   0.850
   0.907
   0.954
   0.994
   1.028
   1.053
   1.068
   1.080
   1.090
   1.098
   1.106
   1.106
   1.108
   1.111
   1.124
   1.140
   1.159
   1.180
   1.197
   1.206
   1.210
   1.202
   1.192
   1.181
   1.176
   1.167
   1.163
   1.151
   1.133
   1.098
   1.051
   0.992
   0.927
   0.861
   0.803
   0.757
   0.719
   0.684
   0.656
   0.638
   0.619
   0.605
   0.596
   0.592
   0.591
   0.601
   0.619
   0.649
   0.682
   0.722
   0.765
   0.806
   0.839
   0.864
   0.891
   0.928
   0.980
   1.036
   1.060
   0.000
 -65.534
 -65.534
 -65.534
 -65.534
 -65.534
 -65.534
   0.286
   0.386
   0.630
   0.744
   0.809
   0.863
   0.911
   0.950
   0.980
   1.003
   1.021
   1.034
   1.044
   1.048
   1.049
   1.043
   1.039
   1.033
   1.031
   1.040
   1.050
   1.061
   1.064
   1.066
   1.056
   1.043
   1.028
   1.015
   1.000
   0.984
   0.970
   0.941
   0.903
   0.854
   0.790
   0.723
   0.658
   0.606
   0.569
   0.538
   0.516
   0.504
   0.489
   0.473
   0.467
   0.466
   0.476
   0.491
   0.516
   0.550
   0.592
   0.642
   0.696
   0.747
   0.790
   0.822
   0.844
   0.872
   0.911
   0.961
   1.015
   1.037
   0.000
 -65.534
 -65.534
 -65.534
 -65.534
 -65.534
 -65.534
 -65.534
 -65.534
 -65.534
   0.581
   0.666
   0.733
   0.790
   0.841
   0.889
   0.947
   0.973
   0.993
   1.004
   1.001
   1.000
   0.991
   0.985
   0.977
   0.970
   0.961
   0.953
   0.957
   0.954
   0.947
   0.933
   0.914
   0.894
   0.871
   0.846
   0.817
   0.788
   0.752
   0.710
   0.661
   0.606
   0.546
   0.487
   0.438
   0.408
   0.391
   0.383
   0.381
   0.376
   0.374
   0.378
   0.389
   0.407
   0.433
   0.467
   0.510
   0.560
   0.617
   0.676
   0.725
   0.767
   0.796
   0.822
   0.854
   0.894
   0.941
   0.996
   1.012
   0.000
 -65.534
 -65.534
 -65.534
 -65.534
 -65.534
 -65.534
 -65.534
 -65.534
 -65.534
 -65.534
 -65.534
 -65.534
 -65.534
 -65.534
 -65.534
   0.751
   0.860
   0.909
   0.934
   0.952
   0.954
   0.954
   0.951
   0.946
   0.936
   0.926
   0.912
   0.897
   0.887
   0.873
   0.852
   0.825
   0.792
   0.758
   0.723
   0.683
   0.642
   0.598
   0.560
   0.515
   0.465
   0.414
   0.363
   0.321
   0.295
   0.288
   0.293
   0.303
   0.311
   0.317
   0.328
   0.347
   0.373
   0.404
   0.447
   0.496
   0.549
   0.607
   0.661
   0.701
   0.733
   0.761
   0.793
   0.826
   0.865
   0.914
   0.968
   0.976
   0.000
 -65.534
 -65.534
 -65.534
 -65.534
 -65.534
 -65.534
 -65.534
 -65.534
 -65.534
 -65.534
 -65.534
 -65.534
 -65.534
 -65.534
 -65.534
 -65.534
 -65.534
 -65.534
 -65.534
   0.765
   0.867
   0.909
   0.930
   0.942
   0.936
   0.922
   0.908
   0.891
   0.872
   0.843
   0.814
   0.779
   0.738
   0.698
   0.655
   0.609
   0.564
   0.514
   0.469
   0.426
   0.386
   0.345
   0.307
   0.269
   0.240
   0.227
   0.235
   0.256
   0.280
   0.297
   0.316
   0.340
   0.371
   0.407
   0.451
   0.501
   0.552
   0.603
   0.646
   0.672
   0.695
   0.722
   0.755
   0.792
   0.834
   0.885
   0.936
   0.942
   0.000
 -65.534
 -65.534
 -65.534
 -65.534
 -65.534
 -65.534
 -65.534
 -65.534
 -65.534
 -65.534
 -65.534
 -65.534
 -65.534
 -65.534
 -65.534
 -65.534
 -65.534
 -65.534
   0.482
   0.743
   0.834
   0.892
   0.931
   0.955
   0.958
   0.947
   0.933
   0.913
   0.893
   0.865
   0.826
   0.783
   0.738
   0.693
   0.645
   0.601
   0.558
   0.509
   0.463
   0.419
   0.381
   0.349
   0.317
   0.287
   0.254
   0.225
   0.216
   0.232
   0.261
   0.293
   0.325
   0.357
   0.394
   0.432
   0.470
   0.509
   0.559
   0.602
   0.632
   0.649
   0.667
   0.692
   0.725
   0.767
   0.812
   0.862
   0.914
   0.910
   0.000
 -65.534
 -65.534
 -65.534
 -65.534
 -65.534
 -65.534
 -65.534
 -65.534
 -65.534
 -65.534
 -65.534
 -65.534
 -65.534
 -65.534
 -65.534
 -65.534
 -65.534
   0.488
   0.660
   0.784
   0.853
   0.905
   0.952
   0.984
   0.993
   0.984
   0.973
   0.960
   0.942
   0.916
   0.881
   0.836
   0.788
   0.741
   0.694
   0.648
   0.603
   0.558
   0.513
   0.470
   0.434
   0.407
   0.387
   0.369
   0.344
   0.306
   0.268
   0.260
   0.277
   0.310
   0.346
   0.383
   0.415
   0.452
   0.489
   0.531
   0.573
   0.605
   0.624
   0.634
   0.646
   0.669
   0.702
   0.746
   0.793
   0.843
   0.887
   0.875
   0.000
 -65.534
 -65.534
 -65.534
 -65.534
 -65.534
 -65.534
 -65.534
 -65.534
 -65.534
 -65.534
 -65.534
 -65.534
 -65.534
 -65.534
 -65.534
 -65.534
 -65.534
   0.644
   0.757
   0.830
   0.886
   0.935
   0.984
   1.020
   1.033
   1.029
   1.024
   1.014
   1.002
   0.986
   0.956
   0.913
   0.871
   0.823
   0.772
   0.722
   0.676
   0.628
   0.584
   0.543
   0.513
   0.491
   0.479
   0.476
   0.459
   0.423
   0.375
   0.345
   0.340
   0.358
   0.385
   0.409
   0.434
   0.466
   0.495
   0.527
   0.567
   0.598
   0.612
   0.619
   0.631
   0.654
   0.685
   0.720
   0.765
   0.811
   0.849
   0.831
   0.000
 -65.534
 -65.534
 -65.534
 -65.534
 -65.534
 -65.534
 -65.534
 -65.534
 -65.534
 -65.534
 -65.534
 -65.534
 -65.534
 -65.534
 -65.534
 -65.534
 -65.534
   0.721
   0.812
   0.867
   0.920
   0.973
   1.026
   1.064
   1.078
   1.075
   1.072
   1.066
   1.061
   1.053
   1.036
   1.000
   0.961
   0.918
   0.867
   0.815
   0.764
   0.711
   0.666
   0.625
   0.596
   0.576
   0.571
   0.569
   0.556
   0.524
   0.483
   0.449
   0.433
   0.434
   0.446
   0.460
   0.480
   0.500
   0.519
   0.538
   0.565
   0.591
   0.606
   0.613
   0.626
   0.643
   0.667
   0.699
   0.738
   0.773
   0.801
   0.784
   0.000
 -65.534
 -65.534
 -65.534
 -65.534
 -65.534
 -65.534
 -65.534
 -65.534
 -65.534
 -65.534
 -65.534
 -65.534
 -65.534
 -65.534
 -65.534
 -65.534
 -65.534
   0.782
   0.848
   0.907
   0.962
   1.020
   1.077
   1.118
   1.131
   1.131
   1.129
   1.127
   1.124
   1.122
   1.113
   1.084
   1.053
   1.014
   0.969
   0.918
   0.862
   0.810
   0.760
   0.718
   0.688
   0.671
   0.661
   0.653
   0.642
   0.619
   0.584
   0.551
   0.527
   0.518
   0.514
   0.519
   0.527
   0.535
   0.541
   0.548
   0.560
   0.579
   0.591
   0.605
   0.616
   0.632
   0.650
   0.675
   0.703
   0.729
   0.751
   0.725
   0.000
 -65.534
 -65.534
 -65.534
 -65.534
 -65.534
 -65.534
 -65.534
 -65.534
 -65.534
 -65.534
 -65.534
 -65.534
 -65.534
 -65.534
 -65.534
 -65.534
 -65.534
 -65.534
   0.867
   0.939
   1.010
   1.075
   1.134
   1.172
   1.182
   1.181
   1.182
   1.183
   1.186
   1.193
   1.192
   1.169
   1.146
   1.115
   1.075
   1.027
   0.971
   0.915
   0.862
   0.818
   0.788
   0.766
   0.752
   0.742
   0.731
   0.710
   0.685
   0.656
   0.629
   0.609
   0.597
   0.585
   0.583
   0.579
   0.572
   0.567
   0.571
   0.579
   0.588
   0.598
   0.608
   0.621
   0.633
   0.649
   0.668
   0.684
   0.695
   0.668
   0.000
 -65.534
 -65.534
 -65.534
 -65.534
 -65.534
 -65.534
 -65.534
 -65.534
 -65.534
 -65.534
 -65.534
 -65.534
 -65.534
 -65.534
 -65.534
 -65.534
 -65.534
 -65.534
 -65.534
   0.952
   1.048
   1.126
   1.176
   1.204
   1.213
   1.216
   1.222
   1.229
   1.243
   1.262
   1.271
   1.263
   1.244
   1.216
   1.184
   1.147
   1.114
   1.055
   0.999
   0.944
   0.877
   0.836
   0.817
   0.810
   0.812
   0.804
   0.786
   0.760
   0.735
   0.711
   0.696
   0.675
   0.659
   0.647
   0.635
   0.622
   0.614
   0.611
   0.612
   0.617
   0.622
   0.626
   0.629
   0.635
   0.639
   0.644
   0.641
   0.597
   0.000
 -65.534
 -65.534
 -65.534
 -65.534
 -65.534
 -65.534
 -65.534
 -65.534
 -65.534
 -65.534
 -65.534
 -65.534
 -65.534
 -65.534
 -65.534
 -65.534
 -65.534
 -65.534
 -65.534
 -65.534
   1.046
   1.142
   1.200
   1.227
   1.243
   1.246
   1.254
   1.269
   1.295
   1.329
   1.351
   1.359
   1.339
   1.309
   1.271
   1.186
 -65.534
 -65.534
 -65.534
 -65.534
   0.710
   0.782
   0.814
   0.850
   0.883
   0.900
   0.894
   0.877
   0.854
   0.834
   0.810
   0.781
   0.755
   0.732
   0.707
   0.687
   0.672
   0.661
   0.652
   0.650
   0.646
   0.644
   0.640
   0.633
   0.624
   0.610
   0.596
   0.538
   0.000
 -65.534
 -65.534
 -65.534
 -65.534
 -65.534
 -65.534
 -65.534
 -65.534
 -65.534
 -65.534
 -65.534
 -65.534
 -65.534
 -65.534
 -65.534
 -65.534
 -65.534
 -65.534
 -65.534
 -65.534
 -65.534
 -65.534
 -65.534
 -65.534
   1.130
   1.223
   1.263
   1.297
   1.336
   1.379
   1.412
   1.423
   1.407
   1.375
   1.328
   1.222
 -65.534
 -65.534
 -65.534
 -65.534
 -65.534
 -65.534
   0.763
   0.861
   0.939
   0.983
   0.994
   0.984
   0.970
   0.947
   0.917
   0.888
   0.853
   0.818
   0.788
   0.760
   0.734
   0.714
   0.699
   0.689
   0.681
   0.673
   0.658
   0.640
   0.617
   0.588
   0.557
   0.487
   0.000
 -65.534
 -65.534
 -65.534
 -65.534
 -65.534
 -65.534
 -65.534
 -65.534
 -65.534
 -65.534
 -65.534
 -65.534
 -65.534
 -65.534
 -65.534
 -65.534
 -65.534
 -65.534
 -65.534
 -65.534
 -65.534
 -65.534
 -65.534
 -65.534
   1.055
   1.166
   1.233
   1.289
   1.343
   1.397
   1.430
   1.439
   1.428
   1.402
   1.358
   1.249
 -65.534
 -65.534
 -65.534
 -65.534
 -65.534
 -65.534
 -65.534
   0.858
   0.987
   1.063
   1.077
   1.073
   1.060
   1.042
   1.014
   0.982
   0.945
   0.908
   0.873
   0.843
   0.814
   0.789
   0.765
   0.745
   0.724
   0.703
   0.678
   0.647
   0.611
   0.570
   0.528
   0.445
   0.000
 -65.534
 -65.534
 -65.534
 -65.534
 -65.534
 -65.534
 -65.534
 -65.534
 -65.534
 -65.534
 -65.534
 -65.534
 -65.534
 -65.534
 -65.534
 -65.534
 -65.534
 -65.534
 -65.534
 -65.534
 -65.534
 -65.534
 -65.534
 -65.534
 -65.534
 -65.534
 -65.534
 -65.534
 -65.534
   1.168
   1.308
   1.357
   1.390
   1.385
   1.351
   1.266
   0.849
 -65.534
 -65.534
 -65.534
 -65.534
 -65.534
 -65.534
   0.863
   0.987
 -65.534
   0.969
   1.067
   1.097
   1.097
   1.078
   1.050
   1.013
   0.982
   0.953
   0.927
   0.901
   0.873
   0.842
   0.811
   0.779
   0.743
   0.702
   0.656
   0.603
   0.549
   0.492
   0.403
   0.000
 -65.534
 -65.534
 -65.534
 -65.534
 -65.534
 -65.534
 -65.534
 -65.534
 -65.534
 -65.534
 -65.534
 -65.534
 -65.534
 -65.534
 -65.534
 -65.534
 -65.534
 -65.534
 -65.534
 -65.534
 -65.534
 -65.534
 -65.534
 -65.534
 -65.534
 -65.534
 -65.534
 -65.534
 -65.534
 -65.534
 -65.534
 -65.534
   1.144
   1.279
   1.294
   1.226
   1.032
   0.731
 -65.534
 -65.534
 -65.534
 -65.534
 -65.534
 -65.534
 -65.534
 -65.534
 -65.534
 -65.534
 -65.534
   0.925
   1.039
   1.064
   1.062
   1.039
   1.016
   0.989
   0.962
   0.932
   0.896
   0.858
   0.816
   0.769
   0.718
   0.661
   0.602
   0.538
   0.474
   0.383
   0.000
 -65.534
 -65.534
 -65.534
 -65.534
 -65.534
 -65.534
 -65.534
 -65.534
 -65.534
 -65.534
 -65.534
 -65.534
 -65.534
 -65.534
 -65.534
 -65.534
 -65.534
 -65.534
 -65.534
 -65.534
 -65.534
 -65.534
 -65.534
 -65.534
 -65.534
 -65.534
 -65.534
 -65.534
 -65.534
 -65.534
 -65.534
 -65.534
   0.980
   1.129
   1.175
   1.133
   1.033
   0.887
   0.692
   0.541
 -65.534
 -65.534
 -65.534
 -65.534
 -65.534
 -65.534
 -65.534
 -65.534
 -65.534
 -65.534
 -65.534
 -65.534
   0.883
   0.987
   1.010
   1.000
   0.978
   0.945
   0.910
   0.871
   0.827
   0.779
   0.725
   0.668
   0.608
   0.548
   0.485
   0.395
   0.000
 -65.534
 -65.534
 -65.534
 -65.534
 -65.534
 -65.534
 -65.534
 -65.534
 -65.534
 -65.534
 -65.534
 -65.534
 -65.534
 -65.534
 -65.534
 -65.534
 -65.534
 -65.534
 -65.534
 -65.534
 -65.534
 -65.534
 -65.534
 -65.534
 -65.534
 -65.534
 -65.534
 -65.534
 -65.534
 -65.534
 -65.534
 -65.534
 -65.534
 -65.534
 -65.534
 -65.534
   0.749
   0.789
   0.744
   0.681
   0.563
   0.497
   0.459
   0.448
   0.444
 -65.534
 -65.534
 -65.534
 -65.534
 -65.534
 -65.534
 -65.534
 -65.534
 -65.534
 -65.534
   0.808
   0.908
   0.920
   0.901
   0.867
   0.829
   0.783
   0.733
   0.683
   0.631
   0.576
   0.517
   0.428
   0.000
 -65.534
 -65.534
 -65.534
 -65.534
 -65.534
 -65.534
 -65.534
 -65.534
 -65.534
 -65.534
 -65.534
 -65.534
 -65.534
 -65.534
 -65.534
 -65.534
 -65.534
 -65.534
 -65.534
 -65.534
 -65.534
 -65.534
 -65.534
 -65.534
 -65.534
 -65.534
 -65.534
 -65.534
 -65.534
 -65.534
 -65.534
 -65.534
 -65.534
 -65.534
 -65.534
 -65.534
 -65.534
 -65.534
 -65.534
 -65.534
   0.467
 -65.534
 -65.534
 -65.534
 -65.534
 -65.534
 -65.534
 -65.534
 -65.534
 -65.534
 -65.534
 -65.534
 -65.534
 -65.534
 -65.534
   0.743
   0.864
   0.895
   0.890
   0.863
   0.827
   0.775
   0.728
   0.686
   0.646
   0.606
   0.558
   0.472
   0.000
 -65.534
 -65.534
 -65.534
 -65.534
 -65.534
 -65.534
 -65.534
 -65.534
 -65.534
 -65.534
 -65.534
 -65.534
 -65.534
 -65.534
 -65.534
 -65.534
 -65.534
 -65.534
 -65.534
 -65.534
 -65.534
 -65.534
 -65.534
 -65.534
 -65.534
 -65.534
 -65.534
 -65.534
 -65.534
 -65.534
 -65.534
 -65.534
 -65.534
 -65.534
 -65.534
 -65.534
 -65.534
 -65.534
 -65.534
 -65.534
 -65.534
 -65.534
 -65.534
 -65.534
 -65.534
 -65.534
 -65.534
 -65.534
 -65.534
 -65.534
 -65.534
 -65.534
 -65.534
 -65.534
 -65.534
 -65.534
 -65.534
 -65.534
 -65.534
   0.721
   0.774
   0.756
   0.712
   0.686
   0.670
   0.655
   0.632
   0.553
   0.000
 -65.534
 -65.534
 -65.534
 -65.534
 -65.534
 -65.534
 -65.534
 -65.534
 -65.534
 -65.534
 -65.534
 -65.534
 -65.534
 -65.534
 -65.534
 -65.534
 -65.534
 -65.534
 -65.534
 -65.534
 -65.534
 -65.534
 -65.534
 -65.534
 -65.534
 -65.534
 -65.534
 -65.534
 -65.534
 -65.534
 -65.534
 -65.534
 -65.534
 -65.534
 -65.534
 -65.534
 -65.534
 -65.534
 -65.534
 -65.534
 -65.534
 -65.534
 -65.534
 -65.534
 -65.534
 -65.534
 -65.534
 -65.534
 -65.534
 -65.534
 -65.534
 -65.534
 -65.534
 -65.534
 -65.534
 -65.534
 -65.534
 -65.534
 -65.534
 -65.534
 -65.534
   0.000
   0.000
   0.000
   0.000
   0.000
   0.000
   0.000
 -65.534
