 -65.534
   0.000
   0.000
   0.000
   0.000
   0.000
   0.000
   0.000
   0.000
   0.000
   0.000
   0.000
   0.000
   0.000
   0.000
   0.000
   0.000
   0.000
   0.000
   0.000
   0.000
   0.000
   0.000
   0.000
   0.000
   0.000
   0.000
   0.000
   0.000
   0.000
   0.000
   0.000
   0.000
   0.000
   0.000
   0.000
   0.000
   0.000
   0.000
   0.000
   0.000
   0.000
   0.000
   0.000
   0.000
   0.000
   0.000
   0.000
   0.000
   0.000
   0.000
   0.000
   0.000
   0.000
   0.000
   0.000
   0.000
   0.000
   0.000
   0.000
   0.000
   0.000
   0.000
   0.000
   0.000
   0.000
   0.000
   0.000
 -65.534
   0.000
   0.897
   0.996
   1.042
   1.094
   1.154
   1.215
   1.282
   1.350
   1.417
   1.483
   1.551
   1.618
   1.681
   1.733
   1.778
   1.811
   1.832
   1.830
   1.797
   1.736
   1.653
   1.572
   1.452
   1.475
   1.543
   1.592
   1.607
   1.599
   1.569
   1.538
   1.520
   1.490
   1.440
   1.437
   1.398
   1.378
   1.342
   1.292
   1.255
   1.212
   1.191
   1.193
   1.181
   1.154
   1.125
   1.082
   1.034
   0.994
   0.965
   0.949
   0.947
   0.954
   0.967
   0.990
   1.011
   1.028
   1.044
   1.056
   1.072
   1.086
   1.102
   1.122
   1.137
   1.150
   1.164
   1.174
   1.148
   0.000
   0.000
   1.008
   1.102
   1.143
   1.199
   1.261
   1.331
   1.406
   1.481
   1.557
   1.630
   1.704
   1.773
   1.836
   1.888
   1.931
   1.963
   1.988
   1.995
   1.982
   1.945
   1.887
   1.830
   1.748
   1.752
   1.780
   1.798
   1.799
   1.775
   1.736
   1.698
   1.663
   1.635
   1.595
   1.573
   1.549
   1.522
   1.497
   1.463
   1.429
   1.406
   1.388
   1.384
   1.373
   1.348
   1.315
   1.275
   1.233
   1.193
   1.161
   1.139
   1.129
   1.134
   1.145
   1.159
   1.176
   1.194
   1.209
   1.224
   1.237
   1.253
   1.270
   1.288
   1.309
   1.328
   1.346
   1.360
   1.330
   0.000
   0.000
   1.025
   1.111
   1.144
   1.195
   1.256
   1.327
   1.404
   1.482
   1.561
   1.637
   1.712
   1.788
   1.859
   1.916
   1.963
   2.003
   2.030
   2.045
   2.045
   2.021
   1.981
   1.943
   1.906
   1.873
   1.877
   1.873
   1.853
   1.818
   1.778
   1.739
   1.706
   1.670
   1.643
   1.623
   1.593
   1.569
   1.542
   1.512
   1.485
   1.466
   1.450
   1.441
   1.429
   1.407
   1.378
   1.345
   1.311
   1.276
   1.243
   1.218
   1.206
   1.204
   1.211
   1.224
   1.235
   1.248
   1.259
   1.273
   1.287
   1.301
   1.319
   1.340
   1.364
   1.389
   1.409
   1.425
   1.396
   0.000
   0.000
   1.043
   1.117
   1.139
   1.180
   1.233
   1.298
   1.370
   1.445
   1.524
   1.604
   1.683
   1.763
   1.838
   1.900
   1.954
   1.995
   2.027
   2.046
   2.052
   2.040
   2.010
   1.978
   1.964
   1.936
   1.924
   1.904
   1.871
   1.826
   1.785
   1.749
   1.714
   1.680
   1.654
   1.629
   1.600
   1.577
   1.553
   1.525
   1.500
   1.483
   1.467
   1.460
   1.450
   1.434
   1.410
   1.383
   1.357
   1.330
   1.299
   1.273
   1.257
   1.252
   1.253
   1.256
   1.264
   1.270
   1.274
   1.279
   1.287
   1.301
   1.320
   1.347
   1.376
   1.406
   1.431
   1.452
   1.428
   0.000
   0.000
   1.062
   1.128
   1.142
   1.171
   1.211
   1.263
   1.326
   1.398
   1.476
   1.551
   1.628
   1.706
   1.781
   1.845
   1.899
   1.945
   1.981
   2.003
   2.013
   2.010
   1.987
   1.965
   1.946
   1.945
   1.933
   1.892
   1.850
   1.798
   1.756
   1.723
   1.692
   1.666
   1.642
   1.619
   1.587
   1.557
   1.532
   1.507
   1.481
   1.468
   1.461
   1.455
   1.450
   1.439
   1.421
   1.400
   1.384
   1.364
   1.336
   1.310
   1.293
   1.283
   1.279
   1.277
   1.273
   1.270
   1.265
   1.259
   1.259
   1.267
   1.288
   1.318
   1.355
   1.390
   1.424
   1.450
   1.433
   0.000
   0.000
   1.079
   1.141
   1.150
   1.167
   1.193
   1.232
   1.285
   1.350
   1.418
   1.490
   1.563
   1.634
   1.706
   1.767
   1.824
   1.872
   1.908
   1.934
   1.948
   1.951
   1.940
   1.932
   1.926
   1.918
   1.879
   1.833
   1.786
   1.735
   1.696
   1.671
   1.647
   1.629
   1.611
   1.588
   1.558
   1.530
   1.499
   1.474
   1.450
   1.440
   1.437
   1.436
   1.433
   1.425
   1.417
   1.407
   1.396
   1.384
   1.360
   1.336
   1.318
   1.305
   1.298
   1.289
   1.276
   1.261
   1.243
   1.225
   1.213
   1.216
   1.234
   1.266
   1.306
   1.348
   1.389
   1.423
   1.417
   0.000
   0.000
   1.089
   1.152
   1.164
   1.173
   1.188
   1.214
   1.251
   1.303
   1.362
   1.425
   1.490
   1.557
   1.621
   1.680
   1.733
   1.782
   1.816
   1.843
   1.859
   1.862
   1.854
   1.847
   1.839
   1.821
   1.782
   1.738
   1.689
   1.638
   1.604
   1.590
   1.577
   1.569
   1.558
   1.541
   1.516
   1.488
   1.462
   1.435
   1.416
   1.408
   1.403
   1.402
   1.405
   1.404
   1.401
   1.401
   1.398
   1.389
   1.374
   1.356
   1.339
   1.325
   1.311
   1.292
   1.272
   1.245
   1.213
   1.182
   1.161
   1.153
   1.165
   1.195
   1.237
   1.285
   1.332
   1.372
   1.378
   0.000
   0.000
   1.082
   1.160
   1.175
   1.188
   1.193
   1.201
   1.225
   1.264
   1.313
   1.368
   1.426
   1.481
   1.539
   1.589
   1.637
   1.679
   1.714
   1.738
   1.751
   1.756
   1.750
   1.740
   1.731
   1.707
   1.667
   1.623
   1.574
   1.525
   1.496
   1.490
   1.488
   1.488
   1.489
   1.482
   1.463
   1.442
   1.419
   1.398
   1.382
   1.376
   1.369
   1.367
   1.368
   1.375
   1.379
   1.384
   1.390
   1.391
   1.383
   1.373
   1.357
   1.339
   1.319
   1.293
   1.261
   1.221
   1.178
   1.131
   1.100
   1.083
   1.089
   1.113
   1.156
   1.205
   1.259
   1.308
   1.323
   0.000
   0.000
   1.053
   1.141
   1.171
   1.188
   1.189
   1.190
   1.201
   1.233
   1.270
   1.316
   1.362
   1.410
   1.457
   1.500
   1.540
   1.573
   1.606
   1.628
   1.644
   1.651
   1.649
   1.641
   1.632
   1.601
   1.557
   1.511
   1.459
   1.416
   1.392
   1.392
   1.396
   1.404
   1.418
   1.421
   1.412
   1.398
   1.382
   1.363
   1.351
   1.347
   1.339
   1.335
   1.335
   1.343
   1.354
   1.365
   1.378
   1.388
   1.391
   1.380
   1.367
   1.346
   1.319
   1.281
   1.234
   1.182
   1.123
   1.066
   1.023
   1.004
   1.009
   1.031
   1.071
   1.124
   1.181
   1.238
   1.261
   0.000
   0.000
   1.009
   1.104
   1.147
   1.174
   1.180
   1.178
   1.184
   1.202
   1.230
   1.265
   1.302
   1.345
   1.384
   1.421
   1.452
   1.480
   1.506
   1.527
   1.545
   1.556
   1.560
   1.559
   1.546
   1.515
   1.469
   1.418
   1.365
   1.328
   1.311
   1.311
   1.320
   1.333
   1.353
   1.366
   1.366
   1.359
   1.343
   1.329
   1.320
   1.314
   1.309
   1.302
   1.299
   1.305
   1.318
   1.339
   1.358
   1.378
   1.384
   1.378
   1.366
   1.340
   1.300
   1.245
   1.183
   1.114
   1.039
   0.973
   0.929
   0.913
   0.922
   0.951
   0.996
   1.052
   1.114
   1.173
   1.201
   0.000
   0.000
   0.968
   1.068
   1.118
   1.151
   1.162
   1.166
   1.170
   1.180
   1.198
   1.222
   1.253
   1.288
   1.323
   1.358
   1.385
   1.410
   1.431
   1.448
   1.466
   1.478
   1.485
   1.485
   1.478
   1.448
   1.405
   1.357
   1.313
   1.277
   1.263
   1.266
   1.275
   1.294
   1.314
   1.330
   1.335
   1.329
   1.316
   1.297
   1.288
   1.282
   1.274
   1.264
   1.256
   1.260
   1.274
   1.300
   1.328
   1.355
   1.370
   1.368
   1.355
   1.318
   1.261
   1.188
   1.105
   1.017
   0.930
   0.858
   0.816
   0.811
   0.837
   0.882
   0.935
   0.996
   1.061
   1.120
   1.150
   0.000
   0.000
   0.900
   1.034
   1.086
   1.120
   1.136
   1.147
   1.157
   1.168
   1.180
   1.195
   1.219
   1.250
   1.281
   1.313
   1.339
   1.359
   1.375
   1.389
   1.402
   1.410
   1.416
   1.418
   1.415
   1.394
   1.363
   1.326
   1.286
   1.252
   1.239
   1.245
   1.259
   1.276
   1.297
   1.310
   1.314
   1.307
   1.290
   1.268
   1.253
   1.242
   1.228
   1.215
   1.206
   1.204
   1.218
   1.247
   1.280
   1.314
   1.337
   1.341
   1.326
   1.279
   1.206
   1.111
   1.008
   0.902
   0.810
   0.742
   0.708
   0.719
   0.761
   0.821
   0.891
   0.959
   1.025
   1.082
   1.108
   0.000
 -65.534
 -65.534
   0.910
   1.025
   1.062
   1.091
   1.115
   1.134
   1.149
   1.163
   1.177
   1.195
   1.216
   1.242
   1.267
   1.288
   1.307
   1.322
   1.329
   1.336
   1.342
   1.347
   1.351
   1.351
   1.341
   1.324
   1.297
   1.267
   1.236
   1.223
   1.231
   1.244
   1.267
   1.287
   1.298
   1.291
   1.280
   1.256
   1.229
   1.204
   1.183
   1.165
   1.149
   1.137
   1.136
   1.148
   1.174
   1.211
   1.244
   1.272
   1.282
   1.264
   1.209
   1.121
   1.015
   0.901
   0.786
   0.693
   0.633
   0.617
   0.642
   0.699
   0.775
   0.853
   0.927
   0.992
   1.051
   1.074
   0.000
 -65.534
 -65.534
 -65.534
   0.871
   0.980
   1.026
   1.068
   1.100
   1.123
   1.138
   1.153
   1.166
   1.180
   1.195
   1.212
   1.228
   1.243
   1.256
   1.263
   1.268
   1.272
   1.275
   1.279
   1.285
   1.284
   1.279
   1.270
   1.249
   1.224
   1.210
   1.216
   1.231
   1.253
   1.266
   1.263
   1.270
   1.251
   1.217
   1.180
   1.143
   1.111
   1.082
   1.056
   1.041
   1.038
   1.048
   1.073
   1.104
   1.137
   1.166
   1.181
   1.162
   1.103
   1.009
   0.898
   0.784
   0.679
   0.594
   0.546
   0.549
   0.588
   0.653
   0.729
   0.809
   0.883
   0.954
   1.013
   1.041
   0.000
 -65.534
 -65.534
 -65.534
 -65.534
   0.850
   0.948
   1.005
   1.045
   1.074
   1.097
   1.116
   1.130
   1.140
   1.148
   1.161
   1.171
   1.183
   1.189
   1.193
   1.193
   1.193
   1.197
   1.202
   1.212
   1.222
   1.231
   1.233
   1.226
   1.209
   1.197
   1.200
   1.208
   1.224
   1.233
   1.232
   1.229
   1.203
   1.180
   1.131
   1.078
   1.028
   0.985
   0.947
   0.921
   0.913
   0.923
   0.942
   0.969
   0.999
   1.022
   1.037
   1.018
   0.962
   0.879
   0.778
   0.675
   0.588
   0.524
   0.500
   0.516
   0.561
   0.624
   0.695
   0.769
   0.840
   0.908
   0.970
   0.998
   0.000
 -65.534
 -65.534
 -65.534
 -65.534
   0.760
   0.867
   0.925
   0.966
   1.000
   1.029
   1.056
   1.080
   1.099
   1.113
   1.123
   1.128
   1.130
   1.130
   1.125
   1.118
   1.115
   1.116
   1.118
   1.128
   1.139
   1.155
   1.169
   1.175
   1.171
   1.168
   1.172
   1.175
   1.185
   1.191
   1.190
   1.181
   1.158
   1.123
   1.062
   1.003
   0.940
   0.879
   0.824
   0.787
   0.773
   0.779
   0.794
   0.815
   0.837
   0.857
   0.865
   0.852
   0.811
   0.742
   0.667
   0.594
   0.536
   0.499
   0.495
   0.516
   0.561
   0.616
   0.676
   0.740
   0.803
   0.865
   0.924
   0.956
   0.000
 -65.534
 -65.534
 -65.534
 -65.534
   0.689
   0.788
   0.844
   0.882
   0.913
   0.951
   0.988
   1.020
   1.050
   1.073
   1.088
   1.093
   1.087
   1.078
   1.067
   1.056
   1.045
   1.039
   1.036
   1.038
   1.041
   1.051
   1.064
   1.080
   1.093
   1.106
   1.116
   1.120
   1.124
   1.126
   1.123
   1.113
   1.090
   1.047
   0.981
   0.908
   0.830
   0.751
   0.688
   0.642
   0.625
   0.632
   0.647
   0.661
   0.678
   0.687
   0.690
   0.686
   0.660
   0.620
   0.579
   0.539
   0.514
   0.505
   0.516
   0.543
   0.582
   0.626
   0.677
   0.725
   0.779
   0.838
   0.894
   0.927
   0.000
 -65.534
 -65.534
 -65.534
 -65.534
   0.589
   0.675
   0.731
   0.776
   0.829
   0.862
   0.906
   0.946
   0.984
   1.018
   1.038
   1.045
   1.041
   1.032
   1.019
   1.004
   0.990
   0.978
   0.967
   0.955
   0.945
   0.936
   0.935
   0.947
   0.971
   1.003
   1.028
   1.037
   1.040
   1.039
   1.033
   1.017
   0.991
   0.944
   0.878
   0.799
   0.715
   0.626
   0.550
   0.502
   0.488
   0.499
   0.514
   0.525
   0.533
   0.538
   0.538
   0.536
   0.530
   0.517
   0.501
   0.493
   0.496
   0.508
   0.534
   0.568
   0.609
   0.649
   0.685
   0.725
   0.771
   0.826
   0.884
   0.915
   0.000
 -65.534
 -65.534
 -65.534
 -65.534
 -65.534
 -65.534
 -65.534
 -65.534
   0.677
   0.755
   0.807
   0.852
   0.900
   0.940
   0.970
   0.982
   0.989
   0.987
   0.983
   0.976
   0.960
   0.940
   0.919
   0.896
   0.869
   0.839
   0.818
   0.816
   0.841
   0.882
   0.914
   0.932
   0.935
   0.931
   0.916
   0.896
   0.865
   0.819
   0.755
   0.678
   0.596
   0.510
   0.435
   0.386
   0.372
   0.380
   0.393
   0.405
   0.418
   0.421
   0.424
   0.426
   0.430
   0.431
   0.435
   0.446
   0.468
   0.497
   0.533
   0.577
   0.622
   0.661
   0.694
   0.728
   0.770
   0.822
   0.880
   0.910
   0.000
 -65.534
 -65.534
 -65.534
 -65.534
 -65.534
 -65.534
   0.314
   0.382
   0.559
   0.651
   0.707
   0.760
   0.814
   0.861
   0.896
   0.921
   0.941
   0.954
   0.961
   0.959
   0.948
   0.926
   0.900
   0.866
   0.826
   0.788
   0.753
   0.738
   0.749
   0.778
   0.806
   0.821
   0.822
   0.813
   0.792
   0.765
   0.730
   0.682
   0.621
   0.552
   0.479
   0.406
   0.341
   0.300
   0.281
   0.280
   0.292
   0.310
   0.322
   0.330
   0.339
   0.346
   0.358
   0.372
   0.386
   0.406
   0.434
   0.474
   0.520
   0.568
   0.613
   0.655
   0.689
   0.723
   0.767
   0.819
   0.880
   0.908
   0.000
 -65.534
 -65.534
 -65.534
 -65.534
 -65.534
 -65.534
 -65.534
 -65.534
 -65.534
   0.517
   0.582
   0.644
   0.698
   0.753
   0.806
   0.871
   0.904
   0.934
   0.953
   0.952
   0.943
   0.924
   0.901
   0.873
   0.836
   0.793
   0.752
   0.725
   0.717
   0.723
   0.731
   0.733
   0.726
   0.710
   0.682
   0.648
   0.609
   0.559
   0.503
   0.443
   0.381
   0.323
   0.274
   0.241
   0.220
   0.211
   0.215
   0.232
   0.250
   0.269
   0.289
   0.308
   0.324
   0.342
   0.363
   0.389
   0.422
   0.464
   0.510
   0.555
   0.598
   0.638
   0.679
   0.719
   0.768
   0.823
   0.884
   0.904
   0.000
 -65.534
 -65.534
 -65.534
 -65.534
 -65.534
 -65.534
 -65.534
 -65.534
 -65.534
 -65.534
 -65.534
 -65.534
 -65.534
 -65.534
 -65.534
   0.695
   0.804
   0.863
   0.905
   0.933
   0.938
   0.933
   0.923
   0.909
   0.881
   0.844
   0.807
   0.770
   0.741
   0.724
   0.711
   0.693
   0.668
   0.636
   0.599
   0.558
   0.514
   0.465
   0.420
   0.371
   0.321
   0.272
   0.231
   0.204
   0.186
   0.174
   0.173
   0.184
   0.205
   0.229
   0.253
   0.278
   0.303
   0.328
   0.357
   0.390
   0.425
   0.465
   0.507
   0.544
   0.583
   0.623
   0.668
   0.714
   0.764
   0.821
   0.882
   0.896
   0.000
 -65.534
 -65.534
 -65.534
 -65.534
 -65.534
 -65.534
 -65.534
 -65.534
 -65.534
 -65.534
 -65.534
 -65.534
 -65.534
 -65.534
 -65.534
 -65.534
 -65.534
 -65.534
 -65.534
   0.809
   0.916
   0.950
   0.965
   0.969
   0.954
   0.924
   0.890
   0.852
   0.812
   0.774
   0.739
   0.703
   0.660
   0.611
   0.565
   0.518
   0.472
   0.423
   0.378
   0.335
   0.294
   0.256
   0.220
   0.191
   0.172
   0.164
   0.163
   0.173
   0.189
   0.212
   0.236
   0.263
   0.294
   0.323
   0.358
   0.394
   0.432
   0.471
   0.508
   0.539
   0.573
   0.615
   0.661
   0.707
   0.758
   0.809
   0.868
   0.873
   0.000
 -65.534
 -65.534
 -65.534
 -65.534
 -65.534
 -65.534
 -65.534
 -65.534
 -65.534
 -65.534
 -65.534
 -65.534
 -65.534
 -65.534
 -65.534
 -65.534
 -65.534
 -65.534
   0.581
   0.852
   0.953
   0.998
   1.033
   1.051
   1.046
   1.024
   0.991
   0.950
   0.908
   0.864
   0.815
   0.764
   0.708
   0.648
   0.590
   0.535
   0.484
   0.434
   0.389
   0.351
   0.315
   0.284
   0.253
   0.223
   0.197
   0.180
   0.178
   0.186
   0.202
   0.225
   0.252
   0.279
   0.307
   0.337
   0.366
   0.401
   0.442
   0.481
   0.514
   0.541
   0.574
   0.614
   0.654
   0.700
   0.747
   0.794
   0.845
   0.840
   0.000
 -65.534
 -65.534
 -65.534
 -65.534
 -65.534
 -65.534
 -65.534
 -65.534
 -65.534
 -65.534
 -65.534
 -65.534
 -65.534
 -65.534
 -65.534
 -65.534
 -65.534
   0.626
   0.805
   0.953
   1.027
   1.077
   1.119
   1.146
   1.147
   1.128
   1.100
   1.063
   1.023
   0.973
   0.922
   0.866
   0.802
   0.737
   0.672
   0.611
   0.552
   0.497
   0.449
   0.409
   0.376
   0.351
   0.329
   0.308
   0.282
   0.251
   0.230
   0.229
   0.243
   0.265
   0.292
   0.320
   0.343
   0.366
   0.392
   0.424
   0.459
   0.496
   0.525
   0.550
   0.577
   0.611
   0.648
   0.688
   0.729
   0.771
   0.812
   0.802
   0.000
 -65.534
 -65.534
 -65.534
 -65.534
 -65.534
 -65.534
 -65.534
 -65.534
 -65.534
 -65.534
 -65.534
 -65.534
 -65.534
 -65.534
 -65.534
 -65.534
 -65.534
   0.816
   0.947
   1.044
   1.109
   1.161
   1.211
   1.246
   1.253
   1.240
   1.213
   1.180
   1.141
   1.097
   1.048
   0.986
   0.916
   0.848
   0.776
   0.708
   0.643
   0.583
   0.530
   0.490
   0.460
   0.439
   0.426
   0.415
   0.392
   0.362
   0.326
   0.306
   0.307
   0.324
   0.347
   0.368
   0.387
   0.404
   0.421
   0.443
   0.476
   0.508
   0.534
   0.557
   0.581
   0.608
   0.639
   0.669
   0.702
   0.739
   0.775
   0.757
   0.000
 -65.534
 -65.534
 -65.534
 -65.534
 -65.534
 -65.534
 -65.534
 -65.534
 -65.534
 -65.534
 -65.534
 -65.534
 -65.534
 -65.534
 -65.534
 -65.534
 -65.534
   0.913
   1.029
   1.106
   1.172
   1.237
   1.302
   1.354
   1.367
   1.353
   1.328
   1.296
   1.258
   1.215
   1.163
   1.097
   1.026
   0.952
   0.875
   0.801
   0.727
   0.663
   0.613
   0.577
   0.554
   0.538
   0.529
   0.519
   0.501
   0.467
   0.428
   0.399
   0.388
   0.394
   0.408
   0.422
   0.437
   0.448
   0.460
   0.472
   0.496
   0.522
   0.546
   0.565
   0.586
   0.608
   0.630
   0.655
   0.681
   0.707
   0.732
   0.720
   0.000
 -65.534
 -65.534
 -65.534
 -65.534
 -65.534
 -65.534
 -65.534
 -65.534
 -65.534
 -65.534
 -65.534
 -65.534
 -65.534
 -65.534
 -65.534
 -65.534
 -65.534
   0.947
   1.067
   1.144
   1.219
   1.302
   1.392
   1.454
   1.470
   1.460
   1.436
   1.407
   1.369
   1.324
   1.268
   1.199
   1.123
   1.046
   0.965
   0.887
   0.812
   0.744
   0.697
   0.670
   0.658
   0.650
   0.639
   0.623
   0.599
   0.565
   0.522
   0.486
   0.466
   0.463
   0.466
   0.476
   0.484
   0.491
   0.495
   0.500
   0.514
   0.535
   0.553
   0.572
   0.590
   0.605
   0.621
   0.637
   0.657
   0.674
   0.692
   0.675
   0.000
 -65.534
 -65.534
 -65.534
 -65.534
 -65.534
 -65.534
 -65.534
 -65.534
 -65.534
 -65.534
 -65.534
 -65.534
 -65.534
 -65.534
 -65.534
 -65.534
 -65.534
 -65.534
   1.028
   1.151
   1.252
   1.350
   1.448
   1.514
   1.533
   1.527
   1.512
   1.488
   1.454
   1.417
   1.365
   1.292
   1.214
   1.133
   1.052
   0.971
   0.895
   0.827
   0.783
   0.763
   0.756
   0.751
   0.741
   0.725
   0.700
   0.664
   0.620
   0.578
   0.549
   0.535
   0.533
   0.534
   0.535
   0.533
   0.531
   0.530
   0.538
   0.551
   0.564
   0.579
   0.593
   0.606
   0.615
   0.622
   0.631
   0.637
   0.642
   0.614
   0.000
 -65.534
 -65.534
 -65.534
 -65.534
 -65.534
 -65.534
 -65.534
 -65.534
 -65.534
 -65.534
 -65.534
 -65.534
 -65.534
 -65.534
 -65.534
 -65.534
 -65.534
 -65.534
 -65.534
   1.088
   1.244
   1.360
   1.449
   1.503
   1.522
   1.524
   1.521
   1.512
   1.500
   1.481
   1.445
   1.380
   1.299
   1.215
   1.134
   1.062
   1.002
   0.925
   0.870
   0.841
   0.818
   0.810
   0.804
   0.800
   0.792
   0.772
   0.732
   0.687
   0.651
   0.628
   0.619
   0.609
   0.604
   0.598
   0.587
   0.579
   0.577
   0.581
   0.591
   0.598
   0.607
   0.611
   0.610
   0.608
   0.606
   0.596
   0.582
   0.536
   0.000
 -65.534
 -65.534
 -65.534
 -65.534
 -65.534
 -65.534
 -65.534
 -65.534
 -65.534
 -65.534
 -65.534
 -65.534
 -65.534
 -65.534
 -65.534
 -65.534
 -65.534
 -65.534
 -65.534
 -65.534
   1.145
   1.279
   1.377
   1.429
   1.472
   1.481
   1.490
   1.499
   1.506
   1.515
   1.499
   1.447
   1.361
   1.269
   1.177
   1.054
 -65.534
 -65.534
 -65.534
 -65.534
   0.724
   0.790
   0.816
   0.848
   0.877
   0.882
   0.862
   0.823
   0.781
   0.749
   0.728
   0.711
   0.696
   0.678
   0.657
   0.640
   0.628
   0.624
   0.621
   0.622
   0.622
   0.618
   0.608
   0.595
   0.576
   0.552
   0.526
   0.463
   0.000
 -65.534
 -65.534
 -65.534
 -65.534
 -65.534
 -65.534
 -65.534
 -65.534
 -65.534
 -65.534
 -65.534
 -65.534
 -65.534
 -65.534
 -65.534
 -65.534
 -65.534
 -65.534
 -65.534
 -65.534
 -65.534
 -65.534
 -65.534
 -65.534
   1.297
   1.394
   1.436
   1.464
   1.489
   1.508
   1.506
   1.462
   1.384
   1.295
   1.204
   1.066
 -65.534
 -65.534
 -65.534
 -65.534
 -65.534
 -65.534
   0.770
   0.863
   0.940
   0.979
   0.976
   0.946
   0.909
   0.872
   0.841
   0.814
   0.788
   0.762
   0.734
   0.708
   0.686
   0.668
   0.655
   0.645
   0.635
   0.622
   0.603
   0.575
   0.546
   0.510
   0.466
   0.398
   0.000
 -65.534
 -65.534
 -65.534
 -65.534
 -65.534
 -65.534
 -65.534
 -65.534
 -65.534
 -65.534
 -65.534
 -65.534
 -65.534
 -65.534
 -65.534
 -65.534
 -65.534
 -65.534
 -65.534
 -65.534
 -65.534
 -65.534
 -65.534
 -65.534
   1.108
   1.229
   1.292
   1.345
   1.398
   1.453
   1.455
   1.423
   1.359
   1.289
   1.215
   1.080
 -65.534
 -65.534
 -65.534
 -65.534
 -65.534
 -65.534
 -65.534
   0.857
   0.986
   1.057
   1.059
   1.040
   1.011
   0.971
   0.936
   0.906
   0.872
   0.840
   0.809
   0.779
   0.752
   0.728
   0.704
   0.679
   0.655
   0.628
   0.594
   0.554
   0.509
   0.460
   0.409
   0.332
   0.000
 -65.534
 -65.534
 -65.534
 -65.534
 -65.534
 -65.534
 -65.534
 -65.534
 -65.534
 -65.534
 -65.534
 -65.534
 -65.534
 -65.534
 -65.534
 -65.534
 -65.534
 -65.534
 -65.534
 -65.534
 -65.534
 -65.534
 -65.534
 -65.534
 -65.534
 -65.534
 -65.534
 -65.534
 -65.534
   1.175
   1.271
   1.284
   1.290
   1.259
   1.206
   1.099
   0.681
 -65.534
 -65.534
 -65.534
 -65.534
 -65.534
 -65.534
   0.837
   0.976
 -65.534
   0.948
   1.042
   1.047
   1.031
   1.007
   0.979
   0.940
   0.907
   0.877
   0.848
   0.821
   0.791
   0.756
   0.719
   0.681
   0.639
   0.590
   0.532
   0.469
   0.407
   0.341
   0.260
   0.000
 -65.534
 -65.534
 -65.534
 -65.534
 -65.534
 -65.534
 -65.534
 -65.534
 -65.534
 -65.534
 -65.534
 -65.534
 -65.534
 -65.534
 -65.534
 -65.534
 -65.534
 -65.534
 -65.534
 -65.534
 -65.534
 -65.534
 -65.534
 -65.534
 -65.534
 -65.534
 -65.534
 -65.534
 -65.534
 -65.534
 -65.534
 -65.534
   1.084
   1.179
   1.172
   1.085
   0.874
   0.589
 -65.534
 -65.534
 -65.534
 -65.534
 -65.534
 -65.534
 -65.534
 -65.534
 -65.534
 -65.534
 -65.534
   0.879
   0.985
   0.996
   0.988
   0.965
   0.935
   0.895
   0.859
   0.821
   0.779
   0.735
   0.686
   0.635
   0.574
   0.507
   0.436
   0.363
   0.289
   0.205
   0.000
 -65.534
 -65.534
 -65.534
 -65.534
 -65.534
 -65.534
 -65.534
 -65.534
 -65.534
 -65.534
 -65.534
 -65.534
 -65.534
 -65.534
 -65.534
 -65.534
 -65.534
 -65.534
 -65.534
 -65.534
 -65.534
 -65.534
 -65.534
 -65.534
 -65.534
 -65.534
 -65.534
 -65.534
 -65.534
 -65.534
 -65.534
 -65.534
   0.922
   1.043
   1.063
   1.008
   0.893
   0.745
   0.559
   0.433
 -65.534
 -65.534
 -65.534
 -65.534
 -65.534
 -65.534
 -65.534
 -65.534
 -65.534
 -65.534
 -65.534
 -65.534
   0.819
   0.909
   0.909
   0.881
   0.845
   0.804
   0.761
   0.716
   0.671
   0.617
   0.556
   0.485
   0.414
   0.343
   0.267
   0.180
   0.000
 -65.534
 -65.534
 -65.534
 -65.534
 -65.534
 -65.534
 -65.534
 -65.534
 -65.534
 -65.534
 -65.534
 -65.534
 -65.534
 -65.534
 -65.534
 -65.534
 -65.534
 -65.534
 -65.534
 -65.534
 -65.534
 -65.534
 -65.534
 -65.534
 -65.534
 -65.534
 -65.534
 -65.534
 -65.534
 -65.534
 -65.534
 -65.534
 -65.534
 -65.534
 -65.534
 -65.534
   0.675
   0.689
   0.635
   0.565
   0.454
   0.406
   0.376
   0.362
   0.351
 -65.534
 -65.534
 -65.534
 -65.534
 -65.534
 -65.534
 -65.534
 -65.534
 -65.534
 -65.534
   0.687
   0.767
   0.763
   0.734
   0.693
   0.648
   0.597
   0.537
   0.473
   0.407
   0.340
   0.266
   0.177
   0.000
 -65.534
 -65.534
 -65.534
 -65.534
 -65.534
 -65.534
 -65.534
 -65.534
 -65.534
 -65.534
 -65.534
 -65.534
 -65.534
 -65.534
 -65.534
 -65.534
 -65.534
 -65.534
 -65.534
 -65.534
 -65.534
 -65.534
 -65.534
 -65.534
 -65.534
 -65.534
 -65.534
 -65.534
 -65.534
 -65.534
 -65.534
 -65.534
 -65.534
 -65.534
 -65.534
 -65.534
 -65.534
 -65.534
 -65.534
 -65.534
   0.412
 -65.534
 -65.534
 -65.534
 -65.534
 -65.534
 -65.534
 -65.534
 -65.534
 -65.534
 -65.534
 -65.534
 -65.534
 -65.534
 -65.534
   0.592
   0.687
   0.700
   0.682
   0.650
   0.613
   0.558
   0.499
   0.441
   0.386
   0.331
   0.268
   0.179
   0.000
 -65.534
 -65.534
 -65.534
 -65.534
 -65.534
 -65.534
 -65.534
 -65.534
 -65.534
 -65.534
 -65.534
 -65.534
 -65.534
 -65.534
 -65.534
 -65.534
 -65.534
 -65.534
 -65.534
 -65.534
 -65.534
 -65.534
 -65.534
 -65.534
 -65.534
 -65.534
 -65.534
 -65.534
 -65.534
 -65.534
 -65.534
 -65.534
 -65.534
 -65.534
 -65.534
 -65.534
 -65.534
 -65.534
 -65.534
 -65.534
 -65.534
 -65.534
 -65.534
 -65.534
 -65.534
 -65.534
 -65.534
 -65.534
 -65.534
 -65.534
 -65.534
 -65.534
 -65.534
 -65.534
 -65.534
 -65.534
 -65.534
 -65.534
 -65.534
   0.518
   0.536
   0.496
   0.435
   0.391
   0.359
   0.329
   0.289
   0.206
   0.000
 -65.534
 -65.534
 -65.534
 -65.534
 -65.534
 -65.534
 -65.534
 -65.534
 -65.534
 -65.534
 -65.534
 -65.534
 -65.534
 -65.534
 -65.534
 -65.534
 -65.534
 -65.534
 -65.534
 -65.534
 -65.534
 -65.534
 -65.534
 -65.534
 -65.534
 -65.534
 -65.534
 -65.534
 -65.534
 -65.534
 -65.534
 -65.534
 -65.534
 -65.534
 -65.534
 -65.534
 -65.534
 -65.534
 -65.534
 -65.534
 -65.534
 -65.534
 -65.534
 -65.534
 -65.534
 -65.534
 -65.534
 -65.534
 -65.534
 -65.534
 -65.534
 -65.534
 -65.534
 -65.534
 -65.534
 -65.534
 -65.534
 -65.534
 -65.534
 -65.534
 -65.534
   0.000
   0.000
   0.000
   0.000
   0.000
   0.000
   0.000
 -65.534
