 -65.534
   0.000
   0.000
   0.000
   0.000
   0.000
   0.000
   0.000
   0.000
   0.000
   0.000
   0.000
   0.000
   0.000
   0.000
   0.000
   0.000
   0.000
   0.000
   0.000
   0.000
   0.000
   0.000
   0.000
   0.000
   0.000
   0.000
   0.000
   0.000
   0.000
   0.000
   0.000
   0.000
   0.000
   0.000
   0.000
   0.000
   0.000
   0.000
   0.000
   0.000
   0.000
   0.000
   0.000
   0.000
   0.000
   0.000
   0.000
   0.000
   0.000
   0.000
   0.000
   0.000
   0.000
   0.000
   0.000
   0.000
   0.000
   0.000
   0.000
   0.000
   0.000
   0.000
   0.000
   0.000
   0.000
   0.000
   0.000
 -65.534
   0.000
   1.826
   1.960
   1.988
   2.011
   2.029
   2.044
   2.057
   2.064
   2.070
   2.073
   2.073
   2.073
   2.079
   2.083
   2.083
   2.086
   2.100
   2.120
   2.133
   2.139
   2.142
   2.156
   2.151
   2.212
   2.290
   2.353
   2.394
   2.425
   2.450
   2.463
   2.481
   2.486
   2.477
   2.479
   2.457
   2.449
   2.422
   2.361
   2.285
   2.181
   2.075
   1.968
   1.856
   1.758
   1.678
   1.611
   1.541
   1.484
   1.436
   1.406
   1.390
   1.382
   1.391
   1.423
   1.458
   1.495
   1.533
   1.571
   1.614
   1.660
   1.701
   1.744
   1.781
   1.800
   1.816
   1.831
   1.833
   0.000
   0.000
   2.025
   2.152
   2.168
   2.179
   2.178
   2.182
   2.191
   2.201
   2.208
   2.215
   2.218
   2.219
   2.227
   2.234
   2.244
   2.254
   2.273
   2.302
   2.331
   2.360
   2.389
   2.425
   2.453
   2.516
   2.579
   2.630
   2.670
   2.696
   2.714
   2.734
   2.752
   2.767
   2.778
   2.787
   2.786
   2.779
   2.763
   2.710
   2.632
   2.531
   2.413
   2.281
   2.144
   2.025
   1.944
   1.882
   1.818
   1.761
   1.718
   1.680
   1.660
   1.658
   1.668
   1.689
   1.720
   1.759
   1.805
   1.856
   1.906
   1.967
   2.025
   2.081
   2.127
   2.163
   2.184
   2.199
   2.184
   0.000
   0.000
   2.020
   2.150
   2.168
   2.181
   2.182
   2.187
   2.195
   2.204
   2.218
   2.228
   2.237
   2.245
   2.255
   2.269
   2.286
   2.311
   2.345
   2.386
   2.435
   2.483
   2.533
   2.591
   2.652
   2.704
   2.753
   2.789
   2.814
   2.831
   2.849
   2.867
   2.886
   2.908
   2.943
   2.967
   2.979
   2.983
   2.960
   2.915
   2.838
   2.735
   2.608
   2.468
   2.321
   2.192
   2.100
   2.038
   1.977
   1.919
   1.876
   1.837
   1.818
   1.811
   1.817
   1.830
   1.855
   1.891
   1.935
   1.987
   2.041
   2.102
   2.166
   2.227
   2.281
   2.322
   2.348
   2.370
   2.345
   0.000
   0.000
   1.973
   2.105
   2.130
   2.155
   2.164
   2.170
   2.180
   2.193
   2.212
   2.231
   2.247
   2.263
   2.284
   2.309
   2.340
   2.376
   2.423
   2.480
   2.541
   2.604
   2.667
   2.737
   2.808
   2.860
   2.901
   2.930
   2.939
   2.936
   2.943
   2.961
   2.984
   3.013
   3.061
   3.109
   3.135
   3.151
   3.144
   3.098
   3.026
   2.927
   2.798
   2.655
   2.509
   2.374
   2.271
   2.195
   2.131
   2.074
   2.019
   1.980
   1.956
   1.946
   1.943
   1.951
   1.970
   2.000
   2.036
   2.078
   2.129
   2.188
   2.250
   2.314
   2.370
   2.418
   2.449
   2.473
   2.437
   0.000
   0.000
   1.894
   2.030
   2.064
   2.103
   2.125
   2.141
   2.159
   2.179
   2.205
   2.229
   2.252
   2.280
   2.312
   2.347
   2.387
   2.433
   2.490
   2.552
   2.622
   2.691
   2.759
   2.840
   2.909
   2.970
   3.006
   3.016
   3.003
   2.979
   2.976
   2.997
   3.023
   3.070
   3.136
   3.198
   3.244
   3.269
   3.278
   3.247
   3.182
   3.091
   2.973
   2.840
   2.699
   2.562
   2.444
   2.348
   2.280
   2.214
   2.150
   2.102
   2.070
   2.051
   2.047
   2.050
   2.064
   2.088
   2.120
   2.152
   2.194
   2.247
   2.308
   2.369
   2.429
   2.475
   2.508
   2.531
   2.490
   0.000
   0.000
   1.809
   1.943
   1.988
   2.036
   2.074
   2.104
   2.131
   2.158
   2.189
   2.220
   2.253
   2.286
   2.324
   2.364
   2.413
   2.468
   2.527
   2.595
   2.665
   2.735
   2.813
   2.897
   2.972
   3.020
   3.033
   3.022
   2.996
   2.959
   2.951
   2.983
   3.025
   3.091
   3.166
   3.249
   3.312
   3.363
   3.375
   3.356
   3.305
   3.233
   3.136
   3.016
   2.879
   2.742
   2.623
   2.515
   2.427
   2.346
   2.273
   2.210
   2.167
   2.139
   2.129
   2.133
   2.144
   2.163
   2.187
   2.214
   2.249
   2.293
   2.344
   2.401
   2.455
   2.501
   2.537
   2.562
   2.520
   0.000
   0.000
   1.731
   1.862
   1.915
   1.972
   2.017
   2.056
   2.092
   2.125
   2.160
   2.199
   2.234
   2.270
   2.309
   2.355
   2.408
   2.468
   2.531
   2.599
   2.667
   2.736
   2.806
   2.881
   2.947
   2.980
   2.979
   2.959
   2.923
   2.882
   2.879
   2.925
   2.993
   3.080
   3.175
   3.277
   3.352
   3.413
   3.439
   3.432
   3.396
   3.341
   3.260
   3.157
   3.043
   2.915
   2.786
   2.674
   2.569
   2.469
   2.382
   2.304
   2.246
   2.210
   2.192
   2.190
   2.200
   2.217
   2.235
   2.254
   2.279
   2.314
   2.358
   2.407
   2.457
   2.505
   2.542
   2.570
   2.531
   0.000
   0.000
   1.686
   1.815
   1.865
   1.924
   1.968
   2.007
   2.042
   2.080
   2.119
   2.156
   2.194
   2.233
   2.276
   2.324
   2.380
   2.441
   2.507
   2.572
   2.635
   2.702
   2.763
   2.822
   2.880
   2.901
   2.889
   2.860
   2.821
   2.784
   2.790
   2.857
   2.947
   3.051
   3.173
   3.286
   3.374
   3.443
   3.480
   3.480
   3.458
   3.414
   3.348
   3.265
   3.168
   3.060
   2.941
   2.819
   2.702
   2.592
   2.489
   2.399
   2.327
   2.277
   2.245
   2.238
   2.241
   2.251
   2.261
   2.268
   2.288
   2.311
   2.350
   2.392
   2.442
   2.490
   2.533
   2.568
   2.531
   0.000
   0.000
   1.661
   1.789
   1.841
   1.899
   1.938
   1.971
   2.002
   2.033
   2.066
   2.102
   2.141
   2.182
   2.226
   2.278
   2.334
   2.393
   2.460
   2.521
   2.583
   2.645
   2.699
   2.755
   2.797
   2.808
   2.789
   2.758
   2.716
   2.689
   2.714
   2.792
   2.892
   3.010
   3.147
   3.269
   3.369
   3.449
   3.496
   3.503
   3.486
   3.450
   3.398
   3.335
   3.254
   3.163
   3.061
   2.945
   2.824
   2.706
   2.592
   2.490
   2.408
   2.342
   2.298
   2.275
   2.264
   2.263
   2.259
   2.260
   2.269
   2.293
   2.325
   2.366
   2.418
   2.473
   2.522
   2.564
   2.534
   0.000
   0.000
   1.633
   1.769
   1.829
   1.888
   1.925
   1.952
   1.973
   1.997
   2.025
   2.053
   2.085
   2.127
   2.174
   2.223
   2.280
   2.337
   2.398
   2.456
   2.512
   2.566
   2.619
   2.670
   2.710
   2.715
   2.692
   2.654
   2.615
   2.607
   2.647
   2.727
   2.830
   2.950
   3.090
   3.220
   3.325
   3.410
   3.465
   3.479
   3.472
   3.449
   3.410
   3.359
   3.300
   3.220
   3.130
   3.033
   2.918
   2.800
   2.683
   2.572
   2.476
   2.396
   2.333
   2.290
   2.263
   2.243
   2.230
   2.221
   2.227
   2.251
   2.286
   2.331
   2.390
   2.451
   2.509
   2.559
   2.538
   0.000
   0.000
   1.588
   1.734
   1.804
   1.872
   1.915
   1.941
   1.957
   1.978
   2.000
   2.024
   2.052
   2.087
   2.125
   2.173
   2.224
   2.277
   2.328
   2.381
   2.431
   2.483
   2.533
   2.579
   2.622
   2.628
   2.612
   2.581
   2.551
   2.551
   2.592
   2.671
   2.770
   2.891
   3.028
   3.154
   3.260
   3.343
   3.401
   3.421
   3.425
   3.412
   3.382
   3.346
   3.299
   3.237
   3.163
   3.081
   2.977
   2.867
   2.751
   2.633
   2.531
   2.435
   2.355
   2.289
   2.241
   2.203
   2.179
   2.165
   2.172
   2.200
   2.241
   2.295
   2.364
   2.433
   2.498
   2.555
   2.538
   0.000
   0.000
   1.496
   1.686
   1.768
   1.845
   1.899
   1.933
   1.956
   1.968
   1.987
   2.011
   2.036
   2.068
   2.102
   2.139
   2.180
   2.221
   2.264
   2.308
   2.354
   2.401
   2.447
   2.494
   2.534
   2.552
   2.545
   2.531
   2.511
   2.510
   2.542
   2.619
   2.709
   2.823
   2.956
   3.075
   3.171
   3.250
   3.304
   3.327
   3.335
   3.332
   3.315
   3.289
   3.257
   3.210
   3.147
   3.083
   2.997
   2.899
   2.788
   2.677
   2.569
   2.464
   2.366
   2.280
   2.207
   2.153
   2.124
   2.111
   2.122
   2.153
   2.204
   2.265
   2.342
   2.420
   2.493
   2.554
   2.535
   0.000
 -65.534
 -65.534
   1.544
   1.718
   1.799
   1.862
   1.911
   1.945
   1.966
   1.988
   2.008
   2.028
   2.054
   2.083
   2.114
   2.146
   2.176
   2.207
   2.240
   2.276
   2.315
   2.354
   2.399
   2.442
   2.467
   2.477
   2.474
   2.469
   2.467
   2.495
   2.556
   2.633
   2.743
   2.867
   2.975
   3.055
   3.123
   3.169
   3.193
   3.208
   3.209
   3.200
   3.183
   3.163
   3.134
   3.085
   3.035
   2.969
   2.885
   2.792
   2.689
   2.580
   2.470
   2.359
   2.260
   2.172
   2.107
   2.075
   2.069
   2.087
   2.125
   2.182
   2.252
   2.336
   2.421
   2.494
   2.559
   2.542
   0.000
 -65.534
 -65.534
 -65.534
   1.569
   1.741
   1.810
   1.878
   1.928
   1.962
   1.990
   2.011
   2.027
   2.043
   2.066
   2.087
   2.112
   2.137
   2.159
   2.180
   2.206
   2.232
   2.264
   2.299
   2.337
   2.367
   2.387
   2.402
   2.409
   2.413
   2.436
   2.483
   2.553
   2.650
   2.741
   2.814
   2.920
   2.981
   3.013
   3.037
   3.054
   3.061
   3.057
   3.048
   3.038
   3.017
   2.982
   2.945
   2.896
   2.834
   2.757
   2.673
   2.573
   2.462
   2.350
   2.240
   2.148
   2.084
   2.052
   2.053
   2.080
   2.128
   2.191
   2.268
   2.355
   2.441
   2.519
   2.587
   2.568
   0.000
 -65.534
 -65.534
 -65.534
 -65.534
   1.629
   1.752
   1.830
   1.891
   1.938
   1.973
   2.002
   2.022
   2.040
   2.057
   2.071
   2.086
   2.100
   2.116
   2.130
   2.143
   2.154
   2.174
   2.201
   2.228
   2.255
   2.281
   2.303
   2.320
   2.333
   2.359
   2.399
   2.456
   2.530
   2.606
   2.674
   2.748
   2.787
   2.854
   2.879
   2.891
   2.900
   2.899
   2.892
   2.885
   2.866
   2.843
   2.816
   2.784
   2.741
   2.686
   2.622
   2.536
   2.436
   2.335
   2.234
   2.147
   2.089
   2.065
   2.074
   2.116
   2.174
   2.246
   2.328
   2.415
   2.498
   2.581
   2.654
   2.635
   0.000
 -65.534
 -65.534
 -65.534
 -65.534
   1.548
   1.681
   1.762
   1.827
   1.884
   1.931
   1.970
   2.002
   2.026
   2.047
   2.061
   2.070
   2.075
   2.079
   2.081
   2.084
   2.088
   2.092
   2.105
   2.125
   2.145
   2.165
   2.186
   2.204
   2.222
   2.251
   2.289
   2.335
   2.395
   2.458
   2.514
   2.564
   2.603
   2.653
   2.665
   2.702
   2.718
   2.718
   2.715
   2.705
   2.691
   2.672
   2.654
   2.634
   2.608
   2.579
   2.538
   2.479
   2.407
   2.325
   2.240
   2.169
   2.123
   2.108
   2.132
   2.180
   2.249
   2.325
   2.407
   2.491
   2.574
   2.655
   2.732
   2.715
   0.000
 -65.534
 -65.534
 -65.534
 -65.534
   1.464
   1.601
   1.686
   1.753
   1.809
   1.869
   1.918
   1.957
   1.991
   2.020
   2.040
   2.048
   2.046
   2.039
   2.036
   2.026
   2.021
   2.018
   2.018
   2.022
   2.028
   2.039
   2.055
   2.070
   2.090
   2.119
   2.152
   2.189
   2.239
   2.289
   2.332
   2.369
   2.402
   2.425
   2.439
   2.466
   2.484
   2.486
   2.486
   2.483
   2.476
   2.468
   2.459
   2.456
   2.451
   2.446
   2.434
   2.409
   2.366
   2.309
   2.255
   2.201
   2.167
   2.162
   2.194
   2.248
   2.319
   2.397
   2.476
   2.554
   2.631
   2.708
   2.782
   2.765
   0.000
 -65.534
 -65.534
 -65.534
 -65.534
   1.314
   1.445
   1.528
   1.612
   1.709
   1.763
   1.825
   1.872
   1.916
   1.955
   1.982
   1.996
   1.997
   1.987
   1.975
   1.961
   1.948
   1.939
   1.931
   1.925
   1.920
   1.918
   1.924
   1.932
   1.950
   1.976
   2.003
   2.033
   2.067
   2.100
   2.130
   2.156
   2.178
   2.190
   2.199
   2.208
   2.220
   2.221
   2.225
   2.226
   2.229
   2.231
   2.237
   2.247
   2.263
   2.280
   2.299
   2.303
   2.297
   2.273
   2.241
   2.211
   2.194
   2.198
   2.229
   2.289
   2.362
   2.437
   2.509
   2.580
   2.650
   2.725
   2.793
   2.766
   0.000
 -65.534
 -65.534
 -65.534
 -65.534
 -65.534
 -65.534
 -65.534
 -65.534
   1.491
   1.606
   1.681
   1.747
   1.801
   1.848
   1.889
   1.914
   1.921
   1.916
   1.898
   1.881
   1.865
   1.851
   1.839
   1.824
   1.813
   1.803
   1.801
   1.800
   1.812
   1.831
   1.848
   1.866
   1.883
   1.899
   1.908
   1.920
   1.929
   1.936
   1.940
   1.945
   1.953
   1.960
   1.968
   1.976
   1.990
   1.999
   2.014
   2.037
   2.069
   2.106
   2.146
   2.182
   2.207
   2.209
   2.207
   2.197
   2.196
   2.208
   2.240
   2.293
   2.359
   2.431
   2.499
   2.565
   2.635
   2.707
   2.772
   2.734
   0.000
 -65.534
 -65.534
 -65.534
 -65.534
 -65.534
 -65.534
   0.927
   1.114
   1.315
   1.430
   1.511
   1.594
   1.669
   1.728
   1.775
   1.813
   1.829
   1.822
   1.808
   1.791
   1.776
   1.760
   1.740
   1.727
   1.707
   1.697
   1.690
   1.690
   1.694
   1.702
   1.708
   1.704
   1.703
   1.698
   1.690
   1.682
   1.681
   1.679
   1.684
   1.691
   1.709
   1.726
   1.742
   1.758
   1.780
   1.799
   1.821
   1.852
   1.892
   1.939
   1.999
   2.057
   2.102
   2.140
   2.157
   2.167
   2.176
   2.196
   2.231
   2.276
   2.331
   2.391
   2.453
   2.514
   2.588
   2.661
   2.726
   2.677
   0.000
 -65.534
 -65.534
 -65.534
 -65.534
 -65.534
 -65.534
 -65.534
 -65.534
 -65.534
   1.211
   1.309
   1.384
   1.456
   1.530
   1.608
   1.689
   1.701
   1.701
   1.683
   1.670
   1.668
   1.657
   1.647
   1.639
   1.625
   1.608
   1.601
   1.599
   1.595
   1.595
   1.584
   1.568
   1.548
   1.525
   1.498
   1.478
   1.461
   1.451
   1.450
   1.466
   1.494
   1.523
   1.555
   1.585
   1.613
   1.638
   1.664
   1.701
   1.744
   1.801
   1.869
   1.943
   2.010
   2.062
   2.098
   2.127
   2.145
   2.166
   2.200
   2.240
   2.282
   2.326
   2.378
   2.435
   2.501
   2.573
   2.636
   2.584
   0.000
 -65.534
 -65.534
 -65.534
 -65.534
 -65.534
 -65.534
 -65.534
 -65.534
 -65.534
 -65.534
 -65.534
 -65.534
 -65.534
 -65.534
 -65.534
   1.423
   1.466
   1.476
   1.484
   1.514
   1.528
   1.542
   1.550
   1.555
   1.554
   1.548
   1.541
   1.534
   1.525
   1.512
   1.491
   1.464
   1.431
   1.395
   1.355
   1.319
   1.289
   1.267
   1.267
   1.285
   1.318
   1.362
   1.408
   1.451
   1.491
   1.524
   1.552
   1.592
   1.636
   1.692
   1.761
   1.839
   1.916
   1.981
   2.037
   2.076
   2.102
   2.127
   2.158
   2.190
   2.221
   2.252
   2.291
   2.337
   2.390
   2.453
   2.513
   2.456
   0.000
 -65.534
 -65.534
 -65.534
 -65.534
 -65.534
 -65.534
 -65.534
 -65.534
 -65.534
 -65.534
 -65.534
 -65.534
 -65.534
 -65.534
 -65.534
 -65.534
 -65.534
 -65.534
 -65.534
   1.269
   1.355
   1.408
   1.445
   1.475
   1.490
   1.495
   1.496
   1.491
   1.478
   1.459
   1.430
   1.391
   1.352
   1.310
   1.268
   1.225
   1.190
   1.162
   1.153
   1.170
   1.207
   1.256
   1.307
   1.364
   1.415
   1.453
   1.486
   1.525
   1.563
   1.612
   1.675
   1.750
   1.830
   1.900
   1.964
   2.017
   2.050
   2.075
   2.102
   2.129
   2.156
   2.174
   2.198
   2.229
   2.267
   2.320
   2.376
   2.313
   0.000
 -65.534
 -65.534
 -65.534
 -65.534
 -65.534
 -65.534
 -65.534
 -65.534
 -65.534
 -65.534
 -65.534
 -65.534
 -65.534
 -65.534
 -65.534
 -65.534
 -65.534
 -65.534
   0.832
   1.091
   1.180
   1.251
   1.317
   1.377
   1.415
   1.436
   1.448
   1.449
   1.440
   1.418
   1.386
   1.352
   1.311
   1.271
   1.229
   1.191
   1.156
   1.130
   1.119
   1.130
   1.162
   1.210
   1.269
   1.327
   1.381
   1.421
   1.448
   1.481
   1.517
   1.559
   1.613
   1.678
   1.751
   1.822
   1.887
   1.944
   1.979
   2.006
   2.028
   2.048
   2.064
   2.080
   2.094
   2.114
   2.137
   2.182
   2.230
   2.153
   0.000
 -65.534
 -65.534
 -65.534
 -65.534
 -65.534
 -65.534
 -65.534
 -65.534
 -65.534
 -65.534
 -65.534
 -65.534
 -65.534
 -65.534
 -65.534
 -65.534
 -65.534
   0.641
   0.800
   0.942
   1.026
   1.102
   1.183
   1.264
   1.325
   1.363
   1.387
   1.396
   1.390
   1.378
   1.352
   1.321
   1.286
   1.250
   1.214
   1.183
   1.154
   1.129
   1.122
   1.133
   1.164
   1.216
   1.277
   1.337
   1.389
   1.422
   1.445
   1.467
   1.497
   1.532
   1.572
   1.623
   1.682
   1.746
   1.814
   1.877
   1.920
   1.947
   1.964
   1.973
   1.978
   1.986
   1.992
   2.003
   2.020
   2.052
   2.085
   2.000
   0.000
 -65.534
 -65.534
 -65.534
 -65.534
 -65.534
 -65.534
 -65.534
 -65.534
 -65.534
 -65.534
 -65.534
 -65.534
 -65.534
 -65.534
 -65.534
 -65.534
 -65.534
   0.675
   0.755
   0.840
   0.912
   0.981
   1.057
   1.145
   1.220
   1.269
   1.302
   1.319
   1.326
   1.323
   1.311
   1.291
   1.265
   1.237
   1.202
   1.175
   1.149
   1.128
   1.120
   1.136
   1.172
   1.229
   1.292
   1.359
   1.411
   1.441
   1.460
   1.479
   1.499
   1.525
   1.555
   1.591
   1.635
   1.690
   1.753
   1.820
   1.872
   1.905
   1.920
   1.924
   1.920
   1.916
   1.911
   1.914
   1.923
   1.938
   1.958
   1.845
   0.000
 -65.534
 -65.534
 -65.534
 -65.534
 -65.534
 -65.534
 -65.534
 -65.534
 -65.534
 -65.534
 -65.534
 -65.534
 -65.534
 -65.534
 -65.534
 -65.534
 -65.534
   0.703
   0.733
   0.788
   0.838
   0.896
   0.961
   1.037
   1.115
   1.166
   1.201
   1.226
   1.240
   1.252
   1.256
   1.248
   1.233
   1.209
   1.180
   1.154
   1.131
   1.109
   1.106
   1.123
   1.169
   1.229
   1.297
   1.362
   1.414
   1.447
   1.472
   1.493
   1.512
   1.533
   1.562
   1.591
   1.627
   1.670
   1.725
   1.784
   1.837
   1.876
   1.897
   1.900
   1.890
   1.876
   1.865
   1.857
   1.834
   1.835
   1.819
   1.710
   0.000
 -65.534
 -65.534
 -65.534
 -65.534
 -65.534
 -65.534
 -65.534
 -65.534
 -65.534
 -65.534
 -65.534
 -65.534
 -65.534
 -65.534
 -65.534
 -65.534
 -65.534
   0.763
   0.744
   0.771
   0.808
   0.848
   0.902
   0.960
   1.019
   1.073
   1.106
   1.134
   1.157
   1.176
   1.193
   1.197
   1.187
   1.172
   1.150
   1.128
   1.106
   1.091
   1.092
   1.115
   1.164
   1.226
   1.293
   1.359
   1.411
   1.454
   1.485
   1.511
   1.531
   1.551
   1.575
   1.605
   1.635
   1.669
   1.712
   1.761
   1.804
   1.843
   1.869
   1.878
   1.872
   1.856
   1.838
   1.816
   1.785
   1.767
   1.728
   1.600
   0.000
 -65.534
 -65.534
 -65.534
 -65.534
 -65.534
 -65.534
 -65.534
 -65.534
 -65.534
 -65.534
 -65.534
 -65.534
 -65.534
 -65.534
 -65.534
 -65.534
 -65.534
 -65.534
   0.783
   0.770
   0.794
   0.830
   0.870
   0.911
   0.953
   0.995
   1.026
   1.052
   1.081
   1.113
   1.137
   1.148
   1.146
   1.139
   1.125
   1.109
   1.096
   1.085
   1.091
   1.116
   1.158
   1.215
   1.284
   1.357
   1.416
   1.464
   1.502
   1.537
   1.564
   1.583
   1.605
   1.625
   1.649
   1.672
   1.702
   1.735
   1.771
   1.802
   1.827
   1.838
   1.836
   1.825
   1.805
   1.780
   1.750
   1.708
   1.649
   1.497
   0.000
 -65.534
 -65.534
 -65.534
 -65.534
 -65.534
 -65.534
 -65.534
 -65.534
 -65.534
 -65.534
 -65.534
 -65.534
 -65.534
 -65.534
 -65.534
 -65.534
 -65.534
 -65.534
 -65.534
   0.791
   0.798
   0.834
   0.863
   0.888
   0.911
   0.936
   0.960
   0.984
   1.016
   1.053
   1.086
   1.106
   1.115
   1.114
   1.116
   1.119
   1.111
   1.098
   1.095
   1.109
   1.152
   1.201
   1.267
   1.343
   1.415
   1.476
   1.522
   1.559
   1.589
   1.608
   1.626
   1.642
   1.657
   1.672
   1.690
   1.712
   1.736
   1.758
   1.781
   1.787
   1.786
   1.777
   1.760
   1.736
   1.704
   1.659
   1.578
   1.393
   0.000
 -65.534
 -65.534
 -65.534
 -65.534
 -65.534
 -65.534
 -65.534
 -65.534
 -65.534
 -65.534
 -65.534
 -65.534
 -65.534
 -65.534
 -65.534
 -65.534
 -65.534
 -65.534
 -65.534
 -65.534
   0.813
   0.829
   0.849
   0.859
   0.876
   0.889
   0.903
   0.925
   0.950
   0.984
   1.015
   1.029
   1.019
   0.985
   0.929
   0.792
 -65.534
 -65.534
 -65.534
 -65.534
   1.060
   1.131
   1.229
   1.318
   1.404
   1.473
   1.523
   1.562
   1.588
   1.604
   1.620
   1.632
   1.641
   1.650
   1.662
   1.681
   1.699
   1.718
   1.729
   1.737
   1.734
   1.724
   1.710
   1.687
   1.653
   1.603
   1.513
   1.307
   0.000
 -65.534
 -65.534
 -65.534
 -65.534
 -65.534
 -65.534
 -65.534
 -65.534
 -65.534
 -65.534
 -65.534
 -65.534
 -65.534
 -65.534
 -65.534
 -65.534
 -65.534
 -65.534
 -65.534
 -65.534
 -65.534
 -65.534
 -65.534
 -65.534
   0.802
   0.833
   0.854
   0.872
   0.895
   0.917
   0.936
   0.932
   0.901
   0.845
   0.757
   0.621
 -65.534
 -65.534
 -65.534
 -65.534
 -65.534
 -65.534
   1.127
   1.261
   1.357
   1.430
   1.484
   1.514
   1.543
   1.561
   1.575
   1.585
   1.592
   1.598
   1.616
   1.637
   1.656
   1.672
   1.683
   1.686
   1.682
   1.671
   1.655
   1.629
   1.593
   1.538
   1.439
   1.233
   0.000
 -65.534
 -65.534
 -65.534
 -65.534
 -65.534
 -65.534
 -65.534
 -65.534
 -65.534
 -65.534
 -65.534
 -65.534
 -65.534
 -65.534
 -65.534
 -65.534
 -65.534
 -65.534
 -65.534
 -65.534
 -65.534
 -65.534
 -65.534
 -65.534
   0.743
   0.769
   0.789
   0.801
   0.821
   0.843
   0.844
   0.824
   0.779
   0.721
   0.652
   0.557
 -65.534
 -65.534
 -65.534
 -65.534
 -65.534
 -65.534
 -65.534
   1.170
   1.281
   1.328
   1.391
   1.419
   1.447
   1.474
   1.497
   1.514
   1.522
   1.537
   1.556
   1.583
   1.605
   1.624
   1.636
   1.634
   1.625
   1.611
   1.591
   1.562
   1.520
   1.458
   1.366
   1.158
   0.000
 -65.534
 -65.534
 -65.534
 -65.534
 -65.534
 -65.534
 -65.534
 -65.534
 -65.534
 -65.534
 -65.534
 -65.534
 -65.534
 -65.534
 -65.534
 -65.534
 -65.534
 -65.534
 -65.534
 -65.534
 -65.534
 -65.534
 -65.534
 -65.534
 -65.534
 -65.534
 -65.534
 -65.534
 -65.534
   0.686
   0.686
   0.675
   0.666
   0.631
   0.590
   0.523
   0.293
 -65.534
 -65.534
 -65.534
 -65.534
 -65.534
 -65.534
   0.933
   0.879
 -65.534
   1.203
   1.255
   1.293
   1.361
   1.401
   1.426
   1.444
   1.464
   1.488
   1.517
   1.548
   1.565
   1.570
   1.567
   1.557
   1.541
   1.515
   1.485
   1.442
   1.381
   1.300
   1.113
   0.000
 -65.534
 -65.534
 -65.534
 -65.534
 -65.534
 -65.534
 -65.534
 -65.534
 -65.534
 -65.534
 -65.534
 -65.534
 -65.534
 -65.534
 -65.534
 -65.534
 -65.534
 -65.534
 -65.534
 -65.534
 -65.534
 -65.534
 -65.534
 -65.534
 -65.534
 -65.534
 -65.534
 -65.534
 -65.534
 -65.534
 -65.534
 -65.534
   0.529
   0.545
   0.534
   0.490
   0.366
   0.246
 -65.534
 -65.534
 -65.534
 -65.534
 -65.534
 -65.534
 -65.534
 -65.534
 -65.534
 -65.534
 -65.534
   1.145
   1.221
   1.266
   1.333
   1.363
   1.397
   1.434
   1.470
   1.483
   1.485
   1.481
   1.472
   1.456
   1.436
   1.413
   1.382
   1.337
   1.266
   1.113
   0.000
 -65.534
 -65.534
 -65.534
 -65.534
 -65.534
 -65.534
 -65.534
 -65.534
 -65.534
 -65.534
 -65.534
 -65.534
 -65.534
 -65.534
 -65.534
 -65.534
 -65.534
 -65.534
 -65.534
 -65.534
 -65.534
 -65.534
 -65.534
 -65.534
 -65.534
 -65.534
 -65.534
 -65.534
 -65.534
 -65.534
 -65.534
 -65.534
   0.388
   0.424
   0.431
   0.408
   0.358
   0.304
   0.237
   0.191
 -65.534
 -65.534
 -65.534
 -65.534
 -65.534
 -65.534
 -65.534
 -65.534
 -65.534
 -65.534
 -65.534
 -65.534
   1.082
   1.151
   1.207
   1.307
   1.356
   1.376
   1.379
   1.377
   1.374
   1.371
   1.369
   1.360
   1.350
   1.324
   1.275
   1.148
   0.000
 -65.534
 -65.534
 -65.534
 -65.534
 -65.534
 -65.534
 -65.534
 -65.534
 -65.534
 -65.534
 -65.534
 -65.534
 -65.534
 -65.534
 -65.534
 -65.534
 -65.534
 -65.534
 -65.534
 -65.534
 -65.534
 -65.534
 -65.534
 -65.534
 -65.534
 -65.534
 -65.534
 -65.534
 -65.534
 -65.534
 -65.534
 -65.534
 -65.534
 -65.534
 -65.534
 -65.534
   0.250
   0.273
   0.267
   0.247
   0.202
   0.181
   0.174
   0.159
   0.147
 -65.534
 -65.534
 -65.534
 -65.534
 -65.534
 -65.534
 -65.534
 -65.534
 -65.534
 -65.534
   1.111
   1.208
   1.246
   1.258
   1.264
   1.278
   1.292
   1.304
   1.317
   1.328
   1.317
   1.287
   1.194
   0.000
 -65.534
 -65.534
 -65.534
 -65.534
 -65.534
 -65.534
 -65.534
 -65.534
 -65.534
 -65.534
 -65.534
 -65.534
 -65.534
 -65.534
 -65.534
 -65.534
 -65.534
 -65.534
 -65.534
 -65.534
 -65.534
 -65.534
 -65.534
 -65.534
 -65.534
 -65.534
 -65.534
 -65.534
 -65.534
 -65.534
 -65.534
 -65.534
 -65.534
 -65.534
 -65.534
 -65.534
 -65.534
 -65.534
 -65.534
 -65.534
   0.157
 -65.534
 -65.534
 -65.534
 -65.534
 -65.534
 -65.534
 -65.534
 -65.534
 -65.534
 -65.534
 -65.534
 -65.534
 -65.534
 -65.534
   0.979
   1.026
   1.046
   1.071
   1.121
   1.164
   1.199
   1.232
   1.264
   1.288
   1.299
   1.280
   1.199
   0.000
 -65.534
 -65.534
 -65.534
 -65.534
 -65.534
 -65.534
 -65.534
 -65.534
 -65.534
 -65.534
 -65.534
 -65.534
 -65.534
 -65.534
 -65.534
 -65.534
 -65.534
 -65.534
 -65.534
 -65.534
 -65.534
 -65.534
 -65.534
 -65.534
 -65.534
 -65.534
 -65.534
 -65.534
 -65.534
 -65.534
 -65.534
 -65.534
 -65.534
 -65.534
 -65.534
 -65.534
 -65.534
 -65.534
 -65.534
 -65.534
 -65.534
 -65.534
 -65.534
 -65.534
 -65.534
 -65.534
 -65.534
 -65.534
 -65.534
 -65.534
 -65.534
 -65.534
 -65.534
 -65.534
 -65.534
 -65.534
 -65.534
 -65.534
 -65.534
   0.914
   0.958
   0.988
   1.053
   1.097
   1.152
   1.197
   1.172
   1.142
   0.000
 -65.534
 -65.534
 -65.534
 -65.534
 -65.534
 -65.534
 -65.534
 -65.534
 -65.534
 -65.534
 -65.534
 -65.534
 -65.534
 -65.534
 -65.534
 -65.534
 -65.534
 -65.534
 -65.534
 -65.534
 -65.534
 -65.534
 -65.534
 -65.534
 -65.534
 -65.534
 -65.534
 -65.534
 -65.534
 -65.534
 -65.534
 -65.534
 -65.534
 -65.534
 -65.534
 -65.534
 -65.534
 -65.534
 -65.534
 -65.534
 -65.534
 -65.534
 -65.534
 -65.534
 -65.534
 -65.534
 -65.534
 -65.534
 -65.534
 -65.534
 -65.534
 -65.534
 -65.534
 -65.534
 -65.534
 -65.534
 -65.534
 -65.534
 -65.534
 -65.534
 -65.534
   0.000
   0.000
   0.000
   0.000
   0.000
   0.000
   0.000
 -65.534
