 -65.534
   0.000
   0.000
   0.000
   0.000
   0.000
   0.000
   0.000
   0.000
   0.000
   0.000
   0.000
   0.000
   0.000
   0.000
   0.000
   0.000
   0.000
   0.000
   0.000
   0.000
   0.000
   0.000
   0.000
   0.000
   0.000
   0.000
   0.000
   0.000
   0.000
   0.000
   0.000
   0.000
   0.000
   0.000
   0.000
   0.000
   0.000
   0.000
   0.000
   0.000
   0.000
   0.000
   0.000
   0.000
   0.000
   0.000
   0.000
   0.000
   0.000
   0.000
   0.000
   0.000
   0.000
   0.000
   0.000
   0.000
   0.000
   0.000
   0.000
   0.000
   0.000
   0.000
   0.000
   0.000
   0.000
   0.000
   0.000
 -65.534
   0.000
   2.971
   3.318
   3.497
   3.664
   3.809
   3.925
   4.011
   4.065
   4.109
   4.134
   4.142
   4.148
   4.156
   4.151
   4.141
   4.151
   4.184
   4.268
   4.376
   4.518
   4.684
   4.838
   5.028
   4.975
   4.834
   4.703
   4.607
   4.543
   4.521
   4.499
   4.427
   4.382
   4.352
   4.228
   4.129
   3.995
   3.876
   3.758
   3.605
   3.436
   3.255
   3.046
   2.902
   2.813
   2.761
   2.750
   2.759
   2.782
   2.833
   2.897
   2.950
   3.009
   3.069
   3.175
   3.266
   3.350
   3.393
   3.400
   3.397
   3.368
   3.316
   3.257
   3.201
   3.112
   3.035
   2.973
   2.908
   0.000
   0.000
   3.087
   3.385
   3.508
   3.642
   3.760
   3.883
   3.994
   4.086
   4.159
   4.210
   4.240
   4.261
   4.269
   4.263
   4.259
   4.261
   4.281
   4.324
   4.403
   4.516
   4.642
   4.754
   4.879
   4.848
   4.767
   4.692
   4.635
   4.621
   4.629
   4.628
   4.601
   4.569
   4.541
   4.457
   4.360
   4.245
   4.111
   3.962
   3.804
   3.610
   3.399
   3.171
   2.991
   2.902
   2.883
   2.932
   3.009
   3.105
   3.219
   3.340
   3.452
   3.558
   3.671
   3.780
   3.888
   3.990
   4.058
   4.088
   4.084
   4.062
   4.021
   3.965
   3.892
   3.806
   3.714
   3.631
   3.497
   0.000
   0.000
   2.981
   3.245
   3.343
   3.444
   3.534
   3.638
   3.753
   3.863
   3.967
   4.047
   4.102
   4.129
   4.132
   4.115
   4.096
   4.090
   4.104
   4.142
   4.212
   4.310
   4.416
   4.507
   4.571
   4.607
   4.575
   4.548
   4.545
   4.567
   4.594
   4.608
   4.596
   4.590
   4.567
   4.505
   4.434
   4.339
   4.207
   4.061
   3.892
   3.696
   3.483
   3.245
   3.044
   2.929
   2.921
   2.991
   3.102
   3.239
   3.397
   3.557
   3.704
   3.836
   3.967
   4.091
   4.215
   4.318
   4.388
   4.413
   4.411
   4.400
   4.363
   4.307
   4.243
   4.164
   4.067
   3.978
   3.798
   0.000
   0.000
   2.846
   3.086
   3.164
   3.248
   3.317
   3.399
   3.498
   3.604
   3.719
   3.825
   3.901
   3.949
   3.960
   3.945
   3.924
   3.911
   3.923
   3.966
   4.034
   4.127
   4.238
   4.330
   4.382
   4.434
   4.450
   4.482
   4.525
   4.595
   4.649
   4.681
   4.689
   4.696
   4.685
   4.652
   4.600
   4.521
   4.400
   4.257
   4.090
   3.894
   3.665
   3.418
   3.202
   3.058
   3.016
   3.074
   3.198
   3.356
   3.540
   3.736
   3.916
   4.074
   4.223
   4.362
   4.482
   4.590
   4.658
   4.681
   4.682
   4.667
   4.631
   4.578
   4.516
   4.441
   4.351
   4.254
   4.031
   0.000
   0.000
   2.695
   2.913
   2.986
   3.063
   3.120
   3.189
   3.270
   3.370
   3.482
   3.592
   3.680
   3.739
   3.765
   3.756
   3.734
   3.722
   3.739
   3.785
   3.858
   3.958
   4.072
   4.168
   4.246
   4.286
   4.342
   4.440
   4.543
   4.652
   4.735
   4.777
   4.802
   4.820
   4.820
   4.808
   4.787
   4.731
   4.625
   4.483
   4.328
   4.129
   3.895
   3.640
   3.405
   3.233
   3.157
   3.183
   3.290
   3.455
   3.663
   3.884
   4.094
   4.283
   4.462
   4.619
   4.749
   4.854
   4.917
   4.936
   4.934
   4.922
   4.880
   4.826
   4.765
   4.688
   4.597
   4.488
   4.226
   0.000
   0.000
   2.533
   2.739
   2.812
   2.890
   2.952
   3.017
   3.092
   3.180
   3.284
   3.389
   3.481
   3.545
   3.581
   3.585
   3.577
   3.578
   3.605
   3.657
   3.726
   3.814
   3.911
   3.994
   4.072
   4.152
   4.289
   4.436
   4.586
   4.726
   4.833
   4.888
   4.925
   4.945
   4.967
   4.983
   4.987
   4.950
   4.870
   4.745
   4.592
   4.404
   4.176
   3.920
   3.672
   3.474
   3.347
   3.320
   3.389
   3.541
   3.758
   4.005
   4.242
   4.465
   4.673
   4.849
   4.991
   5.097
   5.165
   5.181
   5.177
   5.157
   5.108
   5.046
   4.978
   4.899
   4.803
   4.685
   4.390
   0.000
   0.000
   2.356
   2.554
   2.634
   2.714
   2.784
   2.857
   2.939
   3.028
   3.126
   3.225
   3.314
   3.382
   3.423
   3.441
   3.453
   3.467
   3.503
   3.557
   3.630
   3.713
   3.807
   3.898
   3.998
   4.117
   4.288
   4.472
   4.650
   4.813
   4.934
   5.005
   5.059
   5.101
   5.139
   5.170
   5.194
   5.179
   5.120
   5.018
   4.880
   4.706
   4.493
   4.253
   4.006
   3.781
   3.601
   3.512
   3.524
   3.632
   3.832
   4.084
   4.335
   4.582
   4.816
   5.018
   5.179
   5.297
   5.368
   5.384
   5.373
   5.343
   5.284
   5.216
   5.142
   5.061
   4.956
   4.831
   4.510
   0.000
   0.000
   2.147
   2.348
   2.434
   2.529
   2.611
   2.693
   2.782
   2.878
   2.979
   3.081
   3.171
   3.243
   3.292
   3.323
   3.345
   3.372
   3.413
   3.470
   3.548
   3.639
   3.740
   3.849
   3.971
   4.127
   4.317
   4.518
   4.715
   4.896
   5.036
   5.125
   5.194
   5.256
   5.305
   5.350
   5.390
   5.400
   5.366
   5.279
   5.166
   5.013
   4.822
   4.612
   4.384
   4.144
   3.935
   3.786
   3.746
   3.795
   3.940
   4.155
   4.404
   4.656
   4.904
   5.131
   5.314
   5.448
   5.520
   5.538
   5.521
   5.482
   5.417
   5.341
   5.266
   5.179
   5.071
   4.935
   4.601
   0.000
   0.000
   1.926
   2.108
   2.208
   2.321
   2.415
   2.511
   2.614
   2.717
   2.830
   2.936
   3.033
   3.112
   3.171
   3.214
   3.246
   3.282
   3.327
   3.384
   3.465
   3.568
   3.685
   3.817
   3.961
   4.136
   4.339
   4.552
   4.764
   4.954
   5.096
   5.201
   5.283
   5.360
   5.419
   5.479
   5.538
   5.579
   5.566
   5.501
   5.408
   5.277
   5.113
   4.936
   4.744
   4.531
   4.313
   4.135
   4.040
   4.037
   4.119
   4.282
   4.483
   4.718
   4.960
   5.186
   5.378
   5.523
   5.605
   5.627
   5.617
   5.581
   5.511
   5.430
   5.354
   5.264
   5.152
   5.009
   4.668
   0.000
   0.000
   1.715
   1.880
   1.982
   2.096
   2.204
   2.313
   2.423
   2.545
   2.666
   2.783
   2.889
   2.981
   3.055
   3.107
   3.154
   3.195
   3.243
   3.304
   3.385
   3.497
   3.632
   3.778
   3.940
   4.128
   4.339
   4.557
   4.774
   4.957
   5.102
   5.213
   5.315
   5.401
   5.471
   5.545
   5.622
   5.683
   5.701
   5.665
   5.595
   5.486
   5.351
   5.207
   5.047
   4.871
   4.685
   4.510
   4.377
   4.319
   4.355
   4.460
   4.590
   4.779
   4.992
   5.201
   5.374
   5.515
   5.609
   5.645
   5.648
   5.620
   5.552
   5.470
   5.394
   5.302
   5.190
   5.048
   4.709
   0.000
   0.000
   1.547
   1.680
   1.766
   1.882
   1.993
   2.102
   2.215
   2.344
   2.477
   2.611
   2.730
   2.838
   2.925
   2.993
   3.049
   3.102
   3.154
   3.218
   3.303
   3.419
   3.558
   3.715
   3.885
   4.081
   4.287
   4.494
   4.709
   4.891
   5.041
   5.163
   5.272
   5.373
   5.458
   5.540
   5.634
   5.712
   5.756
   5.753
   5.715
   5.638
   5.532
   5.421
   5.301
   5.162
   5.012
   4.866
   4.737
   4.646
   4.639
   4.687
   4.764
   4.888
   5.046
   5.210
   5.361
   5.490
   5.581
   5.630
   5.643
   5.619
   5.559
   5.481
   5.403
   5.311
   5.197
   5.059
   4.710
   0.000
   0.000
   1.418
   1.532
   1.588
   1.687
   1.791
   1.895
   2.004
   2.123
   2.255
   2.396
   2.529
   2.653
   2.762
   2.849
   2.922
   2.986
   3.053
   3.126
   3.219
   3.332
   3.469
   3.620
   3.785
   3.972
   4.169
   4.365
   4.566
   4.751
   4.916
   5.039
   5.160
   5.275
   5.375
   5.472
   5.572
   5.658
   5.721
   5.746
   5.746
   5.709
   5.645
   5.569
   5.490
   5.390
   5.278
   5.172
   5.069
   4.981
   4.939
   4.945
   4.972
   5.037
   5.131
   5.238
   5.351
   5.463
   5.543
   5.594
   5.608
   5.593
   5.542
   5.471
   5.391
   5.298
   5.187
   5.046
   4.689
   0.000
 -65.534
 -65.534
   1.377
   1.453
   1.506
   1.595
   1.687
   1.786
   1.894
   2.017
   2.149
   2.283
   2.413
   2.534
   2.641
   2.744
   2.835
   2.925
   3.018
   3.119
   3.233
   3.363
   3.502
   3.650
   3.826
   4.010
   4.189
   4.381
   4.568
   4.727
   4.867
   4.997
   5.109
   5.215
   5.327
   5.440
   5.538
   5.611
   5.663
   5.691
   5.695
   5.669
   5.639
   5.599
   5.540
   5.467
   5.401
   5.330
   5.264
   5.215
   5.194
   5.188
   5.201
   5.240
   5.292
   5.361
   5.436
   5.504
   5.545
   5.558
   5.544
   5.503
   5.433
   5.362
   5.273
   5.166
   5.026
   4.652
   0.000
 -65.534
 -65.534
 -65.534
   1.297
   1.340
   1.393
   1.474
   1.562
   1.660
   1.774
   1.893
   2.012
   2.140
   2.269
   2.390
   2.509
   2.631
   2.749
   2.865
   2.988
   3.105
   3.228
   3.355
   3.496
   3.655
   3.824
   3.989
   4.165
   4.345
   4.510
   4.651
   4.782
   4.902
   5.029
   5.165
   5.265
   5.374
   5.470
   5.535
   5.586
   5.624
   5.644
   5.651
   5.656
   5.632
   5.597
   5.556
   5.518
   5.475
   5.438
   5.402
   5.377
   5.360
   5.362
   5.376
   5.403
   5.441
   5.492
   5.519
   5.528
   5.515
   5.473
   5.417
   5.350
   5.273
   5.178
   5.034
   4.632
   0.000
 -65.534
 -65.534
 -65.534
 -65.534
   1.164
   1.223
   1.284
   1.357
   1.442
   1.535
   1.639
   1.745
   1.861
   1.985
   2.116
   2.249
   2.387
   2.526
   2.661
   2.792
   2.918
   3.044
   3.170
   3.302
   3.446
   3.602
   3.757
   3.924
   4.094
   4.255
   4.401
   4.536
   4.672
   4.813
   4.960
   5.088
   5.225
   5.301
   5.380
   5.451
   5.509
   5.556
   5.605
   5.643
   5.655
   5.655
   5.650
   5.630
   5.600
   5.580
   5.544
   5.508
   5.486
   5.467
   5.462
   5.465
   5.480
   5.510
   5.528
   5.534
   5.518
   5.481
   5.435
   5.382
   5.322
   5.237
   5.109
   4.680
   0.000
 -65.534
 -65.534
 -65.534
 -65.534
   1.057
   1.094
   1.141
   1.193
   1.257
   1.335
   1.415
   1.499
   1.597
   1.708
   1.838
   1.980
   2.124
   2.266
   2.405
   2.540
   2.670
   2.791
   2.918
   3.047
   3.187
   3.336
   3.488
   3.642
   3.808
   3.970
   4.126
   4.276
   4.422
   4.577
   4.740
   4.890
   5.024
   5.126
   5.222
   5.281
   5.347
   5.410
   5.489
   5.556
   5.604
   5.632
   5.655
   5.652
   5.637
   5.623
   5.605
   5.580
   5.554
   5.541
   5.527
   5.514
   5.514
   5.525
   5.536
   5.538
   5.530
   5.505
   5.467
   5.430
   5.387
   5.321
   5.208
   4.773
   0.000
 -65.534
 -65.534
 -65.534
 -65.534
   1.007
   1.020
   1.050
   1.079
   1.115
   1.170
   1.232
   1.296
   1.373
   1.474
   1.595
   1.728
   1.867
   2.008
   2.141
   2.266
   2.386
   2.500
   2.617
   2.745
   2.878
   3.025
   3.173
   3.331
   3.498
   3.664
   3.830
   3.996
   4.160
   4.325
   4.487
   4.647
   4.789
   4.905
   5.002
   5.079
   5.155
   5.241
   5.321
   5.412
   5.482
   5.535
   5.581
   5.611
   5.613
   5.620
   5.620
   5.609
   5.595
   5.577
   5.562
   5.544
   5.531
   5.528
   5.534
   5.534
   5.533
   5.523
   5.498
   5.476
   5.439
   5.374
   5.263
   4.826
   0.000
 -65.534
 -65.534
 -65.534
 -65.534
   1.048
   1.045
   1.047
   1.042
   1.026
   1.043
   1.085
   1.135
   1.197
   1.289
   1.397
   1.516
   1.642
   1.767
   1.891
   2.009
   2.112
   2.210
   2.314
   2.435
   2.564
   2.706
   2.859
   3.020
   3.191
   3.359
   3.529
   3.703
   3.870
   4.031
   4.190
   4.352
   4.492
   4.619
   4.726
   4.817
   4.912
   5.012
   5.120
   5.224
   5.313
   5.381
   5.446
   5.498
   5.534
   5.562
   5.588
   5.597
   5.597
   5.587
   5.572
   5.555
   5.529
   5.515
   5.507
   5.510
   5.518
   5.521
   5.513
   5.492
   5.445
   5.369
   5.232
   4.786
   0.000
 -65.534
 -65.534
 -65.534
 -65.534
 -65.534
 -65.534
 -65.534
 -65.534
   1.001
   0.988
   0.997
   1.024
   1.071
   1.138
   1.234
   1.341
   1.457
   1.575
   1.684
   1.788
   1.872
   1.956
   2.052
   2.161
   2.288
   2.428
   2.583
   2.743
   2.904
   3.067
   3.228
   3.391
   3.548
   3.699
   3.848
   3.996
   4.139
   4.274
   4.392
   4.504
   4.623
   4.747
   4.884
   5.008
   5.110
   5.196
   5.279
   5.352
   5.404
   5.459
   5.515
   5.551
   5.566
   5.564
   5.553
   5.528
   5.498
   5.473
   5.461
   5.457
   5.471
   5.482
   5.485
   5.453
   5.391
   5.293
   5.136
   4.683
   0.000
 -65.534
 -65.534
 -65.534
 -65.534
 -65.534
 -65.534
   0.978
   1.089
   1.062
   0.984
   0.958
   0.963
   0.990
   1.041
   1.114
   1.214
   1.326
   1.440
   1.544
   1.630
   1.702
   1.767
   1.848
   1.955
   2.085
   2.224
   2.373
   2.528
   2.677
   2.820
   2.959
   3.098
   3.235
   3.366
   3.499
   3.633
   3.767
   3.899
   4.034
   4.176
   4.322
   4.475
   4.628
   4.770
   4.891
   4.996
   5.082
   5.161
   5.241
   5.321
   5.397
   5.458
   5.485
   5.495
   5.480
   5.456
   5.423
   5.389
   5.368
   5.360
   5.371
   5.387
   5.385
   5.346
   5.274
   5.163
   4.999
   4.519
   0.000
 -65.534
 -65.534
 -65.534
 -65.534
 -65.534
 -65.534
 -65.534
 -65.534
 -65.534
   1.071
   1.014
   0.992
   0.998
   1.024
   1.068
   1.129
   1.233
   1.349
   1.456
   1.534
   1.588
   1.645
   1.721
   1.824
   1.948
   2.094
   2.243
   2.384
   2.516
   2.642
   2.759
   2.869
   2.975
   3.084
   3.193
   3.309
   3.433
   3.564
   3.708
   3.860
   4.024
   4.198
   4.372
   4.525
   4.658
   4.768
   4.866
   4.952
   5.035
   5.122
   5.207
   5.277
   5.318
   5.332
   5.323
   5.296
   5.254
   5.210
   5.182
   5.176
   5.185
   5.196
   5.188
   5.135
   5.060
   4.958
   4.788
   4.303
   0.000
 -65.534
 -65.534
 -65.534
 -65.534
 -65.534
 -65.534
 -65.534
 -65.534
 -65.534
 -65.534
 -65.534
 -65.534
 -65.534
 -65.534
 -65.534
   1.161
   1.237
   1.303
   1.389
   1.451
   1.508
   1.573
   1.654
   1.756
   1.881
   2.021
   2.162
   2.306
   2.427
   2.534
   2.627
   2.711
   2.795
   2.885
   2.977
   3.077
   3.182
   3.297
   3.420
   3.581
   3.758
   3.943
   4.128
   4.300
   4.440
   4.556
   4.652
   4.741
   4.820
   4.906
   4.991
   5.065
   5.110
   5.125
   5.113
   5.073
   5.015
   4.960
   4.923
   4.917
   4.929
   4.931
   4.913
   4.862
   4.792
   4.684
   4.521
   4.039
   0.000
 -65.534
 -65.534
 -65.534
 -65.534
 -65.534
 -65.534
 -65.534
 -65.534
 -65.534
 -65.534
 -65.534
 -65.534
 -65.534
 -65.534
 -65.534
 -65.534
 -65.534
 -65.534
 -65.534
   1.431
   1.479
   1.546
   1.632
   1.741
   1.865
   2.001
   2.135
   2.260
   2.372
   2.473
   2.552
   2.619
   2.684
   2.757
   2.837
   2.925
   3.017
   3.118
   3.233
   3.379
   3.550
   3.740
   3.932
   4.108
   4.257
   4.371
   4.463
   4.542
   4.613
   4.686
   4.767
   4.837
   4.881
   4.888
   4.860
   4.803
   4.731
   4.664
   4.623
   4.620
   4.634
   4.630
   4.606
   4.552
   4.474
   4.374
   4.218
   3.738
   0.000
 -65.534
 -65.534
 -65.534
 -65.534
 -65.534
 -65.534
 -65.534
 -65.534
 -65.534
 -65.534
 -65.534
 -65.534
 -65.534
 -65.534
 -65.534
 -65.534
 -65.534
 -65.534
   1.324
   1.464
   1.469
   1.530
   1.623
   1.743
   1.870
   2.003
   2.129
   2.245
   2.342
   2.426
   2.499
   2.566
   2.622
   2.683
   2.755
   2.831
   2.916
   3.007
   3.117
   3.256
   3.412
   3.591
   3.781
   3.957
   4.104
   4.212
   4.291
   4.356
   4.416
   4.474
   4.536
   4.590
   4.620
   4.607
   4.567
   4.502
   4.412
   4.337
   4.294
   4.288
   4.292
   4.285
   4.256
   4.194
   4.107
   3.998
   3.844
   3.361
   0.000
 -65.534
 -65.534
 -65.534
 -65.534
 -65.534
 -65.534
 -65.534
 -65.534
 -65.534
 -65.534
 -65.534
 -65.534
 -65.534
 -65.534
 -65.534
 -65.534
 -65.534
   1.211
   1.451
   1.448
   1.470
   1.521
   1.605
   1.734
   1.865
   1.994
   2.118
   2.222
   2.311
   2.383
   2.453
   2.514
   2.565
   2.616
   2.676
   2.749
   2.822
   2.904
   3.001
   3.124
   3.276
   3.450
   3.632
   3.806
   3.950
   4.048
   4.114
   4.168
   4.210
   4.252
   4.295
   4.334
   4.346
   4.318
   4.261
   4.181
   4.085
   4.009
   3.969
   3.955
   3.952
   3.942
   3.903
   3.824
   3.722
   3.592
   3.423
   2.940
   0.000
 -65.534
 -65.534
 -65.534
 -65.534
 -65.534
 -65.534
 -65.534
 -65.534
 -65.534
 -65.534
 -65.534
 -65.534
 -65.534
 -65.534
 -65.534
 -65.534
 -65.534
   1.363
   1.444
   1.446
   1.476
   1.514
   1.582
   1.692
   1.827
   1.945
   2.061
   2.159
   2.243
   2.314
   2.379
   2.444
   2.486
   2.529
   2.575
   2.631
   2.695
   2.766
   2.851
   2.961
   3.100
   3.271
   3.454
   3.621
   3.756
   3.850
   3.912
   3.963
   3.996
   4.025
   4.045
   4.074
   4.075
   4.042
   3.987
   3.911
   3.817
   3.736
   3.690
   3.659
   3.640
   3.611
   3.558
   3.474
   3.359
   3.214
   3.029
   2.503
   0.000
 -65.534
 -65.534
 -65.534
 -65.534
 -65.534
 -65.534
 -65.534
 -65.534
 -65.534
 -65.534
 -65.534
 -65.534
 -65.534
 -65.534
 -65.534
 -65.534
 -65.534
   1.428
   1.450
   1.468
   1.483
   1.512
   1.553
   1.632
   1.753
   1.860
   1.961
   2.053
   2.135
   2.207
   2.273
   2.337
   2.378
   2.413
   2.449
   2.491
   2.541
   2.602
   2.677
   2.777
   2.910
   3.069
   3.239
   3.395
   3.520
   3.613
   3.676
   3.727
   3.761
   3.780
   3.791
   3.805
   3.798
   3.773
   3.732
   3.673
   3.589
   3.516
   3.458
   3.414
   3.368
   3.314
   3.244
   3.142
   2.974
   2.811
   2.597
   2.100
   0.000
 -65.534
 -65.534
 -65.534
 -65.534
 -65.534
 -65.534
 -65.534
 -65.534
 -65.534
 -65.534
 -65.534
 -65.534
 -65.534
 -65.534
 -65.534
 -65.534
 -65.534
   1.513
   1.479
   1.481
   1.491
   1.501
   1.525
   1.569
   1.648
   1.752
   1.833
   1.914
   1.995
   2.070
   2.140
   2.205
   2.240
   2.273
   2.305
   2.344
   2.388
   2.447
   2.524
   2.617
   2.739
   2.880
   3.024
   3.161
   3.276
   3.364
   3.430
   3.484
   3.514
   3.524
   3.529
   3.538
   3.530
   3.514
   3.491
   3.450
   3.387
   3.311
   3.253
   3.194
   3.135
   3.058
   2.958
   2.828
   2.648
   2.461
   2.225
   1.731
   0.000
 -65.534
 -65.534
 -65.534
 -65.534
 -65.534
 -65.534
 -65.534
 -65.534
 -65.534
 -65.534
 -65.534
 -65.534
 -65.534
 -65.534
 -65.534
 -65.534
 -65.534
 -65.534
   1.523
   1.488
   1.486
   1.488
   1.493
   1.516
   1.558
   1.624
   1.691
   1.762
   1.838
   1.916
   1.988
   2.047
   2.082
   2.115
   2.145
   2.187
   2.241
   2.305
   2.386
   2.481
   2.582
   2.696
   2.815
   2.932
   3.036
   3.124
   3.189
   3.231
   3.254
   3.261
   3.259
   3.259
   3.251
   3.237
   3.219
   3.195
   3.149
   3.091
   3.038
   2.979
   2.911
   2.824
   2.701
   2.546
   2.360
   2.140
   1.877
   1.379
   0.000
 -65.534
 -65.534
 -65.534
 -65.534
 -65.534
 -65.534
 -65.534
 -65.534
 -65.534
 -65.534
 -65.534
 -65.534
 -65.534
 -65.534
 -65.534
 -65.534
 -65.534
 -65.534
 -65.534
   1.498
   1.466
   1.464
   1.467
   1.475
   1.490
   1.519
   1.559
   1.606
   1.667
   1.730
   1.800
   1.850
   1.883
   1.913
   1.959
   2.020
   2.062
   2.134
   2.200
   2.292
   2.414
   2.515
   2.618
   2.721
   2.820
   2.903
   2.963
   2.997
   3.010
   3.005
   2.986
   2.978
   2.959
   2.935
   2.912
   2.891
   2.861
   2.825
   2.782
   2.731
   2.669
   2.580
   2.453
   2.285
   2.087
   1.860
   1.566
   1.064
   0.000
 -65.534
 -65.534
 -65.534
 -65.534
 -65.534
 -65.534
 -65.534
 -65.534
 -65.534
 -65.534
 -65.534
 -65.534
 -65.534
 -65.534
 -65.534
 -65.534
 -65.534
 -65.534
 -65.534
 -65.534
   1.447
   1.428
   1.417
   1.417
   1.418
   1.430
   1.443
   1.457
   1.480
   1.508
   1.544
   1.550
   1.523
   1.456
   1.324
   0.981
 -65.534
 -65.534
 -65.534
 -65.534
   2.302
   2.394
   2.483
   2.552
   2.631
   2.701
   2.745
   2.762
   2.756
   2.734
   2.710
   2.691
   2.666
   2.639
   2.617
   2.590
   2.559
   2.528
   2.497
   2.457
   2.401
   2.310
   2.185
   2.017
   1.819
   1.594
   1.304
   0.810
   0.000
 -65.534
 -65.534
 -65.534
 -65.534
 -65.534
 -65.534
 -65.534
 -65.534
 -65.534
 -65.534
 -65.534
 -65.534
 -65.534
 -65.534
 -65.534
 -65.534
 -65.534
 -65.534
 -65.534
 -65.534
 -65.534
 -65.534
 -65.534
 -65.534
   1.352
   1.325
   1.322
   1.311
   1.304
   1.293
   1.284
   1.235
   1.153
   1.016
   0.793
   0.449
 -65.534
 -65.534
 -65.534
 -65.534
 -65.534
 -65.534
   2.278
   2.386
   2.442
   2.490
   2.498
   2.491
   2.471
   2.445
   2.416
   2.391
   2.365
   2.340
   2.317
   2.293
   2.264
   2.234
   2.203
   2.164
   2.100
   2.004
   1.879
   1.714
   1.521
   1.311
   1.030
   0.563
   0.000
 -65.534
 -65.534
 -65.534
 -65.534
 -65.534
 -65.534
 -65.534
 -65.534
 -65.534
 -65.534
 -65.534
 -65.534
 -65.534
 -65.534
 -65.534
 -65.534
 -65.534
 -65.534
 -65.534
 -65.534
 -65.534
 -65.534
 -65.534
 -65.534
   1.230
   1.184
   1.159
   1.130
   1.101
   1.083
   1.035
   0.950
   0.836
   0.677
   0.486
   0.260
 -65.534
 -65.534
 -65.534
 -65.534
 -65.534
 -65.534
 -65.534
   2.124
   2.197
   2.189
   2.203
   2.171
   2.140
   2.104
   2.082
   2.062
   2.044
   2.027
   2.009
   1.985
   1.955
   1.921
   1.889
   1.846
   1.784
   1.687
   1.554
   1.392
   1.202
   0.991
   0.726
   0.296
   0.000
 -65.534
 -65.534
 -65.534
 -65.534
 -65.534
 -65.534
 -65.534
 -65.534
 -65.534
 -65.534
 -65.534
 -65.534
 -65.534
 -65.534
 -65.534
 -65.534
 -65.534
 -65.534
 -65.534
 -65.534
 -65.534
 -65.534
 -65.534
 -65.534
 -65.534
 -65.534
 -65.534
 -65.534
 -65.534
   0.903
   0.772
   0.684
   0.596
   0.465
   0.327
   0.168
  -0.114
 -65.534
 -65.534
 -65.534
 -65.534
 -65.534
 -65.534
   1.478
   1.207
 -65.534
   1.787
   1.789
   1.780
   1.804
   1.790
   1.777
   1.754
   1.728
   1.698
   1.666
   1.632
   1.594
   1.557
   1.512
   1.444
   1.344
   1.206
   1.047
   0.863
   0.660
   0.414
   0.033
   0.000
 -65.534
 -65.534
 -65.534
 -65.534
 -65.534
 -65.534
 -65.534
 -65.534
 -65.534
 -65.534
 -65.534
 -65.534
 -65.534
 -65.534
 -65.534
 -65.534
 -65.534
 -65.534
 -65.534
 -65.534
 -65.534
 -65.534
 -65.534
 -65.534
 -65.534
 -65.534
 -65.534
 -65.534
 -65.534
 -65.534
 -65.534
 -65.534
   0.511
   0.354
   0.251
   0.126
  -0.111
  -0.172
 -65.534
 -65.534
 -65.534
 -65.534
 -65.534
 -65.534
 -65.534
 -65.534
 -65.534
 -65.534
 -65.534
   1.459
   1.476
   1.470
   1.491
   1.454
   1.409
   1.356
   1.308
   1.263
   1.214
   1.163
   1.087
   0.981
   0.848
   0.696
   0.532
   0.344
   0.116
  -0.215
   0.000
 -65.534
 -65.534
 -65.534
 -65.534
 -65.534
 -65.534
 -65.534
 -65.534
 -65.534
 -65.534
 -65.534
 -65.534
 -65.534
 -65.534
 -65.534
 -65.534
 -65.534
 -65.534
 -65.534
 -65.534
 -65.534
 -65.534
 -65.534
 -65.534
 -65.534
 -65.534
 -65.534
 -65.534
 -65.534
 -65.534
 -65.534
 -65.534
   0.345
   0.220
   0.125
   0.036
  -0.103
  -0.195
  -0.196
  -0.159
 -65.534
 -65.534
 -65.534
 -65.534
 -65.534
 -65.534
 -65.534
 -65.534
 -65.534
 -65.534
 -65.534
 -65.534
   1.160
   1.122
   1.072
   1.040
   0.988
   0.933
   0.877
   0.812
   0.728
   0.622
   0.502
   0.362
   0.217
   0.066
  -0.121
  -0.396
   0.000
 -65.534
 -65.534
 -65.534
 -65.534
 -65.534
 -65.534
 -65.534
 -65.534
 -65.534
 -65.534
 -65.534
 -65.534
 -65.534
 -65.534
 -65.534
 -65.534
 -65.534
 -65.534
 -65.534
 -65.534
 -65.534
 -65.534
 -65.534
 -65.534
 -65.534
 -65.534
 -65.534
 -65.534
 -65.534
 -65.534
 -65.534
 -65.534
 -65.534
 -65.534
 -65.534
 -65.534
  -0.053
  -0.152
  -0.190
  -0.204
  -0.186
  -0.173
  -0.173
  -0.208
  -0.250
 -65.534
 -65.534
 -65.534
 -65.534
 -65.534
 -65.534
 -65.534
 -65.534
 -65.534
 -65.534
   0.770
   0.715
   0.656
   0.588
   0.495
   0.399
   0.300
   0.189
   0.068
  -0.054
  -0.175
  -0.323
  -0.542
   0.000
 -65.534
 -65.534
 -65.534
 -65.534
 -65.534
 -65.534
 -65.534
 -65.534
 -65.534
 -65.534
 -65.534
 -65.534
 -65.534
 -65.534
 -65.534
 -65.534
 -65.534
 -65.534
 -65.534
 -65.534
 -65.534
 -65.534
 -65.534
 -65.534
 -65.534
 -65.534
 -65.534
 -65.534
 -65.534
 -65.534
 -65.534
 -65.534
 -65.534
 -65.534
 -65.534
 -65.534
 -65.534
 -65.534
 -65.534
 -65.534
  -0.156
 -65.534
 -65.534
 -65.534
 -65.534
 -65.534
 -65.534
 -65.534
 -65.534
 -65.534
 -65.534
 -65.534
 -65.534
 -65.534
 -65.534
   0.469
   0.428
   0.381
   0.319
   0.237
   0.139
   0.024
  -0.074
  -0.171
  -0.275
  -0.368
  -0.491
  -0.676
   0.000
 -65.534
 -65.534
 -65.534
 -65.534
 -65.534
 -65.534
 -65.534
 -65.534
 -65.534
 -65.534
 -65.534
 -65.534
 -65.534
 -65.534
 -65.534
 -65.534
 -65.534
 -65.534
 -65.534
 -65.534
 -65.534
 -65.534
 -65.534
 -65.534
 -65.534
 -65.534
 -65.534
 -65.534
 -65.534
 -65.534
 -65.534
 -65.534
 -65.534
 -65.534
 -65.534
 -65.534
 -65.534
 -65.534
 -65.534
 -65.534
 -65.534
 -65.534
 -65.534
 -65.534
 -65.534
 -65.534
 -65.534
 -65.534
 -65.534
 -65.534
 -65.534
 -65.534
 -65.534
 -65.534
 -65.534
 -65.534
 -65.534
 -65.534
 -65.534
   0.126
  -0.064
  -0.184
  -0.275
  -0.355
  -0.431
  -0.511
  -0.604
  -0.745
   0.000
 -65.534
 -65.534
 -65.534
 -65.534
 -65.534
 -65.534
 -65.534
 -65.534
 -65.534
 -65.534
 -65.534
 -65.534
 -65.534
 -65.534
 -65.534
 -65.534
 -65.534
 -65.534
 -65.534
 -65.534
 -65.534
 -65.534
 -65.534
 -65.534
 -65.534
 -65.534
 -65.534
 -65.534
 -65.534
 -65.534
 -65.534
 -65.534
 -65.534
 -65.534
 -65.534
 -65.534
 -65.534
 -65.534
 -65.534
 -65.534
 -65.534
 -65.534
 -65.534
 -65.534
 -65.534
 -65.534
 -65.534
 -65.534
 -65.534
 -65.534
 -65.534
 -65.534
 -65.534
 -65.534
 -65.534
 -65.534
 -65.534
 -65.534
 -65.534
 -65.534
 -65.534
   0.000
   0.000
   0.000
   0.000
   0.000
   0.000
   0.000
 -65.534
