 -65.534
   0.000
   0.000
   0.000
   0.000
   0.000
   0.000
   0.000
   0.000
   0.000
   0.000
   0.000
   0.000
   0.000
   0.000
   0.000
   0.000
   0.000
   0.000
   0.000
   0.000
   0.000
   0.000
   0.000
   0.000
   0.000
   0.000
   0.000
   0.000
   0.000
   0.000
   0.000
   0.000
   0.000
   0.000
   0.000
   0.000
   0.000
   0.000
   0.000
   0.000
   0.000
   0.000
   0.000
   0.000
   0.000
   0.000
   0.000
   0.000
   0.000
   0.000
   0.000
   0.000
   0.000
   0.000
   0.000
   0.000
   0.000
   0.000
   0.000
   0.000
   0.000
   0.000
   0.000
   0.000
   0.000
   0.000
   0.000
 -65.534
   0.000
   1.350
   1.500
   1.584
   1.672
   1.745
   1.798
   1.837
   1.867
   1.893
   1.923
   1.958
   1.997
   2.031
   2.061
   2.087
   2.104
   2.121
   2.140
   2.160
   2.179
   2.191
   2.200
   2.208
   2.204
   2.185
   2.160
   2.131
   2.087
   2.039
   1.988
   1.937
   1.885
   1.830
   1.770
   1.697
   1.623
   1.538
   1.440
   1.332
   1.226
   1.133
   1.025
   0.886
   0.753
   0.678
   0.644
   0.614
   0.585
   0.563
   0.546
   0.543
   0.555
   0.574
   0.612
   0.652
   0.695
   0.730
   0.766
   0.802
   0.831
   0.841
   0.836
   0.810
   0.767
   0.734
   0.705
   0.661
   0.000
   0.000
   1.382
   1.527
   1.604
   1.691
   1.766
   1.831
   1.884
   1.929
   1.971
   2.012
   2.056
   2.096
   2.135
   2.169
   2.197
   2.222
   2.248
   2.278
   2.313
   2.349
   2.377
   2.404
   2.423
   2.423
   2.407
   2.386
   2.358
   2.323
   2.285
   2.246
   2.201
   2.153
   2.102
   2.040
   1.969
   1.889
   1.799
   1.684
   1.553
   1.411
   1.267
   1.121
   0.973
   0.832
   0.746
   0.718
   0.697
   0.673
   0.653
   0.639
   0.640
   0.655
   0.681
   0.717
   0.762
   0.813
   0.868
   0.921
   0.970
   1.011
   1.029
   1.018
   0.989
   0.947
   0.906
   0.870
   0.810
   0.000
   0.000
   1.332
   1.473
   1.542
   1.621
   1.691
   1.753
   1.815
   1.870
   1.929
   1.986
   2.039
   2.087
   2.126
   2.155
   2.180
   2.208
   2.238
   2.279
   2.330
   2.382
   2.428
   2.468
   2.498
   2.505
   2.496
   2.478
   2.453
   2.424
   2.396
   2.367
   2.329
   2.293
   2.255
   2.205
   2.149
   2.083
   2.001
   1.898
   1.767
   1.598
   1.388
   1.193
   1.045
   0.911
   0.804
   0.757
   0.734
   0.714
   0.693
   0.679
   0.678
   0.693
   0.721
   0.761
   0.812
   0.870
   0.926
   0.979
   1.030
   1.070
   1.089
   1.085
   1.058
   1.020
   0.979
   0.941
   0.873
   0.000
   0.000
   1.271
   1.405
   1.466
   1.535
   1.594
   1.648
   1.701
   1.761
   1.829
   1.904
   1.973
   2.031
   2.073
   2.101
   2.125
   2.151
   2.190
   2.244
   2.307
   2.375
   2.436
   2.493
   2.537
   2.553
   2.548
   2.540
   2.519
   2.495
   2.473
   2.453
   2.427
   2.405
   2.384
   2.354
   2.313
   2.267
   2.211
   2.125
   2.009
   1.834
   1.588
   1.329
   1.147
   1.021
   0.906
   0.829
   0.788
   0.756
   0.729
   0.708
   0.700
   0.709
   0.733
   0.772
   0.828
   0.890
   0.946
   0.996
   1.043
   1.083
   1.100
   1.099
   1.079
   1.047
   1.008
   0.971
   0.900
   0.000
   0.000
   1.195
   1.334
   1.393
   1.454
   1.500
   1.542
   1.586
   1.640
   1.711
   1.792
   1.870
   1.935
   1.983
   2.015
   2.041
   2.073
   2.121
   2.182
   2.253
   2.327
   2.398
   2.468
   2.523
   2.554
   2.567
   2.564
   2.547
   2.523
   2.505
   2.497
   2.485
   2.479
   2.479
   2.470
   2.448
   2.418
   2.379
   2.318
   2.223
   2.073
   1.831
   1.540
   1.295
   1.136
   1.016
   0.925
   0.863
   0.813
   0.768
   0.733
   0.713
   0.711
   0.727
   0.763
   0.813
   0.874
   0.929
   0.976
   1.018
   1.056
   1.078
   1.081
   1.073
   1.047
   1.014
   0.979
   0.907
   0.000
   0.000
   1.111
   1.253
   1.315
   1.375
   1.419
   1.454
   1.492
   1.539
   1.602
   1.678
   1.756
   1.826
   1.881
   1.918
   1.951
   1.993
   2.042
   2.105
   2.177
   2.250
   2.326
   2.405
   2.471
   2.518
   2.540
   2.544
   2.529
   2.507
   2.491
   2.494
   2.500
   2.515
   2.532
   2.541
   2.538
   2.533
   2.507
   2.459
   2.387
   2.266
   2.066
   1.782
   1.496
   1.279
   1.137
   1.026
   0.944
   0.873
   0.808
   0.754
   0.721
   0.704
   0.706
   0.734
   0.780
   0.833
   0.878
   0.916
   0.954
   0.994
   1.018
   1.032
   1.034
   1.022
   0.999
   0.973
   0.902
   0.000
   0.000
   1.010
   1.153
   1.226
   1.291
   1.341
   1.381
   1.415
   1.459
   1.515
   1.584
   1.656
   1.723
   1.781
   1.825
   1.867
   1.911
   1.963
   2.023
   2.087
   2.161
   2.234
   2.313
   2.386
   2.440
   2.467
   2.478
   2.469
   2.450
   2.442
   2.460
   2.485
   2.514
   2.546
   2.574
   2.590
   2.598
   2.585
   2.551
   2.492
   2.396
   2.237
   1.985
   1.702
   1.459
   1.275
   1.139
   1.031
   0.932
   0.847
   0.775
   0.722
   0.688
   0.676
   0.688
   0.717
   0.758
   0.793
   0.828
   0.864
   0.901
   0.933
   0.960
   0.982
   0.986
   0.977
   0.956
   0.893
   0.000
   0.000
   0.900
   1.040
   1.120
   1.197
   1.259
   1.306
   1.348
   1.391
   1.445
   1.508
   1.573
   1.637
   1.691
   1.738
   1.782
   1.830
   1.881
   1.937
   2.000
   2.064
   2.136
   2.210
   2.285
   2.336
   2.364
   2.378
   2.378
   2.368
   2.372
   2.401
   2.440
   2.483
   2.528
   2.565
   2.591
   2.616
   2.619
   2.592
   2.544
   2.466
   2.326
   2.121
   1.870
   1.638
   1.439
   1.276
   1.137
   1.012
   0.899
   0.804
   0.728
   0.674
   0.639
   0.629
   0.640
   0.659
   0.684
   0.704
   0.742
   0.780
   0.825
   0.869
   0.910
   0.940
   0.951
   0.938
   0.877
   0.000
   0.000
   0.769
   0.917
   1.002
   1.087
   1.160
   1.220
   1.273
   1.323
   1.377
   1.439
   1.501
   1.557
   1.607
   1.652
   1.696
   1.745
   1.796
   1.850
   1.906
   1.968
   2.032
   2.100
   2.167
   2.217
   2.247
   2.264
   2.268
   2.271
   2.291
   2.327
   2.374
   2.425
   2.482
   2.523
   2.562
   2.597
   2.609
   2.588
   2.545
   2.476
   2.368
   2.196
   1.999
   1.790
   1.596
   1.420
   1.261
   1.108
   0.967
   0.841
   0.743
   0.662
   0.599
   0.561
   0.545
   0.543
   0.550
   0.565
   0.599
   0.648
   0.705
   0.764
   0.827
   0.882
   0.913
   0.916
   0.860
   0.000
   0.000
   0.666
   0.768
   0.870
   0.967
   1.050
   1.119
   1.182
   1.242
   1.300
   1.364
   1.425
   1.481
   1.527
   1.568
   1.612
   1.659
   1.708
   1.761
   1.814
   1.866
   1.922
   1.984
   2.041
   2.088
   2.118
   2.139
   2.150
   2.172
   2.204
   2.249
   2.294
   2.351
   2.410
   2.463
   2.503
   2.541
   2.557
   2.542
   2.505
   2.447
   2.360
   2.235
   2.077
   1.900
   1.720
   1.544
   1.372
   1.207
   1.041
   0.885
   0.766
   0.653
   0.555
   0.477
   0.435
   0.412
   0.403
   0.415
   0.452
   0.511
   0.582
   0.656
   0.737
   0.807
   0.856
   0.870
   0.832
   0.000
   0.000
   0.608
   0.687
   0.741
   0.819
   0.918
   1.009
   1.083
   1.145
   1.210
   1.276
   1.342
   1.400
   1.446
   1.486
   1.526
   1.571
   1.619
   1.668
   1.717
   1.767
   1.812
   1.862
   1.916
   1.961
   1.996
   2.025
   2.049
   2.077
   2.114
   2.163
   2.216
   2.274
   2.336
   2.396
   2.440
   2.468
   2.480
   2.466
   2.437
   2.392
   2.321
   2.225
   2.103
   1.954
   1.798
   1.632
   1.461
   1.294
   1.116
   0.945
   0.798
   0.656
   0.525
   0.414
   0.331
   0.281
   0.262
   0.272
   0.316
   0.386
   0.465
   0.553
   0.638
   0.716
   0.776
   0.806
   0.785
   0.000
   0.000
   0.549
   0.637
   0.669
   0.723
   0.798
   0.881
   0.964
   1.040
   1.106
   1.176
   1.242
   1.304
   1.353
   1.396
   1.439
   1.482
   1.527
   1.575
   1.621
   1.663
   1.700
   1.748
   1.796
   1.841
   1.882
   1.923
   1.953
   1.987
   2.025
   2.081
   2.134
   2.195
   2.261
   2.318
   2.360
   2.386
   2.385
   2.368
   2.344
   2.310
   2.261
   2.185
   2.085
   1.960
   1.820
   1.677
   1.517
   1.355
   1.186
   1.011
   0.854
   0.691
   0.537
   0.397
   0.286
   0.209
   0.181
   0.192
   0.238
   0.307
   0.386
   0.469
   0.554
   0.637
   0.701
   0.736
   0.723
   0.000
 -65.534
 -65.534
   0.556
   0.628
   0.652
   0.704
   0.773
   0.849
   0.922
   0.990
   1.057
   1.121
   1.179
   1.235
   1.285
   1.333
   1.380
   1.428
   1.473
   1.517
   1.556
   1.592
   1.634
   1.684
   1.731
   1.779
   1.824
   1.864
   1.900
   1.941
   1.991
   2.042
   2.109
   2.174
   2.226
   2.256
   2.275
   2.277
   2.259
   2.240
   2.213
   2.172
   2.115
   2.026
   1.918
   1.795
   1.671
   1.534
   1.388
   1.233
   1.070
   0.903
   0.740
   0.575
   0.428
   0.311
   0.228
   0.197
   0.208
   0.252
   0.316
   0.386
   0.473
   0.549
   0.623
   0.677
   0.705
   0.684
   0.000
 -65.534
 -65.534
 -65.534
   0.547
   0.613
   0.639
   0.689
   0.751
   0.813
   0.870
   0.928
   0.990
   1.044
   1.099
   1.153
   1.209
   1.261
   1.314
   1.360
   1.406
   1.445
   1.484
   1.528
   1.579
   1.631
   1.681
   1.734
   1.780
   1.819
   1.857
   1.901
   1.951
   2.007
   2.055
   2.090
   2.139
   2.164
   2.158
   2.150
   2.134
   2.111
   2.075
   2.021
   1.939
   1.839
   1.727
   1.617
   1.507
   1.384
   1.245
   1.098
   0.945
   0.789
   0.627
   0.480
   0.373
   0.309
   0.283
   0.301
   0.353
   0.418
   0.486
   0.554
   0.625
   0.687
   0.727
   0.751
   0.718
   0.000
 -65.534
 -65.534
 -65.534
 -65.534
   0.554
   0.600
   0.630
   0.668
   0.715
   0.763
   0.809
   0.855
   0.908
   0.961
   1.017
   1.077
   1.133
   1.188
   1.236
   1.279
   1.321
   1.365
   1.415
   1.471
   1.527
   1.583
   1.640
   1.691
   1.728
   1.762
   1.800
   1.838
   1.875
   1.910
   1.942
   1.985
   2.000
   2.031
   2.031
   2.014
   1.997
   1.962
   1.903
   1.825
   1.728
   1.631
   1.535
   1.440
   1.344
   1.224
   1.098
   0.962
   0.824
   0.687
   0.562
   0.468
   0.420
   0.406
   0.433
   0.490
   0.560
   0.632
   0.701
   0.766
   0.821
   0.862
   0.875
   0.827
   0.000
 -65.534
 -65.534
 -65.534
 -65.534
   0.504
   0.559
   0.586
   0.609
   0.636
   0.669
   0.707
   0.744
   0.781
   0.832
   0.890
   0.948
   1.006
   1.057
   1.099
   1.137
   1.180
   1.229
   1.280
   1.339
   1.398
   1.457
   1.517
   1.572
   1.612
   1.646
   1.677
   1.699
   1.724
   1.749
   1.773
   1.800
   1.822
   1.847
   1.841
   1.847
   1.838
   1.810
   1.760
   1.689
   1.602
   1.517
   1.435
   1.360
   1.280
   1.187
   1.082
   0.969
   0.864
   0.756
   0.667
   0.601
   0.569
   0.566
   0.594
   0.649
   0.715
   0.784
   0.849
   0.907
   0.951
   0.984
   0.989
   0.923
   0.000
 -65.534
 -65.534
 -65.534
 -65.534
   0.456
   0.511
   0.540
   0.562
   0.579
   0.601
   0.627
   0.656
   0.682
   0.716
   0.775
   0.833
   0.883
   0.924
   0.961
   0.994
   1.031
   1.072
   1.122
   1.173
   1.229
   1.288
   1.354
   1.413
   1.462
   1.501
   1.524
   1.538
   1.552
   1.564
   1.579
   1.594
   1.612
   1.625
   1.626
   1.629
   1.625
   1.604
   1.581
   1.531
   1.465
   1.395
   1.327
   1.263
   1.204
   1.137
   1.056
   0.974
   0.899
   0.830
   0.774
   0.733
   0.713
   0.719
   0.755
   0.803
   0.858
   0.915
   0.965
   1.008
   1.035
   1.056
   1.052
   0.977
   0.000
 -65.534
 -65.534
 -65.534
 -65.534
   0.384
   0.434
   0.467
   0.499
   0.534
   0.548
   0.570
   0.589
   0.608
   0.628
   0.667
   0.729
   0.773
   0.810
   0.838
   0.857
   0.880
   0.909
   0.942
   0.985
   1.034
   1.087
   1.150
   1.214
   1.270
   1.318
   1.349
   1.360
   1.363
   1.362
   1.362
   1.363
   1.368
   1.369
   1.370
   1.370
   1.366
   1.366
   1.363
   1.339
   1.306
   1.265
   1.215
   1.163
   1.119
   1.069
   1.016
   0.963
   0.915
   0.872
   0.833
   0.809
   0.809
   0.827
   0.862
   0.909
   0.956
   0.997
   1.025
   1.048
   1.065
   1.074
   1.072
   0.992
   0.000
 -65.534
 -65.534
 -65.534
 -65.534
 -65.534
 -65.534
 -65.534
 -65.534
   0.456
   0.492
   0.514
   0.536
   0.555
   0.568
   0.581
   0.623
   0.681
   0.709
   0.728
   0.745
   0.755
   0.765
   0.777
   0.804
   0.840
   0.888
   0.943
   1.003
   1.063
   1.113
   1.147
   1.157
   1.154
   1.144
   1.125
   1.108
   1.096
   1.083
   1.072
   1.072
   1.083
   1.104
   1.122
   1.133
   1.136
   1.115
   1.077
   1.041
   1.016
   0.986
   0.958
   0.930
   0.901
   0.874
   0.853
   0.846
   0.853
   0.878
   0.917
   0.960
   0.998
   1.025
   1.036
   1.047
   1.054
   1.057
   1.056
   0.978
   0.000
 -65.534
 -65.534
 -65.534
 -65.534
 -65.534
 -65.534
   0.279
   0.311
   0.392
   0.436
   0.459
   0.483
   0.505
   0.524
   0.536
   0.547
   0.567
   0.607
   0.648
   0.662
   0.663
   0.661
   0.663
   0.669
   0.679
   0.715
   0.761
   0.817
   0.875
   0.923
   0.947
   0.948
   0.935
   0.917
   0.892
   0.863
   0.835
   0.803
   0.777
   0.769
   0.786
   0.826
   0.873
   0.916
   0.941
   0.940
   0.923
   0.908
   0.889
   0.874
   0.865
   0.858
   0.851
   0.845
   0.844
   0.849
   0.863
   0.889
   0.930
   0.968
   0.995
   1.007
   1.010
   1.011
   1.014
   1.017
   1.012
   0.946
   0.000
 -65.534
 -65.534
 -65.534
 -65.534
 -65.534
 -65.534
 -65.534
 -65.534
 -65.534
   0.356
   0.383
   0.405
   0.426
   0.448
   0.474
   0.507
   0.518
   0.536
   0.553
   0.572
   0.591
   0.597
   0.595
   0.592
   0.597
   0.608
   0.634
   0.684
   0.729
   0.760
   0.774
   0.768
   0.754
   0.734
   0.699
   0.662
   0.617
   0.568
   0.524
   0.507
   0.526
   0.573
   0.628
   0.682
   0.724
   0.742
   0.743
   0.742
   0.735
   0.740
   0.754
   0.772
   0.787
   0.800
   0.812
   0.827
   0.846
   0.876
   0.912
   0.940
   0.955
   0.957
   0.955
   0.956
   0.959
   0.958
   0.956
   0.901
   0.000
 -65.534
 -65.534
 -65.534
 -65.534
 -65.534
 -65.534
 -65.534
 -65.534
 -65.534
 -65.534
 -65.534
 -65.534
 -65.534
 -65.534
 -65.534
   0.408
   0.448
   0.472
   0.496
   0.524
   0.529
   0.548
   0.565
   0.562
   0.559
   0.565
   0.581
   0.598
   0.624
   0.645
   0.649
   0.639
   0.620
   0.595
   0.568
   0.531
   0.482
   0.426
   0.391
   0.364
   0.359
   0.385
   0.427
   0.476
   0.520
   0.547
   0.560
   0.567
   0.579
   0.595
   0.620
   0.652
   0.683
   0.715
   0.747
   0.775
   0.804
   0.837
   0.865
   0.879
   0.879
   0.875
   0.872
   0.875
   0.880
   0.885
   0.886
   0.845
   0.000
 -65.534
 -65.534
 -65.534
 -65.534
 -65.534
 -65.534
 -65.534
 -65.534
 -65.534
 -65.534
 -65.534
 -65.534
 -65.534
 -65.534
 -65.534
 -65.534
 -65.534
 -65.534
 -65.534
   0.479
   0.500
   0.508
   0.527
   0.548
   0.547
   0.544
   0.552
   0.566
   0.578
   0.583
   0.584
   0.569
   0.550
   0.528
   0.507
   0.478
   0.442
   0.399
   0.359
   0.327
   0.308
   0.303
   0.321
   0.354
   0.386
   0.405
   0.419
   0.432
   0.449
   0.467
   0.497
   0.539
   0.585
   0.630
   0.676
   0.719
   0.757
   0.787
   0.807
   0.804
   0.790
   0.782
   0.780
   0.784
   0.793
   0.807
   0.820
   0.788
   0.000
 -65.534
 -65.534
 -65.534
 -65.534
 -65.534
 -65.534
 -65.534
 -65.534
 -65.534
 -65.534
 -65.534
 -65.534
 -65.534
 -65.534
 -65.534
 -65.534
 -65.534
 -65.534
   0.428
   0.478
   0.495
   0.501
   0.504
   0.515
   0.535
   0.546
   0.549
   0.555
   0.568
   0.572
   0.564
   0.550
   0.539
   0.526
   0.512
   0.492
   0.463
   0.426
   0.390
   0.356
   0.336
   0.328
   0.336
   0.353
   0.365
   0.365
   0.361
   0.360
   0.369
   0.391
   0.428
   0.478
   0.531
   0.581
   0.623
   0.661
   0.706
   0.738
   0.747
   0.734
   0.717
   0.705
   0.697
   0.700
   0.710
   0.725
   0.745
   0.716
   0.000
 -65.534
 -65.534
 -65.534
 -65.534
 -65.534
 -65.534
 -65.534
 -65.534
 -65.534
 -65.534
 -65.534
 -65.534
 -65.534
 -65.534
 -65.534
 -65.534
 -65.534
   0.442
   0.469
   0.487
   0.500
   0.507
   0.510
   0.506
   0.514
   0.541
   0.555
   0.560
   0.571
   0.580
   0.575
   0.560
   0.556
   0.552
   0.542
   0.524
   0.496
   0.465
   0.432
   0.403
   0.385
   0.386
   0.409
   0.439
   0.451
   0.440
   0.417
   0.404
   0.402
   0.408
   0.429
   0.464
   0.499
   0.539
   0.581
   0.628
   0.667
   0.692
   0.698
   0.684
   0.657
   0.632
   0.623
   0.625
   0.634
   0.651
   0.675
   0.663
   0.000
 -65.534
 -65.534
 -65.534
 -65.534
 -65.534
 -65.534
 -65.534
 -65.534
 -65.534
 -65.534
 -65.534
 -65.534
 -65.534
 -65.534
 -65.534
 -65.534
 -65.534
   0.469
   0.480
   0.486
   0.501
   0.511
   0.519
   0.516
   0.506
   0.524
   0.557
   0.563
   0.571
   0.582
   0.583
   0.571
   0.572
   0.573
   0.567
   0.553
   0.529
   0.499
   0.469
   0.446
   0.435
   0.442
   0.481
   0.529
   0.553
   0.544
   0.522
   0.509
   0.505
   0.504
   0.510
   0.513
   0.529
   0.555
   0.584
   0.618
   0.655
   0.674
   0.667
   0.645
   0.629
   0.611
   0.590
   0.602
   0.570
   0.572
   0.590
   0.579
   0.000
 -65.534
 -65.534
 -65.534
 -65.534
 -65.534
 -65.534
 -65.534
 -65.534
 -65.534
 -65.534
 -65.534
 -65.534
 -65.534
 -65.534
 -65.534
 -65.534
 -65.534
   0.461
   0.473
   0.476
   0.491
   0.504
   0.519
   0.524
   0.509
   0.505
   0.531
   0.556
   0.560
   0.570
   0.579
   0.571
   0.577
   0.580
   0.578
   0.567
   0.548
   0.525
   0.503
   0.488
   0.485
   0.500
   0.544
   0.599
   0.633
   0.637
   0.627
   0.621
   0.619
   0.620
   0.621
   0.618
   0.625
   0.633
   0.646
   0.665
   0.689
   0.698
   0.688
   0.667
   0.655
   0.614
   0.568
   0.570
   0.596
   0.607
   0.607
   0.574
   0.000
 -65.534
 -65.534
 -65.534
 -65.534
 -65.534
 -65.534
 -65.534
 -65.534
 -65.534
 -65.534
 -65.534
 -65.534
 -65.534
 -65.534
 -65.534
 -65.534
 -65.534
   0.434
   0.453
   0.464
   0.478
   0.496
   0.514
   0.524
   0.513
   0.498
   0.506
   0.535
   0.551
   0.562
   0.574
   0.569
   0.574
   0.576
   0.574
   0.568
   0.558
   0.547
   0.540
   0.539
   0.547
   0.573
   0.618
   0.668
   0.704
   0.721
   0.728
   0.732
   0.735
   0.735
   0.731
   0.723
   0.718
   0.712
   0.708
   0.713
   0.718
   0.729
   0.721
   0.709
   0.688
   0.674
   0.629
   0.615
   0.629
   0.632
   0.625
   0.563
   0.000
 -65.534
 -65.534
 -65.534
 -65.534
 -65.534
 -65.534
 -65.534
 -65.534
 -65.534
 -65.534
 -65.534
 -65.534
 -65.534
 -65.534
 -65.534
 -65.534
 -65.534
 -65.534
   0.420
   0.443
   0.463
   0.482
   0.501
   0.512
   0.506
   0.493
   0.498
   0.523
   0.546
   0.564
   0.580
   0.570
   0.570
   0.567
   0.563
   0.560
   0.558
   0.561
   0.571
   0.588
   0.615
   0.647
   0.693
   0.740
   0.779
   0.802
   0.817
   0.830
   0.842
   0.842
   0.837
   0.821
   0.806
   0.787
   0.772
   0.762
   0.765
   0.767
   0.762
   0.753
   0.735
   0.715
   0.694
   0.660
   0.645
   0.643
   0.628
   0.560
   0.000
 -65.534
 -65.534
 -65.534
 -65.534
 -65.534
 -65.534
 -65.534
 -65.534
 -65.534
 -65.534
 -65.534
 -65.534
 -65.534
 -65.534
 -65.534
 -65.534
 -65.534
 -65.534
 -65.534
   0.413
   0.442
   0.464
   0.481
   0.487
   0.483
   0.476
   0.489
   0.519
   0.548
   0.576
   0.581
   0.573
   0.567
   0.554
   0.548
   0.547
   0.549
   0.559
   0.584
   0.623
   0.653
   0.691
   0.743
   0.793
   0.836
   0.865
   0.884
   0.901
   0.916
   0.920
   0.925
   0.913
   0.897
   0.877
   0.857
   0.842
   0.834
   0.827
   0.822
   0.811
   0.792
   0.766
   0.736
   0.704
   0.659
   0.635
   0.617
   0.541
   0.000
 -65.534
 -65.534
 -65.534
 -65.534
 -65.534
 -65.534
 -65.534
 -65.534
 -65.534
 -65.534
 -65.534
 -65.534
 -65.534
 -65.534
 -65.534
 -65.534
 -65.534
 -65.534
 -65.534
 -65.534
   0.414
   0.438
   0.456
   0.462
   0.458
   0.460
   0.487
   0.520
   0.552
   0.579
   0.570
   0.561
   0.533
   0.497
   0.448
   0.358
 -65.534
 -65.534
 -65.534
 -65.534
   0.613
   0.693
   0.763
   0.827
   0.880
   0.913
   0.932
   0.950
   0.962
   0.971
   0.977
   0.970
   0.955
   0.935
   0.911
   0.894
   0.884
   0.879
   0.871
   0.862
   0.843
   0.816
   0.784
   0.740
   0.691
   0.635
   0.595
   0.515
   0.000
 -65.534
 -65.534
 -65.534
 -65.534
 -65.534
 -65.534
 -65.534
 -65.534
 -65.534
 -65.534
 -65.534
 -65.534
 -65.534
 -65.534
 -65.534
 -65.534
 -65.534
 -65.534
 -65.534
 -65.534
 -65.534
 -65.534
 -65.534
 -65.534
   0.413
   0.439
   0.483
   0.517
   0.548
   0.566
   0.555
   0.535
   0.499
   0.451
   0.392
   0.300
 -65.534
 -65.534
 -65.534
 -65.534
 -65.534
 -65.534
   0.734
   0.834
   0.895
   0.928
   0.942
   0.948
   0.955
   0.961
   0.969
   0.970
   0.962
   0.942
   0.923
   0.905
   0.893
   0.887
   0.885
   0.883
   0.877
   0.859
   0.829
   0.785
   0.731
   0.666
   0.594
   0.491
   0.000
 -65.534
 -65.534
 -65.534
 -65.534
 -65.534
 -65.534
 -65.534
 -65.534
 -65.534
 -65.534
 -65.534
 -65.534
 -65.534
 -65.534
 -65.534
 -65.534
 -65.534
 -65.534
 -65.534
 -65.534
 -65.534
 -65.534
 -65.534
 -65.534
   0.376
   0.402
   0.447
   0.486
   0.521
   0.533
   0.516
   0.497
   0.463
   0.421
   0.369
   0.294
 -65.534
 -65.534
 -65.534
 -65.534
 -65.534
 -65.534
 -65.534
   0.773
   0.847
   0.880
   0.892
   0.896
   0.906
   0.921
   0.932
   0.937
   0.931
   0.921
   0.905
   0.891
   0.881
   0.877
   0.878
   0.884
   0.881
   0.871
   0.850
   0.818
   0.767
   0.702
   0.624
   0.505
   0.000
 -65.534
 -65.534
 -65.534
 -65.534
 -65.534
 -65.534
 -65.534
 -65.534
 -65.534
 -65.534
 -65.534
 -65.534
 -65.534
 -65.534
 -65.534
 -65.534
 -65.534
 -65.534
 -65.534
 -65.534
 -65.534
 -65.534
 -65.534
 -65.534
 -65.534
 -65.534
 -65.534
 -65.534
 -65.534
   0.440
   0.440
   0.430
   0.426
   0.400
   0.361
   0.310
   0.174
 -65.534
 -65.534
 -65.534
 -65.534
 -65.534
 -65.534
   0.588
   0.577
 -65.534
   0.741
   0.783
   0.815
   0.848
   0.866
   0.876
   0.879
   0.876
   0.871
   0.861
   0.855
   0.854
   0.856
   0.862
   0.864
   0.857
   0.844
   0.823
   0.782
   0.722
   0.645
   0.519
   0.000
 -65.534
 -65.534
 -65.534
 -65.534
 -65.534
 -65.534
 -65.534
 -65.534
 -65.534
 -65.534
 -65.534
 -65.534
 -65.534
 -65.534
 -65.534
 -65.534
 -65.534
 -65.534
 -65.534
 -65.534
 -65.534
 -65.534
 -65.534
 -65.534
 -65.534
 -65.534
 -65.534
 -65.534
 -65.534
 -65.534
 -65.534
 -65.534
   0.357
   0.365
   0.342
   0.323
   0.208
   0.149
 -65.534
 -65.534
 -65.534
 -65.534
 -65.534
 -65.534
 -65.534
 -65.534
 -65.534
 -65.534
 -65.534
   0.675
   0.752
   0.786
   0.813
   0.812
   0.810
   0.807
   0.799
   0.800
   0.806
   0.815
   0.819
   0.817
   0.810
   0.795
   0.764
   0.715
   0.644
   0.521
   0.000
 -65.534
 -65.534
 -65.534
 -65.534
 -65.534
 -65.534
 -65.534
 -65.534
 -65.534
 -65.534
 -65.534
 -65.534
 -65.534
 -65.534
 -65.534
 -65.534
 -65.534
 -65.534
 -65.534
 -65.534
 -65.534
 -65.534
 -65.534
 -65.534
 -65.534
 -65.534
 -65.534
 -65.534
 -65.534
 -65.534
 -65.534
 -65.534
   0.255
   0.267
   0.262
   0.239
   0.209
   0.178
   0.142
   0.112
 -65.534
 -65.534
 -65.534
 -65.534
 -65.534
 -65.534
 -65.534
 -65.534
 -65.534
 -65.534
 -65.534
 -65.534
   0.638
   0.677
   0.694
   0.720
   0.722
   0.727
   0.737
   0.745
   0.750
   0.752
   0.750
   0.742
   0.717
   0.678
   0.618
   0.509
   0.000
 -65.534
 -65.534
 -65.534
 -65.534
 -65.534
 -65.534
 -65.534
 -65.534
 -65.534
 -65.534
 -65.534
 -65.534
 -65.534
 -65.534
 -65.534
 -65.534
 -65.534
 -65.534
 -65.534
 -65.534
 -65.534
 -65.534
 -65.534
 -65.534
 -65.534
 -65.534
 -65.534
 -65.534
 -65.534
 -65.534
 -65.534
 -65.534
 -65.534
 -65.534
 -65.534
 -65.534
   0.161
   0.168
   0.160
   0.145
   0.117
   0.099
   0.088
   0.077
   0.068
 -65.534
 -65.534
 -65.534
 -65.534
 -65.534
 -65.534
 -65.534
 -65.534
 -65.534
 -65.534
   0.579
   0.625
   0.644
   0.657
   0.666
   0.669
   0.672
   0.672
   0.670
   0.656
   0.625
   0.574
   0.477
   0.000
 -65.534
 -65.534
 -65.534
 -65.534
 -65.534
 -65.534
 -65.534
 -65.534
 -65.534
 -65.534
 -65.534
 -65.534
 -65.534
 -65.534
 -65.534
 -65.534
 -65.534
 -65.534
 -65.534
 -65.534
 -65.534
 -65.534
 -65.534
 -65.534
 -65.534
 -65.534
 -65.534
 -65.534
 -65.534
 -65.534
 -65.534
 -65.534
 -65.534
 -65.534
 -65.534
 -65.534
 -65.534
 -65.534
 -65.534
 -65.534
   0.097
 -65.534
 -65.534
 -65.534
 -65.534
 -65.534
 -65.534
 -65.534
 -65.534
 -65.534
 -65.534
 -65.534
 -65.534
 -65.534
 -65.534
   0.467
   0.518
   0.538
   0.555
   0.583
   0.583
   0.579
   0.578
   0.576
   0.570
   0.554
   0.518
   0.437
   0.000
 -65.534
 -65.534
 -65.534
 -65.534
 -65.534
 -65.534
 -65.534
 -65.534
 -65.534
 -65.534
 -65.534
 -65.534
 -65.534
 -65.534
 -65.534
 -65.534
 -65.534
 -65.534
 -65.534
 -65.534
 -65.534
 -65.534
 -65.534
 -65.534
 -65.534
 -65.534
 -65.534
 -65.534
 -65.534
 -65.534
 -65.534
 -65.534
 -65.534
 -65.534
 -65.534
 -65.534
 -65.534
 -65.534
 -65.534
 -65.534
 -65.534
 -65.534
 -65.534
 -65.534
 -65.534
 -65.534
 -65.534
 -65.534
 -65.534
 -65.534
 -65.534
 -65.534
 -65.534
 -65.534
 -65.534
 -65.534
 -65.534
 -65.534
 -65.534
   0.452
   0.469
   0.460
   0.449
   0.449
   0.453
   0.448
   0.426
   0.363
   0.000
 -65.534
 -65.534
 -65.534
 -65.534
 -65.534
 -65.534
 -65.534
 -65.534
 -65.534
 -65.534
 -65.534
 -65.534
 -65.534
 -65.534
 -65.534
 -65.534
 -65.534
 -65.534
 -65.534
 -65.534
 -65.534
 -65.534
 -65.534
 -65.534
 -65.534
 -65.534
 -65.534
 -65.534
 -65.534
 -65.534
 -65.534
 -65.534
 -65.534
 -65.534
 -65.534
 -65.534
 -65.534
 -65.534
 -65.534
 -65.534
 -65.534
 -65.534
 -65.534
 -65.534
 -65.534
 -65.534
 -65.534
 -65.534
 -65.534
 -65.534
 -65.534
 -65.534
 -65.534
 -65.534
 -65.534
 -65.534
 -65.534
 -65.534
 -65.534
 -65.534
 -65.534
   0.000
   0.000
   0.000
   0.000
   0.000
   0.000
   0.000
 -65.534
