 -65.534
   0.000
   0.000
   0.000
   0.000
   0.000
   0.000
   0.000
   0.000
   0.000
   0.000
   0.000
   0.000
   0.000
   0.000
   0.000
   0.000
   0.000
   0.000
   0.000
   0.000
   0.000
   0.000
   0.000
   0.000
   0.000
   0.000
   0.000
   0.000
   0.000
   0.000
   0.000
   0.000
   0.000
   0.000
   0.000
   0.000
   0.000
   0.000
   0.000
   0.000
   0.000
   0.000
   0.000
   0.000
   0.000
   0.000
   0.000
   0.000
   0.000
   0.000
   0.000
   0.000
   0.000
   0.000
   0.000
   0.000
   0.000
   0.000
   0.000
   0.000
   0.000
   0.000
   0.000
   0.000
   0.000
   0.000
   0.000
 -65.534
   0.000
   1.010
   1.094
   1.126
   1.163
   1.210
   1.260
   1.304
   1.339
   1.358
   1.361
   1.351
   1.329
   1.305
   1.279
   1.249
   1.226
   1.220
   1.232
   1.251
   1.275
   1.303
   1.332
   1.358
   1.389
   1.422
   1.452
   1.482
   1.509
   1.534
   1.554
   1.584
   1.615
   1.646
   1.677
   1.694
   1.698
   1.682
   1.649
   1.608
   1.565
   1.522
   1.484
   1.450
   1.426
   1.399
   1.370
   1.334
   1.311
   1.301
   1.304
   1.317
   1.336
   1.365
   1.408
   1.443
   1.472
   1.494
   1.511
   1.528
   1.544
   1.556
   1.565
   1.566
   1.560
   1.558
   1.556
   1.514
   0.000
   0.000
   1.108
   1.186
   1.212
   1.248
   1.293
   1.349
   1.402
   1.450
   1.488
   1.507
   1.509
   1.493
   1.467
   1.430
   1.396
   1.367
   1.355
   1.358
   1.373
   1.396
   1.425
   1.460
   1.497
   1.536
   1.570
   1.599
   1.627
   1.651
   1.673
   1.700
   1.732
   1.777
   1.829
   1.882
   1.922
   1.944
   1.942
   1.913
   1.875
   1.837
   1.795
   1.749
   1.707
   1.671
   1.640
   1.608
   1.579
   1.554
   1.543
   1.545
   1.555
   1.578
   1.608
   1.642
   1.679
   1.718
   1.753
   1.783
   1.811
   1.838
   1.854
   1.861
   1.863
   1.859
   1.852
   1.849
   1.799
   0.000
   0.000
   1.117
   1.199
   1.227
   1.260
   1.293
   1.339
   1.395
   1.447
   1.491
   1.524
   1.538
   1.538
   1.522
   1.495
   1.463
   1.437
   1.423
   1.425
   1.439
   1.461
   1.492
   1.532
   1.575
   1.614
   1.642
   1.664
   1.678
   1.689
   1.702
   1.725
   1.759
   1.806
   1.869
   1.934
   1.993
   2.034
   2.044
   2.030
   2.003
   1.971
   1.931
   1.887
   1.840
   1.796
   1.759
   1.731
   1.705
   1.685
   1.678
   1.675
   1.684
   1.701
   1.725
   1.752
   1.787
   1.825
   1.863
   1.901
   1.935
   1.965
   1.985
   1.996
   1.999
   1.998
   1.993
   1.987
   1.926
   0.000
   0.000
   1.118
   1.202
   1.232
   1.265
   1.293
   1.324
   1.368
   1.414
   1.464
   1.504
   1.530
   1.544
   1.544
   1.530
   1.510
   1.494
   1.492
   1.499
   1.513
   1.535
   1.562
   1.599
   1.641
   1.676
   1.700
   1.714
   1.714
   1.708
   1.712
   1.733
   1.767
   1.814
   1.880
   1.956
   2.023
   2.073
   2.096
   2.092
   2.079
   2.057
   2.028
   1.989
   1.944
   1.901
   1.866
   1.838
   1.815
   1.801
   1.792
   1.793
   1.799
   1.810
   1.826
   1.847
   1.875
   1.908
   1.941
   1.973
   2.003
   2.031
   2.053
   2.066
   2.072
   2.075
   2.073
   2.068
   2.004
   0.000
   0.000
   1.112
   1.192
   1.224
   1.259
   1.286
   1.312
   1.340
   1.378
   1.424
   1.466
   1.500
   1.524
   1.534
   1.535
   1.531
   1.530
   1.538
   1.553
   1.569
   1.589
   1.614
   1.651
   1.686
   1.717
   1.735
   1.741
   1.727
   1.707
   1.705
   1.722
   1.754
   1.801
   1.869
   1.944
   2.014
   2.066
   2.102
   2.110
   2.106
   2.096
   2.081
   2.057
   2.025
   1.987
   1.953
   1.925
   1.909
   1.897
   1.890
   1.890
   1.895
   1.903
   1.916
   1.935
   1.955
   1.980
   2.006
   2.026
   2.045
   2.064
   2.079
   2.088
   2.097
   2.102
   2.106
   2.103
   2.042
   0.000
   0.000
   1.107
   1.179
   1.209
   1.242
   1.272
   1.297
   1.321
   1.349
   1.386
   1.428
   1.462
   1.492
   1.512
   1.523
   1.534
   1.548
   1.563
   1.580
   1.600
   1.618
   1.644
   1.676
   1.708
   1.731
   1.739
   1.735
   1.713
   1.686
   1.678
   1.698
   1.726
   1.771
   1.831
   1.902
   1.973
   2.032
   2.071
   2.091
   2.100
   2.103
   2.103
   2.094
   2.072
   2.043
   2.017
   1.993
   1.980
   1.970
   1.964
   1.965
   1.973
   1.981
   1.994
   2.010
   2.027
   2.045
   2.061
   2.070
   2.078
   2.084
   2.084
   2.085
   2.085
   2.092
   2.097
   2.102
   2.047
   0.000
   0.000
   1.102
   1.166
   1.191
   1.223
   1.254
   1.279
   1.301
   1.328
   1.358
   1.392
   1.427
   1.457
   1.485
   1.504
   1.526
   1.548
   1.569
   1.589
   1.607
   1.627
   1.646
   1.673
   1.699
   1.713
   1.710
   1.699
   1.670
   1.640
   1.633
   1.653
   1.683
   1.727
   1.783
   1.855
   1.917
   1.977
   2.020
   2.049
   2.067
   2.081
   2.092
   2.095
   2.092
   2.073
   2.049
   2.031
   2.018
   2.009
   2.009
   2.013
   2.022
   2.034
   2.050
   2.070
   2.086
   2.100
   2.108
   2.107
   2.102
   2.094
   2.079
   2.065
   2.054
   2.054
   2.061
   2.069
   2.021
   0.000
   0.000
   1.085
   1.154
   1.176
   1.206
   1.233
   1.259
   1.280
   1.305
   1.333
   1.363
   1.394
   1.424
   1.454
   1.482
   1.508
   1.533
   1.558
   1.579
   1.600
   1.619
   1.635
   1.656
   1.676
   1.681
   1.666
   1.642
   1.609
   1.582
   1.577
   1.601
   1.638
   1.684
   1.745
   1.811
   1.871
   1.925
   1.964
   1.994
   2.020
   2.041
   2.060
   2.075
   2.080
   2.079
   2.067
   2.048
   2.037
   2.031
   2.030
   2.038
   2.052
   2.071
   2.093
   2.114
   2.133
   2.141
   2.142
   2.130
   2.116
   2.095
   2.067
   2.037
   2.015
   2.006
   2.006
   2.013
   1.970
   0.000
   0.000
   1.057
   1.133
   1.161
   1.189
   1.211
   1.234
   1.259
   1.284
   1.309
   1.335
   1.362
   1.394
   1.423
   1.457
   1.485
   1.513
   1.539
   1.562
   1.584
   1.605
   1.623
   1.637
   1.648
   1.640
   1.615
   1.585
   1.551
   1.527
   1.529
   1.560
   1.599
   1.651
   1.720
   1.788
   1.847
   1.897
   1.935
   1.961
   1.985
   2.007
   2.028
   2.044
   2.060
   2.067
   2.066
   2.055
   2.045
   2.042
   2.043
   2.056
   2.075
   2.097
   2.123
   2.145
   2.160
   2.165
   2.155
   2.132
   2.108
   2.078
   2.042
   2.002
   1.969
   1.949
   1.943
   1.950
   1.908
   0.000
   0.000
   1.020
   1.108
   1.144
   1.174
   1.193
   1.213
   1.237
   1.262
   1.285
   1.311
   1.336
   1.366
   1.399
   1.431
   1.462
   1.490
   1.517
   1.540
   1.562
   1.582
   1.601
   1.615
   1.619
   1.605
   1.577
   1.544
   1.509
   1.493
   1.504
   1.534
   1.580
   1.635
   1.708
   1.780
   1.841
   1.894
   1.930
   1.954
   1.971
   1.987
   2.002
   2.016
   2.036
   2.045
   2.052
   2.052
   2.046
   2.046
   2.054
   2.069
   2.086
   2.110
   2.132
   2.152
   2.158
   2.151
   2.130
   2.101
   2.069
   2.034
   1.993
   1.949
   1.912
   1.887
   1.880
   1.886
   1.849
   0.000
   0.000
   0.983
   1.081
   1.128
   1.162
   1.178
   1.193
   1.213
   1.236
   1.259
   1.285
   1.313
   1.346
   1.378
   1.411
   1.444
   1.471
   1.491
   1.512
   1.533
   1.556
   1.573
   1.589
   1.596
   1.586
   1.565
   1.537
   1.507
   1.497
   1.508
   1.542
   1.586
   1.643
   1.715
   1.788
   1.853
   1.905
   1.945
   1.965
   1.978
   1.985
   1.988
   1.997
   2.009
   2.020
   2.030
   2.036
   2.038
   2.043
   2.056
   2.072
   2.093
   2.111
   2.129
   2.137
   2.132
   2.113
   2.084
   2.047
   2.012
   1.973
   1.932
   1.888
   1.853
   1.831
   1.827
   1.835
   1.799
   0.000
   0.000
   0.936
   1.059
   1.103
   1.139
   1.155
   1.171
   1.185
   1.204
   1.225
   1.251
   1.282
   1.318
   1.354
   1.390
   1.420
   1.444
   1.464
   1.481
   1.502
   1.525
   1.548
   1.570
   1.589
   1.590
   1.581
   1.562
   1.542
   1.532
   1.541
   1.573
   1.612
   1.666
   1.734
   1.805
   1.866
   1.918
   1.955
   1.974
   1.983
   1.986
   1.982
   1.981
   1.986
   1.992
   1.999
   2.011
   2.019
   2.030
   2.045
   2.067
   2.086
   2.103
   2.109
   2.105
   2.084
   2.056
   2.019
   1.983
   1.945
   1.905
   1.863
   1.826
   1.798
   1.786
   1.789
   1.802
   1.764
   0.000
 -65.534
 -65.534
   0.968
   1.058
   1.088
   1.113
   1.130
   1.147
   1.163
   1.184
   1.210
   1.241
   1.274
   1.312
   1.346
   1.377
   1.402
   1.421
   1.439
   1.461
   1.490
   1.521
   1.551
   1.581
   1.596
   1.604
   1.600
   1.589
   1.576
   1.584
   1.608
   1.639
   1.690
   1.755
   1.816
   1.869
   1.914
   1.947
   1.965
   1.974
   1.973
   1.965
   1.958
   1.956
   1.960
   1.963
   1.974
   1.986
   2.001
   2.022
   2.045
   2.063
   2.071
   2.067
   2.050
   2.021
   1.987
   1.950
   1.913
   1.875
   1.834
   1.792
   1.762
   1.746
   1.746
   1.761
   1.775
   1.736
   0.000
 -65.534
 -65.534
 -65.534
   0.936
   1.013
   1.049
   1.078
   1.100
   1.116
   1.134
   1.158
   1.186
   1.216
   1.249
   1.281
   1.314
   1.340
   1.361
   1.383
   1.412
   1.443
   1.481
   1.521
   1.561
   1.592
   1.614
   1.626
   1.627
   1.618
   1.620
   1.634
   1.662
   1.704
   1.750
   1.792
   1.856
   1.899
   1.924
   1.940
   1.945
   1.944
   1.935
   1.923
   1.917
   1.915
   1.916
   1.925
   1.939
   1.960
   1.982
   2.007
   2.021
   2.022
   2.009
   1.982
   1.950
   1.914
   1.878
   1.840
   1.801
   1.759
   1.723
   1.698
   1.694
   1.708
   1.730
   1.750
   1.708
   0.000
 -65.534
 -65.534
 -65.534
 -65.534
   0.892
   0.972
   1.013
   1.037
   1.055
   1.075
   1.099
   1.123
   1.150
   1.178
   1.207
   1.237
   1.264
   1.288
   1.313
   1.344
   1.378
   1.420
   1.467
   1.514
   1.559
   1.597
   1.623
   1.634
   1.634
   1.634
   1.641
   1.658
   1.684
   1.719
   1.757
   1.805
   1.833
   1.880
   1.895
   1.898
   1.895
   1.886
   1.874
   1.862
   1.853
   1.851
   1.859
   1.874
   1.896
   1.921
   1.945
   1.954
   1.948
   1.932
   1.905
   1.873
   1.841
   1.806
   1.771
   1.734
   1.692
   1.657
   1.641
   1.645
   1.668
   1.696
   1.721
   1.679
   0.000
 -65.534
 -65.534
 -65.534
 -65.534
   0.807
   0.892
   0.935
   0.962
   0.983
   1.006
   1.034
   1.061
   1.085
   1.111
   1.138
   1.163
   1.186
   1.210
   1.236
   1.263
   1.297
   1.338
   1.386
   1.436
   1.487
   1.532
   1.570
   1.592
   1.601
   1.607
   1.612
   1.620
   1.637
   1.662
   1.693
   1.726
   1.760
   1.796
   1.804
   1.823
   1.819
   1.807
   1.793
   1.778
   1.766
   1.759
   1.763
   1.778
   1.797
   1.820
   1.843
   1.853
   1.851
   1.837
   1.816
   1.791
   1.764
   1.735
   1.706
   1.669
   1.632
   1.604
   1.592
   1.602
   1.625
   1.652
   1.677
   1.637
   0.000
 -65.534
 -65.534
 -65.534
 -65.534
   0.746
   0.825
   0.866
   0.890
   0.912
   0.942
   0.976
   1.006
   1.031
   1.055
   1.077
   1.098
   1.116
   1.134
   1.156
   1.183
   1.211
   1.246
   1.286
   1.332
   1.378
   1.423
   1.465
   1.496
   1.516
   1.530
   1.537
   1.542
   1.554
   1.576
   1.602
   1.631
   1.661
   1.685
   1.695
   1.704
   1.705
   1.692
   1.675
   1.659
   1.640
   1.631
   1.634
   1.648
   1.665
   1.688
   1.709
   1.725
   1.730
   1.724
   1.712
   1.696
   1.678
   1.658
   1.634
   1.607
   1.579
   1.558
   1.551
   1.559
   1.576
   1.601
   1.623
   1.586
   0.000
 -65.534
 -65.534
 -65.534
 -65.534
   0.673
   0.744
   0.789
   0.820
   0.856
   0.884
   0.919
   0.950
   0.979
   1.003
   1.024
   1.038
   1.052
   1.069
   1.087
   1.107
   1.128
   1.152
   1.183
   1.218
   1.256
   1.293
   1.331
   1.364
   1.390
   1.409
   1.420
   1.426
   1.440
   1.458
   1.482
   1.507
   1.533
   1.548
   1.556
   1.552
   1.547
   1.532
   1.515
   1.497
   1.481
   1.474
   1.477
   1.490
   1.507
   1.530
   1.553
   1.573
   1.585
   1.589
   1.587
   1.582
   1.574
   1.565
   1.552
   1.537
   1.524
   1.516
   1.512
   1.520
   1.533
   1.555
   1.573
   1.535
   0.000
 -65.534
 -65.534
 -65.534
 -65.534
 -65.534
 -65.534
 -65.534
 -65.534
   0.731
   0.807
   0.852
   0.888
   0.919
   0.949
   0.969
   0.985
   1.000
   1.014
   1.032
   1.047
   1.060
   1.073
   1.089
   1.112
   1.141
   1.170
   1.201
   1.228
   1.250
   1.266
   1.276
   1.282
   1.294
   1.312
   1.329
   1.350
   1.369
   1.382
   1.383
   1.375
   1.362
   1.345
   1.328
   1.311
   1.299
   1.296
   1.304
   1.318
   1.340
   1.363
   1.387
   1.411
   1.429
   1.439
   1.444
   1.451
   1.454
   1.456
   1.455
   1.456
   1.462
   1.469
   1.476
   1.486
   1.501
   1.520
   1.536
   1.496
   0.000
 -65.534
 -65.534
 -65.534
 -65.534
 -65.534
 -65.534
   0.320
   0.426
   0.640
   0.726
   0.780
   0.823
   0.861
   0.893
   0.919
   0.940
   0.959
   0.977
   0.991
   1.001
   1.009
   1.014
   1.020
   1.029
   1.044
   1.066
   1.089
   1.109
   1.126
   1.136
   1.139
   1.141
   1.147
   1.157
   1.168
   1.181
   1.194
   1.198
   1.196
   1.184
   1.168
   1.147
   1.129
   1.119
   1.114
   1.117
   1.132
   1.150
   1.173
   1.197
   1.224
   1.248
   1.267
   1.284
   1.297
   1.310
   1.323
   1.338
   1.349
   1.365
   1.386
   1.409
   1.430
   1.447
   1.467
   1.485
   1.501
   1.454
   0.000
 -65.534
 -65.534
 -65.534
 -65.534
 -65.534
 -65.534
 -65.534
 -65.534
 -65.534
   0.608
   0.679
   0.735
   0.782
   0.824
   0.864
   0.906
   0.933
   0.953
   0.964
   0.968
   0.972
   0.972
   0.975
   0.979
   0.987
   0.997
   1.008
   1.025
   1.033
   1.038
   1.037
   1.032
   1.030
   1.029
   1.027
   1.027
   1.026
   1.024
   1.015
   1.003
   0.986
   0.965
   0.947
   0.940
   0.940
   0.954
   0.974
   1.000
   1.023
   1.048
   1.073
   1.098
   1.120
   1.138
   1.156
   1.174
   1.197
   1.217
   1.241
   1.266
   1.298
   1.331
   1.361
   1.384
   1.406
   1.428
   1.443
   1.392
   0.000
 -65.534
 -65.534
 -65.534
 -65.534
 -65.534
 -65.534
 -65.534
 -65.534
 -65.534
 -65.534
 -65.534
 -65.534
 -65.534
 -65.534
 -65.534
   0.766
   0.860
   0.903
   0.923
   0.933
   0.941
   0.948
   0.955
   0.962
   0.966
   0.968
   0.972
   0.978
   0.980
   0.980
   0.971
   0.960
   0.948
   0.936
   0.924
   0.914
   0.902
   0.887
   0.873
   0.858
   0.839
   0.820
   0.805
   0.796
   0.800
   0.817
   0.843
   0.875
   0.900
   0.925
   0.951
   0.973
   0.996
   1.016
   1.036
   1.056
   1.077
   1.102
   1.130
   1.161
   1.199
   1.234
   1.268
   1.294
   1.318
   1.338
   1.354
   1.298
   0.000
 -65.534
 -65.534
 -65.534
 -65.534
 -65.534
 -65.534
 -65.534
 -65.534
 -65.534
 -65.534
 -65.534
 -65.534
 -65.534
 -65.534
 -65.534
 -65.534
 -65.534
 -65.534
 -65.534
   0.780
   0.875
   0.919
   0.949
   0.969
   0.973
   0.974
   0.972
   0.971
   0.968
   0.958
   0.945
   0.925
   0.905
   0.885
   0.868
   0.848
   0.829
   0.809
   0.787
   0.766
   0.750
   0.734
   0.721
   0.713
   0.711
   0.722
   0.745
   0.778
   0.807
   0.834
   0.859
   0.883
   0.906
   0.925
   0.940
   0.956
   0.973
   0.996
   1.023
   1.055
   1.091
   1.127
   1.159
   1.190
   1.213
   1.235
   1.250
   1.195
   0.000
 -65.534
 -65.534
 -65.534
 -65.534
 -65.534
 -65.534
 -65.534
 -65.534
 -65.534
 -65.534
 -65.534
 -65.534
 -65.534
 -65.534
 -65.534
 -65.534
 -65.534
 -65.534
   0.495
   0.774
   0.857
   0.916
   0.962
   0.992
   1.005
   1.004
   1.002
   0.996
   0.988
   0.976
   0.956
   0.931
   0.905
   0.880
   0.856
   0.835
   0.814
   0.792
   0.767
   0.744
   0.725
   0.712
   0.701
   0.692
   0.683
   0.673
   0.678
   0.701
   0.735
   0.764
   0.793
   0.820
   0.841
   0.856
   0.865
   0.872
   0.884
   0.900
   0.924
   0.953
   0.986
   1.020
   1.051
   1.082
   1.108
   1.131
   1.147
   1.092
   0.000
 -65.534
 -65.534
 -65.534
 -65.534
 -65.534
 -65.534
 -65.534
 -65.534
 -65.534
 -65.534
 -65.534
 -65.534
 -65.534
 -65.534
 -65.534
 -65.534
 -65.534
   0.480
   0.690
   0.819
   0.884
   0.938
   0.988
   1.028
   1.044
   1.044
   1.041
   1.037
   1.030
   1.020
   1.001
   0.975
   0.945
   0.914
   0.886
   0.861
   0.837
   0.812
   0.786
   0.762
   0.743
   0.730
   0.724
   0.723
   0.716
   0.695
   0.672
   0.669
   0.685
   0.712
   0.741
   0.769
   0.788
   0.799
   0.804
   0.809
   0.815
   0.828
   0.844
   0.869
   0.896
   0.925
   0.957
   0.988
   1.015
   1.038
   1.054
   0.999
   0.000
 -65.534
 -65.534
 -65.534
 -65.534
 -65.534
 -65.534
 -65.534
 -65.534
 -65.534
 -65.534
 -65.534
 -65.534
 -65.534
 -65.534
 -65.534
 -65.534
 -65.534
   0.657
   0.790
   0.867
   0.921
   0.969
   1.022
   1.065
   1.082
   1.083
   1.081
   1.080
   1.075
   1.070
   1.056
   1.033
   1.003
   0.971
   0.939
   0.907
   0.878
   0.849
   0.820
   0.795
   0.776
   0.766
   0.766
   0.772
   0.768
   0.745
   0.711
   0.686
   0.680
   0.689
   0.708
   0.733
   0.750
   0.759
   0.763
   0.764
   0.768
   0.775
   0.787
   0.805
   0.827
   0.854
   0.880
   0.908
   0.932
   0.955
   0.969
   0.915
   0.000
 -65.534
 -65.534
 -65.534
 -65.534
 -65.534
 -65.534
 -65.534
 -65.534
 -65.534
 -65.534
 -65.534
 -65.534
 -65.534
 -65.534
 -65.534
 -65.534
 -65.534
   0.738
   0.845
   0.905
   0.952
   1.004
   1.060
   1.100
   1.116
   1.113
   1.111
   1.111
   1.111
   1.110
   1.103
   1.086
   1.062
   1.034
   1.000
   0.966
   0.931
   0.895
   0.864
   0.835
   0.816
   0.805
   0.805
   0.809
   0.803
   0.783
   0.749
   0.720
   0.702
   0.698
   0.701
   0.715
   0.728
   0.738
   0.741
   0.743
   0.745
   0.750
   0.759
   0.767
   0.779
   0.797
   0.817
   0.838
   0.855
   0.874
   0.881
   0.833
   0.000
 -65.534
 -65.534
 -65.534
 -65.534
 -65.534
 -65.534
 -65.534
 -65.534
 -65.534
 -65.534
 -65.534
 -65.534
 -65.534
 -65.534
 -65.534
 -65.534
 -65.534
   0.807
   0.880
   0.939
   0.990
   1.045
   1.101
   1.142
   1.153
   1.152
   1.149
   1.147
   1.148
   1.150
   1.150
   1.139
   1.121
   1.097
   1.067
   1.032
   0.994
   0.956
   0.920
   0.888
   0.866
   0.854
   0.846
   0.840
   0.830
   0.812
   0.785
   0.754
   0.733
   0.721
   0.720
   0.725
   0.728
   0.732
   0.736
   0.738
   0.738
   0.737
   0.740
   0.743
   0.749
   0.755
   0.763
   0.776
   0.787
   0.797
   0.802
   0.755
   0.000
 -65.534
 -65.534
 -65.534
 -65.534
 -65.534
 -65.534
 -65.534
 -65.534
 -65.534
 -65.534
 -65.534
 -65.534
 -65.534
 -65.534
 -65.534
 -65.534
 -65.534
 -65.534
   0.900
   0.966
   1.031
   1.094
   1.149
   1.183
   1.189
   1.187
   1.186
   1.186
   1.190
   1.200
   1.204
   1.196
   1.184
   1.164
   1.139
   1.107
   1.066
   1.025
   0.987
   0.953
   0.925
   0.903
   0.887
   0.876
   0.863
   0.847
   0.823
   0.796
   0.772
   0.754
   0.746
   0.742
   0.742
   0.745
   0.744
   0.742
   0.739
   0.736
   0.732
   0.731
   0.728
   0.729
   0.728
   0.729
   0.733
   0.732
   0.728
   0.680
   0.000
 -65.534
 -65.534
 -65.534
 -65.534
 -65.534
 -65.534
 -65.534
 -65.534
 -65.534
 -65.534
 -65.534
 -65.534
 -65.534
 -65.534
 -65.534
 -65.534
 -65.534
 -65.534
 -65.534
   0.979
   1.067
   1.138
   1.183
   1.205
   1.208
   1.208
   1.210
   1.218
   1.232
   1.253
   1.270
   1.271
   1.258
   1.240
   1.220
   1.195
   1.167
   1.122
   1.075
   1.029
   0.977
   0.937
   0.912
   0.901
   0.898
   0.889
   0.873
   0.850
   0.828
   0.809
   0.792
   0.781
   0.771
   0.764
   0.758
   0.753
   0.747
   0.741
   0.737
   0.730
   0.724
   0.718
   0.711
   0.703
   0.694
   0.683
   0.667
   0.606
   0.000
 -65.534
 -65.534
 -65.534
 -65.534
 -65.534
 -65.534
 -65.534
 -65.534
 -65.534
 -65.534
 -65.534
 -65.534
 -65.534
 -65.534
 -65.534
 -65.534
 -65.534
 -65.534
 -65.534
 -65.534
   1.062
   1.146
   1.197
   1.218
   1.229
   1.230
   1.236
   1.253
   1.278
   1.314
   1.344
   1.352
   1.336
   1.312
   1.282
   1.211
 -65.534
 -65.534
 -65.534
 -65.534
   0.762
   0.838
   0.876
   0.905
   0.933
   0.946
   0.937
   0.919
   0.897
   0.878
   0.862
   0.845
   0.827
   0.810
   0.794
   0.781
   0.769
   0.761
   0.749
   0.739
   0.729
   0.718
   0.704
   0.686
   0.668
   0.645
   0.619
   0.547
   0.000
 -65.534
 -65.534
 -65.534
 -65.534
 -65.534
 -65.534
 -65.534
 -65.534
 -65.534
 -65.534
 -65.534
 -65.534
 -65.534
 -65.534
 -65.534
 -65.534
 -65.534
 -65.534
 -65.534
 -65.534
 -65.534
 -65.534
 -65.534
 -65.534
   1.125
   1.212
   1.252
   1.284
   1.323
   1.367
   1.403
   1.411
   1.394
   1.362
   1.321
   1.227
 -65.534
 -65.534
 -65.534
 -65.534
 -65.534
 -65.534
   0.790
   0.895
   0.967
   0.998
   1.000
   0.988
   0.973
   0.956
   0.939
   0.916
   0.893
   0.871
   0.851
   0.830
   0.811
   0.793
   0.775
   0.757
   0.739
   0.721
   0.700
   0.672
   0.642
   0.614
   0.574
   0.496
   0.000
 -65.534
 -65.534
 -65.534
 -65.534
 -65.534
 -65.534
 -65.534
 -65.534
 -65.534
 -65.534
 -65.534
 -65.534
 -65.534
 -65.534
 -65.534
 -65.534
 -65.534
 -65.534
 -65.534
 -65.534
 -65.534
 -65.534
 -65.534
 -65.534
   1.061
   1.165
   1.227
   1.280
   1.336
   1.391
   1.422
   1.425
   1.409
   1.383
   1.342
   1.245
 -65.534
 -65.534
 -65.534
 -65.534
 -65.534
 -65.534
 -65.534
   0.866
   0.989
   1.049
   1.057
   1.050
   1.038
   1.022
   1.004
   0.981
   0.957
   0.933
   0.910
   0.890
   0.868
   0.843
   0.817
   0.790
   0.764
   0.736
   0.704
   0.667
   0.626
   0.582
   0.536
   0.450
   0.000
 -65.534
 -65.534
 -65.534
 -65.534
 -65.534
 -65.534
 -65.534
 -65.534
 -65.534
 -65.534
 -65.534
 -65.534
 -65.534
 -65.534
 -65.534
 -65.534
 -65.534
 -65.534
 -65.534
 -65.534
 -65.534
 -65.534
 -65.534
 -65.534
 -65.534
 -65.534
 -65.534
 -65.534
 -65.534
   1.173
   1.301
   1.345
   1.376
   1.367
   1.330
   1.252
   0.829
 -65.534
 -65.534
 -65.534
 -65.534
 -65.534
 -65.534
   0.838
   0.951
 -65.534
   0.948
   1.035
   1.058
   1.067
   1.055
   1.036
   1.010
   0.988
   0.968
   0.951
   0.932
   0.905
   0.872
   0.836
   0.798
   0.759
   0.714
   0.664
   0.611
   0.556
   0.502
   0.410
   0.000
 -65.534
 -65.534
 -65.534
 -65.534
 -65.534
 -65.534
 -65.534
 -65.534
 -65.534
 -65.534
 -65.534
 -65.534
 -65.534
 -65.534
 -65.534
 -65.534
 -65.534
 -65.534
 -65.534
 -65.534
 -65.534
 -65.534
 -65.534
 -65.534
 -65.534
 -65.534
 -65.534
 -65.534
 -65.534
 -65.534
 -65.534
 -65.534
   1.143
   1.264
   1.273
   1.206
   1.001
   0.703
 -65.534
 -65.534
 -65.534
 -65.534
 -65.534
 -65.534
 -65.534
 -65.534
 -65.534
 -65.534
 -65.534
   0.900
   1.007
   1.034
   1.041
   1.027
   1.011
   0.992
   0.971
   0.943
   0.906
   0.867
   0.822
   0.775
   0.722
   0.665
   0.608
   0.548
   0.486
   0.394
   0.000
 -65.534
 -65.534
 -65.534
 -65.534
 -65.534
 -65.534
 -65.534
 -65.534
 -65.534
 -65.534
 -65.534
 -65.534
 -65.534
 -65.534
 -65.534
 -65.534
 -65.534
 -65.534
 -65.534
 -65.534
 -65.534
 -65.534
 -65.534
 -65.534
 -65.534
 -65.534
 -65.534
 -65.534
 -65.534
 -65.534
 -65.534
 -65.534
   0.971
   1.107
   1.145
   1.100
   0.995
   0.845
   0.656
   0.514
 -65.534
 -65.534
 -65.534
 -65.534
 -65.534
 -65.534
 -65.534
 -65.534
 -65.534
 -65.534
 -65.534
 -65.534
   0.857
   0.953
   0.979
   0.985
   0.970
   0.941
   0.907
   0.870
   0.827
   0.780
   0.729
   0.674
   0.618
   0.561
   0.503
   0.412
   0.000
 -65.534
 -65.534
 -65.534
 -65.534
 -65.534
 -65.534
 -65.534
 -65.534
 -65.534
 -65.534
 -65.534
 -65.534
 -65.534
 -65.534
 -65.534
 -65.534
 -65.534
 -65.534
 -65.534
 -65.534
 -65.534
 -65.534
 -65.534
 -65.534
 -65.534
 -65.534
 -65.534
 -65.534
 -65.534
 -65.534
 -65.534
 -65.534
 -65.534
 -65.534
 -65.534
 -65.534
   0.724
   0.751
   0.700
   0.637
   0.530
   0.470
   0.437
   0.424
   0.420
 -65.534
 -65.534
 -65.534
 -65.534
 -65.534
 -65.534
 -65.534
 -65.534
 -65.534
 -65.534
   0.802
   0.897
   0.909
   0.892
   0.862
   0.828
   0.786
   0.739
   0.693
   0.647
   0.595
   0.539
   0.452
   0.000
 -65.534
 -65.534
 -65.534
 -65.534
 -65.534
 -65.534
 -65.534
 -65.534
 -65.534
 -65.534
 -65.534
 -65.534
 -65.534
 -65.534
 -65.534
 -65.534
 -65.534
 -65.534
 -65.534
 -65.534
 -65.534
 -65.534
 -65.534
 -65.534
 -65.534
 -65.534
 -65.534
 -65.534
 -65.534
 -65.534
 -65.534
 -65.534
 -65.534
 -65.534
 -65.534
 -65.534
 -65.534
 -65.534
 -65.534
 -65.534
   0.446
 -65.534
 -65.534
 -65.534
 -65.534
 -65.534
 -65.534
 -65.534
 -65.534
 -65.534
 -65.534
 -65.534
 -65.534
 -65.534
 -65.534
   0.724
   0.840
   0.870
   0.866
   0.850
   0.820
   0.777
   0.735
   0.701
   0.666
   0.629
   0.583
   0.499
   0.000
 -65.534
 -65.534
 -65.534
 -65.534
 -65.534
 -65.534
 -65.534
 -65.534
 -65.534
 -65.534
 -65.534
 -65.534
 -65.534
 -65.534
 -65.534
 -65.534
 -65.534
 -65.534
 -65.534
 -65.534
 -65.534
 -65.534
 -65.534
 -65.534
 -65.534
 -65.534
 -65.534
 -65.534
 -65.534
 -65.534
 -65.534
 -65.534
 -65.534
 -65.534
 -65.534
 -65.534
 -65.534
 -65.534
 -65.534
 -65.534
 -65.534
 -65.534
 -65.534
 -65.534
 -65.534
 -65.534
 -65.534
 -65.534
 -65.534
 -65.534
 -65.534
 -65.534
 -65.534
 -65.534
 -65.534
 -65.534
 -65.534
 -65.534
 -65.534
   0.705
   0.764
   0.752
   0.716
   0.696
   0.685
   0.673
   0.651
   0.575
   0.000
 -65.534
 -65.534
 -65.534
 -65.534
 -65.534
 -65.534
 -65.534
 -65.534
 -65.534
 -65.534
 -65.534
 -65.534
 -65.534
 -65.534
 -65.534
 -65.534
 -65.534
 -65.534
 -65.534
 -65.534
 -65.534
 -65.534
 -65.534
 -65.534
 -65.534
 -65.534
 -65.534
 -65.534
 -65.534
 -65.534
 -65.534
 -65.534
 -65.534
 -65.534
 -65.534
 -65.534
 -65.534
 -65.534
 -65.534
 -65.534
 -65.534
 -65.534
 -65.534
 -65.534
 -65.534
 -65.534
 -65.534
 -65.534
 -65.534
 -65.534
 -65.534
 -65.534
 -65.534
 -65.534
 -65.534
 -65.534
 -65.534
 -65.534
 -65.534
 -65.534
 -65.534
   0.000
   0.000
   0.000
   0.000
   0.000
   0.000
   0.000
 -65.534
