 -65.534
   0.000
   0.000
   0.000
   0.000
   0.000
   0.000
   0.000
   0.000
   0.000
   0.000
   0.000
   0.000
   0.000
   0.000
   0.000
   0.000
   0.000
   0.000
   0.000
   0.000
   0.000
   0.000
   0.000
   0.000
   0.000
   0.000
   0.000
   0.000
   0.000
   0.000
   0.000
   0.000
   0.000
   0.000
   0.000
   0.000
   0.000
   0.000
   0.000
   0.000
   0.000
   0.000
   0.000
   0.000
   0.000
   0.000
   0.000
   0.000
   0.000
   0.000
   0.000
   0.000
   0.000
   0.000
   0.000
   0.000
   0.000
   0.000
   0.000
   0.000
   0.000
   0.000
   0.000
   0.000
   0.000
   0.000
   0.000
 -65.534
   0.000
   1.234
   1.375
   1.453
   1.532
   1.607
   1.680
   1.751
   1.820
   1.886
   1.955
   2.023
   2.087
   2.141
   2.182
   2.213
   2.233
   2.255
   2.282
   2.312
   2.342
   2.372
   2.397
   2.426
   2.418
   2.386
   2.350
   2.315
   2.270
   2.235
   2.197
   2.150
   2.106
   2.065
   2.012
   1.954
   1.894
   1.839
   1.800
   1.762
   1.733
   1.712
   1.686
   1.652
   1.590
   1.506
   1.421
   1.352
   1.309
   1.295
   1.310
   1.348
   1.409
   1.480
   1.569
   1.651
   1.728
   1.799
   1.875
   1.943
   2.019
   2.073
   2.132
   2.184
   2.213
   2.232
   2.246
   2.211
   0.000
   0.000
   1.406
   1.538
   1.598
   1.670
   1.741
   1.815
   1.890
   1.961
   2.032
   2.105
   2.176
   2.242
   2.293
   2.329
   2.357
   2.376
   2.397
   2.416
   2.438
   2.459
   2.476
   2.488
   2.499
   2.486
   2.462
   2.433
   2.402
   2.368
   2.339
   2.307
   2.277
   2.245
   2.213
   2.168
   2.111
   2.045
   1.978
   1.919
   1.872
   1.837
   1.813
   1.791
   1.761
   1.705
   1.629
   1.559
   1.509
   1.482
   1.484
   1.512
   1.565
   1.641
   1.732
   1.830
   1.928
   2.024
   2.117
   2.202
   2.285
   2.368
   2.442
   2.511
   2.569
   2.610
   2.640
   2.668
   2.627
   0.000
   0.000
   1.442
   1.568
   1.622
   1.680
   1.744
   1.815
   1.889
   1.962
   2.035
   2.108
   2.176
   2.237
   2.284
   2.319
   2.342
   2.357
   2.375
   2.391
   2.410
   2.427
   2.439
   2.447
   2.446
   2.437
   2.415
   2.393
   2.371
   2.348
   2.325
   2.305
   2.285
   2.267
   2.244
   2.211
   2.165
   2.105
   2.037
   1.974
   1.920
   1.881
   1.852
   1.825
   1.793
   1.744
   1.680
   1.623
   1.587
   1.576
   1.585
   1.622
   1.679
   1.757
   1.849
   1.951
   2.058
   2.164
   2.266
   2.355
   2.444
   2.531
   2.606
   2.676
   2.739
   2.792
   2.825
   2.861
   2.816
   0.000
   0.000
   1.464
   1.585
   1.630
   1.681
   1.737
   1.799
   1.865
   1.932
   2.001
   2.069
   2.131
   2.186
   2.232
   2.264
   2.284
   2.298
   2.311
   2.325
   2.342
   2.358
   2.375
   2.385
   2.384
   2.378
   2.367
   2.359
   2.345
   2.333
   2.322
   2.308
   2.296
   2.287
   2.273
   2.252
   2.218
   2.168
   2.108
   2.045
   1.994
   1.953
   1.922
   1.895
   1.864
   1.820
   1.773
   1.729
   1.704
   1.698
   1.707
   1.738
   1.789
   1.860
   1.945
   2.044
   2.154
   2.264
   2.372
   2.469
   2.559
   2.646
   2.722
   2.793
   2.862
   2.923
   2.965
   3.006
   2.957
   0.000
   0.000
   1.475
   1.592
   1.634
   1.679
   1.726
   1.776
   1.832
   1.892
   1.952
   2.008
   2.060
   2.106
   2.143
   2.173
   2.192
   2.203
   2.216
   2.232
   2.249
   2.269
   2.289
   2.303
   2.313
   2.314
   2.317
   2.325
   2.330
   2.330
   2.329
   2.319
   2.312
   2.305
   2.295
   2.280
   2.257
   2.221
   2.172
   2.119
   2.073
   2.038
   2.011
   1.987
   1.961
   1.927
   1.893
   1.862
   1.846
   1.845
   1.853
   1.874
   1.914
   1.971
   2.043
   2.133
   2.234
   2.346
   2.453
   2.552
   2.648
   2.739
   2.817
   2.891
   2.965
   3.026
   3.075
   3.119
   3.068
   0.000
   0.000
   1.473
   1.593
   1.635
   1.677
   1.714
   1.755
   1.803
   1.853
   1.901
   1.949
   1.990
   2.026
   2.056
   2.078
   2.091
   2.106
   2.117
   2.133
   2.150
   2.170
   2.193
   2.213
   2.231
   2.249
   2.274
   2.301
   2.325
   2.339
   2.347
   2.342
   2.337
   2.325
   2.318
   2.308
   2.297
   2.274
   2.242
   2.202
   2.165
   2.136
   2.115
   2.100
   2.080
   2.056
   2.024
   1.999
   1.991
   1.995
   2.000
   2.015
   2.040
   2.079
   2.136
   2.213
   2.310
   2.422
   2.526
   2.621
   2.721
   2.816
   2.895
   2.971
   3.045
   3.112
   3.165
   3.205
   3.161
   0.000
   0.000
   1.460
   1.586
   1.627
   1.669
   1.702
   1.737
   1.776
   1.818
   1.860
   1.900
   1.933
   1.962
   1.986
   2.003
   2.013
   2.024
   2.037
   2.050
   2.066
   2.084
   2.109
   2.135
   2.166
   2.200
   2.241
   2.284
   2.322
   2.349
   2.366
   2.368
   2.361
   2.349
   2.341
   2.334
   2.333
   2.324
   2.309
   2.285
   2.262
   2.244
   2.233
   2.224
   2.212
   2.192
   2.159
   2.133
   2.121
   2.118
   2.124
   2.134
   2.151
   2.172
   2.216
   2.285
   2.378
   2.483
   2.584
   2.682
   2.780
   2.873
   2.953
   3.034
   3.113
   3.181
   3.235
   3.281
   3.243
   0.000
   0.000
   1.435
   1.565
   1.613
   1.659
   1.691
   1.720
   1.750
   1.785
   1.824
   1.861
   1.889
   1.912
   1.933
   1.947
   1.957
   1.965
   1.979
   1.991
   2.003
   2.021
   2.047
   2.079
   2.113
   2.160
   2.211
   2.265
   2.315
   2.355
   2.375
   2.383
   2.379
   2.372
   2.365
   2.362
   2.365
   2.371
   2.371
   2.364
   2.356
   2.351
   2.350
   2.350
   2.343
   2.329
   2.297
   2.268
   2.248
   2.233
   2.224
   2.223
   2.231
   2.246
   2.280
   2.344
   2.432
   2.531
   2.633
   2.730
   2.825
   2.916
   3.001
   3.084
   3.166
   3.237
   3.295
   3.343
   3.313
   0.000
   0.000
   1.388
   1.525
   1.584
   1.636
   1.670
   1.696
   1.724
   1.758
   1.790
   1.824
   1.849
   1.871
   1.886
   1.900
   1.909
   1.923
   1.934
   1.948
   1.962
   1.981
   2.004
   2.038
   2.077
   2.125
   2.182
   2.243
   2.303
   2.348
   2.379
   2.391
   2.391
   2.386
   2.383
   2.384
   2.397
   2.413
   2.425
   2.432
   2.440
   2.448
   2.455
   2.462
   2.469
   2.461
   2.436
   2.403
   2.374
   2.352
   2.323
   2.300
   2.295
   2.303
   2.331
   2.381
   2.457
   2.549
   2.648
   2.739
   2.839
   2.940
   3.032
   3.118
   3.203
   3.278
   3.343
   3.398
   3.371
   0.000
   0.000
   1.335
   1.467
   1.534
   1.595
   1.635
   1.663
   1.690
   1.719
   1.753
   1.785
   1.810
   1.830
   1.847
   1.859
   1.871
   1.883
   1.899
   1.916
   1.932
   1.951
   1.980
   2.012
   2.051
   2.098
   2.157
   2.220
   2.282
   2.334
   2.368
   2.389
   2.398
   2.402
   2.405
   2.414
   2.432
   2.456
   2.475
   2.493
   2.512
   2.529
   2.543
   2.557
   2.569
   2.570
   2.560
   2.532
   2.495
   2.461
   2.423
   2.385
   2.362
   2.354
   2.364
   2.393
   2.448
   2.524
   2.609
   2.704
   2.810
   2.924
   3.027
   3.124
   3.221
   3.309
   3.383
   3.444
   3.421
   0.000
   0.000
   1.283
   1.406
   1.471
   1.532
   1.580
   1.618
   1.649
   1.675
   1.706
   1.736
   1.765
   1.789
   1.809
   1.825
   1.838
   1.853
   1.869
   1.885
   1.903
   1.926
   1.955
   1.989
   2.023
   2.072
   2.127
   2.187
   2.252
   2.308
   2.352
   2.379
   2.402
   2.419
   2.432
   2.451
   2.475
   2.503
   2.527
   2.549
   2.571
   2.593
   2.617
   2.635
   2.649
   2.655
   2.654
   2.638
   2.611
   2.570
   2.526
   2.481
   2.441
   2.410
   2.399
   2.403
   2.425
   2.473
   2.548
   2.642
   2.755
   2.881
   3.001
   3.118
   3.234
   3.338
   3.424
   3.490
   3.465
   0.000
   0.000
   1.222
   1.356
   1.411
   1.463
   1.511
   1.555
   1.590
   1.623
   1.652
   1.682
   1.710
   1.739
   1.765
   1.784
   1.804
   1.819
   1.839
   1.856
   1.878
   1.901
   1.931
   1.961
   1.997
   2.044
   2.098
   2.158
   2.222
   2.282
   2.333
   2.375
   2.412
   2.442
   2.469
   2.496
   2.525
   2.553
   2.579
   2.599
   2.623
   2.650
   2.674
   2.697
   2.715
   2.723
   2.726
   2.722
   2.704
   2.672
   2.630
   2.582
   2.532
   2.484
   2.447
   2.418
   2.406
   2.425
   2.484
   2.577
   2.693
   2.826
   2.959
   3.096
   3.238
   3.366
   3.465
   3.534
   3.503
   0.000
 -65.534
 -65.534
   1.245
   1.343
   1.386
   1.429
   1.475
   1.517
   1.553
   1.586
   1.618
   1.649
   1.678
   1.707
   1.730
   1.754
   1.773
   1.797
   1.819
   1.843
   1.869
   1.901
   1.932
   1.969
   2.015
   2.073
   2.135
   2.200
   2.264
   2.322
   2.375
   2.426
   2.469
   2.506
   2.539
   2.573
   2.603
   2.625
   2.647
   2.671
   2.695
   2.721
   2.746
   2.765
   2.779
   2.782
   2.782
   2.772
   2.749
   2.720
   2.677
   2.618
   2.554
   2.491
   2.437
   2.397
   2.389
   2.430
   2.516
   2.637
   2.773
   2.921
   3.087
   3.248
   3.392
   3.504
   3.583
   3.544
   0.000
 -65.534
 -65.534
 -65.534
   1.211
   1.294
   1.338
   1.384
   1.427
   1.467
   1.503
   1.539
   1.571
   1.600
   1.628
   1.657
   1.683
   1.708
   1.735
   1.763
   1.791
   1.823
   1.856
   1.894
   1.938
   1.990
   2.050
   2.116
   2.182
   2.249
   2.314
   2.376
   2.434
   2.489
   2.535
   2.580
   2.617
   2.647
   2.671
   2.688
   2.710
   2.734
   2.763
   2.789
   2.807
   2.820
   2.824
   2.821
   2.816
   2.808
   2.787
   2.754
   2.696
   2.621
   2.537
   2.460
   2.401
   2.372
   2.391
   2.467
   2.587
   2.737
   2.899
   3.067
   3.246
   3.402
   3.529
   3.621
   3.588
   0.000
 -65.534
 -65.534
 -65.534
 -65.534
   1.170
   1.243
   1.286
   1.325
   1.363
   1.402
   1.442
   1.476
   1.509
   1.537
   1.568
   1.596
   1.623
   1.652
   1.681
   1.714
   1.749
   1.789
   1.834
   1.889
   1.949
   2.017
   2.087
   2.155
   2.226
   2.294
   2.359
   2.426
   2.486
   2.545
   2.600
   2.645
   2.684
   2.706
   2.725
   2.746
   2.769
   2.796
   2.820
   2.838
   2.849
   2.852
   2.849
   2.843
   2.839
   2.831
   2.810
   2.753
   2.676
   2.590
   2.501
   2.428
   2.388
   2.392
   2.455
   2.575
   2.729
   2.898
   3.070
   3.244
   3.403
   3.541
   3.645
   3.617
   0.000
 -65.534
 -65.534
 -65.534
 -65.534
   1.081
   1.144
   1.183
   1.215
   1.248
   1.288
   1.330
   1.369
   1.403
   1.438
   1.470
   1.495
   1.521
   1.552
   1.583
   1.613
   1.652
   1.697
   1.748
   1.807
   1.875
   1.952
   2.027
   2.102
   2.177
   2.249
   2.319
   2.388
   2.456
   2.522
   2.590
   2.647
   2.693
   2.726
   2.749
   2.765
   2.785
   2.808
   2.830
   2.847
   2.859
   2.859
   2.857
   2.850
   2.845
   2.841
   2.829
   2.789
   2.723
   2.642
   2.554
   2.484
   2.438
   2.429
   2.478
   2.592
   2.750
   2.921
   3.091
   3.257
   3.406
   3.537
   3.643
   3.613
   0.000
 -65.534
 -65.534
 -65.534
 -65.534
   1.013
   1.061
   1.091
   1.113
   1.140
   1.174
   1.216
   1.255
   1.291
   1.327
   1.361
   1.391
   1.416
   1.443
   1.473
   1.507
   1.546
   1.589
   1.640
   1.702
   1.771
   1.847
   1.928
   2.009
   2.090
   2.168
   2.246
   2.319
   2.392
   2.467
   2.540
   2.611
   2.669
   2.712
   2.740
   2.756
   2.768
   2.785
   2.809
   2.826
   2.833
   2.836
   2.834
   2.831
   2.831
   2.833
   2.829
   2.808
   2.760
   2.694
   2.618
   2.549
   2.501
   2.483
   2.519
   2.622
   2.778
   2.947
   3.114
   3.267
   3.401
   3.520
   3.618
   3.577
   0.000
 -65.534
 -65.534
 -65.534
 -65.534
   0.975
   1.000
   1.019
   1.031
   1.054
   1.078
   1.111
   1.147
   1.180
   1.214
   1.248
   1.275
   1.305
   1.337
   1.369
   1.399
   1.433
   1.475
   1.523
   1.583
   1.648
   1.723
   1.804
   1.887
   1.974
   2.056
   2.138
   2.215
   2.294
   2.373
   2.454
   2.535
   2.603
   2.660
   2.694
   2.713
   2.725
   2.739
   2.758
   2.769
   2.782
   2.790
   2.794
   2.794
   2.802
   2.809
   2.816
   2.812
   2.788
   2.744
   2.676
   2.611
   2.559
   2.536
   2.552
   2.642
   2.792
   2.961
   3.122
   3.266
   3.386
   3.493
   3.579
   3.519
   0.000
 -65.534
 -65.534
 -65.534
 -65.534
 -65.534
 -65.534
 -65.534
 -65.534
   0.962
   1.001
   1.027
   1.053
   1.081
   1.110
   1.136
   1.161
   1.192
   1.230
   1.269
   1.307
   1.339
   1.372
   1.409
   1.462
   1.529
   1.602
   1.679
   1.759
   1.844
   1.928
   2.012
   2.093
   2.169
   2.253
   2.338
   2.422
   2.500
   2.567
   2.613
   2.641
   2.660
   2.675
   2.692
   2.710
   2.722
   2.730
   2.738
   2.748
   2.765
   2.782
   2.798
   2.815
   2.814
   2.788
   2.738
   2.673
   2.613
   2.579
   2.582
   2.646
   2.778
   2.938
   3.097
   3.239
   3.358
   3.455
   3.531
   3.450
   0.000
 -65.534
 -65.534
 -65.534
 -65.534
 -65.534
 -65.534
   0.625
   0.759
   0.915
   0.947
   0.967
   0.979
   0.999
   1.018
   1.041
   1.066
   1.097
   1.138
   1.180
   1.216
   1.250
   1.280
   1.318
   1.363
   1.414
   1.485
   1.564
   1.643
   1.726
   1.810
   1.890
   1.968
   2.046
   2.125
   2.208
   2.292
   2.375
   2.445
   2.501
   2.545
   2.572
   2.596
   2.618
   2.638
   2.661
   2.675
   2.687
   2.707
   2.733
   2.762
   2.794
   2.825
   2.839
   2.833
   2.799
   2.736
   2.665
   2.616
   2.603
   2.641
   2.740
   2.879
   3.033
   3.174
   3.299
   3.399
   3.468
   3.357
   0.000
 -65.534
 -65.534
 -65.534
 -65.534
 -65.534
 -65.534
 -65.534
 -65.534
 -65.534
   0.906
   0.920
   0.931
   0.937
   0.946
   0.962
   0.993
   1.027
   1.066
   1.108
   1.147
   1.174
   1.204
   1.240
   1.288
   1.344
   1.405
   1.469
   1.545
   1.621
   1.697
   1.771
   1.850
   1.927
   2.005
   2.083
   2.161
   2.237
   2.304
   2.367
   2.419
   2.466
   2.504
   2.538
   2.565
   2.596
   2.621
   2.646
   2.681
   2.716
   2.757
   2.801
   2.852
   2.880
   2.883
   2.858
   2.800
   2.724
   2.655
   2.624
   2.639
   2.708
   2.814
   2.949
   3.081
   3.205
   3.309
   3.377
   3.235
   0.000
 -65.534
 -65.534
 -65.534
 -65.534
 -65.534
 -65.534
 -65.534
 -65.534
 -65.534
 -65.534
 -65.534
 -65.534
 -65.534
 -65.534
 -65.534
   0.910
   0.967
   1.006
   1.049
   1.098
   1.123
   1.150
   1.186
   1.230
   1.288
   1.351
   1.412
   1.468
   1.534
   1.603
   1.673
   1.741
   1.807
   1.878
   1.950
   2.021
   2.093
   2.160
   2.244
   2.307
   2.357
   2.405
   2.447
   2.488
   2.531
   2.572
   2.614
   2.659
   2.705
   2.756
   2.809
   2.867
   2.910
   2.918
   2.901
   2.853
   2.776
   2.697
   2.647
   2.640
   2.681
   2.761
   2.866
   2.978
   3.088
   3.184
   3.242
   3.082
   0.000
 -65.534
 -65.534
 -65.534
 -65.534
 -65.534
 -65.534
 -65.534
 -65.534
 -65.534
 -65.534
 -65.534
 -65.534
 -65.534
 -65.534
 -65.534
 -65.534
 -65.534
 -65.534
 -65.534
   1.030
   1.082
   1.115
   1.151
   1.195
   1.248
   1.307
   1.366
   1.423
   1.477
   1.527
   1.583
   1.644
   1.706
   1.768
   1.834
   1.902
   1.968
   2.034
   2.107
   2.180
   2.244
   2.301
   2.355
   2.409
   2.460
   2.509
   2.562
   2.618
   2.678
   2.731
   2.785
   2.853
   2.905
   2.921
   2.913
   2.873
   2.802
   2.721
   2.660
   2.636
   2.654
   2.711
   2.786
   2.871
   2.951
   3.026
   3.069
   2.892
   0.000
 -65.534
 -65.534
 -65.534
 -65.534
 -65.534
 -65.534
 -65.534
 -65.534
 -65.534
 -65.534
 -65.534
 -65.534
 -65.534
 -65.534
 -65.534
 -65.534
 -65.534
 -65.534
   0.871
   1.045
   1.074
   1.107
   1.141
   1.182
   1.231
   1.282
   1.334
   1.387
   1.436
   1.481
   1.524
   1.572
   1.623
   1.678
   1.740
   1.802
   1.867
   1.931
   1.996
   2.063
   2.136
   2.204
   2.266
   2.325
   2.377
   2.425
   2.474
   2.531
   2.594
   2.657
   2.730
   2.801
   2.864
   2.889
   2.881
   2.845
   2.789
   2.718
   2.656
   2.614
   2.609
   2.646
   2.699
   2.757
   2.808
   2.850
   2.871
   2.672
   0.000
 -65.534
 -65.534
 -65.534
 -65.534
 -65.534
 -65.534
 -65.534
 -65.534
 -65.534
 -65.534
 -65.534
 -65.534
 -65.534
 -65.534
 -65.534
 -65.534
 -65.534
   0.856
   1.036
   1.075
   1.101
   1.124
   1.156
   1.192
   1.229
   1.274
   1.323
   1.368
   1.411
   1.453
   1.489
   1.525
   1.570
   1.616
   1.668
   1.725
   1.780
   1.838
   1.899
   1.965
   2.038
   2.112
   2.184
   2.245
   2.296
   2.339
   2.378
   2.429
   2.486
   2.553
   2.624
   2.704
   2.764
   2.794
   2.803
   2.791
   2.751
   2.697
   2.639
   2.588
   2.551
   2.554
   2.586
   2.625
   2.653
   2.673
   2.666
   2.447
   0.000
 -65.534
 -65.534
 -65.534
 -65.534
 -65.534
 -65.534
 -65.534
 -65.534
 -65.534
 -65.534
 -65.534
 -65.534
 -65.534
 -65.534
 -65.534
 -65.534
 -65.534
   1.007
   1.086
   1.110
   1.133
   1.149
   1.177
   1.208
   1.243
   1.280
   1.322
   1.362
   1.404
   1.444
   1.478
   1.503
   1.540
   1.579
   1.618
   1.662
   1.709
   1.756
   1.809
   1.872
   1.941
   2.017
   2.091
   2.157
   2.209
   2.246
   2.277
   2.318
   2.366
   2.426
   2.497
   2.568
   2.633
   2.673
   2.693
   2.692
   2.672
   2.634
   2.590
   2.537
   2.490
   2.468
   2.472
   2.485
   2.497
   2.504
   2.474
   2.244
   0.000
 -65.534
 -65.534
 -65.534
 -65.534
 -65.534
 -65.534
 -65.534
 -65.534
 -65.534
 -65.534
 -65.534
 -65.534
 -65.534
 -65.534
 -65.534
 -65.534
 -65.534
   1.068
   1.120
   1.145
   1.164
   1.179
   1.201
   1.227
   1.255
   1.287
   1.322
   1.364
   1.406
   1.446
   1.480
   1.498
   1.526
   1.557
   1.588
   1.620
   1.654
   1.694
   1.738
   1.791
   1.856
   1.923
   1.995
   2.059
   2.109
   2.144
   2.170
   2.202
   2.244
   2.295
   2.359
   2.425
   2.487
   2.533
   2.566
   2.579
   2.574
   2.553
   2.526
   2.486
   2.438
   2.400
   2.378
   2.372
   2.369
   2.353
   2.306
   2.069
   0.000
 -65.534
 -65.534
 -65.534
 -65.534
 -65.534
 -65.534
 -65.534
 -65.534
 -65.534
 -65.534
 -65.534
 -65.534
 -65.534
 -65.534
 -65.534
 -65.534
 -65.534
   1.115
   1.145
   1.174
   1.192
   1.208
   1.228
   1.248
   1.267
   1.293
   1.325
   1.365
   1.408
   1.450
   1.487
   1.501
   1.526
   1.553
   1.576
   1.604
   1.629
   1.661
   1.697
   1.741
   1.795
   1.854
   1.913
   1.970
   2.013
   2.047
   2.071
   2.098
   2.132
   2.171
   2.222
   2.283
   2.341
   2.390
   2.430
   2.451
   2.458
   2.457
   2.447
   2.427
   2.391
   2.352
   2.311
   2.282
   2.258
   2.226
   2.162
   1.900
   0.000
 -65.534
 -65.534
 -65.534
 -65.534
 -65.534
 -65.534
 -65.534
 -65.534
 -65.534
 -65.534
 -65.534
 -65.534
 -65.534
 -65.534
 -65.534
 -65.534
 -65.534
 -65.534
   1.162
   1.189
   1.212
   1.229
   1.244
   1.260
   1.272
   1.290
   1.320
   1.353
   1.392
   1.440
   1.480
   1.497
   1.526
   1.553
   1.576
   1.600
   1.620
   1.645
   1.677
   1.714
   1.759
   1.805
   1.851
   1.895
   1.931
   1.963
   1.988
   2.010
   2.037
   2.066
   2.105
   2.150
   2.200
   2.242
   2.283
   2.314
   2.331
   2.344
   2.348
   2.342
   2.319
   2.285
   2.241
   2.195
   2.149
   2.087
   1.993
   1.721
   0.000
 -65.534
 -65.534
 -65.534
 -65.534
 -65.534
 -65.534
 -65.534
 -65.534
 -65.534
 -65.534
 -65.534
 -65.534
 -65.534
 -65.534
 -65.534
 -65.534
 -65.534
 -65.534
 -65.534
   1.185
   1.211
   1.227
   1.245
   1.255
   1.264
   1.275
   1.294
   1.323
   1.356
   1.400
   1.439
   1.470
   1.504
   1.536
   1.577
   1.616
   1.644
   1.672
   1.698
   1.723
   1.739
   1.764
   1.793
   1.824
   1.853
   1.880
   1.904
   1.928
   1.951
   1.977
   2.009
   2.042
   2.075
   2.110
   2.143
   2.171
   2.197
   2.217
   2.231
   2.235
   2.224
   2.195
   2.146
   2.085
   2.018
   1.928
   1.796
   1.501
   0.000
 -65.534
 -65.534
 -65.534
 -65.534
 -65.534
 -65.534
 -65.534
 -65.534
 -65.534
 -65.534
 -65.534
 -65.534
 -65.534
 -65.534
 -65.534
 -65.534
 -65.534
 -65.534
 -65.534
 -65.534
   1.197
   1.225
   1.243
   1.250
   1.251
   1.254
   1.265
   1.285
   1.309
   1.342
   1.367
   1.398
   1.412
   1.400
   1.348
   1.157
 -65.534
 -65.534
 -65.534
 -65.534
   1.608
   1.682
   1.718
   1.746
   1.778
   1.805
   1.830
   1.854
   1.876
   1.897
   1.922
   1.945
   1.970
   1.994
   2.017
   2.041
   2.063
   2.084
   2.100
   2.110
   2.102
   2.076
   2.024
   1.950
   1.864
   1.752
   1.602
   1.291
   0.000
 -65.534
 -65.534
 -65.534
 -65.534
 -65.534
 -65.534
 -65.534
 -65.534
 -65.534
 -65.534
 -65.534
 -65.534
 -65.534
 -65.534
 -65.534
 -65.534
 -65.534
 -65.534
 -65.534
 -65.534
 -65.534
 -65.534
 -65.534
 -65.534
   1.194
   1.218
   1.230
   1.244
   1.263
   1.276
   1.281
   1.292
   1.278
   1.227
   1.114
   0.904
 -65.534
 -65.534
 -65.534
 -65.534
 -65.534
 -65.534
   1.597
   1.668
   1.709
   1.744
   1.768
   1.789
   1.805
   1.822
   1.840
   1.860
   1.877
   1.892
   1.908
   1.926
   1.938
   1.950
   1.963
   1.966
   1.952
   1.925
   1.872
   1.794
   1.692
   1.567
   1.400
   1.102
   0.000
 -65.534
 -65.534
 -65.534
 -65.534
 -65.534
 -65.534
 -65.534
 -65.534
 -65.534
 -65.534
 -65.534
 -65.534
 -65.534
 -65.534
 -65.534
 -65.534
 -65.534
 -65.534
 -65.534
 -65.534
 -65.534
 -65.534
 -65.534
 -65.534
   1.149
   1.169
   1.182
   1.194
   1.207
   1.201
   1.186
   1.172
   1.136
   1.070
   0.965
   0.829
 -65.534
 -65.534
 -65.534
 -65.534
 -65.534
 -65.534
 -65.534
   1.572
   1.649
   1.685
   1.715
   1.725
   1.739
   1.748
   1.761
   1.777
   1.789
   1.798
   1.808
   1.815
   1.824
   1.827
   1.827
   1.816
   1.795
   1.754
   1.696
   1.611
   1.502
   1.366
   1.203
   0.923
   0.000
 -65.534
 -65.534
 -65.534
 -65.534
 -65.534
 -65.534
 -65.534
 -65.534
 -65.534
 -65.534
 -65.534
 -65.534
 -65.534
 -65.534
 -65.534
 -65.534
 -65.534
 -65.534
 -65.534
 -65.534
 -65.534
 -65.534
 -65.534
 -65.534
 -65.534
 -65.534
 -65.534
 -65.534
 -65.534
   1.071
   1.064
   1.044
   1.020
   0.959
   0.883
   0.786
   0.419
 -65.534
 -65.534
 -65.534
 -65.534
 -65.534
 -65.534
   1.314
   1.228
 -65.534
   1.522
   1.606
   1.641
   1.675
   1.691
   1.708
   1.711
   1.714
   1.714
   1.715
   1.714
   1.710
   1.700
   1.681
   1.648
   1.595
   1.523
   1.430
   1.313
   1.175
   1.018
   0.768
   0.000
 -65.534
 -65.534
 -65.534
 -65.534
 -65.534
 -65.534
 -65.534
 -65.534
 -65.534
 -65.534
 -65.534
 -65.534
 -65.534
 -65.534
 -65.534
 -65.534
 -65.534
 -65.534
 -65.534
 -65.534
 -65.534
 -65.534
 -65.534
 -65.534
 -65.534
 -65.534
 -65.534
 -65.534
 -65.534
 -65.534
 -65.534
 -65.534
   0.887
   0.867
   0.830
   0.751
   0.527
   0.331
 -65.534
 -65.534
 -65.534
 -65.534
 -65.534
 -65.534
 -65.534
 -65.534
 -65.534
 -65.534
 -65.534
   1.432
   1.558
   1.603
   1.649
   1.644
   1.630
   1.607
   1.591
   1.578
   1.560
   1.534
   1.492
   1.432
   1.355
   1.259
   1.147
   1.015
   0.861
   0.624
   0.000
 -65.534
 -65.534
 -65.534
 -65.534
 -65.534
 -65.534
 -65.534
 -65.534
 -65.534
 -65.534
 -65.534
 -65.534
 -65.534
 -65.534
 -65.534
 -65.534
 -65.534
 -65.534
 -65.534
 -65.534
 -65.534
 -65.534
 -65.534
 -65.534
 -65.534
 -65.534
 -65.534
 -65.534
 -65.534
 -65.534
 -65.534
 -65.534
   0.802
   0.794
   0.779
   0.713
   0.565
   0.418
   0.302
   0.240
 -65.534
 -65.534
 -65.534
 -65.534
 -65.534
 -65.534
 -65.534
 -65.534
 -65.534
 -65.534
 -65.534
 -65.534
   1.347
   1.459
   1.473
   1.476
   1.451
   1.424
   1.399
   1.366
   1.323
   1.263
   1.191
   1.104
   1.000
   0.884
   0.746
   0.526
   0.000
 -65.534
 -65.534
 -65.534
 -65.534
 -65.534
 -65.534
 -65.534
 -65.534
 -65.534
 -65.534
 -65.534
 -65.534
 -65.534
 -65.534
 -65.534
 -65.534
 -65.534
 -65.534
 -65.534
 -65.534
 -65.534
 -65.534
 -65.534
 -65.534
 -65.534
 -65.534
 -65.534
 -65.534
 -65.534
 -65.534
 -65.534
 -65.534
 -65.534
 -65.534
 -65.534
 -65.534
   0.439
   0.395
   0.336
   0.292
   0.242
   0.204
   0.177
   0.177
   0.179
 -65.534
 -65.534
 -65.534
 -65.534
 -65.534
 -65.534
 -65.534
 -65.534
 -65.534
 -65.534
   1.168
   1.267
   1.268
   1.242
   1.200
   1.156
   1.101
   1.038
   0.963
   0.881
   0.781
   0.658
   0.465
   0.000
 -65.534
 -65.534
 -65.534
 -65.534
 -65.534
 -65.534
 -65.534
 -65.534
 -65.534
 -65.534
 -65.534
 -65.534
 -65.534
 -65.534
 -65.534
 -65.534
 -65.534
 -65.534
 -65.534
 -65.534
 -65.534
 -65.534
 -65.534
 -65.534
 -65.534
 -65.534
 -65.534
 -65.534
 -65.534
 -65.534
 -65.534
 -65.534
 -65.534
 -65.534
 -65.534
 -65.534
 -65.534
 -65.534
 -65.534
 -65.534
   0.170
 -65.534
 -65.534
 -65.534
 -65.534
 -65.534
 -65.534
 -65.534
 -65.534
 -65.534
 -65.534
 -65.534
 -65.534
 -65.534
 -65.534
   0.884
   1.027
   1.068
   1.069
   1.060
   1.012
   0.946
   0.888
   0.833
   0.771
   0.698
   0.599
   0.420
   0.000
 -65.534
 -65.534
 -65.534
 -65.534
 -65.534
 -65.534
 -65.534
 -65.534
 -65.534
 -65.534
 -65.534
 -65.534
 -65.534
 -65.534
 -65.534
 -65.534
 -65.534
 -65.534
 -65.534
 -65.534
 -65.534
 -65.534
 -65.534
 -65.534
 -65.534
 -65.534
 -65.534
 -65.534
 -65.534
 -65.534
 -65.534
 -65.534
 -65.534
 -65.534
 -65.534
 -65.534
 -65.534
 -65.534
 -65.534
 -65.534
 -65.534
 -65.534
 -65.534
 -65.534
 -65.534
 -65.534
 -65.534
 -65.534
 -65.534
 -65.534
 -65.534
 -65.534
 -65.534
 -65.534
 -65.534
 -65.534
 -65.534
 -65.534
 -65.534
   0.771
   0.801
   0.768
   0.723
   0.691
   0.664
   0.629
   0.572
   0.428
   0.000
 -65.534
 -65.534
 -65.534
 -65.534
 -65.534
 -65.534
 -65.534
 -65.534
 -65.534
 -65.534
 -65.534
 -65.534
 -65.534
 -65.534
 -65.534
 -65.534
 -65.534
 -65.534
 -65.534
 -65.534
 -65.534
 -65.534
 -65.534
 -65.534
 -65.534
 -65.534
 -65.534
 -65.534
 -65.534
 -65.534
 -65.534
 -65.534
 -65.534
 -65.534
 -65.534
 -65.534
 -65.534
 -65.534
 -65.534
 -65.534
 -65.534
 -65.534
 -65.534
 -65.534
 -65.534
 -65.534
 -65.534
 -65.534
 -65.534
 -65.534
 -65.534
 -65.534
 -65.534
 -65.534
 -65.534
 -65.534
 -65.534
 -65.534
 -65.534
 -65.534
 -65.534
   0.000
   0.000
   0.000
   0.000
   0.000
   0.000
   0.000
 -65.534
