 -65.534
   0.000
   0.000
   0.000
   0.000
   0.000
   0.000
   0.000
   0.000
   0.000
   0.000
   0.000
   0.000
   0.000
   0.000
   0.000
   0.000
   0.000
   0.000
   0.000
   0.000
   0.000
   0.000
   0.000
   0.000
   0.000
   0.000
   0.000
   0.000
   0.000
   0.000
   0.000
   0.000
   0.000
   0.000
   0.000
   0.000
   0.000
   0.000
   0.000
   0.000
   0.000
   0.000
   0.000
   0.000
   0.000
   0.000
   0.000
   0.000
   0.000
   0.000
   0.000
   0.000
   0.000
   0.000
   0.000
   0.000
   0.000
   0.000
   0.000
   0.000
   0.000
   0.000
   0.000
   0.000
   0.000
   0.000
   0.000
 -65.534
   0.000
   0.829
   0.894
   0.920
   0.959
   1.005
   1.057
   1.114
   1.174
   1.234
   1.295
   1.353
   1.412
   1.468
   1.515
   1.558
   1.593
   1.619
   1.623
   1.597
   1.545
   1.477
   1.408
   1.305
   1.332
   1.398
   1.452
   1.480
   1.487
   1.474
   1.458
   1.450
   1.429
   1.389
   1.394
   1.372
   1.371
   1.361
   1.342
   1.336
   1.333
   1.356
   1.381
   1.392
   1.396
   1.386
   1.364
   1.338
   1.318
   1.305
   1.308
   1.323
   1.346
   1.375
   1.404
   1.428
   1.443
   1.454
   1.459
   1.469
   1.484
   1.501
   1.522
   1.541
   1.559
   1.575
   1.588
   1.541
   0.000
   0.000
   0.926
   0.982
   1.000
   1.037
   1.083
   1.142
   1.209
   1.276
   1.347
   1.414
   1.480
   1.542
   1.599
   1.647
   1.689
   1.725
   1.752
   1.763
   1.748
   1.709
   1.649
   1.592
   1.517
   1.523
   1.562
   1.597
   1.618
   1.614
   1.597
   1.576
   1.555
   1.535
   1.505
   1.493
   1.482
   1.470
   1.467
   1.463
   1.467
   1.485
   1.509
   1.552
   1.582
   1.597
   1.597
   1.580
   1.562
   1.546
   1.535
   1.535
   1.549
   1.573
   1.602
   1.629
   1.652
   1.671
   1.685
   1.694
   1.701
   1.711
   1.725
   1.742
   1.760
   1.778
   1.795
   1.813
   1.772
   0.000
   0.000
   0.938
   0.987
   1.001
   1.031
   1.074
   1.130
   1.193
   1.264
   1.334
   1.406
   1.477
   1.549
   1.615
   1.671
   1.717
   1.754
   1.781
   1.790
   1.779
   1.746
   1.699
   1.657
   1.620
   1.600
   1.622
   1.640
   1.649
   1.641
   1.625
   1.608
   1.589
   1.565
   1.544
   1.529
   1.506
   1.494
   1.484
   1.482
   1.494
   1.518
   1.553
   1.595
   1.639
   1.667
   1.677
   1.675
   1.668
   1.660
   1.654
   1.651
   1.659
   1.675
   1.700
   1.721
   1.741
   1.759
   1.773
   1.783
   1.790
   1.800
   1.813
   1.829
   1.847
   1.868
   1.887
   1.905
   1.864
   0.000
   0.000
   0.954
   0.995
   0.998
   1.022
   1.058
   1.105
   1.162
   1.227
   1.297
   1.369
   1.443
   1.516
   1.588
   1.648
   1.699
   1.736
   1.761
   1.769
   1.766
   1.740
   1.701
   1.666
   1.649
   1.635
   1.651
   1.663
   1.664
   1.652
   1.640
   1.622
   1.600
   1.580
   1.562
   1.543
   1.518
   1.500
   1.490
   1.485
   1.495
   1.526
   1.566
   1.618
   1.669
   1.712
   1.741
   1.755
   1.761
   1.765
   1.761
   1.759
   1.762
   1.769
   1.783
   1.793
   1.804
   1.816
   1.829
   1.835
   1.840
   1.850
   1.865
   1.883
   1.905
   1.926
   1.948
   1.967
   1.927
   0.000
   0.000
   0.968
   1.000
   0.999
   1.014
   1.044
   1.081
   1.130
   1.187
   1.251
   1.319
   1.391
   1.465
   1.538
   1.598
   1.649
   1.689
   1.714
   1.723
   1.719
   1.699
   1.667
   1.640
   1.624
   1.642
   1.659
   1.658
   1.651
   1.633
   1.620
   1.607
   1.593
   1.577
   1.561
   1.543
   1.517
   1.495
   1.482
   1.477
   1.487
   1.518
   1.563
   1.624
   1.687
   1.743
   1.787
   1.820
   1.846
   1.860
   1.867
   1.865
   1.863
   1.863
   1.864
   1.863
   1.862
   1.864
   1.866
   1.866
   1.869
   1.878
   1.893
   1.914
   1.938
   1.963
   1.985
   2.006
   1.970
   0.000
   0.000
   0.983
   1.010
   1.006
   1.012
   1.031
   1.060
   1.100
   1.147
   1.202
   1.263
   1.330
   1.399
   1.466
   1.523
   1.572
   1.611
   1.636
   1.647
   1.647
   1.636
   1.618
   1.608
   1.613
   1.627
   1.622
   1.615
   1.603
   1.589
   1.579
   1.578
   1.571
   1.560
   1.549
   1.532
   1.505
   1.485
   1.469
   1.466
   1.476
   1.505
   1.555
   1.618
   1.688
   1.757
   1.819
   1.871
   1.914
   1.946
   1.958
   1.962
   1.962
   1.958
   1.948
   1.936
   1.921
   1.909
   1.897
   1.888
   1.885
   1.890
   1.904
   1.926
   1.950
   1.977
   2.001
   2.024
   1.992
   0.000
   0.000
   0.997
   1.019
   1.016
   1.015
   1.021
   1.041
   1.072
   1.111
   1.156
   1.208
   1.266
   1.328
   1.387
   1.437
   1.481
   1.520
   1.543
   1.557
   1.562
   1.557
   1.549
   1.545
   1.550
   1.558
   1.551
   1.544
   1.531
   1.520
   1.520
   1.526
   1.532
   1.530
   1.524
   1.511
   1.486
   1.464
   1.453
   1.453
   1.466
   1.496
   1.543
   1.606
   1.680
   1.757
   1.832
   1.902
   1.965
   2.010
   2.036
   2.048
   2.052
   2.044
   2.028
   2.006
   1.979
   1.951
   1.925
   1.904
   1.891
   1.890
   1.899
   1.914
   1.938
   1.965
   1.992
   2.017
   1.986
   0.000
   0.000
   0.995
   1.025
   1.025
   1.020
   1.020
   1.024
   1.046
   1.076
   1.116
   1.160
   1.210
   1.260
   1.308
   1.350
   1.388
   1.420
   1.445
   1.462
   1.470
   1.475
   1.473
   1.473
   1.474
   1.475
   1.465
   1.456
   1.447
   1.440
   1.444
   1.460
   1.474
   1.481
   1.485
   1.477
   1.460
   1.442
   1.431
   1.437
   1.454
   1.486
   1.532
   1.592
   1.662
   1.743
   1.829
   1.913
   1.991
   2.051
   2.092
   2.116
   2.124
   2.117
   2.098
   2.065
   2.027
   1.986
   1.944
   1.912
   1.888
   1.880
   1.881
   1.888
   1.907
   1.930
   1.958
   1.986
   1.961
   0.000
   0.000
   0.985
   1.021
   1.023
   1.026
   1.022
   1.015
   1.023
   1.047
   1.078
   1.114
   1.155
   1.195
   1.233
   1.268
   1.298
   1.327
   1.353
   1.374
   1.391
   1.403
   1.406
   1.407
   1.406
   1.396
   1.382
   1.372
   1.361
   1.359
   1.370
   1.390
   1.408
   1.422
   1.433
   1.436
   1.427
   1.418
   1.412
   1.421
   1.443
   1.476
   1.519
   1.573
   1.640
   1.719
   1.807
   1.901
   1.989
   2.065
   2.122
   2.158
   2.172
   2.168
   2.145
   2.104
   2.054
   1.997
   1.943
   1.895
   1.864
   1.848
   1.843
   1.847
   1.859
   1.881
   1.908
   1.937
   1.917
   0.000
   0.000
   0.969
   1.012
   1.024
   1.030
   1.025
   1.015
   1.014
   1.024
   1.045
   1.073
   1.104
   1.138
   1.169
   1.200
   1.227
   1.254
   1.280
   1.304
   1.324
   1.340
   1.347
   1.349
   1.344
   1.332
   1.315
   1.299
   1.289
   1.291
   1.305
   1.326
   1.345
   1.365
   1.380
   1.392
   1.393
   1.390
   1.390
   1.400
   1.424
   1.459
   1.501
   1.547
   1.607
   1.676
   1.763
   1.860
   1.955
   2.044
   2.120
   2.170
   2.190
   2.189
   2.162
   2.114
   2.047
   1.973
   1.900
   1.843
   1.805
   1.787
   1.782
   1.785
   1.795
   1.816
   1.843
   1.874
   1.858
   0.000
   0.000
   0.956
   1.006
   1.022
   1.031
   1.027
   1.021
   1.016
   1.016
   1.028
   1.048
   1.073
   1.100
   1.128
   1.157
   1.181
   1.207
   1.229
   1.251
   1.269
   1.283
   1.292
   1.295
   1.292
   1.279
   1.262
   1.247
   1.238
   1.242
   1.257
   1.280
   1.300
   1.321
   1.341
   1.353
   1.359
   1.362
   1.366
   1.378
   1.405
   1.437
   1.472
   1.510
   1.559
   1.619
   1.699
   1.794
   1.897
   1.999
   2.088
   2.152
   2.179
   2.177
   2.144
   2.086
   2.003
   1.910
   1.825
   1.759
   1.721
   1.706
   1.705
   1.712
   1.726
   1.747
   1.776
   1.807
   1.793
   0.000
   0.000
   0.910
   0.998
   1.019
   1.030
   1.030
   1.026
   1.021
   1.023
   1.027
   1.038
   1.056
   1.078
   1.105
   1.129
   1.151
   1.172
   1.192
   1.206
   1.220
   1.230
   1.238
   1.241
   1.241
   1.232
   1.220
   1.210
   1.205
   1.207
   1.220
   1.246
   1.270
   1.292
   1.310
   1.322
   1.328
   1.331
   1.335
   1.348
   1.371
   1.398
   1.426
   1.456
   1.494
   1.545
   1.615
   1.705
   1.814
   1.926
   2.028
   2.102
   2.135
   2.132
   2.091
   2.021
   1.924
   1.823
   1.731
   1.666
   1.631
   1.619
   1.623
   1.634
   1.654
   1.682
   1.713
   1.743
   1.733
   0.000
 -65.534
 -65.534
   0.917
   0.993
   1.008
   1.019
   1.025
   1.029
   1.032
   1.035
   1.039
   1.050
   1.064
   1.083
   1.100
   1.120
   1.135
   1.149
   1.158
   1.168
   1.175
   1.179
   1.182
   1.185
   1.183
   1.177
   1.173
   1.171
   1.174
   1.191
   1.219
   1.247
   1.273
   1.291
   1.299
   1.299
   1.295
   1.293
   1.301
   1.316
   1.333
   1.353
   1.373
   1.402
   1.445
   1.505
   1.591
   1.698
   1.815
   1.926
   2.009
   2.049
   2.040
   1.996
   1.918
   1.821
   1.719
   1.632
   1.576
   1.548
   1.541
   1.547
   1.565
   1.589
   1.620
   1.654
   1.687
   1.683
   0.000
 -65.534
 -65.534
 -65.534
   0.887
   0.966
   0.993
   1.018
   1.034
   1.038
   1.041
   1.041
   1.045
   1.048
   1.055
   1.065
   1.078
   1.089
   1.098
   1.105
   1.110
   1.115
   1.119
   1.123
   1.128
   1.130
   1.132
   1.135
   1.138
   1.147
   1.166
   1.197
   1.229
   1.259
   1.272
   1.275
   1.279
   1.269
   1.252
   1.244
   1.244
   1.250
   1.257
   1.268
   1.288
   1.320
   1.372
   1.452
   1.558
   1.673
   1.786
   1.872
   1.913
   1.905
   1.862
   1.789
   1.701
   1.613
   1.542
   1.499
   1.475
   1.473
   1.482
   1.501
   1.527
   1.560
   1.600
   1.641
   1.643
   0.000
 -65.534
 -65.534
 -65.534
 -65.534
   0.885
   0.954
   0.995
   1.018
   1.030
   1.034
   1.036
   1.036
   1.032
   1.031
   1.034
   1.038
   1.043
   1.047
   1.050
   1.050
   1.052
   1.055
   1.061
   1.067
   1.073
   1.083
   1.090
   1.101
   1.115
   1.141
   1.172
   1.207
   1.236
   1.253
   1.256
   1.255
   1.234
   1.218
   1.193
   1.172
   1.162
   1.155
   1.154
   1.163
   1.183
   1.230
   1.307
   1.408
   1.516
   1.619
   1.700
   1.739
   1.736
   1.701
   1.645
   1.577
   1.512
   1.464
   1.435
   1.421
   1.422
   1.430
   1.448
   1.475
   1.512
   1.556
   1.603
   1.612
   0.000
 -65.534
 -65.534
 -65.534
 -65.534
   0.821
   0.903
   0.946
   0.973
   0.991
   1.005
   1.015
   1.021
   1.021
   1.018
   1.016
   1.009
   1.007
   1.003
   1.000
   0.998
   0.996
   0.996
   0.999
   1.002
   1.008
   1.017
   1.029
   1.045
   1.065
   1.097
   1.135
   1.172
   1.203
   1.222
   1.229
   1.223
   1.204
   1.175
   1.135
   1.108
   1.079
   1.056
   1.044
   1.042
   1.055
   1.098
   1.171
   1.263
   1.354
   1.440
   1.510
   1.551
   1.558
   1.538
   1.500
   1.459
   1.421
   1.393
   1.377
   1.371
   1.378
   1.390
   1.411
   1.438
   1.477
   1.524
   1.575
   1.592
   0.000
 -65.534
 -65.534
 -65.534
 -65.534
   0.759
   0.841
   0.883
   0.910
   0.931
   0.957
   0.978
   0.995
   1.004
   1.009
   1.006
   0.997
   0.984
   0.973
   0.965
   0.957
   0.952
   0.947
   0.943
   0.939
   0.936
   0.935
   0.943
   0.961
   0.993
   1.031
   1.076
   1.116
   1.149
   1.173
   1.182
   1.177
   1.159
   1.121
   1.078
   1.040
   1.005
   0.973
   0.950
   0.938
   0.946
   0.987
   1.055
   1.134
   1.208
   1.276
   1.336
   1.377
   1.394
   1.389
   1.372
   1.351
   1.334
   1.322
   1.322
   1.328
   1.342
   1.358
   1.382
   1.414
   1.455
   1.503
   1.557
   1.577
   0.000
 -65.534
 -65.534
 -65.534
 -65.534
   0.661
   0.732
   0.777
   0.814
   0.860
   0.885
   0.917
   0.946
   0.967
   0.982
   0.985
   0.976
   0.965
   0.954
   0.945
   0.935
   0.925
   0.916
   0.903
   0.889
   0.874
   0.860
   0.855
   0.867
   0.898
   0.943
   0.994
   1.039
   1.076
   1.102
   1.112
   1.108
   1.092
   1.057
   1.017
   0.974
   0.936
   0.902
   0.878
   0.856
   0.860
   0.894
   0.951
   1.014
   1.077
   1.134
   1.182
   1.224
   1.249
   1.259
   1.256
   1.252
   1.249
   1.253
   1.265
   1.284
   1.311
   1.339
   1.368
   1.401
   1.444
   1.494
   1.547
   1.566
   0.000
 -65.534
 -65.534
 -65.534
 -65.534
 -65.534
 -65.534
 -65.534
 -65.534
   0.720
   0.785
   0.829
   0.868
   0.904
   0.931
   0.943
   0.946
   0.946
   0.942
   0.940
   0.934
   0.924
   0.905
   0.885
   0.860
   0.833
   0.807
   0.788
   0.791
   0.812
   0.854
   0.903
   0.947
   0.984
   1.010
   1.021
   1.018
   1.004
   0.978
   0.942
   0.906
   0.870
   0.841
   0.820
   0.800
   0.794
   0.810
   0.853
   0.903
   0.956
   1.007
   1.052
   1.094
   1.126
   1.143
   1.152
   1.158
   1.167
   1.183
   1.208
   1.240
   1.281
   1.324
   1.362
   1.398
   1.442
   1.493
   1.545
   1.560
   0.000
 -65.534
 -65.534
 -65.534
 -65.534
 -65.534
 -65.534
   0.362
   0.441
   0.605
   0.685
   0.735
   0.783
   0.831
   0.869
   0.898
   0.917
   0.931
   0.940
   0.946
   0.945
   0.937
   0.917
   0.891
   0.859
   0.820
   0.784
   0.762
   0.753
   0.761
   0.788
   0.821
   0.857
   0.886
   0.910
   0.919
   0.917
   0.906
   0.885
   0.862
   0.836
   0.809
   0.786
   0.770
   0.756
   0.748
   0.749
   0.768
   0.802
   0.848
   0.899
   0.946
   0.990
   1.023
   1.049
   1.065
   1.078
   1.099
   1.121
   1.153
   1.194
   1.246
   1.301
   1.352
   1.395
   1.444
   1.495
   1.550
   1.554
   0.000
 -65.534
 -65.534
 -65.534
 -65.534
 -65.534
 -65.534
 -65.534
 -65.534
 -65.534
   0.568
   0.625
   0.678
   0.728
   0.777
   0.827
   0.882
   0.913
   0.939
   0.956
   0.957
   0.951
   0.935
   0.913
   0.887
   0.849
   0.809
   0.773
   0.755
   0.748
   0.754
   0.768
   0.788
   0.805
   0.819
   0.822
   0.819
   0.810
   0.798
   0.785
   0.767
   0.753
   0.737
   0.726
   0.718
   0.715
   0.710
   0.716
   0.735
   0.767
   0.812
   0.859
   0.904
   0.942
   0.975
   0.999
   1.020
   1.046
   1.072
   1.106
   1.152
   1.213
   1.276
   1.338
   1.388
   1.440
   1.496
   1.550
   1.539
   0.000
 -65.534
 -65.534
 -65.534
 -65.534
 -65.534
 -65.534
 -65.534
 -65.534
 -65.534
 -65.534
 -65.534
 -65.534
 -65.534
 -65.534
 -65.534
   0.726
   0.819
   0.872
   0.914
   0.950
   0.964
   0.964
   0.958
   0.942
   0.913
   0.872
   0.832
   0.797
   0.774
   0.761
   0.755
   0.753
   0.750
   0.748
   0.745
   0.740
   0.734
   0.728
   0.727
   0.721
   0.709
   0.698
   0.690
   0.688
   0.691
   0.693
   0.694
   0.704
   0.723
   0.753
   0.792
   0.836
   0.877
   0.914
   0.944
   0.973
   1.001
   1.032
   1.069
   1.119
   1.185
   1.253
   1.318
   1.376
   1.429
   1.480
   1.529
   1.507
   0.000
 -65.534
 -65.534
 -65.534
 -65.534
 -65.534
 -65.534
 -65.534
 -65.534
 -65.534
 -65.534
 -65.534
 -65.534
 -65.534
 -65.534
 -65.534
 -65.534
 -65.534
 -65.534
 -65.534
   0.852
   0.953
   0.991
   1.009
   1.012
   0.996
   0.961
   0.916
   0.877
   0.836
   0.804
   0.777
   0.755
   0.732
   0.713
   0.700
   0.690
   0.687
   0.684
   0.686
   0.686
   0.685
   0.676
   0.669
   0.667
   0.671
   0.679
   0.686
   0.696
   0.708
   0.728
   0.751
   0.784
   0.823
   0.859
   0.892
   0.925
   0.956
   0.989
   1.034
   1.088
   1.156
   1.226
   1.291
   1.348
   1.400
   1.444
   1.487
   1.455
   0.000
 -65.534
 -65.534
 -65.534
 -65.534
 -65.534
 -65.534
 -65.534
 -65.534
 -65.534
 -65.534
 -65.534
 -65.534
 -65.534
 -65.534
 -65.534
 -65.534
 -65.534
 -65.534
   0.597
   0.888
   0.981
   1.035
   1.072
   1.092
   1.084
   1.057
   1.014
   0.968
   0.922
   0.881
   0.839
   0.799
   0.761
   0.727
   0.701
   0.684
   0.673
   0.670
   0.672
   0.677
   0.679
   0.678
   0.673
   0.669
   0.666
   0.668
   0.677
   0.689
   0.703
   0.721
   0.743
   0.768
   0.798
   0.827
   0.854
   0.882
   0.913
   0.952
   1.000
   1.056
   1.121
   1.188
   1.250
   1.306
   1.354
   1.394
   1.434
   1.393
   0.000
 -65.534
 -65.534
 -65.534
 -65.534
 -65.534
 -65.534
 -65.534
 -65.534
 -65.534
 -65.534
 -65.534
 -65.534
 -65.534
 -65.534
 -65.534
 -65.534
 -65.534
   0.610
   0.823
   0.973
   1.050
   1.103
   1.147
   1.175
   1.175
   1.152
   1.114
   1.070
   1.022
   0.977
   0.932
   0.881
   0.831
   0.784
   0.745
   0.719
   0.698
   0.687
   0.681
   0.683
   0.688
   0.693
   0.697
   0.700
   0.699
   0.693
   0.689
   0.695
   0.707
   0.727
   0.750
   0.774
   0.797
   0.816
   0.835
   0.858
   0.886
   0.923
   0.969
   1.025
   1.086
   1.147
   1.205
   1.255
   1.300
   1.340
   1.376
   1.334
   0.000
 -65.534
 -65.534
 -65.534
 -65.534
 -65.534
 -65.534
 -65.534
 -65.534
 -65.534
 -65.534
 -65.534
 -65.534
 -65.534
 -65.534
 -65.534
 -65.534
 -65.534
   0.809
   0.966
   1.063
   1.127
   1.179
   1.234
   1.267
   1.266
   1.245
   1.210
   1.170
   1.122
   1.081
   1.032
   0.979
   0.918
   0.864
   0.815
   0.773
   0.743
   0.720
   0.705
   0.701
   0.707
   0.718
   0.730
   0.743
   0.747
   0.739
   0.727
   0.722
   0.726
   0.741
   0.761
   0.785
   0.806
   0.820
   0.832
   0.848
   0.870
   0.902
   0.946
   0.996
   1.050
   1.105
   1.156
   1.200
   1.241
   1.280
   1.316
   1.282
   0.000
 -65.534
 -65.534
 -65.534
 -65.534
 -65.534
 -65.534
 -65.534
 -65.534
 -65.534
 -65.534
 -65.534
 -65.534
 -65.534
 -65.534
 -65.534
 -65.534
 -65.534
   0.908
   1.041
   1.120
   1.181
   1.247
   1.314
   1.355
   1.357
   1.334
   1.298
   1.256
   1.212
   1.168
   1.119
   1.060
   0.998
   0.936
   0.878
   0.827
   0.784
   0.751
   0.735
   0.732
   0.737
   0.750
   0.767
   0.783
   0.789
   0.778
   0.762
   0.751
   0.749
   0.756
   0.770
   0.789
   0.809
   0.823
   0.839
   0.853
   0.871
   0.899
   0.934
   0.975
   1.018
   1.063
   1.104
   1.143
   1.186
   1.224
   1.259
   1.234
   0.000
 -65.534
 -65.534
 -65.534
 -65.534
 -65.534
 -65.534
 -65.534
 -65.534
 -65.534
 -65.534
 -65.534
 -65.534
 -65.534
 -65.534
 -65.534
 -65.534
 -65.534
   0.937
   1.063
   1.144
   1.214
   1.295
   1.379
   1.433
   1.438
   1.409
   1.377
   1.331
   1.285
   1.237
   1.188
   1.127
   1.063
   0.998
   0.934
   0.878
   0.828
   0.792
   0.775
   0.776
   0.789
   0.804
   0.817
   0.824
   0.823
   0.811
   0.792
   0.774
   0.769
   0.771
   0.780
   0.796
   0.813
   0.830
   0.849
   0.865
   0.884
   0.904
   0.932
   0.964
   0.996
   1.030
   1.061
   1.094
   1.130
   1.162
   1.197
   1.174
   0.000
 -65.534
 -65.534
 -65.534
 -65.534
 -65.534
 -65.534
 -65.534
 -65.534
 -65.534
 -65.534
 -65.534
 -65.534
 -65.534
 -65.534
 -65.534
 -65.534
 -65.534
 -65.534
   1.019
   1.134
   1.229
   1.323
   1.409
   1.466
   1.472
   1.449
   1.416
   1.378
   1.334
   1.293
   1.248
   1.189
   1.123
   1.055
   0.991
   0.933
   0.879
   0.841
   0.825
   0.829
   0.843
   0.857
   0.864
   0.868
   0.866
   0.852
   0.829
   0.807
   0.796
   0.795
   0.800
   0.814
   0.828
   0.844
   0.860
   0.880
   0.898
   0.918
   0.939
   0.961
   0.985
   1.011
   1.032
   1.056
   1.079
   1.103
   1.128
   1.097
   0.000
 -65.534
 -65.534
 -65.534
 -65.534
 -65.534
 -65.534
 -65.534
 -65.534
 -65.534
 -65.534
 -65.534
 -65.534
 -65.534
 -65.534
 -65.534
 -65.534
 -65.534
 -65.534
 -65.534
   1.063
   1.205
   1.309
   1.387
   1.431
   1.438
   1.425
   1.403
   1.379
   1.353
   1.332
   1.303
   1.250
   1.185
   1.116
   1.056
   1.006
   0.961
   0.908
   0.881
   0.880
   0.882
   0.887
   0.895
   0.908
   0.915
   0.910
   0.890
   0.867
   0.849
   0.842
   0.841
   0.850
   0.858
   0.870
   0.880
   0.895
   0.910
   0.927
   0.946
   0.964
   0.983
   1.000
   1.013
   1.023
   1.035
   1.041
   1.049
   1.000
   0.000
 -65.534
 -65.534
 -65.534
 -65.534
 -65.534
 -65.534
 -65.534
 -65.534
 -65.534
 -65.534
 -65.534
 -65.534
 -65.534
 -65.534
 -65.534
 -65.534
 -65.534
 -65.534
 -65.534
 -65.534
   1.100
   1.216
   1.302
   1.344
   1.371
   1.368
   1.364
   1.359
   1.356
   1.359
   1.349
   1.307
   1.240
   1.172
   1.109
   1.032
 -65.534
 -65.534
 -65.534
 -65.534
   0.767
   0.839
   0.885
   0.924
   0.963
   0.980
   0.973
   0.951
   0.930
   0.915
   0.911
   0.910
   0.913
   0.913
   0.916
   0.922
   0.930
   0.944
   0.957
   0.969
   0.982
   0.987
   0.990
   0.989
   0.985
   0.980
   0.969
   0.905
   0.000
 -65.534
 -65.534
 -65.534
 -65.534
 -65.534
 -65.534
 -65.534
 -65.534
 -65.534
 -65.534
 -65.534
 -65.534
 -65.534
 -65.534
 -65.534
 -65.534
 -65.534
 -65.534
 -65.534
 -65.534
 -65.534
 -65.534
 -65.534
 -65.534
   1.222
   1.293
   1.319
   1.336
   1.351
   1.362
   1.363
   1.331
   1.273
   1.207
   1.146
   1.043
 -65.534
 -65.534
 -65.534
 -65.534
 -65.534
 -65.534
   0.811
   0.922
   1.006
   1.051
   1.054
   1.040
   1.020
   1.005
   0.993
   0.982
   0.973
   0.966
   0.960
   0.959
   0.961
   0.965
   0.969
   0.971
   0.971
   0.969
   0.959
   0.944
   0.925
   0.906
   0.880
   0.809
   0.000
 -65.534
 -65.534
 -65.534
 -65.534
 -65.534
 -65.534
 -65.534
 -65.534
 -65.534
 -65.534
 -65.534
 -65.534
 -65.534
 -65.534
 -65.534
 -65.534
 -65.534
 -65.534
 -65.534
 -65.534
 -65.534
 -65.534
 -65.534
 -65.534
   1.061
   1.155
   1.203
   1.244
   1.288
   1.332
   1.337
   1.313
   1.270
   1.220
   1.169
   1.062
 -65.534
 -65.534
 -65.534
 -65.534
 -65.534
 -65.534
 -65.534
   0.896
   1.035
   1.104
   1.120
   1.114
   1.099
   1.079
   1.063
   1.047
   1.032
   1.018
   1.009
   1.003
   0.998
   0.992
   0.983
   0.974
   0.963
   0.945
   0.922
   0.890
   0.855
   0.820
   0.784
   0.708
   0.000
 -65.534
 -65.534
 -65.534
 -65.534
 -65.534
 -65.534
 -65.534
 -65.534
 -65.534
 -65.534
 -65.534
 -65.534
 -65.534
 -65.534
 -65.534
 -65.534
 -65.534
 -65.534
 -65.534
 -65.534
 -65.534
 -65.534
 -65.534
 -65.534
 -65.534
 -65.534
 -65.534
 -65.534
 -65.534
   1.137
   1.209
   1.226
   1.238
   1.218
   1.176
   1.077
   0.636
 -65.534
 -65.534
 -65.534
 -65.534
 -65.534
 -65.534
   0.866
   1.031
 -65.534
   1.010
   1.108
   1.126
   1.136
   1.130
   1.116
   1.089
   1.070
   1.057
   1.049
   1.040
   1.026
   1.006
   0.982
   0.956
   0.923
   0.881
   0.833
   0.783
   0.735
   0.687
   0.611
   0.000
 -65.534
 -65.534
 -65.534
 -65.534
 -65.534
 -65.534
 -65.534
 -65.534
 -65.534
 -65.534
 -65.534
 -65.534
 -65.534
 -65.534
 -65.534
 -65.534
 -65.534
 -65.534
 -65.534
 -65.534
 -65.534
 -65.534
 -65.534
 -65.534
 -65.534
 -65.534
 -65.534
 -65.534
 -65.534
 -65.534
 -65.534
 -65.534
   1.094
   1.173
   1.159
   1.070
   0.828
   0.545
 -65.534
 -65.534
 -65.534
 -65.534
 -65.534
 -65.534
 -65.534
 -65.534
 -65.534
 -65.534
 -65.534
   0.975
   1.095
   1.121
   1.134
   1.121
   1.105
   1.080
   1.060
   1.035
   1.004
   0.973
   0.935
   0.891
   0.839
   0.780
   0.723
   0.667
   0.614
   0.538
   0.000
 -65.534
 -65.534
 -65.534
 -65.534
 -65.534
 -65.534
 -65.534
 -65.534
 -65.534
 -65.534
 -65.534
 -65.534
 -65.534
 -65.534
 -65.534
 -65.534
 -65.534
 -65.534
 -65.534
 -65.534
 -65.534
 -65.534
 -65.534
 -65.534
 -65.534
 -65.534
 -65.534
 -65.534
 -65.534
 -65.534
 -65.534
 -65.534
   0.959
   1.061
   1.073
   1.006
   0.864
   0.696
   0.514
   0.395
 -65.534
 -65.534
 -65.534
 -65.534
 -65.534
 -65.534
 -65.534
 -65.534
 -65.534
 -65.534
 -65.534
 -65.534
   0.921
   1.032
   1.047
   1.052
   1.033
   1.005
   0.974
   0.940
   0.903
   0.858
   0.805
   0.744
   0.686
   0.631
   0.577
   0.497
   0.000
 -65.534
 -65.534
 -65.534
 -65.534
 -65.534
 -65.534
 -65.534
 -65.534
 -65.534
 -65.534
 -65.534
 -65.534
 -65.534
 -65.534
 -65.534
 -65.534
 -65.534
 -65.534
 -65.534
 -65.534
 -65.534
 -65.534
 -65.534
 -65.534
 -65.534
 -65.534
 -65.534
 -65.534
 -65.534
 -65.534
 -65.534
 -65.534
 -65.534
 -65.534
 -65.534
 -65.534
   0.682
   0.664
   0.592
   0.513
   0.413
   0.365
   0.336
   0.327
   0.325
 -65.534
 -65.534
 -65.534
 -65.534
 -65.534
 -65.534
 -65.534
 -65.534
 -65.534
 -65.534
   0.820
   0.932
   0.944
   0.928
   0.899
   0.868
   0.826
   0.776
   0.723
   0.672
   0.616
   0.559
   0.475
   0.000
 -65.534
 -65.534
 -65.534
 -65.534
 -65.534
 -65.534
 -65.534
 -65.534
 -65.534
 -65.534
 -65.534
 -65.534
 -65.534
 -65.534
 -65.534
 -65.534
 -65.534
 -65.534
 -65.534
 -65.534
 -65.534
 -65.534
 -65.534
 -65.534
 -65.534
 -65.534
 -65.534
 -65.534
 -65.534
 -65.534
 -65.534
 -65.534
 -65.534
 -65.534
 -65.534
 -65.534
 -65.534
 -65.534
 -65.534
 -65.534
   0.381
 -65.534
 -65.534
 -65.534
 -65.534
 -65.534
 -65.534
 -65.534
 -65.534
 -65.534
 -65.534
 -65.534
 -65.534
 -65.534
 -65.534
   0.658
   0.791
   0.827
   0.825
   0.822
   0.806
   0.769
   0.724
   0.680
   0.636
   0.588
   0.538
   0.451
   0.000
 -65.534
 -65.534
 -65.534
 -65.534
 -65.534
 -65.534
 -65.534
 -65.534
 -65.534
 -65.534
 -65.534
 -65.534
 -65.534
 -65.534
 -65.534
 -65.534
 -65.534
 -65.534
 -65.534
 -65.534
 -65.534
 -65.534
 -65.534
 -65.534
 -65.534
 -65.534
 -65.534
 -65.534
 -65.534
 -65.534
 -65.534
 -65.534
 -65.534
 -65.534
 -65.534
 -65.534
 -65.534
 -65.534
 -65.534
 -65.534
 -65.534
 -65.534
 -65.534
 -65.534
 -65.534
 -65.534
 -65.534
 -65.534
 -65.534
 -65.534
 -65.534
 -65.534
 -65.534
 -65.534
 -65.534
 -65.534
 -65.534
 -65.534
 -65.534
   0.606
   0.669
   0.658
   0.622
   0.590
   0.566
   0.540
   0.508
   0.426
   0.000
 -65.534
 -65.534
 -65.534
 -65.534
 -65.534
 -65.534
 -65.534
 -65.534
 -65.534
 -65.534
 -65.534
 -65.534
 -65.534
 -65.534
 -65.534
 -65.534
 -65.534
 -65.534
 -65.534
 -65.534
 -65.534
 -65.534
 -65.534
 -65.534
 -65.534
 -65.534
 -65.534
 -65.534
 -65.534
 -65.534
 -65.534
 -65.534
 -65.534
 -65.534
 -65.534
 -65.534
 -65.534
 -65.534
 -65.534
 -65.534
 -65.534
 -65.534
 -65.534
 -65.534
 -65.534
 -65.534
 -65.534
 -65.534
 -65.534
 -65.534
 -65.534
 -65.534
 -65.534
 -65.534
 -65.534
 -65.534
 -65.534
 -65.534
 -65.534
 -65.534
 -65.534
   0.000
   0.000
   0.000
   0.000
   0.000
   0.000
   0.000
 -65.534
