 -65.534
   0.000
   0.000
   0.000
   0.000
   0.000
   0.000
   0.000
   0.000
   0.000
   0.000
   0.000
   0.000
   0.000
   0.000
   0.000
   0.000
   0.000
   0.000
   0.000
   0.000
   0.000
   0.000
   0.000
   0.000
   0.000
   0.000
   0.000
   0.000
   0.000
   0.000
   0.000
   0.000
   0.000
   0.000
   0.000
   0.000
   0.000
   0.000
   0.000
   0.000
   0.000
   0.000
   0.000
   0.000
   0.000
   0.000
   0.000
   0.000
   0.000
   0.000
   0.000
   0.000
   0.000
   0.000
   0.000
   0.000
   0.000
   0.000
   0.000
   0.000
   0.000
   0.000
   0.000
   0.000
   0.000
   0.000
   0.000
 -65.534
   0.000
   1.229
   1.427
   1.582
   1.735
   1.862
   1.953
   2.017
   2.060
   2.098
   2.144
   2.199
   2.266
   2.336
   2.402
   2.467
   2.517
   2.563
   2.612
   2.670
   2.735
   2.801
   2.849
   2.894
   2.829
   2.706
   2.581
   2.464
   2.348
   2.252
   2.164
   2.072
   1.999
   1.942
   1.871
   1.806
   1.720
   1.641
   1.576
   1.499
   1.430
   1.351
   1.260
   1.175
   1.080
   0.993
   0.951
   0.966
   1.013
   1.095
   1.183
   1.268
   1.358
   1.433
   1.541
   1.621
   1.688
   1.734
   1.754
   1.758
   1.750
   1.730
   1.701
   1.671
   1.635
   1.602
   1.567
   1.483
   0.000
   0.000
   1.266
   1.446
   1.581
   1.735
   1.882
   2.013
   2.121
   2.202
   2.278
   2.350
   2.426
   2.504
   2.572
   2.628
   2.676
   2.713
   2.746
   2.772
   2.804
   2.841
   2.877
   2.900
   2.913
   2.860
   2.768
   2.672
   2.572
   2.482
   2.407
   2.334
   2.265
   2.203
   2.148
   2.082
   2.006
   1.921
   1.825
   1.731
   1.642
   1.549
   1.455
   1.350
   1.242
   1.123
   1.013
   0.966
   0.991
   1.068
   1.184
   1.317
   1.449
   1.581
   1.708
   1.835
   1.942
   2.041
   2.112
   2.153
   2.176
   2.175
   2.159
   2.128
   2.096
   2.064
   2.030
   1.988
   1.870
   0.000
   0.000
   1.244
   1.405
   1.519
   1.658
   1.799
   1.936
   2.063
   2.175
   2.278
   2.378
   2.468
   2.548
   2.615
   2.658
   2.687
   2.712
   2.728
   2.743
   2.762
   2.781
   2.796
   2.800
   2.783
   2.749
   2.688
   2.623
   2.556
   2.490
   2.429
   2.370
   2.318
   2.274
   2.221
   2.158
   2.081
   1.985
   1.879
   1.772
   1.668
   1.568
   1.461
   1.342
   1.216
   1.084
   0.968
   0.911
   0.935
   1.028
   1.169
   1.334
   1.500
   1.658
   1.813
   1.959
   2.094
   2.213
   2.298
   2.346
   2.372
   2.374
   2.358
   2.327
   2.300
   2.270
   2.239
   2.201
   2.068
   0.000
   0.000
   1.231
   1.381
   1.472
   1.586
   1.709
   1.838
   1.967
   2.093
   2.213
   2.326
   2.428
   2.514
   2.579
   2.619
   2.640
   2.652
   2.665
   2.674
   2.682
   2.691
   2.699
   2.694
   2.670
   2.645
   2.607
   2.571
   2.536
   2.504
   2.468
   2.429
   2.388
   2.356
   2.314
   2.253
   2.174
   2.072
   1.953
   1.830
   1.716
   1.600
   1.481
   1.350
   1.207
   1.061
   0.936
   0.867
   0.876
   0.964
   1.119
   1.315
   1.515
   1.700
   1.876
   2.042
   2.193
   2.320
   2.414
   2.468
   2.495
   2.501
   2.487
   2.461
   2.437
   2.413
   2.384
   2.346
   2.203
   0.000
   0.000
   1.234
   1.373
   1.452
   1.546
   1.648
   1.760
   1.880
   2.008
   2.130
   2.247
   2.349
   2.431
   2.489
   2.526
   2.547
   2.561
   2.572
   2.584
   2.589
   2.596
   2.595
   2.585
   2.568
   2.545
   2.527
   2.528
   2.530
   2.534
   2.525
   2.499
   2.475
   2.447
   2.403
   2.346
   2.266
   2.164
   2.036
   1.901
   1.775
   1.650
   1.514
   1.370
   1.214
   1.060
   0.925
   0.838
   0.827
   0.907
   1.071
   1.290
   1.524
   1.741
   1.946
   2.127
   2.283
   2.409
   2.497
   2.556
   2.590
   2.602
   2.595
   2.575
   2.554
   2.535
   2.505
   2.466
   2.311
   0.000
   0.000
   1.239
   1.376
   1.451
   1.533
   1.619
   1.718
   1.828
   1.949
   2.067
   2.178
   2.272
   2.348
   2.404
   2.438
   2.458
   2.476
   2.488
   2.498
   2.505
   2.508
   2.505
   2.487
   2.473
   2.468
   2.489
   2.522
   2.560
   2.593
   2.609
   2.596
   2.575
   2.539
   2.497
   2.436
   2.358
   2.254
   2.131
   2.000
   1.867
   1.728
   1.582
   1.426
   1.258
   1.090
   0.932
   0.818
   0.786
   0.848
   1.005
   1.244
   1.503
   1.755
   1.998
   2.202
   2.361
   2.490
   2.583
   2.636
   2.668
   2.683
   2.681
   2.665
   2.647
   2.631
   2.607
   2.562
   2.399
   0.000
   0.000
   1.239
   1.382
   1.451
   1.529
   1.610
   1.701
   1.804
   1.918
   2.032
   2.139
   2.226
   2.297
   2.348
   2.382
   2.402
   2.418
   2.430
   2.442
   2.450
   2.454
   2.454
   2.448
   2.445
   2.462
   2.505
   2.562
   2.625
   2.682
   2.711
   2.703
   2.675
   2.633
   2.581
   2.515
   2.443
   2.350
   2.242
   2.120
   1.990
   1.853
   1.704
   1.538
   1.359
   1.169
   0.980
   0.833
   0.765
   0.791
   0.932
   1.162
   1.432
   1.713
   1.990
   2.233
   2.420
   2.561
   2.655
   2.703
   2.731
   2.741
   2.740
   2.729
   2.722
   2.707
   2.680
   2.635
   2.473
   0.000
   0.000
   1.223
   1.376
   1.449
   1.527
   1.606
   1.696
   1.795
   1.906
   2.021
   2.127
   2.212
   2.278
   2.327
   2.359
   2.379
   2.393
   2.404
   2.414
   2.428
   2.435
   2.441
   2.447
   2.458
   2.496
   2.554
   2.628
   2.709
   2.779
   2.816
   2.809
   2.775
   2.725
   2.660
   2.590
   2.523
   2.446
   2.354
   2.249
   2.137
   2.013
   1.868
   1.709
   1.526
   1.321
   1.104
   0.924
   0.824
   0.811
   0.903
   1.088
   1.338
   1.622
   1.920
   2.204
   2.428
   2.599
   2.700
   2.746
   2.773
   2.784
   2.782
   2.776
   2.774
   2.764
   2.739
   2.695
   2.527
   0.000
   0.000
   1.184
   1.346
   1.431
   1.514
   1.595
   1.685
   1.787
   1.903
   2.017
   2.126
   2.213
   2.280
   2.325
   2.356
   2.374
   2.389
   2.400
   2.409
   2.422
   2.439
   2.453
   2.471
   2.497
   2.542
   2.614
   2.697
   2.791
   2.869
   2.905
   2.899
   2.863
   2.809
   2.740
   2.666
   2.605
   2.543
   2.465
   2.380
   2.292
   2.189
   2.061
   1.912
   1.745
   1.545
   1.323
   1.117
   0.984
   0.940
   0.977
   1.094
   1.292
   1.547
   1.835
   2.120
   2.376
   2.576
   2.700
   2.769
   2.805
   2.819
   2.818
   2.818
   2.815
   2.807
   2.779
   2.735
   2.565
   0.000
   0.000
   1.122
   1.289
   1.383
   1.476
   1.568
   1.662
   1.766
   1.881
   2.001
   2.115
   2.209
   2.280
   2.330
   2.359
   2.378
   2.390
   2.405
   2.419
   2.434
   2.457
   2.483
   2.510
   2.543
   2.596
   2.675
   2.767
   2.863
   2.939
   2.975
   2.974
   2.946
   2.896
   2.830
   2.766
   2.712
   2.658
   2.596
   2.528
   2.461
   2.378
   2.270
   2.142
   1.992
   1.818
   1.614
   1.407
   1.243
   1.154
   1.142
   1.197
   1.336
   1.531
   1.775
   2.031
   2.280
   2.492
   2.655
   2.755
   2.810
   2.840
   2.849
   2.846
   2.844
   2.833
   2.802
   2.755
   2.580
   0.000
   0.000
   1.057
   1.221
   1.318
   1.416
   1.510
   1.615
   1.726
   1.838
   1.957
   2.072
   2.174
   2.255
   2.318
   2.356
   2.380
   2.397
   2.413
   2.433
   2.456
   2.484
   2.517
   2.551
   2.590
   2.649
   2.723
   2.811
   2.909
   2.982
   3.026
   3.036
   3.020
   2.983
   2.925
   2.875
   2.833
   2.794
   2.747
   2.695
   2.641
   2.576
   2.493
   2.391
   2.265
   2.110
   1.936
   1.747
   1.576
   1.446
   1.384
   1.391
   1.467
   1.591
   1.771
   1.983
   2.195
   2.401
   2.579
   2.709
   2.797
   2.849
   2.869
   2.878
   2.876
   2.860
   2.827
   2.771
   2.578
   0.000
   0.000
   0.997
   1.151
   1.244
   1.336
   1.431
   1.539
   1.649
   1.766
   1.882
   1.995
   2.098
   2.190
   2.265
   2.318
   2.357
   2.387
   2.413
   2.440
   2.471
   2.506
   2.545
   2.583
   2.626
   2.687
   2.759
   2.842
   2.931
   3.007
   3.061
   3.079
   3.081
   3.061
   3.019
   2.984
   2.958
   2.931
   2.896
   2.858
   2.822
   2.778
   2.718
   2.644
   2.544
   2.415
   2.268
   2.107
   1.935
   1.782
   1.675
   1.635
   1.660
   1.727
   1.834
   1.976
   2.143
   2.318
   2.494
   2.640
   2.751
   2.827
   2.873
   2.895
   2.901
   2.886
   2.848
   2.780
   2.564
   0.000
 -65.534
 -65.534
   1.027
   1.159
   1.246
   1.339
   1.437
   1.545
   1.656
   1.767
   1.877
   1.985
   2.081
   2.170
   2.238
   2.296
   2.341
   2.383
   2.420
   2.461
   2.505
   2.552
   2.595
   2.643
   2.707
   2.779
   2.858
   2.940
   3.017
   3.074
   3.110
   3.127
   3.119
   3.096
   3.078
   3.065
   3.053
   3.030
   3.008
   2.988
   2.965
   2.927
   2.879
   2.810
   2.712
   2.599
   2.460
   2.300
   2.131
   1.990
   1.902
   1.868
   1.883
   1.920
   1.997
   2.109
   2.246
   2.399
   2.546
   2.675
   2.776
   2.844
   2.901
   2.921
   2.909
   2.865
   2.781
   2.530
   0.000
 -65.534
 -65.534
 -65.534
   1.018
   1.147
   1.236
   1.329
   1.422
   1.521
   1.624
   1.730
   1.836
   1.935
   2.029
   2.113
   2.190
   2.253
   2.313
   2.363
   2.415
   2.467
   2.519
   2.574
   2.636
   2.704
   2.781
   2.861
   2.940
   3.019
   3.079
   3.124
   3.150
   3.158
   3.160
   3.168
   3.157
   3.156
   3.150
   3.139
   3.134
   3.126
   3.116
   3.090
   3.044
   2.978
   2.894
   2.784
   2.639
   2.472
   2.307
   2.175
   2.088
   2.047
   2.027
   2.041
   2.096
   2.196
   2.318
   2.453
   2.585
   2.704
   2.798
   2.859
   2.898
   2.893
   2.847
   2.756
   2.478
   0.000
 -65.534
 -65.534
 -65.534
 -65.534
   1.001
   1.131
   1.208
   1.290
   1.376
   1.470
   1.570
   1.670
   1.770
   1.866
   1.960
   2.046
   2.124
   2.192
   2.256
   2.314
   2.377
   2.439
   2.504
   2.577
   2.656
   2.744
   2.832
   2.918
   2.997
   3.063
   3.112
   3.148
   3.171
   3.195
   3.220
   3.236
   3.258
   3.250
   3.252
   3.259
   3.270
   3.278
   3.273
   3.249
   3.207
   3.150
   3.069
   2.944
   2.779
   2.607
   2.442
   2.303
   2.206
   2.152
   2.122
   2.131
   2.188
   2.281
   2.394
   2.516
   2.631
   2.724
   2.789
   2.828
   2.828
   2.786
   2.687
   2.384
   0.000
 -65.534
 -65.534
 -65.534
 -65.534
   0.898
   1.015
   1.082
   1.153
   1.228
   1.313
   1.407
   1.500
   1.597
   1.696
   1.788
   1.876
   1.960
   2.038
   2.105
   2.166
   2.229
   2.296
   2.370
   2.451
   2.543
   2.644
   2.744
   2.841
   2.933
   3.009
   3.068
   3.117
   3.158
   3.197
   3.241
   3.283
   3.319
   3.335
   3.352
   3.357
   3.382
   3.407
   3.421
   3.418
   3.389
   3.355
   3.301
   3.199
   3.049
   2.875
   2.687
   2.510
   2.370
   2.278
   2.231
   2.211
   2.238
   2.294
   2.374
   2.471
   2.566
   2.645
   2.699
   2.725
   2.716
   2.671
   2.572
   2.252
   0.000
 -65.534
 -65.534
 -65.534
 -65.534
   0.815
   0.911
   0.962
   1.022
   1.087
   1.166
   1.249
   1.338
   1.427
   1.519
   1.609
   1.700
   1.780
   1.856
   1.921
   1.984
   2.042
   2.104
   2.175
   2.260
   2.359
   2.469
   2.585
   2.700
   2.808
   2.902
   2.983
   3.049
   3.105
   3.161
   3.222
   3.282
   3.336
   3.375
   3.405
   3.419
   3.443
   3.478
   3.518
   3.530
   3.519
   3.496
   3.455
   3.375
   3.245
   3.088
   2.895
   2.696
   2.528
   2.408
   2.340
   2.309
   2.307
   2.340
   2.394
   2.462
   2.531
   2.586
   2.618
   2.625
   2.602
   2.545
   2.434
   2.104
   0.000
 -65.534
 -65.534
 -65.534
 -65.534
   0.746
   0.826
   0.865
   0.907
   0.960
   1.030
   1.106
   1.188
   1.270
   1.352
   1.435
   1.516
   1.593
   1.670
   1.734
   1.785
   1.835
   1.888
   1.950
   2.035
   2.132
   2.247
   2.371
   2.502
   2.628
   2.739
   2.838
   2.923
   2.999
   3.068
   3.139
   3.213
   3.279
   3.337
   3.379
   3.411
   3.441
   3.487
   3.536
   3.563
   3.573
   3.567
   3.536
   3.470
   3.372
   3.232
   3.060
   2.861
   2.677
   2.541
   2.452
   2.405
   2.388
   2.406
   2.445
   2.491
   2.538
   2.570
   2.584
   2.568
   2.529
   2.458
   2.328
   1.979
   0.000
 -65.534
 -65.534
 -65.534
 -65.534
 -65.534
 -65.534
 -65.534
 -65.534
   0.828
   0.920
   0.986
   1.059
   1.130
   1.201
   1.273
   1.344
   1.415
   1.487
   1.552
   1.607
   1.647
   1.689
   1.738
   1.815
   1.913
   2.027
   2.150
   2.279
   2.407
   2.529
   2.641
   2.739
   2.826
   2.905
   2.987
   3.071
   3.148
   3.219
   3.275
   3.328
   3.381
   3.443
   3.501
   3.554
   3.581
   3.586
   3.563
   3.520
   3.442
   3.337
   3.194
   3.017
   2.824
   2.672
   2.576
   2.520
   2.494
   2.494
   2.526
   2.564
   2.598
   2.617
   2.612
   2.579
   2.524
   2.434
   2.283
   1.919
   0.000
 -65.534
 -65.534
 -65.534
 -65.534
 -65.534
 -65.534
   0.371
   0.576
   0.763
   0.827
   0.890
   0.952
   1.015
   1.073
   1.135
   1.196
   1.259
   1.328
   1.392
   1.442
   1.482
   1.521
   1.574
   1.638
   1.720
   1.832
   1.951
   2.077
   2.198
   2.317
   2.422
   2.521
   2.614
   2.702
   2.789
   2.876
   2.963
   3.044
   3.119
   3.194
   3.272
   3.351
   3.433
   3.502
   3.546
   3.555
   3.551
   3.526
   3.471
   3.381
   3.272
   3.127
   2.951
   2.796
   2.697
   2.637
   2.608
   2.603
   2.625
   2.650
   2.672
   2.680
   2.663
   2.619
   2.551
   2.444
   2.274
   1.884
   0.000
 -65.534
 -65.534
 -65.534
 -65.534
 -65.534
 -65.534
 -65.534
 -65.534
 -65.534
   0.722
   0.805
   0.857
   0.913
   0.963
   1.013
   1.073
   1.134
   1.197
   1.263
   1.313
   1.349
   1.390
   1.441
   1.508
   1.592
   1.686
   1.789
   1.903
   2.014
   2.116
   2.212
   2.307
   2.400
   2.490
   2.583
   2.674
   2.767
   2.855
   2.942
   3.034
   3.129
   3.225
   3.319
   3.392
   3.442
   3.465
   3.468
   3.460
   3.418
   3.362
   3.288
   3.186
   3.043
   2.906
   2.801
   2.735
   2.702
   2.694
   2.695
   2.698
   2.700
   2.691
   2.667
   2.617
   2.542
   2.430
   2.242
   1.821
   0.000
 -65.534
 -65.534
 -65.534
 -65.534
 -65.534
 -65.534
 -65.534
 -65.534
 -65.534
 -65.534
 -65.534
 -65.534
 -65.534
 -65.534
 -65.534
   0.929
   1.026
   1.086
   1.153
   1.227
   1.265
   1.303
   1.352
   1.412
   1.492
   1.581
   1.677
   1.767
   1.860
   1.953
   2.039
   2.124
   2.207
   2.297
   2.392
   2.486
   2.583
   2.679
   2.793
   2.893
   2.992
   3.087
   3.172
   3.247
   3.303
   3.329
   3.342
   3.341
   3.330
   3.302
   3.262
   3.195
   3.094
   2.986
   2.892
   2.819
   2.765
   2.735
   2.711
   2.685
   2.662
   2.645
   2.624
   2.580
   2.507
   2.390
   2.197
   1.759
   0.000
 -65.534
 -65.534
 -65.534
 -65.534
 -65.534
 -65.534
 -65.534
 -65.534
 -65.534
 -65.534
 -65.534
 -65.534
 -65.534
 -65.534
 -65.534
 -65.534
 -65.534
 -65.534
 -65.534
   1.141
   1.214
   1.254
   1.304
   1.359
   1.427
   1.506
   1.589
   1.676
   1.756
   1.825
   1.899
   1.979
   2.057
   2.144
   2.239
   2.338
   2.435
   2.536
   2.640
   2.750
   2.850
   2.945
   3.033
   3.103
   3.155
   3.185
   3.198
   3.210
   3.220
   3.211
   3.200
   3.172
   3.110
   3.030
   2.957
   2.881
   2.812
   2.755
   2.702
   2.647
   2.608
   2.590
   2.571
   2.535
   2.466
   2.355
   2.174
   1.734
   0.000
 -65.534
 -65.534
 -65.534
 -65.534
 -65.534
 -65.534
 -65.534
 -65.534
 -65.534
 -65.534
 -65.534
 -65.534
 -65.534
 -65.534
 -65.534
 -65.534
 -65.534
 -65.534
   0.960
   1.171
   1.200
   1.245
   1.289
   1.336
   1.394
   1.458
   1.533
   1.609
   1.682
   1.748
   1.807
   1.872
   1.944
   2.024
   2.116
   2.213
   2.311
   2.408
   2.507
   2.611
   2.719
   2.821
   2.908
   2.979
   3.025
   3.042
   3.046
   3.054
   3.063
   3.083
   3.096
   3.087
   3.055
   3.002
   2.938
   2.863
   2.805
   2.745
   2.683
   2.617
   2.569
   2.542
   2.518
   2.482
   2.415
   2.314
   2.140
   1.691
   0.000
 -65.534
 -65.534
 -65.534
 -65.534
 -65.534
 -65.534
 -65.534
 -65.534
 -65.534
 -65.534
 -65.534
 -65.534
 -65.534
 -65.534
 -65.534
 -65.534
 -65.534
   0.893
   1.158
   1.184
   1.222
   1.258
   1.295
   1.337
   1.382
   1.436
   1.499
   1.564
   1.629
   1.688
   1.739
   1.790
   1.855
   1.923
   2.002
   2.090
   2.180
   2.271
   2.367
   2.465
   2.580
   2.692
   2.795
   2.872
   2.914
   2.922
   2.914
   2.908
   2.915
   2.930
   2.944
   2.949
   2.927
   2.886
   2.840
   2.797
   2.755
   2.708
   2.654
   2.598
   2.551
   2.514
   2.485
   2.444
   2.377
   2.277
   2.098
   1.653
   0.000
 -65.534
 -65.534
 -65.534
 -65.534
 -65.534
 -65.534
 -65.534
 -65.534
 -65.534
 -65.534
 -65.534
 -65.534
 -65.534
 -65.534
 -65.534
 -65.534
 -65.534
   1.028
   1.163
   1.193
   1.238
   1.270
   1.305
   1.337
   1.371
   1.412
   1.464
   1.521
   1.578
   1.630
   1.674
   1.708
   1.755
   1.810
   1.874
   1.950
   2.033
   2.119
   2.210
   2.309
   2.423
   2.540
   2.652
   2.740
   2.788
   2.797
   2.784
   2.773
   2.773
   2.776
   2.780
   2.768
   2.747
   2.717
   2.685
   2.655
   2.633
   2.607
   2.570
   2.526
   2.493
   2.474
   2.447
   2.405
   2.337
   2.234
   2.061
   1.647
   0.000
 -65.534
 -65.534
 -65.534
 -65.534
 -65.534
 -65.534
 -65.534
 -65.534
 -65.534
 -65.534
 -65.534
 -65.534
 -65.534
 -65.534
 -65.534
 -65.534
 -65.534
   1.000
   1.127
   1.178
   1.227
   1.265
   1.299
   1.324
   1.348
   1.379
   1.418
   1.466
   1.515
   1.561
   1.597
   1.619
   1.653
   1.692
   1.745
   1.808
   1.881
   1.961
   2.050
   2.148
   2.253
   2.366
   2.476
   2.562
   2.618
   2.637
   2.634
   2.627
   2.620
   2.614
   2.604
   2.581
   2.559
   2.531
   2.503
   2.472
   2.457
   2.442
   2.422
   2.396
   2.371
   2.352
   2.330
   2.290
   2.228
   2.120
   1.971
   1.590
   0.000
 -65.534
 -65.534
 -65.534
 -65.534
 -65.534
 -65.534
 -65.534
 -65.534
 -65.534
 -65.534
 -65.534
 -65.534
 -65.534
 -65.534
 -65.534
 -65.534
 -65.534
   0.906
   1.060
   1.127
   1.188
   1.238
   1.274
   1.297
   1.314
   1.336
   1.366
   1.402
   1.444
   1.486
   1.518
   1.531
   1.557
   1.591
   1.633
   1.690
   1.755
   1.834
   1.919
   2.009
   2.104
   2.201
   2.292
   2.372
   2.424
   2.452
   2.457
   2.455
   2.445
   2.430
   2.412
   2.387
   2.360
   2.330
   2.299
   2.271
   2.253
   2.246
   2.233
   2.222
   2.210
   2.192
   2.163
   2.115
   2.049
   1.948
   1.822
   1.463
   0.000
 -65.534
 -65.534
 -65.534
 -65.534
 -65.534
 -65.534
 -65.534
 -65.534
 -65.534
 -65.534
 -65.534
 -65.534
 -65.534
 -65.534
 -65.534
 -65.534
 -65.534
 -65.534
   0.904
   1.049
   1.122
   1.182
   1.221
   1.247
   1.259
   1.276
   1.300
   1.331
   1.365
   1.402
   1.433
   1.442
   1.467
   1.498
   1.540
   1.591
   1.652
   1.723
   1.803
   1.885
   1.976
   2.058
   2.134
   2.196
   2.242
   2.266
   2.275
   2.271
   2.262
   2.243
   2.224
   2.194
   2.167
   2.137
   2.106
   2.079
   2.063
   2.054
   2.049
   2.048
   2.039
   2.021
   1.990
   1.936
   1.855
   1.755
   1.628
   1.316
   0.000
 -65.534
 -65.534
 -65.534
 -65.534
 -65.534
 -65.534
 -65.534
 -65.534
 -65.534
 -65.534
 -65.534
 -65.534
 -65.534
 -65.534
 -65.534
 -65.534
 -65.534
 -65.534
 -65.534
   0.881
   1.024
   1.088
   1.138
   1.165
   1.185
   1.200
   1.218
   1.243
   1.274
   1.306
   1.327
   1.346
   1.370
   1.399
   1.441
   1.487
   1.532
   1.606
   1.681
   1.771
   1.852
   1.918
   1.983
   2.036
   2.070
   2.086
   2.089
   2.084
   2.073
   2.057
   2.043
   2.016
   1.989
   1.962
   1.933
   1.909
   1.889
   1.878
   1.875
   1.875
   1.866
   1.848
   1.815
   1.752
   1.672
   1.569
   1.433
   1.148
   0.000
 -65.534
 -65.534
 -65.534
 -65.534
 -65.534
 -65.534
 -65.534
 -65.534
 -65.534
 -65.534
 -65.534
 -65.534
 -65.534
 -65.534
 -65.534
 -65.534
 -65.534
 -65.534
 -65.534
 -65.534
   0.829
   0.949
   1.023
   1.076
   1.112
   1.128
   1.148
   1.167
   1.192
   1.215
   1.221
   1.240
   1.244
   1.233
   1.169
   0.953
 -65.534
 -65.534
 -65.534
 -65.534
   1.601
   1.742
   1.830
   1.877
   1.913
   1.922
   1.918
   1.911
   1.897
   1.882
   1.865
   1.838
   1.813
   1.786
   1.756
   1.732
   1.710
   1.697
   1.685
   1.683
   1.677
   1.662
   1.626
   1.562
   1.478
   1.375
   1.251
   0.991
   0.000
 -65.534
 -65.534
 -65.534
 -65.534
 -65.534
 -65.534
 -65.534
 -65.534
 -65.534
 -65.534
 -65.534
 -65.534
 -65.534
 -65.534
 -65.534
 -65.534
 -65.534
 -65.534
 -65.534
 -65.534
 -65.534
 -65.534
 -65.534
 -65.534
   1.001
   1.057
   1.082
   1.102
   1.120
   1.129
   1.126
   1.128
   1.104
   1.040
   0.905
   0.646
 -65.534
 -65.534
 -65.534
 -65.534
 -65.534
 -65.534
   1.599
   1.721
   1.754
   1.765
   1.750
   1.731
   1.712
   1.690
   1.674
   1.654
   1.628
   1.597
   1.570
   1.541
   1.512
   1.490
   1.477
   1.471
   1.465
   1.452
   1.415
   1.355
   1.275
   1.177
   1.053
   0.814
   0.000
 -65.534
 -65.534
 -65.534
 -65.534
 -65.534
 -65.534
 -65.534
 -65.534
 -65.534
 -65.534
 -65.534
 -65.534
 -65.534
 -65.534
 -65.534
 -65.534
 -65.534
 -65.534
 -65.534
 -65.534
 -65.534
 -65.534
 -65.534
 -65.534
   0.843
   0.940
   0.981
   1.021
   1.053
   1.064
   1.040
   1.016
   0.964
   0.874
   0.730
   0.538
 -65.534
 -65.534
 -65.534
 -65.534
 -65.534
 -65.534
 -65.534
   1.489
   1.551
   1.550
   1.564
   1.536
   1.522
   1.503
   1.485
   1.467
   1.444
   1.416
   1.386
   1.354
   1.323
   1.295
   1.272
   1.258
   1.239
   1.215
   1.175
   1.119
   1.046
   0.958
   0.845
   0.649
   0.000
 -65.534
 -65.534
 -65.534
 -65.534
 -65.534
 -65.534
 -65.534
 -65.534
 -65.534
 -65.534
 -65.534
 -65.534
 -65.534
 -65.534
 -65.534
 -65.534
 -65.534
 -65.534
 -65.534
 -65.534
 -65.534
 -65.534
 -65.534
 -65.534
 -65.534
 -65.534
 -65.534
 -65.534
 -65.534
   0.928
   0.930
   0.897
   0.851
   0.755
   0.636
   0.506
   0.244
 -65.534
 -65.534
 -65.534
 -65.534
 -65.534
 -65.534
   1.123
   1.019
 -65.534
   1.226
   1.259
   1.283
   1.322
   1.312
   1.300
   1.274
   1.246
   1.215
   1.179
   1.143
   1.103
   1.070
   1.041
   1.011
   0.974
   0.928
   0.867
   0.798
   0.720
   0.621
   0.465
   0.000
 -65.534
 -65.534
 -65.534
 -65.534
 -65.534
 -65.534
 -65.534
 -65.534
 -65.534
 -65.534
 -65.534
 -65.534
 -65.534
 -65.534
 -65.534
 -65.534
 -65.534
 -65.534
 -65.534
 -65.534
 -65.534
 -65.534
 -65.534
 -65.534
 -65.534
 -65.534
 -65.534
 -65.534
 -65.534
 -65.534
 -65.534
 -65.534
   0.742
   0.669
   0.586
   0.488
   0.327
   0.196
 -65.534
 -65.534
 -65.534
 -65.534
 -65.534
 -65.534
 -65.534
 -65.534
 -65.534
 -65.534
 -65.534
   0.994
   1.077
   1.096
   1.125
   1.089
   1.053
   1.000
   0.950
   0.903
   0.862
   0.820
   0.779
   0.732
   0.678
   0.618
   0.554
   0.479
   0.394
   0.278
   0.000
 -65.534
 -65.534
 -65.534
 -65.534
 -65.534
 -65.534
 -65.534
 -65.534
 -65.534
 -65.534
 -65.534
 -65.534
 -65.534
 -65.534
 -65.534
 -65.534
 -65.534
 -65.534
 -65.534
 -65.534
 -65.534
 -65.534
 -65.534
 -65.534
 -65.534
 -65.534
 -65.534
 -65.534
 -65.534
 -65.534
 -65.534
 -65.534
   0.656
   0.610
   0.554
   0.480
   0.364
   0.263
   0.182
   0.138
 -65.534
 -65.534
 -65.534
 -65.534
 -65.534
 -65.534
 -65.534
 -65.534
 -65.534
 -65.534
 -65.534
 -65.534
   0.789
   0.821
   0.803
   0.793
   0.735
   0.683
   0.636
   0.593
   0.544
   0.490
   0.435
   0.376
   0.314
   0.256
   0.189
   0.116
   0.000
 -65.534
 -65.534
 -65.534
 -65.534
 -65.534
 -65.534
 -65.534
 -65.534
 -65.534
 -65.534
 -65.534
 -65.534
 -65.534
 -65.534
 -65.534
 -65.534
 -65.534
 -65.534
 -65.534
 -65.534
 -65.534
 -65.534
 -65.534
 -65.534
 -65.534
 -65.534
 -65.534
 -65.534
 -65.534
 -65.534
 -65.534
 -65.534
 -65.534
 -65.534
 -65.534
 -65.534
   0.295
   0.258
   0.216
   0.182
   0.140
   0.113
   0.094
   0.097
   0.099
 -65.534
 -65.534
 -65.534
 -65.534
 -65.534
 -65.534
 -65.534
 -65.534
 -65.534
 -65.534
   0.494
   0.505
   0.465
   0.420
   0.367
   0.316
   0.263
   0.210
   0.155
   0.103
   0.056
   0.012
  -0.021
   0.000
 -65.534
 -65.534
 -65.534
 -65.534
 -65.534
 -65.534
 -65.534
 -65.534
 -65.534
 -65.534
 -65.534
 -65.534
 -65.534
 -65.534
 -65.534
 -65.534
 -65.534
 -65.534
 -65.534
 -65.534
 -65.534
 -65.534
 -65.534
 -65.534
 -65.534
 -65.534
 -65.534
 -65.534
 -65.534
 -65.534
 -65.534
 -65.534
 -65.534
 -65.534
 -65.534
 -65.534
 -65.534
 -65.534
 -65.534
 -65.534
   0.105
 -65.534
 -65.534
 -65.534
 -65.534
 -65.534
 -65.534
 -65.534
 -65.534
 -65.534
 -65.534
 -65.534
 -65.534
 -65.534
 -65.534
   0.165
   0.222
   0.199
   0.172
   0.164
   0.111
   0.042
  -0.013
  -0.056
  -0.092
  -0.117
  -0.140
  -0.139
   0.000
 -65.534
 -65.534
 -65.534
 -65.534
 -65.534
 -65.534
 -65.534
 -65.534
 -65.534
 -65.534
 -65.534
 -65.534
 -65.534
 -65.534
 -65.534
 -65.534
 -65.534
 -65.534
 -65.534
 -65.534
 -65.534
 -65.534
 -65.534
 -65.534
 -65.534
 -65.534
 -65.534
 -65.534
 -65.534
 -65.534
 -65.534
 -65.534
 -65.534
 -65.534
 -65.534
 -65.534
 -65.534
 -65.534
 -65.534
 -65.534
 -65.534
 -65.534
 -65.534
 -65.534
 -65.534
 -65.534
 -65.534
 -65.534
 -65.534
 -65.534
 -65.534
 -65.534
 -65.534
 -65.534
 -65.534
 -65.534
 -65.534
 -65.534
 -65.534
  -0.071
  -0.085
  -0.136
  -0.184
  -0.208
  -0.218
  -0.215
  -0.202
  -0.181
   0.000
 -65.534
 -65.534
 -65.534
 -65.534
 -65.534
 -65.534
 -65.534
 -65.534
 -65.534
 -65.534
 -65.534
 -65.534
 -65.534
 -65.534
 -65.534
 -65.534
 -65.534
 -65.534
 -65.534
 -65.534
 -65.534
 -65.534
 -65.534
 -65.534
 -65.534
 -65.534
 -65.534
 -65.534
 -65.534
 -65.534
 -65.534
 -65.534
 -65.534
 -65.534
 -65.534
 -65.534
 -65.534
 -65.534
 -65.534
 -65.534
 -65.534
 -65.534
 -65.534
 -65.534
 -65.534
 -65.534
 -65.534
 -65.534
 -65.534
 -65.534
 -65.534
 -65.534
 -65.534
 -65.534
 -65.534
 -65.534
 -65.534
 -65.534
 -65.534
 -65.534
 -65.534
   0.000
   0.000
   0.000
   0.000
   0.000
   0.000
   0.000
 -65.534
