 -65.534
   0.000
   0.000
   0.000
   0.000
   0.000
   0.000
   0.000
   0.000
   0.000
   0.000
   0.000
   0.000
   0.000
   0.000
   0.000
   0.000
   0.000
   0.000
   0.000
   0.000
   0.000
   0.000
   0.000
   0.000
   0.000
   0.000
   0.000
   0.000
   0.000
   0.000
   0.000
   0.000
   0.000
   0.000
   0.000
   0.000
   0.000
   0.000
   0.000
   0.000
   0.000
   0.000
   0.000
   0.000
   0.000
   0.000
   0.000
   0.000
   0.000
   0.000
   0.000
   0.000
   0.000
   0.000
   0.000
   0.000
   0.000
   0.000
   0.000
   0.000
   0.000
   0.000
   0.000
   0.000
   0.000
   0.000
   0.000
 -65.534
   0.000
   1.433
   1.585
   1.672
   1.755
   1.822
   1.868
   1.897
   1.909
   1.917
   1.926
   1.939
   1.953
   1.964
   1.971
   1.975
   1.976
   1.982
   2.003
   2.034
   2.072
   2.113
   2.156
   2.209
   2.214
   2.196
   2.174
   2.154
   2.122
   2.094
   2.060
   2.022
   1.984
   1.948
   1.891
   1.827
   1.757
   1.677
   1.591
   1.486
   1.386
   1.289
   1.170
   1.030
   0.911
   0.855
   0.850
   0.849
   0.844
   0.844
   0.847
   0.861
   0.882
   0.911
   0.950
   0.990
   1.023
   1.051
   1.071
   1.091
   1.104
   1.104
   1.088
   1.048
   0.996
   0.956
   0.920
   0.868
   0.000
   0.000
   1.466
   1.615
   1.694
   1.777
   1.845
   1.902
   1.941
   1.969
   1.993
   2.017
   2.035
   2.052
   2.069
   2.079
   2.089
   2.097
   2.113
   2.140
   2.180
   2.231
   2.283
   2.334
   2.387
   2.401
   2.393
   2.382
   2.364
   2.347
   2.328
   2.307
   2.279
   2.246
   2.214
   2.161
   2.097
   2.022
   1.931
   1.819
   1.696
   1.568
   1.439
   1.307
   1.160
   1.037
   0.975
   0.970
   0.980
   0.986
   0.998
   1.013
   1.035
   1.062
   1.100
   1.141
   1.185
   1.231
   1.274
   1.310
   1.338
   1.359
   1.357
   1.335
   1.287
   1.231
   1.176
   1.128
   1.051
   0.000
   0.000
   1.408
   1.554
   1.629
   1.706
   1.769
   1.825
   1.874
   1.916
   1.956
   1.993
   2.025
   2.051
   2.067
   2.079
   2.088
   2.099
   2.118
   2.155
   2.207
   2.266
   2.330
   2.392
   2.443
   2.471
   2.469
   2.463
   2.454
   2.445
   2.437
   2.428
   2.407
   2.389
   2.367
   2.328
   2.279
   2.213
   2.126
   2.020
   1.888
   1.733
   1.557
   1.396
   1.270
   1.160
   1.078
   1.054
   1.059
   1.068
   1.082
   1.100
   1.123
   1.153
   1.196
   1.241
   1.292
   1.345
   1.393
   1.428
   1.456
   1.474
   1.468
   1.442
   1.394
   1.338
   1.281
   1.227
   1.135
   0.000
   0.000
   1.332
   1.477
   1.545
   1.615
   1.674
   1.724
   1.771
   1.815
   1.867
   1.922
   1.969
   2.006
   2.031
   2.045
   2.054
   2.068
   2.095
   2.142
   2.204
   2.277
   2.353
   2.423
   2.477
   2.509
   2.520
   2.526
   2.529
   2.525
   2.526
   2.527
   2.523
   2.518
   2.513
   2.493
   2.459
   2.411
   2.346
   2.248
   2.125
   1.958
   1.744
   1.537
   1.394
   1.293
   1.210
   1.166
   1.153
   1.155
   1.161
   1.174
   1.192
   1.220
   1.257
   1.304
   1.359
   1.413
   1.462
   1.494
   1.518
   1.530
   1.523
   1.498
   1.454
   1.400
   1.342
   1.282
   1.182
   0.000
   0.000
   1.244
   1.391
   1.461
   1.527
   1.578
   1.618
   1.658
   1.702
   1.758
   1.818
   1.877
   1.926
   1.958
   1.978
   1.992
   2.014
   2.051
   2.107
   2.178
   2.254
   2.332
   2.411
   2.476
   2.515
   2.540
   2.564
   2.573
   2.575
   2.583
   2.598
   2.609
   2.623
   2.636
   2.637
   2.621
   2.588
   2.541
   2.464
   2.359
   2.203
   1.984
   1.741
   1.548
   1.424
   1.340
   1.284
   1.259
   1.247
   1.242
   1.243
   1.253
   1.271
   1.303
   1.346
   1.397
   1.449
   1.493
   1.521
   1.539
   1.549
   1.542
   1.519
   1.485
   1.434
   1.375
   1.316
   1.209
   0.000
   0.000
   1.147
   1.293
   1.366
   1.435
   1.485
   1.525
   1.562
   1.602
   1.654
   1.713
   1.776
   1.829
   1.871
   1.900
   1.925
   1.957
   2.002
   2.059
   2.128
   2.203
   2.281
   2.361
   2.433
   2.486
   2.531
   2.563
   2.582
   2.589
   2.602
   2.630
   2.659
   2.694
   2.728
   2.748
   2.748
   2.741
   2.703
   2.644
   2.559
   2.432
   2.236
   1.990
   1.752
   1.580
   1.473
   1.401
   1.360
   1.333
   1.315
   1.304
   1.304
   1.310
   1.331
   1.367
   1.410
   1.455
   1.491
   1.512
   1.528
   1.536
   1.531
   1.513
   1.486
   1.444
   1.391
   1.334
   1.223
   0.000
   0.000
   1.036
   1.179
   1.259
   1.332
   1.392
   1.439
   1.478
   1.518
   1.566
   1.623
   1.682
   1.739
   1.785
   1.821
   1.856
   1.895
   1.944
   2.002
   2.065
   2.137
   2.214
   2.295
   2.371
   2.437
   2.487
   2.526
   2.553
   2.568
   2.591
   2.634
   2.683
   2.735
   2.784
   2.823
   2.844
   2.854
   2.835
   2.787
   2.719
   2.615
   2.449
   2.224
   1.982
   1.778
   1.628
   1.526
   1.457
   1.407
   1.374
   1.351
   1.338
   1.334
   1.342
   1.365
   1.397
   1.431
   1.457
   1.473
   1.486
   1.491
   1.491
   1.484
   1.465
   1.436
   1.393
   1.337
   1.230
   0.000
   0.000
   0.923
   1.057
   1.137
   1.220
   1.292
   1.349
   1.395
   1.439
   1.490
   1.544
   1.603
   1.657
   1.706
   1.745
   1.786
   1.831
   1.879
   1.937
   2.000
   2.065
   2.140
   2.220
   2.299
   2.366
   2.419
   2.463
   2.496
   2.523
   2.559
   2.617
   2.681
   2.745
   2.810
   2.862
   2.897
   2.922
   2.921
   2.886
   2.832
   2.744
   2.610
   2.415
   2.194
   1.990
   1.820
   1.687
   1.584
   1.502
   1.439
   1.397
   1.366
   1.348
   1.340
   1.348
   1.363
   1.381
   1.395
   1.399
   1.410
   1.420
   1.426
   1.428
   1.426
   1.413
   1.383
   1.334
   1.228
   0.000
   0.000
   0.778
   0.919
   1.009
   1.096
   1.175
   1.246
   1.307
   1.361
   1.413
   1.471
   1.527
   1.581
   1.627
   1.671
   1.713
   1.760
   1.812
   1.868
   1.926
   1.994
   2.063
   2.137
   2.214
   2.280
   2.333
   2.383
   2.421
   2.461
   2.513
   2.577
   2.650
   2.724
   2.801
   2.861
   2.913
   2.954
   2.968
   2.941
   2.898
   2.831
   2.709
   2.560
   2.377
   2.188
   2.012
   1.859
   1.729
   1.617
   1.522
   1.448
   1.394
   1.356
   1.328
   1.311
   1.303
   1.303
   1.300
   1.299
   1.308
   1.324
   1.340
   1.354
   1.368
   1.371
   1.357
   1.319
   1.217
   0.000
   0.000
   0.694
   0.779
   0.852
   0.963
   1.052
   1.131
   1.204
   1.269
   1.330
   1.393
   1.450
   1.504
   1.550
   1.592
   1.637
   1.683
   1.736
   1.792
   1.851
   1.911
   1.976
   2.045
   2.114
   2.177
   2.234
   2.286
   2.331
   2.385
   2.449
   2.522
   2.594
   2.672
   2.754
   2.828
   2.885
   2.937
   2.963
   2.952
   2.917
   2.862
   2.777
   2.653
   2.505
   2.348
   2.177
   2.019
   1.869
   1.734
   1.612
   1.509
   1.427
   1.359
   1.299
   1.251
   1.218
   1.195
   1.180
   1.173
   1.186
   1.209
   1.234
   1.258
   1.284
   1.302
   1.301
   1.274
   1.185
   0.000
   0.000
   0.633
   0.704
   0.747
   0.815
   0.905
   1.007
   1.092
   1.164
   1.232
   1.300
   1.364
   1.423
   1.468
   1.511
   1.555
   1.604
   1.653
   1.710
   1.766
   1.824
   1.883
   1.944
   2.009
   2.071
   2.127
   2.185
   2.243
   2.301
   2.368
   2.445
   2.524
   2.606
   2.691
   2.772
   2.838
   2.889
   2.919
   2.919
   2.898
   2.859
   2.791
   2.701
   2.584
   2.448
   2.302
   2.149
   1.997
   1.849
   1.711
   1.587
   1.478
   1.375
   1.286
   1.204
   1.138
   1.090
   1.060
   1.051
   1.065
   1.093
   1.123
   1.155
   1.186
   1.209
   1.216
   1.203
   1.131
   0.000
   0.000
   0.575
   0.656
   0.684
   0.726
   0.791
   0.874
   0.963
   1.047
   1.119
   1.191
   1.259
   1.320
   1.373
   1.420
   1.465
   1.513
   1.564
   1.621
   1.676
   1.730
   1.782
   1.840
   1.901
   1.962
   2.022
   2.086
   2.144
   2.208
   2.277
   2.358
   2.437
   2.525
   2.616
   2.694
   2.763
   2.815
   2.840
   2.844
   2.836
   2.814
   2.764
   2.697
   2.607
   2.492
   2.368
   2.234
   2.093
   1.954
   1.814
   1.680
   1.555
   1.436
   1.317
   1.211
   1.117
   1.046
   1.005
   0.990
   0.994
   1.014
   1.036
   1.062
   1.090
   1.115
   1.127
   1.121
   1.062
   0.000
 -65.534
 -65.534
   0.581
   0.646
   0.667
   0.705
   0.767
   0.843
   0.919
   0.994
   1.066
   1.130
   1.193
   1.251
   1.304
   1.356
   1.408
   1.462
   1.517
   1.573
   1.626
   1.677
   1.732
   1.792
   1.853
   1.915
   1.979
   2.044
   2.105
   2.175
   2.254
   2.334
   2.424
   2.515
   2.596
   2.654
   2.702
   2.732
   2.743
   2.742
   2.729
   2.696
   2.645
   2.573
   2.479
   2.375
   2.262
   2.143
   2.021
   1.899
   1.767
   1.638
   1.513
   1.387
   1.270
   1.169
   1.091
   1.043
   1.019
   1.012
   1.014
   1.023
   1.045
   1.061
   1.075
   1.080
   1.064
   0.998
   0.000
 -65.534
 -65.534
 -65.534
   0.569
   0.626
   0.649
   0.687
   0.742
   0.804
   0.868
   0.929
   0.993
   1.051
   1.108
   1.167
   1.225
   1.283
   1.342
   1.399
   1.458
   1.511
   1.566
   1.621
   1.684
   1.747
   1.811
   1.876
   1.939
   2.003
   2.068
   2.138
   2.216
   2.301
   2.382
   2.448
   2.525
   2.579
   2.608
   2.624
   2.631
   2.623
   2.600
   2.558
   2.497
   2.417
   2.327
   2.236
   2.146
   2.048
   1.939
   1.829
   1.708
   1.585
   1.460
   1.341
   1.247
   1.178
   1.133
   1.111
   1.107
   1.108
   1.109
   1.111
   1.116
   1.119
   1.109
   1.090
   1.028
   0.000
 -65.534
 -65.534
 -65.534
 -65.534
   0.564
   0.608
   0.636
   0.664
   0.707
   0.755
   0.805
   0.852
   0.906
   0.964
   1.024
   1.084
   1.148
   1.208
   1.266
   1.322
   1.378
   1.437
   1.499
   1.565
   1.633
   1.699
   1.767
   1.832
   1.891
   1.948
   2.008
   2.078
   2.149
   2.218
   2.283
   2.354
   2.402
   2.461
   2.486
   2.492
   2.489
   2.471
   2.435
   2.383
   2.314
   2.241
   2.166
   2.096
   2.021
   1.935
   1.840
   1.741
   1.630
   1.520
   1.419
   1.330
   1.273
   1.237
   1.223
   1.226
   1.230
   1.237
   1.241
   1.246
   1.247
   1.240
   1.216
   1.125
   0.000
 -65.534
 -65.534
 -65.534
 -65.534
   0.518
   0.565
   0.592
   0.612
   0.632
   0.662
   0.699
   0.736
   0.774
   0.826
   0.888
   0.949
   1.011
   1.066
   1.119
   1.170
   1.226
   1.287
   1.353
   1.420
   1.492
   1.561
   1.630
   1.696
   1.753
   1.808
   1.862
   1.916
   1.975
   2.035
   2.094
   2.154
   2.207
   2.257
   2.279
   2.305
   2.311
   2.298
   2.273
   2.230
   2.177
   2.119
   2.063
   2.010
   1.954
   1.888
   1.816
   1.737
   1.656
   1.568
   1.487
   1.422
   1.377
   1.349
   1.343
   1.347
   1.356
   1.367
   1.373
   1.379
   1.378
   1.370
   1.344
   1.236
   0.000
 -65.534
 -65.534
 -65.534
 -65.534
   0.478
   0.523
   0.549
   0.568
   0.581
   0.600
   0.622
   0.649
   0.675
   0.705
   0.763
   0.826
   0.879
   0.926
   0.973
   1.017
   1.065
   1.119
   1.180
   1.245
   1.312
   1.382
   1.454
   1.526
   1.588
   1.644
   1.697
   1.740
   1.786
   1.834
   1.880
   1.930
   1.978
   2.018
   2.044
   2.068
   2.082
   2.082
   2.074
   2.051
   2.015
   1.975
   1.936
   1.898
   1.860
   1.818
   1.768
   1.716
   1.660
   1.599
   1.545
   1.496
   1.463
   1.448
   1.445
   1.449
   1.458
   1.468
   1.474
   1.475
   1.469
   1.459
   1.428
   1.309
   0.000
 -65.534
 -65.534
 -65.534
 -65.534
   0.429
   0.468
   0.495
   0.517
   0.538
   0.551
   0.569
   0.586
   0.603
   0.620
   0.647
   0.707
   0.764
   0.806
   0.843
   0.873
   0.908
   0.949
   0.996
   1.051
   1.112
   1.178
   1.251
   1.324
   1.396
   1.459
   1.512
   1.551
   1.585
   1.616
   1.648
   1.679
   1.711
   1.741
   1.764
   1.785
   1.804
   1.822
   1.838
   1.842
   1.832
   1.813
   1.792
   1.767
   1.745
   1.723
   1.696
   1.665
   1.629
   1.593
   1.554
   1.520
   1.499
   1.492
   1.492
   1.503
   1.512
   1.518
   1.521
   1.517
   1.506
   1.487
   1.453
   1.328
   0.000
 -65.534
 -65.534
 -65.534
 -65.534
 -65.534
 -65.534
 -65.534
 -65.534
   0.477
   0.503
   0.520
   0.537
   0.552
   0.565
   0.575
   0.594
   0.649
   0.707
   0.735
   0.759
   0.780
   0.804
   0.828
   0.867
   0.919
   0.981
   1.049
   1.120
   1.190
   1.258
   1.310
   1.345
   1.369
   1.387
   1.398
   1.408
   1.420
   1.431
   1.441
   1.460
   1.490
   1.530
   1.573
   1.607
   1.627
   1.630
   1.620
   1.611
   1.604
   1.597
   1.591
   1.580
   1.565
   1.542
   1.521
   1.499
   1.489
   1.483
   1.487
   1.498
   1.509
   1.515
   1.515
   1.508
   1.494
   1.473
   1.440
   1.318
   0.000
 -65.534
 -65.534
 -65.534
 -65.534
 -65.534
 -65.534
   0.286
   0.343
   0.430
   0.461
   0.476
   0.491
   0.507
   0.520
   0.532
   0.541
   0.558
   0.586
   0.632
   0.675
   0.695
   0.703
   0.718
   0.736
   0.761
   0.812
   0.873
   0.939
   1.009
   1.071
   1.113
   1.135
   1.144
   1.151
   1.154
   1.150
   1.146
   1.136
   1.129
   1.139
   1.171
   1.225
   1.289
   1.351
   1.396
   1.418
   1.428
   1.433
   1.436
   1.441
   1.454
   1.466
   1.468
   1.464
   1.454
   1.442
   1.433
   1.432
   1.439
   1.448
   1.462
   1.467
   1.465
   1.455
   1.442
   1.422
   1.389
   1.274
   0.000
 -65.534
 -65.534
 -65.534
 -65.534
 -65.534
 -65.534
 -65.534
 -65.534
 -65.534
   0.401
   0.418
   0.433
   0.447
   0.461
   0.479
   0.507
   0.521
   0.537
   0.555
   0.577
   0.609
   0.642
   0.652
   0.664
   0.682
   0.709
   0.750
   0.812
   0.871
   0.916
   0.944
   0.956
   0.959
   0.959
   0.951
   0.939
   0.917
   0.891
   0.869
   0.867
   0.895
   0.952
   1.023
   1.091
   1.148
   1.184
   1.205
   1.222
   1.238
   1.260
   1.287
   1.314
   1.334
   1.345
   1.347
   1.343
   1.340
   1.340
   1.350
   1.361
   1.368
   1.371
   1.371
   1.365
   1.357
   1.335
   1.306
   1.204
   0.000
 -65.534
 -65.534
 -65.534
 -65.534
 -65.534
 -65.534
 -65.534
 -65.534
 -65.534
 -65.534
 -65.534
 -65.534
 -65.534
 -65.534
 -65.534
   0.431
   0.465
   0.489
   0.510
   0.534
   0.546
   0.577
   0.619
   0.633
   0.644
   0.666
   0.698
   0.728
   0.765
   0.798
   0.818
   0.822
   0.822
   0.820
   0.815
   0.803
   0.780
   0.745
   0.729
   0.722
   0.729
   0.758
   0.806
   0.864
   0.921
   0.963
   0.990
   1.012
   1.036
   1.063
   1.097
   1.135
   1.166
   1.191
   1.208
   1.214
   1.217
   1.223
   1.230
   1.235
   1.240
   1.242
   1.244
   1.243
   1.238
   1.223
   1.197
   1.107
   0.000
 -65.534
 -65.534
 -65.534
 -65.534
 -65.534
 -65.534
 -65.534
 -65.534
 -65.534
 -65.534
 -65.534
 -65.534
 -65.534
 -65.534
 -65.534
 -65.534
 -65.534
 -65.534
 -65.534
   0.492
   0.517
   0.533
   0.563
   0.608
   0.627
   0.640
   0.661
   0.687
   0.712
   0.729
   0.743
   0.746
   0.745
   0.743
   0.743
   0.735
   0.726
   0.704
   0.684
   0.666
   0.664
   0.674
   0.691
   0.726
   0.764
   0.793
   0.818
   0.844
   0.867
   0.892
   0.924
   0.969
   1.007
   1.040
   1.061
   1.076
   1.085
   1.092
   1.099
   1.100
   1.100
   1.102
   1.103
   1.105
   1.102
   1.097
   1.081
   1.000
   0.000
 -65.534
 -65.534
 -65.534
 -65.534
 -65.534
 -65.534
 -65.534
 -65.534
 -65.534
 -65.534
 -65.534
 -65.534
 -65.534
 -65.534
 -65.534
 -65.534
 -65.534
 -65.534
   0.399
   0.488
   0.505
   0.521
   0.535
   0.555
   0.596
   0.631
   0.647
   0.668
   0.690
   0.707
   0.714
   0.716
   0.719
   0.728
   0.733
   0.736
   0.729
   0.713
   0.694
   0.672
   0.665
   0.669
   0.684
   0.706
   0.724
   0.730
   0.735
   0.738
   0.746
   0.762
   0.797
   0.844
   0.890
   0.923
   0.940
   0.945
   0.958
   0.967
   0.970
   0.970
   0.969
   0.966
   0.964
   0.964
   0.962
   0.958
   0.949
   0.877
   0.000
 -65.534
 -65.534
 -65.534
 -65.534
 -65.534
 -65.534
 -65.534
 -65.534
 -65.534
 -65.534
 -65.534
 -65.534
 -65.534
 -65.534
 -65.534
 -65.534
 -65.534
   0.385
   0.456
   0.488
   0.505
   0.518
   0.531
   0.540
   0.557
   0.600
   0.642
   0.659
   0.679
   0.701
   0.711
   0.713
   0.725
   0.738
   0.748
   0.751
   0.742
   0.728
   0.710
   0.692
   0.683
   0.687
   0.712
   0.745
   0.767
   0.763
   0.747
   0.737
   0.734
   0.737
   0.751
   0.780
   0.803
   0.818
   0.829
   0.842
   0.849
   0.855
   0.863
   0.862
   0.853
   0.841
   0.835
   0.833
   0.828
   0.825
   0.822
   0.771
   0.000
 -65.534
 -65.534
 -65.534
 -65.534
 -65.534
 -65.534
 -65.534
 -65.534
 -65.534
 -65.534
 -65.534
 -65.534
 -65.534
 -65.534
 -65.534
 -65.534
 -65.534
   0.431
   0.467
   0.481
   0.499
   0.513
   0.528
   0.535
   0.540
   0.562
   0.616
   0.647
   0.666
   0.688
   0.703
   0.709
   0.727
   0.743
   0.752
   0.752
   0.745
   0.733
   0.714
   0.699
   0.692
   0.703
   0.736
   0.782
   0.810
   0.810
   0.795
   0.786
   0.780
   0.775
   0.775
   0.780
   0.789
   0.794
   0.798
   0.803
   0.809
   0.807
   0.801
   0.796
   0.728
   0.700
   0.704
   0.720
   0.710
   0.703
   0.698
   0.648
   0.000
 -65.534
 -65.534
 -65.534
 -65.534
 -65.534
 -65.534
 -65.534
 -65.534
 -65.534
 -65.534
 -65.534
 -65.534
 -65.534
 -65.534
 -65.534
 -65.534
 -65.534
   0.436
   0.462
   0.473
   0.486
   0.502
   0.518
   0.530
   0.528
   0.533
   0.564
   0.620
   0.642
   0.665
   0.687
   0.694
   0.715
   0.731
   0.740
   0.742
   0.734
   0.723
   0.710
   0.703
   0.701
   0.716
   0.752
   0.801
   0.833
   0.840
   0.835
   0.833
   0.831
   0.828
   0.827
   0.827
   0.828
   0.827
   0.824
   0.820
   0.815
   0.804
   0.791
   0.774
   0.737
   0.687
   0.677
   0.677
   0.687
   0.683
   0.665
   0.606
   0.000
 -65.534
 -65.534
 -65.534
 -65.534
 -65.534
 -65.534
 -65.534
 -65.534
 -65.534
 -65.534
 -65.534
 -65.534
 -65.534
 -65.534
 -65.534
 -65.534
 -65.534
   0.426
   0.448
   0.460
   0.474
   0.488
   0.504
   0.516
   0.517
   0.514
   0.528
   0.572
   0.615
   0.642
   0.667
   0.676
   0.694
   0.707
   0.715
   0.717
   0.716
   0.710
   0.709
   0.712
   0.723
   0.743
   0.780
   0.821
   0.855
   0.872
   0.876
   0.878
   0.881
   0.880
   0.877
   0.873
   0.870
   0.863
   0.855
   0.847
   0.837
   0.823
   0.804
   0.783
   0.762
   0.725
   0.688
   0.677
   0.677
   0.669
   0.647
   0.562
   0.000
 -65.534
 -65.534
 -65.534
 -65.534
 -65.534
 -65.534
 -65.534
 -65.534
 -65.534
 -65.534
 -65.534
 -65.534
 -65.534
 -65.534
 -65.534
 -65.534
 -65.534
 -65.534
   0.426
   0.446
   0.460
   0.476
   0.488
   0.496
   0.498
   0.494
   0.504
   0.541
   0.587
   0.624
   0.655
   0.659
   0.671
   0.679
   0.682
   0.684
   0.684
   0.691
   0.704
   0.721
   0.744
   0.770
   0.810
   0.851
   0.886
   0.905
   0.918
   0.926
   0.933
   0.931
   0.925
   0.916
   0.906
   0.892
   0.882
   0.870
   0.861
   0.851
   0.833
   0.811
   0.785
   0.757
   0.722
   0.685
   0.667
   0.653
   0.622
   0.536
   0.000
 -65.534
 -65.534
 -65.534
 -65.534
 -65.534
 -65.534
 -65.534
 -65.534
 -65.534
 -65.534
 -65.534
 -65.534
 -65.534
 -65.534
 -65.534
 -65.534
 -65.534
 -65.534
 -65.534
   0.423
   0.442
   0.458
   0.467
   0.471
   0.472
   0.468
   0.481
   0.523
   0.570
   0.614
   0.637
   0.643
   0.646
   0.644
   0.641
   0.642
   0.633
   0.641
   0.665
   0.701
   0.743
   0.776
   0.822
   0.866
   0.906
   0.931
   0.946
   0.958
   0.968
   0.969
   0.967
   0.957
   0.944
   0.928
   0.914
   0.904
   0.893
   0.881
   0.868
   0.850
   0.822
   0.789
   0.752
   0.708
   0.662
   0.631
   0.599
   0.509
   0.000
 -65.534
 -65.534
 -65.534
 -65.534
 -65.534
 -65.534
 -65.534
 -65.534
 -65.534
 -65.534
 -65.534
 -65.534
 -65.534
 -65.534
 -65.534
 -65.534
 -65.534
 -65.534
 -65.534
 -65.534
   0.417
   0.431
   0.441
   0.444
   0.446
   0.443
   0.468
   0.516
   0.560
   0.599
   0.608
   0.612
   0.596
   0.569
   0.531
   0.444
 -65.534
 -65.534
 -65.534
 -65.534
   0.652
   0.738
   0.812
   0.871
   0.916
   0.945
   0.959
   0.968
   0.975
   0.979
   0.981
   0.977
   0.968
   0.954
   0.938
   0.927
   0.916
   0.909
   0.896
   0.880
   0.855
   0.821
   0.779
   0.729
   0.675
   0.618
   0.573
   0.484
   0.000
 -65.534
 -65.534
 -65.534
 -65.534
 -65.534
 -65.534
 -65.534
 -65.534
 -65.534
 -65.534
 -65.534
 -65.534
 -65.534
 -65.534
 -65.534
 -65.534
 -65.534
 -65.534
 -65.534
 -65.534
 -65.534
 -65.534
 -65.534
 -65.534
   0.402
   0.414
   0.456
   0.506
   0.546
   0.574
   0.577
   0.570
   0.543
   0.506
   0.455
   0.366
 -65.534
 -65.534
 -65.534
 -65.534
 -65.534
 -65.534
   0.740
   0.848
   0.905
   0.933
   0.937
   0.938
   0.941
   0.944
   0.952
   0.958
   0.955
   0.945
   0.934
   0.925
   0.914
   0.907
   0.902
   0.891
   0.873
   0.845
   0.806
   0.755
   0.695
   0.629
   0.558
   0.458
   0.000
 -65.534
 -65.534
 -65.534
 -65.534
 -65.534
 -65.534
 -65.534
 -65.534
 -65.534
 -65.534
 -65.534
 -65.534
 -65.534
 -65.534
 -65.534
 -65.534
 -65.534
 -65.534
 -65.534
 -65.534
 -65.534
 -65.534
 -65.534
 -65.534
   0.364
   0.376
   0.415
   0.470
   0.509
   0.533
   0.528
   0.517
   0.492
   0.460
   0.412
   0.339
 -65.534
 -65.534
 -65.534
 -65.534
 -65.534
 -65.534
 -65.534
   0.757
   0.835
   0.858
   0.866
   0.865
   0.871
   0.881
   0.896
   0.908
   0.912
   0.913
   0.908
   0.900
   0.892
   0.886
   0.882
   0.881
   0.870
   0.850
   0.819
   0.777
   0.720
   0.649
   0.571
   0.448
   0.000
 -65.534
 -65.534
 -65.534
 -65.534
 -65.534
 -65.534
 -65.534
 -65.534
 -65.534
 -65.534
 -65.534
 -65.534
 -65.534
 -65.534
 -65.534
 -65.534
 -65.534
 -65.534
 -65.534
 -65.534
 -65.534
 -65.534
 -65.534
 -65.534
 -65.534
 -65.534
 -65.534
 -65.534
 -65.534
   0.439
   0.441
   0.434
   0.440
   0.420
   0.384
   0.333
   0.177
 -65.534
 -65.534
 -65.534
 -65.534
 -65.534
 -65.534
   0.552
   0.551
 -65.534
   0.695
   0.730
   0.764
   0.802
   0.825
   0.843
   0.855
   0.862
   0.863
   0.863
   0.859
   0.855
   0.853
   0.852
   0.847
   0.833
   0.811
   0.782
   0.734
   0.667
   0.585
   0.461
   0.000
 -65.534
 -65.534
 -65.534
 -65.534
 -65.534
 -65.534
 -65.534
 -65.534
 -65.534
 -65.534
 -65.534
 -65.534
 -65.534
 -65.534
 -65.534
 -65.534
 -65.534
 -65.534
 -65.534
 -65.534
 -65.534
 -65.534
 -65.534
 -65.534
 -65.534
 -65.534
 -65.534
 -65.534
 -65.534
 -65.534
 -65.534
 -65.534
   0.361
   0.373
   0.350
   0.328
   0.202
   0.139
 -65.534
 -65.534
 -65.534
 -65.534
 -65.534
 -65.534
 -65.534
 -65.534
 -65.534
 -65.534
 -65.534
   0.622
   0.702
   0.746
   0.779
   0.786
   0.792
   0.796
   0.793
   0.793
   0.796
   0.801
   0.800
   0.794
   0.781
   0.761
   0.725
   0.668
   0.590
   0.466
   0.000
 -65.534
 -65.534
 -65.534
 -65.534
 -65.534
 -65.534
 -65.534
 -65.534
 -65.534
 -65.534
 -65.534
 -65.534
 -65.534
 -65.534
 -65.534
 -65.534
 -65.534
 -65.534
 -65.534
 -65.534
 -65.534
 -65.534
 -65.534
 -65.534
 -65.534
 -65.534
 -65.534
 -65.534
 -65.534
 -65.534
 -65.534
 -65.534
   0.242
   0.252
   0.249
   0.228
   0.194
   0.159
   0.123
   0.097
 -65.534
 -65.534
 -65.534
 -65.534
 -65.534
 -65.534
 -65.534
 -65.534
 -65.534
 -65.534
 -65.534
 -65.534
   0.592
   0.635
   0.659
   0.700
   0.705
   0.710
   0.720
   0.728
   0.730
   0.731
   0.729
   0.716
   0.691
   0.647
   0.582
   0.468
   0.000
 -65.534
 -65.534
 -65.534
 -65.534
 -65.534
 -65.534
 -65.534
 -65.534
 -65.534
 -65.534
 -65.534
 -65.534
 -65.534
 -65.534
 -65.534
 -65.534
 -65.534
 -65.534
 -65.534
 -65.534
 -65.534
 -65.534
 -65.534
 -65.534
 -65.534
 -65.534
 -65.534
 -65.534
 -65.534
 -65.534
 -65.534
 -65.534
 -65.534
 -65.534
 -65.534
 -65.534
   0.142
   0.143
   0.132
   0.119
   0.096
   0.081
   0.072
   0.063
   0.055
 -65.534
 -65.534
 -65.534
 -65.534
 -65.534
 -65.534
 -65.534
 -65.534
 -65.534
 -65.534
   0.553
   0.603
   0.622
   0.638
   0.648
   0.654
   0.658
   0.660
   0.657
   0.640
   0.606
   0.554
   0.456
   0.000
 -65.534
 -65.534
 -65.534
 -65.534
 -65.534
 -65.534
 -65.534
 -65.534
 -65.534
 -65.534
 -65.534
 -65.534
 -65.534
 -65.534
 -65.534
 -65.534
 -65.534
 -65.534
 -65.534
 -65.534
 -65.534
 -65.534
 -65.534
 -65.534
 -65.534
 -65.534
 -65.534
 -65.534
 -65.534
 -65.534
 -65.534
 -65.534
 -65.534
 -65.534
 -65.534
 -65.534
 -65.534
 -65.534
 -65.534
 -65.534
   0.074
 -65.534
 -65.534
 -65.534
 -65.534
 -65.534
 -65.534
 -65.534
 -65.534
 -65.534
 -65.534
 -65.534
 -65.534
 -65.534
 -65.534
   0.441
   0.494
   0.512
   0.530
   0.563
   0.568
   0.567
   0.568
   0.570
   0.567
   0.550
   0.514
   0.432
   0.000
 -65.534
 -65.534
 -65.534
 -65.534
 -65.534
 -65.534
 -65.534
 -65.534
 -65.534
 -65.534
 -65.534
 -65.534
 -65.534
 -65.534
 -65.534
 -65.534
 -65.534
 -65.534
 -65.534
 -65.534
 -65.534
 -65.534
 -65.534
 -65.534
 -65.534
 -65.534
 -65.534
 -65.534
 -65.534
 -65.534
 -65.534
 -65.534
 -65.534
 -65.534
 -65.534
 -65.534
 -65.534
 -65.534
 -65.534
 -65.534
 -65.534
 -65.534
 -65.534
 -65.534
 -65.534
 -65.534
 -65.534
 -65.534
 -65.534
 -65.534
 -65.534
 -65.534
 -65.534
 -65.534
 -65.534
 -65.534
 -65.534
 -65.534
 -65.534
   0.427
   0.449
   0.447
   0.444
   0.450
   0.454
   0.451
   0.432
   0.374
   0.000
 -65.534
 -65.534
 -65.534
 -65.534
 -65.534
 -65.534
 -65.534
 -65.534
 -65.534
 -65.534
 -65.534
 -65.534
 -65.534
 -65.534
 -65.534
 -65.534
 -65.534
 -65.534
 -65.534
 -65.534
 -65.534
 -65.534
 -65.534
 -65.534
 -65.534
 -65.534
 -65.534
 -65.534
 -65.534
 -65.534
 -65.534
 -65.534
 -65.534
 -65.534
 -65.534
 -65.534
 -65.534
 -65.534
 -65.534
 -65.534
 -65.534
 -65.534
 -65.534
 -65.534
 -65.534
 -65.534
 -65.534
 -65.534
 -65.534
 -65.534
 -65.534
 -65.534
 -65.534
 -65.534
 -65.534
 -65.534
 -65.534
 -65.534
 -65.534
 -65.534
 -65.534
   0.000
   0.000
   0.000
   0.000
   0.000
   0.000
   0.000
 -65.534
