 -65.534
   0.000
   0.000
   0.000
   0.000
   0.000
   0.000
   0.000
   0.000
   0.000
   0.000
   0.000
   0.000
   0.000
   0.000
   0.000
   0.000
   0.000
   0.000
   0.000
   0.000
   0.000
   0.000
   0.000
   0.000
   0.000
   0.000
   0.000
   0.000
   0.000
   0.000
   0.000
   0.000
   0.000
   0.000
   0.000
   0.000
   0.000
   0.000
   0.000
   0.000
   0.000
   0.000
   0.000
   0.000
   0.000
   0.000
   0.000
   0.000
   0.000
   0.000
   0.000
   0.000
   0.000
   0.000
   0.000
   0.000
   0.000
   0.000
   0.000
   0.000
   0.000
   0.000
   0.000
   0.000
   0.000
   0.000
   0.000
 -65.534
   0.000
   1.696
   1.891
   2.003
   2.109
   2.181
   2.218
   2.210
   2.170
   2.124
   2.077
   2.036
   1.997
   1.958
   1.920
   1.888
   1.874
   1.892
   1.967
   2.090
   2.264
   2.467
   2.654
   2.895
   2.858
   2.717
   2.595
   2.525
   2.479
   2.476
   2.486
   2.477
   2.509
   2.577
   2.569
   2.612
   2.628
   2.674
   2.755
   2.811
   2.876
   2.921
   2.941
   2.978
   3.038
   3.105
   3.209
   3.333
   3.472
   3.648
   3.825
   3.975
   4.153
   4.319
   4.533
   4.747
   4.956
   5.140
   5.293
   5.422
   5.505
   5.503
   5.462
   5.384
   5.246
   5.083
   4.963
   4.677
   0.000
   0.000
   1.711
   1.874
   1.955
   2.046
   2.116
   2.160
   2.172
   2.158
   2.137
   2.112
   2.090
   2.065
   2.038
   2.010
   1.984
   1.972
   1.988
   2.042
   2.141
   2.274
   2.428
   2.565
   2.733
   2.716
   2.635
   2.560
   2.510
   2.504
   2.529
   2.563
   2.598
   2.639
   2.702
   2.732
   2.759
   2.789
   2.819
   2.865
   2.924
   2.971
   3.012
   3.028
   3.063
   3.139
   3.254
   3.424
   3.619
   3.828
   4.058
   4.292
   4.526
   4.767
   5.018
   5.269
   5.522
   5.784
   6.020
   6.239
   6.428
   6.572
   6.650
   6.657
   6.596
   6.478
   6.305
   6.136
   5.716
   0.000
   0.000
   1.642
   1.779
   1.842
   1.907
   1.960
   2.002
   2.032
   2.042
   2.050
   2.057
   2.058
   2.049
   2.027
   2.000
   1.975
   1.959
   1.972
   2.015
   2.088
   2.194
   2.312
   2.409
   2.485
   2.527
   2.490
   2.464
   2.468
   2.495
   2.537
   2.588
   2.644
   2.714
   2.778
   2.815
   2.854
   2.876
   2.894
   2.928
   2.957
   2.990
   3.013
   3.020
   3.035
   3.094
   3.231
   3.441
   3.687
   3.949
   4.226
   4.515
   4.800
   5.080
   5.369
   5.667
   5.956
   6.232
   6.489
   6.727
   6.941
   7.106
   7.220
   7.264
   7.249
   7.151
   6.989
   6.814
   6.323
   0.000
   0.000
   1.574
   1.696
   1.736
   1.773
   1.805
   1.838
   1.872
   1.902
   1.934
   1.965
   1.986
   1.995
   1.988
   1.971
   1.949
   1.939
   1.951
   1.994
   2.052
   2.135
   2.235
   2.311
   2.347
   2.386
   2.387
   2.413
   2.458
   2.533
   2.605
   2.682
   2.760
   2.846
   2.922
   2.981
   3.027
   3.054
   3.066
   3.078
   3.096
   3.109
   3.115
   3.104
   3.106
   3.145
   3.260
   3.473
   3.750
   4.054
   4.376
   4.717
   5.059
   5.388
   5.710
   6.031
   6.351
   6.639
   6.899
   7.148
   7.385
   7.575
   7.707
   7.800
   7.807
   7.752
   7.608
   7.439
   6.896
   0.000
   0.000
   1.513
   1.618
   1.647
   1.667
   1.682
   1.703
   1.732
   1.772
   1.815
   1.860
   1.895
   1.915
   1.917
   1.915
   1.908
   1.905
   1.922
   1.968
   2.020
   2.090
   2.170
   2.229
   2.273
   2.280
   2.307
   2.388
   2.485
   2.594
   2.700
   2.791
   2.883
   2.980
   3.065
   3.139
   3.202
   3.246
   3.262
   3.271
   3.288
   3.289
   3.280
   3.255
   3.244
   3.268
   3.363
   3.549
   3.817
   4.149
   4.505
   4.887
   5.282
   5.654
   6.017
   6.364
   6.693
   7.001
   7.285
   7.552
   7.796
   8.014
   8.181
   8.287
   8.338
   8.311
   8.183
   8.036
   7.468
   0.000
   0.000
   1.442
   1.547
   1.571
   1.591
   1.598
   1.612
   1.641
   1.678
   1.725
   1.777
   1.819
   1.849
   1.864
   1.872
   1.874
   1.886
   1.907
   1.945
   1.989
   2.045
   2.102
   2.136
   2.162
   2.194
   2.293
   2.410
   2.541
   2.676
   2.797
   2.897
   2.996
   3.087
   3.177
   3.264
   3.351
   3.416
   3.462
   3.501
   3.530
   3.543
   3.536
   3.511
   3.483
   3.483
   3.531
   3.663
   3.892
   4.206
   4.582
   5.001
   5.421
   5.840
   6.241
   6.624
   6.981
   7.320
   7.625
   7.899
   8.162
   8.415
   8.599
   8.728
   8.793
   8.797
   8.712
   8.575
   7.986
   0.000
   0.000
   1.354
   1.470
   1.499
   1.521
   1.535
   1.552
   1.579
   1.620
   1.674
   1.728
   1.775
   1.811
   1.836
   1.852
   1.865
   1.879
   1.904
   1.938
   1.981
   2.032
   2.085
   2.126
   2.164
   2.221
   2.332
   2.467
   2.615
   2.765
   2.895
   2.991
   3.086
   3.175
   3.262
   3.355
   3.458
   3.552
   3.641
   3.723
   3.791
   3.839
   3.862
   3.853
   3.819
   3.788
   3.768
   3.821
   3.978
   4.234
   4.593
   5.026
   5.475
   5.922
   6.358
   6.786
   7.183
   7.550
   7.890
   8.199
   8.486
   8.739
   8.950
   9.104
   9.207
   9.223
   9.149
   9.026
   8.447
   0.000
   0.000
   1.251
   1.374
   1.415
   1.450
   1.473
   1.502
   1.534
   1.581
   1.644
   1.709
   1.760
   1.801
   1.834
   1.855
   1.871
   1.888
   1.917
   1.949
   1.996
   2.048
   2.104
   2.158
   2.212
   2.290
   2.400
   2.537
   2.695
   2.854
   2.986
   3.086
   3.171
   3.254
   3.339
   3.431
   3.544
   3.659
   3.780
   3.906
   4.036
   4.141
   4.202
   4.231
   4.214
   4.151
   4.080
   4.059
   4.140
   4.321
   4.622
   5.010
   5.461
   5.929
   6.402
   6.854
   7.287
   7.695
   8.066
   8.380
   8.713
   8.992
   9.226
   9.407
   9.534
   9.587
   9.527
   9.414
   8.820
   0.000
   0.000
   1.124
   1.252
   1.312
   1.363
   1.399
   1.438
   1.484
   1.543
   1.618
   1.693
   1.754
   1.804
   1.836
   1.863
   1.884
   1.905
   1.934
   1.972
   2.022
   2.081
   2.145
   2.208
   2.271
   2.357
   2.471
   2.612
   2.779
   2.943
   3.074
   3.174
   3.259
   3.336
   3.416
   3.510
   3.623
   3.748
   3.878
   4.031
   4.216
   4.385
   4.502
   4.571
   4.582
   4.529
   4.434
   4.355
   4.371
   4.501
   4.728
   5.027
   5.447
   5.903
   6.374
   6.833
   7.301
   7.738
   8.137
   8.498
   8.842
   9.166
   9.426
   9.635
   9.795
   9.862
   9.828
   9.732
   9.149
   0.000
   0.000
   0.987
   1.117
   1.189
   1.253
   1.306
   1.358
   1.414
   1.488
   1.572
   1.660
   1.734
   1.793
   1.836
   1.866
   1.891
   1.919
   1.958
   2.004
   2.059
   2.122
   2.189
   2.256
   2.326
   2.418
   2.542
   2.691
   2.860
   3.016
   3.143
   3.246
   3.340
   3.421
   3.500
   3.592
   3.708
   3.833
   3.967
   4.131
   4.339
   4.552
   4.726
   4.835
   4.874
   4.847
   4.766
   4.679
   4.651
   4.727
   4.877
   5.095
   5.476
   5.872
   6.302
   6.741
   7.227
   7.693
   8.114
   8.502
   8.892
   9.251
   9.550
   9.780
   9.970
  10.073
  10.063
   9.980
   9.407
   0.000
   0.000
   0.869
   0.978
   1.052
   1.126
   1.193
   1.260
   1.329
   1.406
   1.500
   1.600
   1.688
   1.761
   1.813
   1.858
   1.892
   1.931
   1.980
   2.034
   2.094
   2.159
   2.223
   2.290
   2.362
   2.463
   2.588
   2.736
   2.903
   3.053
   3.180
   3.283
   3.387
   3.490
   3.579
   3.679
   3.794
   3.913
   4.046
   4.211
   4.421
   4.653
   4.877
   5.030
   5.095
   5.086
   5.029
   4.957
   4.935
   4.978
   5.080
   5.247
   5.545
   5.871
   6.266
   6.690
   7.125
   7.587
   8.041
   8.469
   8.896
   9.294
   9.614
   9.874
  10.078
  10.207
  10.228
  10.170
   9.600
   0.000
   0.000
   0.785
   0.875
   0.936
   1.002
   1.068
   1.142
   1.221
   1.307
   1.405
   1.509
   1.603
   1.689
   1.764
   1.822
   1.876
   1.928
   1.991
   2.055
   2.122
   2.183
   2.246
   2.306
   2.379
   2.479
   2.607
   2.748
   2.904
   3.055
   3.186
   3.293
   3.409
   3.529
   3.641
   3.759
   3.878
   3.990
   4.114
   4.273
   4.479
   4.724
   4.971
   5.166
   5.255
   5.258
   5.212
   5.172
   5.149
   5.185
   5.276
   5.433
   5.692
   5.973
   6.317
   6.690
   7.081
   7.489
   7.947
   8.408
   8.873
   9.295
   9.649
   9.934
  10.159
  10.316
  10.359
  10.310
   9.715
   0.000
 -65.534
 -65.534
   0.792
   0.851
   0.907
   0.966
   1.029
   1.102
   1.188
   1.283
   1.385
   1.488
   1.581
   1.672
   1.751
   1.828
   1.901
   1.982
   2.057
   2.129
   2.190
   2.251
   2.315
   2.384
   2.487
   2.611
   2.748
   2.897
   3.043
   3.171
   3.292
   3.418
   3.543
   3.666
   3.805
   3.939
   4.055
   4.174
   4.338
   4.547
   4.800
   5.063
   5.279
   5.374
   5.387
   5.350
   5.317
   5.316
   5.357
   5.452
   5.607
   5.807
   6.079
   6.380
   6.715
   7.064
   7.422
   7.841
   8.323
   8.810
   9.268
   9.654
   9.987
  10.247
  10.420
  10.465
  10.411
   9.801
   0.000
 -65.534
 -65.534
 -65.534
   0.791
   0.831
   0.874
   0.926
   0.988
   1.060
   1.148
   1.245
   1.345
   1.446
   1.549
   1.649
   1.744
   1.841
   1.936
   2.023
   2.104
   2.169
   2.229
   2.294
   2.375
   2.478
   2.604
   2.741
   2.881
   3.024
   3.150
   3.274
   3.405
   3.538
   3.676
   3.828
   3.959
   4.093
   4.238
   4.406
   4.632
   4.895
   5.177
   5.385
   5.475
   5.474
   5.435
   5.409
   5.427
   5.497
   5.591
   5.746
   5.938
   6.187
   6.439
   6.730
   7.051
   7.417
   7.783
   8.249
   8.750
   9.229
   9.652
  10.013
  10.311
  10.507
  10.550
  10.500
   9.853
   0.000
 -65.534
 -65.534
 -65.534
 -65.534
   0.775
   0.800
   0.834
   0.881
   0.939
   1.016
   1.099
   1.195
   1.296
   1.398
   1.509
   1.619
   1.731
   1.835
   1.931
   2.014
   2.085
   2.154
   2.227
   2.318
   2.429
   2.557
   2.697
   2.841
   2.976
   3.101
   3.221
   3.356
   3.499
   3.651
   3.805
   3.956
   4.124
   4.276
   4.468
   4.710
   4.996
   5.284
   5.491
   5.589
   5.574
   5.522
   5.506
   5.523
   5.600
   5.709
   5.856
   6.034
   6.241
   6.502
   6.756
   7.047
   7.391
   7.761
   8.200
   8.710
   9.194
   9.639
  10.036
  10.361
  10.570
  10.624
  10.552
   9.884
   0.000
 -65.534
 -65.534
 -65.534
 -65.534
   0.754
   0.743
   0.764
   0.791
   0.833
   0.893
   0.964
   1.044
   1.139
   1.242
   1.350
   1.460
   1.573
   1.681
   1.775
   1.858
   1.934
   2.007
   2.084
   2.182
   2.303
   2.444
   2.595
   2.742
   2.883
   3.011
   3.137
   3.272
   3.415
   3.577
   3.745
   3.917
   4.094
   4.274
   4.482
   4.705
   5.003
   5.307
   5.533
   5.661
   5.669
   5.638
   5.622
   5.642
   5.713
   5.835
   5.967
   6.123
   6.321
   6.549
   6.803
   7.078
   7.409
   7.757
   8.169
   8.641
   9.131
   9.602
  10.035
  10.374
  10.575
  10.628
  10.550
   9.851
   0.000
 -65.534
 -65.534
 -65.534
 -65.534
   0.758
   0.717
   0.718
   0.730
   0.755
   0.795
   0.848
   0.913
   0.991
   1.084
   1.187
   1.293
   1.394
   1.495
   1.585
   1.663
   1.731
   1.797
   1.875
   1.972
   2.097
   2.245
   2.407
   2.571
   2.724
   2.864
   3.005
   3.144
   3.290
   3.443
   3.622
   3.816
   4.008
   4.204
   4.403
   4.608
   4.853
   5.131
   5.440
   5.619
   5.705
   5.730
   5.729
   5.745
   5.814
   5.918
   6.062
   6.215
   6.411
   6.622
   6.866
   7.129
   7.408
   7.746
   8.150
   8.605
   9.094
   9.578
  10.001
  10.341
  10.533
  10.577
  10.473
   9.753
   0.000
 -65.534
 -65.534
 -65.534
 -65.534
   0.838
   0.777
   0.752
   0.728
   0.715
   0.738
   0.771
   0.818
   0.875
   0.950
   1.036
   1.126
   1.217
   1.308
   1.391
   1.455
   1.513
   1.570
   1.636
   1.729
   1.849
   1.998
   2.166
   2.338
   2.504
   2.663
   2.812
   2.956
   3.109
   3.269
   3.441
   3.634
   3.839
   4.046
   4.241
   4.439
   4.643
   4.904
   5.187
   5.412
   5.585
   5.722
   5.787
   5.824
   5.886
   5.970
   6.095
   6.273
   6.468
   6.671
   6.867
   7.089
   7.361
   7.704
   8.112
   8.583
   9.084
   9.567
   9.978
  10.261
  10.452
  10.465
  10.346
   9.552
   0.000
 -65.534
 -65.534
 -65.534
 -65.534
 -65.534
 -65.534
 -65.534
 -65.534
   0.739
   0.736
   0.747
   0.769
   0.802
   0.848
   0.914
   0.984
   1.063
   1.142
   1.217
   1.281
   1.327
   1.372
   1.422
   1.504
   1.619
   1.759
   1.924
   2.096
   2.265
   2.426
   2.581
   2.735
   2.882
   3.040
   3.215
   3.415
   3.617
   3.821
   4.025
   4.228
   4.447
   4.698
   4.947
   5.196
   5.436
   5.610
   5.708
   5.802
   5.919
   6.020
   6.146
   6.308
   6.497
   6.668
   6.850
   7.045
   7.315
   7.663
   8.108
   8.598
   9.102
   9.559
   9.923
  10.197
  10.348
  10.334
  10.132
   9.300
   0.000
 -65.534
 -65.534
 -65.534
 -65.534
 -65.534
 -65.534
   0.617
   0.769
   0.828
   0.775
   0.771
   0.772
   0.781
   0.802
   0.840
   0.897
   0.963
   1.031
   1.098
   1.155
   1.199
   1.235
   1.282
   1.351
   1.444
   1.579
   1.737
   1.906
   2.070
   2.225
   2.372
   2.517
   2.666
   2.820
   2.988
   3.176
   3.380
   3.593
   3.807
   4.028
   4.262
   4.516
   4.773
   5.027
   5.265
   5.450
   5.612
   5.788
   5.918
   6.017
   6.154
   6.319
   6.506
   6.679
   6.858
   7.041
   7.306
   7.696
   8.166
   8.654
   9.125
   9.532
   9.840
  10.059
  10.177
  10.082
   9.823
   8.964
   0.000
 -65.534
 -65.534
 -65.534
 -65.534
 -65.534
 -65.534
 -65.534
 -65.534
 -65.534
   0.894
   0.872
   0.860
   0.856
   0.854
   0.849
   0.857
   0.914
   0.975
   1.041
   1.101
   1.137
   1.170
   1.214
   1.278
   1.371
   1.490
   1.633
   1.789
   1.943
   2.091
   2.227
   2.366
   2.505
   2.654
   2.817
   3.001
   3.201
   3.408
   3.635
   3.876
   4.128
   4.387
   4.642
   4.883
   5.111
   5.311
   5.501
   5.697
   5.867
   6.038
   6.232
   6.442
   6.636
   6.816
   6.983
   7.142
   7.364
   7.794
   8.257
   8.686
   9.086
   9.410
   9.680
   9.854
   9.863
   9.715
   9.446
   8.552
   0.000
 -65.534
 -65.534
 -65.534
 -65.534
 -65.534
 -65.534
 -65.534
 -65.534
 -65.534
 -65.534
 -65.534
 -65.534
 -65.534
 -65.534
 -65.534
   0.941
   0.975
   1.003
   1.036
   1.080
   1.136
   1.177
   1.219
   1.278
   1.365
   1.483
   1.618
   1.759
   1.904
   2.045
   2.177
   2.302
   2.429
   2.573
   2.734
   2.910
   3.104
   3.319
   3.560
   3.812
   4.070
   4.327
   4.573
   4.807
   5.026
   5.223
   5.422
   5.632
   5.837
   6.035
   6.248
   6.489
   6.718
   6.942
   7.145
   7.325
   7.537
   7.905
   8.220
   8.646
   8.992
   9.238
   9.449
   9.536
   9.468
   9.293
   8.974
   8.143
   0.000
 -65.534
 -65.534
 -65.534
 -65.534
 -65.534
 -65.534
 -65.534
 -65.534
 -65.534
 -65.534
 -65.534
 -65.534
 -65.534
 -65.534
 -65.534
 -65.534
 -65.534
 -65.534
 -65.534
   1.113
   1.177
   1.225
   1.279
   1.340
   1.423
   1.534
   1.665
   1.807
   1.946
   2.077
   2.202
   2.329
   2.457
   2.594
   2.753
   2.924
   3.115
   3.323
   3.549
   3.800
   4.060
   4.317
   4.562
   4.790
   4.998
   5.191
   5.384
   5.598
   5.828
   6.041
   6.268
   6.525
   6.790
   7.034
   7.270
   7.487
   7.701
   7.976
   8.259
   8.516
   8.653
   8.758
   8.763
   8.643
   8.308
   8.554
   8.532
   7.782
   0.000
 -65.534
 -65.534
 -65.534
 -65.534
 -65.534
 -65.534
 -65.534
 -65.534
 -65.534
 -65.534
 -65.534
 -65.534
 -65.534
 -65.534
 -65.534
 -65.534
 -65.534
 -65.534
   0.914
   1.218
   1.230
   1.284
   1.346
   1.426
   1.512
   1.625
   1.753
   1.892
   2.028
   2.161
   2.287
   2.412
   2.546
   2.686
   2.838
   3.001
   3.182
   3.383
   3.606
   3.850
   4.107
   4.372
   4.627
   4.856
   5.052
   5.232
   5.413
   5.616
   5.831
   6.060
   6.292
   6.554
   6.829
   7.084
   7.322
   7.547
   7.749
   7.925
   8.068
   8.143
   8.135
   8.101
   8.008
   7.861
   7.671
   7.677
   7.501
   6.634
   0.000
 -65.534
 -65.534
 -65.534
 -65.534
 -65.534
 -65.534
 -65.534
 -65.534
 -65.534
 -65.534
 -65.534
 -65.534
 -65.534
 -65.534
 -65.534
 -65.534
 -65.534
   0.785
   1.189
   1.257
   1.287
   1.341
   1.409
   1.505
   1.606
   1.720
   1.851
   1.988
   2.123
   2.254
   2.378
   2.500
   2.641
   2.786
   2.934
   3.091
   3.254
   3.433
   3.642
   3.880
   4.147
   4.426
   4.694
   4.939
   5.140
   5.310
   5.468
   5.647
   5.860
   6.067
   6.288
   6.540
   6.785
   7.030
   7.242
   7.449
   7.615
   7.697
   7.705
   7.645
   7.537
   7.423
   7.314
   7.185
   7.055
   6.970
   6.738
   5.870
   0.000
 -65.534
 -65.534
 -65.534
 -65.534
 -65.534
 -65.534
 -65.534
 -65.534
 -65.534
 -65.534
 -65.534
 -65.534
 -65.534
 -65.534
 -65.534
 -65.534
 -65.534
   1.025
   1.229
   1.268
   1.321
   1.377
   1.448
   1.549
   1.668
   1.785
   1.917
   2.054
   2.191
   2.324
   2.452
   2.577
   2.711
   2.851
   2.989
   3.130
   3.279
   3.439
   3.635
   3.864
   4.128
   4.416
   4.708
   4.971
   5.186
   5.353
   5.500
   5.663
   5.842
   6.032
   6.223
   6.381
   6.548
   6.740
   6.906
   7.063
   7.201
   7.243
   7.168
   7.019
   6.860
   6.708
   6.607
   6.519
   6.458
   6.404
   6.178
   5.421
   0.000
 -65.534
 -65.534
 -65.534
 -65.534
 -65.534
 -65.534
 -65.534
 -65.534
 -65.534
 -65.534
 -65.534
 -65.534
 -65.534
 -65.534
 -65.534
 -65.534
 -65.534
   1.098
   1.229
   1.281
   1.337
   1.397
   1.468
   1.561
   1.692
   1.813
   1.942
   2.080
   2.220
   2.363
   2.499
   2.622
   2.752
   2.885
   3.017
   3.147
   3.284
   3.438
   3.612
   3.819
   4.065
   4.337
   4.619
   4.874
   5.100
   5.279
   5.434
   5.588
   5.739
   5.903
   6.057
   6.163
   6.282
   6.381
   6.464
   6.531
   6.584
   6.569
   6.477
   6.317
   6.145
   6.004
   5.925
   5.889
   5.852
   5.831
   5.663
   5.023
   0.000
 -65.534
 -65.534
 -65.534
 -65.534
 -65.534
 -65.534
 -65.534
 -65.534
 -65.534
 -65.534
 -65.534
 -65.534
 -65.534
 -65.534
 -65.534
 -65.534
 -65.534
   1.172
   1.220
   1.290
   1.350
   1.404
   1.467
   1.546
   1.659
   1.805
   1.930
   2.068
   2.217
   2.368
   2.511
   2.635
   2.764
   2.891
   3.022
   3.152
   3.280
   3.418
   3.575
   3.755
   3.965
   4.207
   4.454
   4.689
   4.895
   5.075
   5.246
   5.395
   5.529
   5.660
   5.764
   5.827
   5.868
   5.884
   5.860
   5.830
   5.785
   5.761
   5.672
   5.563
   5.456
   5.371
   5.321
   5.315
   5.313
   5.321
   5.227
   4.666
   0.000
 -65.534
 -65.534
 -65.534
 -65.534
 -65.534
 -65.534
 -65.534
 -65.534
 -65.534
 -65.534
 -65.534
 -65.534
 -65.534
 -65.534
 -65.534
 -65.534
 -65.534
 -65.534
   1.269
   1.299
   1.352
   1.399
   1.450
   1.519
   1.615
   1.745
   1.879
   2.016
   2.166
   2.323
   2.469
   2.594
   2.722
   2.852
   2.983
   3.115
   3.242
   3.368
   3.510
   3.667
   3.844
   4.045
   4.259
   4.466
   4.655
   4.829
   4.984
   5.114
   5.238
   5.322
   5.375
   5.366
   5.343
   5.283
   5.194
   5.081
   5.002
   4.942
   4.895
   4.873
   4.841
   4.823
   4.815
   4.829
   4.847
   4.841
   4.772
   4.282
   0.000
 -65.534
 -65.534
 -65.534
 -65.534
 -65.534
 -65.534
 -65.534
 -65.534
 -65.534
 -65.534
 -65.534
 -65.534
 -65.534
 -65.534
 -65.534
 -65.534
 -65.534
 -65.534
 -65.534
   1.342
   1.349
   1.379
   1.427
   1.490
   1.583
   1.695
   1.815
   1.946
   2.091
   2.238
   2.377
   2.506
   2.630
   2.755
   2.888
   3.023
   3.079
   3.200
   3.333
   3.496
   3.705
   3.879
   4.053
   4.229
   4.400
   4.539
   4.651
   4.744
   4.822
   4.867
   4.904
   4.857
   4.795
   4.710
   4.602
   4.495
   4.392
   4.315
   4.285
   4.323
   4.351
   4.361
   4.361
   4.364
   4.367
   4.365
   4.280
   3.855
   0.000
 -65.534
 -65.534
 -65.534
 -65.534
 -65.534
 -65.534
 -65.534
 -65.534
 -65.534
 -65.534
 -65.534
 -65.534
 -65.534
 -65.534
 -65.534
 -65.534
 -65.534
 -65.534
 -65.534
 -65.534
   1.395
   1.419
   1.452
   1.500
   1.569
   1.663
   1.763
   1.878
   2.003
   2.131
   2.247
   2.371
   2.489
   2.590
   2.642
   2.504
 -65.534
 -65.534
 -65.534
 -65.534
   3.330
   3.623
   3.900
   4.016
   4.140
   4.227
   4.283
   4.335
   4.367
   4.382
   4.378
   4.325
   4.261
   4.191
   4.100
   4.034
   3.973
   3.937
   3.933
   3.946
   3.968
   3.989
   3.990
   3.976
   3.938
   3.895
   3.821
   3.446
   0.000
 -65.534
 -65.534
 -65.534
 -65.534
 -65.534
 -65.534
 -65.534
 -65.534
 -65.534
 -65.534
 -65.534
 -65.534
 -65.534
 -65.534
 -65.534
 -65.534
 -65.534
 -65.534
 -65.534
 -65.534
 -65.534
 -65.534
 -65.534
 -65.534
   1.565
   1.624
   1.704
   1.794
   1.900
   2.006
   2.108
   2.218
   2.315
   2.376
   2.345
   2.147
 -65.534
 -65.534
 -65.534
 -65.534
 -65.534
 -65.534
   3.282
   3.728
   3.830
   3.880
   3.889
   3.888
   3.879
   3.842
   3.801
   3.761
   3.700
   3.628
   3.578
   3.548
   3.537
   3.547
   3.541
   3.542
   3.554
   3.556
   3.559
   3.559
   3.557
   3.498
   3.390
   3.028
   0.000
 -65.534
 -65.534
 -65.534
 -65.534
 -65.534
 -65.534
 -65.534
 -65.534
 -65.534
 -65.534
 -65.534
 -65.534
 -65.534
 -65.534
 -65.534
 -65.534
 -65.534
 -65.534
 -65.534
 -65.534
 -65.534
 -65.534
 -65.534
 -65.534
   1.540
   1.579
   1.639
   1.721
   1.818
   1.908
   1.988
   2.070
   2.131
   2.144
   2.083
   1.955
 -65.534
 -65.534
 -65.534
 -65.534
 -65.534
 -65.534
 -65.534
   3.136
   3.393
   3.364
   3.465
   3.421
   3.378
   3.345
   3.320
   3.294
   3.250
   3.210
   3.185
   3.164
   3.156
   3.159
   3.159
   3.180
   3.182
   3.181
   3.193
   3.164
   3.107
   3.032
   2.932
   2.584
   0.000
 -65.534
 -65.534
 -65.534
 -65.534
 -65.534
 -65.534
 -65.534
 -65.534
 -65.534
 -65.534
 -65.534
 -65.534
 -65.534
 -65.534
 -65.534
 -65.534
 -65.534
 -65.534
 -65.534
 -65.534
 -65.534
 -65.534
 -65.534
 -65.534
 -65.534
 -65.534
 -65.534
 -65.534
 -65.534
   1.826
   1.864
   1.905
   1.959
   1.942
   1.873
   1.733
   0.713
 -65.534
 -65.534
 -65.534
 -65.534
 -65.534
 -65.534
   2.307
   2.533
 -65.534
   2.573
   2.771
   2.817
   2.924
   2.931
   2.921
   2.889
   2.860
   2.833
   2.826
   2.820
   2.819
   2.828
   2.824
   2.818
   2.812
   2.787
   2.751
   2.699
   2.628
   2.522
   2.225
   0.000
 -65.534
 -65.534
 -65.534
 -65.534
 -65.534
 -65.534
 -65.534
 -65.534
 -65.534
 -65.534
 -65.534
 -65.534
 -65.534
 -65.534
 -65.534
 -65.534
 -65.534
 -65.534
 -65.534
 -65.534
 -65.534
 -65.534
 -65.534
 -65.534
 -65.534
 -65.534
 -65.534
 -65.534
 -65.534
 -65.534
 -65.534
 -65.534
   1.846
   1.795
   1.720
   1.562
   0.890
   0.453
 -65.534
 -65.534
 -65.534
 -65.534
 -65.534
 -65.534
 -65.534
 -65.534
 -65.534
 -65.534
 -65.534
   2.162
   2.423
   2.483
   2.600
   2.581
   2.565
   2.551
   2.530
   2.507
   2.491
   2.482
   2.461
   2.434
   2.398
   2.358
   2.307
   2.234
   2.143
   1.903
   0.000
 -65.534
 -65.534
 -65.534
 -65.534
 -65.534
 -65.534
 -65.534
 -65.534
 -65.534
 -65.534
 -65.534
 -65.534
 -65.534
 -65.534
 -65.534
 -65.534
 -65.534
 -65.534
 -65.534
 -65.534
 -65.534
 -65.534
 -65.534
 -65.534
 -65.534
 -65.534
 -65.534
 -65.534
 -65.534
 -65.534
 -65.534
 -65.534
   1.661
   1.599
   1.517
   1.349
   0.964
   0.570
   0.357
   0.332
 -65.534
 -65.534
 -65.534
 -65.534
 -65.534
 -65.534
 -65.534
 -65.534
 -65.534
 -65.534
 -65.534
 -65.534
   1.905
   2.094
   2.124
   2.239
   2.226
   2.184
   2.147
   2.124
   2.094
   2.058
   2.020
   1.981
   1.940
   1.886
   1.822
   1.638
   0.000
 -65.534
 -65.534
 -65.534
 -65.534
 -65.534
 -65.534
 -65.534
 -65.534
 -65.534
 -65.534
 -65.534
 -65.534
 -65.534
 -65.534
 -65.534
 -65.534
 -65.534
 -65.534
 -65.534
 -65.534
 -65.534
 -65.534
 -65.534
 -65.534
 -65.534
 -65.534
 -65.534
 -65.534
 -65.534
 -65.534
 -65.534
 -65.534
 -65.534
 -65.534
 -65.534
 -65.534
   0.816
   0.602
   0.406
   0.297
   0.279
   0.261
   0.206
   0.176
   0.191
 -65.534
 -65.534
 -65.534
 -65.534
 -65.534
 -65.534
 -65.534
 -65.534
 -65.534
 -65.534
   1.665
   1.851
   1.851
   1.818
   1.775
   1.734
   1.696
   1.664
   1.633
   1.605
   1.573
   1.535
   1.410
   0.000
 -65.534
 -65.534
 -65.534
 -65.534
 -65.534
 -65.534
 -65.534
 -65.534
 -65.534
 -65.534
 -65.534
 -65.534
 -65.534
 -65.534
 -65.534
 -65.534
 -65.534
 -65.534
 -65.534
 -65.534
 -65.534
 -65.534
 -65.534
 -65.534
 -65.534
 -65.534
 -65.534
 -65.534
 -65.534
 -65.534
 -65.534
 -65.534
 -65.534
 -65.534
 -65.534
 -65.534
 -65.534
 -65.534
 -65.534
 -65.534
   0.137
 -65.534
 -65.534
 -65.534
 -65.534
 -65.534
 -65.534
 -65.534
 -65.534
 -65.534
 -65.534
 -65.534
 -65.534
 -65.534
 -65.534
   1.070
   1.319
   1.379
   1.369
   1.441
   1.415
   1.347
   1.311
   1.297
   1.293
   1.289
   1.270
   1.186
   0.000
 -65.534
 -65.534
 -65.534
 -65.534
 -65.534
 -65.534
 -65.534
 -65.534
 -65.534
 -65.534
 -65.534
 -65.534
 -65.534
 -65.534
 -65.534
 -65.534
 -65.534
 -65.534
 -65.534
 -65.534
 -65.534
 -65.534
 -65.534
 -65.534
 -65.534
 -65.534
 -65.534
 -65.534
 -65.534
 -65.534
 -65.534
 -65.534
 -65.534
 -65.534
 -65.534
 -65.534
 -65.534
 -65.534
 -65.534
 -65.534
 -65.534
 -65.534
 -65.534
 -65.534
 -65.534
 -65.534
 -65.534
 -65.534
 -65.534
 -65.534
 -65.534
 -65.534
 -65.534
 -65.534
 -65.534
 -65.534
 -65.534
 -65.534
 -65.534
   0.871
   0.980
   0.976
   0.952
   0.944
   0.948
   0.961
   0.972
   0.918
   0.000
 -65.534
 -65.534
 -65.534
 -65.534
 -65.534
 -65.534
 -65.534
 -65.534
 -65.534
 -65.534
 -65.534
 -65.534
 -65.534
 -65.534
 -65.534
 -65.534
 -65.534
 -65.534
 -65.534
 -65.534
 -65.534
 -65.534
 -65.534
 -65.534
 -65.534
 -65.534
 -65.534
 -65.534
 -65.534
 -65.534
 -65.534
 -65.534
 -65.534
 -65.534
 -65.534
 -65.534
 -65.534
 -65.534
 -65.534
 -65.534
 -65.534
 -65.534
 -65.534
 -65.534
 -65.534
 -65.534
 -65.534
 -65.534
 -65.534
 -65.534
 -65.534
 -65.534
 -65.534
 -65.534
 -65.534
 -65.534
 -65.534
 -65.534
 -65.534
 -65.534
 -65.534
   0.000
   0.000
   0.000
   0.000
   0.000
   0.000
   0.000
 -65.534
