 -65.534
   0.000
   0.000
   0.000
   0.000
   0.000
   0.000
   0.000
   0.000
   0.000
   0.000
   0.000
   0.000
   0.000
   0.000
   0.000
   0.000
   0.000
   0.000
   0.000
   0.000
   0.000
   0.000
   0.000
   0.000
   0.000
   0.000
   0.000
   0.000
   0.000
   0.000
   0.000
   0.000
   0.000
   0.000
   0.000
   0.000
   0.000
   0.000
   0.000
   0.000
   0.000
   0.000
   0.000
   0.000
   0.000
   0.000
   0.000
   0.000
   0.000
   0.000
   0.000
   0.000
   0.000
   0.000
   0.000
   0.000
   0.000
   0.000
   0.000
   0.000
   0.000
   0.000
   0.000
   0.000
   0.000
   0.000
   0.000
 -65.534
   0.000
   1.398
   1.562
   1.639
   1.708
   1.760
   1.798
   1.823
   1.838
   1.853
   1.868
   1.880
   1.891
   1.903
   1.907
   1.913
   1.923
   1.947
   1.996
   2.072
   2.169
   2.280
   2.391
   2.520
   2.539
   2.508
   2.474
   2.442
   2.409
   2.391
   2.379
   2.371
   2.382
   2.409
   2.410
   2.419
   2.415
   2.410
   2.401
   2.374
   2.345
   2.322
   2.296
   2.273
   2.258
   2.248
   2.248
   2.262
   2.294
   2.348
   2.414
   2.487
   2.561
   2.634
   2.717
   2.775
   2.813
   2.833
   2.836
   2.833
   2.819
   2.797
   2.774
   2.749
   2.718
   2.704
   2.701
   2.631
   0.000
   0.000
   1.491
   1.636
   1.688
   1.746
   1.792
   1.831
   1.865
   1.894
   1.922
   1.947
   1.965
   1.978
   1.988
   1.986
   1.983
   1.983
   1.997
   2.032
   2.091
   2.174
   2.270
   2.365
   2.469
   2.495
   2.480
   2.459
   2.439
   2.427
   2.428
   2.443
   2.462
   2.495
   2.539
   2.566
   2.586
   2.595
   2.594
   2.579
   2.557
   2.529
   2.503
   2.467
   2.438
   2.424
   2.421
   2.436
   2.468
   2.518
   2.596
   2.691
   2.791
   2.894
   2.994
   3.084
   3.155
   3.210
   3.246
   3.259
   3.257
   3.249
   3.225
   3.194
   3.160
   3.124
   3.097
   3.079
   2.991
   0.000
   0.000
   1.472
   1.601
   1.642
   1.689
   1.727
   1.766
   1.805
   1.842
   1.877
   1.909
   1.936
   1.950
   1.953
   1.951
   1.941
   1.938
   1.950
   1.978
   2.032
   2.105
   2.190
   2.277
   2.351
   2.398
   2.398
   2.389
   2.381
   2.382
   2.397
   2.427
   2.464
   2.516
   2.574
   2.623
   2.662
   2.682
   2.680
   2.671
   2.649
   2.624
   2.590
   2.548
   2.504
   2.476
   2.474
   2.499
   2.545
   2.610
   2.692
   2.787
   2.893
   3.005
   3.116
   3.213
   3.292
   3.355
   3.399
   3.415
   3.420
   3.409
   3.382
   3.343
   3.305
   3.270
   3.239
   3.213
   3.111
   0.000
   0.000
   1.449
   1.565
   1.594
   1.633
   1.668
   1.705
   1.747
   1.787
   1.826
   1.863
   1.892
   1.910
   1.917
   1.912
   1.901
   1.895
   1.907
   1.935
   1.984
   2.051
   2.132
   2.213
   2.276
   2.322
   2.334
   2.344
   2.348
   2.358
   2.382
   2.424
   2.477
   2.542
   2.616
   2.689
   2.741
   2.773
   2.781
   2.768
   2.751
   2.725
   2.689
   2.641
   2.597
   2.561
   2.551
   2.574
   2.624
   2.695
   2.777
   2.870
   2.971
   3.082
   3.193
   3.295
   3.379
   3.446
   3.493
   3.514
   3.519
   3.511
   3.486
   3.446
   3.407
   3.372
   3.336
   3.306
   3.184
   0.000
   0.000
   1.419
   1.524
   1.550
   1.585
   1.616
   1.655
   1.692
   1.735
   1.776
   1.815
   1.843
   1.858
   1.863
   1.859
   1.849
   1.846
   1.854
   1.886
   1.934
   2.000
   2.073
   2.153
   2.219
   2.251
   2.277
   2.310
   2.327
   2.348
   2.383
   2.436
   2.498
   2.579
   2.669
   2.753
   2.817
   2.857
   2.875
   2.867
   2.852
   2.826
   2.791
   2.747
   2.701
   2.664
   2.642
   2.653
   2.702
   2.772
   2.854
   2.944
   3.037
   3.139
   3.248
   3.348
   3.434
   3.503
   3.551
   3.571
   3.578
   3.571
   3.550
   3.518
   3.481
   3.443
   3.407
   3.370
   3.232
   0.000
   0.000
   1.385
   1.485
   1.511
   1.545
   1.577
   1.612
   1.650
   1.692
   1.733
   1.767
   1.792
   1.808
   1.811
   1.806
   1.797
   1.797
   1.809
   1.839
   1.884
   1.944
   2.013
   2.085
   2.144
   2.190
   2.241
   2.285
   2.318
   2.347
   2.391
   2.455
   2.530
   2.621
   2.718
   2.813
   2.892
   2.947
   2.968
   2.969
   2.956
   2.934
   2.903
   2.863
   2.817
   2.774
   2.743
   2.736
   2.771
   2.834
   2.912
   3.004
   3.093
   3.188
   3.289
   3.386
   3.472
   3.541
   3.588
   3.607
   3.616
   3.614
   3.594
   3.563
   3.528
   3.487
   3.451
   3.412
   3.259
   0.000
   0.000
   1.342
   1.441
   1.471
   1.507
   1.539
   1.576
   1.614
   1.655
   1.694
   1.725
   1.747
   1.759
   1.762
   1.756
   1.753
   1.754
   1.770
   1.798
   1.840
   1.894
   1.959
   2.030
   2.100
   2.155
   2.210
   2.263
   2.303
   2.343
   2.399
   2.477
   2.566
   2.668
   2.772
   2.878
   2.965
   3.030
   3.063
   3.072
   3.068
   3.051
   3.023
   2.985
   2.947
   2.899
   2.849
   2.822
   2.828
   2.869
   2.942
   3.035
   3.127
   3.219
   3.318
   3.412
   3.498
   3.568
   3.611
   3.631
   3.637
   3.632
   3.612
   3.584
   3.550
   3.510
   3.468
   3.429
   3.272
   0.000
   0.000
   1.281
   1.386
   1.420
   1.464
   1.499
   1.536
   1.575
   1.614
   1.653
   1.683
   1.703
   1.714
   1.717
   1.716
   1.714
   1.721
   1.738
   1.767
   1.808
   1.861
   1.921
   1.993
   2.068
   2.133
   2.190
   2.242
   2.290
   2.339
   2.407
   2.503
   2.606
   2.714
   2.831
   2.939
   3.033
   3.104
   3.146
   3.162
   3.169
   3.164
   3.145
   3.114
   3.079
   3.033
   2.974
   2.924
   2.904
   2.912
   2.957
   3.039
   3.131
   3.228
   3.329
   3.428
   3.518
   3.588
   3.631
   3.647
   3.648
   3.637
   3.614
   3.588
   3.554
   3.514
   3.473
   3.434
   3.274
   0.000
   0.000
   1.194
   1.304
   1.352
   1.406
   1.449
   1.491
   1.532
   1.573
   1.610
   1.642
   1.659
   1.669
   1.673
   1.675
   1.680
   1.691
   1.713
   1.744
   1.783
   1.835
   1.899
   1.972
   2.047
   2.115
   2.171
   2.229
   2.279
   2.339
   2.420
   2.524
   2.633
   2.751
   2.872
   2.983
   3.081
   3.161
   3.213
   3.234
   3.249
   3.254
   3.247
   3.228
   3.201
   3.159
   3.100
   3.034
   2.990
   2.974
   2.986
   3.037
   3.118
   3.216
   3.317
   3.417
   3.515
   3.588
   3.632
   3.644
   3.645
   3.631
   3.605
   3.579
   3.549
   3.510
   3.467
   3.424
   3.265
   0.000
   0.000
   1.099
   1.212
   1.271
   1.333
   1.388
   1.435
   1.480
   1.523
   1.563
   1.595
   1.614
   1.624
   1.633
   1.639
   1.650
   1.668
   1.695
   1.729
   1.769
   1.820
   1.882
   1.957
   2.035
   2.103
   2.160
   2.212
   2.269
   2.341
   2.432
   2.538
   2.652
   2.772
   2.893
   3.008
   3.109
   3.195
   3.255
   3.286
   3.309
   3.321
   3.323
   3.313
   3.296
   3.256
   3.203
   3.139
   3.072
   3.030
   3.017
   3.040
   3.095
   3.181
   3.279
   3.377
   3.471
   3.550
   3.600
   3.620
   3.625
   3.615
   3.592
   3.566
   3.536
   3.495
   3.448
   3.407
   3.241
   0.000
   0.000
   1.009
   1.125
   1.182
   1.253
   1.313
   1.368
   1.415
   1.461
   1.501
   1.534
   1.558
   1.575
   1.592
   1.606
   1.624
   1.648
   1.677
   1.716
   1.759
   1.811
   1.871
   1.945
   2.021
   2.092
   2.151
   2.208
   2.269
   2.345
   2.438
   2.548
   2.664
   2.785
   2.908
   3.022
   3.122
   3.209
   3.281
   3.325
   3.357
   3.374
   3.378
   3.374
   3.360
   3.328
   3.280
   3.220
   3.150
   3.088
   3.053
   3.050
   3.080
   3.143
   3.225
   3.317
   3.409
   3.492
   3.549
   3.582
   3.601
   3.602
   3.590
   3.567
   3.537
   3.492
   3.438
   3.395
   3.217
   0.000
   0.000
   0.908
   1.044
   1.099
   1.165
   1.228
   1.286
   1.336
   1.380
   1.419
   1.453
   1.484
   1.510
   1.537
   1.562
   1.587
   1.619
   1.655
   1.695
   1.742
   1.796
   1.858
   1.929
   2.008
   2.082
   2.147
   2.207
   2.270
   2.346
   2.438
   2.551
   2.665
   2.786
   2.911
   3.026
   3.126
   3.211
   3.283
   3.335
   3.380
   3.409
   3.413
   3.406
   3.395
   3.367
   3.320
   3.268
   3.199
   3.134
   3.083
   3.054
   3.061
   3.101
   3.168
   3.248
   3.336
   3.423
   3.494
   3.542
   3.576
   3.594
   3.599
   3.586
   3.558
   3.511
   3.451
   3.394
   3.199
   0.000
 -65.534
 -65.534
   0.908
   1.021
   1.071
   1.130
   1.187
   1.239
   1.282
   1.320
   1.354
   1.384
   1.416
   1.452
   1.489
   1.527
   1.567
   1.611
   1.659
   1.712
   1.772
   1.834
   1.907
   1.985
   2.061
   2.133
   2.202
   2.270
   2.342
   2.433
   2.539
   2.650
   2.774
   2.900
   3.011
   3.108
   3.195
   3.265
   3.318
   3.366
   3.401
   3.408
   3.407
   3.395
   3.368
   3.326
   3.275
   3.210
   3.144
   3.087
   3.043
   3.027
   3.044
   3.094
   3.165
   3.251
   3.344
   3.431
   3.499
   3.554
   3.595
   3.617
   3.626
   3.604
   3.559
   3.494
   3.419
   3.187
   0.000
 -65.534
 -65.534
 -65.534
   0.881
   0.974
   1.023
   1.077
   1.125
   1.166
   1.204
   1.238
   1.267
   1.302
   1.343
   1.386
   1.433
   1.482
   1.537
   1.594
   1.657
   1.724
   1.795
   1.871
   1.951
   2.031
   2.108
   2.182
   2.253
   2.328
   2.412
   2.513
   2.623
   2.745
   2.860
   2.959
   3.074
   3.167
   3.232
   3.282
   3.322
   3.355
   3.372
   3.371
   3.360
   3.333
   3.291
   3.241
   3.182
   3.121
   3.062
   3.012
   2.984
   2.987
   3.025
   3.089
   3.175
   3.273
   3.374
   3.461
   3.539
   3.601
   3.644
   3.663
   3.651
   3.610
   3.544
   3.459
   3.188
   0.000
 -65.534
 -65.534
 -65.534
 -65.534
   0.839
   0.920
   0.964
   1.004
   1.041
   1.073
   1.106
   1.139
   1.176
   1.217
   1.266
   1.320
   1.375
   1.435
   1.500
   1.570
   1.643
   1.722
   1.805
   1.886
   1.970
   2.054
   2.132
   2.211
   2.288
   2.372
   2.464
   2.567
   2.678
   2.793
   2.895
   2.999
   3.082
   3.170
   3.220
   3.253
   3.281
   3.293
   3.298
   3.286
   3.259
   3.220
   3.175
   3.121
   3.062
   3.006
   2.962
   2.930
   2.928
   2.965
   3.031
   3.121
   3.233
   3.345
   3.449
   3.539
   3.615
   3.668
   3.689
   3.679
   3.645
   3.586
   3.501
   3.202
   0.000
 -65.534
 -65.534
 -65.534
 -65.534
   0.745
   0.822
   0.859
   0.889
   0.914
   0.940
   0.970
   1.001
   1.041
   1.087
   1.140
   1.194
   1.253
   1.314
   1.381
   1.450
   1.527
   1.608
   1.691
   1.777
   1.865
   1.953
   2.039
   2.122
   2.205
   2.288
   2.380
   2.477
   2.584
   2.688
   2.794
   2.890
   2.975
   3.055
   3.102
   3.147
   3.168
   3.178
   3.182
   3.172
   3.149
   3.112
   3.073
   3.026
   2.972
   2.919
   2.879
   2.856
   2.864
   2.905
   2.982
   3.083
   3.202
   3.325
   3.437
   3.531
   3.607
   3.661
   3.683
   3.676
   3.647
   3.593
   3.523
   3.216
   0.000
 -65.534
 -65.534
 -65.534
 -65.534
   0.675
   0.741
   0.772
   0.792
   0.805
   0.824
   0.848
   0.878
   0.911
   0.957
   1.010
   1.067
   1.122
   1.181
   1.248
   1.316
   1.388
   1.465
   1.544
   1.627
   1.715
   1.804
   1.894
   1.982
   2.071
   2.159
   2.250
   2.344
   2.446
   2.553
   2.653
   2.750
   2.837
   2.906
   2.956
   2.999
   3.027
   3.036
   3.037
   3.031
   3.011
   2.981
   2.948
   2.910
   2.865
   2.825
   2.792
   2.784
   2.800
   2.850
   2.934
   3.042
   3.166
   3.293
   3.405
   3.492
   3.561
   3.612
   3.632
   3.632
   3.610
   3.565
   3.504
   3.212
   0.000
 -65.534
 -65.534
 -65.534
 -65.534
   0.621
   0.682
   0.712
   0.728
   0.731
   0.737
   0.752
   0.772
   0.800
   0.840
   0.886
   0.937
   0.995
   1.056
   1.121
   1.184
   1.250
   1.318
   1.389
   1.469
   1.548
   1.634
   1.724
   1.813
   1.904
   1.994
   2.086
   2.176
   2.275
   2.376
   2.474
   2.570
   2.656
   2.726
   2.781
   2.823
   2.856
   2.872
   2.879
   2.878
   2.865
   2.843
   2.815
   2.785
   2.754
   2.726
   2.713
   2.715
   2.744
   2.800
   2.886
   2.996
   3.115
   3.234
   3.336
   3.414
   3.473
   3.513
   3.539
   3.545
   3.534
   3.504
   3.452
   3.188
   0.000
 -65.534
 -65.534
 -65.534
 -65.534
 -65.534
 -65.534
 -65.534
 -65.534
   0.669
   0.675
   0.681
   0.689
   0.707
   0.736
   0.774
   0.820
   0.876
   0.940
   1.008
   1.073
   1.133
   1.191
   1.253
   1.325
   1.401
   1.481
   1.564
   1.648
   1.733
   1.818
   1.903
   1.988
   2.078
   2.173
   2.265
   2.356
   2.444
   2.521
   2.579
   2.626
   2.667
   2.694
   2.711
   2.721
   2.716
   2.701
   2.686
   2.668
   2.649
   2.634
   2.636
   2.654
   2.691
   2.752
   2.837
   2.941
   3.051
   3.156
   3.247
   3.310
   3.355
   3.388
   3.413
   3.426
   3.425
   3.406
   3.374
   3.149
   0.000
 -65.534
 -65.534
 -65.534
 -65.534
 -65.534
 -65.534
   0.413
   0.527
   0.628
   0.628
   0.622
   0.623
   0.633
   0.652
   0.682
   0.722
   0.780
   0.847
   0.914
   0.981
   1.043
   1.095
   1.155
   1.217
   1.282
   1.358
   1.435
   1.510
   1.589
   1.663
   1.734
   1.808
   1.885
   1.965
   2.048
   2.135
   2.220
   2.295
   2.362
   2.421
   2.473
   2.513
   2.540
   2.558
   2.566
   2.562
   2.554
   2.547
   2.547
   2.550
   2.562
   2.592
   2.633
   2.696
   2.776
   2.871
   2.971
   3.064
   3.140
   3.195
   3.231
   3.259
   3.277
   3.297
   3.304
   3.295
   3.285
   3.078
   0.000
 -65.534
 -65.534
 -65.534
 -65.534
 -65.534
 -65.534
 -65.534
 -65.534
 -65.534
   0.588
   0.575
   0.573
   0.577
   0.587
   0.611
   0.656
   0.713
   0.779
   0.849
   0.919
   0.974
   1.026
   1.083
   1.148
   1.213
   1.278
   1.343
   1.409
   1.471
   1.530
   1.585
   1.646
   1.709
   1.777
   1.849
   1.928
   2.005
   2.077
   2.148
   2.213
   2.272
   2.324
   2.363
   2.387
   2.405
   2.415
   2.420
   2.427
   2.435
   2.448
   2.468
   2.501
   2.547
   2.610
   2.686
   2.775
   2.865
   2.949
   3.017
   3.067
   3.099
   3.124
   3.137
   3.148
   3.162
   3.163
   3.166
   2.983
   0.000
 -65.534
 -65.534
 -65.534
 -65.534
 -65.534
 -65.534
 -65.534
 -65.534
 -65.534
 -65.534
 -65.534
 -65.534
 -65.534
 -65.534
 -65.534
   0.595
   0.664
   0.713
   0.779
   0.872
   0.930
   0.988
   1.046
   1.107
   1.175
   1.237
   1.294
   1.342
   1.387
   1.432
   1.473
   1.514
   1.561
   1.616
   1.676
   1.743
   1.813
   1.880
   1.953
   2.019
   2.080
   2.135
   2.178
   2.215
   2.243
   2.267
   2.285
   2.305
   2.320
   2.340
   2.362
   2.396
   2.442
   2.501
   2.573
   2.654
   2.736
   2.811
   2.873
   2.922
   2.954
   2.972
   2.984
   2.994
   3.010
   3.013
   3.019
   2.864
   0.000
 -65.534
 -65.534
 -65.534
 -65.534
 -65.534
 -65.534
 -65.534
 -65.534
 -65.534
 -65.534
 -65.534
 -65.534
 -65.534
 -65.534
 -65.534
 -65.534
 -65.534
 -65.534
 -65.534
   0.833
   0.913
   0.975
   1.040
   1.104
   1.165
   1.222
   1.273
   1.316
   1.348
   1.373
   1.398
   1.424
   1.458
   1.500
   1.553
   1.607
   1.666
   1.723
   1.784
   1.846
   1.907
   1.959
   2.008
   2.050
   2.092
   2.123
   2.155
   2.184
   2.207
   2.227
   2.250
   2.280
   2.323
   2.378
   2.442
   2.511
   2.583
   2.654
   2.712
   2.758
   2.792
   2.809
   2.820
   2.832
   2.850
   2.861
   2.875
   2.736
   0.000
 -65.534
 -65.534
 -65.534
 -65.534
 -65.534
 -65.534
 -65.534
 -65.534
 -65.534
 -65.534
 -65.534
 -65.534
 -65.534
 -65.534
 -65.534
 -65.534
 -65.534
 -65.534
   0.644
   0.870
   0.919
   0.983
   1.052
   1.118
   1.176
   1.227
   1.272
   1.309
   1.335
   1.354
   1.366
   1.381
   1.400
   1.433
   1.475
   1.522
   1.567
   1.610
   1.657
   1.707
   1.760
   1.812
   1.862
   1.910
   1.955
   1.993
   2.028
   2.058
   2.088
   2.113
   2.140
   2.168
   2.206
   2.252
   2.302
   2.354
   2.413
   2.476
   2.531
   2.581
   2.616
   2.638
   2.656
   2.673
   2.695
   2.714
   2.737
   2.613
   0.000
 -65.534
 -65.534
 -65.534
 -65.534
 -65.534
 -65.534
 -65.534
 -65.534
 -65.534
 -65.534
 -65.534
 -65.534
 -65.534
 -65.534
 -65.534
 -65.534
 -65.534
   0.594
   0.796
   0.875
   0.931
   0.988
   1.053
   1.121
   1.177
   1.228
   1.271
   1.308
   1.335
   1.353
   1.363
   1.367
   1.375
   1.395
   1.421
   1.453
   1.485
   1.515
   1.547
   1.587
   1.634
   1.688
   1.743
   1.799
   1.850
   1.889
   1.925
   1.953
   1.978
   2.002
   2.028
   2.054
   2.083
   2.117
   2.159
   2.204
   2.251
   2.304
   2.354
   2.400
   2.440
   2.471
   2.500
   2.529
   2.560
   2.591
   2.619
   2.506
   0.000
 -65.534
 -65.534
 -65.534
 -65.534
 -65.534
 -65.534
 -65.534
 -65.534
 -65.534
 -65.534
 -65.534
 -65.534
 -65.534
 -65.534
 -65.534
 -65.534
 -65.534
   0.705
   0.820
   0.875
   0.929
   0.980
   1.034
   1.095
   1.152
   1.202
   1.251
   1.290
   1.322
   1.346
   1.356
   1.354
   1.356
   1.362
   1.369
   1.383
   1.397
   1.416
   1.438
   1.471
   1.512
   1.568
   1.633
   1.698
   1.756
   1.801
   1.837
   1.869
   1.894
   1.915
   1.934
   1.961
   1.986
   2.013
   2.045
   2.080
   2.113
   2.151
   2.194
   2.238
   2.281
   2.326
   2.372
   2.417
   2.464
   2.511
   2.546
   2.428
   0.000
 -65.534
 -65.534
 -65.534
 -65.534
 -65.534
 -65.534
 -65.534
 -65.534
 -65.534
 -65.534
 -65.534
 -65.534
 -65.534
 -65.534
 -65.534
 -65.534
 -65.534
   0.733
   0.817
   0.868
   0.914
   0.958
   1.004
   1.052
   1.103
   1.151
   1.199
   1.247
   1.287
   1.319
   1.337
   1.333
   1.330
   1.323
   1.317
   1.313
   1.312
   1.315
   1.332
   1.359
   1.401
   1.456
   1.526
   1.598
   1.665
   1.717
   1.760
   1.797
   1.820
   1.841
   1.858
   1.881
   1.905
   1.931
   1.959
   1.988
   2.013
   2.045
   2.080
   2.121
   2.168
   2.217
   2.276
   2.340
   2.398
   2.451
   2.495
   2.386
   0.000
 -65.534
 -65.534
 -65.534
 -65.534
 -65.534
 -65.534
 -65.534
 -65.534
 -65.534
 -65.534
 -65.534
 -65.534
 -65.534
 -65.534
 -65.534
 -65.534
 -65.534
   0.752
   0.811
   0.859
   0.898
   0.934
   0.971
   1.005
   1.041
   1.086
   1.133
   1.186
   1.235
   1.277
   1.301
   1.304
   1.299
   1.290
   1.274
   1.259
   1.247
   1.242
   1.251
   1.275
   1.313
   1.366
   1.433
   1.507
   1.579
   1.644
   1.697
   1.735
   1.760
   1.778
   1.793
   1.813
   1.836
   1.863
   1.893
   1.922
   1.950
   1.978
   2.013
   2.053
   2.100
   2.153
   2.214
   2.283
   2.346
   2.407
   2.462
   2.351
   0.000
 -65.534
 -65.534
 -65.534
 -65.534
 -65.534
 -65.534
 -65.534
 -65.534
 -65.534
 -65.534
 -65.534
 -65.534
 -65.534
 -65.534
 -65.534
 -65.534
 -65.534
 -65.534
   0.799
   0.844
   0.884
   0.916
   0.944
   0.967
   0.989
   1.023
   1.067
   1.117
   1.168
   1.219
   1.254
   1.261
   1.263
   1.255
   1.241
   1.222
   1.194
   1.179
   1.180
   1.201
   1.243
   1.293
   1.353
   1.425
   1.503
   1.574
   1.635
   1.681
   1.713
   1.736
   1.753
   1.770
   1.788
   1.813
   1.844
   1.875
   1.908
   1.939
   1.977
   2.021
   2.069
   2.126
   2.185
   2.250
   2.313
   2.365
   2.420
   2.327
   0.000
 -65.534
 -65.534
 -65.534
 -65.534
 -65.534
 -65.534
 -65.534
 -65.534
 -65.534
 -65.534
 -65.534
 -65.534
 -65.534
 -65.534
 -65.534
 -65.534
 -65.534
 -65.534
 -65.534
   0.831
   0.862
   0.891
   0.915
   0.930
   0.949
   0.970
   0.999
   1.044
   1.092
   1.144
   1.183
   1.203
   1.212
   1.212
   1.207
   1.194
   1.155
   1.134
   1.134
   1.154
   1.180
   1.215
   1.277
   1.348
   1.429
   1.511
   1.582
   1.643
   1.685
   1.719
   1.736
   1.754
   1.770
   1.790
   1.817
   1.847
   1.881
   1.920
   1.962
   2.012
   2.068
   2.128
   2.188
   2.247
   2.305
   2.358
   2.410
   2.316
   0.000
 -65.534
 -65.534
 -65.534
 -65.534
 -65.534
 -65.534
 -65.534
 -65.534
 -65.534
 -65.534
 -65.534
 -65.534
 -65.534
 -65.534
 -65.534
 -65.534
 -65.534
 -65.534
 -65.534
 -65.534
   0.867
   0.892
   0.906
   0.916
   0.928
   0.939
   0.962
   0.991
   1.029
   1.070
   1.106
   1.134
   1.141
   1.130
   1.092
   0.977
 -65.534
 -65.534
 -65.534
 -65.534
   1.053
   1.159
   1.215
   1.291
   1.375
   1.464
   1.541
   1.610
   1.663
   1.707
   1.741
   1.765
   1.781
   1.798
   1.816
   1.839
   1.868
   1.906
   1.955
   2.009
   2.070
   2.135
   2.200
   2.259
   2.318
   2.373
   2.431
   2.333
   0.000
 -65.534
 -65.534
 -65.534
 -65.534
 -65.534
 -65.534
 -65.534
 -65.534
 -65.534
 -65.534
 -65.534
 -65.534
 -65.534
 -65.534
 -65.534
 -65.534
 -65.534
 -65.534
 -65.534
 -65.534
 -65.534
 -65.534
 -65.534
 -65.534
   0.878
   0.906
   0.925
   0.950
   0.989
   1.029
   1.058
   1.078
   1.074
   1.051
   0.992
   0.869
 -65.534
 -65.534
 -65.534
 -65.534
 -65.534
 -65.534
   1.129
   1.263
   1.349
   1.421
   1.499
   1.572
   1.641
   1.699
   1.745
   1.778
   1.801
   1.814
   1.828
   1.841
   1.868
   1.908
   1.955
   2.014
   2.077
   2.144
   2.212
   2.274
   2.335
   2.393
   2.461
   2.353
   0.000
 -65.534
 -65.534
 -65.534
 -65.534
 -65.534
 -65.534
 -65.534
 -65.534
 -65.534
 -65.534
 -65.534
 -65.534
 -65.534
 -65.534
 -65.534
 -65.534
 -65.534
 -65.534
 -65.534
 -65.534
 -65.534
 -65.534
 -65.534
 -65.534
   0.915
   0.933
   0.951
   0.968
   0.990
   0.995
   1.015
   1.028
   1.026
   0.996
   0.944
   0.865
 -65.534
 -65.534
 -65.534
 -65.534
 -65.534
 -65.534
 -65.534
   1.163
   1.312
   1.418
   1.477
   1.531
   1.596
   1.662
   1.724
   1.770
   1.805
   1.823
   1.842
   1.863
   1.892
   1.932
   1.980
   2.037
   2.099
   2.165
   2.229
   2.294
   2.356
   2.415
   2.484
   2.362
   0.000
 -65.534
 -65.534
 -65.534
 -65.534
 -65.534
 -65.534
 -65.534
 -65.534
 -65.534
 -65.534
 -65.534
 -65.534
 -65.534
 -65.534
 -65.534
 -65.534
 -65.534
 -65.534
 -65.534
 -65.534
 -65.534
 -65.534
 -65.534
 -65.534
 -65.534
 -65.534
 -65.534
 -65.534
 -65.534
   1.009
   1.023
   1.023
   1.008
   0.984
   0.944
   0.867
   0.511
 -65.534
 -65.534
 -65.534
 -65.534
 -65.534
 -65.534
   1.102
   1.217
 -65.534
   1.301
   1.476
   1.580
   1.654
   1.706
   1.757
   1.801
   1.837
   1.871
   1.907
   1.944
   1.982
   2.026
   2.080
   2.136
   2.194
   2.254
   2.314
   2.375
   2.429
   2.496
   2.349
   0.000
 -65.534
 -65.534
 -65.534
 -65.534
 -65.534
 -65.534
 -65.534
 -65.534
 -65.534
 -65.534
 -65.534
 -65.534
 -65.534
 -65.534
 -65.534
 -65.534
 -65.534
 -65.534
 -65.534
 -65.534
 -65.534
 -65.534
 -65.534
 -65.534
 -65.534
 -65.534
 -65.534
 -65.534
 -65.534
 -65.534
 -65.534
 -65.534
   0.981
   0.982
   0.951
   0.869
   0.590
   0.404
 -65.534
 -65.534
 -65.534
 -65.534
 -65.534
 -65.534
 -65.534
 -65.534
 -65.534
 -65.534
 -65.534
   1.438
   1.672
   1.786
   1.859
   1.884
   1.915
   1.953
   1.995
   2.035
   2.079
   2.126
   2.175
   2.225
   2.273
   2.321
   2.368
   2.411
   2.459
   2.275
   0.000
 -65.534
 -65.534
 -65.534
 -65.534
 -65.534
 -65.534
 -65.534
 -65.534
 -65.534
 -65.534
 -65.534
 -65.534
 -65.534
 -65.534
 -65.534
 -65.534
 -65.534
 -65.534
 -65.534
 -65.534
 -65.534
 -65.534
 -65.534
 -65.534
 -65.534
 -65.534
 -65.534
 -65.534
 -65.534
 -65.534
 -65.534
 -65.534
   1.052
   1.038
   1.001
   0.894
   0.655
   0.448
   0.346
   0.314
 -65.534
 -65.534
 -65.534
 -65.534
 -65.534
 -65.534
 -65.534
 -65.534
 -65.534
 -65.534
 -65.534
 -65.534
   1.623
   1.870
   1.968
   2.016
   2.043
   2.080
   2.122
   2.165
   2.201
   2.234
   2.271
   2.304
   2.334
   2.361
   2.386
   2.165
   0.000
 -65.534
 -65.534
 -65.534
 -65.534
 -65.534
 -65.534
 -65.534
 -65.534
 -65.534
 -65.534
 -65.534
 -65.534
 -65.534
 -65.534
 -65.534
 -65.534
 -65.534
 -65.534
 -65.534
 -65.534
 -65.534
 -65.534
 -65.534
 -65.534
 -65.534
 -65.534
 -65.534
 -65.534
 -65.534
 -65.534
 -65.534
 -65.534
 -65.534
 -65.534
 -65.534
 -65.534
   0.599
   0.463
   0.359
   0.306
   0.295
   0.276
   0.268
   0.268
   0.267
 -65.534
 -65.534
 -65.534
 -65.534
 -65.534
 -65.534
 -65.534
 -65.534
 -65.534
 -65.534
   1.784
   2.033
   2.114
   2.156
   2.170
   2.190
   2.213
   2.231
   2.241
   2.248
   2.258
   2.255
   2.000
   0.000
 -65.534
 -65.534
 -65.534
 -65.534
 -65.534
 -65.534
 -65.534
 -65.534
 -65.534
 -65.534
 -65.534
 -65.534
 -65.534
 -65.534
 -65.534
 -65.534
 -65.534
 -65.534
 -65.534
 -65.534
 -65.534
 -65.534
 -65.534
 -65.534
 -65.534
 -65.534
 -65.534
 -65.534
 -65.534
 -65.534
 -65.534
 -65.534
 -65.534
 -65.534
 -65.534
 -65.534
 -65.534
 -65.534
 -65.534
 -65.534
   0.243
 -65.534
 -65.534
 -65.534
 -65.534
 -65.534
 -65.534
 -65.534
 -65.534
 -65.534
 -65.534
 -65.534
 -65.534
 -65.534
 -65.534
   1.422
   1.859
   2.050
   2.134
   2.208
   2.197
   2.172
   2.166
   2.159
   2.147
   2.133
   2.097
   1.806
   0.000
 -65.534
 -65.534
 -65.534
 -65.534
 -65.534
 -65.534
 -65.534
 -65.534
 -65.534
 -65.534
 -65.534
 -65.534
 -65.534
 -65.534
 -65.534
 -65.534
 -65.534
 -65.534
 -65.534
 -65.534
 -65.534
 -65.534
 -65.534
 -65.534
 -65.534
 -65.534
 -65.534
 -65.534
 -65.534
 -65.534
 -65.534
 -65.534
 -65.534
 -65.534
 -65.534
 -65.534
 -65.534
 -65.534
 -65.534
 -65.534
 -65.534
 -65.534
 -65.534
 -65.534
 -65.534
 -65.534
 -65.534
 -65.534
 -65.534
 -65.534
 -65.534
 -65.534
 -65.534
 -65.534
 -65.534
 -65.534
 -65.534
 -65.534
 -65.534
   1.644
   1.936
   2.007
   1.965
   1.915
   1.864
   1.800
   1.724
   1.413
   0.000
 -65.534
 -65.534
 -65.534
 -65.534
 -65.534
 -65.534
 -65.534
 -65.534
 -65.534
 -65.534
 -65.534
 -65.534
 -65.534
 -65.534
 -65.534
 -65.534
 -65.534
 -65.534
 -65.534
 -65.534
 -65.534
 -65.534
 -65.534
 -65.534
 -65.534
 -65.534
 -65.534
 -65.534
 -65.534
 -65.534
 -65.534
 -65.534
 -65.534
 -65.534
 -65.534
 -65.534
 -65.534
 -65.534
 -65.534
 -65.534
 -65.534
 -65.534
 -65.534
 -65.534
 -65.534
 -65.534
 -65.534
 -65.534
 -65.534
 -65.534
 -65.534
 -65.534
 -65.534
 -65.534
 -65.534
 -65.534
 -65.534
 -65.534
 -65.534
 -65.534
 -65.534
   0.000
   0.000
   0.000
   0.000
   0.000
   0.000
   0.000
 -65.534
