 -65.534
   0.000
   0.000
   0.000
   0.000
   0.000
   0.000
   0.000
   0.000
   0.000
   0.000
   0.000
   0.000
   0.000
   0.000
   0.000
   0.000
   0.000
   0.000
   0.000
   0.000
   0.000
   0.000
   0.000
   0.000
   0.000
   0.000
   0.000
   0.000
   0.000
   0.000
   0.000
   0.000
   0.000
   0.000
   0.000
   0.000
   0.000
   0.000
   0.000
   0.000
   0.000
   0.000
   0.000
   0.000
   0.000
   0.000
   0.000
   0.000
   0.000
   0.000
   0.000
   0.000
   0.000
   0.000
   0.000
   0.000
   0.000
   0.000
   0.000
   0.000
   0.000
   0.000
   0.000
   0.000
   0.000
   0.000
   0.000
 -65.534
   0.000
   1.333
   1.527
   1.664
   1.790
   1.905
   1.999
   2.074
   2.129
   2.164
   2.183
   2.176
   2.150
   2.105
   2.028
   1.931
   1.815
   1.704
   1.615
   1.554
   1.530
   1.533
   1.556
   1.601
   1.620
   1.632
   1.651
   1.679
   1.712
   1.765
   1.819
   1.864
   1.907
   1.935
   1.929
   1.900
   1.844
   1.755
   1.623
   1.449
   1.247
   1.035
   0.844
   0.759
   0.791
   0.883
   0.990
   1.088
   1.173
   1.236
   1.272
   1.279
   1.270
   1.251
   1.232
   1.206
   1.183
   1.162
   1.142
   1.137
   1.135
   1.131
   1.132
   1.134
   1.125
   1.113
   1.102
   1.067
   0.000
   0.000
   1.369
   1.563
   1.691
   1.812
   1.920
   2.018
   2.105
   2.179
   2.245
   2.295
   2.320
   2.325
   2.299
   2.243
   2.156
   2.050
   1.942
   1.842
   1.765
   1.722
   1.708
   1.713
   1.741
   1.757
   1.773
   1.796
   1.831
   1.882
   1.943
   2.012
   2.075
   2.129
   2.164
   2.163
   2.135
   2.076
   1.982
   1.848
   1.682
   1.488
   1.272
   1.058
   0.904
   0.901
   0.995
   1.118
   1.246
   1.359
   1.445
   1.495
   1.508
   1.497
   1.471
   1.432
   1.390
   1.353
   1.323
   1.308
   1.302
   1.308
   1.309
   1.315
   1.320
   1.318
   1.312
   1.306
   1.266
   0.000
   0.000
   1.319
   1.501
   1.620
   1.728
   1.823
   1.919
   2.013
   2.101
   2.185
   2.260
   2.309
   2.334
   2.327
   2.285
   2.213
   2.120
   2.021
   1.930
   1.856
   1.808
   1.786
   1.789
   1.800
   1.818
   1.836
   1.864
   1.906
   1.961
   2.024
   2.100
   2.168
   2.230
   2.275
   2.286
   2.265
   2.213
   2.123
   1.998
   1.846
   1.666
   1.456
   1.241
   1.058
   0.988
   1.052
   1.165
   1.296
   1.416
   1.504
   1.557
   1.568
   1.550
   1.517
   1.472
   1.424
   1.379
   1.349
   1.337
   1.343
   1.356
   1.370
   1.380
   1.391
   1.392
   1.390
   1.388
   1.352
   0.000
   0.000
   1.259
   1.427
   1.530
   1.622
   1.701
   1.783
   1.874
   1.967
   2.066
   2.154
   2.220
   2.262
   2.271
   2.247
   2.194
   2.120
   2.045
   1.973
   1.911
   1.868
   1.849
   1.847
   1.852
   1.867
   1.888
   1.922
   1.963
   2.014
   2.078
   2.152
   2.224
   2.290
   2.340
   2.363
   2.354
   2.316
   2.240
   2.125
   1.989
   1.829
   1.632
   1.421
   1.235
   1.118
   1.126
   1.214
   1.330
   1.440
   1.514
   1.553
   1.558
   1.536
   1.504
   1.458
   1.411
   1.365
   1.333
   1.323
   1.334
   1.353
   1.372
   1.393
   1.409
   1.418
   1.423
   1.429
   1.398
   0.000
   0.000
   1.188
   1.344
   1.435
   1.515
   1.577
   1.640
   1.716
   1.806
   1.907
   2.002
   2.079
   2.130
   2.153
   2.149
   2.115
   2.068
   2.018
   1.971
   1.927
   1.897
   1.884
   1.885
   1.891
   1.903
   1.926
   1.962
   1.999
   2.042
   2.104
   2.175
   2.245
   2.310
   2.366
   2.398
   2.405
   2.379
   2.324
   2.228
   2.107
   1.965
   1.789
   1.598
   1.411
   1.268
   1.223
   1.264
   1.352
   1.435
   1.488
   1.507
   1.500
   1.475
   1.442
   1.396
   1.346
   1.301
   1.268
   1.262
   1.276
   1.303
   1.333
   1.363
   1.395
   1.414
   1.430
   1.444
   1.419
   0.000
   0.000
   1.103
   1.249
   1.335
   1.406
   1.458
   1.507
   1.569
   1.648
   1.743
   1.836
   1.919
   1.982
   2.023
   2.033
   2.019
   1.996
   1.965
   1.936
   1.911
   1.893
   1.886
   1.890
   1.900
   1.915
   1.944
   1.979
   2.014
   2.048
   2.095
   2.159
   2.225
   2.297
   2.358
   2.405
   2.426
   2.426
   2.386
   2.314
   2.211
   2.082
   1.926
   1.754
   1.577
   1.424
   1.334
   1.317
   1.352
   1.391
   1.411
   1.407
   1.387
   1.357
   1.326
   1.288
   1.241
   1.196
   1.168
   1.164
   1.185
   1.217
   1.256
   1.299
   1.340
   1.379
   1.407
   1.433
   1.424
   0.000
   0.000
   1.006
   1.142
   1.224
   1.293
   1.346
   1.393
   1.442
   1.509
   1.593
   1.687
   1.771
   1.839
   1.885
   1.908
   1.912
   1.906
   1.895
   1.881
   1.870
   1.863
   1.866
   1.877
   1.892
   1.915
   1.942
   1.972
   1.997
   2.020
   2.056
   2.113
   2.181
   2.255
   2.327
   2.390
   2.428
   2.445
   2.431
   2.377
   2.295
   2.179
   2.035
   1.877
   1.717
   1.565
   1.445
   1.375
   1.346
   1.326
   1.303
   1.271
   1.232
   1.198
   1.170
   1.137
   1.097
   1.057
   1.038
   1.045
   1.069
   1.103
   1.148
   1.204
   1.265
   1.319
   1.363
   1.401
   1.411
   0.000
   0.000
   0.907
   1.039
   1.106
   1.176
   1.234
   1.281
   1.329
   1.389
   1.470
   1.557
   1.640
   1.711
   1.764
   1.797
   1.810
   1.813
   1.815
   1.813
   1.813
   1.818
   1.829
   1.847
   1.873
   1.899
   1.923
   1.946
   1.964
   1.980
   2.010
   2.061
   2.126
   2.204
   2.290
   2.365
   2.420
   2.454
   2.458
   2.425
   2.362
   2.260
   2.122
   1.975
   1.820
   1.671
   1.544
   1.443
   1.360
   1.285
   1.211
   1.145
   1.081
   1.036
   1.004
   0.976
   0.945
   0.918
   0.911
   0.919
   0.948
   0.981
   1.030
   1.092
   1.168
   1.239
   1.304
   1.360
   1.388
   0.000
   0.000
   0.819
   0.917
   0.994
   1.069
   1.108
   1.155
   1.210
   1.277
   1.355
   1.442
   1.525
   1.600
   1.656
   1.692
   1.711
   1.726
   1.736
   1.745
   1.752
   1.766
   1.783
   1.809
   1.840
   1.868
   1.890
   1.911
   1.927
   1.942
   1.972
   2.021
   2.081
   2.158
   2.247
   2.333
   2.403
   2.452
   2.472
   2.455
   2.409
   2.323
   2.195
   2.054
   1.897
   1.742
   1.604
   1.488
   1.384
   1.283
   1.178
   1.073
   0.989
   0.928
   0.885
   0.852
   0.825
   0.810
   0.808
   0.820
   0.843
   0.878
   0.926
   0.989
   1.074
   1.158
   1.241
   1.318
   1.367
   0.000
   0.000
   0.753
   0.850
   0.906
   0.950
   0.987
   1.047
   1.095
   1.160
   1.244
   1.334
   1.420
   1.496
   1.555
   1.595
   1.619
   1.635
   1.650
   1.665
   1.680
   1.700
   1.727
   1.759
   1.793
   1.823
   1.851
   1.873
   1.892
   1.916
   1.950
   1.997
   2.054
   2.122
   2.207
   2.293
   2.371
   2.431
   2.461
   2.457
   2.428
   2.362
   2.254
   2.118
   1.963
   1.790
   1.626
   1.496
   1.376
   1.275
   1.163
   1.049
   0.957
   0.878
   0.818
   0.772
   0.748
   0.732
   0.730
   0.742
   0.768
   0.794
   0.834
   0.900
   0.992
   1.094
   1.196
   1.291
   1.358
   0.000
   0.000
   0.699
   0.792
   0.845
   0.892
   0.927
   0.948
   0.987
   1.053
   1.131
   1.224
   1.314
   1.394
   1.454
   1.496
   1.525
   1.547
   1.564
   1.582
   1.601
   1.625
   1.655
   1.692
   1.733
   1.770
   1.804
   1.836
   1.869
   1.903
   1.945
   1.991
   2.042
   2.103
   2.177
   2.257
   2.334
   2.397
   2.435
   2.441
   2.427
   2.382
   2.296
   2.180
   2.032
   1.855
   1.673
   1.510
   1.368
   1.245
   1.136
   1.022
   0.919
   0.828
   0.758
   0.701
   0.664
   0.648
   0.653
   0.675
   0.662
   0.695
   0.758
   0.840
   0.933
   1.033
   1.136
   1.244
   1.376
   0.000
   0.000
   0.633
   0.742
   0.794
   0.840
   0.875
   0.903
   0.930
   0.956
   1.019
   1.102
   1.192
   1.276
   1.342
   1.388
   1.422
   1.446
   1.468
   1.487
   1.510
   1.537
   1.568
   1.606
   1.648
   1.698
   1.746
   1.796
   1.841
   1.888
   1.935
   1.983
   2.031
   2.085
   2.149
   2.217
   2.284
   2.346
   2.384
   2.397
   2.395
   2.369
   2.309
   2.221
   2.101
   1.940
   1.768
   1.598
   1.428
   1.275
   1.135
   1.006
   0.889
   0.781
   0.692
   0.620
   0.574
   0.554
   0.531
   0.538
   0.583
   0.660
   0.750
   0.844
   0.944
   1.045
   1.142
   1.230
   1.342
   0.000
 -65.534
 -65.534
   0.643
   0.736
   0.775
   0.814
   0.850
   0.880
   0.903
   0.929
   0.984
   1.056
   1.130
   1.200
   1.252
   1.294
   1.324
   1.351
   1.377
   1.400
   1.427
   1.459
   1.497
   1.546
   1.600
   1.662
   1.728
   1.792
   1.850
   1.903
   1.953
   1.997
   2.048
   2.107
   2.163
   2.216
   2.263
   2.299
   2.318
   2.325
   2.313
   2.278
   2.222
   2.131
   2.008
   1.861
   1.711
   1.551
   1.386
   1.223
   1.069
   0.920
   0.790
   0.666
   0.572
   0.512
   0.427
   0.424
   0.477
   0.560
   0.656
   0.758
   0.878
   0.989
   1.094
   1.187
   1.268
   1.330
   0.000
 -65.534
 -65.534
 -65.534
   0.622
   0.699
   0.743
   0.785
   0.820
   0.848
   0.872
   0.896
   0.930
   0.992
   1.044
   1.093
   1.140
   1.182
   1.218
   1.247
   1.278
   1.306
   1.337
   1.376
   1.426
   1.486
   1.558
   1.636
   1.710
   1.781
   1.840
   1.892
   1.938
   1.988
   2.030
   2.072
   2.129
   2.172
   2.201
   2.220
   2.233
   2.230
   2.215
   2.177
   2.113
   2.023
   1.910
   1.784
   1.648
   1.495
   1.335
   1.179
   1.024
   0.883
   0.744
   0.625
   0.541
   0.492
   0.475
   0.501
   0.573
   0.671
   0.783
   0.899
   1.021
   1.129
   1.222
   1.304
   1.345
   0.000
 -65.534
 -65.534
 -65.534
 -65.534
   0.594
   0.669
   0.717
   0.753
   0.781
   0.805
   0.828
   0.843
   0.859
   0.898
   0.954
   0.987
   1.023
   1.062
   1.101
   1.136
   1.168
   1.203
   1.241
   1.291
   1.352
   1.425
   1.508
   1.588
   1.660
   1.723
   1.777
   1.827
   1.873
   1.918
   1.962
   2.008
   2.042
   2.084
   2.104
   2.117
   2.120
   2.108
   2.080
   2.030
   1.962
   1.881
   1.783
   1.669
   1.537
   1.405
   1.269
   1.132
   0.996
   0.872
   0.763
   0.682
   0.639
   0.630
   0.654
   0.713
   0.788
   0.878
   0.981
   1.087
   1.187
   1.275
   1.342
   1.363
   0.000
 -65.534
 -65.534
 -65.534
 -65.534
   0.525
   0.601
   0.646
   0.677
   0.703
   0.727
   0.752
   0.768
   0.782
   0.796
   0.808
   0.830
   0.887
   0.917
   0.941
   0.972
   1.007
   1.043
   1.085
   1.133
   1.190
   1.257
   1.330
   1.404
   1.471
   1.537
   1.598
   1.656
   1.711
   1.762
   1.808
   1.849
   1.887
   1.923
   1.937
   1.950
   1.955
   1.944
   1.918
   1.877
   1.820
   1.760
   1.688
   1.605
   1.510
   1.411
   1.310
   1.203
   1.103
   1.005
   0.925
   0.868
   0.841
   0.843
   0.872
   0.924
   0.990
   1.067
   1.148
   1.233
   1.311
   1.379
   1.422
   1.413
   0.000
 -65.534
 -65.534
 -65.534
 -65.534
   0.481
   0.547
   0.586
   0.610
   0.628
   0.652
   0.678
   0.697
   0.714
   0.725
   0.734
   0.741
   0.741
   0.747
   0.786
   0.846
   0.864
   0.886
   0.916
   0.954
   1.000
   1.056
   1.119
   1.187
   1.254
   1.323
   1.386
   1.447
   1.504
   1.558
   1.610
   1.653
   1.689
   1.714
   1.723
   1.725
   1.717
   1.701
   1.687
   1.653
   1.610
   1.568
   1.521
   1.470
   1.418
   1.362
   1.299
   1.232
   1.164
   1.101
   1.058
   1.031
   1.026
   1.045
   1.086
   1.141
   1.203
   1.268
   1.332
   1.395
   1.453
   1.503
   1.534
   1.501
   0.000
 -65.534
 -65.534
 -65.534
 -65.534
   0.442
   0.494
   0.528
   0.549
   0.571
   0.586
   0.608
   0.629
   0.644
   0.658
   0.666
   0.669
   0.666
   0.669
   0.672
   0.675
   0.682
   0.695
   0.729
   0.808
   0.856
   0.890
   0.930
   0.975
   1.028
   1.090
   1.157
   1.218
   1.280
   1.334
   1.380
   1.421
   1.448
   1.463
   1.466
   1.454
   1.437
   1.422
   1.405
   1.384
   1.364
   1.345
   1.324
   1.301
   1.280
   1.255
   1.227
   1.196
   1.166
   1.140
   1.122
   1.121
   1.142
   1.182
   1.236
   1.303
   1.366
   1.424
   1.474
   1.516
   1.558
   1.599
   1.628
   1.585
   0.000
 -65.534
 -65.534
 -65.534
 -65.534
 -65.534
 -65.534
 -65.534
 -65.534
   0.485
   0.524
   0.545
   0.561
   0.577
   0.591
   0.598
   0.599
   0.601
   0.603
   0.609
   0.611
   0.610
   0.611
   0.612
   0.626
   0.649
   0.678
   0.707
   0.738
   0.785
   0.909
   0.958
   0.999
   1.042
   1.088
   1.130
   1.166
   1.190
   1.202
   1.201
   1.192
   1.175
   1.162
   1.149
   1.139
   1.135
   1.127
   1.113
   1.104
   1.107
   1.108
   1.108
   1.105
   1.105
   1.107
   1.121
   1.148
   1.193
   1.253
   1.321
   1.393
   1.460
   1.517
   1.555
   1.587
   1.621
   1.661
   1.691
   1.648
   0.000
 -65.534
 -65.534
 -65.534
 -65.534
 -65.534
 -65.534
   0.245
   0.306
   0.429
   0.475
   0.493
   0.507
   0.524
   0.535
   0.539
   0.543
   0.549
   0.557
   0.563
   0.564
   0.563
   0.559
   0.561
   0.561
   0.564
   0.588
   0.613
   0.643
   0.677
   0.710
   0.731
   0.750
   0.772
   0.859
   0.924
   0.938
   0.952
   0.958
   0.954
   0.942
   0.931
   0.928
   0.926
   0.931
   0.936
   0.927
   0.921
   0.925
   0.934
   0.943
   0.966
   0.990
   1.019
   1.050
   1.086
   1.131
   1.188
   1.258
   1.336
   1.414
   1.483
   1.539
   1.576
   1.607
   1.645
   1.683
   1.717
   1.669
   0.000
 -65.534
 -65.534
 -65.534
 -65.534
 -65.534
 -65.534
 -65.534
 -65.534
 -65.534
   0.408
   0.434
   0.451
   0.465
   0.476
   0.484
   0.506
   0.518
   0.529
   0.536
   0.533
   0.529
   0.523
   0.521
   0.525
   0.535
   0.542
   0.552
   0.574
   0.598
   0.618
   0.635
   0.653
   0.672
   0.690
   0.692
   0.701
   0.706
   0.705
   0.698
   0.701
   0.760
   0.767
   0.750
   0.748
   0.752
   0.753
   0.754
   0.764
   0.779
   0.809
   0.846
   0.892
   0.935
   0.983
   1.037
   1.090
   1.149
   1.216
   1.292
   1.359
   1.424
   1.475
   1.522
   1.563
   1.609
   1.657
   1.700
   1.650
   0.000
 -65.534
 -65.534
 -65.534
 -65.534
 -65.534
 -65.534
 -65.534
 -65.534
 -65.534
 -65.534
 -65.534
 -65.534
 -65.534
 -65.534
 -65.534
   0.428
   0.475
   0.497
   0.508
   0.510
   0.508
   0.506
   0.506
   0.510
   0.518
   0.527
   0.535
   0.537
   0.546
   0.557
   0.568
   0.576
   0.586
   0.590
   0.597
   0.601
   0.603
   0.600
   0.614
   0.616
   0.606
   0.592
   0.584
   0.626
   0.672
   0.662
   0.655
   0.659
   0.672
   0.695
   0.728
   0.778
   0.840
   0.903
   0.966
   1.029
   1.089
   1.151
   1.213
   1.270
   1.320
   1.367
   1.420
   1.474
   1.530
   1.589
   1.641
   1.593
   0.000
 -65.534
 -65.534
 -65.534
 -65.534
 -65.534
 -65.534
 -65.534
 -65.534
 -65.534
 -65.534
 -65.534
 -65.534
 -65.534
 -65.534
 -65.534
 -65.534
 -65.534
 -65.534
 -65.534
   0.452
   0.489
   0.503
   0.512
   0.522
   0.529
   0.533
   0.537
   0.538
   0.537
   0.528
   0.526
   0.526
   0.527
   0.528
   0.531
   0.533
   0.534
   0.534
   0.540
   0.547
   0.550
   0.553
   0.576
   0.598
   0.598
   0.590
   0.572
   0.568
   0.579
   0.590
   0.611
   0.683
   0.804
   0.851
   0.907
   0.964
   1.020
   1.074
   1.128
   1.170
   1.210
   1.258
   1.315
   1.373
   1.435
   1.499
   1.553
   1.505
   0.000
 -65.534
 -65.534
 -65.534
 -65.534
 -65.534
 -65.534
 -65.534
 -65.534
 -65.534
 -65.534
 -65.534
 -65.534
 -65.534
 -65.534
 -65.534
 -65.534
 -65.534
 -65.534
   0.360
   0.470
   0.501
   0.522
   0.538
   0.553
   0.562
   0.564
   0.563
   0.559
   0.552
   0.540
   0.522
   0.511
   0.504
   0.500
   0.500
   0.505
   0.508
   0.509
   0.512
   0.517
   0.535
   0.575
   0.638
   0.653
   0.658
   0.651
   0.627
   0.605
   0.605
   0.627
   0.659
   0.699
   0.738
   0.777
   0.814
   0.849
   0.896
   0.979
   1.083
   1.100
   1.123
   1.157
   1.202
   1.257
   1.313
   1.379
   1.434
   1.382
   0.000
 -65.534
 -65.534
 -65.534
 -65.534
 -65.534
 -65.534
 -65.534
 -65.534
 -65.534
 -65.534
 -65.534
 -65.534
 -65.534
 -65.534
 -65.534
 -65.534
 -65.534
   0.376
   0.475
   0.512
   0.535
   0.555
   0.575
   0.594
   0.605
   0.608
   0.606
   0.599
   0.589
   0.574
   0.553
   0.530
   0.519
   0.511
   0.505
   0.505
   0.505
   0.507
   0.514
   0.531
   0.569
   0.665
   0.690
   0.725
   0.743
   0.736
   0.713
   0.686
   0.665
   0.669
   0.695
   0.731
   0.761
   0.799
   0.833
   0.874
   0.914
   0.950
   0.966
   0.979
   0.987
   1.021
   1.124
   1.165
   1.202
   1.254
   1.295
   1.235
   0.000
 -65.534
 -65.534
 -65.534
 -65.534
 -65.534
 -65.534
 -65.534
 -65.534
 -65.534
 -65.534
 -65.534
 -65.534
 -65.534
 -65.534
 -65.534
 -65.534
 -65.534
   0.477
   0.537
   0.556
   0.567
   0.585
   0.610
   0.633
   0.645
   0.652
   0.652
   0.646
   0.637
   0.623
   0.603
   0.572
   0.555
   0.542
   0.530
   0.523
   0.521
   0.525
   0.544
   0.587
   0.672
   0.700
   0.741
   0.796
   0.834
   0.829
   0.800
   0.768
   0.746
   0.732
   0.735
   0.748
   0.771
   0.798
   0.824
   0.856
   0.893
   0.922
   0.936
   0.942
   0.952
   0.971
   0.988
   1.006
   1.100
   1.144
   1.158
   1.091
   0.000
 -65.534
 -65.534
 -65.534
 -65.534
 -65.534
 -65.534
 -65.534
 -65.534
 -65.534
 -65.534
 -65.534
 -65.534
 -65.534
 -65.534
 -65.534
 -65.534
 -65.534
   0.512
   0.558
   0.577
   0.587
   0.609
   0.639
   0.662
   0.676
   0.683
   0.688
   0.686
   0.680
   0.670
   0.653
   0.620
   0.599
   0.582
   0.565
   0.556
   0.556
   0.585
   0.644
   0.676
   0.695
   0.729
   0.778
   0.836
   0.880
   0.884
   0.864
   0.839
   0.821
   0.820
   0.810
   0.799
   0.807
   0.815
   0.824
   0.840
   0.867
   0.888
   0.902
   0.905
   0.911
   0.921
   0.930
   0.945
   0.962
   0.982
   1.062
   0.963
   0.000
 -65.534
 -65.534
 -65.534
 -65.534
 -65.534
 -65.534
 -65.534
 -65.534
 -65.534
 -65.534
 -65.534
 -65.534
 -65.534
 -65.534
 -65.534
 -65.534
 -65.534
   0.537
   0.562
   0.590
   0.606
   0.630
   0.659
   0.682
   0.697
   0.705
   0.711
   0.715
   0.715
   0.710
   0.697
   0.666
   0.646
   0.626
   0.618
   0.623
   0.650
   0.699
   0.702
   0.711
   0.732
   0.764
   0.802
   0.847
   0.885
   0.904
   0.903
   0.894
   0.887
   0.886
   0.886
   0.884
   0.887
   0.876
   0.860
   0.859
   0.869
   0.883
   0.887
   0.890
   0.888
   0.889
   0.892
   0.898
   0.900
   0.895
   0.874
   0.797
   0.000
 -65.534
 -65.534
 -65.534
 -65.534
 -65.534
 -65.534
 -65.534
 -65.534
 -65.534
 -65.534
 -65.534
 -65.534
 -65.534
 -65.534
 -65.534
 -65.534
 -65.534
 -65.534
   0.563
   0.590
   0.620
   0.647
   0.675
   0.694
   0.706
   0.714
   0.722
   0.727
   0.731
   0.734
   0.729
   0.703
   0.688
   0.676
   0.686
   0.729
   0.751
   0.749
   0.747
   0.756
   0.775
   0.795
   0.818
   0.844
   0.873
   0.895
   0.909
   0.922
   0.936
   0.945
   0.949
   0.941
   0.931
   0.917
   0.905
   0.896
   0.899
   0.905
   0.908
   0.911
   0.909
   0.908
   0.902
   0.895
   0.879
   0.848
   0.800
   0.683
   0.000
 -65.534
 -65.534
 -65.534
 -65.534
 -65.534
 -65.534
 -65.534
 -65.534
 -65.534
 -65.534
 -65.534
 -65.534
 -65.534
 -65.534
 -65.534
 -65.534
 -65.534
 -65.534
 -65.534
   0.585
   0.622
   0.655
   0.678
   0.694
   0.702
   0.709
   0.713
   0.719
   0.728
   0.739
   0.738
   0.728
   0.721
   0.719
   0.759
   0.814
   0.829
   0.816
   0.816
   0.819
   0.806
   0.812
   0.819
   0.832
   0.850
   0.869
   0.889
   0.910
   0.936
   0.957
   0.979
   0.983
   0.979
   0.973
   0.961
   0.949
   0.939
   0.931
   0.926
   0.924
   0.915
   0.906
   0.893
   0.874
   0.850
   0.812
   0.758
   0.624
   0.000
 -65.534
 -65.534
 -65.534
 -65.534
 -65.534
 -65.534
 -65.534
 -65.534
 -65.534
 -65.534
 -65.534
 -65.534
 -65.534
 -65.534
 -65.534
 -65.534
 -65.534
 -65.534
 -65.534
 -65.534
   0.611
   0.650
   0.677
   0.690
   0.696
   0.699
   0.701
   0.705
   0.714
   0.725
   0.725
   0.730
   0.722
   0.715
   0.738
   0.668
 -65.534
 -65.534
 -65.534
 -65.534
   0.698
   0.801
   0.812
   0.832
   0.852
   0.874
   0.895
   0.908
   0.919
   0.941
   0.964
   0.979
   0.991
   0.997
   0.992
   0.988
   0.976
   0.964
   0.951
   0.945
   0.936
   0.921
   0.899
   0.865
   0.819
   0.760
   0.690
   0.556
   0.000
 -65.534
 -65.534
 -65.534
 -65.534
 -65.534
 -65.534
 -65.534
 -65.534
 -65.534
 -65.534
 -65.534
 -65.534
 -65.534
 -65.534
 -65.534
 -65.534
 -65.534
 -65.534
 -65.534
 -65.534
 -65.534
 -65.534
 -65.534
 -65.534
   0.637
   0.669
   0.682
   0.689
   0.699
   0.707
   0.710
   0.715
   0.707
   0.710
   0.726
   0.603
 -65.534
 -65.534
 -65.534
 -65.534
 -65.534
 -65.534
   0.701
   0.779
   0.832
   0.858
   0.867
   0.871
   0.892
   0.922
   0.923
   0.930
   0.947
   0.960
   0.972
   0.982
   0.974
   0.961
   0.947
   0.936
   0.926
   0.909
   0.882
   0.841
   0.786
   0.714
   0.626
   0.481
   0.000
 -65.534
 -65.534
 -65.534
 -65.534
 -65.534
 -65.534
 -65.534
 -65.534
 -65.534
 -65.534
 -65.534
 -65.534
 -65.534
 -65.534
 -65.534
 -65.534
 -65.534
 -65.534
 -65.534
 -65.534
 -65.534
 -65.534
 -65.534
 -65.534
   0.591
   0.627
   0.647
   0.662
   0.680
   0.687
   0.686
   0.689
   0.688
   0.709
   0.730
   0.612
 -65.534
 -65.534
 -65.534
 -65.534
 -65.534
 -65.534
 -65.534
   0.740
   0.861
   0.862
   0.914
   0.889
   0.846
   0.830
   0.828
   0.898
   0.906
   0.912
   0.937
   0.961
   0.973
   0.966
   0.946
   0.922
   0.894
   0.862
   0.824
   0.778
   0.722
   0.652
   0.562
   0.413
   0.000
 -65.534
 -65.534
 -65.534
 -65.534
 -65.534
 -65.534
 -65.534
 -65.534
 -65.534
 -65.534
 -65.534
 -65.534
 -65.534
 -65.534
 -65.534
 -65.534
 -65.534
 -65.534
 -65.534
 -65.534
 -65.534
 -65.534
 -65.534
 -65.534
 -65.534
 -65.534
 -65.534
 -65.534
 -65.534
   0.599
   0.630
   0.637
   0.656
   0.697
   0.725
   0.630
   0.358
 -65.534
 -65.534
 -65.534
 -65.534
 -65.534
 -65.534
   0.664
   0.750
 -65.534
   0.845
   0.870
   0.845
   0.845
   0.834
   0.860
   0.892
   0.900
   0.933
   0.975
   0.999
   0.994
   0.966
   0.923
   0.870
   0.805
   0.740
   0.683
   0.626
   0.559
   0.473
   0.339
   0.000
 -65.534
 -65.534
 -65.534
 -65.534
 -65.534
 -65.534
 -65.534
 -65.534
 -65.534
 -65.534
 -65.534
 -65.534
 -65.534
 -65.534
 -65.534
 -65.534
 -65.534
 -65.534
 -65.534
 -65.534
 -65.534
 -65.534
 -65.534
 -65.534
 -65.534
 -65.534
 -65.534
 -65.534
 -65.534
 -65.534
 -65.534
 -65.534
   0.559
   0.633
   0.663
   0.610
   0.460
   0.308
 -65.534
 -65.534
 -65.534
 -65.534
 -65.534
 -65.534
 -65.534
 -65.534
 -65.534
 -65.534
 -65.534
   0.723
   0.789
   0.842
   0.890
   0.903
   0.942
   0.988
   1.007
   1.001
   0.965
   0.911
   0.837
   0.744
   0.648
   0.572
   0.515
   0.455
   0.381
   0.269
   0.000
 -65.534
 -65.534
 -65.534
 -65.534
 -65.534
 -65.534
 -65.534
 -65.534
 -65.534
 -65.534
 -65.534
 -65.534
 -65.534
 -65.534
 -65.534
 -65.534
 -65.534
 -65.534
 -65.534
 -65.534
 -65.534
 -65.534
 -65.534
 -65.534
 -65.534
 -65.534
 -65.534
 -65.534
 -65.534
 -65.534
 -65.534
 -65.534
   0.505
   0.555
   0.567
   0.536
   0.463
   0.380
   0.292
   0.232
 -65.534
 -65.534
 -65.534
 -65.534
 -65.534
 -65.534
 -65.534
 -65.534
 -65.534
 -65.534
 -65.534
 -65.534
   0.756
   0.829
   0.880
   0.958
   0.977
   0.963
   0.922
   0.859
   0.776
   0.670
   0.562
   0.472
   0.413
   0.367
   0.313
   0.228
   0.000
 -65.534
 -65.534
 -65.534
 -65.534
 -65.534
 -65.534
 -65.534
 -65.534
 -65.534
 -65.534
 -65.534
 -65.534
 -65.534
 -65.534
 -65.534
 -65.534
 -65.534
 -65.534
 -65.534
 -65.534
 -65.534
 -65.534
 -65.534
 -65.534
 -65.534
 -65.534
 -65.534
 -65.534
 -65.534
 -65.534
 -65.534
 -65.534
 -65.534
 -65.534
 -65.534
 -65.534
   0.336
   0.337
   0.313
   0.284
   0.231
   0.198
   0.176
   0.160
   0.148
 -65.534
 -65.534
 -65.534
 -65.534
 -65.534
 -65.534
 -65.534
 -65.534
 -65.534
 -65.534
   0.806
   0.892
   0.890
   0.851
   0.786
   0.701
   0.593
   0.482
   0.394
   0.341
   0.305
   0.269
   0.215
   0.000
 -65.534
 -65.534
 -65.534
 -65.534
 -65.534
 -65.534
 -65.534
 -65.534
 -65.534
 -65.534
 -65.534
 -65.534
 -65.534
 -65.534
 -65.534
 -65.534
 -65.534
 -65.534
 -65.534
 -65.534
 -65.534
 -65.534
 -65.534
 -65.534
 -65.534
 -65.534
 -65.534
 -65.534
 -65.534
 -65.534
 -65.534
 -65.534
 -65.534
 -65.534
 -65.534
 -65.534
 -65.534
 -65.534
 -65.534
 -65.534
   0.177
 -65.534
 -65.534
 -65.534
 -65.534
 -65.534
 -65.534
 -65.534
 -65.534
 -65.534
 -65.534
 -65.534
 -65.534
 -65.534
 -65.534
   0.679
   0.763
   0.766
   0.730
   0.694
   0.621
   0.518
   0.411
   0.326
   0.272
   0.247
   0.227
   0.196
   0.000
 -65.534
 -65.534
 -65.534
 -65.534
 -65.534
 -65.534
 -65.534
 -65.534
 -65.534
 -65.534
 -65.534
 -65.534
 -65.534
 -65.534
 -65.534
 -65.534
 -65.534
 -65.534
 -65.534
 -65.534
 -65.534
 -65.534
 -65.534
 -65.534
 -65.534
 -65.534
 -65.534
 -65.534
 -65.534
 -65.534
 -65.534
 -65.534
 -65.534
 -65.534
 -65.534
 -65.534
 -65.534
 -65.534
 -65.534
 -65.534
 -65.534
 -65.534
 -65.534
 -65.534
 -65.534
 -65.534
 -65.534
 -65.534
 -65.534
 -65.534
 -65.534
 -65.534
 -65.534
 -65.534
 -65.534
 -65.534
 -65.534
 -65.534
 -65.534
   0.549
   0.523
   0.448
   0.355
   0.278
   0.233
   0.213
   0.210
   0.196
   0.000
 -65.534
 -65.534
 -65.534
 -65.534
 -65.534
 -65.534
 -65.534
 -65.534
 -65.534
 -65.534
 -65.534
 -65.534
 -65.534
 -65.534
 -65.534
 -65.534
 -65.534
 -65.534
 -65.534
 -65.534
 -65.534
 -65.534
 -65.534
 -65.534
 -65.534
 -65.534
 -65.534
 -65.534
 -65.534
 -65.534
 -65.534
 -65.534
 -65.534
 -65.534
 -65.534
 -65.534
 -65.534
 -65.534
 -65.534
 -65.534
 -65.534
 -65.534
 -65.534
 -65.534
 -65.534
 -65.534
 -65.534
 -65.534
 -65.534
 -65.534
 -65.534
 -65.534
 -65.534
 -65.534
 -65.534
 -65.534
 -65.534
 -65.534
 -65.534
 -65.534
 -65.534
   0.000
   0.000
   0.000
   0.000
   0.000
   0.000
   0.000
 -65.534
