 -65.534
   0.000
   0.000
   0.000
   0.000
   0.000
   0.000
   0.000
   0.000
   0.000
   0.000
   0.000
   0.000
   0.000
   0.000
   0.000
   0.000
   0.000
   0.000
   0.000
   0.000
   0.000
   0.000
   0.000
   0.000
   0.000
   0.000
   0.000
   0.000
   0.000
   0.000
   0.000
   0.000
   0.000
   0.000
   0.000
   0.000
   0.000
   0.000
   0.000
   0.000
   0.000
   0.000
   0.000
   0.000
   0.000
   0.000
   0.000
   0.000
   0.000
   0.000
   0.000
   0.000
   0.000
   0.000
   0.000
   0.000
   0.000
   0.000
   0.000
   0.000
   0.000
   0.000
   0.000
   0.000
   0.000
   0.000
   0.000
 -65.534
   0.000
   3.237
   3.632
   3.808
   3.960
   4.078
   4.168
   4.237
   4.292
   4.344
   4.391
   4.425
   4.454
   4.478
   4.484
   4.482
   4.490
   4.523
   4.583
   4.674
   4.779
   4.895
   5.008
   5.121
   5.141
   5.118
   5.088
   5.058
   5.034
   5.025
   5.006
   4.974
   4.947
   4.913
   4.826
   4.727
   4.605
   4.458
   4.272
   4.042
   3.781
   3.505
   3.217
   2.959
   2.773
   2.650
   2.559
   2.487
   2.435
   2.406
   2.392
   2.389
   2.404
   2.439
   2.527
   2.613
   2.696
   2.753
   2.790
   2.809
   2.814
   2.796
   2.771
   2.742
   2.682
   2.644
   2.634
   2.584
   0.000
   0.000
   3.442
   3.805
   3.942
   4.078
   4.178
   4.269
   4.350
   4.421
   4.494
   4.556
   4.605
   4.643
   4.669
   4.675
   4.680
   4.691
   4.721
   4.775
   4.859
   4.968
   5.092
   5.205
   5.317
   5.354
   5.357
   5.350
   5.349
   5.358
   5.375
   5.390
   5.389
   5.384
   5.370
   5.314
   5.225
   5.112
   4.969
   4.779
   4.545
   4.267
   3.954
   3.605
   3.286
   3.052
   2.925
   2.866
   2.823
   2.793
   2.789
   2.797
   2.821
   2.866
   2.929
   2.999
   3.081
   3.168
   3.240
   3.296
   3.328
   3.348
   3.348
   3.332
   3.299
   3.259
   3.224
   3.204
   3.124
   0.000
   0.000
   3.366
   3.694
   3.811
   3.927
   4.012
   4.099
   4.185
   4.268
   4.353
   4.434
   4.499
   4.545
   4.574
   4.588
   4.597
   4.616
   4.655
   4.720
   4.818
   4.940
   5.076
   5.209
   5.317
   5.387
   5.407
   5.414
   5.425
   5.444
   5.474
   5.503
   5.520
   5.537
   5.555
   5.530
   5.472
   5.381
   5.237
   5.050
   4.813
   4.529
   4.193
   3.822
   3.467
   3.194
   3.045
   2.988
   2.958
   2.943
   2.958
   2.981
   3.020
   3.075
   3.143
   3.216
   3.295
   3.375
   3.445
   3.498
   3.533
   3.560
   3.569
   3.563
   3.550
   3.523
   3.495
   3.478
   3.378
   0.000
   0.000
   3.255
   3.551
   3.646
   3.745
   3.823
   3.900
   3.984
   4.071
   4.168
   4.265
   4.346
   4.414
   4.461
   4.486
   4.508
   4.533
   4.582
   4.664
   4.777
   4.916
   5.074
   5.227
   5.350
   5.434
   5.466
   5.497
   5.508
   5.526
   5.560
   5.601
   5.639
   5.679
   5.725
   5.748
   5.722
   5.653
   5.534
   5.346
   5.113
   4.824
   4.470
   4.076
   3.699
   3.391
   3.194
   3.105
   3.068
   3.062
   3.076
   3.113
   3.162
   3.225
   3.298
   3.373
   3.449
   3.523
   3.582
   3.620
   3.655
   3.682
   3.695
   3.700
   3.693
   3.682
   3.662
   3.646
   3.531
   0.000
   0.000
   3.130
   3.394
   3.476
   3.570
   3.640
   3.713
   3.790
   3.884
   3.984
   4.091
   4.184
   4.264
   4.327
   4.368
   4.400
   4.436
   4.495
   4.586
   4.707
   4.856
   5.022
   5.197
   5.346
   5.436
   5.495
   5.537
   5.554
   5.562
   5.596
   5.649
   5.706
   5.780
   5.867
   5.924
   5.937
   5.896
   5.799
   5.623
   5.394
   5.103
   4.745
   4.348
   3.957
   3.622
   3.377
   3.235
   3.176
   3.158
   3.167
   3.201
   3.255
   3.323
   3.411
   3.495
   3.569
   3.634
   3.685
   3.711
   3.735
   3.761
   3.776
   3.786
   3.792
   3.787
   3.771
   3.750
   3.625
   0.000
   0.000
   2.991
   3.235
   3.309
   3.397
   3.470
   3.544
   3.627
   3.721
   3.826
   3.931
   4.032
   4.119
   4.191
   4.242
   4.287
   4.338
   4.404
   4.498
   4.614
   4.758
   4.925
   5.101
   5.261
   5.379
   5.467
   5.520
   5.540
   5.547
   5.576
   5.650
   5.735
   5.849
   5.962
   6.063
   6.116
   6.120
   6.038
   5.880
   5.662
   5.382
   5.040
   4.650
   4.251
   3.887
   3.606
   3.413
   3.304
   3.253
   3.247
   3.276
   3.328
   3.402
   3.498
   3.591
   3.667
   3.730
   3.773
   3.791
   3.807
   3.829
   3.840
   3.848
   3.855
   3.857
   3.846
   3.824
   3.686
   0.000
   0.000
   2.833
   3.064
   3.143
   3.231
   3.309
   3.389
   3.477
   3.576
   3.681
   3.789
   3.888
   3.976
   4.048
   4.109
   4.168
   4.229
   4.301
   4.393
   4.502
   4.635
   4.789
   4.963
   5.134
   5.265
   5.363
   5.431
   5.460
   5.477
   5.523
   5.618
   5.737
   5.883
   6.034
   6.176
   6.261
   6.294
   6.241
   6.108
   5.909
   5.656
   5.335
   4.969
   4.590
   4.213
   3.880
   3.633
   3.466
   3.361
   3.324
   3.336
   3.375
   3.450
   3.546
   3.647
   3.732
   3.800
   3.840
   3.856
   3.869
   3.880
   3.889
   3.902
   3.914
   3.920
   3.909
   3.883
   3.732
   0.000
   0.000
   2.626
   2.862
   2.951
   3.053
   3.140
   3.228
   3.322
   3.428
   3.536
   3.644
   3.744
   3.828
   3.903
   3.968
   4.033
   4.104
   4.182
   4.271
   4.377
   4.501
   4.640
   4.802
   4.974
   5.116
   5.218
   5.290
   5.337
   5.371
   5.440
   5.569
   5.723
   5.896
   6.081
   6.246
   6.360
   6.419
   6.394
   6.285
   6.125
   5.903
   5.616
   5.288
   4.933
   4.567
   4.215
   3.913
   3.690
   3.531
   3.438
   3.406
   3.420
   3.477
   3.566
   3.671
   3.764
   3.840
   3.882
   3.897
   3.913
   3.926
   3.936
   3.949
   3.968
   3.983
   3.977
   3.948
   3.777
   0.000
   0.000
   2.367
   2.600
   2.706
   2.831
   2.934
   3.039
   3.151
   3.264
   3.381
   3.493
   3.594
   3.683
   3.755
   3.823
   3.892
   3.966
   4.048
   4.137
   4.236
   4.355
   4.488
   4.644
   4.804
   4.942
   5.045
   5.131
   5.188
   5.248
   5.351
   5.503
   5.678
   5.873
   6.081
   6.261
   6.397
   6.482
   6.487
   6.403
   6.272
   6.089
   5.842
   5.559
   5.240
   4.901
   4.553
   4.225
   3.955
   3.748
   3.597
   3.506
   3.479
   3.502
   3.564
   3.652
   3.745
   3.829
   3.882
   3.911
   3.936
   3.960
   3.974
   3.993
   4.024
   4.046
   4.046
   4.017
   3.834
   0.000
   0.000
   2.094
   2.316
   2.433
   2.567
   2.693
   2.816
   2.945
   3.079
   3.212
   3.333
   3.440
   3.530
   3.610
   3.678
   3.750
   3.824
   3.906
   3.996
   4.094
   4.203
   4.328
   4.478
   4.632
   4.764
   4.872
   4.956
   5.029
   5.119
   5.247
   5.412
   5.600
   5.801
   6.017
   6.210
   6.359
   6.462
   6.492
   6.443
   6.346
   6.198
   5.990
   5.744
   5.472
   5.158
   4.831
   4.515
   4.217
   3.967
   3.769
   3.625
   3.544
   3.519
   3.537
   3.595
   3.673
   3.760
   3.830
   3.878
   3.923
   3.964
   3.993
   4.022
   4.061
   4.091
   4.096
   4.066
   3.876
   0.000
   0.000
   1.855
   2.046
   2.155
   2.298
   2.433
   2.564
   2.702
   2.852
   2.999
   3.141
   3.263
   3.367
   3.452
   3.528
   3.601
   3.675
   3.753
   3.842
   3.936
   4.045
   4.162
   4.302
   4.455
   4.588
   4.701
   4.801
   4.893
   5.003
   5.141
   5.312
   5.501
   5.708
   5.925
   6.119
   6.276
   6.383
   6.437
   6.414
   6.352
   6.240
   6.066
   5.859
   5.618
   5.341
   5.042
   4.744
   4.449
   4.176
   3.949
   3.763
   3.636
   3.557
   3.527
   3.543
   3.594
   3.671
   3.751
   3.820
   3.886
   3.946
   3.995
   4.039
   4.085
   4.116
   4.122
   4.092
   3.883
   0.000
   0.000
   1.635
   1.820
   1.900
   2.027
   2.158
   2.292
   2.431
   2.575
   2.729
   2.882
   3.021
   3.148
   3.253
   3.344
   3.424
   3.499
   3.579
   3.666
   3.763
   3.867
   3.985
   4.119
   4.270
   4.411
   4.543
   4.658
   4.767
   4.885
   5.025
   5.200
   5.382
   5.588
   5.805
   5.993
   6.144
   6.251
   6.308
   6.310
   6.272
   6.196
   6.061
   5.888
   5.683
   5.440
   5.169
   4.906
   4.629
   4.362
   4.116
   3.914
   3.756
   3.637
   3.557
   3.523
   3.536
   3.589
   3.669
   3.754
   3.835
   3.918
   3.988
   4.045
   4.098
   4.131
   4.139
   4.093
   3.857
   0.000
 -65.534
 -65.534
   1.545
   1.680
   1.750
   1.872
   1.997
   2.133
   2.272
   2.421
   2.572
   2.714
   2.851
   2.974
   3.086
   3.188
   3.279
   3.371
   3.464
   3.568
   3.675
   3.793
   3.929
   4.081
   4.230
   4.377
   4.512
   4.637
   4.760
   4.898
   5.063
   5.230
   5.429
   5.636
   5.815
   5.948
   6.050
   6.106
   6.119
   6.106
   6.054
   5.953
   5.820
   5.653
   5.450
   5.217
   4.984
   4.736
   4.487
   4.254
   4.047
   3.868
   3.719
   3.604
   3.533
   3.511
   3.535
   3.603
   3.690
   3.789
   3.886
   3.972
   4.038
   4.104
   4.140
   4.142
   4.086
   3.819
   0.000
 -65.534
 -65.534
 -65.534
   1.401
   1.488
   1.571
   1.691
   1.819
   1.953
   2.090
   2.234
   2.369
   2.506
   2.641
   2.766
   2.884
   3.000
   3.111
   3.224
   3.343
   3.460
   3.589
   3.730
   3.887
   4.045
   4.199
   4.344
   4.480
   4.606
   4.736
   4.880
   5.037
   5.220
   5.394
   5.535
   5.702
   5.804
   5.855
   5.869
   5.868
   5.837
   5.769
   5.667
   5.539
   5.373
   5.179
   4.976
   4.763
   4.545
   4.334
   4.139
   3.962
   3.807
   3.675
   3.580
   3.533
   3.540
   3.597
   3.682
   3.782
   3.886
   3.976
   4.053
   4.115
   4.156
   4.158
   4.090
   3.789
   0.000
 -65.534
 -65.534
 -65.534
 -65.534
   1.202
   1.315
   1.413
   1.524
   1.641
   1.762
   1.889
   2.015
   2.147
   2.283
   2.422
   2.553
   2.681
   2.807
   2.935
   3.067
   3.199
   3.344
   3.498
   3.658
   3.820
   3.981
   4.135
   4.276
   4.401
   4.522
   4.648
   4.785
   4.942
   5.096
   5.236
   5.376
   5.462
   5.555
   5.582
   5.581
   5.563
   5.516
   5.443
   5.348
   5.212
   5.058
   4.895
   4.716
   4.532
   4.354
   4.189
   4.024
   3.878
   3.758
   3.659
   3.606
   3.605
   3.654
   3.735
   3.837
   3.939
   4.028
   4.102
   4.166
   4.204
   4.206
   4.141
   3.811
   0.000
 -65.534
 -65.534
 -65.534
 -65.534
   1.028
   1.118
   1.196
   1.281
   1.368
   1.465
   1.570
   1.684
   1.808
   1.940
   2.081
   2.221
   2.355
   2.482
   2.613
   2.748
   2.892
   3.041
   3.202
   3.364
   3.530
   3.692
   3.851
   3.993
   4.121
   4.246
   4.366
   4.489
   4.624
   4.764
   4.895
   5.010
   5.094
   5.171
   5.187
   5.214
   5.209
   5.174
   5.130
   5.061
   4.964
   4.850
   4.729
   4.595
   4.454
   4.322
   4.190
   4.056
   3.941
   3.841
   3.766
   3.721
   3.718
   3.759
   3.834
   3.925
   4.021
   4.100
   4.168
   4.223
   4.255
   4.258
   4.199
   3.864
   0.000
 -65.534
 -65.534
 -65.534
 -65.534
   0.935
   0.998
   1.055
   1.115
   1.172
   1.244
   1.326
   1.412
   1.517
   1.642
   1.777
   1.911
   2.040
   2.166
   2.293
   2.425
   2.557
   2.699
   2.848
   3.005
   3.163
   3.324
   3.482
   3.631
   3.770
   3.900
   4.021
   4.137
   4.263
   4.387
   4.500
   4.601
   4.678
   4.726
   4.744
   4.760
   4.767
   4.749
   4.731
   4.696
   4.639
   4.570
   4.496
   4.416
   4.328
   4.248
   4.160
   4.071
   3.990
   3.918
   3.871
   3.841
   3.840
   3.875
   3.943
   4.022
   4.103
   4.173
   4.225
   4.263
   4.281
   4.274
   4.209
   3.874
   0.000
 -65.534
 -65.534
 -65.534
 -65.534
   0.926
   0.984
   1.026
   1.063
   1.080
   1.107
   1.161
   1.221
   1.294
   1.400
   1.518
   1.637
   1.757
   1.878
   1.998
   2.125
   2.240
   2.363
   2.488
   2.627
   2.772
   2.921
   3.075
   3.227
   3.373
   3.512
   3.635
   3.750
   3.861
   3.962
   4.055
   4.138
   4.200
   4.235
   4.254
   4.261
   4.269
   4.271
   4.281
   4.280
   4.271
   4.250
   4.227
   4.190
   4.154
   4.119
   4.083
   4.036
   3.994
   3.953
   3.924
   3.912
   3.919
   3.953
   4.007
   4.079
   4.153
   4.209
   4.247
   4.260
   4.256
   4.231
   4.150
   3.805
   0.000
 -65.534
 -65.534
 -65.534
 -65.534
 -65.534
 -65.534
 -65.534
 -65.534
   1.047
   1.061
   1.069
   1.089
   1.127
   1.200
   1.296
   1.402
   1.516
   1.637
   1.755
   1.870
   1.964
   2.064
   2.167
   2.283
   2.412
   2.547
   2.695
   2.840
   2.981
   3.113
   3.229
   3.331
   3.423
   3.501
   3.565
   3.626
   3.675
   3.707
   3.726
   3.742
   3.768
   3.798
   3.840
   3.880
   3.915
   3.933
   3.941
   3.951
   3.956
   3.961
   3.970
   3.964
   3.951
   3.932
   3.924
   3.921
   3.935
   3.963
   4.013
   4.074
   4.134
   4.179
   4.197
   4.191
   4.166
   4.121
   4.027
   3.682
   0.000
 -65.534
 -65.534
 -65.534
 -65.534
 -65.534
 -65.534
   0.843
   0.996
   1.074
   1.037
   1.013
   1.003
   1.018
   1.055
   1.118
   1.209
   1.327
   1.455
   1.577
   1.682
   1.764
   1.831
   1.910
   2.007
   2.122
   2.249
   2.384
   2.518
   2.644
   2.759
   2.855
   2.932
   2.998
   3.046
   3.086
   3.123
   3.154
   3.176
   3.201
   3.242
   3.299
   3.369
   3.446
   3.522
   3.587
   3.632
   3.669
   3.708
   3.742
   3.775
   3.812
   3.845
   3.856
   3.865
   3.865
   3.870
   3.880
   3.904
   3.945
   3.993
   4.035
   4.061
   4.065
   4.044
   4.017
   3.963
   3.866
   3.505
   0.000
 -65.534
 -65.534
 -65.534
 -65.534
 -65.534
 -65.534
 -65.534
 -65.534
 -65.534
   1.036
   0.999
   0.980
   0.978
   0.987
   1.015
   1.083
   1.193
   1.333
   1.465
   1.560
   1.621
   1.673
   1.735
   1.816
   1.917
   2.037
   2.161
   2.281
   2.387
   2.480
   2.552
   2.604
   2.640
   2.665
   2.679
   2.693
   2.707
   2.724
   2.755
   2.806
   2.884
   2.981
   3.087
   3.187
   3.275
   3.344
   3.400
   3.455
   3.504
   3.562
   3.624
   3.681
   3.718
   3.738
   3.746
   3.749
   3.748
   3.758
   3.784
   3.814
   3.837
   3.846
   3.843
   3.816
   3.784
   3.739
   3.641
   3.283
   0.000
 -65.534
 -65.534
 -65.534
 -65.534
 -65.534
 -65.534
 -65.534
 -65.534
 -65.534
 -65.534
 -65.534
 -65.534
 -65.534
 -65.534
 -65.534
   1.070
   1.160
   1.254
   1.364
   1.459
   1.515
   1.572
   1.630
   1.701
   1.797
   1.901
   2.013
   2.124
   2.215
   2.285
   2.335
   2.363
   2.380
   2.389
   2.389
   2.387
   2.384
   2.386
   2.400
   2.458
   2.548
   2.658
   2.776
   2.895
   2.993
   3.074
   3.144
   3.212
   3.275
   3.343
   3.418
   3.485
   3.535
   3.564
   3.576
   3.568
   3.553
   3.548
   3.553
   3.564
   3.571
   3.571
   3.559
   3.536
   3.504
   3.460
   3.373
   3.022
   0.000
 -65.534
 -65.534
 -65.534
 -65.534
 -65.534
 -65.534
 -65.534
 -65.534
 -65.534
 -65.534
 -65.534
 -65.534
 -65.534
 -65.534
 -65.534
 -65.534
 -65.534
 -65.534
 -65.534
   1.395
   1.459
   1.520
   1.584
   1.665
   1.754
   1.848
   1.946
   2.036
   2.109
   2.169
   2.204
   2.216
   2.220
   2.219
   2.217
   2.206
   2.197
   2.192
   2.200
   2.248
   2.331
   2.440
   2.557
   2.673
   2.776
   2.858
   2.929
   3.001
   3.070
   3.144
   3.224
   3.293
   3.342
   3.368
   3.371
   3.356
   3.329
   3.306
   3.296
   3.288
   3.285
   3.274
   3.257
   3.229
   3.192
   3.154
   3.078
   2.732
   0.000
 -65.534
 -65.534
 -65.534
 -65.534
 -65.534
 -65.534
 -65.534
 -65.534
 -65.534
 -65.534
 -65.534
 -65.534
 -65.534
 -65.534
 -65.534
 -65.534
 -65.534
 -65.534
   1.210
   1.421
   1.442
   1.497
   1.573
   1.668
   1.759
   1.851
   1.934
   2.009
   2.064
   2.104
   2.133
   2.148
   2.148
   2.146
   2.142
   2.137
   2.130
   2.126
   2.136
   2.175
   2.242
   2.335
   2.446
   2.549
   2.645
   2.718
   2.780
   2.844
   2.911
   2.980
   3.049
   3.106
   3.143
   3.151
   3.144
   3.125
   3.087
   3.056
   3.030
   3.009
   2.993
   2.974
   2.941
   2.902
   2.852
   2.804
   2.727
   2.377
   0.000
 -65.534
 -65.534
 -65.534
 -65.534
 -65.534
 -65.534
 -65.534
 -65.534
 -65.534
 -65.534
 -65.534
 -65.534
 -65.534
 -65.534
 -65.534
 -65.534
 -65.534
   1.146
   1.366
   1.410
   1.444
   1.488
   1.562
   1.669
   1.768
   1.854
   1.934
   1.998
   2.043
   2.075
   2.098
   2.114
   2.114
   2.112
   2.110
   2.110
   2.107
   2.101
   2.109
   2.141
   2.206
   2.297
   2.400
   2.500
   2.580
   2.636
   2.680
   2.729
   2.782
   2.838
   2.890
   2.935
   2.954
   2.946
   2.922
   2.891
   2.852
   2.817
   2.781
   2.747
   2.719
   2.690
   2.642
   2.580
   2.515
   2.439
   2.339
   1.987
   0.000
 -65.534
 -65.534
 -65.534
 -65.534
 -65.534
 -65.534
 -65.534
 -65.534
 -65.534
 -65.534
 -65.534
 -65.534
 -65.534
 -65.534
 -65.534
 -65.534
 -65.534
   1.311
   1.387
   1.409
   1.443
   1.481
   1.539
   1.640
   1.750
   1.832
   1.906
   1.965
   2.008
   2.038
   2.064
   2.084
   2.084
   2.079
   2.071
   2.068
   2.061
   2.055
   2.059
   2.086
   2.149
   2.241
   2.348
   2.446
   2.522
   2.571
   2.607
   2.648
   2.686
   2.724
   2.753
   2.771
   2.766
   2.750
   2.721
   2.688
   2.653
   2.616
   2.574
   2.528
   2.481
   2.434
   2.368
   2.292
   2.205
   2.109
   1.980
   1.562
   0.000
 -65.534
 -65.534
 -65.534
 -65.534
 -65.534
 -65.534
 -65.534
 -65.534
 -65.534
 -65.534
 -65.534
 -65.534
 -65.534
 -65.534
 -65.534
 -65.534
 -65.534
   1.380
   1.404
   1.423
   1.448
   1.481
   1.526
   1.600
   1.710
   1.786
   1.847
   1.898
   1.942
   1.977
   2.008
   2.031
   2.031
   2.022
   2.010
   1.997
   1.986
   1.978
   1.981
   2.007
   2.067
   2.154
   2.253
   2.347
   2.419
   2.470
   2.514
   2.555
   2.591
   2.619
   2.636
   2.640
   2.629
   2.602
   2.570
   2.530
   2.488
   2.448
   2.406
   2.352
   2.291
   2.221
   2.138
   2.043
   1.890
   1.759
   1.580
   1.177
   0.000
 -65.534
 -65.534
 -65.534
 -65.534
 -65.534
 -65.534
 -65.534
 -65.534
 -65.534
 -65.534
 -65.534
 -65.534
 -65.534
 -65.534
 -65.534
 -65.534
 -65.534
   1.453
   1.437
   1.445
   1.465
   1.488
   1.523
   1.570
   1.639
   1.725
   1.772
   1.817
   1.859
   1.896
   1.927
   1.952
   1.950
   1.941
   1.927
   1.916
   1.908
   1.907
   1.919
   1.946
   2.001
   2.073
   2.154
   2.231
   2.294
   2.351
   2.400
   2.443
   2.477
   2.499
   2.509
   2.509
   2.493
   2.464
   2.426
   2.381
   2.331
   2.284
   2.236
   2.179
   2.115
   2.033
   1.931
   1.806
   1.639
   1.467
   1.250
   0.824
   0.000
 -65.534
 -65.534
 -65.534
 -65.534
 -65.534
 -65.534
 -65.534
 -65.534
 -65.534
 -65.534
 -65.534
 -65.534
 -65.534
 -65.534
 -65.534
 -65.534
 -65.534
 -65.534
   1.472
   1.461
   1.479
   1.500
   1.524
   1.551
   1.590
   1.641
   1.685
   1.722
   1.760
   1.800
   1.833
   1.852
   1.846
   1.839
   1.828
   1.825
   1.832
   1.844
   1.866
   1.905
   1.949
   2.004
   2.064
   2.126
   2.180
   2.231
   2.276
   2.313
   2.344
   2.360
   2.367
   2.360
   2.337
   2.299
   2.255
   2.205
   2.155
   2.107
   2.058
   2.003
   1.935
   1.850
   1.732
   1.588
   1.420
   1.203
   0.950
   0.505
   0.000
 -65.534
 -65.534
 -65.534
 -65.534
 -65.534
 -65.534
 -65.534
 -65.534
 -65.534
 -65.534
 -65.534
 -65.534
 -65.534
 -65.534
 -65.534
 -65.534
 -65.534
 -65.534
 -65.534
   1.479
   1.484
   1.508
   1.529
   1.540
   1.555
   1.576
   1.597
   1.622
   1.653
   1.683
   1.713
   1.725
   1.717
   1.706
   1.711
   1.730
   1.757
   1.781
   1.804
   1.849
   1.893
   1.936
   1.983
   2.031
   2.081
   2.128
   2.167
   2.190
   2.203
   2.209
   2.207
   2.192
   2.162
   2.119
   2.068
   2.017
   1.965
   1.917
   1.874
   1.820
   1.751
   1.658
   1.536
   1.376
   1.193
   0.972
   0.682
   0.232
   0.000
 -65.534
 -65.534
 -65.534
 -65.534
 -65.534
 -65.534
 -65.534
 -65.534
 -65.534
 -65.534
 -65.534
 -65.534
 -65.534
 -65.534
 -65.534
 -65.534
 -65.534
 -65.534
 -65.534
 -65.534
   1.489
   1.508
   1.513
   1.517
   1.515
   1.519
   1.522
   1.523
   1.523
   1.527
   1.535
   1.503
   1.440
   1.339
   1.181
   0.833
 -65.534
 -65.534
 -65.534
 -65.534
   1.897
   1.931
   1.948
   1.973
   2.012
   2.050
   2.069
   2.077
   2.068
   2.052
   2.034
   2.007
   1.967
   1.919
   1.862
   1.806
   1.749
   1.700
   1.654
   1.599
   1.530
   1.435
   1.307
   1.145
   0.954
   0.729
   0.448
   0.005
   0.000
 -65.534
 -65.534
 -65.534
 -65.534
 -65.534
 -65.534
 -65.534
 -65.534
 -65.534
 -65.534
 -65.534
 -65.534
 -65.534
 -65.534
 -65.534
 -65.534
 -65.534
 -65.534
 -65.534
 -65.534
 -65.534
 -65.534
 -65.534
 -65.534
   1.440
   1.436
   1.431
   1.413
   1.393
   1.369
   1.339
   1.267
   1.159
   1.004
   0.779
   0.435
 -65.534
 -65.534
 -65.534
 -65.534
 -65.534
 -65.534
   1.906
   1.923
   1.942
   1.963
   1.956
   1.935
   1.912
   1.878
   1.842
   1.805
   1.757
   1.700
   1.643
   1.577
   1.509
   1.447
   1.393
   1.333
   1.254
   1.153
   1.027
   0.869
   0.684
   0.473
   0.200
  -0.209
   0.000
 -65.534
 -65.534
 -65.534
 -65.534
 -65.534
 -65.534
 -65.534
 -65.534
 -65.534
 -65.534
 -65.534
 -65.534
 -65.534
 -65.534
 -65.534
 -65.534
 -65.534
 -65.534
 -65.534
 -65.534
 -65.534
 -65.534
 -65.534
 -65.534
   1.330
   1.313
   1.294
   1.267
   1.236
   1.199
   1.138
   1.042
   0.911
   0.750
   0.563
   0.326
 -65.534
 -65.534
 -65.534
 -65.534
 -65.534
 -65.534
 -65.534
   1.816
   1.837
   1.833
   1.808
   1.771
   1.734
   1.688
   1.649
   1.604
   1.552
   1.493
   1.428
   1.349
   1.265
   1.189
   1.119
   1.043
   0.953
   0.845
   0.715
   0.561
   0.382
   0.181
  -0.069
  -0.442
   0.000
 -65.534
 -65.534
 -65.534
 -65.534
 -65.534
 -65.534
 -65.534
 -65.534
 -65.534
 -65.534
 -65.534
 -65.534
 -65.534
 -65.534
 -65.534
 -65.534
 -65.534
 -65.534
 -65.534
 -65.534
 -65.534
 -65.534
 -65.534
 -65.534
 -65.534
 -65.534
 -65.534
 -65.534
 -65.534
   1.011
   0.899
   0.817
   0.720
   0.593
   0.459
   0.296
  -0.008
 -65.534
 -65.534
 -65.534
 -65.534
 -65.534
 -65.534
   1.345
   1.061
 -65.534
   1.564
   1.566
   1.542
   1.520
   1.479
   1.434
   1.374
   1.308
   1.227
   1.137
   1.041
   0.949
   0.860
   0.770
   0.664
   0.543
   0.402
   0.244
   0.066
  -0.134
  -0.372
  -0.704
   0.000
 -65.534
 -65.534
 -65.534
 -65.534
 -65.534
 -65.534
 -65.534
 -65.534
 -65.534
 -65.534
 -65.534
 -65.534
 -65.534
 -65.534
 -65.534
 -65.534
 -65.534
 -65.534
 -65.534
 -65.534
 -65.534
 -65.534
 -65.534
 -65.534
 -65.534
 -65.534
 -65.534
 -65.534
 -65.534
 -65.534
 -65.534
 -65.534
   0.629
   0.508
   0.411
   0.290
   0.036
  -0.078
 -65.534
 -65.534
 -65.534
 -65.534
 -65.534
 -65.534
 -65.534
 -65.534
 -65.534
 -65.534
 -65.534
   1.299
   1.292
   1.253
   1.219
   1.147
   1.057
   0.942
   0.834
   0.728
   0.623
   0.517
   0.394
   0.259
   0.108
  -0.058
  -0.235
  -0.433
  -0.665
  -0.961
   0.000
 -65.534
 -65.534
 -65.534
 -65.534
 -65.534
 -65.534
 -65.534
 -65.534
 -65.534
 -65.534
 -65.534
 -65.534
 -65.534
 -65.534
 -65.534
 -65.534
 -65.534
 -65.534
 -65.534
 -65.534
 -65.534
 -65.534
 -65.534
 -65.534
 -65.534
 -65.534
 -65.534
 -65.534
 -65.534
 -65.534
 -65.534
 -65.534
   0.487
   0.396
   0.317
   0.218
   0.064
  -0.051
  -0.097
  -0.098
 -65.534
 -65.534
 -65.534
 -65.534
 -65.534
 -65.534
 -65.534
 -65.534
 -65.534
 -65.534
 -65.534
 -65.534
   1.009
   0.940
   0.852
   0.733
   0.624
   0.513
   0.399
   0.277
   0.138
  -0.006
  -0.162
  -0.328
  -0.501
  -0.675
  -0.885
  -1.150
   0.000
 -65.534
 -65.534
 -65.534
 -65.534
 -65.534
 -65.534
 -65.534
 -65.534
 -65.534
 -65.534
 -65.534
 -65.534
 -65.534
 -65.534
 -65.534
 -65.534
 -65.534
 -65.534
 -65.534
 -65.534
 -65.534
 -65.534
 -65.534
 -65.534
 -65.534
 -65.534
 -65.534
 -65.534
 -65.534
 -65.534
 -65.534
 -65.534
 -65.534
 -65.534
 -65.534
 -65.534
   0.088
  -0.003
  -0.054
  -0.091
  -0.118
  -0.121
  -0.141
  -0.188
  -0.247
 -65.534
 -65.534
 -65.534
 -65.534
 -65.534
 -65.534
 -65.534
 -65.534
 -65.534
 -65.534
   0.543
   0.438
   0.332
   0.211
   0.061
  -0.093
  -0.243
  -0.400
  -0.561
  -0.721
  -0.882
  -1.071
  -1.296
   0.000
 -65.534
 -65.534
 -65.534
 -65.534
 -65.534
 -65.534
 -65.534
 -65.534
 -65.534
 -65.534
 -65.534
 -65.534
 -65.534
 -65.534
 -65.534
 -65.534
 -65.534
 -65.534
 -65.534
 -65.534
 -65.534
 -65.534
 -65.534
 -65.534
 -65.534
 -65.534
 -65.534
 -65.534
 -65.534
 -65.534
 -65.534
 -65.534
 -65.534
 -65.534
 -65.534
 -65.534
 -65.534
 -65.534
 -65.534
 -65.534
  -0.063
 -65.534
 -65.534
 -65.534
 -65.534
 -65.534
 -65.534
 -65.534
 -65.534
 -65.534
 -65.534
 -65.534
 -65.534
 -65.534
 -65.534
   0.318
   0.238
   0.146
   0.035
  -0.128
  -0.287
  -0.455
  -0.611
  -0.761
  -0.915
  -1.057
  -1.228
  -1.430
   0.000
 -65.534
 -65.534
 -65.534
 -65.534
 -65.534
 -65.534
 -65.534
 -65.534
 -65.534
 -65.534
 -65.534
 -65.534
 -65.534
 -65.534
 -65.534
 -65.534
 -65.534
 -65.534
 -65.534
 -65.534
 -65.534
 -65.534
 -65.534
 -65.534
 -65.534
 -65.534
 -65.534
 -65.534
 -65.534
 -65.534
 -65.534
 -65.534
 -65.534
 -65.534
 -65.534
 -65.534
 -65.534
 -65.534
 -65.534
 -65.534
 -65.534
 -65.534
 -65.534
 -65.534
 -65.534
 -65.534
 -65.534
 -65.534
 -65.534
 -65.534
 -65.534
 -65.534
 -65.534
 -65.534
 -65.534
 -65.534
 -65.534
 -65.534
 -65.534
  -0.115
  -0.398
  -0.597
  -0.757
  -0.890
  -1.016
  -1.144
  -1.283
  -1.460
   0.000
 -65.534
 -65.534
 -65.534
 -65.534
 -65.534
 -65.534
 -65.534
 -65.534
 -65.534
 -65.534
 -65.534
 -65.534
 -65.534
 -65.534
 -65.534
 -65.534
 -65.534
 -65.534
 -65.534
 -65.534
 -65.534
 -65.534
 -65.534
 -65.534
 -65.534
 -65.534
 -65.534
 -65.534
 -65.534
 -65.534
 -65.534
 -65.534
 -65.534
 -65.534
 -65.534
 -65.534
 -65.534
 -65.534
 -65.534
 -65.534
 -65.534
 -65.534
 -65.534
 -65.534
 -65.534
 -65.534
 -65.534
 -65.534
 -65.534
 -65.534
 -65.534
 -65.534
 -65.534
 -65.534
 -65.534
 -65.534
 -65.534
 -65.534
 -65.534
 -65.534
 -65.534
   0.000
   0.000
   0.000
   0.000
   0.000
   0.000
   0.000
 -65.534
