 -65.534
   0.000
   0.000
   0.000
   0.000
   0.000
   0.000
   0.000
   0.000
   0.000
   0.000
   0.000
   0.000
   0.000
   0.000
   0.000
   0.000
   0.000
   0.000
   0.000
   0.000
   0.000
   0.000
   0.000
   0.000
   0.000
   0.000
   0.000
   0.000
   0.000
   0.000
   0.000
   0.000
   0.000
   0.000
   0.000
   0.000
   0.000
   0.000
   0.000
   0.000
   0.000
   0.000
   0.000
   0.000
   0.000
   0.000
   0.000
   0.000
   0.000
   0.000
   0.000
   0.000
   0.000
   0.000
   0.000
   0.000
   0.000
   0.000
   0.000
   0.000
   0.000
   0.000
   0.000
   0.000
   0.000
   0.000
   0.000
 -65.534
   0.000
   1.260
   1.432
   1.546
   1.649
   1.736
   1.814
   1.870
   1.905
   1.929
   1.939
   1.927
   1.896
   1.848
   1.777
   1.688
   1.586
   1.492
   1.423
   1.381
   1.375
   1.396
   1.437
   1.501
   1.531
   1.553
   1.583
   1.627
   1.680
   1.747
   1.816
   1.879
   1.939
   1.990
   2.008
   2.008
   1.982
   1.922
   1.824
   1.680
   1.507
   1.319
   1.145
   1.063
   1.113
   1.221
   1.337
   1.444
   1.534
   1.602
   1.651
   1.673
   1.675
   1.667
   1.660
   1.644
   1.623
   1.603
   1.580
   1.568
   1.557
   1.543
   1.536
   1.528
   1.517
   1.504
   1.494
   1.445
   0.000
   0.000
   1.279
   1.451
   1.558
   1.656
   1.744
   1.822
   1.892
   1.947
   1.993
   2.029
   2.042
   2.035
   2.005
   1.949
   1.873
   1.781
   1.692
   1.618
   1.568
   1.552
   1.563
   1.590
   1.643
   1.675
   1.704
   1.743
   1.792
   1.859
   1.939
   2.023
   2.103
   2.173
   2.233
   2.264
   2.271
   2.255
   2.204
   2.111
   1.985
   1.823
   1.639
   1.446
   1.306
   1.331
   1.451
   1.592
   1.728
   1.842
   1.928
   1.983
   2.005
   2.007
   2.002
   1.978
   1.946
   1.911
   1.881
   1.856
   1.839
   1.826
   1.813
   1.803
   1.791
   1.777
   1.760
   1.751
   1.700
   0.000
   0.000
   1.219
   1.380
   1.479
   1.568
   1.649
   1.729
   1.805
   1.877
   1.941
   1.994
   2.029
   2.043
   2.030
   1.991
   1.929
   1.854
   1.776
   1.710
   1.669
   1.649
   1.652
   1.678
   1.713
   1.754
   1.785
   1.826
   1.882
   1.948
   2.027
   2.114
   2.199
   2.279
   2.352
   2.395
   2.415
   2.409
   2.366
   2.291
   2.177
   2.034
   1.854
   1.667
   1.506
   1.470
   1.567
   1.709
   1.848
   1.968
   2.061
   2.120
   2.145
   2.141
   2.123
   2.092
   2.052
   2.010
   1.976
   1.954
   1.945
   1.939
   1.932
   1.924
   1.911
   1.894
   1.874
   1.865
   1.812
   0.000
   0.000
   1.152
   1.297
   1.381
   1.459
   1.528
   1.601
   1.678
   1.758
   1.836
   1.907
   1.956
   1.986
   1.993
   1.971
   1.930
   1.875
   1.820
   1.771
   1.739
   1.725
   1.731
   1.755
   1.783
   1.819
   1.848
   1.891
   1.945
   2.009
   2.084
   2.168
   2.258
   2.346
   2.425
   2.484
   2.518
   2.527
   2.502
   2.436
   2.343
   2.216
   2.053
   1.871
   1.711
   1.629
   1.677
   1.794
   1.923
   2.039
   2.125
   2.177
   2.193
   2.188
   2.169
   2.140
   2.099
   2.059
   2.025
   2.007
   2.000
   1.998
   1.996
   1.989
   1.981
   1.966
   1.949
   1.941
   1.891
   0.000
   0.000
   1.074
   1.205
   1.281
   1.345
   1.400
   1.460
   1.528
   1.609
   1.694
   1.774
   1.838
   1.883
   1.906
   1.906
   1.883
   1.851
   1.820
   1.793
   1.776
   1.773
   1.781
   1.805
   1.834
   1.859
   1.890
   1.935
   1.982
   2.039
   2.109
   2.195
   2.284
   2.380
   2.471
   2.544
   2.592
   2.614
   2.604
   2.556
   2.481
   2.371
   2.226
   2.065
   1.909
   1.800
   1.794
   1.869
   1.977
   2.075
   2.147
   2.186
   2.198
   2.190
   2.173
   2.143
   2.103
   2.062
   2.029
   2.014
   2.011
   2.015
   2.017
   2.019
   2.016
   2.006
   1.995
   1.991
   1.948
   0.000
   0.000
   0.988
   1.108
   1.177
   1.232
   1.278
   1.325
   1.383
   1.459
   1.543
   1.630
   1.703
   1.760
   1.799
   1.815
   1.813
   1.804
   1.794
   1.787
   1.783
   1.787
   1.801
   1.822
   1.848
   1.874
   1.913
   1.954
   1.996
   2.039
   2.103
   2.185
   2.279
   2.385
   2.487
   2.577
   2.644
   2.686
   2.688
   2.654
   2.592
   2.503
   2.376
   2.235
   2.089
   1.969
   1.916
   1.940
   2.005
   2.073
   2.119
   2.144
   2.150
   2.142
   2.129
   2.104
   2.066
   2.025
   1.996
   1.985
   1.989
   1.996
   2.004
   2.010
   2.017
   2.017
   2.014
   2.018
   1.982
   0.000
   0.000
   0.892
   1.004
   1.071
   1.123
   1.165
   1.206
   1.255
   1.321
   1.403
   1.492
   1.572
   1.637
   1.689
   1.719
   1.733
   1.742
   1.747
   1.753
   1.762
   1.775
   1.792
   1.818
   1.850
   1.879
   1.911
   1.943
   1.974
   2.009
   2.065
   2.151
   2.253
   2.366
   2.485
   2.593
   2.676
   2.733
   2.753
   2.733
   2.684
   2.606
   2.498
   2.372
   2.241
   2.124
   2.043
   2.016
   2.027
   2.046
   2.062
   2.064
   2.059
   2.050
   2.041
   2.024
   1.989
   1.956
   1.935
   1.930
   1.938
   1.948
   1.957
   1.970
   1.988
   2.001
   2.009
   2.020
   1.998
   0.000
   0.000
   0.802
   0.904
   0.958
   1.015
   1.058
   1.097
   1.143
   1.203
   1.282
   1.367
   1.450
   1.523
   1.582
   1.621
   1.646
   1.666
   1.681
   1.697
   1.716
   1.737
   1.764
   1.797
   1.835
   1.867
   1.893
   1.918
   1.942
   1.968
   2.019
   2.109
   2.219
   2.339
   2.472
   2.595
   2.694
   2.765
   2.799
   2.794
   2.760
   2.696
   2.594
   2.480
   2.358
   2.249
   2.155
   2.096
   2.059
   2.031
   2.006
   1.982
   1.959
   1.943
   1.936
   1.924
   1.901
   1.879
   1.868
   1.869
   1.877
   1.882
   1.893
   1.908
   1.935
   1.958
   1.981
   2.001
   1.993
   0.000
   0.000
   0.726
   0.802
   0.858
   0.909
   0.941
   0.984
   1.032
   1.093
   1.171
   1.258
   1.341
   1.418
   1.480
   1.527
   1.557
   1.583
   1.606
   1.629
   1.651
   1.684
   1.721
   1.763
   1.807
   1.843
   1.868
   1.891
   1.909
   1.934
   1.986
   2.073
   2.184
   2.310
   2.449
   2.580
   2.691
   2.777
   2.828
   2.837
   2.815
   2.764
   2.678
   2.567
   2.452
   2.331
   2.235
   2.155
   2.096
   2.040
   1.987
   1.937
   1.898
   1.872
   1.863
   1.853
   1.836
   1.822
   1.815
   1.816
   1.815
   1.814
   1.819
   1.835
   1.864
   1.898
   1.932
   1.969
   1.979
   0.000
   0.000
   0.675
   0.746
   0.782
   0.809
   0.837
   0.881
   0.924
   0.987
   1.069
   1.155
   1.241
   1.319
   1.383
   1.430
   1.464
   1.495
   1.524
   1.549
   1.580
   1.614
   1.656
   1.708
   1.759
   1.799
   1.830
   1.855
   1.877
   1.912
   1.969
   2.051
   2.153
   2.275
   2.412
   2.542
   2.662
   2.757
   2.821
   2.846
   2.842
   2.806
   2.738
   2.637
   2.525
   2.388
   2.272
   2.182
   2.104
   2.045
   1.989
   1.933
   1.882
   1.849
   1.832
   1.818
   1.801
   1.784
   1.772
   1.764
   1.755
   1.752
   1.755
   1.768
   1.797
   1.838
   1.883
   1.931
   1.958
   0.000
   0.000
   0.634
   0.700
   0.738
   0.769
   0.785
   0.797
   0.829
   0.890
   0.965
   1.054
   1.142
   1.220
   1.284
   1.331
   1.369
   1.403
   1.433
   1.463
   1.498
   1.538
   1.585
   1.636
   1.693
   1.743
   1.786
   1.823
   1.860
   1.904
   1.963
   2.041
   2.132
   2.244
   2.373
   2.499
   2.615
   2.716
   2.788
   2.826
   2.840
   2.823
   2.776
   2.695
   2.588
   2.461
   2.330
   2.218
   2.119
   2.041
   1.982
   1.930
   1.876
   1.834
   1.808
   1.785
   1.760
   1.735
   1.720
   1.710
   1.703
   1.669
   1.666
   1.686
   1.722
   1.772
   1.835
   1.912
   1.953
   0.000
   0.000
   0.583
   0.663
   0.701
   0.733
   0.752
   0.767
   0.782
   0.806
   0.863
   0.942
   1.030
   1.107
   1.175
   1.224
   1.267
   1.300
   1.332
   1.366
   1.404
   1.447
   1.497
   1.551
   1.614
   1.673
   1.727
   1.784
   1.834
   1.889
   1.950
   2.027
   2.108
   2.206
   2.322
   2.439
   2.549
   2.646
   2.722
   2.770
   2.798
   2.802
   2.774
   2.721
   2.639
   2.532
   2.411
   2.298
   2.186
   2.089
   2.004
   1.935
   1.870
   1.816
   1.774
   1.734
   1.698
   1.669
   1.660
   1.633
   1.589
   1.589
   1.608
   1.639
   1.681
   1.731
   1.788
   1.856
   1.968
   0.000
 -65.534
 -65.534
   0.591
   0.658
   0.688
   0.711
   0.733
   0.750
   0.765
   0.788
   0.839
   0.907
   0.981
   1.048
   1.100
   1.144
   1.183
   1.219
   1.255
   1.294
   1.337
   1.387
   1.445
   1.512
   1.577
   1.649
   1.719
   1.784
   1.846
   1.914
   1.986
   2.060
   2.153
   2.255
   2.357
   2.453
   2.543
   2.618
   2.674
   2.712
   2.729
   2.721
   2.693
   2.643
   2.567
   2.474
   2.379
   2.284
   2.182
   2.088
   2.002
   1.919
   1.842
   1.773
   1.708
   1.649
   1.621
   1.556
   1.527
   1.533
   1.554
   1.587
   1.640
   1.689
   1.743
   1.796
   1.851
   1.904
   0.000
 -65.534
 -65.534
 -65.534
   0.576
   0.632
   0.662
   0.691
   0.715
   0.732
   0.747
   0.768
   0.803
   0.859
   0.912
   0.963
   1.013
   1.055
   1.097
   1.136
   1.179
   1.220
   1.269
   1.325
   1.392
   1.466
   1.546
   1.628
   1.706
   1.776
   1.843
   1.911
   1.985
   2.070
   2.158
   2.238
   2.342
   2.426
   2.492
   2.545
   2.588
   2.614
   2.620
   2.612
   2.587
   2.545
   2.486
   2.418
   2.340
   2.257
   2.172
   2.090
   2.008
   1.924
   1.846
   1.772
   1.705
   1.646
   1.607
   1.585
   1.562
   1.566
   1.595
   1.636
   1.695
   1.751
   1.805
   1.859
   1.884
   0.000
 -65.534
 -65.534
 -65.534
 -65.534
   0.555
   0.609
   0.643
   0.669
   0.690
   0.705
   0.721
   0.735
   0.754
   0.795
   0.842
   0.877
   0.921
   0.963
   1.008
   1.052
   1.095
   1.142
   1.196
   1.258
   1.330
   1.414
   1.501
   1.584
   1.658
   1.725
   1.793
   1.867
   1.945
   2.024
   2.103
   2.191
   2.265
   2.346
   2.397
   2.431
   2.455
   2.469
   2.471
   2.464
   2.446
   2.411
   2.371
   2.318
   2.258
   2.197
   2.138
   2.072
   2.003
   1.934
   1.865
   1.803
   1.752
   1.713
   1.689
   1.675
   1.675
   1.689
   1.714
   1.752
   1.800
   1.850
   1.895
   1.899
   0.000
 -65.534
 -65.534
 -65.534
 -65.534
   0.506
   0.560
   0.594
   0.617
   0.636
   0.653
   0.671
   0.685
   0.697
   0.711
   0.726
   0.760
   0.808
   0.836
   0.871
   0.911
   0.954
   1.000
   1.052
   1.109
   1.176
   1.248
   1.330
   1.405
   1.481
   1.552
   1.625
   1.699
   1.776
   1.853
   1.931
   2.009
   2.082
   2.148
   2.185
   2.227
   2.247
   2.256
   2.259
   2.260
   2.255
   2.244
   2.228
   2.206
   2.177
   2.148
   2.116
   2.080
   2.042
   1.993
   1.944
   1.899
   1.864
   1.840
   1.827
   1.821
   1.823
   1.831
   1.848
   1.881
   1.919
   1.955
   1.984
   1.960
   0.000
 -65.534
 -65.534
 -65.534
 -65.534
   0.475
   0.522
   0.552
   0.572
   0.585
   0.603
   0.622
   0.637
   0.651
   0.661
   0.674
   0.683
   0.685
   0.704
   0.762
   0.797
   0.824
   0.858
   0.898
   0.947
   1.001
   1.063
   1.132
   1.207
   1.278
   1.352
   1.427
   1.498
   1.576
   1.652
   1.726
   1.796
   1.859
   1.908
   1.941
   1.968
   1.981
   1.987
   1.993
   2.002
   2.009
   2.017
   2.027
   2.034
   2.036
   2.039
   2.040
   2.034
   2.019
   1.997
   1.974
   1.952
   1.939
   1.937
   1.942
   1.950
   1.961
   1.973
   1.990
   2.015
   2.046
   2.078
   2.097
   2.056
   0.000
 -65.534
 -65.534
 -65.534
 -65.534
   0.452
   0.489
   0.515
   0.531
   0.548
   0.560
   0.576
   0.592
   0.605
   0.618
   0.628
   0.631
   0.633
   0.638
   0.645
   0.652
   0.666
   0.709
   0.781
   0.822
   0.856
   0.901
   0.951
   1.004
   1.067
   1.140
   1.216
   1.288
   1.363
   1.434
   1.496
   1.553
   1.601
   1.637
   1.660
   1.675
   1.685
   1.689
   1.696
   1.713
   1.736
   1.764
   1.792
   1.821
   1.848
   1.878
   1.904
   1.922
   1.934
   1.936
   1.936
   1.940
   1.950
   1.969
   1.992
   2.020
   2.049
   2.070
   2.089
   2.110
   2.135
   2.167
   2.185
   2.132
   0.000
 -65.534
 -65.534
 -65.534
 -65.534
 -65.534
 -65.534
 -65.534
 -65.534
   0.486
   0.516
   0.533
   0.546
   0.560
   0.573
   0.581
   0.585
   0.589
   0.594
   0.600
   0.606
   0.610
   0.621
   0.630
   0.648
   0.673
   0.698
   0.728
   0.777
   0.909
   0.964
   1.021
   1.079
   1.136
   1.198
   1.248
   1.294
   1.334
   1.361
   1.378
   1.387
   1.394
   1.402
   1.419
   1.442
   1.472
   1.507
   1.544
   1.586
   1.627
   1.669
   1.715
   1.753
   1.785
   1.810
   1.836
   1.864
   1.898
   1.937
   1.978
   2.024
   2.067
   2.105
   2.131
   2.154
   2.180
   2.210
   2.233
   2.172
   0.000
 -65.534
 -65.534
 -65.534
 -65.534
 -65.534
 -65.534
   0.234
   0.324
   0.448
   0.480
   0.496
   0.508
   0.523
   0.532
   0.540
   0.547
   0.554
   0.562
   0.570
   0.576
   0.584
   0.589
   0.596
   0.602
   0.608
   0.630
   0.657
   0.692
   0.731
   0.753
   0.784
   0.818
   0.933
   0.988
   1.023
   1.051
   1.076
   1.094
   1.103
   1.110
   1.122
   1.142
   1.169
   1.202
   1.240
   1.276
   1.314
   1.357
   1.406
   1.459
   1.515
   1.568
   1.620
   1.666
   1.708
   1.752
   1.797
   1.846
   1.900
   1.957
   2.016
   2.069
   2.110
   2.140
   2.175
   2.207
   2.232
   2.163
   0.000
 -65.534
 -65.534
 -65.534
 -65.534
 -65.534
 -65.534
 -65.534
 -65.534
 -65.534
   0.433
   0.456
   0.472
   0.486
   0.496
   0.503
   0.521
   0.532
   0.543
   0.552
   0.559
   0.564
   0.571
   0.577
   0.585
   0.595
   0.603
   0.613
   0.636
   0.659
   0.683
   0.706
   0.729
   0.755
   0.762
   0.776
   0.792
   0.807
   0.818
   0.829
   0.879
   0.940
   0.947
   0.961
   0.993
   1.028
   1.065
   1.109
   1.154
   1.207
   1.267
   1.330
   1.392
   1.452
   1.506
   1.556
   1.604
   1.651
   1.701
   1.757
   1.817
   1.882
   1.944
   2.002
   2.050
   2.093
   2.139
   2.174
   2.105
   0.000
 -65.534
 -65.534
 -65.534
 -65.534
 -65.534
 -65.534
 -65.534
 -65.534
 -65.534
 -65.534
 -65.534
 -65.534
 -65.534
 -65.534
 -65.534
   0.470
   0.505
   0.523
   0.533
   0.544
   0.553
   0.560
   0.570
   0.579
   0.589
   0.598
   0.607
   0.609
   0.622
   0.637
   0.652
   0.662
   0.670
   0.679
   0.686
   0.695
   0.702
   0.710
   0.736
   0.752
   0.759
   0.768
   0.800
   0.899
   0.911
   0.930
   0.957
   0.992
   1.037
   1.088
   1.149
   1.215
   1.284
   1.345
   1.401
   1.450
   1.494
   1.539
   1.591
   1.648
   1.715
   1.784
   1.854
   1.914
   1.971
   2.027
   2.070
   2.002
   0.000
 -65.534
 -65.534
 -65.534
 -65.534
 -65.534
 -65.534
 -65.534
 -65.534
 -65.534
 -65.534
 -65.534
 -65.534
 -65.534
 -65.534
 -65.534
 -65.534
 -65.534
 -65.534
 -65.534
   0.498
   0.538
   0.556
   0.572
   0.586
   0.595
   0.603
   0.610
   0.615
   0.620
   0.616
   0.620
   0.623
   0.626
   0.629
   0.632
   0.635
   0.639
   0.645
   0.658
   0.677
   0.696
   0.722
   0.768
   0.805
   0.826
   0.842
   0.850
   0.867
   0.897
   0.927
   0.978
   1.099
   1.160
   1.205
   1.251
   1.290
   1.329
   1.374
   1.426
   1.481
   1.549
   1.626
   1.701
   1.771
   1.833
   1.894
   1.941
   1.876
   0.000
 -65.534
 -65.534
 -65.534
 -65.534
 -65.534
 -65.534
 -65.534
 -65.534
 -65.534
 -65.534
 -65.534
 -65.534
 -65.534
 -65.534
 -65.534
 -65.534
 -65.534
 -65.534
   0.336
   0.508
   0.541
   0.566
   0.584
   0.601
   0.613
   0.620
   0.627
   0.631
   0.633
   0.630
   0.619
   0.614
   0.614
   0.614
   0.616
   0.617
   0.621
   0.624
   0.630
   0.646
   0.681
   0.742
   0.802
   0.834
   0.859
   0.874
   0.877
   0.874
   0.886
   0.916
   0.961
   1.000
   1.033
   1.065
   1.084
   1.095
   1.144
   1.255
   1.300
   1.343
   1.400
   1.468
   1.538
   1.607
   1.671
   1.736
   1.785
   1.721
   0.000
 -65.534
 -65.534
 -65.534
 -65.534
 -65.534
 -65.534
 -65.534
 -65.534
 -65.534
 -65.534
 -65.534
 -65.534
 -65.534
 -65.534
 -65.534
 -65.534
 -65.534
   0.311
   0.462
   0.532
   0.559
   0.583
   0.604
   0.625
   0.639
   0.647
   0.652
   0.658
   0.659
   0.656
   0.646
   0.632
   0.631
   0.628
   0.627
   0.627
   0.626
   0.632
   0.651
   0.685
   0.738
   0.803
   0.837
   0.882
   0.918
   0.928
   0.925
   0.913
   0.907
   0.917
   0.946
   0.981
   1.009
   1.032
   1.049
   1.067
   1.091
   1.117
   1.147
   1.189
   1.231
   1.314
   1.419
   1.465
   1.517
   1.572
   1.615
   1.554
   0.000
 -65.534
 -65.534
 -65.534
 -65.534
 -65.534
 -65.534
 -65.534
 -65.534
 -65.534
 -65.534
 -65.534
 -65.534
 -65.534
 -65.534
 -65.534
 -65.534
 -65.534
   0.428
   0.529
   0.565
   0.579
   0.601
   0.624
   0.648
   0.664
   0.675
   0.683
   0.688
   0.693
   0.692
   0.685
   0.666
   0.662
   0.659
   0.654
   0.650
   0.655
   0.689
   0.752
   0.779
   0.801
   0.832
   0.875
   0.932
   0.980
   0.989
   0.976
   0.957
   0.945
   0.942
   0.950
   0.970
   0.992
   1.009
   1.021
   1.030
   1.046
   1.068
   1.096
   1.129
   1.170
   1.214
   1.251
   1.298
   1.399
   1.431
   1.460
   1.399
   0.000
 -65.534
 -65.534
 -65.534
 -65.534
 -65.534
 -65.534
 -65.534
 -65.534
 -65.534
 -65.534
 -65.534
 -65.534
 -65.534
 -65.534
 -65.534
 -65.534
 -65.534
   0.482
   0.554
   0.585
   0.599
   0.620
   0.647
   0.670
   0.687
   0.700
   0.710
   0.719
   0.725
   0.730
   0.725
   0.706
   0.701
   0.694
   0.691
   0.706
   0.755
   0.787
   0.791
   0.804
   0.828
   0.861
   0.903
   0.958
   1.004
   1.018
   1.012
   0.993
   0.979
   0.981
   0.983
   0.986
   0.998
   1.008
   1.013
   1.017
   1.028
   1.044
   1.064
   1.086
   1.111
   1.139
   1.168
   1.198
   1.224
   1.261
   1.337
   1.259
   0.000
 -65.534
 -65.534
 -65.534
 -65.534
 -65.534
 -65.534
 -65.534
 -65.534
 -65.534
 -65.534
 -65.534
 -65.534
 -65.534
 -65.534
 -65.534
 -65.534
 -65.534
   0.530
   0.569
   0.603
   0.621
   0.643
   0.671
   0.693
   0.711
   0.725
   0.737
   0.749
   0.760
   0.768
   0.766
   0.747
   0.740
   0.737
   0.763
   0.831
   0.826
   0.818
   0.823
   0.836
   0.860
   0.891
   0.923
   0.963
   0.998
   1.018
   1.020
   1.015
   1.013
   1.016
   1.024
   1.034
   1.043
   1.048
   1.049
   1.050
   1.057
   1.063
   1.067
   1.075
   1.085
   1.100
   1.116
   1.133
   1.146
   1.155
   1.156
   1.111
   0.000
 -65.534
 -65.534
 -65.534
 -65.534
 -65.534
 -65.534
 -65.534
 -65.534
 -65.534
 -65.534
 -65.534
 -65.534
 -65.534
 -65.534
 -65.534
 -65.534
 -65.534
 -65.534
   0.584
   0.616
   0.643
   0.670
   0.697
   0.716
   0.732
   0.746
   0.760
   0.774
   0.787
   0.801
   0.803
   0.785
   0.781
   0.785
   0.867
   0.876
   0.864
   0.855
   0.857
   0.868
   0.890
   0.908
   0.929
   0.953
   0.977
   0.995
   1.009
   1.020
   1.032
   1.044
   1.059
   1.069
   1.072
   1.073
   1.076
   1.079
   1.082
   1.086
   1.090
   1.093
   1.098
   1.102
   1.107
   1.112
   1.112
   1.101
   1.082
   0.989
   0.000
 -65.534
 -65.534
 -65.534
 -65.534
 -65.534
 -65.534
 -65.534
 -65.534
 -65.534
 -65.534
 -65.534
 -65.534
 -65.534
 -65.534
 -65.534
 -65.534
 -65.534
 -65.534
 -65.534
   0.624
   0.659
   0.691
   0.714
   0.732
   0.746
   0.759
   0.772
   0.787
   0.804
   0.823
   0.826
   0.821
   0.820
   0.840
   0.931
   0.930
   0.921
   0.905
   0.895
   0.892
   0.895
   0.907
   0.917
   0.930
   0.949
   0.966
   0.983
   0.999
   1.020
   1.043
   1.067
   1.085
   1.098
   1.106
   1.110
   1.113
   1.113
   1.112
   1.110
   1.109
   1.106
   1.104
   1.101
   1.092
   1.077
   1.057
   1.026
   0.923
   0.000
 -65.534
 -65.534
 -65.534
 -65.534
 -65.534
 -65.534
 -65.534
 -65.534
 -65.534
 -65.534
 -65.534
 -65.534
 -65.534
 -65.534
 -65.534
 -65.534
 -65.534
 -65.534
 -65.534
 -65.534
   0.659
   0.697
   0.724
   0.741
   0.755
   0.767
   0.780
   0.795
   0.814
   0.834
   0.840
   0.849
   0.853
   0.893
   0.947
   0.889
 -65.534
 -65.534
 -65.534
 -65.534
   0.825
   0.870
   0.895
   0.918
   0.940
   0.959
   0.972
   0.982
   0.995
   1.017
   1.043
   1.067
   1.093
   1.111
   1.125
   1.135
   1.137
   1.135
   1.131
   1.128
   1.126
   1.119
   1.105
   1.085
   1.053
   1.010
   0.961
   0.841
   0.000
 -65.534
 -65.534
 -65.534
 -65.534
 -65.534
 -65.534
 -65.534
 -65.534
 -65.534
 -65.534
 -65.534
 -65.534
 -65.534
 -65.534
 -65.534
 -65.534
 -65.534
 -65.534
 -65.534
 -65.534
 -65.534
 -65.534
 -65.534
 -65.534
   0.715
   0.754
   0.777
   0.797
   0.818
   0.835
   0.845
   0.862
   0.876
   0.955
   0.940
   0.858
 -65.534
 -65.534
 -65.534
 -65.534
 -65.534
 -65.534
   0.794
   0.907
   0.941
   0.965
   0.975
   0.983
   0.988
   0.990
   0.999
   1.017
   1.045
   1.073
   1.104
   1.129
   1.138
   1.135
   1.131
   1.124
   1.116
   1.105
   1.085
   1.054
   1.013
   0.960
   0.890
   0.756
   0.000
 -65.534
 -65.534
 -65.534
 -65.534
 -65.534
 -65.534
 -65.534
 -65.534
 -65.534
 -65.534
 -65.534
 -65.534
 -65.534
 -65.534
 -65.534
 -65.534
 -65.534
 -65.534
 -65.534
 -65.534
 -65.534
 -65.534
 -65.534
 -65.534
   0.680
   0.724
   0.754
   0.780
   0.809
   0.829
   0.837
   0.852
   0.880
   0.951
   0.926
   0.843
 -65.534
 -65.534
 -65.534
 -65.534
 -65.534
 -65.534
 -65.534
   0.873
   0.947
   0.978
   0.990
   0.994
   0.992
   0.976
   0.974
   0.988
   0.999
   1.027
   1.069
   1.113
   1.138
   1.140
   1.130
   1.112
   1.089
   1.062
   1.030
   0.993
   0.945
   0.886
   0.814
   0.675
   0.000
 -65.534
 -65.534
 -65.534
 -65.534
 -65.534
 -65.534
 -65.534
 -65.534
 -65.534
 -65.534
 -65.534
 -65.534
 -65.534
 -65.534
 -65.534
 -65.534
 -65.534
 -65.534
 -65.534
 -65.534
 -65.534
 -65.534
 -65.534
 -65.534
 -65.534
 -65.534
 -65.534
 -65.534
 -65.534
   0.750
   0.788
   0.802
   0.850
   0.927
   0.905
   0.827
   0.418
 -65.534
 -65.534
 -65.534
 -65.534
 -65.534
 -65.534
   0.779
   0.891
 -65.534
   0.892
   0.961
   0.972
   0.987
   0.985
   0.982
   0.986
   1.012
   1.060
   1.114
   1.148
   1.155
   1.137
   1.104
   1.063
   1.010
   0.952
   0.899
   0.849
   0.790
   0.719
   0.593
   0.000
 -65.534
 -65.534
 -65.534
 -65.534
 -65.534
 -65.534
 -65.534
 -65.534
 -65.534
 -65.534
 -65.534
 -65.534
 -65.534
 -65.534
 -65.534
 -65.534
 -65.534
 -65.534
 -65.534
 -65.534
 -65.534
 -65.534
 -65.534
 -65.534
 -65.534
 -65.534
 -65.534
 -65.534
 -65.534
 -65.534
 -65.534
 -65.534
   0.736
   0.827
   0.857
   0.773
   0.524
   0.324
 -65.534
 -65.534
 -65.534
 -65.534
 -65.534
 -65.534
 -65.534
 -65.534
 -65.534
 -65.534
 -65.534
   0.798
   0.919
   0.940
   0.977
   1.006
   1.056
   1.107
   1.139
   1.141
   1.117
   1.077
   1.017
   0.944
   0.862
   0.792
   0.741
   0.692
   0.632
   0.531
   0.000
 -65.534
 -65.534
 -65.534
 -65.534
 -65.534
 -65.534
 -65.534
 -65.534
 -65.534
 -65.534
 -65.534
 -65.534
 -65.534
 -65.534
 -65.534
 -65.534
 -65.534
 -65.534
 -65.534
 -65.534
 -65.534
 -65.534
 -65.534
 -65.534
 -65.534
 -65.534
 -65.534
 -65.534
 -65.534
 -65.534
 -65.534
 -65.534
   0.664
   0.707
   0.703
   0.650
   0.532
   0.403
   0.292
   0.230
 -65.534
 -65.534
 -65.534
 -65.534
 -65.534
 -65.534
 -65.534
 -65.534
 -65.534
 -65.534
 -65.534
 -65.534
   0.782
   0.884
   0.950
   1.062
   1.093
   1.088
   1.060
   1.013
   0.946
   0.863
   0.773
   0.697
   0.649
   0.612
   0.574
   0.505
   0.000
 -65.534
 -65.534
 -65.534
 -65.534
 -65.534
 -65.534
 -65.534
 -65.534
 -65.534
 -65.534
 -65.534
 -65.534
 -65.534
 -65.534
 -65.534
 -65.534
 -65.534
 -65.534
 -65.534
 -65.534
 -65.534
 -65.534
 -65.534
 -65.534
 -65.534
 -65.534
 -65.534
 -65.534
 -65.534
 -65.534
 -65.534
 -65.534
 -65.534
 -65.534
 -65.534
 -65.534
   0.405
   0.370
   0.319
   0.276
   0.226
   0.196
   0.177
   0.169
   0.164
 -65.534
 -65.534
 -65.534
 -65.534
 -65.534
 -65.534
 -65.534
 -65.534
 -65.534
 -65.534
   0.864
   0.986
   0.997
   0.971
   0.927
   0.861
   0.779
   0.693
   0.623
   0.583
   0.559
   0.541
   0.503
   0.000
 -65.534
 -65.534
 -65.534
 -65.534
 -65.534
 -65.534
 -65.534
 -65.534
 -65.534
 -65.534
 -65.534
 -65.534
 -65.534
 -65.534
 -65.534
 -65.534
 -65.534
 -65.534
 -65.534
 -65.534
 -65.534
 -65.534
 -65.534
 -65.534
 -65.534
 -65.534
 -65.534
 -65.534
 -65.534
 -65.534
 -65.534
 -65.534
 -65.534
 -65.534
 -65.534
 -65.534
 -65.534
 -65.534
 -65.534
 -65.534
   0.176
 -65.534
 -65.534
 -65.534
 -65.534
 -65.534
 -65.534
 -65.534
 -65.534
 -65.534
 -65.534
 -65.534
 -65.534
 -65.534
 -65.534
   0.674
   0.800
   0.826
   0.807
   0.811
   0.765
   0.692
   0.615
   0.553
   0.518
   0.507
   0.509
   0.496
   0.000
 -65.534
 -65.534
 -65.534
 -65.534
 -65.534
 -65.534
 -65.534
 -65.534
 -65.534
 -65.534
 -65.534
 -65.534
 -65.534
 -65.534
 -65.534
 -65.534
 -65.534
 -65.534
 -65.534
 -65.534
 -65.534
 -65.534
 -65.534
 -65.534
 -65.534
 -65.534
 -65.534
 -65.534
 -65.534
 -65.534
 -65.534
 -65.534
 -65.534
 -65.534
 -65.534
 -65.534
 -65.534
 -65.534
 -65.534
 -65.534
 -65.534
 -65.534
 -65.534
 -65.534
 -65.534
 -65.534
 -65.534
 -65.534
 -65.534
 -65.534
 -65.534
 -65.534
 -65.534
 -65.534
 -65.534
 -65.534
 -65.534
 -65.534
 -65.534
   0.582
   0.620
   0.587
   0.526
   0.475
   0.450
   0.452
   0.470
   0.476
   0.000
 -65.534
 -65.534
 -65.534
 -65.534
 -65.534
 -65.534
 -65.534
 -65.534
 -65.534
 -65.534
 -65.534
 -65.534
 -65.534
 -65.534
 -65.534
 -65.534
 -65.534
 -65.534
 -65.534
 -65.534
 -65.534
 -65.534
 -65.534
 -65.534
 -65.534
 -65.534
 -65.534
 -65.534
 -65.534
 -65.534
 -65.534
 -65.534
 -65.534
 -65.534
 -65.534
 -65.534
 -65.534
 -65.534
 -65.534
 -65.534
 -65.534
 -65.534
 -65.534
 -65.534
 -65.534
 -65.534
 -65.534
 -65.534
 -65.534
 -65.534
 -65.534
 -65.534
 -65.534
 -65.534
 -65.534
 -65.534
 -65.534
 -65.534
 -65.534
 -65.534
 -65.534
   0.000
   0.000
   0.000
   0.000
   0.000
   0.000
   0.000
 -65.534
