 -65.534
   0.000
   0.000
   0.000
   0.000
   0.000
   0.000
   0.000
   0.000
   0.000
   0.000
   0.000
   0.000
   0.000
   0.000
   0.000
   0.000
   0.000
   0.000
   0.000
   0.000
   0.000
   0.000
   0.000
   0.000
   0.000
   0.000
   0.000
   0.000
   0.000
   0.000
   0.000
   0.000
   0.000
   0.000
   0.000
   0.000
   0.000
   0.000
   0.000
   0.000
   0.000
   0.000
   0.000
   0.000
   0.000
   0.000
   0.000
   0.000
   0.000
   0.000
   0.000
   0.000
   0.000
   0.000
   0.000
   0.000
   0.000
   0.000
   0.000
   0.000
   0.000
   0.000
   0.000
   0.000
   0.000
   0.000
   0.000
 -65.534
   0.000
   1.727
   1.846
   1.879
   1.909
   1.939
   1.965
   1.983
   1.992
   1.994
   1.992
   1.983
   1.969
   1.961
   1.955
   1.950
   1.953
   1.966
   1.980
   1.983
   1.973
   1.961
   1.958
   1.929
   2.007
   2.119
   2.211
   2.276
   2.333
   2.377
   2.410
   2.440
   2.454
   2.447
   2.456
   2.439
   2.437
   2.415
   2.364
   2.309
   2.224
   2.129
   2.040
   1.956
   1.884
   1.840
   1.813
   1.778
   1.750
   1.728
   1.719
   1.722
   1.728
   1.752
   1.786
   1.821
   1.857
   1.888
   1.916
   1.952
   1.986
   2.011
   2.039
   2.061
   2.067
   2.068
   2.068
   2.055
   0.000
   0.000
   1.905
   2.009
   2.027
   2.045
   2.056
   2.073
   2.090
   2.104
   2.112
   2.113
   2.106
   2.098
   2.095
   2.094
   2.099
   2.109
   2.127
   2.149
   2.168
   2.185
   2.199
   2.217
   2.228
   2.301
   2.395
   2.478
   2.546
   2.598
   2.639
   2.671
   2.700
   2.723
   2.735
   2.749
   2.754
   2.750
   2.740
   2.701
   2.642
   2.557
   2.453
   2.340
   2.230
   2.150
   2.116
   2.107
   2.094
   2.079
   2.071
   2.067
   2.076
   2.095
   2.122
   2.155
   2.194
   2.239
   2.283
   2.322
   2.360
   2.401
   2.440
   2.473
   2.495
   2.504
   2.500
   2.494
   2.453
   0.000
   0.000
   1.899
   2.000
   2.016
   2.031
   2.038
   2.052
   2.072
   2.089
   2.106
   2.116
   2.121
   2.122
   2.124
   2.134
   2.149
   2.174
   2.205
   2.245
   2.283
   2.316
   2.351
   2.394
   2.443
   2.501
   2.581
   2.647
   2.702
   2.748
   2.786
   2.819
   2.844
   2.868
   2.898
   2.924
   2.935
   2.940
   2.928
   2.894
   2.835
   2.750
   2.644
   2.526
   2.408
   2.318
   2.279
   2.275
   2.273
   2.269
   2.272
   2.276
   2.290
   2.309
   2.336
   2.367
   2.407
   2.451
   2.497
   2.541
   2.582
   2.626
   2.665
   2.699
   2.720
   2.728
   2.719
   2.711
   2.650
   0.000
   0.000
   1.858
   1.959
   1.977
   1.998
   2.009
   2.024
   2.042
   2.061
   2.085
   2.108
   2.123
   2.138
   2.155
   2.177
   2.210
   2.247
   2.296
   2.347
   2.402
   2.451
   2.498
   2.552
   2.616
   2.677
   2.746
   2.807
   2.851
   2.881
   2.912
   2.943
   2.969
   2.999
   3.037
   3.073
   3.095
   3.113
   3.111
   3.082
   3.027
   2.949
   2.842
   2.724
   2.609
   2.515
   2.463
   2.450
   2.453
   2.459
   2.464
   2.476
   2.493
   2.515
   2.540
   2.567
   2.602
   2.644
   2.688
   2.725
   2.764
   2.803
   2.838
   2.865
   2.883
   2.889
   2.876
   2.863
   2.786
   0.000
   0.000
   1.792
   1.893
   1.918
   1.950
   1.966
   1.984
   2.007
   2.035
   2.065
   2.095
   2.121
   2.149
   2.183
   2.222
   2.264
   2.314
   2.373
   2.435
   2.496
   2.555
   2.611
   2.675
   2.736
   2.811
   2.873
   2.916
   2.943
   2.958
   2.982
   3.012
   3.041
   3.081
   3.132
   3.180
   3.218
   3.245
   3.257
   3.243
   3.198
   3.131
   3.038
   2.931
   2.821
   2.724
   2.663
   2.634
   2.633
   2.639
   2.648
   2.663
   2.684
   2.705
   2.731
   2.759
   2.794
   2.831
   2.870
   2.902
   2.932
   2.961
   2.984
   3.005
   3.015
   3.011
   2.996
   2.976
   2.888
   0.000
   0.000
   1.716
   1.814
   1.845
   1.885
   1.917
   1.945
   1.977
   2.005
   2.040
   2.077
   2.112
   2.150
   2.194
   2.241
   2.298
   2.360
   2.425
   2.493
   2.557
   2.620
   2.687
   2.758
   2.827
   2.886
   2.924
   2.948
   2.967
   2.974
   2.996
   3.035
   3.077
   3.130
   3.191
   3.254
   3.309
   3.354
   3.375
   3.374
   3.346
   3.300
   3.229
   3.139
   3.038
   2.945
   2.878
   2.836
   2.820
   2.820
   2.827
   2.840
   2.859
   2.879
   2.907
   2.940
   2.974
   3.009
   3.042
   3.067
   3.090
   3.105
   3.113
   3.116
   3.117
   3.105
   3.083
   3.059
   2.964
   0.000
   0.000
   1.650
   1.745
   1.782
   1.828
   1.866
   1.904
   1.938
   1.974
   2.010
   2.050
   2.093
   2.133
   2.180
   2.235
   2.297
   2.368
   2.438
   2.510
   2.578
   2.643
   2.706
   2.771
   2.830
   2.877
   2.902
   2.919
   2.929
   2.936
   2.964
   3.014
   3.077
   3.148
   3.225
   3.306
   3.372
   3.429
   3.466
   3.477
   3.465
   3.440
   3.392
   3.324
   3.248
   3.165
   3.092
   3.042
   3.013
   2.997
   2.994
   2.998
   3.011
   3.030
   3.060
   3.094
   3.130
   3.163
   3.193
   3.210
   3.217
   3.221
   3.213
   3.201
   3.183
   3.167
   3.139
   3.115
   3.015
   0.000
   0.000
   1.615
   1.713
   1.747
   1.795
   1.832
   1.864
   1.899
   1.935
   1.973
   2.012
   2.054
   2.097
   2.146
   2.202
   2.270
   2.342
   2.419
   2.491
   2.560
   2.625
   2.685
   2.740
   2.793
   2.827
   2.844
   2.857
   2.865
   2.877
   2.910
   2.975
   3.054
   3.142
   3.242
   3.338
   3.420
   3.492
   3.539
   3.561
   3.562
   3.549
   3.522
   3.482
   3.426
   3.363
   3.300
   3.240
   3.199
   3.170
   3.153
   3.149
   3.154
   3.167
   3.193
   3.230
   3.266
   3.299
   3.320
   3.329
   3.321
   3.308
   3.288
   3.258
   3.230
   3.201
   3.173
   3.146
   3.048
   0.000
   0.000
   1.590
   1.690
   1.731
   1.777
   1.811
   1.840
   1.869
   1.896
   1.930
   1.965
   2.003
   2.046
   2.096
   2.154
   2.222
   2.293
   2.372
   2.442
   2.512
   2.579
   2.637
   2.690
   2.735
   2.762
   2.777
   2.789
   2.793
   2.809
   2.855
   2.930
   3.018
   3.118
   3.231
   3.338
   3.436
   3.522
   3.585
   3.615
   3.623
   3.622
   3.608
   3.590
   3.557
   3.518
   3.468
   3.417
   3.369
   3.328
   3.303
   3.297
   3.291
   3.298
   3.316
   3.346
   3.375
   3.400
   3.411
   3.404
   3.388
   3.364
   3.333
   3.292
   3.258
   3.227
   3.195
   3.168
   3.071
   0.000
   0.000
   1.549
   1.658
   1.706
   1.759
   1.794
   1.822
   1.845
   1.871
   1.897
   1.922
   1.953
   1.991
   2.040
   2.095
   2.160
   2.229
   2.301
   2.371
   2.439
   2.503
   2.559
   2.615
   2.659
   2.685
   2.699
   2.708
   2.716
   2.739
   2.792
   2.867
   2.957
   3.062
   3.180
   3.297
   3.404
   3.502
   3.575
   3.619
   3.638
   3.645
   3.644
   3.640
   3.634
   3.610
   3.581
   3.549
   3.503
   3.463
   3.438
   3.427
   3.405
   3.405
   3.418
   3.439
   3.449
   3.454
   3.450
   3.429
   3.402
   3.374
   3.333
   3.293
   3.259
   3.231
   3.202
   3.180
   3.088
   0.000
   0.000
   1.492
   1.613
   1.673
   1.736
   1.780
   1.807
   1.830
   1.855
   1.880
   1.904
   1.928
   1.960
   1.996
   2.045
   2.099
   2.159
   2.222
   2.285
   2.347
   2.412
   2.470
   2.525
   2.574
   2.602
   2.620
   2.630
   2.642
   2.671
   2.722
   2.797
   2.884
   2.990
   3.109
   3.226
   3.336
   3.438
   3.522
   3.575
   3.608
   3.626
   3.632
   3.645
   3.655
   3.656
   3.646
   3.633
   3.604
   3.571
   3.552
   3.538
   3.515
   3.503
   3.501
   3.499
   3.499
   3.483
   3.457
   3.424
   3.387
   3.347
   3.306
   3.268
   3.242
   3.219
   3.196
   3.181
   3.092
   0.000
   0.000
   1.399
   1.561
   1.638
   1.710
   1.766
   1.802
   1.830
   1.851
   1.876
   1.900
   1.927
   1.955
   1.986
   2.020
   2.061
   2.103
   2.152
   2.204
   2.261
   2.318
   2.375
   2.431
   2.480
   2.515
   2.537
   2.555
   2.568
   2.595
   2.642
   2.712
   2.796
   2.899
   3.018
   3.132
   3.237
   3.336
   3.424
   3.483
   3.527
   3.557
   3.575
   3.594
   3.622
   3.644
   3.653
   3.662
   3.659
   3.646
   3.630
   3.618
   3.592
   3.572
   3.555
   3.539
   3.517
   3.490
   3.453
   3.408
   3.359
   3.312
   3.270
   3.232
   3.211
   3.194
   3.182
   3.176
   3.095
   0.000
 -65.534
 -65.534
   1.443
   1.603
   1.683
   1.745
   1.797
   1.834
   1.858
   1.884
   1.909
   1.931
   1.955
   1.981
   2.011
   2.041
   2.073
   2.106
   2.143
   2.183
   2.231
   2.276
   2.325
   2.376
   2.414
   2.443
   2.463
   2.484
   2.509
   2.550
   2.614
   2.691
   2.791
   2.904
   3.013
   3.112
   3.204
   3.285
   3.348
   3.398
   3.433
   3.460
   3.491
   3.533
   3.572
   3.598
   3.628
   3.649
   3.661
   3.663
   3.660
   3.642
   3.613
   3.590
   3.559
   3.521
   3.481
   3.436
   3.387
   3.333
   3.281
   3.235
   3.200
   3.180
   3.172
   3.167
   3.174
   3.099
   0.000
 -65.534
 -65.534
 -65.534
   1.495
   1.655
   1.719
   1.784
   1.835
   1.872
   1.901
   1.929
   1.944
   1.962
   1.981
   2.002
   2.025
   2.053
   2.076
   2.099
   2.128
   2.155
   2.188
   2.223
   2.264
   2.300
   2.331
   2.358
   2.384
   2.412
   2.451
   2.507
   2.582
   2.676
   2.772
   2.862
   2.974
   3.062
   3.134
   3.194
   3.246
   3.288
   3.321
   3.359
   3.415
   3.463
   3.505
   3.549
   3.591
   3.623
   3.651
   3.664
   3.659
   3.634
   3.607
   3.569
   3.517
   3.466
   3.421
   3.372
   3.318
   3.268
   3.224
   3.194
   3.178
   3.176
   3.184
   3.197
   3.129
   0.000
 -65.534
 -65.534
 -65.534
 -65.534
   1.589
   1.693
   1.764
   1.824
   1.872
   1.907
   1.940
   1.962
   1.979
   1.995
   2.011
   2.023
   2.038
   2.055
   2.072
   2.087
   2.097
   2.115
   2.137
   2.161
   2.188
   2.214
   2.240
   2.268
   2.300
   2.344
   2.398
   2.466
   2.551
   2.641
   2.733
   2.829
   2.906
   2.993
   3.051
   3.098
   3.137
   3.173
   3.221
   3.278
   3.332
   3.382
   3.436
   3.489
   3.540
   3.588
   3.620
   3.629
   3.620
   3.595
   3.556
   3.506
   3.452
   3.405
   3.361
   3.318
   3.278
   3.246
   3.228
   3.222
   3.229
   3.248
   3.276
   3.209
   0.000
 -65.534
 -65.534
 -65.534
 -65.534
   1.551
   1.660
   1.735
   1.798
   1.848
   1.894
   1.932
   1.963
   1.986
   2.006
   2.020
   2.027
   2.032
   2.038
   2.042
   2.049
   2.054
   2.056
   2.064
   2.074
   2.090
   2.107
   2.129
   2.150
   2.179
   2.224
   2.277
   2.343
   2.420
   2.506
   2.592
   2.675
   2.751
   2.829
   2.882
   2.942
   2.984
   3.016
   3.069
   3.128
   3.187
   3.239
   3.296
   3.354
   3.413
   3.474
   3.528
   3.558
   3.568
   3.555
   3.517
   3.470
   3.417
   3.374
   3.345
   3.317
   3.299
   3.284
   3.278
   3.289
   3.315
   3.343
   3.382
   3.320
   0.000
 -65.534
 -65.534
 -65.534
 -65.534
   1.504
   1.616
   1.688
   1.749
   1.804
   1.860
   1.907
   1.939
   1.968
   1.994
   2.011
   2.016
   2.015
   2.007
   2.006
   2.000
   1.999
   1.998
   1.998
   1.999
   2.000
   2.007
   2.019
   2.038
   2.065
   2.105
   2.153
   2.210
   2.282
   2.358
   2.434
   2.509
   2.582
   2.645
   2.700
   2.756
   2.810
   2.851
   2.891
   2.949
   3.010
   3.070
   3.134
   3.202
   3.268
   3.340
   3.410
   3.465
   3.488
   3.483
   3.457
   3.411
   3.364
   3.327
   3.306
   3.298
   3.299
   3.306
   3.321
   3.350
   3.386
   3.426
   3.470
   3.402
   0.000
 -65.534
 -65.534
 -65.534
 -65.534
   1.408
   1.509
   1.572
   1.640
   1.720
   1.773
   1.828
   1.872
   1.904
   1.939
   1.961
   1.971
   1.968
   1.956
   1.943
   1.935
   1.929
   1.927
   1.925
   1.922
   1.919
   1.917
   1.922
   1.934
   1.956
   1.991
   2.033
   2.085
   2.142
   2.202
   2.268
   2.337
   2.399
   2.454
   2.509
   2.561
   2.616
   2.662
   2.710
   2.768
   2.828
   2.884
   2.951
   3.025
   3.103
   3.186
   3.269
   3.335
   3.377
   3.384
   3.368
   3.336
   3.293
   3.258
   3.238
   3.242
   3.263
   3.292
   3.328
   3.368
   3.413
   3.462
   3.499
   3.422
   0.000
 -65.534
 -65.534
 -65.534
 -65.534
 -65.534
 -65.534
 -65.534
 -65.534
   1.540
   1.639
   1.702
   1.758
   1.807
   1.846
   1.875
   1.892
   1.892
   1.882
   1.865
   1.854
   1.845
   1.839
   1.838
   1.835
   1.834
   1.833
   1.838
   1.845
   1.860
   1.889
   1.918
   1.956
   1.997
   2.046
   2.091
   2.141
   2.196
   2.253
   2.305
   2.357
   2.415
   2.471
   2.533
   2.592
   2.649
   2.708
   2.779
   2.854
   2.933
   3.019
   3.111
   3.190
   3.246
   3.268
   3.265
   3.238
   3.204
   3.172
   3.154
   3.157
   3.185
   3.231
   3.287
   3.338
   3.393
   3.443
   3.478
   3.389
   0.000
 -65.534
 -65.534
 -65.534
 -65.534
 -65.534
 -65.534
   1.012
   1.234
   1.412
   1.493
   1.563
   1.632
   1.693
   1.741
   1.778
   1.803
   1.802
   1.790
   1.771
   1.760
   1.757
   1.752
   1.747
   1.748
   1.745
   1.751
   1.759
   1.771
   1.783
   1.804
   1.819
   1.838
   1.860
   1.885
   1.916
   1.951
   1.994
   2.040
   2.096
   2.156
   2.223
   2.292
   2.362
   2.429
   2.495
   2.557
   2.625
   2.691
   2.774
   2.867
   2.959
   3.046
   3.107
   3.143
   3.147
   3.129
   3.100
   3.072
   3.054
   3.058
   3.091
   3.145
   3.205
   3.263
   3.324
   3.376
   3.413
   3.307
   0.000
 -65.534
 -65.534
 -65.534
 -65.534
 -65.534
 -65.534
 -65.534
 -65.534
 -65.534
   1.326
   1.406
   1.465
   1.524
   1.585
   1.644
   1.691
   1.686
   1.669
   1.648
   1.643
   1.648
   1.652
   1.659
   1.667
   1.674
   1.679
   1.691
   1.705
   1.718
   1.729
   1.736
   1.739
   1.746
   1.754
   1.762
   1.781
   1.807
   1.846
   1.895
   1.961
   2.038
   2.121
   2.203
   2.281
   2.355
   2.423
   2.488
   2.557
   2.631
   2.713
   2.799
   2.881
   2.948
   2.989
   3.004
   2.997
   2.974
   2.948
   2.935
   2.947
   2.981
   3.031
   3.092
   3.138
   3.189
   3.244
   3.275
   3.164
   0.000
 -65.534
 -65.534
 -65.534
 -65.534
 -65.534
 -65.534
 -65.534
 -65.534
 -65.534
 -65.534
 -65.534
 -65.534
 -65.534
 -65.534
 -65.534
   1.477
   1.483
   1.476
   1.477
   1.493
   1.517
   1.542
   1.568
   1.588
   1.605
   1.619
   1.635
   1.652
   1.666
   1.671
   1.670
   1.666
   1.659
   1.654
   1.651
   1.653
   1.664
   1.685
   1.727
   1.790
   1.873
   1.965
   2.062
   2.153
   2.237
   2.309
   2.373
   2.437
   2.502
   2.575
   2.653
   2.730
   2.795
   2.839
   2.858
   2.854
   2.837
   2.814
   2.812
   2.834
   2.876
   2.917
   2.956
   2.990
   3.029
   3.068
   3.094
   2.971
   0.000
 -65.534
 -65.534
 -65.534
 -65.534
 -65.534
 -65.534
 -65.534
 -65.534
 -65.534
 -65.534
 -65.534
 -65.534
 -65.534
 -65.534
 -65.534
 -65.534
 -65.534
 -65.534
 -65.534
   1.274
   1.358
   1.416
   1.465
   1.508
   1.537
   1.564
   1.588
   1.607
   1.623
   1.630
   1.627
   1.614
   1.602
   1.591
   1.584
   1.577
   1.579
   1.588
   1.619
   1.674
   1.754
   1.848
   1.946
   2.047
   2.138
   2.213
   2.277
   2.338
   2.391
   2.450
   2.513
   2.583
   2.645
   2.683
   2.703
   2.705
   2.686
   2.671
   2.679
   2.714
   2.761
   2.793
   2.819
   2.837
   2.856
   2.879
   2.896
   2.760
   0.000
 -65.534
 -65.534
 -65.534
 -65.534
 -65.534
 -65.534
 -65.534
 -65.534
 -65.534
 -65.534
 -65.534
 -65.534
 -65.534
 -65.534
 -65.534
 -65.534
 -65.534
 -65.534
   0.820
   1.113
   1.191
   1.266
   1.339
   1.406
   1.457
   1.497
   1.533
   1.558
   1.578
   1.586
   1.584
   1.581
   1.569
   1.561
   1.552
   1.546
   1.545
   1.550
   1.573
   1.621
   1.689
   1.778
   1.875
   1.972
   2.058
   2.130
   2.187
   2.238
   2.287
   2.331
   2.384
   2.442
   2.493
   2.527
   2.543
   2.544
   2.530
   2.522
   2.537
   2.576
   2.618
   2.645
   2.663
   2.668
   2.667
   2.671
   2.680
   2.537
   0.000
 -65.534
 -65.534
 -65.534
 -65.534
 -65.534
 -65.534
 -65.534
 -65.534
 -65.534
 -65.534
 -65.534
 -65.534
 -65.534
 -65.534
 -65.534
 -65.534
 -65.534
   0.592
   0.822
   0.970
   1.046
   1.123
   1.205
   1.290
   1.361
   1.414
   1.459
   1.493
   1.518
   1.535
   1.541
   1.541
   1.540
   1.531
   1.527
   1.524
   1.523
   1.529
   1.550
   1.592
   1.658
   1.741
   1.830
   1.919
   1.998
   2.059
   2.104
   2.144
   2.180
   2.220
   2.262
   2.310
   2.352
   2.378
   2.393
   2.399
   2.395
   2.398
   2.419
   2.452
   2.479
   2.499
   2.505
   2.496
   2.485
   2.480
   2.478
   2.333
   0.000
 -65.534
 -65.534
 -65.534
 -65.534
 -65.534
 -65.534
 -65.534
 -65.534
 -65.534
 -65.534
 -65.534
 -65.534
 -65.534
 -65.534
 -65.534
 -65.534
 -65.534
   0.644
   0.772
   0.862
   0.933
   1.003
   1.081
   1.170
   1.251
   1.313
   1.362
   1.404
   1.435
   1.461
   1.479
   1.490
   1.493
   1.492
   1.485
   1.486
   1.486
   1.493
   1.512
   1.555
   1.621
   1.702
   1.785
   1.869
   1.935
   1.983
   2.026
   2.058
   2.085
   2.116
   2.151
   2.201
   2.244
   2.271
   2.291
   2.306
   2.307
   2.316
   2.339
   2.361
   2.375
   2.377
   2.372
   2.357
   2.337
   2.320
   2.302
   2.133
   0.000
 -65.534
 -65.534
 -65.534
 -65.534
 -65.534
 -65.534
 -65.534
 -65.534
 -65.534
 -65.534
 -65.534
 -65.534
 -65.534
 -65.534
 -65.534
 -65.534
 -65.534
   0.681
   0.742
   0.807
   0.857
   0.913
   0.976
   1.052
   1.136
   1.197
   1.250
   1.293
   1.334
   1.370
   1.397
   1.418
   1.431
   1.434
   1.430
   1.432
   1.431
   1.435
   1.458
   1.504
   1.571
   1.650
   1.729
   1.801
   1.859
   1.900
   1.938
   1.969
   1.995
   2.021
   2.056
   2.105
   2.147
   2.181
   2.217
   2.245
   2.257
   2.271
   2.288
   2.301
   2.301
   2.289
   2.271
   2.247
   2.199
   2.174
   2.124
   1.966
   0.000
 -65.534
 -65.534
 -65.534
 -65.534
 -65.534
 -65.534
 -65.534
 -65.534
 -65.534
 -65.534
 -65.534
 -65.534
 -65.534
 -65.534
 -65.534
 -65.534
 -65.534
   0.757
   0.753
   0.787
   0.822
   0.858
   0.907
   0.962
   1.027
   1.094
   1.139
   1.185
   1.228
   1.269
   1.309
   1.336
   1.353
   1.362
   1.364
   1.366
   1.367
   1.377
   1.403
   1.450
   1.520
   1.591
   1.662
   1.728
   1.783
   1.823
   1.857
   1.893
   1.923
   1.947
   1.981
   2.032
   2.076
   2.120
   2.168
   2.206
   2.228
   2.238
   2.250
   2.254
   2.244
   2.223
   2.195
   2.161
   2.113
   2.069
   2.009
   1.837
   0.000
 -65.534
 -65.534
 -65.534
 -65.534
 -65.534
 -65.534
 -65.534
 -65.534
 -65.534
 -65.534
 -65.534
 -65.534
 -65.534
 -65.534
 -65.534
 -65.534
 -65.534
 -65.534
   0.799
   0.786
   0.808
   0.837
   0.870
   0.908
   0.953
   1.002
   1.045
   1.088
   1.135
   1.184
   1.228
   1.259
   1.276
   1.289
   1.297
   1.301
   1.311
   1.324
   1.354
   1.400
   1.455
   1.520
   1.588
   1.654
   1.712
   1.755
   1.792
   1.832
   1.865
   1.896
   1.932
   1.975
   2.018
   2.062
   2.106
   2.152
   2.175
   2.188
   2.198
   2.192
   2.178
   2.157
   2.124
   2.090
   2.049
   1.993
   1.917
   1.729
   0.000
 -65.534
 -65.534
 -65.534
 -65.534
 -65.534
 -65.534
 -65.534
 -65.534
 -65.534
 -65.534
 -65.534
 -65.534
 -65.534
 -65.534
 -65.534
 -65.534
 -65.534
 -65.534
 -65.534
   0.809
   0.809
   0.836
   0.855
   0.873
   0.903
   0.938
   0.973
   1.009
   1.058
   1.108
   1.157
   1.188
   1.209
   1.224
   1.240
   1.257
   1.252
   1.260
   1.275
   1.307
   1.382
   1.442
   1.506
   1.575
   1.641
   1.694
   1.738
   1.779
   1.815
   1.850
   1.878
   1.920
   1.955
   1.986
   2.021
   2.059
   2.086
   2.104
   2.112
   2.107
   2.096
   2.079
   2.055
   2.022
   1.986
   1.932
   1.841
   1.630
   0.000
 -65.534
 -65.534
 -65.534
 -65.534
 -65.534
 -65.534
 -65.534
 -65.534
 -65.534
 -65.534
 -65.534
 -65.534
 -65.534
 -65.534
 -65.534
 -65.534
 -65.534
 -65.534
 -65.534
 -65.534
   0.816
   0.817
   0.826
   0.836
   0.862
   0.887
   0.913
   0.944
   0.982
   1.027
   1.068
   1.090
   1.090
   1.073
   1.032
   0.914
 -65.534
 -65.534
 -65.534
 -65.534
   1.195
   1.294
   1.411
   1.493
   1.566
   1.628
   1.673
   1.711
   1.742
   1.774
   1.804
   1.841
   1.868
   1.895
   1.931
   1.963
   1.989
   2.008
   2.022
   2.022
   2.013
   1.995
   1.973
   1.947
   1.917
   1.867
   1.776
   1.559
   0.000
 -65.534
 -65.534
 -65.534
 -65.534
 -65.534
 -65.534
 -65.534
 -65.534
 -65.534
 -65.534
 -65.534
 -65.534
 -65.534
 -65.534
 -65.534
 -65.534
 -65.534
 -65.534
 -65.534
 -65.534
 -65.534
 -65.534
 -65.534
 -65.534
   0.799
   0.831
   0.862
   0.891
   0.921
   0.947
   0.972
   0.973
   0.951
   0.907
   0.832
   0.708
 -65.534
 -65.534
 -65.534
 -65.534
 -65.534
 -65.534
   1.223
   1.383
   1.467
   1.530
   1.569
   1.603
   1.637
   1.672
   1.707
   1.736
   1.765
   1.793
   1.829
   1.866
   1.900
   1.925
   1.937
   1.934
   1.919
   1.902
   1.878
   1.852
   1.823
   1.780
   1.696
   1.492
   0.000
 -65.534
 -65.534
 -65.534
 -65.534
 -65.534
 -65.534
 -65.534
 -65.534
 -65.534
 -65.534
 -65.534
 -65.534
 -65.534
 -65.534
 -65.534
 -65.534
 -65.534
 -65.534
 -65.534
 -65.534
 -65.534
 -65.534
 -65.534
 -65.534
   0.736
   0.757
   0.783
   0.810
   0.832
   0.862
   0.868
   0.850
   0.812
   0.759
   0.700
   0.613
 -65.534
 -65.534
 -65.534
 -65.534
 -65.534
 -65.534
 -65.534
   1.224
   1.336
   1.365
   1.429
   1.456
   1.489
   1.526
   1.565
   1.601
   1.637
   1.674
   1.720
   1.766
   1.805
   1.827
   1.837
   1.832
   1.821
   1.802
   1.782
   1.757
   1.723
   1.678
   1.608
   1.421
   0.000
 -65.534
 -65.534
 -65.534
 -65.534
 -65.534
 -65.534
 -65.534
 -65.534
 -65.534
 -65.534
 -65.534
 -65.534
 -65.534
 -65.534
 -65.534
 -65.534
 -65.534
 -65.534
 -65.534
 -65.534
 -65.534
 -65.534
 -65.534
 -65.534
 -65.534
 -65.534
 -65.534
 -65.534
 -65.534
   0.707
   0.699
   0.686
   0.684
   0.648
   0.607
   0.541
   0.257
 -65.534
 -65.534
 -65.534
 -65.534
 -65.534
 -65.534
   0.924
   0.879
 -65.534
   1.191
   1.246
   1.287
   1.379
   1.432
   1.473
   1.513
   1.554
   1.602
   1.653
   1.697
   1.721
   1.724
   1.723
   1.711
   1.693
   1.676
   1.656
   1.629
   1.589
   1.534
   1.383
   0.000
 -65.534
 -65.534
 -65.534
 -65.534
 -65.534
 -65.534
 -65.534
 -65.534
 -65.534
 -65.534
 -65.534
 -65.534
 -65.534
 -65.534
 -65.534
 -65.534
 -65.534
 -65.534
 -65.534
 -65.534
 -65.534
 -65.534
 -65.534
 -65.534
 -65.534
 -65.534
 -65.534
 -65.534
 -65.534
 -65.534
 -65.534
 -65.534
   0.552
   0.549
   0.532
   0.479
   0.316
   0.187
 -65.534
 -65.534
 -65.534
 -65.534
 -65.534
 -65.534
 -65.534
 -65.534
 -65.534
 -65.534
 -65.534
   1.126
   1.209
   1.261
   1.361
   1.406
   1.463
   1.523
   1.575
   1.590
   1.593
   1.594
   1.589
   1.577
   1.572
   1.570
   1.563
   1.540
   1.504
   1.391
   0.000
 -65.534
 -65.534
 -65.534
 -65.534
 -65.534
 -65.534
 -65.534
 -65.534
 -65.534
 -65.534
 -65.534
 -65.534
 -65.534
 -65.534
 -65.534
 -65.534
 -65.534
 -65.534
 -65.534
 -65.534
 -65.534
 -65.534
 -65.534
 -65.534
 -65.534
 -65.534
 -65.534
 -65.534
 -65.534
 -65.534
 -65.534
 -65.534
   0.393
   0.405
   0.400
   0.368
   0.302
   0.228
   0.165
   0.127
 -65.534
 -65.534
 -65.534
 -65.534
 -65.534
 -65.534
 -65.534
 -65.534
 -65.534
 -65.534
 -65.534
 -65.534
   1.062
   1.125
   1.205
   1.351
   1.422
   1.437
   1.443
   1.450
   1.457
   1.466
   1.484
   1.501
   1.522
   1.526
   1.514
   1.434
   0.000
 -65.534
 -65.534
 -65.534
 -65.534
 -65.534
 -65.534
 -65.534
 -65.534
 -65.534
 -65.534
 -65.534
 -65.534
 -65.534
 -65.534
 -65.534
 -65.534
 -65.534
 -65.534
 -65.534
 -65.534
 -65.534
 -65.534
 -65.534
 -65.534
 -65.534
 -65.534
 -65.534
 -65.534
 -65.534
 -65.534
 -65.534
 -65.534
 -65.534
 -65.534
 -65.534
 -65.534
   0.207
   0.202
   0.183
   0.163
   0.132
   0.117
   0.115
   0.102
   0.095
 -65.534
 -65.534
 -65.534
 -65.534
 -65.534
 -65.534
 -65.534
 -65.534
 -65.534
 -65.534
   1.131
   1.229
   1.260
   1.273
   1.297
   1.330
   1.360
   1.394
   1.434
   1.479
   1.510
   1.517
   1.485
   0.000
 -65.534
 -65.534
 -65.534
 -65.534
 -65.534
 -65.534
 -65.534
 -65.534
 -65.534
 -65.534
 -65.534
 -65.534
 -65.534
 -65.534
 -65.534
 -65.534
 -65.534
 -65.534
 -65.534
 -65.534
 -65.534
 -65.534
 -65.534
 -65.534
 -65.534
 -65.534
 -65.534
 -65.534
 -65.534
 -65.534
 -65.534
 -65.534
 -65.534
 -65.534
 -65.534
 -65.534
 -65.534
 -65.534
 -65.534
 -65.534
   0.088
 -65.534
 -65.534
 -65.534
 -65.534
 -65.534
 -65.534
 -65.534
 -65.534
 -65.534
 -65.534
 -65.534
 -65.534
 -65.534
 -65.534
   0.944
   0.981
   0.986
   1.018
   1.102
   1.176
   1.229
   1.280
   1.347
   1.407
   1.463
   1.489
   1.464
   0.000
 -65.534
 -65.534
 -65.534
 -65.534
 -65.534
 -65.534
 -65.534
 -65.534
 -65.534
 -65.534
 -65.534
 -65.534
 -65.534
 -65.534
 -65.534
 -65.534
 -65.534
 -65.534
 -65.534
 -65.534
 -65.534
 -65.534
 -65.534
 -65.534
 -65.534
 -65.534
 -65.534
 -65.534
 -65.534
 -65.534
 -65.534
 -65.534
 -65.534
 -65.534
 -65.534
 -65.534
 -65.534
 -65.534
 -65.534
 -65.534
 -65.534
 -65.534
 -65.534
 -65.534
 -65.534
 -65.534
 -65.534
 -65.534
 -65.534
 -65.534
 -65.534
 -65.534
 -65.534
 -65.534
 -65.534
 -65.534
 -65.534
 -65.534
 -65.534
   0.879
   0.927
   0.953
   1.026
   1.105
   1.200
   1.285
   1.322
   1.333
   0.000
 -65.534
 -65.534
 -65.534
 -65.534
 -65.534
 -65.534
 -65.534
 -65.534
 -65.534
 -65.534
 -65.534
 -65.534
 -65.534
 -65.534
 -65.534
 -65.534
 -65.534
 -65.534
 -65.534
 -65.534
 -65.534
 -65.534
 -65.534
 -65.534
 -65.534
 -65.534
 -65.534
 -65.534
 -65.534
 -65.534
 -65.534
 -65.534
 -65.534
 -65.534
 -65.534
 -65.534
 -65.534
 -65.534
 -65.534
 -65.534
 -65.534
 -65.534
 -65.534
 -65.534
 -65.534
 -65.534
 -65.534
 -65.534
 -65.534
 -65.534
 -65.534
 -65.534
 -65.534
 -65.534
 -65.534
 -65.534
 -65.534
 -65.534
 -65.534
 -65.534
 -65.534
   0.000
   0.000
   0.000
   0.000
   0.000
   0.000
   0.000
 -65.534
