 -65.534
   0.000
   0.000
   0.000
   0.000
   0.000
   0.000
   0.000
   0.000
   0.000
   0.000
   0.000
   0.000
   0.000
   0.000
   0.000
   0.000
   0.000
   0.000
   0.000
   0.000
   0.000
   0.000
   0.000
   0.000
   0.000
   0.000
   0.000
   0.000
   0.000
   0.000
   0.000
   0.000
   0.000
   0.000
   0.000
   0.000
   0.000
   0.000
   0.000
   0.000
   0.000
   0.000
   0.000
   0.000
   0.000
   0.000
   0.000
   0.000
   0.000
   0.000
   0.000
   0.000
   0.000
   0.000
   0.000
   0.000
   0.000
   0.000
   0.000
   0.000
   0.000
   0.000
   0.000
   0.000
   0.000
   0.000
   0.000
 -65.534
   0.000
   1.811
   2.013
   2.105
   2.190
   2.257
   2.307
   2.345
   2.373
   2.400
   2.424
   2.452
   2.471
   2.488
   2.495
   2.506
   2.519
   2.551
   2.609
   2.683
   2.771
   2.859
   2.948
   3.046
   3.077
   3.078
   3.087
   3.107
   3.120
   3.138
   3.157
   3.186
   3.230
   3.278
   3.317
   3.352
   3.390
   3.425
   3.445
   3.432
   3.411
   3.375
   3.334
   3.289
   3.281
   3.297
   3.346
   3.398
   3.470
   3.558
   3.628
   3.721
   3.844
   3.942
   4.101
   4.263
   4.404
   4.515
   4.609
   4.687
   4.734
   4.756
   4.762
   4.763
   4.746
   4.739
   4.768
   4.675
   0.000
   0.000
   1.914
   2.090
   2.164
   2.244
   2.310
   2.368
   2.418
   2.452
   2.490
   2.530
   2.567
   2.596
   2.620
   2.637
   2.652
   2.671
   2.713
   2.774
   2.854
   2.941
   3.036
   3.134
   3.234
   3.278
   3.292
   3.297
   3.311
   3.337
   3.369
   3.416
   3.468
   3.528
   3.600
   3.669
   3.735
   3.798
   3.863
   3.894
   3.905
   3.901
   3.873
   3.814
   3.752
   3.718
   3.743
   3.816
   3.905
   4.003
   4.103
   4.203
   4.321
   4.472
   4.627
   4.789
   4.953
   5.122
   5.274
   5.416
   5.531
   5.609
   5.653
   5.668
   5.673
   5.668
   5.642
   5.644
   5.514
   0.000
   0.000
   1.889
   2.043
   2.104
   2.169
   2.230
   2.286
   2.343
   2.389
   2.436
   2.492
   2.545
   2.595
   2.632
   2.657
   2.680
   2.708
   2.752
   2.815
   2.894
   2.981
   3.074
   3.172
   3.262
   3.318
   3.338
   3.349
   3.366
   3.384
   3.418
   3.476
   3.545
   3.635
   3.739
   3.826
   3.911
   3.993
   4.061
   4.109
   4.128
   4.132
   4.097
   4.037
   3.957
   3.900
   3.917
   4.008
   4.117
   4.223
   4.338
   4.460
   4.600
   4.755
   4.926
   5.115
   5.291
   5.463
   5.629
   5.789
   5.927
   6.021
   6.084
   6.124
   6.139
   6.118
   6.095
   6.087
   5.916
   0.000
   0.000
   1.865
   2.002
   2.043
   2.088
   2.135
   2.183
   2.237
   2.289
   2.350
   2.420
   2.486
   2.554
   2.606
   2.647
   2.682
   2.718
   2.772
   2.842
   2.924
   3.008
   3.098
   3.190
   3.272
   3.328
   3.354
   3.381
   3.393
   3.411
   3.448
   3.513
   3.605
   3.713
   3.840
   3.963
   4.063
   4.160
   4.241
   4.284
   4.318
   4.329
   4.302
   4.237
   4.153
   4.085
   4.077
   4.153
   4.272
   4.400
   4.526
   4.675
   4.843
   5.011
   5.189
   5.379
   5.583
   5.751
   5.905
   6.074
   6.232
   6.358
   6.433
   6.497
   6.505
   6.507
   6.473
   6.451
   6.264
   0.000
   0.000
   1.839
   1.962
   1.992
   2.024
   2.058
   2.090
   2.134
   2.191
   2.259
   2.334
   2.410
   2.482
   2.546
   2.603
   2.652
   2.702
   2.763
   2.843
   2.920
   3.003
   3.083
   3.175
   3.254
   3.305
   3.338
   3.374
   3.392
   3.408
   3.452
   3.529
   3.635
   3.769
   3.922
   4.068
   4.185
   4.286
   4.370
   4.427
   4.466
   4.483
   4.472
   4.419
   4.346
   4.266
   4.240
   4.275
   4.385
   4.525
   4.670
   4.836
   5.038
   5.229
   5.420
   5.621
   5.821
   6.001
   6.173
   6.345
   6.492
   6.627
   6.740
   6.804
   6.839
   6.836
   6.790
   6.772
   6.558
   0.000
   0.000
   1.801
   1.923
   1.951
   1.977
   1.997
   2.021
   2.062
   2.115
   2.182
   2.258
   2.335
   2.413
   2.485
   2.543
   2.601
   2.665
   2.729
   2.806
   2.883
   2.960
   3.041
   3.122
   3.195
   3.251
   3.299
   3.335
   3.358
   3.379
   3.426
   3.520
   3.640
   3.796
   3.956
   4.127
   4.265
   4.391
   4.479
   4.546
   4.589
   4.624
   4.634
   4.601
   4.529
   4.449
   4.404
   4.409
   4.478
   4.609
   4.767
   4.953
   5.169
   5.391
   5.614
   5.839
   6.049
   6.247
   6.417
   6.565
   6.723
   6.883
   6.987
   7.049
   7.071
   7.079
   7.063
   7.032
   6.803
   0.000
   0.000
   1.740
   1.872
   1.910
   1.936
   1.953
   1.974
   2.005
   2.054
   2.120
   2.198
   2.275
   2.350
   2.422
   2.488
   2.548
   2.610
   2.676
   2.747
   2.820
   2.897
   2.970
   3.050
   3.127
   3.180
   3.225
   3.262
   3.282
   3.306
   3.363
   3.472
   3.610
   3.776
   3.944
   4.134
   4.289
   4.435
   4.557
   4.646
   4.705
   4.751
   4.779
   4.769
   4.720
   4.644
   4.560
   4.536
   4.574
   4.659
   4.823
   5.029
   5.256
   5.498
   5.736
   5.968
   6.212
   6.412
   6.593
   6.747
   6.900
   7.031
   7.163
   7.232
   7.273
   7.275
   7.256
   7.224
   7.006
   0.000
   0.000
   1.641
   1.792
   1.845
   1.886
   1.910
   1.932
   1.958
   2.003
   2.069
   2.146
   2.220
   2.294
   2.367
   2.426
   2.486
   2.543
   2.607
   2.673
   2.744
   2.816
   2.892
   2.966
   3.048
   3.102
   3.134
   3.162
   3.184
   3.211
   3.274
   3.397
   3.546
   3.717
   3.905
   4.088
   4.262
   4.429
   4.576
   4.696
   4.799
   4.872
   4.907
   4.911
   4.880
   4.814
   4.731
   4.679
   4.680
   4.742
   4.880
   5.071
   5.287
   5.554
   5.791
   6.043
   6.286
   6.504
   6.691
   6.825
   7.016
   7.152
   7.264
   7.343
   7.395
   7.414
   7.393
   7.363
   7.120
   0.000
   0.000
   1.495
   1.664
   1.741
   1.804
   1.841
   1.870
   1.905
   1.954
   2.017
   2.095
   2.169
   2.239
   2.302
   2.365
   2.419
   2.471
   2.526
   2.587
   2.656
   2.734
   2.810
   2.890
   2.965
   3.013
   3.038
   3.057
   3.076
   3.107
   3.190
   3.321
   3.474
   3.653
   3.852
   4.034
   4.208
   4.385
   4.551
   4.699
   4.844
   4.956
   5.008
   5.016
   4.989
   4.938
   4.861
   4.802
   4.794
   4.841
   4.942
   5.062
   5.317
   5.544
   5.788
   6.040
   6.287
   6.517
   6.717
   6.879
   7.039
   7.198
   7.316
   7.396
   7.459
   7.474
   7.469
   7.448
   7.213
   0.000
   0.000
   1.333
   1.508
   1.604
   1.689
   1.745
   1.792
   1.836
   1.892
   1.959
   2.035
   2.110
   2.180
   2.244
   2.299
   2.352
   2.399
   2.451
   2.508
   2.576
   2.648
   2.727
   2.810
   2.884
   2.923
   2.944
   2.956
   2.973
   3.025
   3.121
   3.258
   3.413
   3.588
   3.791
   3.980
   4.151
   4.325
   4.501
   4.669
   4.838
   4.989
   5.067
   5.071
   5.046
   5.000
   4.927
   4.887
   4.893
   4.928
   4.952
   5.037
   5.342
   5.510
   5.702
   5.921
   6.211
   6.471
   6.677
   6.842
   7.010
   7.164
   7.302
   7.389
   7.459
   7.499
   7.505
   7.486
   7.265
   0.000
   0.000
   1.192
   1.351
   1.460
   1.554
   1.630
   1.694
   1.752
   1.809
   1.880
   1.959
   2.036
   2.109
   2.174
   2.234
   2.284
   2.332
   2.379
   2.433
   2.499
   2.573
   2.649
   2.729
   2.802
   2.846
   2.870
   2.890
   2.921
   2.978
   3.076
   3.213
   3.371
   3.550
   3.743
   3.938
   4.111
   4.265
   4.437
   4.610
   4.792
   4.961
   5.068
   5.074
   5.024
   4.984
   4.944
   4.909
   4.930
   4.983
   4.967
   5.033
   5.307
   5.436
   5.614
   5.830
   6.060
   6.334
   6.580
   6.757
   6.923
   7.097
   7.243
   7.352
   7.430
   7.491
   7.516
   7.496
   7.277
   0.000
   0.000
   1.077
   1.231
   1.326
   1.418
   1.498
   1.575
   1.646
   1.713
   1.787
   1.866
   1.941
   2.019
   2.093
   2.156
   2.212
   2.260
   2.313
   2.366
   2.433
   2.501
   2.578
   2.654
   2.732
   2.786
   2.826
   2.864
   2.904
   2.964
   3.055
   3.191
   3.346
   3.526
   3.712
   3.898
   4.061
   4.212
   4.362
   4.531
   4.707
   4.889
   5.017
   5.045
   4.972
   4.921
   4.890
   4.888
   4.891
   4.939
   4.967
   5.052
   5.304
   5.447
   5.564
   5.743
   5.934
   6.159
   6.448
   6.646
   6.828
   7.023
   7.173
   7.300
   7.411
   7.489
   7.519
   7.487
   7.235
   0.000
 -65.534
 -65.534
   1.091
   1.209
   1.285
   1.366
   1.446
   1.525
   1.599
   1.676
   1.756
   1.831
   1.906
   1.982
   2.052
   2.115
   2.172
   2.230
   2.289
   2.358
   2.426
   2.501
   2.580
   2.660
   2.726
   2.790
   2.851
   2.908
   2.968
   3.058
   3.181
   3.317
   3.497
   3.685
   3.857
   3.998
   4.141
   4.286
   4.448
   4.617
   4.780
   4.910
   4.937
   4.860
   4.815
   4.792
   4.782
   4.800
   4.850
   4.924
   5.040
   5.225
   5.408
   5.489
   5.636
   5.805
   5.983
   6.255
   6.502
   6.727
   6.932
   7.110
   7.270
   7.401
   7.477
   7.487
   7.459
   7.220
   0.000
 -65.534
 -65.534
 -65.534
   1.053
   1.149
   1.231
   1.316
   1.396
   1.471
   1.544
   1.621
   1.696
   1.768
   1.840
   1.913
   1.985
   2.049
   2.117
   2.185
   2.260
   2.333
   2.407
   2.491
   2.583
   2.666
   2.752
   2.838
   2.911
   2.982
   3.061
   3.170
   3.300
   3.457
   3.610
   3.746
   3.926
   4.066
   4.198
   4.362
   4.529
   4.670
   4.778
   4.772
   4.695
   4.654
   4.630
   4.620
   4.652
   4.718
   4.811
   4.972
   5.111
   5.290
   5.391
   5.470
   5.641
   5.854
   6.086
   6.337
   6.593
   6.840
   7.055
   7.227
   7.373
   7.444
   7.441
   7.429
   7.202
   0.000
 -65.534
 -65.534
 -65.534
 -65.534
   0.989
   1.099
   1.180
   1.255
   1.327
   1.396
   1.468
   1.539
   1.613
   1.682
   1.759
   1.828
   1.901
   1.970
   2.042
   2.116
   2.190
   2.270
   2.362
   2.464
   2.568
   2.676
   2.784
   2.884
   2.961
   3.040
   3.130
   3.245
   3.374
   3.508
   3.638
   3.795
   3.926
   4.108
   4.267
   4.422
   4.562
   4.632
   4.564
   4.484
   4.449
   4.444
   4.438
   4.478
   4.565
   4.666
   4.834
   4.977
   5.075
   5.227
   5.321
   5.467
   5.689
   5.933
   6.198
   6.483
   6.762
   6.992
   7.181
   7.328
   7.386
   7.408
   7.372
   7.174
   0.000
 -65.534
 -65.534
 -65.534
 -65.534
   0.892
   0.979
   1.051
   1.111
   1.170
   1.235
   1.301
   1.371
   1.443
   1.520
   1.593
   1.663
   1.729
   1.794
   1.859
   1.927
   1.997
   2.078
   2.168
   2.276
   2.392
   2.521
   2.649
   2.764
   2.859
   2.951
   3.042
   3.137
   3.251
   3.370
   3.494
   3.632
   3.770
   3.935
   4.060
   4.215
   4.372
   4.444
   4.354
   4.242
   4.201
   4.224
   4.237
   4.301
   4.397
   4.526
   4.662
   4.789
   4.906
   5.037
   5.188
   5.333
   5.551
   5.797
   6.086
   6.389
   6.682
   6.932
   7.133
   7.243
   7.290
   7.311
   7.317
   7.122
   0.000
 -65.534
 -65.534
 -65.534
 -65.534
   0.834
   0.895
   0.945
   0.990
   1.030
   1.091
   1.150
   1.211
   1.278
   1.356
   1.432
   1.498
   1.550
   1.607
   1.661
   1.718
   1.778
   1.846
   1.926
   2.028
   2.140
   2.268
   2.410
   2.547
   2.663
   2.772
   2.877
   2.963
   3.061
   3.169
   3.293
   3.421
   3.560
   3.696
   3.801
   3.908
   4.021
   4.100
   4.149
   4.065
   3.987
   3.990
   3.991
   4.065
   4.185
   4.321
   4.451
   4.585
   4.715
   4.869
   5.034
   5.199
   5.419
   5.684
   5.994
   6.319
   6.625
   6.885
   7.054
   7.142
   7.187
   7.214
   7.213
   7.024
   0.000
 -65.534
 -65.534
 -65.534
 -65.534
   0.814
   0.855
   0.890
   0.909
   0.940
   0.982
   1.030
   1.083
   1.139
   1.206
   1.275
   1.332
   1.380
   1.429
   1.474
   1.516
   1.562
   1.617
   1.681
   1.765
   1.865
   1.980
   2.111
   2.246
   2.382
   2.511
   2.618
   2.716
   2.812
   2.901
   3.010
   3.133
   3.262
   3.374
   3.466
   3.539
   3.597
   3.685
   3.762
   3.772
   3.763
   3.773
   3.799
   3.833
   3.919
   4.039
   4.171
   4.322
   4.498
   4.666
   4.845
   5.048
   5.302
   5.595
   5.930
   6.270
   6.595
   6.844
   6.965
   7.035
   7.078
   7.082
   7.105
   6.898
   0.000
 -65.534
 -65.534
 -65.534
 -65.534
 -65.534
 -65.534
 -65.534
 -65.534
   0.843
   0.904
   0.944
   0.981
   1.025
   1.078
   1.137
   1.184
   1.228
   1.271
   1.315
   1.355
   1.390
   1.429
   1.475
   1.537
   1.614
   1.708
   1.821
   1.943
   2.071
   2.196
   2.311
   2.407
   2.492
   2.582
   2.668
   2.776
   2.880
   2.979
   3.062
   3.129
   3.195
   3.274
   3.335
   3.401
   3.495
   3.528
   3.545
   3.600
   3.717
   3.839
   3.974
   4.148
   4.327
   4.501
   4.694
   4.919
   5.206
   5.525
   5.880
   6.236
   6.560
   6.770
   6.873
   6.925
   6.946
   6.954
   6.977
   6.750
   0.000
 -65.534
 -65.534
 -65.534
 -65.534
 -65.534
 -65.534
   0.415
   0.587
   0.819
   0.862
   0.897
   0.927
   0.960
   0.997
   1.035
   1.077
   1.121
   1.162
   1.205
   1.243
   1.277
   1.304
   1.333
   1.372
   1.422
   1.498
   1.587
   1.692
   1.807
   1.917
   2.014
   2.095
   2.167
   2.236
   2.305
   2.386
   2.479
   2.562
   2.642
   2.720
   2.804
   2.895
   2.986
   3.095
   3.206
   3.275
   3.333
   3.457
   3.544
   3.625
   3.781
   3.956
   4.148
   4.345
   4.566
   4.809
   5.120
   5.466
   5.821
   6.163
   6.457
   6.629
   6.723
   6.740
   6.773
   6.800
   6.807
   6.591
   0.000
 -65.534
 -65.534
 -65.534
 -65.534
 -65.534
 -65.534
 -65.534
 -65.534
 -65.534
   0.836
   0.878
   0.914
   0.944
   0.968
   0.984
   1.023
   1.067
   1.114
   1.156
   1.191
   1.216
   1.234
   1.258
   1.289
   1.328
   1.379
   1.445
   1.529
   1.618
   1.706
   1.779
   1.840
   1.889
   1.939
   1.984
   2.045
   2.116
   2.188
   2.275
   2.371
   2.475
   2.581
   2.701
   2.824
   2.944
   3.057
   3.173
   3.292
   3.414
   3.546
   3.703
   3.895
   4.078
   4.288
   4.501
   4.743
   5.052
   5.392
   5.726
   6.019
   6.248
   6.393
   6.489
   6.535
   6.551
   6.589
   6.622
   6.378
   0.000
 -65.534
 -65.534
 -65.534
 -65.534
 -65.534
 -65.534
 -65.534
 -65.534
 -65.534
 -65.534
 -65.534
 -65.534
 -65.534
 -65.534
 -65.534
   0.982
   1.060
   1.101
   1.120
   1.146
   1.191
   1.217
   1.238
   1.264
   1.298
   1.345
   1.400
   1.458
   1.523
   1.588
   1.642
   1.680
   1.707
   1.738
   1.769
   1.802
   1.855
   1.920
   2.014
   2.123
   2.241
   2.367
   2.492
   2.622
   2.755
   2.883
   3.028
   3.190
   3.332
   3.492
   3.674
   3.875
   4.080
   4.295
   4.496
   4.705
   4.981
   5.281
   5.550
   5.814
   5.964
   6.103
   6.204
   6.259
   6.288
   6.354
   6.406
   6.124
   0.000
 -65.534
 -65.534
 -65.534
 -65.534
 -65.534
 -65.534
 -65.534
 -65.534
 -65.534
 -65.534
 -65.534
 -65.534
 -65.534
 -65.534
 -65.534
 -65.534
 -65.534
 -65.534
 -65.534
   1.062
   1.169
   1.228
   1.272
   1.308
   1.342
   1.377
   1.426
   1.479
   1.530
   1.570
   1.604
   1.627
   1.644
   1.659
   1.682
   1.704
   1.738
   1.790
   1.868
   1.978
   2.106
   2.236
   2.374
   2.512
   2.651
   2.791
   2.940
   3.112
   3.304
   3.462
   3.663
   3.878
   4.104
   4.317
   4.513
   4.683
   4.894
   5.128
   5.324
   5.444
   5.513
   5.621
   5.694
   5.767
   5.814
   6.100
   6.172
   5.857
   0.000
 -65.534
 -65.534
 -65.534
 -65.534
 -65.534
 -65.534
 -65.534
 -65.534
 -65.534
 -65.534
 -65.534
 -65.534
 -65.534
 -65.534
 -65.534
 -65.534
 -65.534
 -65.534
   0.708
   1.137
   1.202
   1.263
   1.322
   1.379
   1.424
   1.468
   1.513
   1.557
   1.597
   1.627
   1.651
   1.666
   1.681
   1.694
   1.709
   1.726
   1.758
   1.806
   1.876
   1.975
   2.107
   2.254
   2.404
   2.543
   2.675
   2.807
   2.950
   3.120
   3.298
   3.507
   3.708
   3.911
   4.131
   4.347
   4.500
   4.624
   4.757
   4.901
   5.000
   5.044
   5.089
   5.188
   5.284
   5.386
   5.475
   5.612
   5.661
   5.315
   0.000
 -65.534
 -65.534
 -65.534
 -65.534
 -65.534
 -65.534
 -65.534
 -65.534
 -65.534
 -65.534
 -65.534
 -65.534
 -65.534
 -65.534
 -65.534
 -65.534
 -65.534
   0.661
   1.053
   1.216
   1.272
   1.327
   1.394
   1.471
   1.530
   1.575
   1.622
   1.667
   1.702
   1.734
   1.754
   1.767
   1.787
   1.808
   1.825
   1.841
   1.863
   1.899
   1.965
   2.057
   2.186
   2.337
   2.494
   2.646
   2.771
   2.892
   3.007
   3.154
   3.342
   3.523
   3.738
   3.942
   4.133
   4.318
   4.436
   4.529
   4.581
   4.618
   4.633
   4.654
   4.700
   4.796
   4.918
   5.046
   5.154
   5.237
   5.279
   4.960
   0.000
 -65.534
 -65.534
 -65.534
 -65.534
 -65.534
 -65.534
 -65.534
 -65.534
 -65.534
 -65.534
 -65.534
 -65.534
 -65.534
 -65.534
 -65.534
 -65.534
 -65.534
   0.981
   1.192
   1.282
   1.343
   1.398
   1.465
   1.548
   1.622
   1.674
   1.725
   1.772
   1.817
   1.857
   1.890
   1.909
   1.933
   1.953
   1.964
   1.974
   1.990
   2.012
   2.065
   2.144
   2.267
   2.418
   2.581
   2.740
   2.876
   2.982
   3.085
   3.212
   3.363
   3.541
   3.716
   3.856
   3.976
   4.138
   4.197
   4.224
   4.263
   4.276
   4.260
   4.278
   4.344
   4.463
   4.588
   4.699
   4.800
   4.892
   4.935
   4.606
   0.000
 -65.534
 -65.534
 -65.534
 -65.534
 -65.534
 -65.534
 -65.534
 -65.534
 -65.534
 -65.534
 -65.534
 -65.534
 -65.534
 -65.534
 -65.534
 -65.534
 -65.534
   1.139
   1.277
   1.348
   1.407
   1.467
   1.539
   1.620
   1.706
   1.760
   1.808
   1.860
   1.912
   1.965
   2.011
   2.039
   2.066
   2.088
   2.100
   2.110
   2.118
   2.135
   2.169
   2.237
   2.347
   2.489
   2.647
   2.797
   2.932
   3.036
   3.124
   3.238
   3.360
   3.517
   3.665
   3.725
   3.855
   3.942
   3.978
   3.983
   3.973
   3.963
   3.973
   4.007
   4.081
   4.180
   4.277
   4.371
   4.424
   4.507
   4.532
   4.264
   0.000
 -65.534
 -65.534
 -65.534
 -65.534
 -65.534
 -65.534
 -65.534
 -65.534
 -65.534
 -65.534
 -65.534
 -65.534
 -65.534
 -65.534
 -65.534
 -65.534
 -65.534
   1.285
   1.344
   1.424
   1.485
   1.553
   1.629
   1.699
   1.767
   1.844
   1.893
   1.944
   2.003
   2.061
   2.116
   2.149
   2.182
   2.208
   2.231
   2.251
   2.260
   2.275
   2.304
   2.363
   2.462
   2.589
   2.722
   2.850
   2.963
   3.061
   3.148
   3.232
   3.321
   3.445
   3.547
   3.598
   3.681
   3.721
   3.720
   3.717
   3.701
   3.733
   3.758
   3.821
   3.877
   3.945
   4.006
   4.062
   4.099
   4.151
   4.172
   3.917
   0.000
 -65.534
 -65.534
 -65.534
 -65.534
 -65.534
 -65.534
 -65.534
 -65.534
 -65.534
 -65.534
 -65.534
 -65.534
 -65.534
 -65.534
 -65.534
 -65.534
 -65.534
 -65.534
   1.444
   1.490
   1.570
   1.645
   1.717
   1.786
   1.844
   1.906
   1.965
   2.022
   2.084
   2.155
   2.217
   2.253
   2.292
   2.328
   2.359
   2.381
   2.393
   2.407
   2.441
   2.505
   2.600
   2.705
   2.817
   2.925
   3.022
   3.100
   3.172
   3.229
   3.302
   3.379
   3.443
   3.464
   3.506
   3.508
   3.501
   3.496
   3.532
   3.573
   3.631
   3.681
   3.712
   3.749
   3.783
   3.810
   3.830
   3.832
   3.827
   3.563
   0.000
 -65.534
 -65.534
 -65.534
 -65.534
 -65.534
 -65.534
 -65.534
 -65.534
 -65.534
 -65.534
 -65.534
 -65.534
 -65.534
 -65.534
 -65.534
 -65.534
 -65.534
 -65.534
 -65.534
   1.584
   1.651
   1.734
   1.805
   1.862
   1.913
   1.970
   2.030
   2.097
   2.175
   2.261
   2.331
   2.385
   2.419
   2.449
   2.487
   2.531
   2.545
   2.564
   2.608
   2.663
   2.733
   2.805
   2.891
   2.981
   3.063
   3.137
   3.196
   3.238
   3.282
   3.312
   3.363
   3.348
   3.346
   3.350
   3.358
   3.373
   3.402
   3.460
   3.502
   3.554
   3.582
   3.594
   3.597
   3.592
   3.577
   3.558
   3.493
   3.181
   0.000
 -65.534
 -65.534
 -65.534
 -65.534
 -65.534
 -65.534
 -65.534
 -65.534
 -65.534
 -65.534
 -65.534
 -65.534
 -65.534
 -65.534
 -65.534
 -65.534
 -65.534
 -65.534
 -65.534
 -65.534
   1.747
   1.835
   1.904
   1.949
   1.990
   2.048
   2.110
   2.187
   2.275
   2.369
   2.449
   2.509
   2.543
   2.569
   2.578
   2.474
 -65.534
 -65.534
 -65.534
 -65.534
   2.526
   2.763
   2.910
   3.007
   3.095
   3.165
   3.201
   3.221
   3.232
   3.252
   3.271
   3.247
   3.254
   3.295
   3.314
   3.346
   3.360
   3.378
   3.411
   3.448
   3.468
   3.461
   3.443
   3.403
   3.343
   3.266
   3.173
   2.822
   0.000
 -65.534
 -65.534
 -65.534
 -65.534
 -65.534
 -65.534
 -65.534
 -65.534
 -65.534
 -65.534
 -65.534
 -65.534
 -65.534
 -65.534
 -65.534
 -65.534
 -65.534
 -65.534
 -65.534
 -65.534
 -65.534
 -65.534
 -65.534
 -65.534
   1.972
   2.084
   2.168
   2.254
   2.347
   2.443
   2.522
   2.585
   2.617
   2.625
   2.584
   2.414
 -65.534
 -65.534
 -65.534
 -65.534
 -65.534
 -65.534
   2.652
   2.955
   3.085
   3.149
   3.173
   3.171
   3.184
   3.178
   3.159
   3.161
   3.172
   3.179
   3.203
   3.234
   3.253
   3.273
   3.279
   3.268
   3.250
   3.230
   3.194
   3.146
   3.076
   2.974
   2.832
   2.465
   0.000
 -65.534
 -65.534
 -65.534
 -65.534
 -65.534
 -65.534
 -65.534
 -65.534
 -65.534
 -65.534
 -65.534
 -65.534
 -65.534
 -65.534
 -65.534
 -65.534
 -65.534
 -65.534
 -65.534
 -65.534
 -65.534
 -65.534
 -65.534
 -65.534
   1.970
   2.094
   2.193
   2.297
   2.406
   2.491
   2.563
   2.613
   2.632
   2.615
   2.551
   2.392
 -65.534
 -65.534
 -65.534
 -65.534
 -65.534
 -65.534
 -65.534
   2.739
   3.005
   3.068
   3.128
   3.128
   3.132
   3.108
   3.099
   3.099
   3.098
   3.099
   3.114
   3.117
   3.117
   3.099
   3.073
   3.052
   3.028
   2.991
   2.932
   2.846
   2.733
   2.601
   2.443
   2.080
   0.000
 -65.534
 -65.534
 -65.534
 -65.534
 -65.534
 -65.534
 -65.534
 -65.534
 -65.534
 -65.534
 -65.534
 -65.534
 -65.534
 -65.534
 -65.534
 -65.534
 -65.534
 -65.534
 -65.534
 -65.534
 -65.534
 -65.534
 -65.534
 -65.534
 -65.534
 -65.534
 -65.534
 -65.534
 -65.534
   2.359
   2.485
   2.539
   2.580
   2.565
   2.491
   2.313
   1.170
 -65.534
 -65.534
 -65.534
 -65.534
 -65.534
 -65.534
   2.452
   2.705
 -65.534
   2.688
   2.938
   3.003
   3.075
   3.077
   3.071
   3.040
   3.023
   3.001
   2.980
   2.957
   2.925
   2.892
   2.854
   2.801
   2.728
   2.629
   2.500
   2.353
   2.190
   2.014
   1.679
   0.000
 -65.534
 -65.534
 -65.534
 -65.534
 -65.534
 -65.534
 -65.534
 -65.534
 -65.534
 -65.534
 -65.534
 -65.534
 -65.534
 -65.534
 -65.534
 -65.534
 -65.534
 -65.534
 -65.534
 -65.534
 -65.534
 -65.534
 -65.534
 -65.534
 -65.534
 -65.534
 -65.534
 -65.534
 -65.534
 -65.534
 -65.534
 -65.534
   2.401
   2.464
   2.414
   2.217
   1.483
   0.897
 -65.534
 -65.534
 -65.534
 -65.534
 -65.534
 -65.534
 -65.534
 -65.534
 -65.534
 -65.534
 -65.534
   2.530
   2.819
   2.876
   2.977
   2.948
   2.909
   2.843
   2.790
   2.739
   2.677
   2.606
   2.521
   2.417
   2.291
   2.144
   1.991
   1.823
   1.651
   1.373
   0.000
 -65.534
 -65.534
 -65.534
 -65.534
 -65.534
 -65.534
 -65.534
 -65.534
 -65.534
 -65.534
 -65.534
 -65.534
 -65.534
 -65.534
 -65.534
 -65.534
 -65.534
 -65.534
 -65.534
 -65.534
 -65.534
 -65.534
 -65.534
 -65.534
 -65.534
 -65.534
 -65.534
 -65.534
 -65.534
 -65.534
 -65.534
 -65.534
   2.206
   2.266
   2.225
   2.033
   1.581
   1.114
   0.804
   0.708
 -65.534
 -65.534
 -65.534
 -65.534
 -65.534
 -65.534
 -65.534
 -65.534
 -65.534
 -65.534
 -65.534
 -65.534
   2.295
   2.553
   2.569
   2.634
   2.575
   2.496
   2.405
   2.315
   2.213
   2.092
   1.957
   1.811
   1.663
   1.520
   1.378
   1.151
   0.000
 -65.534
 -65.534
 -65.534
 -65.534
 -65.534
 -65.534
 -65.534
 -65.534
 -65.534
 -65.534
 -65.534
 -65.534
 -65.534
 -65.534
 -65.534
 -65.534
 -65.534
 -65.534
 -65.534
 -65.534
 -65.534
 -65.534
 -65.534
 -65.534
 -65.534
 -65.534
 -65.534
 -65.534
 -65.534
 -65.534
 -65.534
 -65.534
 -65.534
 -65.534
 -65.534
 -65.534
   1.306
   1.117
   0.912
   0.780
   0.636
   0.538
   0.494
   0.480
   0.479
 -65.534
 -65.534
 -65.534
 -65.534
 -65.534
 -65.534
 -65.534
 -65.534
 -65.534
 -65.534
   1.984
   2.227
   2.206
   2.128
   2.020
   1.907
   1.784
   1.650
   1.523
   1.399
   1.280
   1.167
   0.991
   0.000
 -65.534
 -65.534
 -65.534
 -65.534
 -65.534
 -65.534
 -65.534
 -65.534
 -65.534
 -65.534
 -65.534
 -65.534
 -65.534
 -65.534
 -65.534
 -65.534
 -65.534
 -65.534
 -65.534
 -65.534
 -65.534
 -65.534
 -65.534
 -65.534
 -65.534
 -65.534
 -65.534
 -65.534
 -65.534
 -65.534
 -65.534
 -65.534
 -65.534
 -65.534
 -65.534
 -65.534
 -65.534
 -65.534
 -65.534
 -65.534
   0.483
 -65.534
 -65.534
 -65.534
 -65.534
 -65.534
 -65.534
 -65.534
 -65.534
 -65.534
 -65.534
 -65.534
 -65.534
 -65.534
 -65.534
   1.343
   1.676
   1.751
   1.707
   1.705
   1.609
   1.475
   1.347
   1.240
   1.149
   1.070
   0.994
   0.860
   0.000
 -65.534
 -65.534
 -65.534
 -65.534
 -65.534
 -65.534
 -65.534
 -65.534
 -65.534
 -65.534
 -65.534
 -65.534
 -65.534
 -65.534
 -65.534
 -65.534
 -65.534
 -65.534
 -65.534
 -65.534
 -65.534
 -65.534
 -65.534
 -65.534
 -65.534
 -65.534
 -65.534
 -65.534
 -65.534
 -65.534
 -65.534
 -65.534
 -65.534
 -65.534
 -65.534
 -65.534
 -65.534
 -65.534
 -65.534
 -65.534
 -65.534
 -65.534
 -65.534
 -65.534
 -65.534
 -65.534
 -65.534
 -65.534
 -65.534
 -65.534
 -65.534
 -65.534
 -65.534
 -65.534
 -65.534
 -65.534
 -65.534
 -65.534
 -65.534
   1.104
   1.194
   1.127
   1.020
   0.942
   0.889
   0.856
   0.833
   0.728
   0.000
 -65.534
 -65.534
 -65.534
 -65.534
 -65.534
 -65.534
 -65.534
 -65.534
 -65.534
 -65.534
 -65.534
 -65.534
 -65.534
 -65.534
 -65.534
 -65.534
 -65.534
 -65.534
 -65.534
 -65.534
 -65.534
 -65.534
 -65.534
 -65.534
 -65.534
 -65.534
 -65.534
 -65.534
 -65.534
 -65.534
 -65.534
 -65.534
 -65.534
 -65.534
 -65.534
 -65.534
 -65.534
 -65.534
 -65.534
 -65.534
 -65.534
 -65.534
 -65.534
 -65.534
 -65.534
 -65.534
 -65.534
 -65.534
 -65.534
 -65.534
 -65.534
 -65.534
 -65.534
 -65.534
 -65.534
 -65.534
 -65.534
 -65.534
 -65.534
 -65.534
 -65.534
   0.000
   0.000
   0.000
   0.000
   0.000
   0.000
   0.000
 -65.534
