 -65.534
   0.000
   0.000
   0.000
   0.000
   0.000
   0.000
   0.000
   0.000
   0.000
   0.000
   0.000
   0.000
   0.000
   0.000
   0.000
   0.000
   0.000
   0.000
   0.000
   0.000
   0.000
   0.000
   0.000
   0.000
   0.000
   0.000
   0.000
   0.000
   0.000
   0.000
   0.000
   0.000
   0.000
   0.000
   0.000
   0.000
   0.000
   0.000
   0.000
   0.000
   0.000
   0.000
   0.000
   0.000
   0.000
   0.000
   0.000
   0.000
   0.000
   0.000
   0.000
   0.000
   0.000
   0.000
   0.000
   0.000
   0.000
   0.000
   0.000
   0.000
   0.000
   0.000
   0.000
   0.000
   0.000
   0.000
   0.000
 -65.534
   0.000
   1.471
   1.644
   1.723
   1.787
   1.825
   1.841
   1.837
   1.812
   1.780
   1.751
   1.721
   1.699
   1.676
   1.650
   1.627
   1.610
   1.629
   1.688
   1.781
   1.903
   2.038
   2.169
   2.329
   2.324
   2.252
   2.194
   2.162
   2.144
   2.155
   2.166
   2.178
   2.212
   2.262
   2.265
   2.287
   2.289
   2.294
   2.308
   2.300
   2.303
   2.314
   2.320
   2.333
   2.353
   2.375
   2.405
   2.443
   2.497
   2.570
   2.645
   2.720
   2.826
   2.937
   3.104
   3.280
   3.460
   3.637
   3.807
   3.971
   4.122
   4.243
   4.345
   4.410
   4.422
   4.397
   4.381
   4.062
   0.000
   0.000
   1.568
   1.721
   1.774
   1.828
   1.863
   1.885
   1.891
   1.884
   1.874
   1.859
   1.846
   1.831
   1.814
   1.792
   1.771
   1.758
   1.772
   1.818
   1.899
   2.005
   2.127
   2.245
   2.378
   2.393
   2.359
   2.318
   2.295
   2.298
   2.321
   2.358
   2.396
   2.438
   2.493
   2.522
   2.535
   2.544
   2.543
   2.530
   2.515
   2.504
   2.502
   2.493
   2.492
   2.499
   2.531
   2.594
   2.671
   2.765
   2.868
   2.969
   3.081
   3.216
   3.373
   3.553
   3.748
   3.960
   4.175
   4.396
   4.614
   4.819
   4.999
   5.156
   5.282
   5.369
   5.398
   5.410
   5.121
   0.000
   0.000
   1.553
   1.689
   1.732
   1.772
   1.800
   1.825
   1.843
   1.854
   1.859
   1.865
   1.866
   1.862
   1.849
   1.830
   1.810
   1.796
   1.807
   1.847
   1.918
   2.013
   2.123
   2.231
   2.321
   2.369
   2.353
   2.332
   2.323
   2.331
   2.356
   2.397
   2.447
   2.511
   2.579
   2.621
   2.655
   2.666
   2.658
   2.648
   2.623
   2.604
   2.582
   2.556
   2.530
   2.517
   2.543
   2.620
   2.723
   2.846
   2.978
   3.115
   3.254
   3.405
   3.576
   3.773
   3.984
   4.207
   4.429
   4.657
   4.888
   5.103
   5.306
   5.491
   5.665
   5.790
   5.866
   5.912
   5.674
   0.000
   0.000
   1.528
   1.654
   1.681
   1.708
   1.730
   1.751
   1.776
   1.794
   1.817
   1.838
   1.851
   1.859
   1.856
   1.843
   1.830
   1.819
   1.831
   1.875
   1.941
   2.028
   2.135
   2.236
   2.306
   2.349
   2.347
   2.348
   2.343
   2.353
   2.379
   2.425
   2.485
   2.560
   2.639
   2.708
   2.753
   2.775
   2.779
   2.757
   2.735
   2.713
   2.684
   2.643
   2.607
   2.578
   2.587
   2.654
   2.771
   2.915
   3.066
   3.224
   3.386
   3.553
   3.735
   3.937
   4.171
   4.399
   4.621
   4.852
   5.090
   5.322
   5.542
   5.765
   5.963
   6.142
   6.266
   6.357
   6.163
   0.000
   0.000
   1.503
   1.618
   1.637
   1.655
   1.668
   1.683
   1.707
   1.735
   1.765
   1.795
   1.818
   1.830
   1.835
   1.830
   1.823
   1.823
   1.844
   1.892
   1.957
   2.040
   2.130
   2.222
   2.294
   2.312
   2.321
   2.342
   2.349
   2.359
   2.389
   2.438
   2.501
   2.583
   2.674
   2.759
   2.817
   2.849
   2.860
   2.847
   2.829
   2.807
   2.782
   2.744
   2.706
   2.666
   2.656
   2.699
   2.808
   2.960
   3.119
   3.284
   3.460
   3.635
   3.824
   4.033
   4.260
   4.493
   4.730
   4.969
   5.212
   5.470
   5.734
   5.986
   6.241
   6.462
   6.634
   6.766
   6.613
   0.000
   0.000
   1.468
   1.580
   1.600
   1.620
   1.627
   1.640
   1.661
   1.690
   1.725
   1.760
   1.786
   1.805
   1.813
   1.816
   1.815
   1.828
   1.854
   1.900
   1.958
   2.026
   2.102
   2.170
   2.221
   2.253
   2.295
   2.325
   2.343
   2.355
   2.383
   2.436
   2.504
   2.589
   2.681
   2.774
   2.853
   2.906
   2.925
   2.923
   2.915
   2.904
   2.891
   2.864
   2.818
   2.768
   2.735
   2.744
   2.821
   2.953
   3.106
   3.277
   3.450
   3.630
   3.822
   4.038
   4.266
   4.504
   4.737
   4.973
   5.241
   5.537
   5.832
   6.132
   6.421
   6.699
   6.933
   7.113
   7.008
   0.000
   0.000
   1.418
   1.542
   1.569
   1.590
   1.599
   1.613
   1.635
   1.665
   1.703
   1.739
   1.768
   1.788
   1.800
   1.810
   1.822
   1.836
   1.866
   1.907
   1.953
   2.009
   2.068
   2.126
   2.175
   2.213
   2.254
   2.291
   2.315
   2.333
   2.365
   2.425
   2.499
   2.588
   2.679
   2.781
   2.864
   2.933
   2.978
   2.998
   3.004
   3.007
   3.005
   2.988
   2.948
   2.888
   2.812
   2.779
   2.805
   2.890
   3.025
   3.186
   3.358
   3.539
   3.734
   3.952
   4.184
   4.419
   4.653
   4.910
   5.198
   5.505
   5.845
   6.190
   6.539
   6.862
   7.143
   7.375
   7.338
   0.000
   0.000
   1.347
   1.482
   1.525
   1.556
   1.573
   1.592
   1.613
   1.644
   1.687
   1.729
   1.759
   1.782
   1.802
   1.815
   1.831
   1.851
   1.880
   1.912
   1.952
   1.995
   2.039
   2.088
   2.139
   2.179
   2.212
   2.245
   2.275
   2.302
   2.345
   2.415
   2.497
   2.589
   2.692
   2.789
   2.874
   2.951
   3.011
   3.055
   3.091
   3.112
   3.116
   3.111
   3.081
   3.019
   2.921
   2.846
   2.826
   2.856
   2.938
   3.062
   3.215
   3.394
   3.591
   3.811
   4.039
   4.270
   4.505
   4.761
   5.089
   5.423
   5.788
   6.175
   6.573
   6.955
   7.288
   7.566
   7.585
   0.000
   0.000
   1.241
   1.394
   1.460
   1.506
   1.533
   1.557
   1.586
   1.625
   1.672
   1.718
   1.753
   1.782
   1.805
   1.827
   1.847
   1.869
   1.893
   1.920
   1.950
   1.984
   2.023
   2.064
   2.110
   2.145
   2.177
   2.209
   2.244
   2.281
   2.344
   2.424
   2.513
   2.609
   2.719
   2.820
   2.908
   2.985
   3.049
   3.099
   3.155
   3.197
   3.216
   3.222
   3.206
   3.158
   3.068
   2.965
   2.908
   2.896
   2.916
   2.956
   3.085
   3.249
   3.432
   3.638
   3.860
   4.090
   4.327
   4.609
   4.939
   5.312
   5.703
   6.124
   6.568
   6.995
   7.373
   7.710
   7.806
   0.000
   0.000
   1.117
   1.279
   1.363
   1.429
   1.473
   1.508
   1.546
   1.592
   1.646
   1.700
   1.744
   1.780
   1.813
   1.842
   1.867
   1.890
   1.913
   1.935
   1.956
   1.978
   2.011
   2.053
   2.098
   2.131
   2.161
   2.193
   2.234
   2.291
   2.367
   2.460
   2.558
   2.657
   2.770
   2.878
   2.970
   3.046
   3.102
   3.150
   3.207
   3.266
   3.300
   3.314
   3.314
   3.286
   3.217
   3.124
   3.040
   2.984
   2.933
   2.901
   3.005
   3.124
   3.269
   3.444
   3.675
   3.917
   4.168
   4.473
   4.829
   5.220
   5.641
   6.078
   6.548
   7.012
   7.431
   7.813
   7.993
   0.000
   0.000
   1.000
   1.154
   1.247
   1.327
   1.386
   1.438
   1.488
   1.539
   1.601
   1.664
   1.718
   1.770
   1.814
   1.854
   1.887
   1.912
   1.933
   1.950
   1.965
   1.983
   2.009
   2.046
   2.092
   2.133
   2.168
   2.210
   2.261
   2.327
   2.411
   2.508
   2.617
   2.732
   2.850
   2.962
   3.058
   3.128
   3.179
   3.213
   3.255
   3.312
   3.363
   3.392
   3.394
   3.379
   3.340
   3.263
   3.175
   3.086
   2.979
   2.902
   2.947
   3.017
   3.139
   3.295
   3.496
   3.741
   4.035
   4.370
   4.756
   5.177
   5.606
   6.063
   6.545
   7.033
   7.482
   7.911
   8.137
   0.000
   0.000
   0.889
   1.048
   1.135
   1.212
   1.276
   1.340
   1.401
   1.464
   1.529
   1.599
   1.666
   1.731
   1.796
   1.849
   1.892
   1.923
   1.946
   1.960
   1.973
   1.986
   2.009
   2.044
   2.094
   2.144
   2.194
   2.248
   2.308
   2.376
   2.460
   2.567
   2.678
   2.804
   2.934
   3.052
   3.146
   3.212
   3.251
   3.275
   3.302
   3.352
   3.406
   3.456
   3.467
   3.458
   3.433
   3.382
   3.286
   3.171
   3.040
   2.939
   2.945
   2.983
   3.065
   3.188
   3.366
   3.590
   3.918
   4.293
   4.715
   5.159
   5.611
   6.082
   6.578
   7.088
   7.572
   8.015
   8.268
   0.000
 -65.534
 -65.534
   0.898
   1.021
   1.089
   1.157
   1.222
   1.292
   1.361
   1.435
   1.510
   1.586
   1.661
   1.739
   1.809
   1.867
   1.907
   1.936
   1.955
   1.970
   1.982
   2.005
   2.041
   2.096
   2.158
   2.223
   2.295
   2.364
   2.432
   2.514
   2.618
   2.725
   2.857
   2.993
   3.116
   3.203
   3.262
   3.297
   3.320
   3.346
   3.387
   3.442
   3.502
   3.526
   3.542
   3.533
   3.486
   3.392
   3.254
   3.102
   2.975
   2.915
   2.932
   2.971
   3.084
   3.248
   3.475
   3.811
   4.228
   4.697
   5.176
   5.654
   6.168
   6.689
   7.197
   7.695
   8.152
   8.406
   0.000
 -65.534
 -65.534
 -65.534
   0.864
   0.961
   1.028
   1.098
   1.169
   1.239
   1.316
   1.397
   1.475
   1.558
   1.646
   1.728
   1.798
   1.851
   1.890
   1.914
   1.934
   1.952
   1.979
   2.025
   2.089
   2.163
   2.247
   2.333
   2.409
   2.483
   2.557
   2.651
   2.757
   2.882
   2.998
   3.098
   3.211
   3.275
   3.303
   3.330
   3.366
   3.410
   3.474
   3.525
   3.554
   3.582
   3.596
   3.564
   3.480
   3.335
   3.158
   3.005
   2.903
   2.886
   2.894
   2.966
   3.149
   3.423
   3.761
   4.209
   4.712
   5.224
   5.736
   6.260
   6.799
   7.328
   7.803
   8.286
   8.557
   0.000
 -65.534
 -65.534
 -65.534
 -65.534
   0.809
   0.904
   0.972
   1.037
   1.100
   1.173
   1.253
   1.338
   1.429
   1.520
   1.612
   1.691
   1.754
   1.797
   1.829
   1.852
   1.875
   1.910
   1.967
   2.042
   2.131
   2.233
   2.332
   2.423
   2.500
   2.572
   2.651
   2.744
   2.851
   2.958
   3.053
   3.148
   3.202
   3.268
   3.304
   3.344
   3.408
   3.476
   3.518
   3.546
   3.577
   3.611
   3.599
   3.526
   3.395
   3.209
   3.046
   2.914
   2.857
   2.868
   2.950
   3.135
   3.425
   3.794
   4.246
   4.769
   5.298
   5.822
   6.359
   6.889
   7.404
   7.922
   8.378
   8.672
   0.000
 -65.534
 -65.534
 -65.534
 -65.534
   0.713
   0.794
   0.851
   0.902
   0.954
   1.019
   1.095
   1.180
   1.275
   1.377
   1.471
   1.552
   1.615
   1.663
   1.694
   1.714
   1.742
   1.784
   1.846
   1.929
   2.031
   2.146
   2.261
   2.363
   2.449
   2.529
   2.607
   2.688
   2.780
   2.875
   2.962
   3.037
   3.096
   3.152
   3.178
   3.227
   3.307
   3.392
   3.443
   3.470
   3.497
   3.545
   3.558
   3.518
   3.419
   3.267
   3.097
   2.964
   2.918
   2.939
   3.056
   3.258
   3.560
   3.924
   4.358
   4.852
   5.373
   5.897
   6.420
   6.928
   7.404
   7.904
   8.412
   8.672
   0.000
 -65.534
 -65.534
 -65.534
 -65.534
   0.655
   0.713
   0.755
   0.790
   0.824
   0.880
   0.946
   1.023
   1.114
   1.217
   1.314
   1.396
   1.452
   1.493
   1.523
   1.546
   1.569
   1.606
   1.662
   1.744
   1.849
   1.968
   2.092
   2.211
   2.315
   2.409
   2.495
   2.571
   2.648
   2.729
   2.809
   2.876
   2.931
   2.968
   2.988
   3.014
   3.066
   3.132
   3.245
   3.298
   3.340
   3.394
   3.428
   3.420
   3.374
   3.275
   3.144
   3.053
   3.038
   3.104
   3.261
   3.483
   3.765
   4.113
   4.522
   4.979
   5.463
   5.953
   6.424
   6.887
   7.348
   7.811
   8.291
   8.574
   0.000
 -65.534
 -65.534
 -65.534
 -65.534
   0.635
   0.667
   0.695
   0.709
   0.733
   0.770
   0.822
   0.888
   0.966
   1.056
   1.142
   1.216
   1.273
   1.319
   1.347
   1.359
   1.373
   1.401
   1.443
   1.514
   1.608
   1.721
   1.846
   1.972
   2.093
   2.202
   2.296
   2.373
   2.444
   2.511
   2.574
   2.639
   2.691
   2.725
   2.735
   2.749
   2.770
   2.827
   2.919
   2.995
   3.081
   3.176
   3.241
   3.265
   3.261
   3.219
   3.160
   3.133
   3.172
   3.279
   3.449
   3.680
   3.973
   4.295
   4.669
   5.095
   5.529
   5.971
   6.357
   6.762
   7.193
   7.630
   8.091
   8.327
   0.000
 -65.534
 -65.534
 -65.534
 -65.534
 -65.534
 -65.534
 -65.534
 -65.534
   0.640
   0.689
   0.729
   0.776
   0.836
   0.908
   0.982
   1.045
   1.099
   1.141
   1.169
   1.188
   1.194
   1.205
   1.225
   1.278
   1.358
   1.458
   1.573
   1.693
   1.816
   1.929
   2.026
   2.104
   2.167
   2.227
   2.281
   2.340
   2.391
   2.424
   2.443
   2.461
   2.494
   2.557
   2.626
   2.720
   2.845
   2.942
   2.999
   3.057
   3.121
   3.141
   3.157
   3.195
   3.281
   3.413
   3.615
   3.875
   4.160
   4.448
   4.791
   5.171
   5.562
   5.943
   6.246
   6.604
   7.000
   7.415
   7.841
   8.001
   0.000
 -65.534
 -65.534
 -65.534
 -65.534
 -65.534
 -65.534
   0.303
   0.438
   0.609
   0.642
   0.673
   0.708
   0.754
   0.803
   0.857
   0.913
   0.965
   1.005
   1.034
   1.046
   1.049
   1.048
   1.058
   1.088
   1.138
   1.223
   1.324
   1.436
   1.548
   1.654
   1.745
   1.819
   1.878
   1.926
   1.972
   2.022
   2.077
   2.121
   2.159
   2.204
   2.260
   2.336
   2.424
   2.533
   2.654
   2.745
   2.825
   2.927
   2.996
   3.041
   3.110
   3.203
   3.347
   3.532
   3.771
   4.059
   4.356
   4.605
   4.885
   5.213
   5.558
   5.862
   6.107
   6.415
   6.797
   7.194
   7.578
   7.661
   0.000
 -65.534
 -65.534
 -65.534
 -65.534
 -65.534
 -65.534
 -65.534
 -65.534
 -65.534
   0.616
   0.647
   0.680
   0.715
   0.751
   0.784
   0.831
   0.881
   0.924
   0.953
   0.965
   0.958
   0.950
   0.953
   0.976
   1.019
   1.077
   1.150
   1.243
   1.336
   1.426
   1.506
   1.576
   1.631
   1.680
   1.722
   1.769
   1.825
   1.881
   1.944
   2.018
   2.105
   2.205
   2.312
   2.421
   2.533
   2.633
   2.729
   2.840
   2.933
   3.037
   3.157
   3.310
   3.491
   3.720
   3.989
   4.304
   4.619
   4.891
   5.120
   5.308
   5.581
   5.807
   6.023
   6.287
   6.598
   6.937
   7.294
   7.276
   0.000
 -65.534
 -65.534
 -65.534
 -65.534
 -65.534
 -65.534
 -65.534
 -65.534
 -65.534
 -65.534
 -65.534
 -65.534
 -65.534
 -65.534
 -65.534
   0.775
   0.860
   0.897
   0.911
   0.919
   0.927
   0.924
   0.924
   0.937
   0.972
   1.023
   1.084
   1.146
   1.217
   1.294
   1.362
   1.422
   1.473
   1.521
   1.568
   1.616
   1.674
   1.742
   1.841
   1.945
   2.054
   2.163
   2.274
   2.390
   2.507
   2.610
   2.717
   2.837
   2.958
   3.086
   3.233
   3.408
   3.628
   3.899
   4.223
   4.568
   4.905
   5.219
   5.389
   5.497
   5.701
   5.924
   6.166
   6.366
   6.571
   6.742
   7.038
   6.903
   0.000
 -65.534
 -65.534
 -65.534
 -65.534
 -65.534
 -65.534
 -65.534
 -65.534
 -65.534
 -65.534
 -65.534
 -65.534
 -65.534
 -65.534
 -65.534
 -65.534
 -65.534
 -65.534
 -65.534
   0.872
   0.930
   0.949
   0.963
   0.980
   1.008
   1.047
   1.100
   1.158
   1.214
   1.265
   1.319
   1.376
   1.433
   1.486
   1.540
   1.597
   1.661
   1.735
   1.829
   1.946
   2.075
   2.200
   2.324
   2.441
   2.556
   2.664
   2.776
   2.904
   3.047
   3.187
   3.350
   3.542
   3.785
   4.089
   4.444
   4.815
   5.166
   5.457
   5.621
   5.690
   5.759
   5.916
   6.095
   6.265
   6.459
   6.696
   6.924
   6.629
   0.000
 -65.534
 -65.534
 -65.534
 -65.534
 -65.534
 -65.534
 -65.534
 -65.534
 -65.534
 -65.534
 -65.534
 -65.534
 -65.534
 -65.534
 -65.534
 -65.534
 -65.534
 -65.534
   0.659
   0.950
   0.984
   1.017
   1.043
   1.076
   1.104
   1.141
   1.189
   1.238
   1.286
   1.332
   1.379
   1.430
   1.491
   1.555
   1.621
   1.690
   1.760
   1.841
   1.940
   2.056
   2.192
   2.332
   2.469
   2.594
   2.706
   2.806
   2.907
   3.030
   3.165
   3.324
   3.495
   3.695
   3.948
   4.263
   4.612
   4.985
   5.331
   5.602
   5.731
   5.752
   5.764
   5.843
   5.964
   6.135
   6.418
   6.668
   6.754
   6.132
   0.000
 -65.534
 -65.534
 -65.534
 -65.534
 -65.534
 -65.534
 -65.534
 -65.534
 -65.534
 -65.534
 -65.534
 -65.534
 -65.534
 -65.534
 -65.534
 -65.534
 -65.534
   0.610
   0.932
   1.027
   1.070
   1.107
   1.146
   1.195
   1.235
   1.275
   1.321
   1.371
   1.417
   1.464
   1.506
   1.552
   1.619
   1.693
   1.769
   1.846
   1.925
   2.008
   2.107
   2.224
   2.372
   2.527
   2.681
   2.818
   2.930
   3.026
   3.114
   3.217
   3.347
   3.483
   3.637
   3.823
   4.056
   4.353
   4.689
   5.054
   5.386
   5.621
   5.720
   5.728
   5.713
   5.726
   5.780
   5.930
   6.121
   6.300
   6.306
   5.611
   0.000
 -65.534
 -65.534
 -65.534
 -65.534
 -65.534
 -65.534
 -65.534
 -65.534
 -65.534
 -65.534
 -65.534
 -65.534
 -65.534
 -65.534
 -65.534
 -65.534
 -65.534
   0.857
   1.030
   1.091
   1.147
   1.195
   1.247
   1.309
   1.368
   1.417
   1.469
   1.522
   1.575
   1.627
   1.673
   1.719
   1.785
   1.855
   1.930
   2.009
   2.092
   2.179
   2.281
   2.405
   2.549
   2.713
   2.880
   3.034
   3.161
   3.256
   3.340
   3.435
   3.546
   3.664
   3.786
   3.892
   4.055
   4.304
   4.592
   4.913
   5.242
   5.466
   5.564
   5.574
   5.561
   5.545
   5.544
   5.576
   5.691
   5.805
   5.725
   4.997
   0.000
 -65.534
 -65.534
 -65.534
 -65.534
 -65.534
 -65.534
 -65.534
 -65.534
 -65.534
 -65.534
 -65.534
 -65.534
 -65.534
 -65.534
 -65.534
 -65.534
 -65.534
   0.962
   1.085
   1.143
   1.209
   1.270
   1.337
   1.407
   1.485
   1.546
   1.605
   1.667
   1.729
   1.790
   1.849
   1.893
   1.953
   2.020
   2.092
   2.168
   2.249
   2.339
   2.438
   2.557
   2.698
   2.859
   3.030
   3.189
   3.328
   3.436
   3.531
   3.631
   3.728
   3.831
   3.923
   3.982
   4.101
   4.264
   4.466
   4.706
   4.967
   5.168
   5.273
   5.304
   5.297
   5.255
   5.188
   5.133
   5.207
   5.198
   5.077
   4.397
   0.000
 -65.534
 -65.534
 -65.534
 -65.534
 -65.534
 -65.534
 -65.534
 -65.534
 -65.534
 -65.534
 -65.534
 -65.534
 -65.534
 -65.534
 -65.534
 -65.534
 -65.534
   1.048
   1.111
   1.181
   1.261
   1.338
   1.416
   1.494
   1.573
   1.654
   1.720
   1.790
   1.861
   1.934
   2.000
   2.048
   2.109
   2.173
   2.246
   2.321
   2.400
   2.487
   2.585
   2.697
   2.832
   2.981
   3.139
   3.296
   3.435
   3.558
   3.664
   3.761
   3.847
   3.932
   3.996
   4.034
   4.090
   4.163
   4.261
   4.398
   4.552
   4.717
   4.806
   4.846
   4.840
   4.777
   4.684
   4.573
   4.531
   4.486
   4.376
   3.857
   0.000
 -65.534
 -65.534
 -65.534
 -65.534
 -65.534
 -65.534
 -65.534
 -65.534
 -65.534
 -65.534
 -65.534
 -65.534
 -65.534
 -65.534
 -65.534
 -65.534
 -65.534
 -65.534
   1.137
   1.205
   1.294
   1.384
   1.471
   1.555
   1.636
   1.716
   1.794
   1.867
   1.945
   2.030
   2.106
   2.159
   2.225
   2.296
   2.373
   2.451
   2.522
   2.599
   2.690
   2.796
   2.926
   3.072
   3.226
   3.375
   3.509
   3.632
   3.741
   3.829
   3.915
   3.976
   4.019
   4.019
   4.024
   4.018
   4.027
   4.049
   4.121
   4.198
   4.236
   4.236
   4.188
   4.103
   3.978
   3.826
   3.761
   3.690
   3.596
   3.263
   0.000
 -65.534
 -65.534
 -65.534
 -65.534
 -65.534
 -65.534
 -65.534
 -65.534
 -65.534
 -65.534
 -65.534
 -65.534
 -65.534
 -65.534
 -65.534
 -65.534
 -65.534
 -65.534
 -65.534
   1.231
   1.320
   1.414
   1.509
   1.592
   1.671
   1.750
   1.822
   1.899
   1.985
   2.079
   2.160
   2.230
   2.303
   2.374
   2.456
   2.536
   2.609
   2.682
   2.766
   2.879
   2.997
   3.122
   3.251
   3.395
   3.529
   3.647
   3.743
   3.813
   3.876
   3.915
   3.958
   3.924
   3.890
   3.848
   3.794
   3.747
   3.713
   3.688
   3.652
   3.583
   3.465
   3.324
   3.174
   3.029
   2.947
   2.897
   2.827
   2.653
   0.000
 -65.534
 -65.534
 -65.534
 -65.534
 -65.534
 -65.534
 -65.534
 -65.534
 -65.534
 -65.534
 -65.534
 -65.534
 -65.534
 -65.534
 -65.534
 -65.534
 -65.534
 -65.534
 -65.534
 -65.534
   1.332
   1.433
   1.522
   1.603
   1.685
   1.757
   1.826
   1.905
   1.993
   2.091
   2.179
   2.271
   2.349
   2.420
   2.463
   2.346
 -65.534
 -65.534
 -65.534
 -65.534
   2.814
   3.017
   3.227
   3.348
   3.480
   3.585
   3.658
   3.720
   3.754
   3.771
   3.759
   3.699
   3.628
   3.546
   3.436
   3.334
   3.232
   3.133
   3.011
   2.876
   2.724
   2.571
   2.431
   2.330
   2.286
   2.267
   2.269
   2.145
   0.000
 -65.534
 -65.534
 -65.534
 -65.534
 -65.534
 -65.534
 -65.534
 -65.534
 -65.534
 -65.534
 -65.534
 -65.534
 -65.534
 -65.534
 -65.534
 -65.534
 -65.534
 -65.534
 -65.534
 -65.534
 -65.534
 -65.534
 -65.534
 -65.534
   1.609
   1.712
   1.796
   1.876
   1.966
   2.059
   2.154
   2.256
   2.336
   2.392
   2.382
   2.189
 -65.534
 -65.534
 -65.534
 -65.534
 -65.534
 -65.534
   2.856
   3.189
   3.321
   3.425
   3.471
   3.481
   3.478
   3.442
   3.384
   3.317
   3.220
   3.092
   2.963
   2.816
   2.656
   2.498
   2.343
   2.201
   2.077
   1.955
   1.870
   1.829
   1.821
   1.804
   1.799
   1.688
   0.000
 -65.534
 -65.534
 -65.534
 -65.534
 -65.534
 -65.534
 -65.534
 -65.534
 -65.534
 -65.534
 -65.534
 -65.534
 -65.534
 -65.534
 -65.534
 -65.534
 -65.534
 -65.534
 -65.534
 -65.534
 -65.534
 -65.534
 -65.534
 -65.534
   1.506
   1.606
   1.687
   1.783
   1.896
   2.011
   2.104
   2.197
   2.267
   2.302
   2.264
   2.103
 -65.534
 -65.534
 -65.534
 -65.534
 -65.534
 -65.534
 -65.534
   2.821
   3.049
   3.028
   3.186
   3.167
   3.123
   3.054
   2.981
   2.883
   2.755
   2.616
   2.460
   2.291
   2.127
   1.969
   1.818
   1.678
   1.578
   1.510
   1.484
   1.483
   1.481
   1.481
   1.463
   1.355
   0.000
 -65.534
 -65.534
 -65.534
 -65.534
 -65.534
 -65.534
 -65.534
 -65.534
 -65.534
 -65.534
 -65.534
 -65.534
 -65.534
 -65.534
 -65.534
 -65.534
 -65.534
 -65.534
 -65.534
 -65.534
 -65.534
 -65.534
 -65.534
 -65.534
 -65.534
 -65.534
 -65.534
 -65.534
 -65.534
   1.830
   1.947
   2.042
   2.144
   2.169
   2.131
   1.977
   0.871
 -65.534
 -65.534
 -65.534
 -65.534
 -65.534
 -65.534
   2.137
   2.423
 -65.534
   2.283
   2.468
   2.479
   2.583
   2.502
   2.390
   2.257
   2.125
   1.995
   1.857
   1.715
   1.566
   1.428
   1.313
   1.240
   1.211
   1.222
   1.246
   1.273
   1.278
   1.260
   1.173
   0.000
 -65.534
 -65.534
 -65.534
 -65.534
 -65.534
 -65.534
 -65.534
 -65.534
 -65.534
 -65.534
 -65.534
 -65.534
 -65.534
 -65.534
 -65.534
 -65.534
 -65.534
 -65.534
 -65.534
 -65.534
 -65.534
 -65.534
 -65.534
 -65.534
 -65.534
 -65.534
 -65.534
 -65.534
 -65.534
 -65.534
 -65.534
 -65.534
   1.959
   2.021
   1.992
   1.827
   1.145
   0.625
 -65.534
 -65.534
 -65.534
 -65.534
 -65.534
 -65.534
 -65.534
 -65.534
 -65.534
 -65.534
 -65.534
   1.617
   1.803
   1.777
   1.812
   1.718
   1.619
   1.498
   1.372
   1.253
   1.150
   1.093
   1.059
   1.060
   1.077
   1.094
   1.091
   1.072
   1.032
   0.932
   0.000
 -65.534
 -65.534
 -65.534
 -65.534
 -65.534
 -65.534
 -65.534
 -65.534
 -65.534
 -65.534
 -65.534
 -65.534
 -65.534
 -65.534
 -65.534
 -65.534
 -65.534
 -65.534
 -65.534
 -65.534
 -65.534
 -65.534
 -65.534
 -65.534
 -65.534
 -65.534
 -65.534
 -65.534
 -65.534
 -65.534
 -65.534
 -65.534
   1.723
   1.763
   1.735
   1.584
   1.196
   0.819
   0.549
   0.441
 -65.534
 -65.534
 -65.534
 -65.534
 -65.534
 -65.534
 -65.534
 -65.534
 -65.534
 -65.534
 -65.534
 -65.534
   1.067
   1.216
   1.192
   1.169
   1.090
   1.004
   0.944
   0.913
   0.911
   0.919
   0.936
   0.955
   0.956
   0.934
   0.894
   0.799
   0.000
 -65.534
 -65.534
 -65.534
 -65.534
 -65.534
 -65.534
 -65.534
 -65.534
 -65.534
 -65.534
 -65.534
 -65.534
 -65.534
 -65.534
 -65.534
 -65.534
 -65.534
 -65.534
 -65.534
 -65.534
 -65.534
 -65.534
 -65.534
 -65.534
 -65.534
 -65.534
 -65.534
 -65.534
 -65.534
 -65.534
 -65.534
 -65.534
 -65.534
 -65.534
 -65.534
 -65.534
   0.957
   0.809
   0.641
   0.516
   0.417
   0.349
   0.320
   0.320
   0.318
 -65.534
 -65.534
 -65.534
 -65.534
 -65.534
 -65.534
 -65.534
 -65.534
 -65.534
 -65.534
   0.750
   0.842
   0.818
   0.790
   0.781
   0.779
   0.788
   0.798
   0.816
   0.822
   0.810
   0.770
   0.693
   0.000
 -65.534
 -65.534
 -65.534
 -65.534
 -65.534
 -65.534
 -65.534
 -65.534
 -65.534
 -65.534
 -65.534
 -65.534
 -65.534
 -65.534
 -65.534
 -65.534
 -65.534
 -65.534
 -65.534
 -65.534
 -65.534
 -65.534
 -65.534
 -65.534
 -65.534
 -65.534
 -65.534
 -65.534
 -65.534
 -65.534
 -65.534
 -65.534
 -65.534
 -65.534
 -65.534
 -65.534
 -65.534
 -65.534
 -65.534
 -65.534
   0.308
 -65.534
 -65.534
 -65.534
 -65.534
 -65.534
 -65.534
 -65.534
 -65.534
 -65.534
 -65.534
 -65.534
 -65.534
 -65.534
 -65.534
   0.486
   0.615
   0.618
   0.619
   0.653
   0.654
   0.633
   0.637
   0.655
   0.671
   0.676
   0.652
   0.592
   0.000
 -65.534
 -65.534
 -65.534
 -65.534
 -65.534
 -65.534
 -65.534
 -65.534
 -65.534
 -65.534
 -65.534
 -65.534
 -65.534
 -65.534
 -65.534
 -65.534
 -65.534
 -65.534
 -65.534
 -65.534
 -65.534
 -65.534
 -65.534
 -65.534
 -65.534
 -65.534
 -65.534
 -65.534
 -65.534
 -65.534
 -65.534
 -65.534
 -65.534
 -65.534
 -65.534
 -65.534
 -65.534
 -65.534
 -65.534
 -65.534
 -65.534
 -65.534
 -65.534
 -65.534
 -65.534
 -65.534
 -65.534
 -65.534
 -65.534
 -65.534
 -65.534
 -65.534
 -65.534
 -65.534
 -65.534
 -65.534
 -65.534
 -65.534
 -65.534
   0.426
   0.482
   0.472
   0.457
   0.472
   0.499
   0.526
   0.536
   0.493
   0.000
 -65.534
 -65.534
 -65.534
 -65.534
 -65.534
 -65.534
 -65.534
 -65.534
 -65.534
 -65.534
 -65.534
 -65.534
 -65.534
 -65.534
 -65.534
 -65.534
 -65.534
 -65.534
 -65.534
 -65.534
 -65.534
 -65.534
 -65.534
 -65.534
 -65.534
 -65.534
 -65.534
 -65.534
 -65.534
 -65.534
 -65.534
 -65.534
 -65.534
 -65.534
 -65.534
 -65.534
 -65.534
 -65.534
 -65.534
 -65.534
 -65.534
 -65.534
 -65.534
 -65.534
 -65.534
 -65.534
 -65.534
 -65.534
 -65.534
 -65.534
 -65.534
 -65.534
 -65.534
 -65.534
 -65.534
 -65.534
 -65.534
 -65.534
 -65.534
 -65.534
 -65.534
   0.000
   0.000
   0.000
   0.000
   0.000
   0.000
   0.000
 -65.534
