 -65.534
   0.000
   0.000
   0.000
   0.000
   0.000
   0.000
   0.000
   0.000
   0.000
   0.000
   0.000
   0.000
   0.000
   0.000
   0.000
   0.000
   0.000
   0.000
   0.000
   0.000
   0.000
   0.000
   0.000
   0.000
   0.000
   0.000
   0.000
   0.000
   0.000
   0.000
   0.000
   0.000
   0.000
   0.000
   0.000
   0.000
   0.000
   0.000
   0.000
   0.000
   0.000
   0.000
   0.000
   0.000
   0.000
   0.000
   0.000
   0.000
   0.000
   0.000
   0.000
   0.000
   0.000
   0.000
   0.000
   0.000
   0.000
   0.000
   0.000
   0.000
   0.000
   0.000
   0.000
   0.000
   0.000
   0.000
   0.000
 -65.534
   0.000
   1.378
   1.541
   1.619
   1.693
   1.752
   1.794
   1.824
   1.846
   1.866
   1.889
   1.909
   1.932
   1.959
   1.985
   2.014
   2.045
   2.088
   2.145
   2.217
   2.298
   2.381
   2.461
   2.538
   2.571
   2.576
   2.569
   2.555
   2.533
   2.520
   2.506
   2.496
   2.495
   2.502
   2.497
   2.489
   2.476
   2.462
   2.443
   2.413
   2.380
   2.353
   2.330
   2.312
   2.299
   2.290
   2.287
   2.301
   2.341
   2.403
   2.478
   2.551
   2.620
   2.679
   2.762
   2.826
   2.884
   2.925
   2.945
   2.961
   2.973
   2.978
   2.984
   2.991
   2.991
   3.008
   3.050
   3.001
   0.000
   0.000
   1.465
   1.612
   1.669
   1.733
   1.784
   1.830
   1.872
   1.906
   1.940
   1.972
   2.002
   2.029
   2.056
   2.078
   2.103
   2.130
   2.170
   2.219
   2.280
   2.354
   2.430
   2.504
   2.573
   2.607
   2.621
   2.619
   2.611
   2.599
   2.599
   2.606
   2.618
   2.634
   2.655
   2.667
   2.663
   2.651
   2.631
   2.602
   2.570
   2.543
   2.516
   2.486
   2.458
   2.439
   2.437
   2.462
   2.515
   2.585
   2.685
   2.795
   2.908
   3.016
   3.112
   3.194
   3.263
   3.326
   3.374
   3.406
   3.421
   3.433
   3.432
   3.429
   3.427
   3.431
   3.443
   3.475
   3.419
   0.000
   0.000
   1.445
   1.579
   1.626
   1.679
   1.724
   1.773
   1.818
   1.863
   1.908
   1.949
   1.988
   2.018
   2.043
   2.062
   2.082
   2.105
   2.137
   2.182
   2.243
   2.312
   2.387
   2.459
   2.523
   2.567
   2.585
   2.594
   2.596
   2.598
   2.605
   2.623
   2.645
   2.676
   2.713
   2.740
   2.751
   2.747
   2.719
   2.686
   2.644
   2.609
   2.568
   2.530
   2.496
   2.475
   2.476
   2.508
   2.564
   2.656
   2.775
   2.906
   3.039
   3.165
   3.275
   3.367
   3.448
   3.514
   3.563
   3.591
   3.606
   3.612
   3.607
   3.590
   3.583
   3.581
   3.595
   3.624
   3.564
   0.000
   0.000
   1.413
   1.538
   1.577
   1.624
   1.668
   1.713
   1.762
   1.813
   1.863
   1.914
   1.955
   1.991
   2.018
   2.034
   2.052
   2.068
   2.098
   2.141
   2.198
   2.267
   2.343
   2.419
   2.484
   2.534
   2.562
   2.584
   2.595
   2.606
   2.623
   2.650
   2.683
   2.725
   2.775
   2.818
   2.839
   2.840
   2.820
   2.783
   2.743
   2.701
   2.651
   2.601
   2.563
   2.540
   2.540
   2.570
   2.629
   2.721
   2.840
   2.976
   3.118
   3.256
   3.376
   3.483
   3.572
   3.644
   3.695
   3.725
   3.739
   3.736
   3.723
   3.702
   3.691
   3.695
   3.707
   3.732
   3.662
   0.000
   0.000
   1.373
   1.491
   1.529
   1.575
   1.615
   1.660
   1.710
   1.762
   1.818
   1.870
   1.913
   1.950
   1.975
   1.991
   2.003
   2.017
   2.045
   2.087
   2.144
   2.216
   2.291
   2.369
   2.438
   2.491
   2.536
   2.573
   2.597
   2.612
   2.643
   2.678
   2.721
   2.775
   2.837
   2.888
   2.919
   2.925
   2.913
   2.880
   2.843
   2.799
   2.748
   2.693
   2.649
   2.621
   2.613
   2.636
   2.695
   2.781
   2.893
   3.027
   3.168
   3.308
   3.438
   3.549
   3.643
   3.722
   3.779
   3.811
   3.823
   3.820
   3.802
   3.785
   3.778
   3.784
   3.795
   3.814
   3.730
   0.000
   0.000
   1.330
   1.443
   1.483
   1.527
   1.570
   1.615
   1.664
   1.719
   1.775
   1.827
   1.869
   1.903
   1.925
   1.939
   1.948
   1.965
   1.991
   2.033
   2.088
   2.154
   2.232
   2.310
   2.384
   2.445
   2.501
   2.552
   2.590
   2.618
   2.653
   2.705
   2.758
   2.822
   2.890
   2.952
   2.996
   3.017
   3.008
   2.982
   2.949
   2.913
   2.867
   2.816
   2.760
   2.719
   2.697
   2.705
   2.752
   2.828
   2.930
   3.058
   3.194
   3.332
   3.462
   3.579
   3.679
   3.763
   3.824
   3.859
   3.873
   3.872
   3.853
   3.836
   3.835
   3.845
   3.859
   3.866
   3.772
   0.000
   0.000
   1.279
   1.392
   1.434
   1.481
   1.524
   1.572
   1.624
   1.681
   1.737
   1.786
   1.828
   1.857
   1.877
   1.888
   1.899
   1.915
   1.942
   1.982
   2.033
   2.097
   2.169
   2.250
   2.330
   2.398
   2.460
   2.518
   2.567
   2.607
   2.655
   2.721
   2.789
   2.864
   2.941
   3.017
   3.070
   3.105
   3.108
   3.089
   3.066
   3.037
   3.000
   2.954
   2.901
   2.843
   2.791
   2.777
   2.799
   2.855
   2.946
   3.064
   3.194
   3.328
   3.460
   3.577
   3.682
   3.769
   3.834
   3.869
   3.888
   3.887
   3.872
   3.864
   3.870
   3.881
   3.892
   3.892
   3.792
   0.000
   0.000
   1.215
   1.331
   1.377
   1.432
   1.478
   1.529
   1.582
   1.640
   1.697
   1.748
   1.787
   1.813
   1.830
   1.841
   1.852
   1.871
   1.901
   1.939
   1.991
   2.051
   2.119
   2.197
   2.280
   2.353
   2.418
   2.479
   2.533
   2.583
   2.647
   2.731
   2.814
   2.899
   2.990
   3.072
   3.136
   3.180
   3.199
   3.195
   3.180
   3.160
   3.131
   3.099
   3.053
   2.994
   2.921
   2.871
   2.867
   2.895
   2.957
   3.053
   3.175
   3.309
   3.440
   3.560
   3.667
   3.754
   3.818
   3.851
   3.874
   3.875
   3.866
   3.865
   3.878
   3.895
   3.908
   3.908
   3.804
   0.000
   0.000
   1.131
   1.251
   1.309
   1.372
   1.425
   1.479
   1.538
   1.598
   1.659
   1.708
   1.745
   1.771
   1.786
   1.796
   1.809
   1.833
   1.863
   1.905
   1.954
   2.012
   2.081
   2.158
   2.240
   2.311
   2.375
   2.438
   2.497
   2.558
   2.638
   2.731
   2.825
   2.921
   3.019
   3.108
   3.182
   3.239
   3.275
   3.282
   3.279
   3.266
   3.246
   3.226
   3.195
   3.146
   3.072
   2.994
   2.953
   2.955
   2.984
   3.051
   3.155
   3.282
   3.411
   3.527
   3.629
   3.716
   3.780
   3.811
   3.835
   3.845
   3.844
   3.850
   3.869
   3.893
   3.907
   3.912
   3.806
   0.000
   0.000
   1.038
   1.161
   1.227
   1.298
   1.362
   1.424
   1.488
   1.553
   1.615
   1.667
   1.702
   1.726
   1.743
   1.756
   1.774
   1.797
   1.833
   1.875
   1.924
   1.980
   2.049
   2.125
   2.205
   2.274
   2.337
   2.397
   2.460
   2.532
   2.622
   2.720
   2.822
   2.924
   3.030
   3.129
   3.211
   3.275
   3.319
   3.342
   3.356
   3.355
   3.339
   3.324
   3.305
   3.267
   3.203
   3.125
   3.050
   3.016
   3.019
   3.057
   3.136
   3.249
   3.367
   3.480
   3.577
   3.660
   3.725
   3.761
   3.788
   3.805
   3.812
   3.824
   3.853
   3.880
   3.900
   3.909
   3.799
   0.000
   0.000
   0.947
   1.068
   1.134
   1.214
   1.287
   1.357
   1.427
   1.494
   1.558
   1.612
   1.651
   1.679
   1.699
   1.715
   1.737
   1.765
   1.801
   1.845
   1.894
   1.951
   2.017
   2.092
   2.170
   2.241
   2.304
   2.364
   2.431
   2.508
   2.601
   2.705
   2.811
   2.920
   3.030
   3.132
   3.221
   3.294
   3.349
   3.382
   3.411
   3.425
   3.419
   3.404
   3.381
   3.349
   3.300
   3.230
   3.146
   3.081
   3.057
   3.071
   3.127
   3.216
   3.322
   3.429
   3.525
   3.611
   3.678
   3.722
   3.753
   3.774
   3.788
   3.809
   3.841
   3.872
   3.893
   3.902
   3.793
   0.000
   0.000
   0.842
   0.980
   1.047
   1.124
   1.201
   1.278
   1.352
   1.421
   1.482
   1.535
   1.579
   1.611
   1.639
   1.665
   1.691
   1.723
   1.763
   1.807
   1.858
   1.918
   1.980
   2.053
   2.131
   2.205
   2.273
   2.336
   2.404
   2.482
   2.573
   2.682
   2.790
   2.904
   3.020
   3.123
   3.215
   3.296
   3.358
   3.399
   3.436
   3.462
   3.468
   3.457
   3.433
   3.395
   3.345
   3.287
   3.209
   3.133
   3.085
   3.077
   3.113
   3.184
   3.275
   3.376
   3.476
   3.566
   3.641
   3.695
   3.732
   3.755
   3.776
   3.803
   3.836
   3.870
   3.892
   3.898
   3.786
   0.000
 -65.534
 -65.534
   0.842
   0.963
   1.027
   1.106
   1.183
   1.261
   1.329
   1.389
   1.441
   1.483
   1.520
   1.553
   1.587
   1.622
   1.661
   1.706
   1.755
   1.810
   1.872
   1.937
   2.008
   2.086
   2.161
   2.234
   2.304
   2.374
   2.449
   2.539
   2.645
   2.752
   2.873
   2.994
   3.097
   3.186
   3.270
   3.338
   3.387
   3.428
   3.457
   3.470
   3.469
   3.447
   3.407
   3.353
   3.295
   3.224
   3.148
   3.092
   3.067
   3.082
   3.133
   3.211
   3.306
   3.411
   3.506
   3.592
   3.658
   3.708
   3.743
   3.771
   3.810
   3.847
   3.879
   3.899
   3.901
   3.776
   0.000
 -65.534
 -65.534
 -65.534
   0.821
   0.931
   0.999
   1.079
   1.153
   1.221
   1.282
   1.332
   1.371
   1.406
   1.445
   1.483
   1.526
   1.572
   1.624
   1.679
   1.742
   1.807
   1.875
   1.949
   2.027
   2.106
   2.184
   2.259
   2.332
   2.411
   2.497
   2.595
   2.703
   2.823
   2.938
   3.037
   3.145
   3.230
   3.296
   3.349
   3.392
   3.423
   3.440
   3.439
   3.422
   3.383
   3.326
   3.264
   3.199
   3.132
   3.071
   3.037
   3.040
   3.078
   3.145
   3.238
   3.340
   3.444
   3.540
   3.619
   3.686
   3.738
   3.783
   3.830
   3.873
   3.905
   3.922
   3.918
   3.779
   0.000
 -65.534
 -65.534
 -65.534
 -65.534
   0.799
   0.898
   0.969
   1.036
   1.098
   1.154
   1.205
   1.246
   1.284
   1.320
   1.363
   1.411
   1.461
   1.517
   1.579
   1.642
   1.711
   1.783
   1.862
   1.943
   2.025
   2.109
   2.190
   2.270
   2.350
   2.436
   2.534
   2.636
   2.747
   2.858
   2.962
   3.066
   3.149
   3.231
   3.287
   3.328
   3.362
   3.373
   3.375
   3.360
   3.321
   3.267
   3.207
   3.144
   3.081
   3.028
   2.996
   2.990
   3.021
   3.089
   3.180
   3.291
   3.404
   3.512
   3.608
   3.691
   3.768
   3.833
   3.896
   3.943
   3.973
   3.986
   3.971
   3.809
   0.000
 -65.534
 -65.534
 -65.534
 -65.534
   0.705
   0.800
   0.862
   0.918
   0.970
   1.020
   1.067
   1.108
   1.149
   1.191
   1.237
   1.283
   1.336
   1.392
   1.449
   1.511
   1.580
   1.654
   1.735
   1.817
   1.907
   1.994
   2.085
   2.171
   2.255
   2.344
   2.438
   2.537
   2.648
   2.755
   2.861
   2.960
   3.048
   3.129
   3.176
   3.227
   3.261
   3.272
   3.271
   3.257
   3.224
   3.176
   3.123
   3.063
   3.000
   2.951
   2.924
   2.927
   2.967
   3.041
   3.145
   3.267
   3.390
   3.512
   3.623
   3.725
   3.820
   3.912
   3.988
   4.047
   4.072
   4.075
   4.052
   3.862
   0.000
 -65.534
 -65.534
 -65.534
 -65.534
   0.632
   0.716
   0.769
   0.814
   0.853
   0.897
   0.940
   0.977
   1.015
   1.056
   1.101
   1.149
   1.197
   1.249
   1.306
   1.365
   1.429
   1.496
   1.574
   1.656
   1.746
   1.839
   1.932
   2.024
   2.118
   2.209
   2.304
   2.402
   2.508
   2.618
   2.721
   2.821
   2.913
   2.985
   3.037
   3.079
   3.115
   3.131
   3.136
   3.127
   3.098
   3.057
   3.011
   2.959
   2.904
   2.863
   2.845
   2.860
   2.915
   3.001
   3.122
   3.256
   3.396
   3.526
   3.647
   3.756
   3.862
   3.966
   4.060
   4.126
   4.158
   4.153
   4.124
   3.910
   0.000
 -65.534
 -65.534
 -65.534
 -65.534
   0.576
   0.647
   0.693
   0.733
   0.764
   0.794
   0.827
   0.857
   0.889
   0.924
   0.964
   1.007
   1.056
   1.110
   1.164
   1.217
   1.275
   1.336
   1.404
   1.484
   1.570
   1.661
   1.756
   1.850
   1.946
   2.038
   2.134
   2.230
   2.331
   2.434
   2.537
   2.635
   2.720
   2.796
   2.852
   2.895
   2.931
   2.956
   2.971
   2.970
   2.951
   2.921
   2.881
   2.838
   2.800
   2.771
   2.769
   2.802
   2.873
   2.975
   3.104
   3.251
   3.397
   3.532
   3.653
   3.758
   3.860
   3.963
   4.068
   4.143
   4.182
   4.179
   4.151
   3.928
   0.000
 -65.534
 -65.534
 -65.534
 -65.534
 -65.534
 -65.534
 -65.534
 -65.534
   0.675
   0.713
   0.733
   0.753
   0.775
   0.801
   0.834
   0.873
   0.920
   0.974
   1.030
   1.087
   1.138
   1.190
   1.249
   1.324
   1.407
   1.495
   1.587
   1.678
   1.769
   1.858
   1.944
   2.032
   2.126
   2.220
   2.313
   2.406
   2.493
   2.568
   2.628
   2.682
   2.729
   2.765
   2.791
   2.801
   2.796
   2.773
   2.740
   2.709
   2.688
   2.684
   2.705
   2.757
   2.844
   2.960
   3.094
   3.240
   3.385
   3.517
   3.633
   3.726
   3.816
   3.909
   4.010
   4.095
   4.145
   4.154
   4.133
   3.918
   0.000
 -65.534
 -65.534
 -65.534
 -65.534
 -65.534
 -65.534
   0.366
   0.508
   0.625
   0.642
   0.654
   0.665
   0.681
   0.698
   0.725
   0.757
   0.803
   0.858
   0.913
   0.968
   1.019
   1.071
   1.128
   1.195
   1.267
   1.354
   1.444
   1.529
   1.612
   1.692
   1.768
   1.841
   1.920
   2.001
   2.082
   2.164
   2.249
   2.325
   2.391
   2.459
   2.520
   2.571
   2.607
   2.629
   2.633
   2.621
   2.604
   2.590
   2.586
   2.599
   2.641
   2.710
   2.809
   2.935
   3.070
   3.215
   3.353
   3.477
   3.579
   3.664
   3.739
   3.819
   3.907
   4.000
   4.071
   4.099
   4.098
   3.878
   0.000
 -65.534
 -65.534
 -65.534
 -65.534
 -65.534
 -65.534
 -65.534
 -65.534
 -65.534
   0.585
   0.592
   0.595
   0.600
   0.610
   0.630
   0.668
   0.712
   0.762
   0.817
   0.872
   0.922
   0.973
   1.032
   1.100
   1.177
   1.253
   1.328
   1.407
   1.479
   1.543
   1.606
   1.667
   1.728
   1.797
   1.869
   1.938
   2.012
   2.087
   2.160
   2.236
   2.307
   2.370
   2.419
   2.451
   2.467
   2.469
   2.465
   2.471
   2.487
   2.520
   2.576
   2.657
   2.760
   2.888
   3.021
   3.158
   3.285
   3.399
   3.492
   3.569
   3.632
   3.695
   3.773
   3.862
   3.947
   4.001
   4.022
   3.807
   0.000
 -65.534
 -65.534
 -65.534
 -65.534
 -65.534
 -65.534
 -65.534
 -65.534
 -65.534
 -65.534
 -65.534
 -65.534
 -65.534
 -65.534
 -65.534
   0.590
   0.632
   0.672
   0.717
   0.792
   0.847
   0.902
   0.964
   1.033
   1.109
   1.185
   1.254
   1.316
   1.373
   1.425
   1.472
   1.517
   1.566
   1.617
   1.676
   1.739
   1.806
   1.876
   1.955
   2.035
   2.113
   2.180
   2.232
   2.277
   2.309
   2.329
   2.348
   2.374
   2.407
   2.454
   2.518
   2.599
   2.703
   2.822
   2.948
   3.074
   3.192
   3.293
   3.375
   3.439
   3.492
   3.546
   3.616
   3.702
   3.799
   3.863
   3.898
   3.707
   0.000
 -65.534
 -65.534
 -65.534
 -65.534
 -65.534
 -65.534
 -65.534
 -65.534
 -65.534
 -65.534
 -65.534
 -65.534
 -65.534
 -65.534
 -65.534
 -65.534
 -65.534
 -65.534
 -65.534
   0.728
   0.798
   0.861
   0.927
   0.999
   1.070
   1.137
   1.202
   1.258
   1.304
   1.340
   1.372
   1.404
   1.441
   1.486
   1.537
   1.593
   1.653
   1.714
   1.785
   1.863
   1.939
   2.011
   2.073
   2.126
   2.173
   2.211
   2.251
   2.300
   2.351
   2.406
   2.473
   2.555
   2.649
   2.755
   2.865
   2.973
   3.072
   3.164
   3.240
   3.293
   3.341
   3.391
   3.457
   3.540
   3.632
   3.711
   3.759
   3.585
   0.000
 -65.534
 -65.534
 -65.534
 -65.534
 -65.534
 -65.534
 -65.534
 -65.534
 -65.534
 -65.534
 -65.534
 -65.534
 -65.534
 -65.534
 -65.534
 -65.534
 -65.534
 -65.534
   0.540
   0.732
   0.778
   0.840
   0.911
   0.982
   1.050
   1.113
   1.171
   1.222
   1.263
   1.294
   1.317
   1.338
   1.364
   1.404
   1.450
   1.501
   1.554
   1.607
   1.666
   1.735
   1.807
   1.879
   1.947
   2.008
   2.067
   2.120
   2.173
   2.234
   2.302
   2.368
   2.438
   2.511
   2.593
   2.681
   2.768
   2.851
   2.935
   3.013
   3.080
   3.135
   3.184
   3.238
   3.306
   3.391
   3.484
   3.561
   3.610
   3.456
   0.000
 -65.534
 -65.534
 -65.534
 -65.534
 -65.534
 -65.534
 -65.534
 -65.534
 -65.534
 -65.534
 -65.534
 -65.534
 -65.534
 -65.534
 -65.534
 -65.534
 -65.534
   0.476
   0.656
   0.722
   0.772
   0.830
   0.896
   0.970
   1.034
   1.095
   1.151
   1.200
   1.241
   1.272
   1.291
   1.307
   1.329
   1.359
   1.397
   1.440
   1.481
   1.525
   1.576
   1.634
   1.706
   1.781
   1.854
   1.924
   1.992
   2.057
   2.123
   2.193
   2.262
   2.327
   2.392
   2.456
   2.523
   2.592
   2.662
   2.734
   2.800
   2.864
   2.919
   2.975
   3.027
   3.089
   3.161
   3.247
   3.335
   3.414
   3.465
   3.319
   0.000
 -65.534
 -65.534
 -65.534
 -65.534
 -65.534
 -65.534
 -65.534
 -65.534
 -65.534
 -65.534
 -65.534
 -65.534
 -65.534
 -65.534
 -65.534
 -65.534
 -65.534
   0.576
   0.671
   0.717
   0.768
   0.818
   0.875
   0.938
   1.003
   1.063
   1.121
   1.172
   1.219
   1.254
   1.279
   1.293
   1.310
   1.332
   1.354
   1.384
   1.414
   1.448
   1.493
   1.549
   1.617
   1.692
   1.773
   1.852
   1.927
   2.002
   2.079
   2.160
   2.230
   2.295
   2.351
   2.402
   2.454
   2.510
   2.566
   2.622
   2.676
   2.726
   2.775
   2.824
   2.885
   2.960
   3.040
   3.124
   3.208
   3.284
   3.339
   3.192
   0.000
 -65.534
 -65.534
 -65.534
 -65.534
 -65.534
 -65.534
 -65.534
 -65.534
 -65.534
 -65.534
 -65.534
 -65.534
 -65.534
 -65.534
 -65.534
 -65.534
 -65.534
   0.614
   0.680
   0.723
   0.765
   0.807
   0.850
   0.900
   0.957
   1.013
   1.072
   1.134
   1.188
   1.236
   1.271
   1.284
   1.298
   1.309
   1.323
   1.336
   1.353
   1.378
   1.416
   1.469
   1.538
   1.613
   1.697
   1.780
   1.861
   1.943
   2.032
   2.122
   2.203
   2.267
   2.320
   2.363
   2.402
   2.444
   2.487
   2.530
   2.572
   2.618
   2.663
   2.718
   2.783
   2.861
   2.947
   3.037
   3.114
   3.177
   3.229
   3.095
   0.000
 -65.534
 -65.534
 -65.534
 -65.534
 -65.534
 -65.534
 -65.534
 -65.534
 -65.534
 -65.534
 -65.534
 -65.534
 -65.534
 -65.534
 -65.534
 -65.534
 -65.534
   0.675
   0.696
   0.739
   0.772
   0.803
   0.833
   0.865
   0.905
   0.959
   1.016
   1.082
   1.149
   1.209
   1.254
   1.274
   1.289
   1.300
   1.307
   1.313
   1.321
   1.339
   1.372
   1.420
   1.481
   1.552
   1.632
   1.715
   1.798
   1.888
   1.983
   2.077
   2.164
   2.234
   2.285
   2.327
   2.359
   2.391
   2.423
   2.457
   2.493
   2.536
   2.584
   2.644
   2.716
   2.795
   2.880
   2.964
   3.036
   3.097
   3.151
   3.005
   0.000
 -65.534
 -65.534
 -65.534
 -65.534
 -65.534
 -65.534
 -65.534
 -65.534
 -65.534
 -65.534
 -65.534
 -65.534
 -65.534
 -65.534
 -65.534
 -65.534
 -65.534
 -65.534
   0.741
   0.752
   0.787
   0.809
   0.828
   0.846
   0.871
   0.911
   0.963
   1.027
   1.096
   1.167
   1.225
   1.254
   1.279
   1.294
   1.303
   1.306
   1.299
   1.304
   1.329
   1.374
   1.442
   1.511
   1.584
   1.663
   1.747
   1.832
   1.924
   2.021
   2.114
   2.189
   2.248
   2.288
   2.319
   2.345
   2.369
   2.399
   2.436
   2.483
   2.536
   2.598
   2.668
   2.747
   2.825
   2.900
   2.968
   3.016
   3.064
   2.930
   0.000
 -65.534
 -65.534
 -65.534
 -65.534
 -65.534
 -65.534
 -65.534
 -65.534
 -65.534
 -65.534
 -65.534
 -65.534
 -65.534
 -65.534
 -65.534
 -65.534
 -65.534
 -65.534
 -65.534
   0.798
   0.793
   0.815
   0.830
   0.841
   0.862
   0.884
   0.922
   0.975
   1.041
   1.112
   1.175
   1.223
   1.260
   1.287
   1.311
   1.328
   1.326
   1.333
   1.355
   1.390
   1.414
   1.468
   1.543
   1.618
   1.697
   1.779
   1.867
   1.960
   2.054
   2.137
   2.205
   2.251
   2.287
   2.315
   2.341
   2.373
   2.411
   2.458
   2.513
   2.577
   2.645
   2.716
   2.783
   2.849
   2.907
   2.956
   2.999
   2.864
   0.000
 -65.534
 -65.534
 -65.534
 -65.534
 -65.534
 -65.534
 -65.534
 -65.534
 -65.534
 -65.534
 -65.534
 -65.534
 -65.534
 -65.534
 -65.534
 -65.534
 -65.534
 -65.534
 -65.534
 -65.534
   0.865
   0.876
   0.883
   0.886
   0.884
   0.899
   0.923
   0.960
   1.007
   1.066
   1.124
   1.182
   1.224
   1.251
   1.249
   1.156
 -65.534
 -65.534
 -65.534
 -65.534
   1.363
   1.473
   1.530
   1.602
   1.672
   1.746
   1.820
   1.903
   1.988
   2.077
   2.153
   2.212
   2.259
   2.298
   2.329
   2.361
   2.398
   2.444
   2.498
   2.560
   2.628
   2.695
   2.760
   2.816
   2.872
   2.917
   2.971
   2.830
   0.000
 -65.534
 -65.534
 -65.534
 -65.534
 -65.534
 -65.534
 -65.534
 -65.534
 -65.534
 -65.534
 -65.534
 -65.534
 -65.534
 -65.534
 -65.534
 -65.534
 -65.534
 -65.534
 -65.534
 -65.534
 -65.534
 -65.534
 -65.534
 -65.534
   0.897
   0.914
   0.932
   0.960
   1.006
   1.057
   1.106
   1.160
   1.198
   1.213
   1.185
   1.068
 -65.534
 -65.534
 -65.534
 -65.534
 -65.534
 -65.534
   1.476
   1.602
   1.670
   1.721
   1.780
   1.846
   1.926
   2.009
   2.090
   2.164
   2.223
   2.269
   2.308
   2.343
   2.379
   2.424
   2.479
   2.543
   2.611
   2.678
   2.742
   2.798
   2.850
   2.893
   2.945
   2.798
   0.000
 -65.534
 -65.534
 -65.534
 -65.534
 -65.534
 -65.534
 -65.534
 -65.534
 -65.534
 -65.534
 -65.534
 -65.534
 -65.534
 -65.534
 -65.534
 -65.534
 -65.534
 -65.534
 -65.534
 -65.534
 -65.534
 -65.534
 -65.534
 -65.534
   0.996
   1.004
   1.021
   1.041
   1.066
   1.070
   1.108
   1.149
   1.183
   1.184
   1.151
   1.067
 -65.534
 -65.534
 -65.534
 -65.534
 -65.534
 -65.534
 -65.534
   1.523
   1.662
   1.741
   1.778
   1.817
   1.870
   1.939
   2.021
   2.100
   2.168
   2.227
   2.275
   2.315
   2.359
   2.412
   2.471
   2.532
   2.597
   2.660
   2.717
   2.771
   2.823
   2.864
   2.912
   2.736
   0.000
 -65.534
 -65.534
 -65.534
 -65.534
 -65.534
 -65.534
 -65.534
 -65.534
 -65.534
 -65.534
 -65.534
 -65.534
 -65.534
 -65.534
 -65.534
 -65.534
 -65.534
 -65.534
 -65.534
 -65.534
 -65.534
 -65.534
 -65.534
 -65.534
 -65.534
 -65.534
 -65.534
 -65.534
 -65.534
   1.144
   1.166
   1.185
   1.186
   1.178
   1.141
   1.047
   0.511
 -65.534
 -65.534
 -65.534
 -65.534
 -65.534
 -65.534
   1.468
   1.584
 -65.534
   1.609
   1.763
   1.843
   1.920
   1.978
   2.042
   2.108
   2.170
   2.231
   2.289
   2.349
   2.407
   2.465
   2.523
   2.577
   2.632
   2.681
   2.729
   2.772
   2.804
   2.843
   2.631
   0.000
 -65.534
 -65.534
 -65.534
 -65.534
 -65.534
 -65.534
 -65.534
 -65.534
 -65.534
 -65.534
 -65.534
 -65.534
 -65.534
 -65.534
 -65.534
 -65.534
 -65.534
 -65.534
 -65.534
 -65.534
 -65.534
 -65.534
 -65.534
 -65.534
 -65.534
 -65.534
 -65.534
 -65.534
 -65.534
 -65.534
 -65.534
 -65.534
   1.190
   1.183
   1.143
   1.030
   0.613
   0.365
 -65.534
 -65.534
 -65.534
 -65.534
 -65.534
 -65.534
 -65.534
 -65.534
 -65.534
 -65.534
 -65.534
   1.667
   1.900
   2.013
   2.103
   2.154
   2.211
   2.268
   2.325
   2.379
   2.430
   2.479
   2.522
   2.565
   2.603
   2.633
   2.656
   2.663
   2.667
   2.421
   0.000
 -65.534
 -65.534
 -65.534
 -65.534
 -65.534
 -65.534
 -65.534
 -65.534
 -65.534
 -65.534
 -65.534
 -65.534
 -65.534
 -65.534
 -65.534
 -65.534
 -65.534
 -65.534
 -65.534
 -65.534
 -65.534
 -65.534
 -65.534
 -65.534
 -65.534
 -65.534
 -65.534
 -65.534
 -65.534
 -65.534
 -65.534
 -65.534
   1.253
   1.221
   1.167
   1.024
   0.701
   0.422
   0.297
   0.268
 -65.534
 -65.534
 -65.534
 -65.534
 -65.534
 -65.534
 -65.534
 -65.534
 -65.534
 -65.534
 -65.534
 -65.534
   1.779
   2.054
   2.161
   2.250
   2.292
   2.330
   2.365
   2.392
   2.417
   2.437
   2.453
   2.461
   2.454
   2.432
   2.397
   2.131
   0.000
 -65.534
 -65.534
 -65.534
 -65.534
 -65.534
 -65.534
 -65.534
 -65.534
 -65.534
 -65.534
 -65.534
 -65.534
 -65.534
 -65.534
 -65.534
 -65.534
 -65.534
 -65.534
 -65.534
 -65.534
 -65.534
 -65.534
 -65.534
 -65.534
 -65.534
 -65.534
 -65.534
 -65.534
 -65.534
 -65.534
 -65.534
 -65.534
 -65.534
 -65.534
 -65.534
 -65.534
   0.649
   0.463
   0.328
   0.262
   0.247
   0.227
   0.220
   0.221
   0.224
 -65.534
 -65.534
 -65.534
 -65.534
 -65.534
 -65.534
 -65.534
 -65.534
 -65.534
 -65.534
   1.893
   2.176
   2.258
   2.282
   2.267
   2.254
   2.250
   2.242
   2.217
   2.173
   2.120
   2.050
   1.784
   0.000
 -65.534
 -65.534
 -65.534
 -65.534
 -65.534
 -65.534
 -65.534
 -65.534
 -65.534
 -65.534
 -65.534
 -65.534
 -65.534
 -65.534
 -65.534
 -65.534
 -65.534
 -65.534
 -65.534
 -65.534
 -65.534
 -65.534
 -65.534
 -65.534
 -65.534
 -65.534
 -65.534
 -65.534
 -65.534
 -65.534
 -65.534
 -65.534
 -65.534
 -65.534
 -65.534
 -65.534
 -65.534
 -65.534
 -65.534
 -65.534
   0.196
 -65.534
 -65.534
 -65.534
 -65.534
 -65.534
 -65.534
 -65.534
 -65.534
 -65.534
 -65.534
 -65.534
 -65.534
 -65.534
 -65.534
   1.384
   1.841
   2.014
   2.061
   2.142
   2.099
   2.041
   2.000
   1.947
   1.873
   1.787
   1.681
   1.411
   0.000
 -65.534
 -65.534
 -65.534
 -65.534
 -65.534
 -65.534
 -65.534
 -65.534
 -65.534
 -65.534
 -65.534
 -65.534
 -65.534
 -65.534
 -65.534
 -65.534
 -65.534
 -65.534
 -65.534
 -65.534
 -65.534
 -65.534
 -65.534
 -65.534
 -65.534
 -65.534
 -65.534
 -65.534
 -65.534
 -65.534
 -65.534
 -65.534
 -65.534
 -65.534
 -65.534
 -65.534
 -65.534
 -65.534
 -65.534
 -65.534
 -65.534
 -65.534
 -65.534
 -65.534
 -65.534
 -65.534
 -65.534
 -65.534
 -65.534
 -65.534
 -65.534
 -65.534
 -65.534
 -65.534
 -65.534
 -65.534
 -65.534
 -65.534
 -65.534
   1.412
   1.671
   1.689
   1.610
   1.510
   1.406
   1.292
   1.165
   0.927
   0.000
 -65.534
 -65.534
 -65.534
 -65.534
 -65.534
 -65.534
 -65.534
 -65.534
 -65.534
 -65.534
 -65.534
 -65.534
 -65.534
 -65.534
 -65.534
 -65.534
 -65.534
 -65.534
 -65.534
 -65.534
 -65.534
 -65.534
 -65.534
 -65.534
 -65.534
 -65.534
 -65.534
 -65.534
 -65.534
 -65.534
 -65.534
 -65.534
 -65.534
 -65.534
 -65.534
 -65.534
 -65.534
 -65.534
 -65.534
 -65.534
 -65.534
 -65.534
 -65.534
 -65.534
 -65.534
 -65.534
 -65.534
 -65.534
 -65.534
 -65.534
 -65.534
 -65.534
 -65.534
 -65.534
 -65.534
 -65.534
 -65.534
 -65.534
 -65.534
 -65.534
 -65.534
   0.000
   0.000
   0.000
   0.000
   0.000
   0.000
   0.000
 -65.534
