 -65.534
   0.000
   0.000
   0.000
   0.000
   0.000
   0.000
   0.000
   0.000
   0.000
   0.000
   0.000
   0.000
   0.000
   0.000
   0.000
   0.000
   0.000
   0.000
   0.000
   0.000
   0.000
   0.000
   0.000
   0.000
   0.000
   0.000
   0.000
   0.000
   0.000
   0.000
   0.000
   0.000
   0.000
   0.000
   0.000
   0.000
   0.000
   0.000
   0.000
   0.000
   0.000
   0.000
   0.000
   0.000
   0.000
   0.000
   0.000
   0.000
   0.000
   0.000
   0.000
   0.000
   0.000
   0.000
   0.000
   0.000
   0.000
   0.000
   0.000
   0.000
   0.000
   0.000
   0.000
   0.000
   0.000
   0.000
   0.000
 -65.534
   0.000
   1.277
   1.426
   1.518
   1.606
   1.680
   1.731
   1.759
   1.766
   1.766
   1.764
   1.760
   1.758
   1.746
   1.723
   1.690
   1.647
   1.603
   1.566
   1.547
   1.547
   1.556
   1.569
   1.605
   1.566
   1.505
   1.456
   1.435
   1.411
   1.395
   1.376
   1.354
   1.339
   1.332
   1.298
   1.268
   1.224
   1.176
   1.126
   1.063
   1.001
   0.922
   0.840
   0.749
   0.669
   0.592
   0.524
   0.469
   0.430
   0.392
   0.354
   0.316
   0.287
   0.267
   0.272
   0.298
   0.334
   0.381
   0.441
   0.503
   0.557
   0.594
   0.624
   0.652
   0.662
   0.669
   0.673
   0.680
   0.000
   0.000
   1.452
   1.606
   1.696
   1.792
   1.876
   1.945
   1.994
   2.020
   2.035
   2.046
   2.052
   2.056
   2.048
   2.023
   1.983
   1.936
   1.882
   1.826
   1.780
   1.753
   1.737
   1.729
   1.741
   1.708
   1.662
   1.622
   1.599
   1.590
   1.587
   1.586
   1.582
   1.577
   1.573
   1.550
   1.521
   1.485
   1.436
   1.379
   1.313
   1.236
   1.143
   1.029
   0.909
   0.797
   0.698
   0.618
   0.547
   0.485
   0.431
   0.379
   0.333
   0.303
   0.289
   0.293
   0.318
   0.361
   0.417
   0.485
   0.560
   0.629
   0.688
   0.745
   0.792
   0.825
   0.843
   0.856
   0.853
   0.000
   0.000
   1.538
   1.693
   1.769
   1.848
   1.918
   1.982
   2.036
   2.076
   2.107
   2.130
   2.146
   2.156
   2.149
   2.123
   2.075
   2.017
   1.957
   1.899
   1.846
   1.806
   1.778
   1.760
   1.749
   1.729
   1.691
   1.662
   1.647
   1.640
   1.640
   1.651
   1.662
   1.676
   1.690
   1.680
   1.664
   1.633
   1.587
   1.529
   1.454
   1.367
   1.259
   1.130
   0.991
   0.857
   0.741
   0.648
   0.567
   0.493
   0.431
   0.370
   0.322
   0.288
   0.273
   0.283
   0.310
   0.350
   0.406
   0.476
   0.552
   0.627
   0.702
   0.773
   0.838
   0.884
   0.916
   0.934
   0.928
   0.000
   0.000
   1.608
   1.767
   1.828
   1.882
   1.935
   1.985
   2.029
   2.070
   2.103
   2.133
   2.156
   2.167
   2.164
   2.132
   2.082
   2.021
   1.962
   1.912
   1.865
   1.827
   1.800
   1.779
   1.760
   1.740
   1.711
   1.693
   1.680
   1.676
   1.678
   1.693
   1.716
   1.744
   1.768
   1.781
   1.776
   1.748
   1.707
   1.642
   1.563
   1.468
   1.351
   1.210
   1.058
   0.908
   0.772
   0.660
   0.568
   0.486
   0.412
   0.349
   0.297
   0.261
   0.245
   0.250
   0.278
   0.316
   0.363
   0.428
   0.505
   0.590
   0.672
   0.758
   0.834
   0.895
   0.941
   0.970
   0.964
   0.000
   0.000
   1.659
   1.828
   1.886
   1.930
   1.960
   1.988
   2.019
   2.046
   2.073
   2.099
   2.117
   2.124
   2.113
   2.081
   2.032
   1.975
   1.926
   1.886
   1.853
   1.820
   1.796
   1.781
   1.769
   1.742
   1.720
   1.716
   1.711
   1.707
   1.712
   1.730
   1.760
   1.796
   1.833
   1.855
   1.855
   1.836
   1.796
   1.728
   1.644
   1.543
   1.420
   1.275
   1.116
   0.953
   0.804
   0.669
   0.563
   0.471
   0.388
   0.317
   0.265
   0.224
   0.207
   0.211
   0.232
   0.262
   0.310
   0.371
   0.444
   0.531
   0.628
   0.719
   0.811
   0.888
   0.945
   0.986
   0.984
   0.000
   0.000
   1.680
   1.880
   1.943
   1.980
   1.998
   2.009
   2.024
   2.037
   2.056
   2.068
   2.078
   2.075
   2.057
   2.025
   1.979
   1.932
   1.890
   1.859
   1.829
   1.801
   1.781
   1.768
   1.754
   1.740
   1.738
   1.742
   1.740
   1.739
   1.742
   1.765
   1.795
   1.835
   1.868
   1.897
   1.904
   1.891
   1.849
   1.787
   1.704
   1.604
   1.482
   1.335
   1.172
   1.002
   0.840
   0.695
   0.565
   0.457
   0.364
   0.287
   0.227
   0.186
   0.165
   0.167
   0.182
   0.211
   0.249
   0.302
   0.373
   0.463
   0.562
   0.667
   0.767
   0.859
   0.936
   0.993
   1.002
   0.000
   0.000
   1.665
   1.894
   1.978
   2.025
   2.041
   2.047
   2.047
   2.053
   2.060
   2.068
   2.065
   2.051
   2.024
   1.989
   1.946
   1.903
   1.865
   1.836
   1.810
   1.785
   1.769
   1.761
   1.759
   1.756
   1.760
   1.765
   1.766
   1.764
   1.767
   1.786
   1.816
   1.853
   1.883
   1.908
   1.915
   1.907
   1.874
   1.819
   1.747
   1.657
   1.538
   1.397
   1.237
   1.067
   0.893
   0.733
   0.586
   0.455
   0.347
   0.259
   0.187
   0.142
   0.118
   0.116
   0.129
   0.151
   0.183
   0.233
   0.300
   0.385
   0.489
   0.603
   0.720
   0.826
   0.917
   0.990
   1.018
   0.000
   0.000
   1.607
   1.870
   1.981
   2.050
   2.079
   2.088
   2.089
   2.091
   2.093
   2.094
   2.080
   2.056
   2.022
   1.978
   1.932
   1.891
   1.854
   1.821
   1.798
   1.780
   1.768
   1.764
   1.772
   1.776
   1.780
   1.783
   1.786
   1.781
   1.782
   1.797
   1.826
   1.855
   1.883
   1.904
   1.914
   1.911
   1.886
   1.840
   1.783
   1.703
   1.597
   1.462
   1.310
   1.144
   0.967
   0.798
   0.637
   0.487
   0.357
   0.247
   0.157
   0.098
   0.067
   0.060
   0.069
   0.086
   0.112
   0.150
   0.223
   0.307
   0.417
   0.537
   0.665
   0.789
   0.898
   0.991
   1.024
   0.000
   0.000
   1.505
   1.787
   1.926
   2.023
   2.078
   2.110
   2.126
   2.133
   2.139
   2.134
   2.113
   2.079
   2.039
   1.993
   1.942
   1.895
   1.855
   1.821
   1.794
   1.781
   1.776
   1.780
   1.788
   1.790
   1.792
   1.795
   1.793
   1.788
   1.791
   1.805
   1.832
   1.859
   1.888
   1.910
   1.921
   1.922
   1.902
   1.864
   1.815
   1.749
   1.654
   1.533
   1.389
   1.230
   1.057
   0.882
   0.715
   0.554
   0.403
   0.259
   0.153
   0.073
   0.024
   0.002
   0.001
   0.013
   0.038
   0.081
   0.147
   0.242
   0.355
   0.483
   0.624
   0.758
   0.882
   0.991
   1.041
   0.000
   0.000
   1.376
   1.658
   1.810
   1.929
   2.013
   2.076
   2.120
   2.150
   2.168
   2.170
   2.148
   2.114
   2.073
   2.024
   1.973
   1.920
   1.876
   1.836
   1.810
   1.795
   1.790
   1.794
   1.800
   1.799
   1.799
   1.799
   1.797
   1.801
   1.809
   1.826
   1.850
   1.876
   1.907
   1.932
   1.944
   1.941
   1.925
   1.889
   1.848
   1.794
   1.713
   1.602
   1.470
   1.318
   1.149
   0.978
   0.810
   0.641
   0.469
   0.298
   0.180
   0.074
  -0.007
  -0.056
  -0.067
  -0.059
  -0.034
   0.014
   0.090
   0.192
   0.317
   0.454
   0.604
   0.752
   0.888
   1.005
   1.064
   0.000
   0.000
   1.256
   1.518
   1.670
   1.801
   1.905
   1.994
   2.066
   2.125
   2.170
   2.192
   2.185
   2.159
   2.123
   2.081
   2.026
   1.969
   1.916
   1.869
   1.838
   1.819
   1.811
   1.808
   1.810
   1.809
   1.807
   1.812
   1.818
   1.826
   1.841
   1.860
   1.885
   1.913
   1.943
   1.969
   1.982
   1.977
   1.957
   1.922
   1.886
   1.840
   1.770
   1.672
   1.547
   1.402
   1.240
   1.071
   0.898
   0.724
   0.542
   0.361
   0.221
   0.092
  -0.014
  -0.089
  -0.135
  -0.139
  -0.109
  -0.050
   0.042
   0.163
   0.300
   0.452
   0.613
   0.769
   0.914
   1.034
   1.096
   0.000
   0.000
   1.120
   1.396
   1.538
   1.670
   1.784
   1.886
   1.980
   2.060
   2.126
   2.177
   2.192
   2.186
   2.168
   2.134
   2.083
   2.021
   1.962
   1.910
   1.871
   1.844
   1.831
   1.825
   1.824
   1.824
   1.828
   1.836
   1.847
   1.860
   1.876
   1.903
   1.931
   1.963
   1.995
   2.019
   2.029
   2.025
   2.001
   1.966
   1.928
   1.888
   1.830
   1.744
   1.626
   1.484
   1.325
   1.158
   0.979
   0.797
   0.613
   0.434
   0.287
   0.142
   0.007
  -0.103
  -0.179
  -0.210
  -0.178
  -0.104
   0.008
   0.148
   0.306
   0.472
   0.643
   0.813
   0.962
   1.080
   1.131
   0.000
 -65.534
 -65.534
   1.192
   1.411
   1.533
   1.654
   1.764
   1.867
   1.959
   2.038
   2.101
   2.137
   2.150
   2.150
   2.134
   2.096
   2.045
   1.991
   1.937
   1.892
   1.860
   1.842
   1.836
   1.837
   1.842
   1.856
   1.871
   1.887
   1.901
   1.919
   1.948
   1.976
   2.013
   2.047
   2.071
   2.074
   2.065
   2.043
   2.010
   1.976
   1.938
   1.888
   1.813
   1.703
   1.568
   1.415
   1.244
   1.063
   0.877
   0.690
   0.514
   0.350
   0.197
   0.035
  -0.104
  -0.202
  -0.251
  -0.223
  -0.136
  -0.000
   0.162
   0.337
   0.522
   0.707
   0.879
   1.027
   1.141
   1.183
   0.000
 -65.534
 -65.534
 -65.534
   1.195
   1.394
   1.516
   1.635
   1.744
   1.835
   1.915
   1.982
   2.027
   2.055
   2.071
   2.073
   2.056
   2.027
   1.988
   1.939
   1.898
   1.864
   1.848
   1.841
   1.849
   1.867
   1.888
   1.913
   1.934
   1.947
   1.963
   1.987
   2.017
   2.052
   2.079
   2.089
   2.107
   2.098
   2.074
   2.046
   2.015
   1.981
   1.937
   1.871
   1.769
   1.642
   1.493
   1.328
   1.149
   0.961
   0.772
   0.594
   0.419
   0.251
   0.069
  -0.090
  -0.198
  -0.242
  -0.221
  -0.123
   0.026
   0.206
   0.397
   0.591
   0.781
   0.955
   1.097
   1.211
   1.244
   0.000
 -65.534
 -65.534
 -65.534
 -65.534
   1.214
   1.381
   1.505
   1.612
   1.698
   1.772
   1.834
   1.879
   1.914
   1.942
   1.963
   1.967
   1.959
   1.936
   1.899
   1.863
   1.838
   1.829
   1.832
   1.849
   1.878
   1.912
   1.947
   1.970
   1.983
   1.994
   2.009
   2.032
   2.058
   2.080
   2.091
   2.102
   2.088
   2.085
   2.067
   2.043
   2.021
   1.984
   1.918
   1.824
   1.702
   1.564
   1.410
   1.234
   1.050
   0.859
   0.676
   0.489
   0.303
   0.126
  -0.033
  -0.140
  -0.181
  -0.153
  -0.055
   0.100
   0.283
   0.478
   0.672
   0.859
   1.022
   1.158
   1.260
   1.281
   0.000
 -65.534
 -65.534
 -65.534
 -65.534
   1.101
   1.263
   1.384
   1.478
   1.555
   1.619
   1.675
   1.721
   1.756
   1.786
   1.812
   1.831
   1.838
   1.832
   1.809
   1.784
   1.772
   1.771
   1.782
   1.806
   1.843
   1.884
   1.926
   1.954
   1.971
   1.983
   1.994
   2.008
   2.025
   2.044
   2.059
   2.065
   2.060
   2.061
   2.043
   2.034
   2.025
   1.998
   1.941
   1.853
   1.738
   1.613
   1.472
   1.314
   1.139
   0.955
   0.759
   0.562
   0.380
   0.209
   0.076
  -0.017
  -0.046
  -0.017
   0.075
   0.220
   0.391
   0.572
   0.755
   0.922
   1.061
   1.183
   1.274
   1.279
   0.000
 -65.534
 -65.534
 -65.534
 -65.534
   1.021
   1.163
   1.272
   1.356
   1.413
   1.471
   1.526
   1.568
   1.600
   1.631
   1.657
   1.676
   1.686
   1.686
   1.678
   1.668
   1.664
   1.668
   1.682
   1.705
   1.740
   1.785
   1.832
   1.872
   1.899
   1.919
   1.930
   1.941
   1.951
   1.965
   1.981
   1.996
   2.004
   2.005
   1.994
   1.981
   1.964
   1.937
   1.911
   1.838
   1.738
   1.627
   1.498
   1.354
   1.194
   1.017
   0.824
   0.636
   0.467
   0.320
   0.215
   0.148
   0.127
   0.161
   0.249
   0.375
   0.521
   0.679
   0.831
   0.964
   1.079
   1.179
   1.257
   1.247
   0.000
 -65.534
 -65.534
 -65.534
 -65.534
   0.938
   1.046
   1.139
   1.211
   1.290
   1.334
   1.382
   1.421
   1.457
   1.488
   1.510
   1.524
   1.528
   1.529
   1.522
   1.519
   1.520
   1.522
   1.530
   1.549
   1.579
   1.620
   1.668
   1.713
   1.753
   1.786
   1.809
   1.819
   1.830
   1.842
   1.861
   1.884
   1.899
   1.905
   1.901
   1.884
   1.857
   1.829
   1.797
   1.737
   1.662
   1.575
   1.469
   1.339
   1.195
   1.037
   0.871
   0.705
   0.558
   0.439
   0.347
   0.300
   0.302
   0.345
   0.427
   0.539
   0.659
   0.781
   0.892
   0.991
   1.082
   1.162
   1.234
   1.211
   0.000
 -65.534
 -65.534
 -65.534
 -65.534
 -65.534
 -65.534
 -65.534
 -65.534
   1.088
   1.184
   1.242
   1.284
   1.321
   1.352
   1.373
   1.381
   1.383
   1.377
   1.368
   1.366
   1.363
   1.360
   1.359
   1.370
   1.393
   1.427
   1.472
   1.519
   1.561
   1.601
   1.631
   1.651
   1.664
   1.680
   1.694
   1.719
   1.738
   1.747
   1.748
   1.733
   1.708
   1.679
   1.636
   1.588
   1.535
   1.460
   1.359
   1.252
   1.144
   1.017
   0.887
   0.756
   0.637
   0.538
   0.475
   0.452
   0.467
   0.517
   0.598
   0.691
   0.784
   0.868
   0.937
   1.007
   1.077
   1.145
   1.211
   1.185
   0.000
 -65.534
 -65.534
 -65.534
 -65.534
 -65.534
 -65.534
   0.547
   0.683
   0.953
   1.070
   1.125
   1.173
   1.214
   1.240
   1.253
   1.256
   1.259
   1.255
   1.248
   1.238
   1.228
   1.215
   1.209
   1.210
   1.218
   1.246
   1.284
   1.324
   1.364
   1.404
   1.435
   1.455
   1.473
   1.486
   1.502
   1.519
   1.531
   1.538
   1.538
   1.528
   1.507
   1.481
   1.446
   1.406
   1.358
   1.291
   1.213
   1.141
   1.048
   0.946
   0.856
   0.769
   0.690
   0.630
   0.599
   0.599
   0.623
   0.677
   0.754
   0.826
   0.886
   0.927
   0.964
   1.008
   1.068
   1.130
   1.185
   1.163
   0.000
 -65.534
 -65.534
 -65.534
 -65.534
 -65.534
 -65.534
 -65.534
 -65.534
 -65.534
   0.899
   0.983
   1.027
   1.067
   1.095
   1.111
   1.157
   1.165
   1.171
   1.171
   1.154
   1.133
   1.111
   1.098
   1.090
   1.093
   1.106
   1.133
   1.164
   1.196
   1.226
   1.250
   1.271
   1.284
   1.297
   1.307
   1.319
   1.323
   1.322
   1.316
   1.306
   1.290
   1.268
   1.236
   1.202
   1.163
   1.111
   1.049
   0.993
   0.927
   0.872
   0.828
   0.795
   0.762
   0.739
   0.734
   0.750
   0.783
   0.836
   0.894
   0.938
   0.961
   0.968
   0.982
   1.016
   1.062
   1.114
   1.164
   1.138
   0.000
 -65.534
 -65.534
 -65.534
 -65.534
 -65.534
 -65.534
 -65.534
 -65.534
 -65.534
 -65.534
 -65.534
 -65.534
 -65.534
 -65.534
 -65.534
   0.897
   1.004
   1.047
   1.069
   1.089
   1.074
   1.053
   1.033
   1.022
   1.017
   1.026
   1.044
   1.064
   1.080
   1.097
   1.113
   1.124
   1.131
   1.138
   1.143
   1.145
   1.145
   1.136
   1.128
   1.119
   1.100
   1.076
   1.045
   1.014
   0.979
   0.939
   0.895
   0.857
   0.825
   0.806
   0.802
   0.808
   0.814
   0.827
   0.852
   0.886
   0.924
   0.968
   1.006
   1.017
   1.004
   0.994
   0.995
   1.018
   1.052
   1.104
   1.156
   1.122
   0.000
 -65.534
 -65.534
 -65.534
 -65.534
 -65.534
 -65.534
 -65.534
 -65.534
 -65.534
 -65.534
 -65.534
 -65.534
 -65.534
 -65.534
 -65.534
 -65.534
 -65.534
 -65.534
 -65.534
   0.923
   1.001
   1.016
   1.014
   1.006
   1.000
   1.002
   1.015
   1.024
   1.030
   1.033
   1.035
   1.034
   1.033
   1.032
   1.033
   1.033
   1.026
   1.012
   0.998
   0.982
   0.964
   0.941
   0.911
   0.881
   0.849
   0.819
   0.791
   0.774
   0.773
   0.783
   0.808
   0.843
   0.877
   0.914
   0.956
   1.004
   1.047
   1.080
   1.092
   1.070
   1.037
   1.014
   1.006
   1.019
   1.053
   1.102
   1.152
   1.105
   0.000
 -65.534
 -65.534
 -65.534
 -65.534
 -65.534
 -65.534
 -65.534
 -65.534
 -65.534
 -65.534
 -65.534
 -65.534
 -65.534
 -65.534
 -65.534
 -65.534
 -65.534
 -65.534
   0.728
   0.912
   0.976
   1.008
   1.023
   1.029
   1.025
   1.023
   1.027
   1.032
   1.032
   1.025
   1.018
   1.007
   0.999
   0.994
   0.991
   0.989
   0.983
   0.967
   0.948
   0.928
   0.911
   0.891
   0.868
   0.843
   0.821
   0.797
   0.779
   0.778
   0.789
   0.818
   0.859
   0.907
   0.954
   1.000
   1.047
   1.096
   1.137
   1.161
   1.153
   1.117
   1.074
   1.048
   1.032
   1.038
   1.062
   1.103
   1.144
   1.072
   0.000
 -65.534
 -65.534
 -65.534
 -65.534
 -65.534
 -65.534
 -65.534
 -65.534
 -65.534
 -65.534
 -65.534
 -65.534
 -65.534
 -65.534
 -65.534
 -65.534
 -65.534
   0.783
   0.901
   0.957
   1.008
   1.031
   1.051
   1.066
   1.070
   1.070
   1.069
   1.071
   1.068
   1.061
   1.049
   1.031
   1.019
   1.012
   1.008
   1.005
   0.997
   0.981
   0.961
   0.942
   0.926
   0.919
   0.913
   0.909
   0.899
   0.881
   0.864
   0.861
   0.877
   0.904
   0.943
   0.993
   1.037
   1.079
   1.116
   1.163
   1.200
   1.213
   1.195
   1.152
   1.111
   1.080
   1.062
   1.064
   1.081
   1.105
   1.123
   1.030
   0.000
 -65.534
 -65.534
 -65.534
 -65.534
 -65.534
 -65.534
 -65.534
 -65.534
 -65.534
 -65.534
 -65.534
 -65.534
 -65.534
 -65.534
 -65.534
 -65.534
 -65.534
   0.887
   0.958
   1.002
   1.043
   1.067
   1.086
   1.104
   1.114
   1.116
   1.119
   1.122
   1.119
   1.113
   1.103
   1.086
   1.070
   1.059
   1.053
   1.048
   1.040
   1.026
   1.007
   0.993
   0.987
   0.991
   1.006
   1.025
   1.033
   1.020
   1.002
   0.995
   1.002
   1.018
   1.042
   1.063
   1.084
   1.110
   1.131
   1.165
   1.204
   1.224
   1.208
   1.174
   1.140
   1.117
   1.099
   1.091
   1.095
   1.100
   1.096
   0.961
   0.000
 -65.534
 -65.534
 -65.534
 -65.534
 -65.534
 -65.534
 -65.534
 -65.534
 -65.534
 -65.534
 -65.534
 -65.534
 -65.534
 -65.534
 -65.534
 -65.534
 -65.534
   0.875
   0.959
   1.006
   1.050
   1.086
   1.118
   1.141
   1.152
   1.156
   1.160
   1.164
   1.163
   1.158
   1.153
   1.137
   1.121
   1.109
   1.100
   1.092
   1.087
   1.081
   1.073
   1.066
   1.069
   1.084
   1.108
   1.136
   1.153
   1.149
   1.137
   1.132
   1.132
   1.143
   1.155
   1.156
   1.163
   1.163
   1.161
   1.165
   1.189
   1.205
   1.205
   1.189
   1.171
   1.154
   1.136
   1.123
   1.102
   1.086
   1.046
   0.896
   0.000
 -65.534
 -65.534
 -65.534
 -65.534
 -65.534
 -65.534
 -65.534
 -65.534
 -65.534
 -65.534
 -65.534
 -65.534
 -65.534
 -65.534
 -65.534
 -65.534
 -65.534
   0.817
   0.913
   0.982
   1.039
   1.091
   1.138
   1.169
   1.178
   1.185
   1.188
   1.193
   1.197
   1.197
   1.195
   1.183
   1.169
   1.160
   1.150
   1.145
   1.144
   1.150
   1.158
   1.164
   1.178
   1.193
   1.212
   1.233
   1.247
   1.251
   1.248
   1.248
   1.249
   1.255
   1.257
   1.251
   1.241
   1.216
   1.185
   1.162
   1.154
   1.169
   1.171
   1.175
   1.174
   1.168
   1.154
   1.138
   1.107
   1.067
   1.009
   0.837
   0.000
 -65.534
 -65.534
 -65.534
 -65.534
 -65.534
 -65.534
 -65.534
 -65.534
 -65.534
 -65.534
 -65.534
 -65.534
 -65.534
 -65.534
 -65.534
 -65.534
 -65.534
 -65.534
   0.819
   0.929
   1.005
   1.067
   1.124
   1.162
   1.177
   1.186
   1.194
   1.201
   1.210
   1.221
   1.228
   1.221
   1.213
   1.205
   1.202
   1.196
   1.202
   1.220
   1.241
   1.260
   1.281
   1.295
   1.307
   1.315
   1.324
   1.330
   1.337
   1.344
   1.354
   1.358
   1.359
   1.340
   1.312
   1.268
   1.217
   1.168
   1.145
   1.138
   1.138
   1.145
   1.148
   1.150
   1.141
   1.121
   1.088
   1.034
   0.957
   0.777
   0.000
 -65.534
 -65.534
 -65.534
 -65.534
 -65.534
 -65.534
 -65.534
 -65.534
 -65.534
 -65.534
 -65.534
 -65.534
 -65.534
 -65.534
 -65.534
 -65.534
 -65.534
 -65.534
 -65.534
   0.828
   0.934
   1.005
   1.067
   1.109
   1.135
   1.154
   1.172
   1.186
   1.205
   1.224
   1.239
   1.241
   1.237
   1.230
   1.229
   1.235
   1.260
   1.276
   1.293
   1.316
   1.322
   1.330
   1.345
   1.358
   1.375
   1.392
   1.407
   1.418
   1.432
   1.437
   1.446
   1.421
   1.385
   1.337
   1.277
   1.221
   1.177
   1.147
   1.137
   1.134
   1.128
   1.121
   1.109
   1.085
   1.050
   1.000
   0.914
   0.730
   0.000
 -65.534
 -65.534
 -65.534
 -65.534
 -65.534
 -65.534
 -65.534
 -65.534
 -65.534
 -65.534
 -65.534
 -65.534
 -65.534
 -65.534
 -65.534
 -65.534
 -65.534
 -65.534
 -65.534
 -65.534
   0.845
   0.926
   0.993
   1.045
   1.091
   1.117
   1.137
   1.156
   1.173
   1.194
   1.210
   1.211
   1.190
   1.147
   1.076
   0.918
 -65.534
 -65.534
 -65.534
 -65.534
   1.151
   1.258
   1.310
   1.355
   1.402
   1.436
   1.460
   1.481
   1.494
   1.498
   1.495
   1.467
   1.427
   1.375
   1.310
   1.250
   1.198
   1.163
   1.135
   1.121
   1.112
   1.103
   1.087
   1.062
   1.020
   0.967
   0.890
   0.713
   0.000
 -65.534
 -65.534
 -65.534
 -65.534
 -65.534
 -65.534
 -65.534
 -65.534
 -65.534
 -65.534
 -65.534
 -65.534
 -65.534
 -65.534
 -65.534
 -65.534
 -65.534
 -65.534
 -65.534
 -65.534
 -65.534
 -65.534
 -65.534
 -65.534
   0.942
   1.032
   1.070
   1.092
   1.110
   1.130
   1.146
   1.143
   1.112
   1.054
   0.960
   0.804
 -65.534
 -65.534
 -65.534
 -65.534
 -65.534
 -65.534
   1.218
   1.331
   1.407
   1.461
   1.491
   1.501
   1.511
   1.503
   1.486
   1.467
   1.429
   1.373
   1.314
   1.254
   1.198
   1.154
   1.125
   1.111
   1.108
   1.099
   1.084
   1.059
   1.022
   0.968
   0.890
   0.726
   0.000
 -65.534
 -65.534
 -65.534
 -65.534
 -65.534
 -65.534
 -65.534
 -65.534
 -65.534
 -65.534
 -65.534
 -65.534
 -65.534
 -65.534
 -65.534
 -65.534
 -65.534
 -65.534
 -65.534
 -65.534
 -65.534
 -65.534
 -65.534
 -65.534
   0.817
   0.903
   0.950
   0.982
   1.013
   1.044
   1.058
   1.054
   1.023
   0.972
   0.899
   0.787
 -65.534
 -65.534
 -65.534
 -65.534
 -65.534
 -65.534
 -65.534
   1.248
   1.373
   1.447
   1.481
   1.492
   1.496
   1.489
   1.478
   1.457
   1.422
   1.375
   1.320
   1.264
   1.212
   1.172
   1.144
   1.125
   1.112
   1.099
   1.080
   1.056
   1.020
   0.974
   0.903
   0.746
   0.000
 -65.534
 -65.534
 -65.534
 -65.534
 -65.534
 -65.534
 -65.534
 -65.534
 -65.534
 -65.534
 -65.534
 -65.534
 -65.534
 -65.534
 -65.534
 -65.534
 -65.534
 -65.534
 -65.534
 -65.534
 -65.534
 -65.534
 -65.534
 -65.534
 -65.534
 -65.534
 -65.534
 -65.534
 -65.534
   0.796
   0.882
   0.912
   0.924
   0.905
   0.863
   0.811
   0.637
 -65.534
 -65.534
 -65.534
 -65.534
 -65.534
 -65.534
   1.024
   1.011
 -65.534
   1.294
   1.396
   1.432
   1.445
   1.440
   1.426
   1.405
   1.373
   1.333
   1.290
   1.245
   1.203
   1.170
   1.146
   1.125
   1.104
   1.077
   1.046
   1.009
   0.957
   0.885
   0.737
   0.000
 -65.534
 -65.534
 -65.534
 -65.534
 -65.534
 -65.534
 -65.534
 -65.534
 -65.534
 -65.534
 -65.534
 -65.534
 -65.534
 -65.534
 -65.534
 -65.534
 -65.534
 -65.534
 -65.534
 -65.534
 -65.534
 -65.534
 -65.534
 -65.534
 -65.534
 -65.534
 -65.534
 -65.534
 -65.534
 -65.534
 -65.534
 -65.534
   0.703
   0.790
   0.811
   0.796
   0.744
   0.589
 -65.534
 -65.534
 -65.534
 -65.534
 -65.534
 -65.534
 -65.534
 -65.534
 -65.534
 -65.534
 -65.534
   1.280
   1.371
   1.400
   1.397
   1.368
   1.335
   1.296
   1.253
   1.213
   1.180
   1.154
   1.125
   1.099
   1.065
   1.026
   0.978
   0.922
   0.845
   0.703
   0.000
 -65.534
 -65.534
 -65.534
 -65.534
 -65.534
 -65.534
 -65.534
 -65.534
 -65.534
 -65.534
 -65.534
 -65.534
 -65.534
 -65.534
 -65.534
 -65.534
 -65.534
 -65.534
 -65.534
 -65.534
 -65.534
 -65.534
 -65.534
 -65.534
 -65.534
 -65.534
 -65.534
 -65.534
 -65.534
 -65.534
 -65.534
 -65.534
   0.538
   0.646
   0.707
   0.719
   0.727
   0.687
   0.571
   0.465
 -65.534
 -65.534
 -65.534
 -65.534
 -65.534
 -65.534
 -65.534
 -65.534
 -65.534
 -65.534
 -65.534
 -65.534
   1.280
   1.320
   1.312
   1.273
   1.229
   1.194
   1.164
   1.136
   1.105
   1.071
   1.035
   0.991
   0.940
   0.880
   0.802
   0.664
   0.000
 -65.534
 -65.534
 -65.534
 -65.534
 -65.534
 -65.534
 -65.534
 -65.534
 -65.534
 -65.534
 -65.534
 -65.534
 -65.534
 -65.534
 -65.534
 -65.534
 -65.534
 -65.534
 -65.534
 -65.534
 -65.534
 -65.534
 -65.534
 -65.534
 -65.534
 -65.534
 -65.534
 -65.534
 -65.534
 -65.534
 -65.534
 -65.534
 -65.534
 -65.534
 -65.534
 -65.534
   0.468
   0.570
   0.587
   0.566
   0.474
   0.413
   0.384
   0.368
   0.373
 -65.534
 -65.534
 -65.534
 -65.534
 -65.534
 -65.534
 -65.534
 -65.534
 -65.534
 -65.534
   1.150
   1.164
   1.144
   1.123
   1.097
   1.063
   1.029
   0.987
   0.946
   0.894
   0.836
   0.759
   0.630
   0.000
 -65.534
 -65.534
 -65.534
 -65.534
 -65.534
 -65.534
 -65.534
 -65.534
 -65.534
 -65.534
 -65.534
 -65.534
 -65.534
 -65.534
 -65.534
 -65.534
 -65.534
 -65.534
 -65.534
 -65.534
 -65.534
 -65.534
 -65.534
 -65.534
 -65.534
 -65.534
 -65.534
 -65.534
 -65.534
 -65.534
 -65.534
 -65.534
 -65.534
 -65.534
 -65.534
 -65.534
 -65.534
 -65.534
 -65.534
 -65.534
   0.332
 -65.534
 -65.534
 -65.534
 -65.534
 -65.534
 -65.534
 -65.534
 -65.534
 -65.534
 -65.534
 -65.534
 -65.534
 -65.534
 -65.534
   1.142
   1.155
   1.126
   1.098
   1.070
   1.022
   0.969
   0.921
   0.880
   0.836
   0.785
   0.717
   0.599
   0.000
 -65.534
 -65.534
 -65.534
 -65.534
 -65.534
 -65.534
 -65.534
 -65.534
 -65.534
 -65.534
 -65.534
 -65.534
 -65.534
 -65.534
 -65.534
 -65.534
 -65.534
 -65.534
 -65.534
 -65.534
 -65.534
 -65.534
 -65.534
 -65.534
 -65.534
 -65.534
 -65.534
 -65.534
 -65.534
 -65.534
 -65.534
 -65.534
 -65.534
 -65.534
 -65.534
 -65.534
 -65.534
 -65.534
 -65.534
 -65.534
 -65.534
 -65.534
 -65.534
 -65.534
 -65.534
 -65.534
 -65.534
 -65.534
 -65.534
 -65.534
 -65.534
 -65.534
 -65.534
 -65.534
 -65.534
 -65.534
 -65.534
 -65.534
 -65.534
   0.969
   0.963
   0.914
   0.850
   0.808
   0.775
   0.741
   0.689
   0.574
   0.000
 -65.534
 -65.534
 -65.534
 -65.534
 -65.534
 -65.534
 -65.534
 -65.534
 -65.534
 -65.534
 -65.534
 -65.534
 -65.534
 -65.534
 -65.534
 -65.534
 -65.534
 -65.534
 -65.534
 -65.534
 -65.534
 -65.534
 -65.534
 -65.534
 -65.534
 -65.534
 -65.534
 -65.534
 -65.534
 -65.534
 -65.534
 -65.534
 -65.534
 -65.534
 -65.534
 -65.534
 -65.534
 -65.534
 -65.534
 -65.534
 -65.534
 -65.534
 -65.534
 -65.534
 -65.534
 -65.534
 -65.534
 -65.534
 -65.534
 -65.534
 -65.534
 -65.534
 -65.534
 -65.534
 -65.534
 -65.534
 -65.534
 -65.534
 -65.534
 -65.534
 -65.534
   0.000
   0.000
   0.000
   0.000
   0.000
   0.000
   0.000
 -65.534
