 -65.534
   0.000
   0.000
   0.000
   0.000
   0.000
   0.000
   0.000
   0.000
   0.000
   0.000
   0.000
   0.000
   0.000
   0.000
   0.000
   0.000
   0.000
   0.000
   0.000
   0.000
   0.000
   0.000
   0.000
   0.000
   0.000
   0.000
   0.000
   0.000
   0.000
   0.000
   0.000
   0.000
   0.000
   0.000
   0.000
   0.000
   0.000
   0.000
   0.000
   0.000
   0.000
   0.000
   0.000
   0.000
   0.000
   0.000
   0.000
   0.000
   0.000
   0.000
   0.000
   0.000
   0.000
   0.000
   0.000
   0.000
   0.000
   0.000
   0.000
   0.000
   0.000
   0.000
   0.000
   0.000
   0.000
   0.000
   0.000
 -65.534
   0.000
   0.934
   1.023
   1.065
   1.115
   1.161
   1.204
   1.243
   1.280
   1.310
   1.333
   1.353
   1.371
   1.389
   1.406
   1.428
   1.447
   1.466
   1.489
   1.523
   1.564
   1.605
   1.644
   1.686
   1.686
   1.665
   1.642
   1.618
   1.587
   1.559
   1.534
   1.513
   1.501
   1.499
   1.492
   1.483
   1.471
   1.460
   1.454
   1.447
   1.451
   1.465
   1.478
   1.490
   1.490
   1.479
   1.465
   1.457
   1.458
   1.468
   1.483
   1.507
   1.536
   1.561
   1.592
   1.605
   1.607
   1.600
   1.589
   1.579
   1.570
   1.561
   1.553
   1.546
   1.534
   1.524
   1.516
   1.430
   0.000
   0.000
   1.024
   1.102
   1.134
   1.181
   1.224
   1.273
   1.321
   1.365
   1.405
   1.436
   1.461
   1.478
   1.495
   1.509
   1.523
   1.538
   1.556
   1.576
   1.604
   1.636
   1.671
   1.702
   1.734
   1.735
   1.717
   1.698
   1.674
   1.652
   1.636
   1.620
   1.608
   1.605
   1.607
   1.608
   1.601
   1.590
   1.578
   1.567
   1.564
   1.572
   1.588
   1.607
   1.623
   1.627
   1.619
   1.613
   1.620
   1.633
   1.653
   1.680
   1.715
   1.754
   1.791
   1.821
   1.838
   1.847
   1.851
   1.847
   1.842
   1.833
   1.821
   1.806
   1.793
   1.776
   1.760
   1.744
   1.649
   0.000
   0.000
   1.032
   1.103
   1.129
   1.168
   1.209
   1.254
   1.305
   1.352
   1.394
   1.426
   1.449
   1.468
   1.485
   1.498
   1.508
   1.520
   1.533
   1.549
   1.573
   1.600
   1.628
   1.656
   1.677
   1.686
   1.677
   1.664
   1.647
   1.630
   1.616
   1.608
   1.607
   1.612
   1.621
   1.627
   1.630
   1.623
   1.609
   1.601
   1.597
   1.604
   1.617
   1.636
   1.651
   1.659
   1.657
   1.660
   1.675
   1.699
   1.730
   1.765
   1.806
   1.849
   1.890
   1.921
   1.946
   1.964
   1.969
   1.964
   1.957
   1.948
   1.931
   1.911
   1.890
   1.872
   1.849
   1.827
   1.723
   0.000
   0.000
   1.038
   1.105
   1.123
   1.152
   1.187
   1.226
   1.270
   1.314
   1.355
   1.389
   1.416
   1.437
   1.456
   1.469
   1.476
   1.483
   1.494
   1.507
   1.526
   1.548
   1.572
   1.597
   1.616
   1.626
   1.626
   1.623
   1.614
   1.604
   1.600
   1.602
   1.607
   1.619
   1.633
   1.645
   1.651
   1.645
   1.633
   1.621
   1.619
   1.623
   1.631
   1.643
   1.660
   1.671
   1.679
   1.689
   1.713
   1.745
   1.784
   1.824
   1.868
   1.913
   1.958
   1.994
   2.022
   2.040
   2.051
   2.046
   2.034
   2.021
   2.002
   1.980
   1.960
   1.938
   1.916
   1.894
   1.785
   0.000
   0.000
   1.043
   1.106
   1.120
   1.145
   1.171
   1.202
   1.236
   1.275
   1.312
   1.344
   1.371
   1.391
   1.407
   1.417
   1.423
   1.427
   1.435
   1.448
   1.462
   1.482
   1.503
   1.526
   1.547
   1.561
   1.570
   1.580
   1.583
   1.584
   1.592
   1.601
   1.615
   1.628
   1.645
   1.657
   1.664
   1.657
   1.645
   1.628
   1.624
   1.631
   1.637
   1.645
   1.657
   1.671
   1.683
   1.699
   1.729
   1.769
   1.816
   1.863
   1.911
   1.958
   2.005
   2.041
   2.068
   2.088
   2.095
   2.090
   2.079
   2.064
   2.042
   2.022
   2.001
   1.985
   1.965
   1.947
   1.836
   0.000
   0.000
   1.042
   1.104
   1.120
   1.141
   1.161
   1.185
   1.213
   1.246
   1.278
   1.306
   1.328
   1.346
   1.357
   1.364
   1.363
   1.365
   1.370
   1.380
   1.396
   1.413
   1.433
   1.453
   1.476
   1.498
   1.522
   1.548
   1.566
   1.579
   1.595
   1.611
   1.627
   1.643
   1.656
   1.666
   1.671
   1.665
   1.650
   1.635
   1.634
   1.637
   1.643
   1.646
   1.653
   1.662
   1.671
   1.686
   1.716
   1.762
   1.813
   1.871
   1.931
   1.985
   2.031
   2.067
   2.093
   2.113
   2.120
   2.113
   2.102
   2.086
   2.068
   2.047
   2.029
   2.015
   1.999
   1.982
   1.873
   0.000
   0.000
   1.041
   1.106
   1.122
   1.141
   1.157
   1.176
   1.200
   1.224
   1.252
   1.276
   1.295
   1.309
   1.317
   1.318
   1.317
   1.315
   1.317
   1.325
   1.337
   1.353
   1.374
   1.398
   1.425
   1.454
   1.486
   1.520
   1.549
   1.572
   1.596
   1.619
   1.637
   1.652
   1.665
   1.672
   1.675
   1.669
   1.657
   1.651
   1.653
   1.657
   1.655
   1.649
   1.650
   1.652
   1.649
   1.656
   1.680
   1.720
   1.778
   1.850
   1.921
   1.985
   2.037
   2.075
   2.103
   2.119
   2.126
   2.122
   2.113
   2.099
   2.078
   2.058
   2.041
   2.028
   2.015
   2.000
   1.897
   0.000
   0.000
   1.031
   1.103
   1.123
   1.142
   1.157
   1.174
   1.192
   1.212
   1.234
   1.255
   1.270
   1.281
   1.286
   1.286
   1.282
   1.277
   1.277
   1.282
   1.293
   1.310
   1.330
   1.357
   1.387
   1.421
   1.455
   1.492
   1.526
   1.556
   1.584
   1.613
   1.634
   1.652
   1.669
   1.676
   1.678
   1.677
   1.675
   1.679
   1.685
   1.683
   1.668
   1.659
   1.652
   1.647
   1.636
   1.631
   1.644
   1.677
   1.735
   1.810
   1.893
   1.970
   2.030
   2.075
   2.105
   2.123
   2.126
   2.120
   2.113
   2.099
   2.080
   2.057
   2.040
   2.029
   2.018
   2.005
   1.901
   0.000
   0.000
   1.008
   1.086
   1.114
   1.139
   1.156
   1.170
   1.188
   1.207
   1.227
   1.246
   1.258
   1.265
   1.265
   1.261
   1.255
   1.250
   1.249
   1.253
   1.263
   1.279
   1.301
   1.329
   1.361
   1.393
   1.427
   1.461
   1.497
   1.529
   1.562
   1.594
   1.619
   1.641
   1.662
   1.675
   1.685
   1.695
   1.702
   1.706
   1.708
   1.701
   1.687
   1.671
   1.662
   1.654
   1.645
   1.634
   1.633
   1.660
   1.710
   1.784
   1.873
   1.958
   2.030
   2.075
   2.108
   2.123
   2.123
   2.113
   2.102
   2.089
   2.070
   2.051
   2.031
   2.022
   2.012
   1.998
   1.897
   0.000
   0.000
   0.974
   1.054
   1.093
   1.124
   1.146
   1.162
   1.180
   1.203
   1.225
   1.244
   1.255
   1.262
   1.260
   1.254
   1.246
   1.235
   1.232
   1.235
   1.243
   1.259
   1.282
   1.313
   1.344
   1.376
   1.405
   1.435
   1.468
   1.502
   1.537
   1.571
   1.600
   1.626
   1.651
   1.673
   1.689
   1.705
   1.714
   1.717
   1.719
   1.712
   1.700
   1.686
   1.680
   1.673
   1.666
   1.657
   1.649
   1.667
   1.713
   1.781
   1.863
   1.946
   2.018
   2.067
   2.097
   2.110
   2.106
   2.095
   2.080
   2.069
   2.053
   2.033
   2.015
   2.004
   1.994
   1.981
   1.882
   0.000
   0.000
   0.938
   1.022
   1.063
   1.097
   1.122
   1.147
   1.171
   1.193
   1.219
   1.241
   1.260
   1.267
   1.269
   1.263
   1.252
   1.241
   1.231
   1.226
   1.231
   1.247
   1.270
   1.301
   1.330
   1.363
   1.391
   1.417
   1.448
   1.482
   1.516
   1.554
   1.586
   1.616
   1.644
   1.667
   1.688
   1.708
   1.720
   1.721
   1.724
   1.721
   1.713
   1.706
   1.697
   1.689
   1.688
   1.682
   1.679
   1.690
   1.728
   1.786
   1.859
   1.930
   1.994
   2.040
   2.069
   2.079
   2.076
   2.068
   2.059
   2.048
   2.034
   2.019
   2.002
   1.990
   1.982
   1.968
   1.872
   0.000
   0.000
   0.873
   0.995
   1.030
   1.064
   1.090
   1.117
   1.144
   1.174
   1.202
   1.230
   1.253
   1.267
   1.276
   1.274
   1.264
   1.252
   1.240
   1.230
   1.230
   1.240
   1.260
   1.287
   1.320
   1.352
   1.382
   1.411
   1.443
   1.471
   1.509
   1.547
   1.582
   1.614
   1.644
   1.668
   1.689
   1.705
   1.716
   1.720
   1.724
   1.726
   1.720
   1.713
   1.706
   1.698
   1.693
   1.694
   1.696
   1.709
   1.740
   1.788
   1.846
   1.904
   1.957
   1.995
   2.021
   2.034
   2.036
   2.032
   2.029
   2.025
   2.015
   2.005
   1.995
   1.986
   1.977
   1.964
   1.865
   0.000
 -65.534
 -65.534
   0.890
   0.990
   1.018
   1.048
   1.075
   1.105
   1.137
   1.169
   1.200
   1.226
   1.244
   1.257
   1.260
   1.259
   1.251
   1.240
   1.230
   1.229
   1.236
   1.253
   1.276
   1.308
   1.342
   1.377
   1.410
   1.440
   1.471
   1.505
   1.543
   1.580
   1.615
   1.647
   1.671
   1.688
   1.703
   1.710
   1.713
   1.716
   1.717
   1.714
   1.707
   1.698
   1.689
   1.683
   1.682
   1.690
   1.701
   1.728
   1.767
   1.815
   1.863
   1.905
   1.937
   1.959
   1.974
   1.981
   1.985
   1.989
   1.989
   1.987
   1.992
   1.991
   1.988
   1.981
   1.964
   1.861
   0.000
 -65.534
 -65.534
 -65.534
   0.868
   0.963
   0.995
   1.028
   1.058
   1.087
   1.116
   1.146
   1.174
   1.193
   1.207
   1.218
   1.224
   1.223
   1.222
   1.218
   1.219
   1.225
   1.241
   1.266
   1.299
   1.333
   1.370
   1.407
   1.441
   1.474
   1.507
   1.544
   1.578
   1.615
   1.645
   1.667
   1.691
   1.707
   1.712
   1.714
   1.713
   1.709
   1.707
   1.698
   1.687
   1.676
   1.663
   1.659
   1.662
   1.676
   1.699
   1.732
   1.772
   1.809
   1.841
   1.866
   1.890
   1.909
   1.921
   1.931
   1.939
   1.946
   1.956
   1.962
   1.972
   1.977
   1.975
   1.961
   1.851
   0.000
 -65.534
 -65.534
 -65.534
 -65.534
   0.878
   0.936
   0.971
   0.997
   1.022
   1.051
   1.082
   1.107
   1.129
   1.145
   1.159
   1.169
   1.177
   1.179
   1.181
   1.186
   1.198
   1.218
   1.245
   1.280
   1.316
   1.357
   1.397
   1.432
   1.467
   1.501
   1.535
   1.570
   1.602
   1.634
   1.660
   1.684
   1.700
   1.714
   1.716
   1.712
   1.706
   1.699
   1.689
   1.672
   1.657
   1.641
   1.631
   1.629
   1.636
   1.653
   1.678
   1.708
   1.741
   1.772
   1.797
   1.821
   1.843
   1.862
   1.878
   1.891
   1.901
   1.913
   1.925
   1.935
   1.948
   1.954
   1.946
   1.836
   0.000
 -65.534
 -65.534
 -65.534
 -65.534
   0.813
   0.872
   0.904
   0.927
   0.949
   0.977
   1.010
   1.037
   1.060
   1.083
   1.097
   1.107
   1.117
   1.122
   1.128
   1.134
   1.150
   1.174
   1.203
   1.239
   1.281
   1.325
   1.366
   1.405
   1.442
   1.476
   1.511
   1.545
   1.578
   1.611
   1.642
   1.668
   1.689
   1.704
   1.706
   1.706
   1.699
   1.686
   1.672
   1.654
   1.633
   1.611
   1.596
   1.587
   1.585
   1.594
   1.613
   1.639
   1.668
   1.694
   1.721
   1.749
   1.778
   1.802
   1.823
   1.841
   1.855
   1.868
   1.881
   1.897
   1.910
   1.922
   1.920
   1.815
   0.000
 -65.534
 -65.534
 -65.534
 -65.534
   0.753
   0.806
   0.836
   0.856
   0.874
   0.902
   0.935
   0.966
   0.993
   1.018
   1.037
   1.049
   1.055
   1.060
   1.065
   1.076
   1.091
   1.113
   1.144
   1.179
   1.220
   1.264
   1.308
   1.350
   1.389
   1.427
   1.464
   1.499
   1.535
   1.571
   1.606
   1.637
   1.664
   1.682
   1.689
   1.688
   1.680
   1.666
   1.648
   1.627
   1.600
   1.575
   1.554
   1.539
   1.531
   1.531
   1.542
   1.564
   1.590
   1.615
   1.643
   1.675
   1.707
   1.741
   1.769
   1.792
   1.809
   1.823
   1.837
   1.854
   1.870
   1.883
   1.884
   1.788
   0.000
 -65.534
 -65.534
 -65.534
 -65.534
   0.665
   0.710
   0.744
   0.772
   0.810
   0.832
   0.863
   0.894
   0.921
   0.947
   0.970
   0.981
   0.991
   1.000
   1.007
   1.015
   1.027
   1.048
   1.074
   1.108
   1.145
   1.186
   1.231
   1.273
   1.315
   1.355
   1.393
   1.430
   1.468
   1.506
   1.544
   1.582
   1.613
   1.636
   1.646
   1.646
   1.641
   1.627
   1.609
   1.587
   1.561
   1.535
   1.509
   1.489
   1.478
   1.471
   1.476
   1.491
   1.515
   1.542
   1.570
   1.604
   1.642
   1.680
   1.719
   1.748
   1.772
   1.794
   1.809
   1.825
   1.839
   1.853
   1.850
   1.762
   0.000
 -65.534
 -65.534
 -65.534
 -65.534
 -65.534
 -65.534
 -65.534
 -65.534
   0.712
   0.753
   0.788
   0.818
   0.846
   0.873
   0.893
   0.910
   0.922
   0.936
   0.950
   0.963
   0.975
   0.990
   1.009
   1.038
   1.073
   1.112
   1.151
   1.190
   1.230
   1.268
   1.306
   1.344
   1.383
   1.422
   1.461
   1.498
   1.533
   1.560
   1.574
   1.579
   1.575
   1.567
   1.552
   1.535
   1.512
   1.487
   1.464
   1.446
   1.429
   1.423
   1.424
   1.436
   1.454
   1.482
   1.512
   1.549
   1.590
   1.635
   1.677
   1.715
   1.751
   1.777
   1.797
   1.811
   1.824
   1.833
   1.829
   1.745
   0.000
 -65.534
 -65.534
 -65.534
 -65.534
 -65.534
 -65.534
   0.424
   0.495
   0.631
   0.682
   0.712
   0.741
   0.769
   0.794
   0.819
   0.840
   0.861
   0.882
   0.902
   0.918
   0.932
   0.945
   0.964
   0.986
   1.013
   1.047
   1.083
   1.120
   1.155
   1.191
   1.224
   1.259
   1.295
   1.332
   1.368
   1.402
   1.436
   1.462
   1.479
   1.489
   1.492
   1.488
   1.480
   1.471
   1.457
   1.437
   1.417
   1.400
   1.389
   1.381
   1.381
   1.391
   1.409
   1.435
   1.469
   1.507
   1.552
   1.596
   1.640
   1.683
   1.724
   1.762
   1.788
   1.804
   1.818
   1.825
   1.820
   1.727
   0.000
 -65.534
 -65.534
 -65.534
 -65.534
 -65.534
 -65.534
 -65.534
 -65.534
 -65.534
   0.593
   0.620
   0.646
   0.671
   0.697
   0.730
   0.775
   0.804
   0.832
   0.861
   0.881
   0.893
   0.908
   0.927
   0.953
   0.981
   1.008
   1.036
   1.067
   1.095
   1.124
   1.152
   1.184
   1.218
   1.251
   1.281
   1.310
   1.337
   1.359
   1.375
   1.387
   1.396
   1.402
   1.402
   1.397
   1.390
   1.379
   1.369
   1.356
   1.347
   1.343
   1.344
   1.353
   1.369
   1.397
   1.429
   1.468
   1.511
   1.556
   1.597
   1.638
   1.685
   1.729
   1.763
   1.783
   1.800
   1.808
   1.803
   1.700
   0.000
 -65.534
 -65.534
 -65.534
 -65.534
 -65.534
 -65.534
 -65.534
 -65.534
 -65.534
 -65.534
 -65.534
 -65.534
 -65.534
 -65.534
 -65.534
   0.626
   0.694
   0.743
   0.790
   0.845
   0.860
   0.878
   0.902
   0.932
   0.963
   0.992
   1.018
   1.038
   1.059
   1.081
   1.102
   1.125
   1.150
   1.176
   1.205
   1.229
   1.249
   1.266
   1.286
   1.298
   1.308
   1.317
   1.320
   1.323
   1.323
   1.321
   1.316
   1.313
   1.313
   1.311
   1.315
   1.324
   1.342
   1.367
   1.396
   1.433
   1.471
   1.510
   1.546
   1.583
   1.628
   1.677
   1.720
   1.750
   1.771
   1.775
   1.767
   1.656
   0.000
 -65.534
 -65.534
 -65.534
 -65.534
 -65.534
 -65.534
 -65.534
 -65.534
 -65.534
 -65.534
 -65.534
 -65.534
 -65.534
 -65.534
 -65.534
 -65.534
 -65.534
 -65.534
 -65.534
   0.747
   0.811
   0.850
   0.886
   0.921
   0.954
   0.985
   1.012
   1.036
   1.051
   1.062
   1.076
   1.092
   1.107
   1.128
   1.149
   1.171
   1.186
   1.200
   1.210
   1.223
   1.233
   1.242
   1.251
   1.258
   1.264
   1.268
   1.270
   1.276
   1.283
   1.288
   1.293
   1.305
   1.322
   1.344
   1.370
   1.397
   1.426
   1.459
   1.491
   1.521
   1.564
   1.614
   1.663
   1.704
   1.726
   1.734
   1.723
   1.610
   0.000
 -65.534
 -65.534
 -65.534
 -65.534
 -65.534
 -65.534
 -65.534
 -65.534
 -65.534
 -65.534
 -65.534
 -65.534
 -65.534
 -65.534
 -65.534
 -65.534
 -65.534
 -65.534
   0.589
   0.752
   0.799
   0.843
   0.884
   0.924
   0.958
   0.987
   1.012
   1.036
   1.054
   1.067
   1.072
   1.083
   1.092
   1.107
   1.125
   1.141
   1.157
   1.165
   1.171
   1.176
   1.187
   1.199
   1.209
   1.219
   1.225
   1.228
   1.230
   1.238
   1.250
   1.265
   1.279
   1.294
   1.311
   1.329
   1.342
   1.353
   1.375
   1.401
   1.427
   1.457
   1.496
   1.547
   1.596
   1.640
   1.671
   1.683
   1.677
   1.565
   0.000
 -65.534
 -65.534
 -65.534
 -65.534
 -65.534
 -65.534
 -65.534
 -65.534
 -65.534
 -65.534
 -65.534
 -65.534
 -65.534
 -65.534
 -65.534
 -65.534
 -65.534
   0.584
   0.710
   0.778
   0.815
   0.851
   0.892
   0.931
   0.962
   0.990
   1.016
   1.040
   1.060
   1.075
   1.083
   1.087
   1.096
   1.108
   1.120
   1.135
   1.144
   1.152
   1.154
   1.156
   1.164
   1.177
   1.195
   1.213
   1.223
   1.222
   1.219
   1.220
   1.229
   1.245
   1.264
   1.284
   1.299
   1.312
   1.319
   1.326
   1.335
   1.350
   1.367
   1.397
   1.430
   1.474
   1.524
   1.573
   1.607
   1.627
   1.625
   1.525
   0.000
 -65.534
 -65.534
 -65.534
 -65.534
 -65.534
 -65.534
 -65.534
 -65.534
 -65.534
 -65.534
 -65.534
 -65.534
 -65.534
 -65.534
 -65.534
 -65.534
 -65.534
   0.679
   0.761
   0.804
   0.837
   0.870
   0.906
   0.939
   0.966
   0.990
   1.018
   1.041
   1.063
   1.083
   1.094
   1.097
   1.104
   1.112
   1.121
   1.128
   1.137
   1.138
   1.138
   1.137
   1.143
   1.156
   1.181
   1.210
   1.229
   1.230
   1.218
   1.211
   1.216
   1.229
   1.247
   1.270
   1.291
   1.303
   1.307
   1.306
   1.306
   1.308
   1.317
   1.335
   1.368
   1.409
   1.457
   1.503
   1.541
   1.570
   1.576
   1.496
   0.000
 -65.534
 -65.534
 -65.534
 -65.534
 -65.534
 -65.534
 -65.534
 -65.534
 -65.534
 -65.534
 -65.534
 -65.534
 -65.534
 -65.534
 -65.534
 -65.534
 -65.534
   0.727
   0.788
   0.829
   0.859
   0.889
   0.921
   0.949
   0.970
   0.992
   1.013
   1.038
   1.060
   1.080
   1.094
   1.097
   1.103
   1.107
   1.112
   1.116
   1.116
   1.114
   1.112
   1.108
   1.112
   1.126
   1.150
   1.181
   1.202
   1.206
   1.199
   1.191
   1.194
   1.202
   1.220
   1.245
   1.268
   1.287
   1.299
   1.300
   1.295
   1.292
   1.292
   1.301
   1.322
   1.354
   1.396
   1.437
   1.479
   1.509
   1.528
   1.473
   0.000
 -65.534
 -65.534
 -65.534
 -65.534
 -65.534
 -65.534
 -65.534
 -65.534
 -65.534
 -65.534
 -65.534
 -65.534
 -65.534
 -65.534
 -65.534
 -65.534
 -65.534
   0.760
   0.810
   0.848
   0.878
   0.906
   0.934
   0.956
   0.973
   0.988
   1.007
   1.026
   1.048
   1.070
   1.084
   1.086
   1.091
   1.096
   1.098
   1.098
   1.095
   1.090
   1.085
   1.082
   1.083
   1.091
   1.110
   1.135
   1.154
   1.164
   1.161
   1.160
   1.163
   1.169
   1.187
   1.212
   1.240
   1.266
   1.289
   1.297
   1.297
   1.289
   1.283
   1.286
   1.296
   1.315
   1.343
   1.377
   1.408
   1.438
   1.471
   1.431
   0.000
 -65.534
 -65.534
 -65.534
 -65.534
 -65.534
 -65.534
 -65.534
 -65.534
 -65.534
 -65.534
 -65.534
 -65.534
 -65.534
 -65.534
 -65.534
 -65.534
 -65.534
 -65.534
   0.816
   0.856
   0.889
   0.914
   0.937
   0.954
   0.966
   0.976
   0.991
   1.009
   1.026
   1.046
   1.060
   1.062
   1.069
   1.072
   1.077
   1.078
   1.075
   1.072
   1.066
   1.061
   1.059
   1.061
   1.072
   1.090
   1.105
   1.116
   1.122
   1.126
   1.132
   1.140
   1.158
   1.184
   1.215
   1.247
   1.274
   1.291
   1.295
   1.288
   1.280
   1.276
   1.280
   1.290
   1.308
   1.326
   1.345
   1.367
   1.397
   1.366
   0.000
 -65.534
 -65.534
 -65.534
 -65.534
 -65.534
 -65.534
 -65.534
 -65.534
 -65.534
 -65.534
 -65.534
 -65.534
 -65.534
 -65.534
 -65.534
 -65.534
 -65.534
 -65.534
 -65.534
   0.845
   0.879
   0.902
   0.920
   0.933
   0.941
   0.947
   0.957
   0.970
   0.985
   1.002
   1.012
   1.021
   1.027
   1.035
   1.045
   1.054
   1.052
   1.049
   1.045
   1.040
   1.034
   1.024
   1.028
   1.041
   1.057
   1.073
   1.084
   1.097
   1.107
   1.122
   1.144
   1.171
   1.202
   1.235
   1.260
   1.277
   1.281
   1.277
   1.267
   1.260
   1.258
   1.263
   1.271
   1.282
   1.292
   1.303
   1.322
   1.281
   0.000
 -65.534
 -65.534
 -65.534
 -65.534
 -65.534
 -65.534
 -65.534
 -65.534
 -65.534
 -65.534
 -65.534
 -65.534
 -65.534
 -65.534
 -65.534
 -65.534
 -65.534
 -65.534
 -65.534
 -65.534
   0.852
   0.872
   0.889
   0.897
   0.910
   0.913
   0.918
   0.926
   0.935
   0.946
   0.950
   0.964
   0.972
   0.980
   0.984
   0.963
 -65.534
 -65.534
 -65.534
 -65.534
   0.842
   0.919
   0.965
   0.988
   1.013
   1.038
   1.059
   1.078
   1.096
   1.116
   1.139
   1.168
   1.198
   1.227
   1.250
   1.263
   1.263
   1.257
   1.246
   1.234
   1.228
   1.226
   1.226
   1.230
   1.236
   1.241
   1.252
   1.201
   0.000
 -65.534
 -65.534
 -65.534
 -65.534
 -65.534
 -65.534
 -65.534
 -65.534
 -65.534
 -65.534
 -65.534
 -65.534
 -65.534
 -65.534
 -65.534
 -65.534
 -65.534
 -65.534
 -65.534
 -65.534
 -65.534
 -65.534
 -65.534
 -65.534
   0.850
   0.871
   0.884
   0.891
   0.902
   0.911
   0.918
   0.935
   0.948
   0.959
   0.961
   0.925
 -65.534
 -65.534
 -65.534
 -65.534
 -65.534
 -65.534
   0.834
   0.927
   0.978
   1.019
   1.044
   1.068
   1.089
   1.110
   1.136
   1.159
   1.186
   1.212
   1.230
   1.238
   1.236
   1.227
   1.213
   1.196
   1.181
   1.176
   1.171
   1.166
   1.164
   1.164
   1.164
   1.113
   0.000
 -65.534
 -65.534
 -65.534
 -65.534
 -65.534
 -65.534
 -65.534
 -65.534
 -65.534
 -65.534
 -65.534
 -65.534
 -65.534
 -65.534
 -65.534
 -65.534
 -65.534
 -65.534
 -65.534
 -65.534
 -65.534
 -65.534
 -65.534
 -65.534
   0.790
   0.818
   0.841
   0.858
   0.875
   0.896
   0.903
   0.919
   0.933
   0.937
   0.928
   0.886
 -65.534
 -65.534
 -65.534
 -65.534
 -65.534
 -65.534
 -65.534
   0.840
   0.941
   0.997
   1.041
   1.064
   1.080
   1.095
   1.115
   1.137
   1.160
   1.181
   1.197
   1.203
   1.201
   1.189
   1.170
   1.149
   1.128
   1.115
   1.104
   1.092
   1.079
   1.066
   1.060
   1.008
   0.000
 -65.534
 -65.534
 -65.534
 -65.534
 -65.534
 -65.534
 -65.534
 -65.534
 -65.534
 -65.534
 -65.534
 -65.534
 -65.534
 -65.534
 -65.534
 -65.534
 -65.534
 -65.534
 -65.534
 -65.534
 -65.534
 -65.534
 -65.534
 -65.534
 -65.534
 -65.534
 -65.534
 -65.534
 -65.534
   0.799
   0.851
   0.873
   0.900
   0.898
   0.879
   0.832
   0.468
 -65.534
 -65.534
 -65.534
 -65.534
 -65.534
 -65.534
   0.758
   0.898
 -65.534
   0.859
   0.973
   1.028
   1.076
   1.098
   1.119
   1.134
   1.149
   1.160
   1.165
   1.159
   1.146
   1.123
   1.100
   1.073
   1.052
   1.028
   1.006
   0.982
   0.958
   0.942
   0.889
   0.000
 -65.534
 -65.534
 -65.534
 -65.534
 -65.534
 -65.534
 -65.534
 -65.534
 -65.534
 -65.534
 -65.534
 -65.534
 -65.534
 -65.534
 -65.534
 -65.534
 -65.534
 -65.534
 -65.534
 -65.534
 -65.534
 -65.534
 -65.534
 -65.534
 -65.534
 -65.534
 -65.534
 -65.534
 -65.534
 -65.534
 -65.534
 -65.534
   0.777
   0.820
   0.811
   0.761
   0.562
   0.343
 -65.534
 -65.534
 -65.534
 -65.534
 -65.534
 -65.534
 -65.534
 -65.534
 -65.534
 -65.534
 -65.534
   0.824
   0.979
   1.048
   1.107
   1.124
   1.127
   1.117
   1.103
   1.086
   1.062
   1.034
   1.006
   0.977
   0.948
   0.916
   0.890
   0.860
   0.836
   0.784
   0.000
 -65.534
 -65.534
 -65.534
 -65.534
 -65.534
 -65.534
 -65.534
 -65.534
 -65.534
 -65.534
 -65.534
 -65.534
 -65.534
 -65.534
 -65.534
 -65.534
 -65.534
 -65.534
 -65.534
 -65.534
 -65.534
 -65.534
 -65.534
 -65.534
 -65.534
 -65.534
 -65.534
 -65.534
 -65.534
 -65.534
 -65.534
 -65.534
   0.686
   0.719
   0.723
   0.680
   0.570
   0.435
   0.303
   0.222
 -65.534
 -65.534
 -65.534
 -65.534
 -65.534
 -65.534
 -65.534
 -65.534
 -65.534
 -65.534
 -65.534
 -65.534
   0.814
   0.969
   1.013
   1.040
   1.027
   1.005
   0.980
   0.953
   0.925
   0.895
   0.865
   0.834
   0.805
   0.781
   0.758
   0.707
   0.000
 -65.534
 -65.534
 -65.534
 -65.534
 -65.534
 -65.534
 -65.534
 -65.534
 -65.534
 -65.534
 -65.534
 -65.534
 -65.534
 -65.534
 -65.534
 -65.534
 -65.534
 -65.534
 -65.534
 -65.534
 -65.534
 -65.534
 -65.534
 -65.534
 -65.534
 -65.534
 -65.534
 -65.534
 -65.534
 -65.534
 -65.534
 -65.534
 -65.534
 -65.534
 -65.534
 -65.534
   0.421
   0.397
   0.338
   0.290
   0.232
   0.196
   0.174
   0.176
   0.189
 -65.534
 -65.534
 -65.534
 -65.534
 -65.534
 -65.534
 -65.534
 -65.534
 -65.534
 -65.534
   0.738
   0.872
   0.899
   0.891
   0.870
   0.846
   0.820
   0.792
   0.766
   0.743
   0.721
   0.699
   0.647
   0.000
 -65.534
 -65.534
 -65.534
 -65.534
 -65.534
 -65.534
 -65.534
 -65.534
 -65.534
 -65.534
 -65.534
 -65.534
 -65.534
 -65.534
 -65.534
 -65.534
 -65.534
 -65.534
 -65.534
 -65.534
 -65.534
 -65.534
 -65.534
 -65.534
 -65.534
 -65.534
 -65.534
 -65.534
 -65.534
 -65.534
 -65.534
 -65.534
 -65.534
 -65.534
 -65.534
 -65.534
 -65.534
 -65.534
 -65.534
 -65.534
   0.160
 -65.534
 -65.534
 -65.534
 -65.534
 -65.534
 -65.534
 -65.534
 -65.534
 -65.534
 -65.534
 -65.534
 -65.534
 -65.534
 -65.534
   0.568
   0.716
   0.781
   0.790
   0.793
   0.776
   0.744
   0.719
   0.699
   0.680
   0.666
   0.647
   0.591
   0.000
 -65.534
 -65.534
 -65.534
 -65.534
 -65.534
 -65.534
 -65.534
 -65.534
 -65.534
 -65.534
 -65.534
 -65.534
 -65.534
 -65.534
 -65.534
 -65.534
 -65.534
 -65.534
 -65.534
 -65.534
 -65.534
 -65.534
 -65.534
 -65.534
 -65.534
 -65.534
 -65.534
 -65.534
 -65.534
 -65.534
 -65.534
 -65.534
 -65.534
 -65.534
 -65.534
 -65.534
 -65.534
 -65.534
 -65.534
 -65.534
 -65.534
 -65.534
 -65.534
 -65.534
 -65.534
 -65.534
 -65.534
 -65.534
 -65.534
 -65.534
 -65.534
 -65.534
 -65.534
 -65.534
 -65.534
 -65.534
 -65.534
 -65.534
 -65.534
   0.594
   0.666
   0.673
   0.648
   0.635
   0.628
   0.621
   0.610
   0.546
   0.000
 -65.534
 -65.534
 -65.534
 -65.534
 -65.534
 -65.534
 -65.534
 -65.534
 -65.534
 -65.534
 -65.534
 -65.534
 -65.534
 -65.534
 -65.534
 -65.534
 -65.534
 -65.534
 -65.534
 -65.534
 -65.534
 -65.534
 -65.534
 -65.534
 -65.534
 -65.534
 -65.534
 -65.534
 -65.534
 -65.534
 -65.534
 -65.534
 -65.534
 -65.534
 -65.534
 -65.534
 -65.534
 -65.534
 -65.534
 -65.534
 -65.534
 -65.534
 -65.534
 -65.534
 -65.534
 -65.534
 -65.534
 -65.534
 -65.534
 -65.534
 -65.534
 -65.534
 -65.534
 -65.534
 -65.534
 -65.534
 -65.534
 -65.534
 -65.534
 -65.534
 -65.534
   0.000
   0.000
   0.000
   0.000
   0.000
   0.000
   0.000
 -65.534
