 -65.534
   0.000
   0.000
   0.000
   0.000
   0.000
   0.000
   0.000
   0.000
   0.000
   0.000
   0.000
   0.000
   0.000
   0.000
   0.000
   0.000
   0.000
   0.000
   0.000
   0.000
   0.000
   0.000
   0.000
   0.000
   0.000
   0.000
   0.000
   0.000
   0.000
   0.000
   0.000
   0.000
   0.000
   0.000
   0.000
   0.000
   0.000
   0.000
   0.000
   0.000
   0.000
   0.000
   0.000
   0.000
   0.000
   0.000
   0.000
   0.000
   0.000
   0.000
   0.000
   0.000
   0.000
   0.000
   0.000
   0.000
   0.000
   0.000
   0.000
   0.000
   0.000
   0.000
   0.000
   0.000
   0.000
   0.000
   0.000
 -65.534
   0.000
   0.878
   0.967
   1.015
   1.073
   1.127
   1.177
   1.220
   1.259
   1.298
   1.337
   1.376
   1.417
   1.457
   1.490
   1.527
   1.549
   1.570
   1.588
   1.605
   1.622
   1.635
   1.642
   1.649
   1.637
   1.613
   1.587
   1.558
   1.518
   1.481
   1.446
   1.407
   1.374
   1.342
   1.309
   1.272
   1.235
   1.201
   1.182
   1.169
   1.169
   1.177
   1.188
   1.194
   1.184
   1.166
   1.147
   1.136
   1.134
   1.141
   1.153
   1.164
   1.183
   1.192
   1.209
   1.213
   1.212
   1.210
   1.201
   1.192
   1.181
   1.168
   1.157
   1.141
   1.121
   1.098
   1.078
   1.006
   0.000
   0.000
   0.972
   1.055
   1.092
   1.149
   1.204
   1.261
   1.314
   1.361
   1.408
   1.452
   1.500
   1.547
   1.586
   1.617
   1.646
   1.668
   1.686
   1.698
   1.708
   1.720
   1.725
   1.727
   1.727
   1.712
   1.688
   1.661
   1.632
   1.598
   1.567
   1.532
   1.500
   1.467
   1.436
   1.401
   1.360
   1.317
   1.279
   1.245
   1.227
   1.218
   1.223
   1.228
   1.236
   1.229
   1.212
   1.201
   1.208
   1.217
   1.236
   1.259
   1.285
   1.312
   1.334
   1.355
   1.368
   1.377
   1.381
   1.379
   1.377
   1.370
   1.358
   1.342
   1.325
   1.310
   1.291
   1.267
   1.191
   0.000
   0.000
   0.984
   1.061
   1.094
   1.142
   1.196
   1.253
   1.309
   1.361
   1.410
   1.455
   1.500
   1.542
   1.579
   1.608
   1.630
   1.646
   1.655
   1.662
   1.671
   1.675
   1.679
   1.681
   1.677
   1.666
   1.647
   1.628
   1.605
   1.577
   1.547
   1.517
   1.490
   1.465
   1.436
   1.404
   1.366
   1.321
   1.278
   1.243
   1.215
   1.203
   1.200
   1.201
   1.200
   1.196
   1.185
   1.186
   1.198
   1.221
   1.247
   1.276
   1.306
   1.336
   1.366
   1.393
   1.415
   1.431
   1.436
   1.434
   1.430
   1.420
   1.409
   1.393
   1.382
   1.370
   1.358
   1.341
   1.268
   0.000
   0.000
   0.992
   1.066
   1.089
   1.131
   1.176
   1.227
   1.280
   1.332
   1.381
   1.427
   1.471
   1.512
   1.544
   1.566
   1.579
   1.587
   1.591
   1.593
   1.597
   1.599
   1.605
   1.606
   1.606
   1.599
   1.590
   1.578
   1.562
   1.544
   1.524
   1.502
   1.478
   1.457
   1.430
   1.401
   1.364
   1.317
   1.270
   1.229
   1.200
   1.181
   1.171
   1.164
   1.160
   1.155
   1.151
   1.159
   1.177
   1.207
   1.239
   1.273
   1.308
   1.339
   1.374
   1.403
   1.431
   1.448
   1.455
   1.454
   1.448
   1.441
   1.431
   1.421
   1.415
   1.413
   1.408
   1.403
   1.336
   0.000
   0.000
   1.006
   1.070
   1.090
   1.122
   1.159
   1.203
   1.250
   1.299
   1.343
   1.387
   1.426
   1.456
   1.481
   1.493
   1.499
   1.500
   1.498
   1.499
   1.501
   1.505
   1.508
   1.513
   1.517
   1.520
   1.520
   1.521
   1.518
   1.512
   1.500
   1.483
   1.462
   1.443
   1.417
   1.386
   1.349
   1.305
   1.255
   1.208
   1.176
   1.154
   1.140
   1.127
   1.116
   1.110
   1.111
   1.120
   1.145
   1.181
   1.219
   1.256
   1.295
   1.329
   1.363
   1.394
   1.420
   1.438
   1.446
   1.445
   1.444
   1.439
   1.435
   1.436
   1.437
   1.443
   1.450
   1.456
   1.395
   0.000
   0.000
   1.013
   1.078
   1.099
   1.125
   1.150
   1.184
   1.224
   1.268
   1.308
   1.344
   1.374
   1.397
   1.411
   1.414
   1.409
   1.407
   1.401
   1.398
   1.400
   1.405
   1.411
   1.417
   1.427
   1.439
   1.453
   1.468
   1.481
   1.486
   1.482
   1.469
   1.451
   1.426
   1.400
   1.369
   1.329
   1.284
   1.235
   1.192
   1.155
   1.132
   1.113
   1.098
   1.085
   1.074
   1.067
   1.072
   1.097
   1.136
   1.178
   1.225
   1.268
   1.307
   1.342
   1.371
   1.395
   1.415
   1.424
   1.424
   1.424
   1.430
   1.434
   1.440
   1.447
   1.462
   1.480
   1.495
   1.437
   0.000
   0.000
   1.018
   1.087
   1.105
   1.128
   1.150
   1.176
   1.208
   1.244
   1.278
   1.308
   1.330
   1.346
   1.352
   1.349
   1.338
   1.328
   1.320
   1.316
   1.315
   1.317
   1.327
   1.337
   1.353
   1.373
   1.396
   1.423
   1.444
   1.460
   1.463
   1.452
   1.429
   1.402
   1.371
   1.337
   1.298
   1.256
   1.214
   1.175
   1.145
   1.119
   1.103
   1.082
   1.063
   1.045
   1.027
   1.021
   1.036
   1.073
   1.121
   1.174
   1.227
   1.272
   1.311
   1.340
   1.366
   1.382
   1.392
   1.395
   1.401
   1.409
   1.418
   1.429
   1.447
   1.467
   1.491
   1.508
   1.456
   0.000
   0.000
   1.016
   1.092
   1.116
   1.137
   1.154
   1.175
   1.199
   1.226
   1.254
   1.279
   1.296
   1.305
   1.306
   1.299
   1.286
   1.273
   1.262
   1.256
   1.251
   1.252
   1.260
   1.275
   1.292
   1.317
   1.346
   1.378
   1.406
   1.425
   1.431
   1.421
   1.399
   1.371
   1.337
   1.300
   1.263
   1.229
   1.193
   1.164
   1.141
   1.121
   1.099
   1.081
   1.058
   1.031
   1.004
   0.987
   0.991
   1.018
   1.061
   1.116
   1.174
   1.230
   1.277
   1.312
   1.338
   1.356
   1.364
   1.367
   1.375
   1.386
   1.396
   1.411
   1.435
   1.460
   1.486
   1.509
   1.458
   0.000
   0.000
   0.999
   1.083
   1.117
   1.142
   1.158
   1.175
   1.194
   1.220
   1.243
   1.266
   1.278
   1.278
   1.273
   1.263
   1.248
   1.233
   1.220
   1.211
   1.207
   1.208
   1.217
   1.229
   1.247
   1.271
   1.299
   1.331
   1.363
   1.386
   1.393
   1.385
   1.363
   1.334
   1.300
   1.268
   1.237
   1.209
   1.182
   1.158
   1.141
   1.126
   1.108
   1.087
   1.064
   1.038
   1.006
   0.979
   0.973
   0.993
   1.026
   1.070
   1.131
   1.191
   1.245
   1.284
   1.315
   1.333
   1.345
   1.350
   1.361
   1.373
   1.386
   1.405
   1.429
   1.456
   1.482
   1.510
   1.465
   0.000
   0.000
   0.972
   1.061
   1.103
   1.135
   1.155
   1.172
   1.189
   1.212
   1.234
   1.253
   1.263
   1.263
   1.257
   1.245
   1.225
   1.206
   1.194
   1.185
   1.179
   1.181
   1.187
   1.199
   1.215
   1.237
   1.264
   1.295
   1.324
   1.346
   1.353
   1.347
   1.330
   1.306
   1.276
   1.245
   1.221
   1.199
   1.175
   1.154
   1.141
   1.128
   1.113
   1.095
   1.073
   1.050
   1.022
   0.994
   0.982
   0.993
   1.016
   1.048
   1.103
   1.159
   1.211
   1.252
   1.287
   1.309
   1.322
   1.335
   1.351
   1.370
   1.388
   1.409
   1.436
   1.465
   1.494
   1.524
   1.480
   0.000
   0.000
   0.944
   1.037
   1.081
   1.115
   1.138
   1.161
   1.180
   1.199
   1.221
   1.239
   1.254
   1.259
   1.254
   1.242
   1.221
   1.202
   1.183
   1.168
   1.160
   1.161
   1.167
   1.178
   1.189
   1.210
   1.235
   1.262
   1.291
   1.312
   1.323
   1.321
   1.310
   1.292
   1.264
   1.239
   1.216
   1.195
   1.174
   1.154
   1.142
   1.129
   1.117
   1.101
   1.079
   1.057
   1.037
   1.016
   1.007
   1.007
   1.017
   1.045
   1.090
   1.139
   1.187
   1.226
   1.255
   1.277
   1.296
   1.317
   1.344
   1.372
   1.398
   1.426
   1.456
   1.488
   1.521
   1.553
   1.511
   0.000
   0.000
   0.877
   1.012
   1.053
   1.085
   1.109
   1.135
   1.157
   1.183
   1.206
   1.229
   1.245
   1.254
   1.255
   1.245
   1.229
   1.208
   1.185
   1.164
   1.152
   1.148
   1.151
   1.158
   1.172
   1.191
   1.213
   1.241
   1.267
   1.291
   1.305
   1.307
   1.303
   1.292
   1.270
   1.250
   1.231
   1.209
   1.186
   1.166
   1.151
   1.140
   1.127
   1.112
   1.092
   1.070
   1.054
   1.040
   1.028
   1.026
   1.035
   1.057
   1.093
   1.134
   1.170
   1.201
   1.224
   1.246
   1.269
   1.299
   1.338
   1.376
   1.415
   1.453
   1.490
   1.527
   1.564
   1.592
   1.547
   0.000
 -65.534
 -65.534
   0.895
   1.013
   1.043
   1.070
   1.097
   1.125
   1.153
   1.179
   1.204
   1.222
   1.234
   1.237
   1.234
   1.223
   1.206
   1.186
   1.165
   1.147
   1.139
   1.138
   1.143
   1.155
   1.176
   1.200
   1.229
   1.257
   1.280
   1.297
   1.306
   1.310
   1.302
   1.288
   1.269
   1.253
   1.234
   1.211
   1.191
   1.173
   1.161
   1.149
   1.136
   1.116
   1.095
   1.076
   1.060
   1.051
   1.047
   1.054
   1.070
   1.094
   1.125
   1.149
   1.172
   1.192
   1.215
   1.242
   1.283
   1.332
   1.382
   1.432
   1.487
   1.535
   1.580
   1.618
   1.643
   1.591
   0.000
 -65.534
 -65.534
 -65.534
   0.879
   0.989
   1.022
   1.056
   1.085
   1.110
   1.137
   1.161
   1.182
   1.192
   1.198
   1.199
   1.194
   1.181
   1.168
   1.153
   1.141
   1.132
   1.129
   1.134
   1.146
   1.167
   1.196
   1.226
   1.255
   1.281
   1.299
   1.313
   1.319
   1.315
   1.307
   1.297
   1.278
   1.263
   1.245
   1.224
   1.211
   1.198
   1.188
   1.172
   1.149
   1.125
   1.102
   1.081
   1.071
   1.067
   1.066
   1.075
   1.093
   1.112
   1.125
   1.139
   1.162
   1.189
   1.222
   1.267
   1.325
   1.388
   1.451
   1.510
   1.572
   1.623
   1.664
   1.690
   1.630
   0.000
 -65.534
 -65.534
 -65.534
 -65.534
   0.905
   0.968
   1.004
   1.031
   1.054
   1.080
   1.106
   1.126
   1.139
   1.144
   1.146
   1.143
   1.137
   1.126
   1.118
   1.113
   1.112
   1.115
   1.122
   1.137
   1.161
   1.192
   1.223
   1.254
   1.279
   1.297
   1.313
   1.321
   1.324
   1.322
   1.316
   1.306
   1.297
   1.281
   1.266
   1.252
   1.243
   1.234
   1.218
   1.189
   1.163
   1.134
   1.109
   1.090
   1.079
   1.073
   1.076
   1.083
   1.093
   1.104
   1.116
   1.140
   1.174
   1.216
   1.268
   1.332
   1.398
   1.464
   1.532
   1.593
   1.649
   1.694
   1.721
   1.657
   0.000
 -65.534
 -65.534
 -65.534
 -65.534
   0.848
   0.913
   0.946
   0.970
   0.990
   1.017
   1.044
   1.065
   1.081
   1.091
   1.093
   1.086
   1.080
   1.073
   1.068
   1.067
   1.072
   1.082
   1.096
   1.114
   1.141
   1.172
   1.206
   1.236
   1.264
   1.286
   1.301
   1.311
   1.319
   1.323
   1.325
   1.325
   1.323
   1.315
   1.307
   1.294
   1.286
   1.277
   1.258
   1.229
   1.197
   1.164
   1.132
   1.105
   1.084
   1.073
   1.066
   1.067
   1.076
   1.086
   1.105
   1.135
   1.176
   1.227
   1.282
   1.345
   1.413
   1.479
   1.544
   1.605
   1.656
   1.702
   1.730
   1.666
   0.000
 -65.534
 -65.534
 -65.534
 -65.534
   0.797
   0.856
   0.888
   0.910
   0.928
   0.954
   0.981
   1.003
   1.022
   1.034
   1.039
   1.036
   1.024
   1.016
   1.010
   1.013
   1.020
   1.032
   1.049
   1.071
   1.099
   1.128
   1.160
   1.193
   1.221
   1.249
   1.271
   1.286
   1.297
   1.307
   1.319
   1.327
   1.335
   1.339
   1.336
   1.324
   1.313
   1.296
   1.284
   1.255
   1.220
   1.181
   1.145
   1.110
   1.084
   1.065
   1.050
   1.050
   1.059
   1.074
   1.100
   1.139
   1.185
   1.241
   1.304
   1.367
   1.430
   1.492
   1.552
   1.605
   1.653
   1.695
   1.723
   1.662
   0.000
 -65.534
 -65.534
 -65.534
 -65.534
   0.717
   0.763
   0.799
   0.831
   0.874
   0.891
   0.917
   0.940
   0.959
   0.973
   0.978
   0.975
   0.969
   0.963
   0.960
   0.958
   0.964
   0.977
   0.992
   1.015
   1.041
   1.067
   1.097
   1.127
   1.159
   1.189
   1.216
   1.236
   1.255
   1.270
   1.288
   1.307
   1.323
   1.336
   1.339
   1.332
   1.318
   1.301
   1.282
   1.254
   1.221
   1.188
   1.149
   1.111
   1.079
   1.053
   1.039
   1.036
   1.047
   1.067
   1.096
   1.140
   1.195
   1.257
   1.323
   1.391
   1.452
   1.510
   1.561
   1.608
   1.651
   1.691
   1.717
   1.660
   0.000
 -65.534
 -65.534
 -65.534
 -65.534
 -65.534
 -65.534
 -65.534
 -65.534
   0.773
   0.815
   0.848
   0.872
   0.894
   0.908
   0.914
   0.913
   0.914
   0.914
   0.918
   0.923
   0.927
   0.933
   0.943
   0.962
   0.984
   1.008
   1.033
   1.058
   1.088
   1.117
   1.147
   1.171
   1.194
   1.214
   1.237
   1.263
   1.286
   1.304
   1.311
   1.310
   1.303
   1.288
   1.268
   1.242
   1.215
   1.180
   1.141
   1.104
   1.076
   1.051
   1.035
   1.033
   1.044
   1.066
   1.101
   1.147
   1.205
   1.272
   1.346
   1.415
   1.481
   1.537
   1.581
   1.622
   1.659
   1.698
   1.726
   1.670
   0.000
 -65.534
 -65.534
 -65.534
 -65.534
 -65.534
 -65.534
   0.513
   0.560
   0.691
   0.750
   0.780
   0.806
   0.826
   0.844
   0.853
   0.860
   0.868
   0.879
   0.889
   0.896
   0.902
   0.904
   0.912
   0.923
   0.937
   0.959
   0.983
   1.004
   1.030
   1.058
   1.084
   1.111
   1.132
   1.154
   1.177
   1.202
   1.227
   1.249
   1.263
   1.267
   1.263
   1.254
   1.239
   1.221
   1.198
   1.166
   1.132
   1.101
   1.073
   1.051
   1.036
   1.034
   1.050
   1.074
   1.113
   1.162
   1.221
   1.289
   1.362
   1.433
   1.499
   1.556
   1.600
   1.638
   1.677
   1.713
   1.741
   1.685
   0.000
 -65.534
 -65.534
 -65.534
 -65.534
 -65.534
 -65.534
 -65.534
 -65.534
 -65.534
   0.663
   0.693
   0.717
   0.736
   0.754
   0.776
   0.811
   0.827
   0.849
   0.871
   0.881
   0.882
   0.884
   0.891
   0.903
   0.922
   0.938
   0.955
   0.977
   0.996
   1.017
   1.037
   1.059
   1.082
   1.102
   1.120
   1.141
   1.162
   1.181
   1.196
   1.208
   1.213
   1.211
   1.204
   1.187
   1.169
   1.145
   1.120
   1.094
   1.071
   1.057
   1.051
   1.055
   1.069
   1.098
   1.137
   1.187
   1.245
   1.310
   1.377
   1.440
   1.502
   1.558
   1.609
   1.655
   1.694
   1.730
   1.755
   1.690
   0.000
 -65.534
 -65.534
 -65.534
 -65.534
 -65.534
 -65.534
 -65.534
 -65.534
 -65.534
 -65.534
 -65.534
 -65.534
 -65.534
 -65.534
 -65.534
   0.669
   0.730
   0.774
   0.819
   0.868
   0.870
   0.874
   0.885
   0.902
   0.925
   0.948
   0.969
   0.982
   0.997
   1.011
   1.025
   1.036
   1.046
   1.059
   1.072
   1.085
   1.099
   1.115
   1.141
   1.157
   1.164
   1.166
   1.160
   1.151
   1.141
   1.125
   1.108
   1.091
   1.077
   1.066
   1.063
   1.068
   1.088
   1.121
   1.164
   1.215
   1.273
   1.334
   1.389
   1.437
   1.490
   1.548
   1.607
   1.660
   1.702
   1.735
   1.755
   1.683
   0.000
 -65.534
 -65.534
 -65.534
 -65.534
 -65.534
 -65.534
 -65.534
 -65.534
 -65.534
 -65.534
 -65.534
 -65.534
 -65.534
 -65.534
 -65.534
 -65.534
 -65.534
 -65.534
 -65.534
   0.788
   0.843
   0.871
   0.894
   0.922
   0.949
   0.976
   1.001
   1.023
   1.035
   1.038
   1.040
   1.043
   1.045
   1.046
   1.050
   1.057
   1.063
   1.074
   1.089
   1.110
   1.123
   1.129
   1.130
   1.124
   1.119
   1.108
   1.096
   1.089
   1.085
   1.080
   1.081
   1.090
   1.114
   1.149
   1.189
   1.238
   1.290
   1.342
   1.386
   1.423
   1.468
   1.526
   1.587
   1.645
   1.691
   1.726
   1.741
   1.663
   0.000
 -65.534
 -65.534
 -65.534
 -65.534
 -65.534
 -65.534
 -65.534
 -65.534
 -65.534
 -65.534
 -65.534
 -65.534
 -65.534
 -65.534
 -65.534
 -65.534
 -65.534
 -65.534
   0.709
   0.814
   0.858
   0.890
   0.921
   0.953
   0.983
   1.013
   1.045
   1.070
   1.084
   1.090
   1.086
   1.079
   1.072
   1.066
   1.061
   1.060
   1.062
   1.064
   1.070
   1.083
   1.100
   1.113
   1.115
   1.116
   1.110
   1.101
   1.093
   1.089
   1.090
   1.096
   1.107
   1.123
   1.148
   1.182
   1.214
   1.249
   1.294
   1.334
   1.367
   1.396
   1.436
   1.492
   1.552
   1.610
   1.662
   1.699
   1.713
   1.636
   0.000
 -65.534
 -65.534
 -65.534
 -65.534
 -65.534
 -65.534
 -65.534
 -65.534
 -65.534
 -65.534
 -65.534
 -65.534
 -65.534
 -65.534
 -65.534
 -65.534
 -65.534
   0.750
   0.830
   0.874
   0.904
   0.931
   0.960
   0.993
   1.023
   1.055
   1.088
   1.114
   1.135
   1.145
   1.143
   1.134
   1.123
   1.111
   1.099
   1.090
   1.080
   1.074
   1.071
   1.076
   1.090
   1.106
   1.121
   1.131
   1.135
   1.128
   1.117
   1.111
   1.113
   1.124
   1.139
   1.160
   1.182
   1.207
   1.231
   1.259
   1.290
   1.318
   1.340
   1.365
   1.395
   1.442
   1.498
   1.560
   1.614
   1.655
   1.672
   1.596
   0.000
 -65.534
 -65.534
 -65.534
 -65.534
 -65.534
 -65.534
 -65.534
 -65.534
 -65.534
 -65.534
 -65.534
 -65.534
 -65.534
 -65.534
 -65.534
 -65.534
 -65.534
   0.846
   0.895
   0.925
   0.954
   0.977
   1.007
   1.036
   1.064
   1.092
   1.124
   1.150
   1.172
   1.185
   1.190
   1.181
   1.170
   1.155
   1.137
   1.122
   1.105
   1.086
   1.073
   1.071
   1.081
   1.098
   1.126
   1.153
   1.171
   1.171
   1.159
   1.149
   1.151
   1.161
   1.177
   1.191
   1.210
   1.225
   1.237
   1.251
   1.270
   1.287
   1.296
   1.311
   1.342
   1.385
   1.435
   1.490
   1.541
   1.590
   1.614
   1.551
   0.000
 -65.534
 -65.534
 -65.534
 -65.534
 -65.534
 -65.534
 -65.534
 -65.534
 -65.534
 -65.534
 -65.534
 -65.534
 -65.534
 -65.534
 -65.534
 -65.534
 -65.534
   0.892
   0.936
   0.967
   0.992
   1.016
   1.047
   1.074
   1.096
   1.120
   1.141
   1.165
   1.185
   1.201
   1.209
   1.199
   1.187
   1.171
   1.152
   1.131
   1.107
   1.085
   1.070
   1.065
   1.071
   1.094
   1.128
   1.163
   1.191
   1.200
   1.193
   1.189
   1.190
   1.198
   1.212
   1.223
   1.238
   1.249
   1.252
   1.252
   1.257
   1.260
   1.265
   1.271
   1.292
   1.323
   1.365
   1.413
   1.466
   1.508
   1.538
   1.494
   0.000
 -65.534
 -65.534
 -65.534
 -65.534
 -65.534
 -65.534
 -65.534
 -65.534
 -65.534
 -65.534
 -65.534
 -65.534
 -65.534
 -65.534
 -65.534
 -65.534
 -65.534
   0.913
   0.957
   0.992
   1.017
   1.043
   1.071
   1.096
   1.112
   1.128
   1.144
   1.162
   1.180
   1.198
   1.204
   1.194
   1.185
   1.172
   1.153
   1.132
   1.108
   1.086
   1.071
   1.067
   1.077
   1.100
   1.133
   1.169
   1.198
   1.214
   1.219
   1.219
   1.223
   1.231
   1.241
   1.253
   1.263
   1.268
   1.265
   1.256
   1.249
   1.242
   1.237
   1.238
   1.249
   1.268
   1.296
   1.333
   1.374
   1.415
   1.453
   1.414
   0.000
 -65.534
 -65.534
 -65.534
 -65.534
 -65.534
 -65.534
 -65.534
 -65.534
 -65.534
 -65.534
 -65.534
 -65.534
 -65.534
 -65.534
 -65.534
 -65.534
 -65.534
 -65.534
   0.951
   0.992
   1.024
   1.048
   1.071
   1.094
   1.106
   1.117
   1.130
   1.145
   1.158
   1.175
   1.184
   1.174
   1.167
   1.155
   1.140
   1.124
   1.104
   1.087
   1.078
   1.077
   1.092
   1.114
   1.141
   1.174
   1.203
   1.226
   1.239
   1.247
   1.257
   1.267
   1.279
   1.285
   1.291
   1.289
   1.281
   1.263
   1.247
   1.231
   1.217
   1.215
   1.215
   1.226
   1.241
   1.263
   1.289
   1.317
   1.348
   1.315
   0.000
 -65.534
 -65.534
 -65.534
 -65.534
 -65.534
 -65.534
 -65.534
 -65.534
 -65.534
 -65.534
 -65.534
 -65.534
 -65.534
 -65.534
 -65.534
 -65.534
 -65.534
 -65.534
 -65.534
   0.964
   1.002
   1.025
   1.044
   1.061
   1.070
   1.080
   1.090
   1.101
   1.115
   1.127
   1.133
   1.133
   1.128
   1.120
   1.116
   1.113
   1.102
   1.093
   1.091
   1.097
   1.102
   1.114
   1.135
   1.167
   1.200
   1.230
   1.251
   1.271
   1.290
   1.310
   1.325
   1.331
   1.335
   1.329
   1.314
   1.289
   1.259
   1.234
   1.215
   1.204
   1.201
   1.201
   1.205
   1.212
   1.221
   1.232
   1.249
   1.202
   0.000
 -65.534
 -65.534
 -65.534
 -65.534
 -65.534
 -65.534
 -65.534
 -65.534
 -65.534
 -65.534
 -65.534
 -65.534
 -65.534
 -65.534
 -65.534
 -65.534
 -65.534
 -65.534
 -65.534
 -65.534
   0.960
   0.983
   1.003
   1.014
   1.030
   1.033
   1.040
   1.047
   1.055
   1.063
   1.060
   1.059
   1.048
   1.029
   0.997
   0.918
 -65.534
 -65.534
 -65.534
 -65.534
   0.967
   1.048
   1.104
   1.147
   1.194
   1.238
   1.272
   1.303
   1.331
   1.355
   1.370
   1.379
   1.380
   1.367
   1.342
   1.310
   1.276
   1.244
   1.218
   1.200
   1.190
   1.186
   1.181
   1.173
   1.168
   1.164
   1.165
   1.100
   0.000
 -65.534
 -65.534
 -65.534
 -65.534
 -65.534
 -65.534
 -65.534
 -65.534
 -65.534
 -65.534
 -65.534
 -65.534
 -65.534
 -65.534
 -65.534
 -65.534
 -65.534
 -65.534
 -65.534
 -65.534
 -65.534
 -65.534
 -65.534
 -65.534
   0.949
   0.972
   0.985
   0.990
   0.998
   1.001
   0.997
   0.998
   0.987
   0.970
   0.932
   0.851
 -65.534
 -65.534
 -65.534
 -65.534
 -65.534
 -65.534
   0.993
   1.101
   1.187
   1.249
   1.294
   1.329
   1.357
   1.376
   1.391
   1.399
   1.396
   1.378
   1.353
   1.318
   1.282
   1.247
   1.219
   1.197
   1.183
   1.175
   1.162
   1.144
   1.125
   1.104
   1.086
   1.003
   0.000
 -65.534
 -65.534
 -65.534
 -65.534
 -65.534
 -65.534
 -65.534
 -65.534
 -65.534
 -65.534
 -65.534
 -65.534
 -65.534
 -65.534
 -65.534
 -65.534
 -65.534
 -65.534
 -65.534
 -65.534
 -65.534
 -65.534
 -65.534
 -65.534
   0.867
   0.892
   0.911
   0.925
   0.938
   0.951
   0.947
   0.946
   0.938
   0.917
   0.878
   0.813
 -65.534
 -65.534
 -65.534
 -65.534
 -65.534
 -65.534
 -65.534
   1.021
   1.159
   1.245
   1.302
   1.332
   1.355
   1.369
   1.378
   1.384
   1.380
   1.362
   1.339
   1.311
   1.281
   1.250
   1.222
   1.198
   1.178
   1.158
   1.136
   1.108
   1.076
   1.042
   1.010
   0.915
   0.000
 -65.534
 -65.534
 -65.534
 -65.534
 -65.534
 -65.534
 -65.534
 -65.534
 -65.534
 -65.534
 -65.534
 -65.534
 -65.534
 -65.534
 -65.534
 -65.534
 -65.534
 -65.534
 -65.534
 -65.534
 -65.534
 -65.534
 -65.534
 -65.534
 -65.534
 -65.534
 -65.534
 -65.534
 -65.534
   0.819
   0.859
   0.871
   0.881
   0.862
   0.824
   0.772
   0.463
 -65.534
 -65.534
 -65.534
 -65.534
 -65.534
 -65.534
   0.907
   1.061
 -65.534
   1.071
   1.217
   1.281
   1.327
   1.342
   1.349
   1.343
   1.330
   1.313
   1.294
   1.271
   1.244
   1.216
   1.191
   1.164
   1.134
   1.100
   1.060
   1.018
   0.972
   0.924
   0.823
   0.000
 -65.534
 -65.534
 -65.534
 -65.534
 -65.534
 -65.534
 -65.534
 -65.534
 -65.534
 -65.534
 -65.534
 -65.534
 -65.534
 -65.534
 -65.534
 -65.534
 -65.534
 -65.534
 -65.534
 -65.534
 -65.534
 -65.534
 -65.534
 -65.534
 -65.534
 -65.534
 -65.534
 -65.534
 -65.534
 -65.534
 -65.534
 -65.534
   0.751
   0.777
   0.765
   0.721
   0.566
   0.376
 -65.534
 -65.534
 -65.534
 -65.534
 -65.534
 -65.534
 -65.534
 -65.534
 -65.534
 -65.534
 -65.534
   1.021
   1.191
   1.256
   1.297
   1.296
   1.280
   1.254
   1.230
   1.206
   1.179
   1.150
   1.121
   1.085
   1.045
   1.000
   0.955
   0.903
   0.850
   0.742
   0.000
 -65.534
 -65.534
 -65.534
 -65.534
 -65.534
 -65.534
 -65.534
 -65.534
 -65.534
 -65.534
 -65.534
 -65.534
 -65.534
 -65.534
 -65.534
 -65.534
 -65.534
 -65.534
 -65.534
 -65.534
 -65.534
 -65.534
 -65.534
 -65.534
 -65.534
 -65.534
 -65.534
 -65.534
 -65.534
 -65.534
 -65.534
 -65.534
   0.666
   0.691
   0.698
   0.668
   0.585
   0.476
   0.353
   0.279
 -65.534
 -65.534
 -65.534
 -65.534
 -65.534
 -65.534
 -65.534
 -65.534
 -65.534
 -65.534
 -65.534
 -65.534
   0.995
   1.137
   1.170
   1.175
   1.155
   1.129
   1.101
   1.075
   1.047
   1.012
   0.975
   0.934
   0.890
   0.844
   0.788
   0.683
   0.000
 -65.534
 -65.534
 -65.534
 -65.534
 -65.534
 -65.534
 -65.534
 -65.534
 -65.534
 -65.534
 -65.534
 -65.534
 -65.534
 -65.534
 -65.534
 -65.534
 -65.534
 -65.534
 -65.534
 -65.534
 -65.534
 -65.534
 -65.534
 -65.534
 -65.534
 -65.534
 -65.534
 -65.534
 -65.534
 -65.534
 -65.534
 -65.534
 -65.534
 -65.534
 -65.534
 -65.534
   0.429
   0.429
   0.389
   0.353
   0.291
   0.253
   0.233
   0.234
   0.247
 -65.534
 -65.534
 -65.534
 -65.534
 -65.534
 -65.534
 -65.534
 -65.534
 -65.534
 -65.534
   0.895
   1.009
   1.028
   1.016
   0.993
   0.966
   0.938
   0.904
   0.868
   0.833
   0.792
   0.737
   0.634
   0.000
 -65.534
 -65.534
 -65.534
 -65.534
 -65.534
 -65.534
 -65.534
 -65.534
 -65.534
 -65.534
 -65.534
 -65.534
 -65.534
 -65.534
 -65.534
 -65.534
 -65.534
 -65.534
 -65.534
 -65.534
 -65.534
 -65.534
 -65.534
 -65.534
 -65.534
 -65.534
 -65.534
 -65.534
 -65.534
 -65.534
 -65.534
 -65.534
 -65.534
 -65.534
 -65.534
 -65.534
 -65.534
 -65.534
 -65.534
 -65.534
   0.196
 -65.534
 -65.534
 -65.534
 -65.534
 -65.534
 -65.534
 -65.534
 -65.534
 -65.534
 -65.534
 -65.534
 -65.534
 -65.534
 -65.534
   0.757
   0.884
   0.929
   0.929
   0.919
   0.899
   0.862
   0.829
   0.801
   0.775
   0.742
   0.693
   0.594
   0.000
 -65.534
 -65.534
 -65.534
 -65.534
 -65.534
 -65.534
 -65.534
 -65.534
 -65.534
 -65.534
 -65.534
 -65.534
 -65.534
 -65.534
 -65.534
 -65.534
 -65.534
 -65.534
 -65.534
 -65.534
 -65.534
 -65.534
 -65.534
 -65.534
 -65.534
 -65.534
 -65.534
 -65.534
 -65.534
 -65.534
 -65.534
 -65.534
 -65.534
 -65.534
 -65.534
 -65.534
 -65.534
 -65.534
 -65.534
 -65.534
 -65.534
 -65.534
 -65.534
 -65.534
 -65.534
 -65.534
 -65.534
 -65.534
 -65.534
 -65.534
 -65.534
 -65.534
 -65.534
 -65.534
 -65.534
 -65.534
 -65.534
 -65.534
 -65.534
   0.744
   0.798
   0.794
   0.760
   0.739
   0.724
   0.703
   0.670
   0.573
   0.000
 -65.534
 -65.534
 -65.534
 -65.534
 -65.534
 -65.534
 -65.534
 -65.534
 -65.534
 -65.534
 -65.534
 -65.534
 -65.534
 -65.534
 -65.534
 -65.534
 -65.534
 -65.534
 -65.534
 -65.534
 -65.534
 -65.534
 -65.534
 -65.534
 -65.534
 -65.534
 -65.534
 -65.534
 -65.534
 -65.534
 -65.534
 -65.534
 -65.534
 -65.534
 -65.534
 -65.534
 -65.534
 -65.534
 -65.534
 -65.534
 -65.534
 -65.534
 -65.534
 -65.534
 -65.534
 -65.534
 -65.534
 -65.534
 -65.534
 -65.534
 -65.534
 -65.534
 -65.534
 -65.534
 -65.534
 -65.534
 -65.534
 -65.534
 -65.534
 -65.534
 -65.534
   0.000
   0.000
   0.000
   0.000
   0.000
   0.000
   0.000
 -65.534
