 -65.534
   0.000
   0.000
   0.000
   0.000
   0.000
   0.000
   0.000
   0.000
   0.000
   0.000
   0.000
   0.000
   0.000
   0.000
   0.000
   0.000
   0.000
   0.000
   0.000
   0.000
   0.000
   0.000
   0.000
   0.000
   0.000
   0.000
   0.000
   0.000
   0.000
   0.000
   0.000
   0.000
   0.000
   0.000
   0.000
   0.000
   0.000
   0.000
   0.000
   0.000
   0.000
   0.000
   0.000
   0.000
   0.000
   0.000
   0.000
   0.000
   0.000
   0.000
   0.000
   0.000
   0.000
   0.000
   0.000
   0.000
   0.000
   0.000
   0.000
   0.000
   0.000
   0.000
   0.000
   0.000
   0.000
   0.000
   0.000
 -65.534
   0.000
   1.217
   1.345
   1.406
   1.467
   1.522
   1.571
   1.614
   1.649
   1.674
   1.697
   1.715
   1.729
   1.740
   1.739
   1.738
   1.730
   1.732
   1.744
   1.768
   1.802
   1.840
   1.881
   1.936
   1.944
   1.934
   1.930
   1.929
   1.920
   1.925
   1.923
   1.914
   1.910
   1.907
   1.890
   1.866
   1.834
   1.798
   1.766
   1.727
   1.692
   1.665
   1.638
   1.607
   1.568
   1.527
   1.483
   1.443
   1.408
   1.383
   1.361
   1.342
   1.328
   1.310
   1.308
   1.301
   1.293
   1.284
   1.277
   1.279
   1.292
   1.314
   1.344
   1.379
   1.412
   1.449
   1.495
   1.516
   0.000
   0.000
   1.347
   1.467
   1.514
   1.570
   1.623
   1.674
   1.720
   1.758
   1.790
   1.816
   1.841
   1.859
   1.871
   1.873
   1.871
   1.864
   1.865
   1.872
   1.889
   1.914
   1.944
   1.976
   2.014
   2.022
   2.017
   2.017
   2.021
   2.028
   2.038
   2.047
   2.055
   2.059
   2.064
   2.054
   2.032
   2.003
   1.966
   1.923
   1.882
   1.847
   1.818
   1.791
   1.764
   1.728
   1.685
   1.651
   1.627
   1.607
   1.596
   1.586
   1.576
   1.574
   1.567
   1.562
   1.554
   1.546
   1.537
   1.528
   1.529
   1.541
   1.562
   1.593
   1.639
   1.692
   1.747
   1.805
   1.835
   0.000
   0.000
   1.360
   1.467
   1.508
   1.558
   1.606
   1.657
   1.704
   1.744
   1.777
   1.808
   1.833
   1.856
   1.868
   1.868
   1.863
   1.856
   1.853
   1.859
   1.874
   1.895
   1.923
   1.951
   1.975
   1.992
   1.991
   1.992
   1.997
   2.008
   2.023
   2.039
   2.056
   2.076
   2.092
   2.093
   2.084
   2.060
   2.023
   1.984
   1.941
   1.906
   1.876
   1.844
   1.811
   1.777
   1.742
   1.715
   1.698
   1.690
   1.684
   1.680
   1.677
   1.678
   1.678
   1.674
   1.669
   1.663
   1.654
   1.640
   1.636
   1.642
   1.660
   1.692
   1.742
   1.803
   1.870
   1.937
   1.974
   0.000
   0.000
   1.366
   1.464
   1.494
   1.536
   1.579
   1.622
   1.664
   1.701
   1.735
   1.767
   1.795
   1.817
   1.834
   1.837
   1.833
   1.825
   1.823
   1.826
   1.838
   1.857
   1.882
   1.909
   1.928
   1.941
   1.947
   1.957
   1.966
   1.980
   1.997
   2.019
   2.041
   2.068
   2.091
   2.104
   2.104
   2.089
   2.061
   2.021
   1.985
   1.951
   1.919
   1.885
   1.852
   1.821
   1.793
   1.777
   1.767
   1.767
   1.764
   1.766
   1.768
   1.768
   1.770
   1.770
   1.769
   1.761
   1.748
   1.732
   1.719
   1.714
   1.726
   1.754
   1.802
   1.870
   1.945
   2.021
   2.061
   0.000
   0.000
   1.363
   1.457
   1.484
   1.517
   1.550
   1.585
   1.620
   1.657
   1.689
   1.719
   1.743
   1.762
   1.775
   1.779
   1.774
   1.767
   1.763
   1.769
   1.780
   1.797
   1.820
   1.846
   1.868
   1.881
   1.893
   1.914
   1.931
   1.947
   1.967
   1.989
   2.014
   2.043
   2.068
   2.089
   2.095
   2.086
   2.065
   2.033
   2.001
   1.970
   1.940
   1.910
   1.879
   1.852
   1.831
   1.821
   1.821
   1.828
   1.833
   1.838
   1.845
   1.849
   1.853
   1.850
   1.847
   1.840
   1.824
   1.803
   1.787
   1.777
   1.781
   1.802
   1.847
   1.914
   1.994
   2.072
   2.112
   0.000
   0.000
   1.353
   1.445
   1.472
   1.499
   1.526
   1.554
   1.584
   1.616
   1.645
   1.669
   1.689
   1.705
   1.712
   1.711
   1.703
   1.699
   1.696
   1.699
   1.708
   1.724
   1.744
   1.769
   1.794
   1.814
   1.842
   1.870
   1.894
   1.914
   1.932
   1.955
   1.979
   2.005
   2.030
   2.051
   2.061
   2.061
   2.046
   2.023
   1.998
   1.971
   1.949
   1.923
   1.896
   1.871
   1.853
   1.845
   1.853
   1.869
   1.883
   1.894
   1.908
   1.915
   1.919
   1.918
   1.911
   1.902
   1.884
   1.859
   1.843
   1.831
   1.830
   1.839
   1.877
   1.941
   2.018
   2.099
   2.136
   0.000
   0.000
   1.333
   1.427
   1.458
   1.485
   1.505
   1.528
   1.551
   1.578
   1.604
   1.627
   1.642
   1.652
   1.656
   1.652
   1.643
   1.635
   1.633
   1.636
   1.642
   1.655
   1.675
   1.701
   1.729
   1.757
   1.789
   1.821
   1.848
   1.869
   1.889
   1.913
   1.935
   1.959
   1.979
   1.999
   2.010
   2.014
   2.008
   1.994
   1.976
   1.959
   1.945
   1.926
   1.905
   1.883
   1.861
   1.855
   1.864
   1.884
   1.908
   1.931
   1.951
   1.965
   1.969
   1.964
   1.958
   1.945
   1.925
   1.901
   1.883
   1.869
   1.862
   1.870
   1.899
   1.954
   2.026
   2.103
   2.143
   0.000
   0.000
   1.298
   1.398
   1.434
   1.465
   1.487
   1.504
   1.521
   1.543
   1.567
   1.588
   1.602
   1.609
   1.612
   1.605
   1.595
   1.588
   1.584
   1.585
   1.590
   1.599
   1.619
   1.643
   1.672
   1.705
   1.735
   1.767
   1.795
   1.817
   1.839
   1.865
   1.890
   1.912
   1.932
   1.948
   1.957
   1.964
   1.961
   1.955
   1.947
   1.941
   1.933
   1.925
   1.911
   1.895
   1.875
   1.867
   1.874
   1.894
   1.919
   1.946
   1.970
   1.990
   1.996
   1.993
   1.986
   1.971
   1.946
   1.919
   1.900
   1.888
   1.882
   1.888
   1.916
   1.962
   2.025
   2.101
   2.136
   0.000
   0.000
   1.251
   1.358
   1.401
   1.435
   1.457
   1.472
   1.490
   1.511
   1.533
   1.554
   1.566
   1.573
   1.573
   1.568
   1.560
   1.553
   1.548
   1.546
   1.551
   1.562
   1.580
   1.603
   1.631
   1.658
   1.687
   1.715
   1.740
   1.765
   1.792
   1.820
   1.844
   1.865
   1.887
   1.900
   1.911
   1.918
   1.918
   1.915
   1.917
   1.923
   1.926
   1.923
   1.917
   1.909
   1.895
   1.883
   1.887
   1.905
   1.926
   1.946
   1.974
   1.996
   2.003
   2.003
   1.994
   1.974
   1.946
   1.916
   1.898
   1.892
   1.892
   1.903
   1.929
   1.971
   2.029
   2.101
   2.138
   0.000
   0.000
   1.191
   1.300
   1.350
   1.397
   1.419
   1.437
   1.453
   1.474
   1.494
   1.515
   1.528
   1.539
   1.541
   1.541
   1.536
   1.529
   1.528
   1.526
   1.530
   1.540
   1.556
   1.580
   1.604
   1.627
   1.648
   1.671
   1.694
   1.722
   1.750
   1.781
   1.805
   1.827
   1.849
   1.867
   1.879
   1.887
   1.888
   1.887
   1.892
   1.904
   1.912
   1.916
   1.916
   1.913
   1.908
   1.902
   1.901
   1.915
   1.929
   1.944
   1.971
   1.989
   1.996
   1.997
   1.983
   1.958
   1.924
   1.897
   1.883
   1.883
   1.892
   1.911
   1.943
   1.986
   2.043
   2.112
   2.150
   0.000
   0.000
   1.141
   1.246
   1.298
   1.345
   1.376
   1.401
   1.422
   1.432
   1.453
   1.472
   1.490
   1.505
   1.515
   1.518
   1.519
   1.517
   1.513
   1.513
   1.517
   1.527
   1.543
   1.563
   1.585
   1.605
   1.622
   1.643
   1.668
   1.694
   1.725
   1.757
   1.783
   1.809
   1.830
   1.850
   1.864
   1.871
   1.874
   1.872
   1.877
   1.888
   1.900
   1.906
   1.908
   1.907
   1.907
   1.908
   1.911
   1.920
   1.929
   1.942
   1.964
   1.979
   1.986
   1.979
   1.957
   1.929
   1.898
   1.876
   1.868
   1.874
   1.896
   1.926
   1.966
   2.014
   2.074
   2.137
   2.173
   0.000
   0.000
   1.074
   1.215
   1.260
   1.302
   1.330
   1.357
   1.377
   1.395
   1.415
   1.434
   1.448
   1.466
   1.483
   1.492
   1.499
   1.503
   1.507
   1.508
   1.512
   1.523
   1.536
   1.552
   1.571
   1.592
   1.612
   1.632
   1.656
   1.683
   1.713
   1.748
   1.777
   1.804
   1.826
   1.846
   1.859
   1.868
   1.869
   1.867
   1.869
   1.881
   1.888
   1.895
   1.897
   1.895
   1.895
   1.898
   1.905
   1.914
   1.925
   1.938
   1.956
   1.967
   1.966
   1.951
   1.926
   1.896
   1.873
   1.858
   1.862
   1.880
   1.911
   1.952
   2.002
   2.058
   2.116
   2.173
   2.202
   0.000
 -65.534
 -65.534
   1.101
   1.214
   1.247
   1.281
   1.309
   1.334
   1.354
   1.371
   1.387
   1.405
   1.424
   1.441
   1.454
   1.468
   1.477
   1.484
   1.491
   1.501
   1.512
   1.527
   1.543
   1.563
   1.584
   1.610
   1.634
   1.659
   1.683
   1.715
   1.748
   1.779
   1.807
   1.832
   1.846
   1.856
   1.865
   1.864
   1.865
   1.865
   1.872
   1.877
   1.881
   1.880
   1.876
   1.875
   1.874
   1.881
   1.890
   1.904
   1.917
   1.929
   1.936
   1.929
   1.913
   1.891
   1.867
   1.855
   1.856
   1.875
   1.906
   1.946
   2.003
   2.060
   2.118
   2.175
   2.226
   2.243
   0.000
 -65.534
 -65.534
 -65.534
   1.081
   1.179
   1.223
   1.262
   1.291
   1.308
   1.324
   1.339
   1.354
   1.365
   1.382
   1.400
   1.416
   1.429
   1.444
   1.454
   1.468
   1.484
   1.502
   1.525
   1.553
   1.582
   1.612
   1.641
   1.669
   1.695
   1.720
   1.751
   1.781
   1.810
   1.827
   1.836
   1.855
   1.861
   1.859
   1.858
   1.859
   1.862
   1.867
   1.865
   1.858
   1.848
   1.839
   1.833
   1.836
   1.849
   1.861
   1.878
   1.891
   1.894
   1.884
   1.869
   1.858
   1.851
   1.856
   1.872
   1.904
   1.949
   2.002
   2.058
   2.121
   2.180
   2.235
   2.288
   2.291
   0.000
 -65.534
 -65.534
 -65.534
 -65.534
   1.070
   1.157
   1.206
   1.238
   1.257
   1.271
   1.283
   1.292
   1.302
   1.315
   1.330
   1.349
   1.366
   1.378
   1.394
   1.411
   1.431
   1.455
   1.485
   1.521
   1.559
   1.600
   1.638
   1.667
   1.694
   1.717
   1.741
   1.765
   1.788
   1.807
   1.821
   1.835
   1.840
   1.852
   1.853
   1.850
   1.850
   1.849
   1.845
   1.830
   1.813
   1.795
   1.782
   1.782
   1.790
   1.803
   1.821
   1.836
   1.840
   1.838
   1.834
   1.839
   1.854
   1.879
   1.915
   1.961
   2.014
   2.069
   2.127
   2.186
   2.243
   2.298
   2.351
   2.347
   0.000
 -65.534
 -65.534
 -65.534
 -65.534
   0.993
   1.086
   1.139
   1.168
   1.187
   1.204
   1.221
   1.230
   1.240
   1.254
   1.268
   1.281
   1.295
   1.308
   1.322
   1.337
   1.355
   1.382
   1.417
   1.458
   1.504
   1.550
   1.596
   1.631
   1.660
   1.685
   1.707
   1.728
   1.748
   1.767
   1.785
   1.801
   1.814
   1.827
   1.827
   1.829
   1.827
   1.819
   1.807
   1.787
   1.760
   1.737
   1.718
   1.711
   1.714
   1.726
   1.741
   1.761
   1.779
   1.792
   1.811
   1.839
   1.878
   1.924
   1.978
   2.034
   2.093
   2.147
   2.199
   2.251
   2.300
   2.351
   2.404
   2.393
   0.000
 -65.534
 -65.534
 -65.534
 -65.534
   0.926
   1.017
   1.067
   1.096
   1.111
   1.134
   1.157
   1.174
   1.188
   1.203
   1.216
   1.229
   1.234
   1.242
   1.250
   1.262
   1.278
   1.300
   1.329
   1.366
   1.409
   1.455
   1.504
   1.546
   1.583
   1.614
   1.638
   1.659
   1.676
   1.697
   1.720
   1.743
   1.762
   1.777
   1.780
   1.778
   1.769
   1.754
   1.739
   1.715
   1.687
   1.657
   1.635
   1.620
   1.622
   1.631
   1.649
   1.680
   1.715
   1.749
   1.795
   1.847
   1.908
   1.977
   2.049
   2.116
   2.174
   2.225
   2.271
   2.311
   2.350
   2.392
   2.437
   2.419
   0.000
 -65.534
 -65.534
 -65.534
 -65.534
   0.840
   0.913
   0.960
   0.994
   1.032
   1.053
   1.084
   1.108
   1.130
   1.150
   1.165
   1.175
   1.183
   1.190
   1.196
   1.203
   1.208
   1.220
   1.238
   1.267
   1.300
   1.340
   1.384
   1.427
   1.468
   1.503
   1.534
   1.555
   1.578
   1.599
   1.624
   1.649
   1.677
   1.694
   1.700
   1.695
   1.680
   1.663
   1.641
   1.614
   1.586
   1.562
   1.537
   1.520
   1.518
   1.527
   1.550
   1.592
   1.644
   1.705
   1.768
   1.843
   1.929
   2.020
   2.109
   2.190
   2.254
   2.306
   2.341
   2.371
   2.397
   2.432
   2.469
   2.437
   0.000
 -65.534
 -65.534
 -65.534
 -65.534
 -65.534
 -65.534
 -65.534
 -65.534
   0.893
   0.957
   0.996
   1.031
   1.062
   1.088
   1.106
   1.119
   1.132
   1.144
   1.156
   1.162
   1.162
   1.160
   1.160
   1.175
   1.200
   1.231
   1.266
   1.301
   1.339
   1.376
   1.406
   1.430
   1.452
   1.477
   1.502
   1.528
   1.555
   1.575
   1.584
   1.582
   1.571
   1.551
   1.528
   1.504
   1.480
   1.457
   1.434
   1.418
   1.420
   1.435
   1.465
   1.515
   1.581
   1.656
   1.740
   1.834
   1.936
   2.044
   2.150
   2.246
   2.325
   2.381
   2.414
   2.435
   2.453
   2.476
   2.503
   2.454
   0.000
 -65.534
 -65.534
 -65.534
 -65.534
 -65.534
 -65.534
   0.547
   0.624
   0.795
   0.870
   0.915
   0.955
   0.995
   1.027
   1.052
   1.075
   1.097
   1.117
   1.128
   1.134
   1.130
   1.118
   1.112
   1.111
   1.118
   1.141
   1.168
   1.194
   1.224
   1.257
   1.282
   1.305
   1.326
   1.345
   1.368
   1.391
   1.417
   1.436
   1.446
   1.449
   1.443
   1.431
   1.414
   1.395
   1.380
   1.358
   1.341
   1.335
   1.339
   1.359
   1.395
   1.453
   1.528
   1.617
   1.713
   1.819
   1.933
   2.053
   2.171
   2.277
   2.366
   2.432
   2.472
   2.492
   2.509
   2.525
   2.541
   2.471
   0.000
 -65.534
 -65.534
 -65.534
 -65.534
 -65.534
 -65.534
 -65.534
 -65.534
 -65.534
   0.769
   0.820
   0.865
   0.906
   0.944
   0.985
   1.038
   1.073
   1.102
   1.120
   1.120
   1.110
   1.093
   1.084
   1.082
   1.086
   1.095
   1.108
   1.128
   1.146
   1.164
   1.177
   1.194
   1.211
   1.227
   1.242
   1.260
   1.279
   1.294
   1.305
   1.313
   1.316
   1.313
   1.307
   1.296
   1.288
   1.277
   1.271
   1.272
   1.283
   1.311
   1.357
   1.417
   1.497
   1.589
   1.691
   1.803
   1.925
   2.049
   2.173
   2.282
   2.380
   2.453
   2.509
   2.536
   2.553
   2.561
   2.567
   2.465
   0.000
 -65.534
 -65.534
 -65.534
 -65.534
 -65.534
 -65.534
 -65.534
 -65.534
 -65.534
 -65.534
 -65.534
 -65.534
 -65.534
 -65.534
 -65.534
   0.908
   0.999
   1.046
   1.076
   1.099
   1.096
   1.090
   1.087
   1.087
   1.093
   1.097
   1.101
   1.100
   1.102
   1.106
   1.111
   1.115
   1.113
   1.122
   1.133
   1.144
   1.159
   1.172
   1.191
   1.201
   1.208
   1.212
   1.213
   1.213
   1.217
   1.218
   1.223
   1.234
   1.254
   1.285
   1.328
   1.389
   1.467
   1.560
   1.666
   1.783
   1.905
   2.032
   2.153
   2.262
   2.358
   2.443
   2.508
   2.544
   2.561
   2.562
   2.554
   2.426
   0.000
 -65.534
 -65.534
 -65.534
 -65.534
 -65.534
 -65.534
 -65.534
 -65.534
 -65.534
 -65.534
 -65.534
 -65.534
 -65.534
 -65.534
 -65.534
 -65.534
 -65.534
 -65.534
 -65.534
   1.011
   1.083
   1.108
   1.125
   1.141
   1.147
   1.145
   1.140
   1.130
   1.115
   1.095
   1.076
   1.065
   1.055
   1.057
   1.059
   1.068
   1.078
   1.087
   1.101
   1.118
   1.132
   1.142
   1.149
   1.158
   1.169
   1.178
   1.192
   1.213
   1.242
   1.274
   1.317
   1.373
   1.445
   1.534
   1.633
   1.743
   1.859
   1.980
   2.096
   2.199
   2.294
   2.383
   2.455
   2.501
   2.514
   2.508
   2.490
   2.338
   0.000
 -65.534
 -65.534
 -65.534
 -65.534
 -65.534
 -65.534
 -65.534
 -65.534
 -65.534
 -65.534
 -65.534
 -65.534
 -65.534
 -65.534
 -65.534
 -65.534
 -65.534
 -65.534
   0.846
   1.062
   1.119
   1.158
   1.190
   1.215
   1.228
   1.226
   1.215
   1.197
   1.168
   1.134
   1.097
   1.065
   1.042
   1.031
   1.028
   1.036
   1.045
   1.053
   1.064
   1.078
   1.096
   1.114
   1.128
   1.139
   1.150
   1.160
   1.177
   1.201
   1.233
   1.273
   1.320
   1.375
   1.440
   1.514
   1.595
   1.682
   1.784
   1.891
   1.997
   2.096
   2.189
   2.277
   2.350
   2.395
   2.409
   2.396
   2.369
   2.206
   0.000
 -65.534
 -65.534
 -65.534
 -65.534
 -65.534
 -65.534
 -65.534
 -65.534
 -65.534
 -65.534
 -65.534
 -65.534
 -65.534
 -65.534
 -65.534
 -65.534
 -65.534
   0.868
   1.042
   1.135
   1.185
   1.224
   1.267
   1.303
   1.322
   1.324
   1.313
   1.291
   1.257
   1.215
   1.167
   1.121
   1.085
   1.061
   1.052
   1.050
   1.051
   1.055
   1.062
   1.074
   1.094
   1.122
   1.145
   1.165
   1.175
   1.184
   1.194
   1.214
   1.246
   1.287
   1.334
   1.386
   1.440
   1.495
   1.553
   1.621
   1.700
   1.786
   1.873
   1.965
   2.052
   2.136
   2.208
   2.254
   2.268
   2.258
   2.225
   2.049
   0.000
 -65.534
 -65.534
 -65.534
 -65.534
 -65.534
 -65.534
 -65.534
 -65.534
 -65.534
 -65.534
 -65.534
 -65.534
 -65.534
 -65.534
 -65.534
 -65.534
 -65.534
   1.029
   1.134
   1.198
   1.243
   1.287
   1.339
   1.382
   1.406
   1.411
   1.403
   1.382
   1.346
   1.305
   1.253
   1.197
   1.154
   1.121
   1.100
   1.089
   1.083
   1.082
   1.083
   1.095
   1.117
   1.147
   1.181
   1.210
   1.226
   1.233
   1.238
   1.251
   1.278
   1.314
   1.355
   1.397
   1.437
   1.477
   1.511
   1.553
   1.609
   1.675
   1.744
   1.820
   1.903
   1.982
   2.050
   2.099
   2.120
   2.118
   2.078
   1.891
   0.000
 -65.534
 -65.534
 -65.534
 -65.534
 -65.534
 -65.534
 -65.534
 -65.534
 -65.534
 -65.534
 -65.534
 -65.534
 -65.534
 -65.534
 -65.534
 -65.534
 -65.534
   1.089
   1.176
   1.229
   1.276
   1.328
   1.385
   1.434
   1.461
   1.466
   1.458
   1.436
   1.404
   1.363
   1.316
   1.259
   1.214
   1.178
   1.152
   1.136
   1.124
   1.119
   1.123
   1.136
   1.159
   1.192
   1.229
   1.258
   1.277
   1.286
   1.289
   1.300
   1.317
   1.342
   1.373
   1.406
   1.439
   1.463
   1.483
   1.502
   1.537
   1.581
   1.634
   1.693
   1.762
   1.831
   1.894
   1.942
   1.972
   1.976
   1.947
   1.770
   0.000
 -65.534
 -65.534
 -65.534
 -65.534
 -65.534
 -65.534
 -65.534
 -65.534
 -65.534
 -65.534
 -65.534
 -65.534
 -65.534
 -65.534
 -65.534
 -65.534
 -65.534
   1.110
   1.188
   1.240
   1.289
   1.346
   1.405
   1.453
   1.477
   1.479
   1.471
   1.453
   1.427
   1.396
   1.357
   1.307
   1.265
   1.232
   1.208
   1.193
   1.182
   1.179
   1.186
   1.203
   1.228
   1.261
   1.293
   1.318
   1.332
   1.337
   1.338
   1.340
   1.347
   1.361
   1.379
   1.401
   1.424
   1.440
   1.449
   1.456
   1.471
   1.498
   1.537
   1.588
   1.641
   1.696
   1.748
   1.790
   1.819
   1.830
   1.815
   1.648
   0.000
 -65.534
 -65.534
 -65.534
 -65.534
 -65.534
 -65.534
 -65.534
 -65.534
 -65.534
 -65.534
 -65.534
 -65.534
 -65.534
 -65.534
 -65.534
 -65.534
 -65.534
 -65.534
   1.160
   1.232
   1.289
   1.347
   1.402
   1.444
   1.458
   1.458
   1.453
   1.440
   1.423
   1.406
   1.385
   1.346
   1.315
   1.290
   1.273
   1.260
   1.254
   1.255
   1.264
   1.285
   1.314
   1.344
   1.365
   1.383
   1.392
   1.394
   1.391
   1.384
   1.381
   1.381
   1.388
   1.397
   1.409
   1.414
   1.415
   1.412
   1.420
   1.437
   1.466
   1.506
   1.547
   1.589
   1.626
   1.655
   1.674
   1.680
   1.666
   1.507
   0.000
 -65.534
 -65.534
 -65.534
 -65.534
 -65.534
 -65.534
 -65.534
 -65.534
 -65.534
 -65.534
 -65.534
 -65.534
 -65.534
 -65.534
 -65.534
 -65.534
 -65.534
 -65.534
 -65.534
   1.190
   1.269
   1.329
   1.376
   1.403
   1.411
   1.409
   1.405
   1.402
   1.399
   1.400
   1.396
   1.378
   1.356
   1.339
   1.335
   1.342
   1.353
   1.354
   1.365
   1.383
   1.387
   1.402
   1.417
   1.433
   1.446
   1.450
   1.444
   1.434
   1.423
   1.414
   1.410
   1.403
   1.404
   1.402
   1.395
   1.388
   1.387
   1.400
   1.421
   1.453
   1.483
   1.510
   1.531
   1.542
   1.544
   1.533
   1.503
   1.344
   0.000
 -65.534
 -65.534
 -65.534
 -65.534
 -65.534
 -65.534
 -65.534
 -65.534
 -65.534
 -65.534
 -65.534
 -65.534
 -65.534
 -65.534
 -65.534
 -65.534
 -65.534
 -65.534
 -65.534
 -65.534
   1.222
   1.288
   1.330
   1.345
   1.357
   1.351
   1.349
   1.349
   1.354
   1.366
   1.370
   1.357
   1.327
   1.287
   1.233
   1.106
 -65.534
 -65.534
 -65.534
 -65.534
   1.305
   1.386
   1.424
   1.458
   1.493
   1.513
   1.510
   1.497
   1.479
   1.461
   1.443
   1.426
   1.414
   1.399
   1.381
   1.369
   1.364
   1.373
   1.387
   1.406
   1.426
   1.442
   1.446
   1.437
   1.419
   1.386
   1.341
   1.174
   0.000
 -65.534
 -65.534
 -65.534
 -65.534
 -65.534
 -65.534
 -65.534
 -65.534
 -65.534
 -65.534
 -65.534
 -65.534
 -65.534
 -65.534
 -65.534
 -65.534
 -65.534
 -65.534
 -65.534
 -65.534
 -65.534
 -65.534
 -65.534
 -65.534
   1.232
   1.272
   1.284
   1.291
   1.302
   1.318
   1.324
   1.313
   1.275
   1.226
   1.159
   1.033
 -65.534
 -65.534
 -65.534
 -65.534
 -65.534
 -65.534
   1.371
   1.460
   1.530
   1.569
   1.572
   1.557
   1.534
   1.506
   1.481
   1.455
   1.429
   1.402
   1.378
   1.358
   1.346
   1.343
   1.348
   1.361
   1.368
   1.370
   1.356
   1.327
   1.287
   1.237
   1.170
   1.001
   0.000
 -65.534
 -65.534
 -65.534
 -65.534
 -65.534
 -65.534
 -65.534
 -65.534
 -65.534
 -65.534
 -65.534
 -65.534
 -65.534
 -65.534
 -65.534
 -65.534
 -65.534
 -65.534
 -65.534
 -65.534
 -65.534
 -65.534
 -65.534
 -65.534
   1.134
   1.175
   1.198
   1.218
   1.244
   1.265
   1.264
   1.248
   1.221
   1.185
   1.144
   1.051
 -65.534
 -65.534
 -65.534
 -65.534
 -65.534
 -65.534
 -65.534
   1.426
   1.550
   1.609
   1.617
   1.604
   1.583
   1.548
   1.513
   1.481
   1.447
   1.414
   1.382
   1.355
   1.338
   1.326
   1.321
   1.321
   1.311
   1.289
   1.253
   1.206
   1.149
   1.082
   1.001
   0.835
   0.000
 -65.534
 -65.534
 -65.534
 -65.534
 -65.534
 -65.534
 -65.534
 -65.534
 -65.534
 -65.534
 -65.534
 -65.534
 -65.534
 -65.534
 -65.534
 -65.534
 -65.534
 -65.534
 -65.534
 -65.534
 -65.534
 -65.534
 -65.534
 -65.534
 -65.534
 -65.534
 -65.534
 -65.534
 -65.534
   1.077
   1.134
   1.154
   1.170
   1.166
   1.147
   1.079
   0.712
 -65.534
 -65.534
 -65.534
 -65.534
 -65.534
 -65.534
   1.238
   1.280
 -65.534
   1.500
   1.577
   1.584
   1.577
   1.552
   1.517
   1.473
   1.434
   1.400
   1.366
   1.343
   1.319
   1.299
   1.281
   1.252
   1.211
   1.153
   1.085
   1.009
   0.929
   0.836
   0.674
   0.000
 -65.534
 -65.534
 -65.534
 -65.534
 -65.534
 -65.534
 -65.534
 -65.534
 -65.534
 -65.534
 -65.534
 -65.534
 -65.534
 -65.534
 -65.534
 -65.534
 -65.534
 -65.534
 -65.534
 -65.534
 -65.534
 -65.534
 -65.534
 -65.534
 -65.534
 -65.534
 -65.534
 -65.534
 -65.534
 -65.534
 -65.534
 -65.534
   1.018
   1.119
   1.134
   1.076
   0.879
   0.643
 -65.534
 -65.534
 -65.534
 -65.534
 -65.534
 -65.534
 -65.534
 -65.534
 -65.534
 -65.534
 -65.534
   1.433
   1.514
   1.512
   1.502
   1.467
   1.427
   1.375
   1.334
   1.299
   1.261
   1.227
   1.183
   1.123
   1.049
   0.968
   0.886
   0.796
   0.699
   0.546
   0.000
 -65.534
 -65.534
 -65.534
 -65.534
 -65.534
 -65.534
 -65.534
 -65.534
 -65.534
 -65.534
 -65.534
 -65.534
 -65.534
 -65.534
 -65.534
 -65.534
 -65.534
 -65.534
 -65.534
 -65.534
 -65.534
 -65.534
 -65.534
 -65.534
 -65.534
 -65.534
 -65.534
 -65.534
 -65.534
 -65.534
 -65.534
 -65.534
   0.909
   1.029
   1.061
   1.020
   0.906
   0.771
   0.620
   0.507
 -65.534
 -65.534
 -65.534
 -65.534
 -65.534
 -65.534
 -65.534
 -65.534
 -65.534
 -65.534
 -65.534
 -65.534
   1.344
   1.399
   1.377
   1.342
   1.297
   1.250
   1.204
   1.154
   1.100
   1.031
   0.952
   0.866
   0.780
   0.695
   0.599
   0.453
   0.000
 -65.534
 -65.534
 -65.534
 -65.534
 -65.534
 -65.534
 -65.534
 -65.534
 -65.534
 -65.534
 -65.534
 -65.534
 -65.534
 -65.534
 -65.534
 -65.534
 -65.534
 -65.534
 -65.534
 -65.534
 -65.534
 -65.534
 -65.534
 -65.534
 -65.534
 -65.534
 -65.534
 -65.534
 -65.534
 -65.534
 -65.534
 -65.534
 -65.534
 -65.534
 -65.534
 -65.534
   0.682
   0.707
   0.666
   0.605
   0.508
   0.443
   0.397
   0.385
   0.374
 -65.534
 -65.534
 -65.534
 -65.534
 -65.534
 -65.534
 -65.534
 -65.534
 -65.534
 -65.534
   1.173
   1.216
   1.190
   1.143
   1.082
   1.020
   0.948
   0.867
   0.783
   0.700
   0.618
   0.524
   0.386
   0.000
 -65.534
 -65.534
 -65.534
 -65.534
 -65.534
 -65.534
 -65.534
 -65.534
 -65.534
 -65.534
 -65.534
 -65.534
 -65.534
 -65.534
 -65.534
 -65.534
 -65.534
 -65.534
 -65.534
 -65.534
 -65.534
 -65.534
 -65.534
 -65.534
 -65.534
 -65.534
 -65.534
 -65.534
 -65.534
 -65.534
 -65.534
 -65.534
 -65.534
 -65.534
 -65.534
 -65.534
 -65.534
 -65.534
 -65.534
 -65.534
   0.410
 -65.534
 -65.534
 -65.534
 -65.534
 -65.534
 -65.534
 -65.534
 -65.534
 -65.534
 -65.534
 -65.534
 -65.534
 -65.534
 -65.534
   1.034
   1.104
   1.101
   1.061
   1.016
   0.949
   0.868
   0.785
   0.709
   0.631
   0.558
   0.473
   0.340
   0.000
 -65.534
 -65.534
 -65.534
 -65.534
 -65.534
 -65.534
 -65.534
 -65.534
 -65.534
 -65.534
 -65.534
 -65.534
 -65.534
 -65.534
 -65.534
 -65.534
 -65.534
 -65.534
 -65.534
 -65.534
 -65.534
 -65.534
 -65.534
 -65.534
 -65.534
 -65.534
 -65.534
 -65.534
 -65.534
 -65.534
 -65.534
 -65.534
 -65.534
 -65.534
 -65.534
 -65.534
 -65.534
 -65.534
 -65.534
 -65.534
 -65.534
 -65.534
 -65.534
 -65.534
 -65.534
 -65.534
 -65.534
 -65.534
 -65.534
 -65.534
 -65.534
 -65.534
 -65.534
 -65.534
 -65.534
 -65.534
 -65.534
 -65.534
 -65.534
   0.860
   0.841
   0.773
   0.686
   0.621
   0.561
   0.501
   0.437
   0.317
   0.000
 -65.534
 -65.534
 -65.534
 -65.534
 -65.534
 -65.534
 -65.534
 -65.534
 -65.534
 -65.534
 -65.534
 -65.534
 -65.534
 -65.534
 -65.534
 -65.534
 -65.534
 -65.534
 -65.534
 -65.534
 -65.534
 -65.534
 -65.534
 -65.534
 -65.534
 -65.534
 -65.534
 -65.534
 -65.534
 -65.534
 -65.534
 -65.534
 -65.534
 -65.534
 -65.534
 -65.534
 -65.534
 -65.534
 -65.534
 -65.534
 -65.534
 -65.534
 -65.534
 -65.534
 -65.534
 -65.534
 -65.534
 -65.534
 -65.534
 -65.534
 -65.534
 -65.534
 -65.534
 -65.534
 -65.534
 -65.534
 -65.534
 -65.534
 -65.534
 -65.534
 -65.534
   0.000
   0.000
   0.000
   0.000
   0.000
   0.000
   0.000
 -65.534
