 -65.534
   0.000
   0.000
   0.000
   0.000
   0.000
   0.000
   0.000
   0.000
   0.000
   0.000
   0.000
   0.000
   0.000
   0.000
   0.000
   0.000
   0.000
   0.000
   0.000
   0.000
   0.000
   0.000
   0.000
   0.000
   0.000
   0.000
   0.000
   0.000
   0.000
   0.000
   0.000
   0.000
   0.000
   0.000
   0.000
   0.000
   0.000
   0.000
   0.000
   0.000
   0.000
   0.000
   0.000
   0.000
   0.000
   0.000
   0.000
   0.000
   0.000
   0.000
   0.000
   0.000
   0.000
   0.000
   0.000
   0.000
   0.000
   0.000
   0.000
   0.000
   0.000
   0.000
   0.000
   0.000
   0.000
   0.000
   0.000
 -65.534
   0.000
   0.840
   0.901
   0.932
   0.975
   1.012
   1.050
   1.089
   1.122
   1.152
   1.178
   1.201
   1.220
   1.237
   1.247
   1.256
   1.261
   1.270
   1.277
   1.273
   1.262
   1.246
   1.229
   1.212
   1.216
   1.219
   1.219
   1.217
   1.205
   1.192
   1.179
   1.163
   1.150
   1.132
   1.123
   1.105
   1.104
   1.094
   1.092
   1.101
   1.123
   1.156
   1.193
   1.218
   1.228
   1.224
   1.213
   1.206
   1.204
   1.214
   1.232
   1.258
   1.287
   1.317
   1.351
   1.378
   1.402
   1.416
   1.424
   1.440
   1.456
   1.469
   1.481
   1.493
   1.503
   1.511
   1.522
   1.465
   0.000
   0.000
   0.933
   0.983
   1.005
   1.042
   1.078
   1.122
   1.171
   1.219
   1.264
   1.305
   1.342
   1.370
   1.392
   1.401
   1.405
   1.403
   1.401
   1.393
   1.378
   1.357
   1.329
   1.304
   1.281
   1.279
   1.278
   1.281
   1.279
   1.269
   1.256
   1.242
   1.227
   1.212
   1.199
   1.183
   1.166
   1.152
   1.141
   1.140
   1.151
   1.177
   1.218
   1.267
   1.310
   1.339
   1.345
   1.349
   1.358
   1.373
   1.394
   1.418
   1.448
   1.480
   1.514
   1.548
   1.579
   1.611
   1.638
   1.655
   1.670
   1.685
   1.699
   1.710
   1.726
   1.739
   1.751
   1.760
   1.705
   0.000
   0.000
   0.950
   0.989
   1.006
   1.034
   1.070
   1.110
   1.155
   1.205
   1.254
   1.304
   1.349
   1.388
   1.417
   1.427
   1.426
   1.419
   1.408
   1.393
   1.373
   1.345
   1.313
   1.288
   1.273
   1.265
   1.268
   1.272
   1.271
   1.265
   1.256
   1.244
   1.231
   1.219
   1.207
   1.193
   1.174
   1.157
   1.144
   1.141
   1.154
   1.186
   1.232
   1.286
   1.336
   1.373
   1.393
   1.407
   1.428
   1.456
   1.487
   1.517
   1.545
   1.575
   1.604
   1.635
   1.666
   1.699
   1.728
   1.750
   1.767
   1.783
   1.794
   1.806
   1.822
   1.839
   1.853
   1.867
   1.808
   0.000
   0.000
   0.957
   1.002
   1.003
   1.025
   1.054
   1.087
   1.127
   1.171
   1.221
   1.269
   1.318
   1.360
   1.392
   1.404
   1.404
   1.396
   1.383
   1.364
   1.339
   1.309
   1.279
   1.257
   1.249
   1.244
   1.253
   1.262
   1.270
   1.270
   1.264
   1.255
   1.242
   1.231
   1.219
   1.205
   1.185
   1.171
   1.154
   1.150
   1.166
   1.201
   1.251
   1.309
   1.368
   1.415
   1.447
   1.475
   1.511
   1.549
   1.583
   1.614
   1.640
   1.663
   1.684
   1.707
   1.733
   1.761
   1.790
   1.812
   1.829
   1.844
   1.857
   1.871
   1.891
   1.912
   1.929
   1.944
   1.881
   0.000
   0.000
   0.965
   1.005
   1.006
   1.021
   1.041
   1.068
   1.100
   1.137
   1.178
   1.222
   1.263
   1.302
   1.333
   1.348
   1.349
   1.342
   1.328
   1.309
   1.285
   1.259
   1.234
   1.221
   1.217
   1.220
   1.239
   1.251
   1.264
   1.272
   1.278
   1.274
   1.266
   1.255
   1.240
   1.222
   1.203
   1.181
   1.165
   1.162
   1.180
   1.219
   1.273
   1.337
   1.402
   1.457
   1.508
   1.550
   1.598
   1.646
   1.688
   1.717
   1.739
   1.755
   1.767
   1.778
   1.792
   1.815
   1.836
   1.853
   1.871
   1.887
   1.900
   1.921
   1.942
   1.963
   1.984
   1.998
   1.933
   0.000
   0.000
   0.985
   1.011
   1.014
   1.018
   1.032
   1.051
   1.076
   1.105
   1.139
   1.174
   1.207
   1.240
   1.264
   1.277
   1.276
   1.274
   1.261
   1.247
   1.226
   1.207
   1.192
   1.188
   1.193
   1.202
   1.216
   1.234
   1.255
   1.273
   1.289
   1.292
   1.289
   1.277
   1.259
   1.238
   1.218
   1.198
   1.184
   1.184
   1.203
   1.240
   1.298
   1.364
   1.432
   1.500
   1.558
   1.614
   1.676
   1.735
   1.780
   1.815
   1.835
   1.844
   1.847
   1.849
   1.852
   1.863
   1.875
   1.886
   1.900
   1.915
   1.931
   1.952
   1.972
   1.996
   2.018
   2.031
   1.967
   0.000
   0.000
   0.998
   1.022
   1.018
   1.024
   1.025
   1.038
   1.057
   1.080
   1.106
   1.134
   1.162
   1.186
   1.206
   1.214
   1.214
   1.211
   1.204
   1.193
   1.179
   1.167
   1.160
   1.159
   1.165
   1.178
   1.195
   1.218
   1.246
   1.272
   1.295
   1.309
   1.309
   1.297
   1.279
   1.255
   1.230
   1.212
   1.206
   1.209
   1.229
   1.269
   1.325
   1.390
   1.461
   1.531
   1.592
   1.659
   1.730
   1.793
   1.847
   1.885
   1.909
   1.919
   1.917
   1.909
   1.905
   1.900
   1.902
   1.904
   1.914
   1.926
   1.941
   1.958
   1.980
   2.003
   2.022
   2.036
   1.973
   0.000
   0.000
   1.002
   1.031
   1.024
   1.025
   1.031
   1.034
   1.042
   1.061
   1.082
   1.105
   1.126
   1.146
   1.162
   1.167
   1.167
   1.166
   1.163
   1.156
   1.149
   1.143
   1.138
   1.140
   1.146
   1.157
   1.173
   1.201
   1.233
   1.267
   1.296
   1.312
   1.317
   1.307
   1.290
   1.264
   1.241
   1.227
   1.226
   1.235
   1.260
   1.301
   1.355
   1.419
   1.490
   1.557
   1.620
   1.687
   1.763
   1.830
   1.885
   1.927
   1.954
   1.964
   1.963
   1.951
   1.937
   1.925
   1.914
   1.907
   1.909
   1.917
   1.927
   1.940
   1.959
   1.979
   1.998
   2.011
   1.952
   0.000
   0.000
   0.995
   1.032
   1.033
   1.035
   1.032
   1.032
   1.039
   1.051
   1.067
   1.088
   1.104
   1.119
   1.131
   1.138
   1.141
   1.141
   1.142
   1.140
   1.139
   1.135
   1.132
   1.130
   1.134
   1.144
   1.158
   1.185
   1.221
   1.259
   1.290
   1.308
   1.313
   1.304
   1.288
   1.266
   1.249
   1.242
   1.243
   1.259
   1.288
   1.333
   1.386
   1.445
   1.514
   1.579
   1.641
   1.706
   1.776
   1.847
   1.902
   1.942
   1.968
   1.981
   1.979
   1.964
   1.945
   1.922
   1.901
   1.885
   1.881
   1.885
   1.890
   1.901
   1.915
   1.934
   1.951
   1.964
   1.909
   0.000
   0.000
   0.984
   1.029
   1.037
   1.044
   1.038
   1.030
   1.032
   1.041
   1.057
   1.076
   1.092
   1.106
   1.119
   1.128
   1.133
   1.137
   1.140
   1.143
   1.142
   1.141
   1.137
   1.132
   1.132
   1.139
   1.152
   1.175
   1.209
   1.247
   1.277
   1.295
   1.300
   1.295
   1.280
   1.265
   1.256
   1.254
   1.261
   1.278
   1.313
   1.357
   1.408
   1.462
   1.520
   1.582
   1.642
   1.702
   1.764
   1.833
   1.893
   1.935
   1.959
   1.970
   1.965
   1.947
   1.919
   1.886
   1.854
   1.833
   1.827
   1.828
   1.832
   1.840
   1.852
   1.867
   1.885
   1.899
   1.848
   0.000
   0.000
   0.969
   1.020
   1.036
   1.045
   1.042
   1.039
   1.040
   1.043
   1.056
   1.072
   1.089
   1.105
   1.119
   1.132
   1.139
   1.147
   1.149
   1.151
   1.150
   1.147
   1.143
   1.138
   1.135
   1.139
   1.149
   1.167
   1.197
   1.231
   1.261
   1.279
   1.286
   1.285
   1.273
   1.262
   1.258
   1.263
   1.276
   1.295
   1.329
   1.369
   1.416
   1.461
   1.504
   1.551
   1.606
   1.662
   1.729
   1.796
   1.860
   1.908
   1.932
   1.941
   1.935
   1.910
   1.868
   1.822
   1.784
   1.762
   1.757
   1.760
   1.765
   1.774
   1.784
   1.801
   1.820
   1.835
   1.788
   0.000
   0.000
   0.921
   1.019
   1.038
   1.046
   1.045
   1.046
   1.046
   1.053
   1.064
   1.078
   1.091
   1.107
   1.124
   1.138
   1.148
   1.155
   1.159
   1.157
   1.154
   1.151
   1.145
   1.139
   1.138
   1.141
   1.149
   1.163
   1.189
   1.221
   1.249
   1.268
   1.278
   1.280
   1.270
   1.262
   1.262
   1.271
   1.283
   1.303
   1.333
   1.369
   1.404
   1.437
   1.470
   1.499
   1.540
   1.594
   1.659
   1.735
   1.808
   1.859
   1.886
   1.894
   1.884
   1.851
   1.802
   1.749
   1.710
   1.691
   1.689
   1.695
   1.704
   1.715
   1.730
   1.750
   1.770
   1.786
   1.744
   0.000
 -65.534
 -65.534
   0.938
   1.021
   1.033
   1.040
   1.046
   1.054
   1.060
   1.067
   1.079
   1.092
   1.105
   1.120
   1.133
   1.144
   1.149
   1.153
   1.150
   1.148
   1.145
   1.141
   1.137
   1.134
   1.138
   1.147
   1.162
   1.186
   1.215
   1.245
   1.268
   1.284
   1.287
   1.278
   1.267
   1.263
   1.270
   1.282
   1.299
   1.321
   1.347
   1.374
   1.396
   1.417
   1.435
   1.460
   1.505
   1.574
   1.655
   1.735
   1.792
   1.821
   1.826
   1.812
   1.777
   1.726
   1.674
   1.639
   1.626
   1.629
   1.641
   1.654
   1.674
   1.695
   1.720
   1.743
   1.759
   1.716
   0.000
 -65.534
 -65.534
 -65.534
   0.919
   1.004
   1.027
   1.048
   1.059
   1.063
   1.068
   1.074
   1.081
   1.088
   1.098
   1.106
   1.115
   1.119
   1.123
   1.123
   1.125
   1.124
   1.124
   1.124
   1.129
   1.133
   1.146
   1.161
   1.183
   1.213
   1.244
   1.274
   1.295
   1.304
   1.296
   1.281
   1.270
   1.268
   1.273
   1.285
   1.299
   1.317
   1.335
   1.347
   1.358
   1.367
   1.381
   1.417
   1.485
   1.575
   1.657
   1.715
   1.743
   1.747
   1.728
   1.691
   1.645
   1.603
   1.577
   1.569
   1.580
   1.594
   1.612
   1.634
   1.664
   1.694
   1.722
   1.743
   1.705
   0.000
 -65.534
 -65.534
 -65.534
 -65.534
   0.936
   1.000
   1.034
   1.053
   1.057
   1.060
   1.061
   1.062
   1.062
   1.064
   1.068
   1.072
   1.077
   1.079
   1.082
   1.086
   1.091
   1.094
   1.100
   1.109
   1.119
   1.131
   1.147
   1.171
   1.203
   1.237
   1.272
   1.301
   1.315
   1.314
   1.300
   1.283
   1.270
   1.268
   1.269
   1.276
   1.286
   1.295
   1.303
   1.304
   1.308
   1.318
   1.352
   1.421
   1.506
   1.584
   1.636
   1.661
   1.660
   1.640
   1.607
   1.570
   1.542
   1.527
   1.528
   1.544
   1.556
   1.578
   1.604
   1.634
   1.667
   1.703
   1.730
   1.696
   0.000
 -65.534
 -65.534
 -65.534
 -65.534
   0.882
   0.961
   0.999
   1.018
   1.027
   1.037
   1.041
   1.041
   1.037
   1.033
   1.031
   1.027
   1.028
   1.032
   1.036
   1.040
   1.045
   1.053
   1.062
   1.070
   1.082
   1.096
   1.114
   1.137
   1.170
   1.209
   1.251
   1.290
   1.313
   1.320
   1.311
   1.294
   1.277
   1.268
   1.262
   1.260
   1.262
   1.263
   1.265
   1.262
   1.260
   1.272
   1.312
   1.380
   1.451
   1.512
   1.555
   1.576
   1.572
   1.553
   1.527
   1.504
   1.490
   1.488
   1.499
   1.517
   1.532
   1.554
   1.580
   1.609
   1.646
   1.682
   1.714
   1.684
   0.000
 -65.534
 -65.534
 -65.534
 -65.534
   0.827
   0.907
   0.946
   0.965
   0.979
   0.995
   1.012
   1.017
   1.016
   1.009
   1.002
   0.994
   0.987
   0.986
   0.991
   0.994
   1.001
   1.006
   1.010
   1.018
   1.026
   1.037
   1.058
   1.083
   1.115
   1.158
   1.204
   1.251
   1.286
   1.305
   1.307
   1.296
   1.281
   1.267
   1.263
   1.255
   1.246
   1.243
   1.238
   1.233
   1.229
   1.238
   1.273
   1.329
   1.390
   1.439
   1.475
   1.494
   1.494
   1.480
   1.463
   1.451
   1.449
   1.457
   1.476
   1.498
   1.519
   1.538
   1.562
   1.591
   1.624
   1.662
   1.694
   1.667
   0.000
 -65.534
 -65.534
 -65.534
 -65.534
   0.727
   0.797
   0.838
   0.869
   0.912
   0.931
   0.954
   0.970
   0.977
   0.980
   0.973
   0.963
   0.955
   0.955
   0.956
   0.958
   0.960
   0.960
   0.959
   0.960
   0.964
   0.975
   0.994
   1.020
   1.051
   1.088
   1.132
   1.183
   1.229
   1.259
   1.272
   1.273
   1.265
   1.257
   1.254
   1.252
   1.238
   1.226
   1.220
   1.211
   1.206
   1.207
   1.225
   1.263
   1.308
   1.348
   1.382
   1.405
   1.417
   1.416
   1.410
   1.409
   1.416
   1.433
   1.459
   1.490
   1.518
   1.546
   1.569
   1.594
   1.621
   1.655
   1.684
   1.653
   0.000
 -65.534
 -65.534
 -65.534
 -65.534
 -65.534
 -65.534
 -65.534
 -65.534
   0.767
   0.830
   0.868
   0.898
   0.921
   0.933
   0.935
   0.932
   0.929
   0.931
   0.936
   0.941
   0.938
   0.929
   0.917
   0.911
   0.912
   0.921
   0.937
   0.960
   0.987
   1.016
   1.051
   1.093
   1.140
   1.179
   1.204
   1.214
   1.217
   1.220
   1.225
   1.229
   1.229
   1.209
   1.200
   1.190
   1.181
   1.175
   1.174
   1.192
   1.222
   1.260
   1.293
   1.325
   1.347
   1.360
   1.367
   1.378
   1.394
   1.419
   1.453
   1.489
   1.528
   1.561
   1.588
   1.611
   1.635
   1.663
   1.687
   1.653
   0.000
 -65.534
 -65.534
 -65.534
 -65.534
 -65.534
 -65.534
   0.403
   0.483
   0.652
   0.733
   0.781
   0.822
   0.856
   0.882
   0.896
   0.905
   0.914
   0.922
   0.931
   0.933
   0.928
   0.915
   0.901
   0.886
   0.872
   0.876
   0.888
   0.909
   0.933
   0.959
   0.983
   1.012
   1.044
   1.079
   1.105
   1.126
   1.143
   1.159
   1.175
   1.188
   1.193
   1.180
   1.172
   1.164
   1.153
   1.146
   1.137
   1.138
   1.156
   1.187
   1.224
   1.262
   1.294
   1.318
   1.337
   1.357
   1.381
   1.412
   1.447
   1.489
   1.532
   1.575
   1.608
   1.633
   1.660
   1.683
   1.705
   1.656
   0.000
 -65.534
 -65.534
 -65.534
 -65.534
 -65.534
 -65.534
 -65.534
 -65.534
 -65.534
   0.615
   0.670
   0.718
   0.758
   0.795
   0.832
   0.874
   0.896
   0.914
   0.930
   0.935
   0.929
   0.917
   0.904
   0.890
   0.876
   0.866
   0.865
   0.877
   0.890
   0.908
   0.927
   0.947
   0.971
   0.994
   1.018
   1.038
   1.062
   1.085
   1.107
   1.126
   1.138
   1.143
   1.142
   1.138
   1.129
   1.116
   1.110
   1.107
   1.113
   1.133
   1.170
   1.214
   1.252
   1.287
   1.315
   1.342
   1.371
   1.405
   1.443
   1.487
   1.538
   1.585
   1.626
   1.654
   1.681
   1.705
   1.723
   1.657
   0.000
 -65.534
 -65.534
 -65.534
 -65.534
 -65.534
 -65.534
 -65.534
 -65.534
 -65.534
 -65.534
 -65.534
 -65.534
 -65.534
 -65.534
 -65.534
   0.708
   0.794
   0.844
   0.886
   0.925
   0.935
   0.935
   0.933
   0.928
   0.916
   0.901
   0.888
   0.878
   0.877
   0.884
   0.889
   0.898
   0.913
   0.928
   0.948
   0.967
   0.991
   1.014
   1.052
   1.081
   1.099
   1.104
   1.108
   1.111
   1.109
   1.103
   1.094
   1.094
   1.096
   1.106
   1.133
   1.169
   1.212
   1.254
   1.293
   1.327
   1.363
   1.400
   1.441
   1.485
   1.537
   1.588
   1.634
   1.667
   1.693
   1.714
   1.724
   1.639
   0.000
 -65.534
 -65.534
 -65.534
 -65.534
 -65.534
 -65.534
 -65.534
 -65.534
 -65.534
 -65.534
 -65.534
 -65.534
 -65.534
 -65.534
 -65.534
 -65.534
 -65.534
 -65.534
 -65.534
   0.828
   0.923
   0.959
   0.981
   0.992
   0.985
   0.966
   0.947
   0.928
   0.911
   0.892
   0.880
   0.876
   0.873
   0.880
   0.895
   0.913
   0.936
   0.963
   1.010
   1.041
   1.067
   1.085
   1.098
   1.105
   1.111
   1.111
   1.105
   1.094
   1.090
   1.095
   1.111
   1.143
   1.181
   1.223
   1.265
   1.303
   1.341
   1.380
   1.424
   1.471
   1.524
   1.577
   1.624
   1.661
   1.685
   1.702
   1.706
   1.607
   0.000
 -65.534
 -65.534
 -65.534
 -65.534
 -65.534
 -65.534
 -65.534
 -65.534
 -65.534
 -65.534
 -65.534
 -65.534
 -65.534
 -65.534
 -65.534
 -65.534
 -65.534
 -65.534
   0.625
   0.869
   0.954
   1.004
   1.043
   1.066
   1.067
   1.049
   1.027
   1.003
   0.976
   0.945
   0.915
   0.890
   0.872
   0.866
   0.873
   0.893
   0.916
   0.938
   0.967
   1.000
   1.033
   1.062
   1.082
   1.093
   1.097
   1.094
   1.087
   1.079
   1.079
   1.089
   1.107
   1.136
   1.171
   1.208
   1.240
   1.268
   1.304
   1.344
   1.389
   1.438
   1.491
   1.546
   1.591
   1.629
   1.655
   1.669
   1.672
   1.570
   0.000
 -65.534
 -65.534
 -65.534
 -65.534
 -65.534
 -65.534
 -65.534
 -65.534
 -65.534
 -65.534
 -65.534
 -65.534
 -65.534
 -65.534
 -65.534
 -65.534
 -65.534
   0.641
   0.845
   0.966
   1.026
   1.073
   1.114
   1.143
   1.146
   1.133
   1.113
   1.085
   1.057
   1.023
   0.986
   0.945
   0.913
   0.887
   0.877
   0.880
   0.893
   0.914
   0.938
   0.970
   1.005
   1.044
   1.076
   1.101
   1.115
   1.109
   1.096
   1.085
   1.083
   1.089
   1.107
   1.134
   1.163
   1.189
   1.213
   1.240
   1.270
   1.305
   1.348
   1.397
   1.446
   1.496
   1.541
   1.579
   1.607
   1.624
   1.630
   1.529
   0.000
 -65.534
 -65.534
 -65.534
 -65.534
 -65.534
 -65.534
 -65.534
 -65.534
 -65.534
 -65.534
 -65.534
 -65.534
 -65.534
 -65.534
 -65.534
 -65.534
 -65.534
   0.818
   0.965
   1.046
   1.100
   1.145
   1.190
   1.217
   1.215
   1.201
   1.179
   1.153
   1.125
   1.095
   1.059
   1.013
   0.969
   0.933
   0.907
   0.896
   0.896
   0.904
   0.921
   0.949
   0.983
   1.027
   1.072
   1.110
   1.135
   1.135
   1.119
   1.103
   1.097
   1.098
   1.111
   1.130
   1.154
   1.174
   1.192
   1.209
   1.232
   1.264
   1.301
   1.346
   1.392
   1.440
   1.483
   1.520
   1.545
   1.568
   1.579
   1.496
   0.000
 -65.534
 -65.534
 -65.534
 -65.534
 -65.534
 -65.534
 -65.534
 -65.534
 -65.534
 -65.534
 -65.534
 -65.534
 -65.534
 -65.534
 -65.534
 -65.534
 -65.534
   0.882
   1.007
   1.078
   1.132
   1.187
   1.241
   1.273
   1.267
   1.243
   1.213
   1.184
   1.156
   1.128
   1.097
   1.050
   1.006
   0.965
   0.933
   0.911
   0.900
   0.901
   0.913
   0.935
   0.972
   1.017
   1.063
   1.105
   1.133
   1.135
   1.124
   1.111
   1.104
   1.101
   1.106
   1.124
   1.141
   1.159
   1.174
   1.188
   1.207
   1.232
   1.264
   1.300
   1.340
   1.380
   1.420
   1.455
   1.488
   1.513
   1.529
   1.459
   0.000
 -65.534
 -65.534
 -65.534
 -65.534
 -65.534
 -65.534
 -65.534
 -65.534
 -65.534
 -65.534
 -65.534
 -65.534
 -65.534
 -65.534
 -65.534
 -65.534
 -65.534
   0.873
   0.999
   1.070
   1.132
   1.199
   1.263
   1.299
   1.289
   1.255
   1.219
   1.183
   1.152
   1.127
   1.101
   1.060
   1.022
   0.984
   0.951
   0.927
   0.912
   0.909
   0.919
   0.942
   0.977
   1.021
   1.063
   1.096
   1.118
   1.124
   1.115
   1.104
   1.095
   1.093
   1.096
   1.111
   1.129
   1.146
   1.162
   1.175
   1.191
   1.209
   1.237
   1.266
   1.297
   1.330
   1.361
   1.392
   1.422
   1.448
   1.471
   1.410
   0.000
 -65.534
 -65.534
 -65.534
 -65.534
 -65.534
 -65.534
 -65.534
 -65.534
 -65.534
 -65.534
 -65.534
 -65.534
 -65.534
 -65.534
 -65.534
 -65.534
 -65.534
 -65.534
   0.921
   1.033
   1.110
   1.186
   1.252
   1.284
   1.271
   1.236
   1.195
   1.160
   1.129
   1.112
   1.094
   1.065
   1.035
   1.001
   0.969
   0.946
   0.931
   0.927
   0.940
   0.962
   0.997
   1.033
   1.065
   1.092
   1.111
   1.115
   1.109
   1.099
   1.090
   1.087
   1.091
   1.104
   1.117
   1.134
   1.149
   1.163
   1.177
   1.196
   1.218
   1.242
   1.269
   1.295
   1.318
   1.340
   1.363
   1.382
   1.398
   1.343
   0.000
 -65.534
 -65.534
 -65.534
 -65.534
 -65.534
 -65.534
 -65.534
 -65.534
 -65.534
 -65.534
 -65.534
 -65.534
 -65.534
 -65.534
 -65.534
 -65.534
 -65.534
 -65.534
 -65.534
   0.938
   1.061
   1.143
   1.201
   1.223
   1.210
   1.181
   1.149
   1.121
   1.101
   1.096
   1.091
   1.074
   1.049
   1.021
   0.998
   0.982
   0.969
   0.961
   0.972
   0.994
   1.015
   1.035
   1.061
   1.087
   1.106
   1.117
   1.113
   1.106
   1.099
   1.097
   1.100
   1.107
   1.118
   1.127
   1.137
   1.149
   1.164
   1.184
   1.204
   1.227
   1.249
   1.271
   1.288
   1.301
   1.313
   1.319
   1.323
   1.253
   0.000
 -65.534
 -65.534
 -65.534
 -65.534
 -65.534
 -65.534
 -65.534
 -65.534
 -65.534
 -65.534
 -65.534
 -65.534
 -65.534
 -65.534
 -65.534
 -65.534
 -65.534
 -65.534
 -65.534
 -65.534
   0.945
   1.038
   1.103
   1.127
   1.137
   1.118
   1.104
   1.092
   1.089
   1.101
   1.107
   1.099
   1.071
   1.042
   1.010
   0.954
 -65.534
 -65.534
 -65.534
 -65.534
   0.823
   0.925
   0.997
   1.048
   1.096
   1.123
   1.131
   1.127
   1.122
   1.121
   1.118
   1.121
   1.125
   1.126
   1.133
   1.141
   1.154
   1.172
   1.191
   1.211
   1.230
   1.245
   1.254
   1.258
   1.260
   1.255
   1.245
   1.167
   0.000
 -65.534
 -65.534
 -65.534
 -65.534
 -65.534
 -65.534
 -65.534
 -65.534
 -65.534
 -65.534
 -65.534
 -65.534
 -65.534
 -65.534
 -65.534
 -65.534
 -65.534
 -65.534
 -65.534
 -65.534
 -65.534
 -65.534
 -65.534
 -65.534
   1.016
   1.059
   1.071
   1.081
   1.095
   1.115
   1.125
   1.120
   1.093
   1.064
   1.028
   0.947
 -65.534
 -65.534
 -65.534
 -65.534
 -65.534
 -65.534
   0.859
   0.992
   1.081
   1.130
   1.144
   1.148
   1.147
   1.146
   1.144
   1.138
   1.132
   1.129
   1.129
   1.135
   1.145
   1.158
   1.174
   1.187
   1.200
   1.208
   1.208
   1.203
   1.193
   1.178
   1.158
   1.077
   0.000
 -65.534
 -65.534
 -65.534
 -65.534
 -65.534
 -65.534
 -65.534
 -65.534
 -65.534
 -65.534
 -65.534
 -65.534
 -65.534
 -65.534
 -65.534
 -65.534
 -65.534
 -65.534
 -65.534
 -65.534
 -65.534
 -65.534
 -65.534
 -65.534
   0.892
   0.966
   1.002
   1.037
   1.080
   1.114
   1.126
   1.120
   1.101
   1.076
   1.042
   0.960
 -65.534
 -65.534
 -65.534
 -65.534
 -65.534
 -65.534
 -65.534
   0.913
   1.053
   1.118
   1.150
   1.160
   1.168
   1.166
   1.163
   1.155
   1.144
   1.137
   1.136
   1.136
   1.143
   1.150
   1.154
   1.160
   1.160
   1.157
   1.147
   1.131
   1.110
   1.085
   1.060
   0.981
   0.000
 -65.534
 -65.534
 -65.534
 -65.534
 -65.534
 -65.534
 -65.534
 -65.534
 -65.534
 -65.534
 -65.534
 -65.534
 -65.534
 -65.534
 -65.534
 -65.534
 -65.534
 -65.534
 -65.534
 -65.534
 -65.534
 -65.534
 -65.534
 -65.534
 -65.534
 -65.534
 -65.534
 -65.534
 -65.534
   0.982
   1.047
   1.067
   1.086
   1.080
   1.050
   0.971
   0.580
 -65.534
 -65.534
 -65.534
 -65.534
 -65.534
 -65.534
   0.831
   0.983
 -65.534
   0.996
   1.097
   1.139
   1.179
   1.188
   1.182
   1.166
   1.156
   1.151
   1.148
   1.151
   1.148
   1.141
   1.131
   1.119
   1.100
   1.076
   1.047
   1.014
   0.983
   0.951
   0.876
   0.000
 -65.534
 -65.534
 -65.534
 -65.534
 -65.534
 -65.534
 -65.534
 -65.534
 -65.534
 -65.534
 -65.534
 -65.534
 -65.534
 -65.534
 -65.534
 -65.534
 -65.534
 -65.534
 -65.534
 -65.534
 -65.534
 -65.534
 -65.534
 -65.534
 -65.534
 -65.534
 -65.534
 -65.534
 -65.534
 -65.534
 -65.534
 -65.534
   0.968
   1.043
   1.036
   0.963
   0.753
   0.500
 -65.534
 -65.534
 -65.534
 -65.534
 -65.534
 -65.534
 -65.534
 -65.534
 -65.534
 -65.534
 -65.534
   0.972
   1.105
   1.146
   1.175
   1.174
   1.166
   1.154
   1.141
   1.128
   1.110
   1.089
   1.066
   1.037
   1.001
   0.962
   0.925
   0.887
   0.853
   0.781
   0.000
 -65.534
 -65.534
 -65.534
 -65.534
 -65.534
 -65.534
 -65.534
 -65.534
 -65.534
 -65.534
 -65.534
 -65.534
 -65.534
 -65.534
 -65.534
 -65.534
 -65.534
 -65.534
 -65.534
 -65.534
 -65.534
 -65.534
 -65.534
 -65.534
 -65.534
 -65.534
 -65.534
 -65.534
 -65.534
 -65.534
 -65.534
 -65.534
   0.860
   0.951
   0.965
   0.911
   0.789
   0.640
   0.473
   0.354
 -65.534
 -65.534
 -65.534
 -65.534
 -65.534
 -65.534
 -65.534
 -65.534
 -65.534
 -65.534
 -65.534
 -65.534
   0.925
   1.042
   1.071
   1.094
   1.088
   1.071
   1.049
   1.028
   1.002
   0.970
   0.933
   0.892
   0.850
   0.814
   0.776
   0.709
   0.000
 -65.534
 -65.534
 -65.534
 -65.534
 -65.534
 -65.534
 -65.534
 -65.534
 -65.534
 -65.534
 -65.534
 -65.534
 -65.534
 -65.534
 -65.534
 -65.534
 -65.534
 -65.534
 -65.534
 -65.534
 -65.534
 -65.534
 -65.534
 -65.534
 -65.534
 -65.534
 -65.534
 -65.534
 -65.534
 -65.534
 -65.534
 -65.534
 -65.534
 -65.534
 -65.534
 -65.534
   0.622
   0.606
   0.540
   0.464
   0.364
   0.306
   0.272
   0.263
   0.264
 -65.534
 -65.534
 -65.534
 -65.534
 -65.534
 -65.534
 -65.534
 -65.534
 -65.534
 -65.534
   0.827
   0.951
   0.973
   0.969
   0.953
   0.932
   0.905
   0.870
   0.832
   0.793
   0.754
   0.714
   0.646
   0.000
 -65.534
 -65.534
 -65.534
 -65.534
 -65.534
 -65.534
 -65.534
 -65.534
 -65.534
 -65.534
 -65.534
 -65.534
 -65.534
 -65.534
 -65.534
 -65.534
 -65.534
 -65.534
 -65.534
 -65.534
 -65.534
 -65.534
 -65.534
 -65.534
 -65.534
 -65.534
 -65.534
 -65.534
 -65.534
 -65.534
 -65.534
 -65.534
 -65.534
 -65.534
 -65.534
 -65.534
 -65.534
 -65.534
 -65.534
 -65.534
   0.314
 -65.534
 -65.534
 -65.534
 -65.534
 -65.534
 -65.534
 -65.534
 -65.534
 -65.534
 -65.534
 -65.534
 -65.534
 -65.534
 -65.534
   0.625
   0.764
   0.812
   0.825
   0.850
   0.848
   0.819
   0.787
   0.756
   0.724
   0.689
   0.651
   0.579
   0.000
 -65.534
 -65.534
 -65.534
 -65.534
 -65.534
 -65.534
 -65.534
 -65.534
 -65.534
 -65.534
 -65.534
 -65.534
 -65.534
 -65.534
 -65.534
 -65.534
 -65.534
 -65.534
 -65.534
 -65.534
 -65.534
 -65.534
 -65.534
 -65.534
 -65.534
 -65.534
 -65.534
 -65.534
 -65.534
 -65.534
 -65.534
 -65.534
 -65.534
 -65.534
 -65.534
 -65.534
 -65.534
 -65.534
 -65.534
 -65.534
 -65.534
 -65.534
 -65.534
 -65.534
 -65.534
 -65.534
 -65.534
 -65.534
 -65.534
 -65.534
 -65.534
 -65.534
 -65.534
 -65.534
 -65.534
 -65.534
 -65.534
 -65.534
 -65.534
   0.591
   0.670
   0.682
   0.659
   0.639
   0.619
   0.595
   0.571
   0.504
   0.000
 -65.534
 -65.534
 -65.534
 -65.534
 -65.534
 -65.534
 -65.534
 -65.534
 -65.534
 -65.534
 -65.534
 -65.534
 -65.534
 -65.534
 -65.534
 -65.534
 -65.534
 -65.534
 -65.534
 -65.534
 -65.534
 -65.534
 -65.534
 -65.534
 -65.534
 -65.534
 -65.534
 -65.534
 -65.534
 -65.534
 -65.534
 -65.534
 -65.534
 -65.534
 -65.534
 -65.534
 -65.534
 -65.534
 -65.534
 -65.534
 -65.534
 -65.534
 -65.534
 -65.534
 -65.534
 -65.534
 -65.534
 -65.534
 -65.534
 -65.534
 -65.534
 -65.534
 -65.534
 -65.534
 -65.534
 -65.534
 -65.534
 -65.534
 -65.534
 -65.534
 -65.534
   0.000
   0.000
   0.000
   0.000
   0.000
   0.000
   0.000
 -65.534
