 -65.534
   0.000
   0.000
   0.000
   0.000
   0.000
   0.000
   0.000
   0.000
   0.000
   0.000
   0.000
   0.000
   0.000
   0.000
   0.000
   0.000
   0.000
   0.000
   0.000
   0.000
   0.000
   0.000
   0.000
   0.000
   0.000
   0.000
   0.000
   0.000
   0.000
   0.000
   0.000
   0.000
   0.000
   0.000
   0.000
   0.000
   0.000
   0.000
   0.000
   0.000
   0.000
   0.000
   0.000
   0.000
   0.000
   0.000
   0.000
   0.000
   0.000
   0.000
   0.000
   0.000
   0.000
   0.000
   0.000
   0.000
   0.000
   0.000
   0.000
   0.000
   0.000
   0.000
   0.000
   0.000
   0.000
   0.000
   0.000
 -65.534
   0.000
   1.209
   1.388
   1.506
   1.625
   1.742
   1.853
   1.961
   2.066
   2.169
   2.274
   2.379
   2.484
   2.582
   2.666
   2.744
   2.802
   2.850
   2.884
   2.899
   2.891
   2.867
   2.833
   2.772
   2.762
   2.762
   2.752
   2.719
   2.667
   2.612
   2.552
   2.483
   2.408
   2.323
   2.255
   2.161
   2.071
   1.980
   1.894
   1.821
   1.754
   1.689
   1.635
   1.571
   1.478
   1.379
   1.293
   1.236
   1.212
   1.231
   1.284
   1.354
   1.441
   1.525
   1.623
   1.705
   1.778
   1.841
   1.898
   1.958
   2.016
   2.056
   2.077
   2.098
   2.109
   2.126
   2.147
   2.102
   0.000
   0.000
   1.339
   1.513
   1.618
   1.736
   1.855
   1.977
   2.101
   2.217
   2.334
   2.452
   2.568
   2.678
   2.774
   2.852
   2.919
   2.972
   3.019
   3.050
   3.067
   3.066
   3.046
   3.020
   2.974
   2.966
   2.965
   2.953
   2.926
   2.879
   2.825
   2.763
   2.697
   2.629
   2.549
   2.466
   2.368
   2.250
   2.135
   2.027
   1.931
   1.846
   1.773
   1.711
   1.640
   1.551
   1.454
   1.382
   1.352
   1.357
   1.407
   1.488
   1.589
   1.702
   1.821
   1.936
   2.041
   2.137
   2.221
   2.296
   2.364
   2.425
   2.467
   2.500
   2.526
   2.549
   2.565
   2.582
   2.523
   0.000
   0.000
   1.355
   1.522
   1.616
   1.725
   1.840
   1.963
   2.087
   2.212
   2.335
   2.459
   2.579
   2.688
   2.780
   2.851
   2.911
   2.960
   2.999
   3.027
   3.050
   3.056
   3.047
   3.032
   3.009
   2.990
   2.988
   2.980
   2.960
   2.920
   2.876
   2.824
   2.767
   2.702
   2.628
   2.543
   2.437
   2.317
   2.191
   2.068
   1.956
   1.864
   1.782
   1.704
   1.626
   1.543
   1.459
   1.400
   1.385
   1.412
   1.474
   1.567
   1.679
   1.802
   1.935
   2.066
   2.191
   2.307
   2.405
   2.482
   2.557
   2.615
   2.656
   2.690
   2.726
   2.752
   2.773
   2.790
   2.723
   0.000
   0.000
   1.355
   1.518
   1.604
   1.702
   1.809
   1.923
   2.042
   2.162
   2.286
   2.410
   2.526
   2.631
   2.718
   2.786
   2.840
   2.882
   2.918
   2.946
   2.971
   2.984
   2.990
   2.987
   2.985
   2.980
   2.987
   2.985
   2.974
   2.949
   2.914
   2.868
   2.814
   2.756
   2.689
   2.605
   2.501
   2.381
   2.247
   2.118
   2.003
   1.903
   1.815
   1.733
   1.651
   1.567
   1.493
   1.443
   1.435
   1.466
   1.533
   1.627
   1.743
   1.869
   2.012
   2.151
   2.291
   2.416
   2.527
   2.613
   2.689
   2.743
   2.791
   2.834
   2.873
   2.906
   2.927
   2.946
   2.875
   0.000
   0.000
   1.353
   1.511
   1.590
   1.681
   1.776
   1.878
   1.986
   2.099
   2.215
   2.326
   2.432
   2.525
   2.605
   2.669
   2.720
   2.760
   2.793
   2.826
   2.853
   2.877
   2.894
   2.905
   2.917
   2.942
   2.964
   2.973
   2.976
   2.963
   2.937
   2.895
   2.843
   2.787
   2.717
   2.635
   2.538
   2.427
   2.298
   2.171
   2.057
   1.960
   1.875
   1.790
   1.709
   1.631
   1.562
   1.517
   1.508
   1.539
   1.601
   1.693
   1.806
   1.937
   2.084
   2.228
   2.373
   2.505
   2.616
   2.710
   2.786
   2.851
   2.904
   2.955
   2.998
   3.034
   3.057
   3.080
   3.006
   0.000
   0.000
   1.340
   1.496
   1.576
   1.660
   1.745
   1.837
   1.934
   2.038
   2.141
   2.239
   2.329
   2.411
   2.482
   2.540
   2.585
   2.626
   2.660
   2.690
   2.724
   2.756
   2.787
   2.815
   2.849
   2.888
   2.918
   2.945
   2.966
   2.972
   2.955
   2.916
   2.864
   2.799
   2.731
   2.651
   2.562
   2.461
   2.348
   2.235
   2.130
   2.037
   1.960
   1.887
   1.815
   1.740
   1.668
   1.616
   1.602
   1.623
   1.671
   1.753
   1.861
   1.992
   2.145
   2.300
   2.445
   2.579
   2.695
   2.784
   2.863
   2.939
   3.001
   3.049
   3.097
   3.139
   3.171
   3.188
   3.117
   0.000
   0.000
   1.321
   1.479
   1.557
   1.639
   1.716
   1.798
   1.888
   1.981
   2.074
   2.163
   2.240
   2.313
   2.374
   2.423
   2.466
   2.506
   2.541
   2.574
   2.606
   2.641
   2.680
   2.721
   2.763
   2.812
   2.860
   2.907
   2.944
   2.963
   2.959
   2.924
   2.868
   2.797
   2.726
   2.647
   2.571
   2.488
   2.399
   2.307
   2.218
   2.144
   2.076
   2.016
   1.953
   1.883
   1.807
   1.747
   1.714
   1.709
   1.737
   1.797
   1.890
   2.016
   2.174
   2.338
   2.492
   2.629
   2.745
   2.832
   2.916
   2.994
   3.061
   3.118
   3.170
   3.218
   3.249
   3.273
   3.207
   0.000
   0.000
   1.292
   1.454
   1.535
   1.618
   1.691
   1.765
   1.842
   1.925
   2.011
   2.094
   2.166
   2.228
   2.281
   2.328
   2.367
   2.404
   2.442
   2.478
   2.509
   2.545
   2.586
   2.632
   2.680
   2.735
   2.794
   2.854
   2.905
   2.938
   2.938
   2.907
   2.852
   2.784
   2.713
   2.640
   2.575
   2.515
   2.451
   2.383
   2.320
   2.263
   2.211
   2.165
   2.117
   2.056
   1.980
   1.911
   1.860
   1.825
   1.814
   1.836
   1.899
   2.009
   2.167
   2.338
   2.502
   2.646
   2.761
   2.850
   2.943
   3.025
   3.093
   3.151
   3.214
   3.270
   3.307
   3.331
   3.272
   0.000
   0.000
   1.251
   1.412
   1.502
   1.585
   1.656
   1.724
   1.797
   1.874
   1.950
   2.028
   2.094
   2.151
   2.198
   2.240
   2.278
   2.317
   2.356
   2.393
   2.431
   2.469
   2.509
   2.555
   2.603
   2.663
   2.727
   2.791
   2.852
   2.891
   2.898
   2.873
   2.822
   2.759
   2.694
   2.633
   2.585
   2.545
   2.502
   2.458
   2.421
   2.386
   2.350
   2.315
   2.283
   2.237
   2.173
   2.097
   2.032
   1.974
   1.926
   1.897
   1.921
   1.998
   2.134
   2.298
   2.465
   2.614
   2.736
   2.834
   2.928
   3.017
   3.091
   3.164
   3.237
   3.302
   3.346
   3.375
   3.320
   0.000
   0.000
   1.200
   1.356
   1.450
   1.536
   1.610
   1.673
   1.740
   1.813
   1.885
   1.958
   2.019
   2.074
   2.120
   2.158
   2.197
   2.234
   2.277
   2.316
   2.359
   2.400
   2.445
   2.490
   2.537
   2.594
   2.659
   2.728
   2.788
   2.831
   2.842
   2.826
   2.789
   2.739
   2.688
   2.642
   2.612
   2.590
   2.567
   2.542
   2.523
   2.502
   2.483
   2.461
   2.436
   2.405
   2.357
   2.290
   2.213
   2.138
   2.059
   1.996
   1.979
   2.006
   2.094
   2.227
   2.382
   2.526
   2.652
   2.763
   2.869
   2.974
   3.068
   3.154
   3.241
   3.318
   3.371
   3.402
   3.350
   0.000
   0.000
   1.153
   1.298
   1.389
   1.473
   1.545
   1.613
   1.678
   1.739
   1.808
   1.873
   1.938
   1.992
   2.042
   2.082
   2.119
   2.157
   2.197
   2.240
   2.286
   2.333
   2.381
   2.428
   2.473
   2.529
   2.589
   2.652
   2.716
   2.759
   2.782
   2.780
   2.761
   2.734
   2.697
   2.670
   2.658
   2.650
   2.642
   2.633
   2.625
   2.616
   2.606
   2.594
   2.575
   2.549
   2.515
   2.464
   2.398
   2.310
   2.213
   2.126
   2.072
   2.050
   2.085
   2.168
   2.282
   2.412
   2.541
   2.662
   2.783
   2.911
   3.029
   3.141
   3.248
   3.339
   3.402
   3.434
   3.378
   0.000
   0.000
   1.103
   1.249
   1.325
   1.399
   1.466
   1.534
   1.597
   1.661
   1.723
   1.785
   1.845
   1.901
   1.952
   1.995
   2.035
   2.077
   2.118
   2.161
   2.210
   2.259
   2.310
   2.357
   2.404
   2.460
   2.521
   2.583
   2.645
   2.693
   2.727
   2.743
   2.745
   2.739
   2.725
   2.717
   2.718
   2.722
   2.724
   2.721
   2.723
   2.726
   2.724
   2.718
   2.704
   2.681
   2.653
   2.618
   2.559
   2.476
   2.379
   2.279
   2.198
   2.137
   2.113
   2.138
   2.207
   2.309
   2.431
   2.561
   2.702
   2.846
   2.990
   3.126
   3.260
   3.369
   3.442
   3.473
   3.412
   0.000
 -65.534
 -65.534
   1.134
   1.248
   1.311
   1.375
   1.439
   1.506
   1.566
   1.627
   1.687
   1.744
   1.798
   1.850
   1.895
   1.938
   1.980
   2.023
   2.070
   2.118
   2.171
   2.226
   2.278
   2.330
   2.388
   2.454
   2.518
   2.583
   2.638
   2.683
   2.714
   2.740
   2.752
   2.757
   2.763
   2.778
   2.791
   2.799
   2.805
   2.814
   2.820
   2.826
   2.829
   2.818
   2.802
   2.778
   2.746
   2.700
   2.626
   2.536
   2.436
   2.330
   2.236
   2.162
   2.133
   2.156
   2.229
   2.340
   2.475
   2.630
   2.790
   2.955
   3.129
   3.285
   3.411
   3.489
   3.527
   3.451
   0.000
 -65.534
 -65.534
 -65.534
   1.106
   1.206
   1.272
   1.337
   1.398
   1.456
   1.515
   1.575
   1.629
   1.677
   1.728
   1.773
   1.819
   1.863
   1.911
   1.956
   2.008
   2.064
   2.122
   2.182
   2.247
   2.314
   2.387
   2.460
   2.527
   2.591
   2.645
   2.691
   2.730
   2.759
   2.782
   2.811
   2.828
   2.851
   2.866
   2.881
   2.898
   2.910
   2.927
   2.930
   2.924
   2.913
   2.891
   2.859
   2.818
   2.758
   2.675
   2.579
   2.460
   2.339
   2.228
   2.153
   2.139
   2.187
   2.285
   2.420
   2.582
   2.761
   2.942
   3.120
   3.292
   3.431
   3.526
   3.576
   3.496
   0.000
 -65.534
 -65.534
 -65.534
 -65.534
   1.062
   1.161
   1.220
   1.276
   1.330
   1.389
   1.447
   1.500
   1.550
   1.596
   1.641
   1.687
   1.732
   1.776
   1.824
   1.875
   1.933
   1.995
   2.064
   2.141
   2.220
   2.305
   2.386
   2.462
   2.531
   2.594
   2.651
   2.700
   2.743
   2.787
   2.830
   2.865
   2.904
   2.923
   2.945
   2.968
   2.992
   3.014
   3.025
   3.022
   3.009
   2.989
   2.959
   2.918
   2.861
   2.789
   2.698
   2.575
   2.438
   2.311
   2.208
   2.162
   2.190
   2.280
   2.416
   2.582
   2.766
   2.951
   3.132
   3.299
   3.439
   3.542
   3.604
   3.521
   0.000
 -65.534
 -65.534
 -65.534
 -65.534
   0.957
   1.047
   1.101
   1.148
   1.198
   1.253
   1.311
   1.365
   1.415
   1.463
   1.506
   1.545
   1.586
   1.631
   1.676
   1.723
   1.780
   1.846
   1.919
   2.001
   2.090
   2.184
   2.274
   2.360
   2.440
   2.512
   2.578
   2.639
   2.696
   2.752
   2.812
   2.866
   2.915
   2.952
   2.986
   3.007
   3.039
   3.067
   3.083
   3.088
   3.079
   3.059
   3.032
   2.989
   2.934
   2.868
   2.780
   2.665
   2.533
   2.402
   2.295
   2.234
   2.246
   2.323
   2.454
   2.618
   2.803
   2.982
   3.150
   3.309
   3.434
   3.532
   3.595
   3.510
   0.000
 -65.534
 -65.534
 -65.534
 -65.534
   0.880
   0.948
   0.988
   1.026
   1.069
   1.121
   1.176
   1.226
   1.276
   1.321
   1.363
   1.404
   1.440
   1.479
   1.522
   1.570
   1.624
   1.684
   1.755
   1.836
   1.926
   2.021
   2.119
   2.213
   2.302
   2.385
   2.464
   2.537
   2.605
   2.675
   2.747
   2.814
   2.876
   2.927
   2.969
   2.995
   3.020
   3.048
   3.083
   3.097
   3.092
   3.081
   3.058
   3.022
   2.974
   2.919
   2.843
   2.743
   2.628
   2.506
   2.404
   2.337
   2.326
   2.397
   2.519
   2.674
   2.851
   3.020
   3.173
   3.305
   3.411
   3.494
   3.552
   3.459
   0.000
 -65.534
 -65.534
 -65.534
 -65.534
   0.838
   0.881
   0.908
   0.929
   0.963
   1.006
   1.054
   1.101
   1.142
   1.183
   1.221
   1.255
   1.293
   1.336
   1.378
   1.419
   1.467
   1.523
   1.588
   1.666
   1.750
   1.841
   1.938
   2.035
   2.133
   2.223
   2.313
   2.393
   2.472
   2.550
   2.629
   2.708
   2.781
   2.841
   2.885
   2.919
   2.947
   2.977
   3.012
   3.033
   3.048
   3.049
   3.040
   3.014
   2.983
   2.937
   2.880
   2.804
   2.707
   2.606
   2.508
   2.443
   2.421
   2.470
   2.582
   2.721
   2.885
   3.042
   3.177
   3.285
   3.372
   3.443
   3.488
   3.379
   0.000
 -65.534
 -65.534
 -65.534
 -65.534
 -65.534
 -65.534
 -65.534
 -65.534
   0.857
   0.916
   0.956
   0.991
   1.026
   1.059
   1.086
   1.114
   1.150
   1.195
   1.243
   1.290
   1.332
   1.379
   1.431
   1.501
   1.583
   1.671
   1.761
   1.855
   1.949
   2.045
   2.138
   2.226
   2.309
   2.391
   2.476
   2.560
   2.638
   2.707
   2.762
   2.803
   2.838
   2.875
   2.910
   2.941
   2.970
   2.981
   2.979
   2.968
   2.957
   2.934
   2.900
   2.851
   2.778
   2.692
   2.606
   2.539
   2.515
   2.541
   2.625
   2.747
   2.888
   3.029
   3.149
   3.246
   3.322
   3.389
   3.426
   3.300
   0.000
 -65.534
 -65.534
 -65.534
 -65.534
 -65.534
 -65.534
   0.465
   0.629
   0.803
   0.852
   0.884
   0.909
   0.933
   0.954
   0.975
   0.999
   1.031
   1.074
   1.121
   1.166
   1.208
   1.251
   1.303
   1.362
   1.431
   1.517
   1.603
   1.695
   1.785
   1.879
   1.968
   2.058
   2.142
   2.227
   2.313
   2.396
   2.478
   2.551
   2.613
   2.666
   2.709
   2.753
   2.796
   2.839
   2.874
   2.891
   2.899
   2.909
   2.906
   2.901
   2.895
   2.874
   2.828
   2.763
   2.694
   2.626
   2.584
   2.597
   2.654
   2.742
   2.851
   2.970
   3.083
   3.175
   3.260
   3.326
   3.363
   3.209
   0.000
 -65.534
 -65.534
 -65.534
 -65.534
 -65.534
 -65.534
 -65.534
 -65.534
 -65.534
   0.795
   0.832
   0.851
   0.864
   0.875
   0.887
   0.912
   0.944
   0.983
   1.031
   1.076
   1.109
   1.149
   1.197
   1.257
   1.329
   1.404
   1.479
   1.564
   1.647
   1.731
   1.815
   1.902
   1.989
   2.074
   2.157
   2.239
   2.319
   2.391
   2.457
   2.518
   2.572
   2.625
   2.677
   2.720
   2.760
   2.790
   2.814
   2.832
   2.849
   2.863
   2.881
   2.891
   2.868
   2.827
   2.768
   2.705
   2.652
   2.641
   2.681
   2.736
   2.807
   2.890
   2.988
   3.080
   3.164
   3.237
   3.279
   3.098
   0.000
 -65.534
 -65.534
 -65.534
 -65.534
 -65.534
 -65.534
 -65.534
 -65.534
 -65.534
 -65.534
 -65.534
 -65.534
 -65.534
 -65.534
 -65.534
   0.825
   0.879
   0.919
   0.962
   1.014
   1.045
   1.082
   1.126
   1.181
   1.252
   1.324
   1.398
   1.463
   1.537
   1.614
   1.691
   1.768
   1.847
   1.928
   2.012
   2.090
   2.169
   2.241
   2.324
   2.391
   2.450
   2.506
   2.554
   2.605
   2.652
   2.689
   2.724
   2.758
   2.788
   2.814
   2.847
   2.878
   2.885
   2.858
   2.821
   2.767
   2.710
   2.685
   2.695
   2.722
   2.760
   2.819
   2.899
   2.982
   3.060
   3.126
   3.164
   2.964
   0.000
 -65.534
 -65.534
 -65.534
 -65.534
 -65.534
 -65.534
 -65.534
 -65.534
 -65.534
 -65.534
 -65.534
 -65.534
 -65.534
 -65.534
 -65.534
 -65.534
 -65.534
 -65.534
 -65.534
   0.944
   1.003
   1.040
   1.085
   1.138
   1.200
   1.266
   1.332
   1.398
   1.460
   1.517
   1.581
   1.655
   1.729
   1.806
   1.885
   1.966
   2.042
   2.117
   2.193
   2.266
   2.334
   2.393
   2.449
   2.501
   2.549
   2.590
   2.624
   2.668
   2.710
   2.747
   2.790
   2.836
   2.862
   2.855
   2.835
   2.791
   2.736
   2.701
   2.692
   2.692
   2.715
   2.759
   2.824
   2.896
   2.959
   3.010
   3.028
   2.807
   0.000
 -65.534
 -65.534
 -65.534
 -65.534
 -65.534
 -65.534
 -65.534
 -65.534
 -65.534
 -65.534
 -65.534
 -65.534
 -65.534
 -65.534
 -65.534
 -65.534
 -65.534
 -65.534
   0.806
   0.975
   1.006
   1.042
   1.082
   1.129
   1.182
   1.237
   1.293
   1.349
   1.402
   1.455
   1.504
   1.564
   1.629
   1.701
   1.780
   1.859
   1.939
   2.013
   2.085
   2.157
   2.233
   2.303
   2.365
   2.418
   2.459
   2.487
   2.517
   2.552
   2.593
   2.642
   2.698
   2.761
   2.805
   2.815
   2.799
   2.764
   2.722
   2.686
   2.664
   2.651
   2.663
   2.700
   2.748
   2.807
   2.860
   2.886
   2.877
   2.616
   0.000
 -65.534
 -65.534
 -65.534
 -65.534
 -65.534
 -65.534
 -65.534
 -65.534
 -65.534
 -65.534
 -65.534
 -65.534
 -65.534
 -65.534
 -65.534
 -65.534
 -65.534
   0.811
   0.988
   1.022
   1.048
   1.074
   1.109
   1.147
   1.189
   1.234
   1.281
   1.326
   1.371
   1.415
   1.458
   1.502
   1.561
   1.622
   1.691
   1.768
   1.839
   1.914
   1.986
   2.061
   2.143
   2.223
   2.299
   2.356
   2.397
   2.414
   2.426
   2.446
   2.482
   2.527
   2.587
   2.651
   2.699
   2.720
   2.720
   2.713
   2.685
   2.653
   2.625
   2.607
   2.604
   2.624
   2.661
   2.708
   2.740
   2.753
   2.711
   2.407
   0.000
 -65.534
 -65.534
 -65.534
 -65.534
 -65.534
 -65.534
 -65.534
 -65.534
 -65.534
 -65.534
 -65.534
 -65.534
 -65.534
 -65.534
 -65.534
 -65.534
 -65.534
   0.976
   1.055
   1.075
   1.100
   1.121
   1.149
   1.179
   1.213
   1.251
   1.289
   1.327
   1.364
   1.401
   1.437
   1.469
   1.514
   1.565
   1.623
   1.687
   1.753
   1.818
   1.888
   1.966
   2.049
   2.137
   2.221
   2.287
   2.327
   2.342
   2.344
   2.355
   2.376
   2.413
   2.462
   2.512
   2.560
   2.588
   2.604
   2.605
   2.599
   2.585
   2.562
   2.538
   2.531
   2.542
   2.564
   2.587
   2.605
   2.604
   2.531
   2.204
   0.000
 -65.534
 -65.534
 -65.534
 -65.534
 -65.534
 -65.534
 -65.534
 -65.534
 -65.534
 -65.534
 -65.534
 -65.534
 -65.534
 -65.534
 -65.534
 -65.534
 -65.534
   1.044
   1.103
   1.127
   1.149
   1.169
   1.195
   1.220
   1.245
   1.275
   1.306
   1.342
   1.374
   1.407
   1.438
   1.456
   1.491
   1.530
   1.576
   1.628
   1.683
   1.742
   1.809
   1.881
   1.960
   2.046
   2.128
   2.197
   2.240
   2.258
   2.262
   2.265
   2.278
   2.300
   2.336
   2.375
   2.417
   2.446
   2.469
   2.481
   2.488
   2.485
   2.478
   2.461
   2.448
   2.446
   2.453
   2.457
   2.463
   2.440
   2.343
   2.014
   0.000
 -65.534
 -65.534
 -65.534
 -65.534
 -65.534
 -65.534
 -65.534
 -65.534
 -65.534
 -65.534
 -65.534
 -65.534
 -65.534
 -65.534
 -65.534
 -65.534
 -65.534
   1.091
   1.133
   1.164
   1.187
   1.212
   1.235
   1.258
   1.275
   1.296
   1.327
   1.359
   1.390
   1.423
   1.450
   1.463
   1.488
   1.522
   1.559
   1.603
   1.649
   1.703
   1.761
   1.827
   1.898
   1.973
   2.046
   2.106
   2.144
   2.167
   2.173
   2.174
   2.182
   2.195
   2.220
   2.252
   2.285
   2.314
   2.335
   2.349
   2.357
   2.367
   2.370
   2.368
   2.358
   2.348
   2.335
   2.321
   2.302
   2.264
   2.155
   1.837
   0.000
 -65.534
 -65.534
 -65.534
 -65.534
 -65.534
 -65.534
 -65.534
 -65.534
 -65.534
 -65.534
 -65.534
 -65.534
 -65.534
 -65.534
 -65.534
 -65.534
 -65.534
 -65.534
   1.136
   1.181
   1.213
   1.238
   1.261
   1.281
   1.294
   1.308
   1.334
   1.364
   1.392
   1.428
   1.457
   1.470
   1.495
   1.526
   1.562
   1.601
   1.638
   1.684
   1.738
   1.796
   1.863
   1.925
   1.981
   2.027
   2.061
   2.080
   2.088
   2.089
   2.092
   2.097
   2.114
   2.135
   2.162
   2.187
   2.205
   2.217
   2.233
   2.244
   2.254
   2.256
   2.248
   2.234
   2.208
   2.174
   2.126
   2.065
   1.940
   1.631
   0.000
 -65.534
 -65.534
 -65.534
 -65.534
 -65.534
 -65.534
 -65.534
 -65.534
 -65.534
 -65.534
 -65.534
 -65.534
 -65.534
 -65.534
 -65.534
 -65.534
 -65.534
 -65.534
 -65.534
   1.163
   1.207
   1.235
   1.259
   1.276
   1.289
   1.297
   1.317
   1.341
   1.371
   1.407
   1.435
   1.462
   1.490
   1.524
   1.568
   1.617
   1.665
   1.716
   1.763
   1.812
   1.845
   1.882
   1.921
   1.955
   1.979
   1.994
   2.000
   2.002
   2.000
   2.005
   2.019
   2.033
   2.052
   2.072
   2.088
   2.102
   2.112
   2.122
   2.131
   2.136
   2.130
   2.110
   2.073
   2.016
   1.945
   1.854
   1.710
   1.410
   0.000
 -65.534
 -65.534
 -65.534
 -65.534
 -65.534
 -65.534
 -65.534
 -65.534
 -65.534
 -65.534
 -65.534
 -65.534
 -65.534
 -65.534
 -65.534
 -65.534
 -65.534
 -65.534
 -65.534
 -65.534
   1.180
   1.229
   1.262
   1.278
   1.282
   1.286
   1.302
   1.322
   1.347
   1.379
   1.404
   1.432
   1.443
   1.440
   1.396
   1.214
 -65.534
 -65.534
 -65.534
 -65.534
   1.697
   1.795
   1.843
   1.874
   1.898
   1.912
   1.917
   1.921
   1.920
   1.922
   1.929
   1.935
   1.946
   1.961
   1.971
   1.982
   1.990
   2.005
   2.013
   2.015
   2.007
   1.983
   1.936
   1.865
   1.771
   1.656
   1.497
   1.212
   0.000
 -65.534
 -65.534
 -65.534
 -65.534
 -65.534
 -65.534
 -65.534
 -65.534
 -65.534
 -65.534
 -65.534
 -65.534
 -65.534
 -65.534
 -65.534
 -65.534
 -65.534
 -65.534
 -65.534
 -65.534
 -65.534
 -65.534
 -65.534
 -65.534
   1.223
   1.260
   1.279
   1.299
   1.322
   1.342
   1.353
   1.366
   1.354
   1.309
   1.201
   0.982
 -65.534
 -65.534
 -65.534
 -65.534
 -65.534
 -65.534
   1.704
   1.787
   1.820
   1.841
   1.843
   1.840
   1.837
   1.832
   1.834
   1.840
   1.844
   1.847
   1.854
   1.859
   1.865
   1.868
   1.875
   1.874
   1.864
   1.836
   1.784
   1.700
   1.597
   1.463
   1.295
   1.013
   0.000
 -65.534
 -65.534
 -65.534
 -65.534
 -65.534
 -65.534
 -65.534
 -65.534
 -65.534
 -65.534
 -65.534
 -65.534
 -65.534
 -65.534
 -65.534
 -65.534
 -65.534
 -65.534
 -65.534
 -65.534
 -65.534
 -65.534
 -65.534
 -65.534
   1.175
   1.221
   1.246
   1.271
   1.293
   1.298
   1.292
   1.281
   1.247
   1.184
   1.075
   0.920
 -65.534
 -65.534
 -65.534
 -65.534
 -65.534
 -65.534
 -65.534
   1.666
   1.737
   1.758
   1.773
   1.763
   1.756
   1.745
   1.743
   1.745
   1.745
   1.742
   1.742
   1.737
   1.736
   1.734
   1.731
   1.721
   1.692
   1.653
   1.591
   1.503
   1.390
   1.254
   1.087
   0.816
   0.000
 -65.534
 -65.534
 -65.534
 -65.534
 -65.534
 -65.534
 -65.534
 -65.534
 -65.534
 -65.534
 -65.534
 -65.534
 -65.534
 -65.534
 -65.534
 -65.534
 -65.534
 -65.534
 -65.534
 -65.534
 -65.534
 -65.534
 -65.534
 -65.534
 -65.534
 -65.534
 -65.534
 -65.534
 -65.534
   1.185
   1.197
   1.181
   1.154
   1.091
   1.005
   0.888
   0.449
 -65.534
 -65.534
 -65.534
 -65.534
 -65.534
 -65.534
   1.413
   1.336
 -65.534
   1.549
   1.614
   1.634
   1.663
   1.664
   1.664
   1.652
   1.642
   1.631
   1.619
   1.608
   1.595
   1.581
   1.554
   1.512
   1.455
   1.378
   1.278
   1.161
   1.022
   0.857
   0.620
   0.000
 -65.534
 -65.534
 -65.534
 -65.534
 -65.534
 -65.534
 -65.534
 -65.534
 -65.534
 -65.534
 -65.534
 -65.534
 -65.534
 -65.534
 -65.534
 -65.534
 -65.534
 -65.534
 -65.534
 -65.534
 -65.534
 -65.534
 -65.534
 -65.534
 -65.534
 -65.534
 -65.534
 -65.534
 -65.534
 -65.534
 -65.534
 -65.534
   1.029
   1.005
   0.958
   0.858
   0.585
   0.347
 -65.534
 -65.534
 -65.534
 -65.534
 -65.534
 -65.534
 -65.534
 -65.534
 -65.534
 -65.534
 -65.534
   1.388
   1.502
   1.535
   1.574
   1.556
   1.528
   1.487
   1.457
   1.430
   1.402
   1.364
   1.311
   1.239
   1.153
   1.050
   0.938
   0.806
   0.655
   0.440
   0.000
 -65.534
 -65.534
 -65.534
 -65.534
 -65.534
 -65.534
 -65.534
 -65.534
 -65.534
 -65.534
 -65.534
 -65.534
 -65.534
 -65.534
 -65.534
 -65.534
 -65.534
 -65.534
 -65.534
 -65.534
 -65.534
 -65.534
 -65.534
 -65.534
 -65.534
 -65.534
 -65.534
 -65.534
 -65.534
 -65.534
 -65.534
 -65.534
   0.942
   0.929
   0.903
   0.819
   0.637
   0.455
   0.317
   0.243
 -65.534
 -65.534
 -65.534
 -65.534
 -65.534
 -65.534
 -65.534
 -65.534
 -65.534
 -65.534
 -65.534
 -65.534
   1.226
   1.324
   1.323
   1.320
   1.277
   1.236
   1.194
   1.145
   1.087
   1.013
   0.930
   0.834
   0.731
   0.623
   0.495
   0.324
   0.000
 -65.534
 -65.534
 -65.534
 -65.534
 -65.534
 -65.534
 -65.534
 -65.534
 -65.534
 -65.534
 -65.534
 -65.534
 -65.534
 -65.534
 -65.534
 -65.534
 -65.534
 -65.534
 -65.534
 -65.534
 -65.534
 -65.534
 -65.534
 -65.534
 -65.534
 -65.534
 -65.534
 -65.534
 -65.534
 -65.534
 -65.534
 -65.534
 -65.534
 -65.534
 -65.534
 -65.534
   0.509
   0.446
   0.370
   0.312
   0.248
   0.205
   0.173
   0.171
   0.170
 -65.534
 -65.534
 -65.534
 -65.534
 -65.534
 -65.534
 -65.534
 -65.534
 -65.534
 -65.534
   0.976
   1.060
   1.039
   0.996
   0.933
   0.869
   0.798
   0.721
   0.641
   0.557
   0.467
   0.363
   0.219
   0.000
 -65.534
 -65.534
 -65.534
 -65.534
 -65.534
 -65.534
 -65.534
 -65.534
 -65.534
 -65.534
 -65.534
 -65.534
 -65.534
 -65.534
 -65.534
 -65.534
 -65.534
 -65.534
 -65.534
 -65.534
 -65.534
 -65.534
 -65.534
 -65.534
 -65.534
 -65.534
 -65.534
 -65.534
 -65.534
 -65.534
 -65.534
 -65.534
 -65.534
 -65.534
 -65.534
 -65.534
 -65.534
 -65.534
 -65.534
 -65.534
   0.185
 -65.534
 -65.534
 -65.534
 -65.534
 -65.534
 -65.534
 -65.534
 -65.534
 -65.534
 -65.534
 -65.534
 -65.534
 -65.534
 -65.534
   0.636
   0.765
   0.785
   0.765
   0.746
   0.679
   0.597
   0.522
   0.457
   0.396
   0.335
   0.261
   0.159
   0.000
 -65.534
 -65.534
 -65.534
 -65.534
 -65.534
 -65.534
 -65.534
 -65.534
 -65.534
 -65.534
 -65.534
 -65.534
 -65.534
 -65.534
 -65.534
 -65.534
 -65.534
 -65.534
 -65.534
 -65.534
 -65.534
 -65.534
 -65.534
 -65.534
 -65.534
 -65.534
 -65.534
 -65.534
 -65.534
 -65.534
 -65.534
 -65.534
 -65.534
 -65.534
 -65.534
 -65.534
 -65.534
 -65.534
 -65.534
 -65.534
 -65.534
 -65.534
 -65.534
 -65.534
 -65.534
 -65.534
 -65.534
 -65.534
 -65.534
 -65.534
 -65.534
 -65.534
 -65.534
 -65.534
 -65.534
 -65.534
 -65.534
 -65.534
 -65.534
   0.435
   0.443
   0.389
   0.326
   0.288
   0.263
   0.243
   0.223
   0.166
   0.000
 -65.534
 -65.534
 -65.534
 -65.534
 -65.534
 -65.534
 -65.534
 -65.534
 -65.534
 -65.534
 -65.534
 -65.534
 -65.534
 -65.534
 -65.534
 -65.534
 -65.534
 -65.534
 -65.534
 -65.534
 -65.534
 -65.534
 -65.534
 -65.534
 -65.534
 -65.534
 -65.534
 -65.534
 -65.534
 -65.534
 -65.534
 -65.534
 -65.534
 -65.534
 -65.534
 -65.534
 -65.534
 -65.534
 -65.534
 -65.534
 -65.534
 -65.534
 -65.534
 -65.534
 -65.534
 -65.534
 -65.534
 -65.534
 -65.534
 -65.534
 -65.534
 -65.534
 -65.534
 -65.534
 -65.534
 -65.534
 -65.534
 -65.534
 -65.534
 -65.534
 -65.534
   0.000
   0.000
   0.000
   0.000
   0.000
   0.000
   0.000
 -65.534
