 -65.534
   0.000
   0.000
   0.000
   0.000
   0.000
   0.000
   0.000
   0.000
   0.000
   0.000
   0.000
   0.000
   0.000
   0.000
   0.000
   0.000
   0.000
   0.000
   0.000
   0.000
   0.000
   0.000
   0.000
   0.000
   0.000
   0.000
   0.000
   0.000
   0.000
   0.000
   0.000
   0.000
   0.000
   0.000
   0.000
   0.000
   0.000
   0.000
   0.000
   0.000
   0.000
   0.000
   0.000
   0.000
   0.000
   0.000
   0.000
   0.000
   0.000
   0.000
   0.000
   0.000
   0.000
   0.000
   0.000
   0.000
   0.000
   0.000
   0.000
   0.000
   0.000
   0.000
   0.000
   0.000
   0.000
   0.000
   0.000
 -65.534
   0.000
   2.032
   2.225
   2.325
   2.436
   2.534
   2.614
   2.678
   2.728
   2.782
   2.827
   2.871
   2.913
   2.966
   3.027
   3.093
   3.160
   3.224
   3.269
   3.282
   3.265
   3.227
   3.197
   3.126
   3.216
   3.353
   3.458
   3.513
   3.541
   3.540
   3.528
   3.526
   3.497
   3.435
   3.401
   3.309
   3.239
   3.146
   3.008
   2.871
   2.701
   2.533
   2.367
   2.204
   2.067
   1.963
   1.883
   1.806
   1.746
   1.704
   1.679
   1.666
   1.656
   1.665
   1.702
   1.739
   1.780
   1.824
   1.865
   1.909
   1.953
   1.986
   2.022
   2.047
   2.050
   2.057
   2.068
   2.057
   0.000
   0.000
   2.161
   2.336
   2.423
   2.531
   2.629
   2.715
   2.783
   2.840
   2.898
   2.952
   2.992
   3.031
   3.074
   3.129
   3.194
   3.265
   3.335
   3.400
   3.445
   3.469
   3.475
   3.489
   3.480
   3.569
   3.686
   3.782
   3.844
   3.870
   3.876
   3.873
   3.865
   3.852
   3.817
   3.774
   3.710
   3.625
   3.527
   3.393
   3.234
   3.064
   2.875
   2.680
   2.482
   2.327
   2.229
   2.160
   2.100
   2.047
   2.014
   1.992
   1.984
   1.989
   2.003
   2.026
   2.060
   2.106
   2.156
   2.207
   2.257
   2.314
   2.369
   2.417
   2.449
   2.470
   2.479
   2.487
   2.451
   0.000
   0.000
   2.119
   2.278
   2.357
   2.452
   2.538
   2.621
   2.697
   2.768
   2.839
   2.903
   2.957
   3.001
   3.044
   3.093
   3.157
   3.228
   3.305
   3.386
   3.461
   3.519
   3.571
   3.630
   3.693
   3.761
   3.862
   3.942
   3.992
   4.012
   4.022
   4.030
   4.026
   4.019
   4.012
   3.984
   3.922
   3.843
   3.733
   3.594
   3.431
   3.249
   3.047
   2.839
   2.637
   2.475
   2.375
   2.316
   2.264
   2.219
   2.191
   2.170
   2.163
   2.168
   2.179
   2.201
   2.232
   2.274
   2.319
   2.371
   2.423
   2.484
   2.543
   2.595
   2.636
   2.662
   2.674
   2.684
   2.631
   0.000
   0.000
   2.073
   2.214
   2.275
   2.355
   2.432
   2.509
   2.590
   2.668
   2.752
   2.827
   2.891
   2.944
   2.993
   3.044
   3.109
   3.181
   3.266
   3.362
   3.460
   3.553
   3.638
   3.731
   3.834
   3.917
   4.011
   4.081
   4.116
   4.119
   4.130
   4.141
   4.144
   4.151
   4.163
   4.157
   4.111
   4.041
   3.936
   3.794
   3.625
   3.440
   3.231
   3.018
   2.812
   2.646
   2.540
   2.472
   2.424
   2.384
   2.350
   2.328
   2.320
   2.320
   2.329
   2.347
   2.372
   2.411
   2.453
   2.495
   2.545
   2.602
   2.660
   2.714
   2.755
   2.788
   2.803
   2.813
   2.751
   0.000
   0.000
   2.036
   2.165
   2.213
   2.280
   2.343
   2.412
   2.486
   2.566
   2.648
   2.730
   2.799
   2.863
   2.927
   2.991
   3.062
   3.145
   3.241
   3.345
   3.459
   3.571
   3.676
   3.793
   3.902
   4.020
   4.111
   4.153
   4.169
   4.160
   4.160
   4.175
   4.188
   4.211
   4.250
   4.267
   4.248
   4.190
   4.100
   3.966
   3.800
   3.614
   3.411
   3.201
   3.003
   2.829
   2.703
   2.615
   2.560
   2.517
   2.478
   2.454
   2.442
   2.437
   2.447
   2.465
   2.491
   2.526
   2.564
   2.600
   2.643
   2.694
   2.747
   2.798
   2.844
   2.877
   2.897
   2.908
   2.842
   0.000
   0.000
   2.002
   2.126
   2.162
   2.219
   2.278
   2.338
   2.407
   2.479
   2.557
   2.635
   2.711
   2.781
   2.855
   2.932
   3.022
   3.118
   3.219
   3.332
   3.450
   3.570
   3.692
   3.828
   3.959
   4.065
   4.116
   4.137
   4.136
   4.117
   4.116
   4.145
   4.173
   4.221
   4.273
   4.319
   4.326
   4.302
   4.223
   4.103
   3.949
   3.777
   3.588
   3.387
   3.187
   3.006
   2.867
   2.761
   2.686
   2.629
   2.583
   2.549
   2.530
   2.524
   2.535
   2.556
   2.582
   2.617
   2.650
   2.678
   2.716
   2.762
   2.808
   2.855
   2.897
   2.935
   2.962
   2.979
   2.915
   0.000
   0.000
   1.957
   2.078
   2.111
   2.162
   2.217
   2.278
   2.343
   2.414
   2.488
   2.564
   2.638
   2.709
   2.787
   2.873
   2.969
   3.075
   3.180
   3.295
   3.414
   3.534
   3.653
   3.779
   3.902
   3.987
   4.025
   4.038
   4.028
   4.005
   4.013
   4.056
   4.110
   4.182
   4.259
   4.330
   4.360
   4.359
   4.307
   4.207
   4.073
   3.920
   3.743
   3.555
   3.368
   3.184
   3.021
   2.895
   2.797
   2.714
   2.652
   2.606
   2.579
   2.568
   2.577
   2.600
   2.632
   2.665
   2.700
   2.725
   2.757
   2.792
   2.835
   2.880
   2.923
   2.966
   2.998
   3.024
   2.972
   0.000
   0.000
   1.880
   2.010
   2.046
   2.102
   2.160
   2.223
   2.292
   2.365
   2.439
   2.513
   2.585
   2.655
   2.729
   2.815
   2.913
   3.015
   3.125
   3.237
   3.351
   3.468
   3.576
   3.689
   3.795
   3.862
   3.888
   3.893
   3.882
   3.864
   3.882
   3.946
   4.025
   4.116
   4.220
   4.310
   4.365
   4.386
   4.356
   4.278
   4.169
   4.033
   3.878
   3.709
   3.532
   3.357
   3.186
   3.030
   2.906
   2.798
   2.708
   2.645
   2.604
   2.586
   2.589
   2.614
   2.647
   2.683
   2.714
   2.739
   2.773
   2.809
   2.848
   2.889
   2.934
   2.981
   3.020
   3.054
   3.008
   0.000
   0.000
   1.772
   1.908
   1.955
   2.019
   2.084
   2.160
   2.239
   2.318
   2.400
   2.475
   2.544
   2.614
   2.682
   2.763
   2.853
   2.948
   3.051
   3.155
   3.264
   3.373
   3.476
   3.577
   3.666
   3.721
   3.737
   3.743
   3.728
   3.720
   3.756
   3.835
   3.928
   4.034
   4.161
   4.268
   4.344
   4.388
   4.386
   4.330
   4.238
   4.124
   3.986
   3.838
   3.678
   3.512
   3.342
   3.174
   3.023
   2.889
   2.775
   2.687
   2.628
   2.597
   2.588
   2.606
   2.636
   2.672
   2.706
   2.734
   2.768
   2.808
   2.850
   2.892
   2.942
   2.989
   3.036
   3.075
   3.039
   0.000
   0.000
   1.642
   1.782
   1.838
   1.908
   1.985
   2.074
   2.164
   2.260
   2.350
   2.432
   2.502
   2.569
   2.635
   2.706
   2.789
   2.874
   2.963
   3.058
   3.152
   3.247
   3.340
   3.433
   3.515
   3.565
   3.583
   3.582
   3.571
   3.586
   3.635
   3.719
   3.819
   3.935
   4.068
   4.190
   4.285
   4.351
   4.371
   4.341
   4.275
   4.185
   4.068
   3.939
   3.799
   3.638
   3.472
   3.309
   3.141
   2.987
   2.851
   2.735
   2.653
   2.603
   2.576
   2.582
   2.604
   2.641
   2.677
   2.711
   2.752
   2.800
   2.844
   2.890
   2.946
   3.000
   3.053
   3.099
   3.072
   0.000
   0.000
   1.496
   1.644
   1.709
   1.793
   1.881
   1.972
   2.073
   2.178
   2.281
   2.375
   2.453
   2.521
   2.582
   2.647
   2.716
   2.791
   2.867
   2.948
   3.028
   3.110
   3.188
   3.270
   3.351
   3.400
   3.426
   3.435
   3.439
   3.460
   3.517
   3.606
   3.706
   3.826
   3.963
   4.090
   4.195
   4.272
   4.318
   4.311
   4.277
   4.210
   4.113
   4.001
   3.876
   3.731
   3.575
   3.417
   3.248
   3.087
   2.933
   2.799
   2.696
   2.621
   2.578
   2.564
   2.578
   2.606
   2.644
   2.685
   2.734
   2.788
   2.840
   2.891
   2.952
   3.013
   3.075
   3.130
   3.107
   0.000
   0.000
   1.308
   1.513
   1.595
   1.690
   1.784
   1.882
   1.985
   2.084
   2.191
   2.293
   2.381
   2.453
   2.518
   2.579
   2.639
   2.698
   2.764
   2.830
   2.899
   2.970
   3.039
   3.111
   3.182
   3.232
   3.263
   3.284
   3.299
   3.327
   3.381
   3.468
   3.571
   3.692
   3.835
   3.964
   4.069
   4.152
   4.209
   4.226
   4.213
   4.174
   4.104
   4.011
   3.904
   3.774
   3.626
   3.480
   3.321
   3.163
   3.007
   2.869
   2.755
   2.666
   2.604
   2.571
   2.565
   2.583
   2.621
   2.668
   2.724
   2.785
   2.844
   2.900
   2.968
   3.039
   3.110
   3.174
   3.153
   0.000
 -65.534
 -65.534
   1.313
   1.515
   1.611
   1.710
   1.808
   1.907
   2.003
   2.104
   2.202
   2.286
   2.361
   2.427
   2.489
   2.546
   2.601
   2.655
   2.710
   2.769
   2.829
   2.890
   2.953
   3.015
   3.062
   3.095
   3.119
   3.143
   3.171
   3.227
   3.310
   3.406
   3.532
   3.675
   3.802
   3.901
   3.984
   4.044
   4.074
   4.085
   4.067
   4.019
   3.951
   3.862
   3.748
   3.617
   3.483
   3.342
   3.196
   3.055
   2.925
   2.808
   2.713
   2.641
   2.594
   2.576
   2.581
   2.616
   2.669
   2.734
   2.802
   2.867
   2.923
   2.999
   3.079
   3.156
   3.230
   3.222
   0.000
 -65.534
 -65.534
 -65.534
   1.371
   1.568
   1.646
   1.748
   1.845
   1.939
   2.032
   2.120
   2.196
   2.265
   2.330
   2.386
   2.442
   2.492
   2.541
   2.590
   2.644
   2.696
   2.746
   2.801
   2.855
   2.897
   2.929
   2.955
   2.983
   3.011
   3.062
   3.134
   3.230
   3.352
   3.473
   3.572
   3.703
   3.788
   3.843
   3.877
   3.899
   3.901
   3.875
   3.827
   3.760
   3.666
   3.553
   3.435
   3.315
   3.191
   3.066
   2.952
   2.844
   2.754
   2.685
   2.637
   2.611
   2.617
   2.653
   2.712
   2.783
   2.856
   2.923
   2.991
   3.067
   3.156
   3.244
   3.324
   3.313
   0.000
 -65.534
 -65.534
 -65.534
 -65.534
   1.489
   1.605
   1.694
   1.790
   1.881
   1.968
   2.047
   2.115
   2.177
   2.234
   2.290
   2.337
   2.384
   2.427
   2.472
   2.514
   2.554
   2.597
   2.643
   2.689
   2.729
   2.765
   2.795
   2.826
   2.858
   2.904
   2.965
   3.048
   3.149
   3.254
   3.354
   3.459
   3.528
   3.615
   3.657
   3.684
   3.698
   3.688
   3.661
   3.610
   3.532
   3.444
   3.347
   3.246
   3.143
   3.049
   2.956
   2.864
   2.791
   2.733
   2.691
   2.672
   2.682
   2.721
   2.786
   2.865
   2.942
   3.014
   3.087
   3.171
   3.261
   3.351
   3.438
   3.418
   0.000
 -65.534
 -65.534
 -65.534
 -65.534
   1.437
   1.546
   1.635
   1.725
   1.813
   1.894
   1.968
   2.033
   2.090
   2.139
   2.186
   2.230
   2.270
   2.304
   2.338
   2.372
   2.407
   2.440
   2.477
   2.516
   2.559
   2.596
   2.637
   2.673
   2.710
   2.754
   2.808
   2.874
   2.956
   3.044
   3.130
   3.212
   3.279
   3.348
   3.381
   3.432
   3.458
   3.461
   3.449
   3.416
   3.358
   3.292
   3.226
   3.152
   3.076
   3.003
   2.938
   2.871
   2.821
   2.780
   2.754
   2.746
   2.762
   2.806
   2.875
   2.953
   3.037
   3.116
   3.194
   3.279
   3.367
   3.457
   3.542
   3.506
   0.000
 -65.534
 -65.534
 -65.534
 -65.534
   1.369
   1.473
   1.557
   1.643
   1.725
   1.801
   1.873
   1.932
   1.984
   2.030
   2.071
   2.102
   2.135
   2.164
   2.192
   2.216
   2.242
   2.271
   2.300
   2.337
   2.373
   2.421
   2.468
   2.513
   2.559
   2.606
   2.653
   2.706
   2.775
   2.847
   2.916
   2.982
   3.044
   3.092
   3.128
   3.174
   3.208
   3.224
   3.231
   3.219
   3.185
   3.142
   3.098
   3.053
   3.005
   2.962
   2.922
   2.883
   2.854
   2.834
   2.824
   2.824
   2.845
   2.887
   2.956
   3.035
   3.122
   3.208
   3.292
   3.374
   3.456
   3.539
   3.617
   3.567
   0.000
 -65.534
 -65.534
 -65.534
 -65.534
   1.272
   1.360
   1.429
   1.521
   1.613
   1.675
   1.744
   1.803
   1.852
   1.899
   1.933
   1.960
   1.983
   2.005
   2.026
   2.051
   2.070
   2.089
   2.113
   2.145
   2.185
   2.231
   2.287
   2.340
   2.391
   2.441
   2.486
   2.536
   2.589
   2.643
   2.701
   2.757
   2.809
   2.852
   2.890
   2.925
   2.964
   2.991
   3.019
   3.032
   3.029
   3.014
   2.998
   2.972
   2.951
   2.932
   2.918
   2.903
   2.893
   2.888
   2.888
   2.897
   2.918
   2.960
   3.022
   3.102
   3.194
   3.281
   3.364
   3.440
   3.514
   3.585
   3.653
   3.583
   0.000
 -65.534
 -65.534
 -65.534
 -65.534
 -65.534
 -65.534
 -65.534
 -65.534
   1.478
   1.555
   1.608
   1.663
   1.708
   1.749
   1.783
   1.811
   1.833
   1.851
   1.868
   1.882
   1.891
   1.907
   1.929
   1.954
   1.991
   2.040
   2.099
   2.156
   2.208
   2.258
   2.297
   2.339
   2.381
   2.427
   2.471
   2.518
   2.564
   2.606
   2.644
   2.683
   2.726
   2.772
   2.819
   2.857
   2.881
   2.892
   2.896
   2.897
   2.902
   2.905
   2.917
   2.924
   2.931
   2.937
   2.950
   2.965
   2.991
   3.029
   3.088
   3.162
   3.245
   3.331
   3.408
   3.474
   3.541
   3.606
   3.662
   3.579
   0.000
 -65.534
 -65.534
 -65.534
 -65.534
 -65.534
 -65.534
   1.096
   1.296
   1.401
   1.437
   1.479
   1.530
   1.574
   1.612
   1.644
   1.672
   1.697
   1.715
   1.728
   1.734
   1.738
   1.742
   1.754
   1.779
   1.816
   1.859
   1.913
   1.968
   2.017
   2.059
   2.094
   2.123
   2.158
   2.193
   2.232
   2.272
   2.316
   2.357
   2.398
   2.449
   2.507
   2.572
   2.635
   2.695
   2.744
   2.770
   2.792
   2.815
   2.837
   2.858
   2.886
   2.918
   2.944
   2.973
   2.994
   3.019
   3.046
   3.084
   3.140
   3.205
   3.277
   3.349
   3.416
   3.476
   3.537
   3.596
   3.649
   3.546
   0.000
 -65.534
 -65.534
 -65.534
 -65.534
 -65.534
 -65.534
 -65.534
 -65.534
 -65.534
   1.307
   1.350
   1.381
   1.416
   1.448
   1.488
   1.539
   1.561
   1.584
   1.594
   1.598
   1.600
   1.605
   1.614
   1.629
   1.652
   1.694
   1.741
   1.785
   1.826
   1.862
   1.888
   1.910
   1.930
   1.960
   1.992
   2.032
   2.075
   2.123
   2.172
   2.233
   2.302
   2.379
   2.460
   2.535
   2.599
   2.644
   2.679
   2.714
   2.746
   2.786
   2.833
   2.883
   2.929
   2.970
   3.003
   3.032
   3.057
   3.092
   3.142
   3.204
   3.266
   3.325
   3.384
   3.435
   3.491
   3.550
   3.599
   3.478
   0.000
 -65.534
 -65.534
 -65.534
 -65.534
 -65.534
 -65.534
 -65.534
 -65.534
 -65.534
 -65.534
 -65.534
 -65.534
 -65.534
 -65.534
 -65.534
   1.374
   1.383
   1.401
   1.425
   1.456
   1.473
   1.492
   1.507
   1.518
   1.527
   1.550
   1.583
   1.626
   1.661
   1.686
   1.702
   1.716
   1.734
   1.761
   1.795
   1.837
   1.882
   1.932
   1.976
   2.044
   2.124
   2.214
   2.309
   2.394
   2.468
   2.526
   2.571
   2.616
   2.658
   2.705
   2.764
   2.828
   2.888
   2.940
   2.983
   3.012
   3.034
   3.067
   3.114
   3.169
   3.225
   3.278
   3.328
   3.374
   3.423
   3.476
   3.523
   3.387
   0.000
 -65.534
 -65.534
 -65.534
 -65.534
 -65.534
 -65.534
 -65.534
 -65.534
 -65.534
 -65.534
 -65.534
 -65.534
 -65.534
 -65.534
 -65.534
 -65.534
 -65.534
 -65.534
 -65.534
   1.353
   1.380
   1.404
   1.426
   1.437
   1.441
   1.450
   1.473
   1.496
   1.522
   1.548
   1.565
   1.575
   1.589
   1.616
   1.656
   1.704
   1.756
   1.809
   1.865
   1.933
   2.018
   2.111
   2.209
   2.300
   2.380
   2.445
   2.499
   2.547
   2.593
   2.649
   2.712
   2.780
   2.844
   2.896
   2.938
   2.969
   2.993
   3.022
   3.068
   3.117
   3.170
   3.220
   3.262
   3.303
   3.346
   3.396
   3.440
   3.293
   0.000
 -65.534
 -65.534
 -65.534
 -65.534
 -65.534
 -65.534
 -65.534
 -65.534
 -65.534
 -65.534
 -65.534
 -65.534
 -65.534
 -65.534
 -65.534
 -65.534
 -65.534
 -65.534
   1.080
   1.263
   1.278
   1.310
   1.341
   1.360
   1.366
   1.375
   1.389
   1.407
   1.426
   1.444
   1.462
   1.481
   1.498
   1.530
   1.576
   1.631
   1.693
   1.754
   1.818
   1.892
   1.972
   2.060
   2.155
   2.247
   2.329
   2.400
   2.461
   2.514
   2.565
   2.617
   2.676
   2.736
   2.791
   2.835
   2.880
   2.919
   2.945
   2.974
   3.010
   3.054
   3.101
   3.147
   3.186
   3.220
   3.256
   3.300
   3.337
   3.166
   0.000
 -65.534
 -65.534
 -65.534
 -65.534
 -65.534
 -65.534
 -65.534
 -65.534
 -65.534
 -65.534
 -65.534
 -65.534
 -65.534
 -65.534
 -65.534
 -65.534
 -65.534
   0.880
   1.085
   1.134
   1.165
   1.203
   1.243
   1.273
   1.288
   1.299
   1.317
   1.333
   1.352
   1.367
   1.389
   1.413
   1.437
   1.471
   1.523
   1.589
   1.656
   1.722
   1.788
   1.864
   1.943
   2.025
   2.112
   2.202
   2.283
   2.356
   2.420
   2.482
   2.537
   2.589
   2.643
   2.700
   2.752
   2.795
   2.831
   2.867
   2.895
   2.923
   2.954
   2.987
   3.025
   3.067
   3.105
   3.133
   3.163
   3.195
   3.218
   3.028
   0.000
 -65.534
 -65.534
 -65.534
 -65.534
 -65.534
 -65.534
 -65.534
 -65.534
 -65.534
 -65.534
 -65.534
 -65.534
 -65.534
 -65.534
 -65.534
 -65.534
 -65.534
   0.871
   0.971
   0.999
   1.040
   1.081
   1.123
   1.160
   1.187
   1.205
   1.228
   1.249
   1.272
   1.291
   1.315
   1.345
   1.375
   1.416
   1.467
   1.534
   1.605
   1.675
   1.744
   1.817
   1.891
   1.972
   2.056
   2.140
   2.217
   2.291
   2.361
   2.429
   2.487
   2.542
   2.597
   2.651
   2.701
   2.746
   2.789
   2.829
   2.863
   2.894
   2.923
   2.944
   2.970
   3.000
   3.027
   3.049
   3.072
   3.087
   3.092
   2.868
   0.000
 -65.534
 -65.534
 -65.534
 -65.534
 -65.534
 -65.534
 -65.534
 -65.534
 -65.534
 -65.534
 -65.534
 -65.534
 -65.534
 -65.534
 -65.534
 -65.534
 -65.534
   0.794
   0.843
   0.872
   0.907
   0.949
   0.988
   1.024
   1.058
   1.082
   1.112
   1.141
   1.167
   1.197
   1.226
   1.265
   1.301
   1.346
   1.398
   1.464
   1.535
   1.605
   1.677
   1.747
   1.819
   1.892
   1.969
   2.050
   2.128
   2.201
   2.275
   2.348
   2.416
   2.482
   2.547
   2.605
   2.662
   2.710
   2.759
   2.804
   2.839
   2.872
   2.900
   2.917
   2.934
   2.950
   2.966
   2.975
   2.961
   2.962
   2.939
   2.702
   0.000
 -65.534
 -65.534
 -65.534
 -65.534
 -65.534
 -65.534
 -65.534
 -65.534
 -65.534
 -65.534
 -65.534
 -65.534
 -65.534
 -65.534
 -65.534
 -65.534
 -65.534
   0.746
   0.747
   0.770
   0.805
   0.836
   0.867
   0.890
   0.921
   0.958
   0.989
   1.023
   1.059
   1.093
   1.131
   1.178
   1.215
   1.266
   1.322
   1.391
   1.461
   1.532
   1.602
   1.669
   1.734
   1.799
   1.867
   1.944
   2.021
   2.101
   2.180
   2.256
   2.334
   2.411
   2.482
   2.553
   2.620
   2.676
   2.730
   2.776
   2.810
   2.841
   2.866
   2.885
   2.900
   2.909
   2.912
   2.903
   2.882
   2.858
   2.801
   2.544
   0.000
 -65.534
 -65.534
 -65.534
 -65.534
 -65.534
 -65.534
 -65.534
 -65.534
 -65.534
 -65.534
 -65.534
 -65.534
 -65.534
 -65.534
 -65.534
 -65.534
 -65.534
 -65.534
   0.716
   0.711
   0.731
   0.752
   0.769
   0.783
   0.806
   0.839
   0.872
   0.907
   0.948
   0.991
   1.035
   1.081
   1.120
   1.175
   1.232
   1.300
   1.371
   1.439
   1.506
   1.570
   1.633
   1.691
   1.760
   1.835
   1.916
   1.993
   2.073
   2.156
   2.241
   2.322
   2.405
   2.482
   2.553
   2.614
   2.669
   2.717
   2.756
   2.789
   2.815
   2.833
   2.848
   2.857
   2.854
   2.839
   2.815
   2.772
   2.691
   2.400
   0.000
 -65.534
 -65.534
 -65.534
 -65.534
 -65.534
 -65.534
 -65.534
 -65.534
 -65.534
 -65.534
 -65.534
 -65.534
 -65.534
 -65.534
 -65.534
 -65.534
 -65.534
 -65.534
 -65.534
   0.696
   0.686
   0.694
   0.702
   0.712
   0.728
   0.755
   0.783
   0.815
   0.852
   0.888
   0.930
   0.968
   1.007
   1.056
   1.117
   1.185
   1.241
   1.296
   1.352
   1.425
   1.514
   1.584
   1.659
   1.737
   1.818
   1.895
   1.972
   2.051
   2.131
   2.211
   2.297
   2.378
   2.452
   2.518
   2.579
   2.631
   2.674
   2.708
   2.738
   2.761
   2.776
   2.785
   2.783
   2.769
   2.747
   2.703
   2.604
   2.293
   0.000
 -65.534
 -65.534
 -65.534
 -65.534
 -65.534
 -65.534
 -65.534
 -65.534
 -65.534
 -65.534
 -65.534
 -65.534
 -65.534
 -65.534
 -65.534
 -65.534
 -65.534
 -65.534
 -65.534
 -65.534
   0.670
   0.664
   0.662
   0.667
   0.675
   0.702
   0.724
   0.744
   0.760
   0.779
   0.804
   0.809
   0.814
   0.806
   0.761
   0.594
 -65.534
 -65.534
 -65.534
 -65.534
   1.455
   1.534
   1.614
   1.677
   1.742
   1.807
   1.869
   1.932
   1.997
   2.071
   2.149
   2.232
   2.306
   2.377
   2.446
   2.502
   2.551
   2.594
   2.625
   2.652
   2.673
   2.684
   2.689
   2.685
   2.667
   2.627
   2.532
   2.219
   0.000
 -65.534
 -65.534
 -65.534
 -65.534
 -65.534
 -65.534
 -65.534
 -65.534
 -65.534
 -65.534
 -65.534
 -65.534
 -65.534
 -65.534
 -65.534
 -65.534
 -65.534
 -65.534
 -65.534
 -65.534
 -65.534
 -65.534
 -65.534
 -65.534
   0.669
   0.664
   0.673
   0.674
   0.672
   0.669
   0.667
   0.645
   0.616
   0.565
   0.465
   0.293
 -65.534
 -65.534
 -65.534
 -65.534
 -65.534
 -65.534
   1.512
   1.617
   1.659
   1.705
   1.744
   1.784
   1.837
   1.898
   1.969
   2.047
   2.124
   2.199
   2.273
   2.336
   2.387
   2.434
   2.471
   2.504
   2.527
   2.542
   2.557
   2.564
   2.556
   2.526
   2.438
   2.146
   0.000
 -65.534
 -65.534
 -65.534
 -65.534
 -65.534
 -65.534
 -65.534
 -65.534
 -65.534
 -65.534
 -65.534
 -65.534
 -65.534
 -65.534
 -65.534
 -65.534
 -65.534
 -65.534
 -65.534
 -65.534
 -65.534
 -65.534
 -65.534
 -65.534
   0.625
   0.605
   0.594
   0.583
   0.570
   0.557
   0.534
   0.497
   0.450
   0.382
   0.292
   0.175
 -65.534
 -65.534
 -65.534
 -65.534
 -65.534
 -65.534
 -65.534
   1.460
   1.524
   1.532
   1.590
   1.615
   1.655
   1.711
   1.781
   1.854
   1.932
   2.008
   2.082
   2.144
   2.192
   2.235
   2.277
   2.310
   2.335
   2.356
   2.376
   2.391
   2.392
   2.371
   2.300
   2.037
   0.000
 -65.534
 -65.534
 -65.534
 -65.534
 -65.534
 -65.534
 -65.534
 -65.534
 -65.534
 -65.534
 -65.534
 -65.534
 -65.534
 -65.534
 -65.534
 -65.534
 -65.534
 -65.534
 -65.534
 -65.534
 -65.534
 -65.534
 -65.534
 -65.534
 -65.534
 -65.534
 -65.534
 -65.534
 -65.534
   0.501
   0.410
   0.368
   0.326
   0.267
   0.193
   0.096
  -0.115
 -65.534
 -65.534
 -65.534
 -65.534
 -65.534
 -65.534
   1.048
   0.882
 -65.534
   1.336
   1.387
   1.438
   1.535
   1.596
   1.665
   1.736
   1.804
   1.866
   1.922
   1.964
   2.003
   2.041
   2.075
   2.103
   2.131
   2.154
   2.176
   2.186
   2.170
   2.113
   1.884
   0.000
 -65.534
 -65.534
 -65.534
 -65.534
 -65.534
 -65.534
 -65.534
 -65.534
 -65.534
 -65.534
 -65.534
 -65.534
 -65.534
 -65.534
 -65.534
 -65.534
 -65.534
 -65.534
 -65.534
 -65.534
 -65.534
 -65.534
 -65.534
 -65.534
 -65.534
 -65.534
 -65.534
 -65.534
 -65.534
 -65.534
 -65.534
 -65.534
   0.330
   0.216
   0.141
   0.055
  -0.134
  -0.155
 -65.534
 -65.534
 -65.534
 -65.534
 -65.534
 -65.534
 -65.534
 -65.534
 -65.534
 -65.534
 -65.534
   1.272
   1.345
   1.404
   1.518
   1.570
   1.629
   1.680
   1.713
   1.750
   1.783
   1.819
   1.842
   1.871
   1.899
   1.928
   1.948
   1.941
   1.893
   1.708
   0.000
 -65.534
 -65.534
 -65.534
 -65.534
 -65.534
 -65.534
 -65.534
 -65.534
 -65.534
 -65.534
 -65.534
 -65.534
 -65.534
 -65.534
 -65.534
 -65.534
 -65.534
 -65.534
 -65.534
 -65.534
 -65.534
 -65.534
 -65.534
 -65.534
 -65.534
 -65.534
 -65.534
 -65.534
 -65.534
 -65.534
 -65.534
 -65.534
   0.241
   0.131
   0.053
  -0.022
  -0.137
  -0.197
  -0.176
  -0.136
 -65.534
 -65.534
 -65.534
 -65.534
 -65.534
 -65.534
 -65.534
 -65.534
 -65.534
 -65.534
 -65.534
 -65.534
   1.182
   1.217
   1.265
   1.407
   1.444
   1.479
   1.516
   1.545
   1.565
   1.588
   1.618
   1.648
   1.668
   1.680
   1.651
   1.508
   0.000
 -65.534
 -65.534
 -65.534
 -65.534
 -65.534
 -65.534
 -65.534
 -65.534
 -65.534
 -65.534
 -65.534
 -65.534
 -65.534
 -65.534
 -65.534
 -65.534
 -65.534
 -65.534
 -65.534
 -65.534
 -65.534
 -65.534
 -65.534
 -65.534
 -65.534
 -65.534
 -65.534
 -65.534
 -65.534
 -65.534
 -65.534
 -65.534
 -65.534
 -65.534
 -65.534
 -65.534
  -0.074
  -0.156
  -0.184
  -0.182
  -0.150
  -0.136
  -0.129
  -0.138
  -0.150
 -65.534
 -65.534
 -65.534
 -65.534
 -65.534
 -65.534
 -65.534
 -65.534
 -65.534
 -65.534
   1.137
   1.172
   1.198
   1.234
   1.262
   1.271
   1.289
   1.307
   1.333
   1.359
   1.380
   1.363
   1.277
   0.000
 -65.534
 -65.534
 -65.534
 -65.534
 -65.534
 -65.534
 -65.534
 -65.534
 -65.534
 -65.534
 -65.534
 -65.534
 -65.534
 -65.534
 -65.534
 -65.534
 -65.534
 -65.534
 -65.534
 -65.534
 -65.534
 -65.534
 -65.534
 -65.534
 -65.534
 -65.534
 -65.534
 -65.534
 -65.534
 -65.534
 -65.534
 -65.534
 -65.534
 -65.534
 -65.534
 -65.534
 -65.534
 -65.534
 -65.534
 -65.534
  -0.141
 -65.534
 -65.534
 -65.534
 -65.534
 -65.534
 -65.534
 -65.534
 -65.534
 -65.534
 -65.534
 -65.534
 -65.534
 -65.534
 -65.534
   0.826
   0.823
   0.820
   0.840
   0.948
   0.971
   0.972
   0.978
   1.002
   1.029
   1.054
   1.056
   1.014
   0.000
 -65.534
 -65.534
 -65.534
 -65.534
 -65.534
 -65.534
 -65.534
 -65.534
 -65.534
 -65.534
 -65.534
 -65.534
 -65.534
 -65.534
 -65.534
 -65.534
 -65.534
 -65.534
 -65.534
 -65.534
 -65.534
 -65.534
 -65.534
 -65.534
 -65.534
 -65.534
 -65.534
 -65.534
 -65.534
 -65.534
 -65.534
 -65.534
 -65.534
 -65.534
 -65.534
 -65.534
 -65.534
 -65.534
 -65.534
 -65.534
 -65.534
 -65.534
 -65.534
 -65.534
 -65.534
 -65.534
 -65.534
 -65.534
 -65.534
 -65.534
 -65.534
 -65.534
 -65.534
 -65.534
 -65.534
 -65.534
 -65.534
 -65.534
 -65.534
   0.662
   0.613
   0.595
   0.594
   0.587
   0.618
   0.652
   0.642
   0.636
   0.000
 -65.534
 -65.534
 -65.534
 -65.534
 -65.534
 -65.534
 -65.534
 -65.534
 -65.534
 -65.534
 -65.534
 -65.534
 -65.534
 -65.534
 -65.534
 -65.534
 -65.534
 -65.534
 -65.534
 -65.534
 -65.534
 -65.534
 -65.534
 -65.534
 -65.534
 -65.534
 -65.534
 -65.534
 -65.534
 -65.534
 -65.534
 -65.534
 -65.534
 -65.534
 -65.534
 -65.534
 -65.534
 -65.534
 -65.534
 -65.534
 -65.534
 -65.534
 -65.534
 -65.534
 -65.534
 -65.534
 -65.534
 -65.534
 -65.534
 -65.534
 -65.534
 -65.534
 -65.534
 -65.534
 -65.534
 -65.534
 -65.534
 -65.534
 -65.534
 -65.534
 -65.534
   0.000
   0.000
   0.000
   0.000
   0.000
   0.000
   0.000
 -65.534
