 -65.534
   0.000
   0.000
   0.000
   0.000
   0.000
   0.000
   0.000
   0.000
   0.000
   0.000
   0.000
   0.000
   0.000
   0.000
   0.000
   0.000
   0.000
   0.000
   0.000
   0.000
   0.000
   0.000
   0.000
   0.000
   0.000
   0.000
   0.000
   0.000
   0.000
   0.000
   0.000
   0.000
   0.000
   0.000
   0.000
   0.000
   0.000
   0.000
   0.000
   0.000
   0.000
   0.000
   0.000
   0.000
   0.000
   0.000
   0.000
   0.000
   0.000
   0.000
   0.000
   0.000
   0.000
   0.000
   0.000
   0.000
   0.000
   0.000
   0.000
   0.000
   0.000
   0.000
   0.000
   0.000
   0.000
   0.000
   0.000
 -65.534
   0.000
   3.012
   3.422
   3.622
   3.811
   3.965
   4.085
   4.178
   4.256
   4.337
   4.416
   4.496
   4.578
   4.656
   4.716
   4.766
   4.809
   4.867
   4.931
   5.007
   5.103
   5.218
   5.333
   5.449
   5.490
   5.487
   5.462
   5.419
   5.370
   5.324
   5.276
   5.222
   5.172
   5.119
   5.030
   4.922
   4.806
   4.678
   4.522
   4.341
   4.142
   3.928
   3.702
   3.490
   3.321
   3.186
   3.083
   2.999
   2.936
   2.913
   2.913
   2.929
   2.971
   3.026
   3.143
   3.234
   3.309
   3.356
   3.369
   3.370
   3.355
   3.323
   3.299
   3.273
   3.223
   3.159
   3.141
   3.088
   0.000
   0.000
   3.189
   3.554
   3.710
   3.869
   3.997
   4.115
   4.221
   4.318
   4.414
   4.506
   4.588
   4.668
   4.740
   4.794
   4.845
   4.893
   4.942
   5.003
   5.080
   5.180
   5.293
   5.403
   5.506
   5.551
   5.567
   5.567
   5.553
   5.537
   5.527
   5.517
   5.493
   5.470
   5.442
   5.375
   5.282
   5.161
   5.016
   4.841
   4.647
   4.433
   4.200
   3.944
   3.704
   3.523
   3.408
   3.341
   3.303
   3.292
   3.314
   3.357
   3.422
   3.500
   3.599
   3.691
   3.783
   3.874
   3.937
   3.966
   3.971
   3.969
   3.952
   3.924
   3.889
   3.846
   3.801
   3.778
   3.682
   0.000
   0.000
   3.108
   3.429
   3.559
   3.691
   3.796
   3.903
   4.009
   4.115
   4.222
   4.323
   4.415
   4.487
   4.548
   4.601
   4.647
   4.696
   4.755
   4.826
   4.917
   5.030
   5.156
   5.283
   5.380
   5.448
   5.477
   5.491
   5.497
   5.499
   5.509
   5.525
   5.529
   5.536
   5.535
   5.492
   5.418
   5.307
   5.149
   4.967
   4.764
   4.540
   4.292
   4.028
   3.780
   3.589
   3.481
   3.439
   3.436
   3.464
   3.525
   3.596
   3.681
   3.773
   3.874
   3.970
   4.063
   4.143
   4.201
   4.228
   4.235
   4.240
   4.225
   4.199
   4.173
   4.141
   4.111
   4.087
   3.959
   0.000
   0.000
   3.010
   3.284
   3.386
   3.497
   3.594
   3.688
   3.791
   3.895
   4.010
   4.120
   4.217
   4.300
   4.366
   4.418
   4.467
   4.518
   4.581
   4.661
   4.763
   4.893
   5.037
   5.177
   5.289
   5.371
   5.420
   5.457
   5.476
   5.496
   5.525
   5.559
   5.590
   5.626
   5.654
   5.655
   5.601
   5.500
   5.351
   5.158
   4.949
   4.717
   4.453
   4.181
   3.932
   3.733
   3.620
   3.581
   3.592
   3.642
   3.714
   3.806
   3.908
   4.008
   4.112
   4.210
   4.294
   4.370
   4.420
   4.438
   4.444
   4.443
   4.433
   4.409
   4.386
   4.363
   4.337
   4.308
   4.152
   0.000
   0.000
   2.893
   3.131
   3.212
   3.318
   3.404
   3.495
   3.589
   3.696
   3.809
   3.924
   4.027
   4.112
   4.185
   4.239
   4.287
   4.338
   4.405
   4.491
   4.605
   4.744
   4.898
   5.056
   5.189
   5.284
   5.355
   5.414
   5.453
   5.484
   5.527
   5.577
   5.627
   5.690
   5.755
   5.785
   5.766
   5.687
   5.551
   5.361
   5.149
   4.911
   4.648
   4.377
   4.126
   3.924
   3.794
   3.738
   3.750
   3.804
   3.885
   3.985
   4.093
   4.202
   4.320
   4.421
   4.507
   4.574
   4.618
   4.626
   4.629
   4.630
   4.613
   4.592
   4.572
   4.548
   4.517
   4.475
   4.292
   0.000
   0.000
   2.764
   2.975
   3.044
   3.142
   3.231
   3.321
   3.417
   3.521
   3.635
   3.747
   3.851
   3.939
   4.012
   4.064
   4.115
   4.169
   4.239
   4.334
   4.451
   4.588
   4.745
   4.904
   5.052
   5.168
   5.270
   5.345
   5.399
   5.447
   5.502
   5.570
   5.642
   5.727
   5.812
   5.881
   5.900
   5.861
   5.748
   5.579
   5.373
   5.142
   4.887
   4.625
   4.371
   4.152
   3.997
   3.914
   3.902
   3.942
   4.019
   4.127
   4.240
   4.362
   4.488
   4.600
   4.688
   4.759
   4.802
   4.810
   4.809
   4.805
   4.782
   4.756
   4.730
   4.698
   4.654
   4.602
   4.397
   0.000
   0.000
   2.622
   2.804
   2.873
   2.966
   3.056
   3.157
   3.263
   3.371
   3.482
   3.594
   3.696
   3.783
   3.851
   3.906
   3.957
   4.013
   4.088
   4.189
   4.308
   4.444
   4.595
   4.751
   4.905
   5.036
   5.148
   5.243
   5.317
   5.379
   5.456
   5.545
   5.640
   5.746
   5.857
   5.952
   6.004
   6.003
   5.928
   5.791
   5.611
   5.399
   5.162
   4.911
   4.668
   4.435
   4.235
   4.108
   4.053
   4.054
   4.117
   4.217
   4.327
   4.455
   4.589
   4.714
   4.818
   4.899
   4.947
   4.958
   4.955
   4.944
   4.916
   4.886
   4.851
   4.813
   4.759
   4.696
   4.478
   0.000
   0.000
   2.430
   2.598
   2.664
   2.769
   2.874
   2.981
   3.099
   3.217
   3.335
   3.448
   3.553
   3.640
   3.707
   3.763
   3.814
   3.872
   3.949
   4.048
   4.172
   4.310
   4.456
   4.608
   4.759
   4.894
   5.010
   5.115
   5.211
   5.298
   5.397
   5.511
   5.628
   5.753
   5.881
   5.999
   6.082
   6.119
   6.083
   5.981
   5.842
   5.662
   5.451
   5.227
   4.997
   4.760
   4.536
   4.356
   4.254
   4.206
   4.219
   4.290
   4.391
   4.512
   4.648
   4.788
   4.907
   5.003
   5.056
   5.072
   5.071
   5.058
   5.026
   4.986
   4.949
   4.907
   4.850
   4.783
   4.552
   0.000
   0.000
   2.198
   2.340
   2.410
   2.527
   2.646
   2.775
   2.913
   3.046
   3.177
   3.301
   3.408
   3.499
   3.566
   3.623
   3.672
   3.732
   3.809
   3.908
   4.029
   4.171
   4.317
   4.471
   4.620
   4.753
   4.870
   4.988
   5.095
   5.203
   5.325
   5.458
   5.593
   5.734
   5.882
   6.017
   6.130
   6.203
   6.211
   6.144
   6.039
   5.893
   5.711
   5.518
   5.314
   5.093
   4.864
   4.652
   4.500
   4.407
   4.369
   4.396
   4.464
   4.573
   4.701
   4.840
   4.971
   5.081
   5.147
   5.169
   5.178
   5.169
   5.132
   5.090
   5.053
   5.012
   4.953
   4.876
   4.627
   0.000
   0.000
   1.974
   2.090
   2.145
   2.256
   2.388
   2.532
   2.684
   2.841
   2.991
   3.128
   3.246
   3.344
   3.419
   3.477
   3.533
   3.590
   3.665
   3.764
   3.881
   4.018
   4.166
   4.322
   4.473
   4.611
   4.735
   4.854
   4.969
   5.096
   5.232
   5.378
   5.526
   5.681
   5.843
   5.998
   6.134
   6.239
   6.285
   6.263
   6.191
   6.076
   5.921
   5.752
   5.575
   5.375
   5.162
   4.953
   4.762
   4.625
   4.556
   4.541
   4.558
   4.635
   4.746
   4.878
   5.000
   5.119
   5.207
   5.250
   5.271
   5.269
   5.234
   5.192
   5.156
   5.114
   5.054
   4.971
   4.697
   0.000
   0.000
   1.782
   1.864
   1.894
   1.988
   2.112
   2.253
   2.411
   2.582
   2.752
   2.911
   3.047
   3.158
   3.243
   3.312
   3.373
   3.439
   3.513
   3.606
   3.718
   3.849
   3.990
   4.145
   4.303
   4.450
   4.584
   4.710
   4.840
   4.974
   5.120
   5.277
   5.435
   5.603
   5.778
   5.943
   6.095
   6.222
   6.303
   6.322
   6.294
   6.208
   6.078
   5.933
   5.779
   5.600
   5.408
   5.215
   5.025
   4.863
   4.764
   4.713
   4.695
   4.729
   4.809
   4.916
   5.039
   5.158
   5.255
   5.319
   5.357
   5.366
   5.344
   5.305
   5.268
   5.218
   5.151
   5.061
   4.754
   0.000
   0.000
   1.608
   1.678
   1.674
   1.738
   1.841
   1.969
   2.115
   2.274
   2.445
   2.617
   2.771
   2.908
   3.018
   3.105
   3.183
   3.254
   3.334
   3.428
   3.539
   3.663
   3.799
   3.947
   4.107
   4.262
   4.408
   4.546
   4.685
   4.828
   4.985
   5.149
   5.315
   5.494
   5.679
   5.852
   6.008
   6.144
   6.244
   6.293
   6.300
   6.257
   6.159
   6.036
   5.908
   5.752
   5.581
   5.415
   5.246
   5.089
   4.968
   4.895
   4.848
   4.851
   4.896
   4.975
   5.077
   5.197
   5.298
   5.377
   5.428
   5.453
   5.445
   5.414
   5.376
   5.326
   5.253
   5.143
   4.797
   0.000
 -65.534
 -65.534
   1.486
   1.510
   1.515
   1.589
   1.687
   1.814
   1.954
   2.111
   2.272
   2.428
   2.575
   2.710
   2.824
   2.930
   3.027
   3.126
   3.227
   3.341
   3.465
   3.598
   3.741
   3.893
   4.050
   4.203
   4.349
   4.501
   4.657
   4.821
   4.994
   5.167
   5.348
   5.537
   5.708
   5.862
   5.999
   6.102
   6.169
   6.205
   6.194
   6.129
   6.044
   5.944
   5.815
   5.672
   5.533
   5.391
   5.253
   5.141
   5.056
   4.999
   4.974
   4.995
   5.047
   5.132
   5.234
   5.337
   5.420
   5.481
   5.514
   5.514
   5.485
   5.452
   5.404
   5.324
   5.201
   4.816
   0.000
 -65.534
 -65.534
 -65.534
   1.343
   1.334
   1.353
   1.425
   1.522
   1.640
   1.778
   1.926
   2.072
   2.220
   2.364
   2.499
   2.625
   2.750
   2.870
   2.990
   3.123
   3.251
   3.386
   3.526
   3.675
   3.826
   3.978
   4.131
   4.290
   4.454
   4.624
   4.799
   4.978
   5.164
   5.344
   5.506
   5.676
   5.813
   5.915
   5.980
   6.022
   6.037
   6.012
   5.962
   5.899
   5.805
   5.693
   5.578
   5.467
   5.363
   5.269
   5.192
   5.136
   5.106
   5.117
   5.159
   5.218
   5.296
   5.395
   5.474
   5.536
   5.570
   5.565
   5.541
   5.502
   5.456
   5.384
   5.249
   4.822
   0.000
 -65.534
 -65.534
 -65.534
 -65.534
   1.151
   1.168
   1.206
   1.271
   1.368
   1.483
   1.612
   1.741
   1.884
   2.028
   2.171
   2.310
   2.445
   2.578
   2.715
   2.856
   2.997
   3.143
   3.289
   3.437
   3.586
   3.740
   3.894
   4.056
   4.225
   4.396
   4.569
   4.745
   4.927
   5.107
   5.276
   5.436
   5.565
   5.677
   5.748
   5.790
   5.814
   5.815
   5.808
   5.779
   5.719
   5.645
   5.571
   5.493
   5.418
   5.361
   5.308
   5.260
   5.246
   5.258
   5.287
   5.328
   5.388
   5.466
   5.538
   5.595
   5.619
   5.615
   5.587
   5.554
   5.512
   5.444
   5.319
   4.867
   0.000
 -65.534
 -65.534
 -65.534
 -65.534
   1.032
   1.026
   1.049
   1.093
   1.159
   1.247
   1.349
   1.463
   1.590
   1.719
   1.860
   2.002
   2.141
   2.276
   2.414
   2.557
   2.707
   2.856
   3.009
   3.165
   3.321
   3.477
   3.641
   3.800
   3.969
   4.140
   4.313
   4.487
   4.664
   4.840
   5.011
   5.160
   5.283
   5.386
   5.447
   5.502
   5.535
   5.554
   5.581
   5.591
   5.576
   5.542
   5.509
   5.470
   5.432
   5.406
   5.390
   5.375
   5.375
   5.391
   5.409
   5.433
   5.468
   5.521
   5.577
   5.616
   5.642
   5.641
   5.620
   5.593
   5.561
   5.506
   5.390
   4.938
   0.000
 -65.534
 -65.534
 -65.534
 -65.534
   0.963
   0.942
   0.950
   0.978
   1.023
   1.086
   1.164
   1.250
   1.349
   1.464
   1.590
   1.721
   1.854
   1.988
   2.121
   2.259
   2.399
   2.547
   2.702
   2.866
   3.029
   3.197
   3.362
   3.531
   3.699
   3.867
   4.035
   4.205
   4.380
   4.552
   4.708
   4.850
   4.970
   5.058
   5.122
   5.180
   5.235
   5.283
   5.327
   5.373
   5.395
   5.405
   5.416
   5.426
   5.427
   5.441
   5.459
   5.471
   5.482
   5.491
   5.501
   5.506
   5.518
   5.541
   5.575
   5.604
   5.628
   5.636
   5.625
   5.611
   5.580
   5.527
   5.414
   4.965
   0.000
 -65.534
 -65.534
 -65.534
 -65.534
   0.981
   0.963
   0.965
   0.977
   0.974
   1.001
   1.059
   1.117
   1.186
   1.274
   1.376
   1.487
   1.606
   1.730
   1.857
   1.988
   2.119
   2.255
   2.404
   2.571
   2.745
   2.919
   3.097
   3.268
   3.440
   3.603
   3.763
   3.925
   4.089
   4.241
   4.387
   4.519
   4.628
   4.715
   4.788
   4.854
   4.933
   5.011
   5.098
   5.173
   5.230
   5.274
   5.318
   5.360
   5.400
   5.443
   5.487
   5.517
   5.537
   5.545
   5.544
   5.537
   5.524
   5.523
   5.532
   5.551
   5.579
   5.596
   5.603
   5.589
   5.552
   5.489
   5.357
   4.902
   0.000
 -65.534
 -65.534
 -65.534
 -65.534
 -65.534
 -65.534
 -65.534
 -65.534
   1.024
   1.016
   1.022
   1.045
   1.078
   1.134
   1.209
   1.298
   1.403
   1.522
   1.646
   1.768
   1.881
   2.007
   2.149
   2.312
   2.491
   2.674
   2.859
   3.034
   3.197
   3.354
   3.499
   3.648
   3.792
   3.931
   4.060
   4.179
   4.287
   4.383
   4.467
   4.556
   4.659
   4.773
   4.901
   5.014
   5.096
   5.163
   5.232
   5.295
   5.349
   5.407
   5.471
   5.518
   5.545
   5.549
   5.539
   5.514
   5.484
   5.464
   5.458
   5.466
   5.490
   5.518
   5.529
   5.510
   5.465
   5.384
   5.240
   4.783
   0.000
 -65.534
 -65.534
 -65.534
 -65.534
 -65.534
 -65.534
   1.002
   1.149
   1.125
   1.032
   1.004
   0.996
   1.001
   1.027
   1.075
   1.147
   1.246
   1.369
   1.497
   1.612
   1.718
   1.821
   1.950
   2.109
   2.285
   2.472
   2.657
   2.832
   2.990
   3.132
   3.266
   3.392
   3.521
   3.641
   3.759
   3.870
   3.978
   4.076
   4.181
   4.299
   4.429
   4.574
   4.722
   4.856
   4.966
   5.049
   5.123
   5.188
   5.258
   5.328
   5.401
   5.460
   5.484
   5.493
   5.471
   5.435
   5.394
   5.356
   5.336
   5.338
   5.356
   5.383
   5.393
   5.370
   5.318
   5.231
   5.087
   4.597
   0.000
 -65.534
 -65.534
 -65.534
 -65.534
 -65.534
 -65.534
 -65.534
 -65.534
 -65.534
   1.121
   1.049
   1.011
   0.993
   0.985
   0.996
   1.037
   1.123
   1.253
   1.398
   1.519
   1.606
   1.700
   1.817
   1.965
   2.132
   2.316
   2.493
   2.660
   2.810
   2.945
   3.067
   3.181
   3.291
   3.402
   3.506
   3.611
   3.716
   3.822
   3.938
   4.066
   4.210
   4.368
   4.530
   4.672
   4.794
   4.887
   4.963
   5.032
   5.099
   5.168
   5.239
   5.300
   5.331
   5.334
   5.308
   5.264
   5.209
   5.159
   5.129
   5.129
   5.145
   5.167
   5.170
   5.136
   5.084
   5.008
   4.861
   4.355
   0.000
 -65.534
 -65.534
 -65.534
 -65.534
 -65.534
 -65.534
 -65.534
 -65.534
 -65.534
 -65.534
 -65.534
 -65.534
 -65.534
 -65.534
 -65.534
   1.105
   1.122
   1.193
   1.319
   1.459
   1.535
   1.627
   1.736
   1.870
   2.032
   2.199
   2.366
   2.526
   2.667
   2.790
   2.898
   3.002
   3.104
   3.207
   3.310
   3.413
   3.513
   3.615
   3.721
   3.853
   4.001
   4.157
   4.318
   4.467
   4.589
   4.687
   4.763
   4.834
   4.899
   4.963
   5.032
   5.090
   5.120
   5.119
   5.087
   5.026
   4.954
   4.893
   4.858
   4.858
   4.877
   4.891
   4.882
   4.848
   4.796
   4.709
   4.560
   4.057
   0.000
 -65.534
 -65.534
 -65.534
 -65.534
 -65.534
 -65.534
 -65.534
 -65.534
 -65.534
 -65.534
 -65.534
 -65.534
 -65.534
 -65.534
 -65.534
 -65.534
 -65.534
 -65.534
 -65.534
   1.518
   1.529
   1.596
   1.692
   1.820
   1.970
   2.125
   2.277
   2.415
   2.543
   2.658
   2.760
   2.852
   2.945
   3.041
   3.145
   3.247
   3.346
   3.446
   3.553
   3.675
   3.816
   3.968
   4.117
   4.256
   4.378
   4.469
   4.546
   4.613
   4.674
   4.734
   4.796
   4.848
   4.874
   4.859
   4.812
   4.736
   4.651
   4.587
   4.554
   4.554
   4.577
   4.578
   4.561
   4.520
   4.453
   4.363
   4.213
   3.714
   0.000
 -65.534
 -65.534
 -65.534
 -65.534
 -65.534
 -65.534
 -65.534
 -65.534
 -65.534
 -65.534
 -65.534
 -65.534
 -65.534
 -65.534
 -65.534
 -65.534
 -65.534
 -65.534
   1.435
   1.567
   1.536
   1.585
   1.673
   1.795
   1.934
   2.075
   2.210
   2.334
   2.443
   2.541
   2.631
   2.719
   2.800
   2.890
   2.989
   3.092
   3.195
   3.295
   3.399
   3.520
   3.645
   3.782
   3.919
   4.045
   4.152
   4.237
   4.306
   4.369
   4.428
   4.482
   4.532
   4.569
   4.580
   4.548
   4.491
   4.410
   4.318
   4.252
   4.220
   4.220
   4.232
   4.231
   4.202
   4.146
   4.066
   3.960
   3.806
   3.304
   0.000
 -65.534
 -65.534
 -65.534
 -65.534
 -65.534
 -65.534
 -65.534
 -65.534
 -65.534
 -65.534
 -65.534
 -65.534
 -65.534
 -65.534
 -65.534
 -65.534
 -65.534
   1.378
   1.563
   1.542
   1.536
   1.571
   1.645
   1.760
   1.887
   2.017
   2.140
   2.249
   2.343
   2.425
   2.505
   2.583
   2.655
   2.729
   2.817
   2.914
   3.014
   3.112
   3.212
   3.323
   3.445
   3.575
   3.700
   3.814
   3.909
   3.981
   4.041
   4.100
   4.146
   4.190
   4.230
   4.256
   4.255
   4.215
   4.148
   4.064
   3.976
   3.912
   3.885
   3.880
   3.883
   3.876
   3.840
   3.766
   3.667
   3.540
   3.366
   2.861
   0.000
 -65.534
 -65.534
 -65.534
 -65.534
 -65.534
 -65.534
 -65.534
 -65.534
 -65.534
 -65.534
 -65.534
 -65.534
 -65.534
 -65.534
 -65.534
 -65.534
 -65.534
   1.517
   1.551
   1.531
   1.536
   1.556
   1.608
   1.698
   1.818
   1.931
   2.041
   2.136
   2.220
   2.294
   2.365
   2.435
   2.493
   2.553
   2.620
   2.700
   2.788
   2.878
   2.968
   3.071
   3.189
   3.313
   3.435
   3.538
   3.617
   3.681
   3.737
   3.797
   3.841
   3.875
   3.900
   3.927
   3.925
   3.889
   3.835
   3.759
   3.676
   3.613
   3.582
   3.563
   3.550
   3.528
   3.480
   3.398
   3.286
   3.145
   2.952
   2.422
   0.000
 -65.534
 -65.534
 -65.534
 -65.534
 -65.534
 -65.534
 -65.534
 -65.534
 -65.534
 -65.534
 -65.534
 -65.534
 -65.534
 -65.534
 -65.534
 -65.534
 -65.534
   1.570
   1.560
   1.549
   1.543
   1.552
   1.575
   1.632
   1.730
   1.821
   1.909
   1.993
   2.066
   2.137
   2.202
   2.262
   2.310
   2.352
   2.403
   2.462
   2.532
   2.610
   2.696
   2.787
   2.892
   3.003
   3.114
   3.207
   3.280
   3.344
   3.405
   3.464
   3.512
   3.543
   3.568
   3.589
   3.590
   3.570
   3.539
   3.485
   3.412
   3.356
   3.317
   3.284
   3.248
   3.202
   3.140
   3.045
   2.900
   2.740
   2.516
   1.998
   0.000
 -65.534
 -65.534
 -65.534
 -65.534
 -65.534
 -65.534
 -65.534
 -65.534
 -65.534
 -65.534
 -65.534
 -65.534
 -65.534
 -65.534
 -65.534
 -65.534
 -65.534
   1.628
   1.590
   1.577
   1.568
   1.555
   1.555
   1.573
   1.623
   1.699
   1.762
   1.827
   1.891
   1.955
   2.011
   2.066
   2.103
   2.139
   2.175
   2.222
   2.281
   2.354
   2.435
   2.516
   2.604
   2.695
   2.784
   2.869
   2.939
   3.005
   3.069
   3.130
   3.178
   3.211
   3.235
   3.260
   3.268
   3.264
   3.254
   3.227
   3.175
   3.119
   3.075
   3.029
   2.980
   2.915
   2.830
   2.712
   2.554
   2.368
   2.123
   1.598
   0.000
 -65.534
 -65.534
 -65.534
 -65.534
 -65.534
 -65.534
 -65.534
 -65.534
 -65.534
 -65.534
 -65.534
 -65.534
 -65.534
 -65.534
 -65.534
 -65.534
 -65.534
 -65.534
   1.626
   1.593
   1.575
   1.556
   1.532
   1.523
   1.533
   1.567
   1.605
   1.648
   1.698
   1.750
   1.800
   1.843
   1.874
   1.907
   1.939
   1.983
   2.049
   2.119
   2.201
   2.281
   2.350
   2.416
   2.484
   2.552
   2.616
   2.680
   2.740
   2.796
   2.844
   2.876
   2.901
   2.923
   2.934
   2.937
   2.940
   2.932
   2.902
   2.866
   2.825
   2.779
   2.723
   2.649
   2.543
   2.406
   2.239
   2.025
   1.754
   1.231
   0.000
 -65.534
 -65.534
 -65.534
 -65.534
 -65.534
 -65.534
 -65.534
 -65.534
 -65.534
 -65.534
 -65.534
 -65.534
 -65.534
 -65.534
 -65.534
 -65.534
 -65.534
 -65.534
 -65.534
   1.597
   1.557
   1.531
   1.507
   1.477
   1.462
   1.453
   1.458
   1.468
   1.492
   1.512
   1.539
   1.567
   1.596
   1.627
   1.678
   1.747
   1.798
   1.881
   1.954
   2.044
   2.132
   2.187
   2.237
   2.284
   2.335
   2.388
   2.441
   2.487
   2.524
   2.551
   2.563
   2.580
   2.584
   2.584
   2.588
   2.587
   2.577
   2.559
   2.535
   2.497
   2.444
   2.367
   2.252
   2.099
   1.919
   1.698
   1.412
   0.906
   0.000
 -65.534
 -65.534
 -65.534
 -65.534
 -65.534
 -65.534
 -65.534
 -65.534
 -65.534
 -65.534
 -65.534
 -65.534
 -65.534
 -65.534
 -65.534
 -65.534
 -65.534
 -65.534
 -65.534
 -65.534
   1.526
   1.491
   1.451
   1.423
   1.383
   1.356
   1.331
   1.302
   1.272
   1.240
   1.214
   1.185
   1.144
   1.073
   0.934
   0.597
 -65.534
 -65.534
 -65.534
 -65.534
   2.098
   2.110
   2.112
   2.104
   2.119
   2.147
   2.176
   2.199
   2.215
   2.223
   2.229
   2.237
   2.233
   2.231
   2.232
   2.231
   2.220
   2.211
   2.196
   2.165
   2.115
   2.030
   1.914
   1.762
   1.583
   1.371
   1.095
   0.625
   0.000
 -65.534
 -65.534
 -65.534
 -65.534
 -65.534
 -65.534
 -65.534
 -65.534
 -65.534
 -65.534
 -65.534
 -65.534
 -65.534
 -65.534
 -65.534
 -65.534
 -65.534
 -65.534
 -65.534
 -65.534
 -65.534
 -65.534
 -65.534
 -65.534
   1.361
   1.263
   1.207
   1.142
   1.076
   0.996
   0.918
   0.830
   0.732
   0.591
   0.376
   0.062
 -65.534
 -65.534
 -65.534
 -65.534
 -65.534
 -65.534
   2.007
   1.979
   1.948
   1.945
   1.929
   1.924
   1.920
   1.916
   1.910
   1.903
   1.895
   1.889
   1.881
   1.869
   1.850
   1.833
   1.813
   1.776
   1.714
   1.626
   1.511
   1.367
   1.200
   1.010
   0.754
   0.331
   0.000
 -65.534
 -65.534
 -65.534
 -65.534
 -65.534
 -65.534
 -65.534
 -65.534
 -65.534
 -65.534
 -65.534
 -65.534
 -65.534
 -65.534
 -65.534
 -65.534
 -65.534
 -65.534
 -65.534
 -65.534
 -65.534
 -65.534
 -65.534
 -65.534
   1.277
   1.169
   1.083
   0.994
   0.894
   0.780
   0.666
   0.548
   0.420
   0.263
   0.083
  -0.105
 -65.534
 -65.534
 -65.534
 -65.534
 -65.534
 -65.534
 -65.534
   1.809
   1.776
   1.732
   1.706
   1.670
   1.644
   1.616
   1.602
   1.593
   1.583
   1.568
   1.547
   1.515
   1.475
   1.434
   1.396
   1.348
   1.280
   1.189
   1.076
   0.942
   0.787
   0.607
   0.381
   0.012
   0.000
 -65.534
 -65.534
 -65.534
 -65.534
 -65.534
 -65.534
 -65.534
 -65.534
 -65.534
 -65.534
 -65.534
 -65.534
 -65.534
 -65.534
 -65.534
 -65.534
 -65.534
 -65.534
 -65.534
 -65.534
 -65.534
 -65.534
 -65.534
 -65.534
 -65.534
 -65.534
 -65.534
 -65.534
 -65.534
   0.749
   0.511
   0.374
   0.236
   0.093
  -0.042
  -0.178
  -0.377
 -65.534
 -65.534
 -65.534
 -65.534
 -65.534
 -65.534
   1.232
   0.884
 -65.534
   1.463
   1.438
   1.415
   1.403
   1.382
   1.366
   1.341
   1.308
   1.258
   1.195
   1.127
   1.064
   1.004
   0.939
   0.857
   0.760
   0.642
   0.508
   0.359
   0.189
  -0.015
  -0.336
   0.000
 -65.534
 -65.534
 -65.534
 -65.534
 -65.534
 -65.534
 -65.534
 -65.534
 -65.534
 -65.534
 -65.534
 -65.534
 -65.534
 -65.534
 -65.534
 -65.534
 -65.534
 -65.534
 -65.534
 -65.534
 -65.534
 -65.534
 -65.534
 -65.534
 -65.534
 -65.534
 -65.534
 -65.534
 -65.534
 -65.534
 -65.534
 -65.534
   0.294
   0.063
  -0.065
  -0.176
  -0.396
  -0.412
 -65.534
 -65.534
 -65.534
 -65.534
 -65.534
 -65.534
 -65.534
 -65.534
 -65.534
 -65.534
 -65.534
   1.228
   1.212
   1.188
   1.170
   1.114
   1.034
   0.932
   0.838
   0.751
   0.666
   0.580
   0.479
   0.367
   0.241
   0.105
  -0.046
  -0.217
  -0.420
  -0.715
   0.000
 -65.534
 -65.534
 -65.534
 -65.534
 -65.534
 -65.534
 -65.534
 -65.534
 -65.534
 -65.534
 -65.534
 -65.534
 -65.534
 -65.534
 -65.534
 -65.534
 -65.534
 -65.534
 -65.534
 -65.534
 -65.534
 -65.534
 -65.534
 -65.534
 -65.534
 -65.534
 -65.534
 -65.534
 -65.534
 -65.534
 -65.534
 -65.534
   0.287
   0.076
  -0.055
  -0.172
  -0.348
  -0.458
  -0.438
  -0.371
 -65.534
 -65.534
 -65.534
 -65.534
 -65.534
 -65.534
 -65.534
 -65.534
 -65.534
 -65.534
 -65.534
 -65.534
   0.995
   0.932
   0.833
   0.705
   0.597
   0.486
   0.378
   0.267
   0.145
   0.016
  -0.119
  -0.269
  -0.429
  -0.585
  -0.768
  -1.037
   0.000
 -65.534
 -65.534
 -65.534
 -65.534
 -65.534
 -65.534
 -65.534
 -65.534
 -65.534
 -65.534
 -65.534
 -65.534
 -65.534
 -65.534
 -65.534
 -65.534
 -65.534
 -65.534
 -65.534
 -65.534
 -65.534
 -65.534
 -65.534
 -65.534
 -65.534
 -65.534
 -65.534
 -65.534
 -65.534
 -65.534
 -65.534
 -65.534
 -65.534
 -65.534
 -65.534
 -65.534
  -0.164
  -0.348
  -0.428
  -0.463
  -0.422
  -0.389
  -0.385
  -0.423
  -0.470
 -65.534
 -65.534
 -65.534
 -65.534
 -65.534
 -65.534
 -65.534
 -65.534
 -65.534
 -65.534
   0.522
   0.404
   0.288
   0.158
   0.000
  -0.152
  -0.292
  -0.436
  -0.598
  -0.762
  -0.913
  -1.082
  -1.325
   0.000
 -65.534
 -65.534
 -65.534
 -65.534
 -65.534
 -65.534
 -65.534
 -65.534
 -65.534
 -65.534
 -65.534
 -65.534
 -65.534
 -65.534
 -65.534
 -65.534
 -65.534
 -65.534
 -65.534
 -65.534
 -65.534
 -65.534
 -65.534
 -65.534
 -65.534
 -65.534
 -65.534
 -65.534
 -65.534
 -65.534
 -65.534
 -65.534
 -65.534
 -65.534
 -65.534
 -65.534
 -65.534
 -65.534
 -65.534
 -65.534
  -0.313
 -65.534
 -65.534
 -65.534
 -65.534
 -65.534
 -65.534
 -65.534
 -65.534
 -65.534
 -65.534
 -65.534
 -65.534
 -65.534
 -65.534
   0.217
   0.154
   0.084
  -0.024
  -0.198
  -0.372
  -0.538
  -0.694
  -0.855
  -1.022
  -1.168
  -1.332
  -1.564
   0.000
 -65.534
 -65.534
 -65.534
 -65.534
 -65.534
 -65.534
 -65.534
 -65.534
 -65.534
 -65.534
 -65.534
 -65.534
 -65.534
 -65.534
 -65.534
 -65.534
 -65.534
 -65.534
 -65.534
 -65.534
 -65.534
 -65.534
 -65.534
 -65.534
 -65.534
 -65.534
 -65.534
 -65.534
 -65.534
 -65.534
 -65.534
 -65.534
 -65.534
 -65.534
 -65.534
 -65.534
 -65.534
 -65.534
 -65.534
 -65.534
 -65.534
 -65.534
 -65.534
 -65.534
 -65.534
 -65.534
 -65.534
 -65.534
 -65.534
 -65.534
 -65.534
 -65.534
 -65.534
 -65.534
 -65.534
 -65.534
 -65.534
 -65.534
 -65.534
  -0.219
  -0.518
  -0.706
  -0.874
  -1.028
  -1.179
  -1.336
  -1.484
  -1.697
   0.000
 -65.534
 -65.534
 -65.534
 -65.534
 -65.534
 -65.534
 -65.534
 -65.534
 -65.534
 -65.534
 -65.534
 -65.534
 -65.534
 -65.534
 -65.534
 -65.534
 -65.534
 -65.534
 -65.534
 -65.534
 -65.534
 -65.534
 -65.534
 -65.534
 -65.534
 -65.534
 -65.534
 -65.534
 -65.534
 -65.534
 -65.534
 -65.534
 -65.534
 -65.534
 -65.534
 -65.534
 -65.534
 -65.534
 -65.534
 -65.534
 -65.534
 -65.534
 -65.534
 -65.534
 -65.534
 -65.534
 -65.534
 -65.534
 -65.534
 -65.534
 -65.534
 -65.534
 -65.534
 -65.534
 -65.534
 -65.534
 -65.534
 -65.534
 -65.534
 -65.534
 -65.534
   0.000
   0.000
   0.000
   0.000
   0.000
   0.000
   0.000
 -65.534
