 -65.534
   0.000
   0.000
   0.000
   0.000
   0.000
   0.000
   0.000
   0.000
   0.000
   0.000
   0.000
   0.000
   0.000
   0.000
   0.000
   0.000
   0.000
   0.000
   0.000
   0.000
   0.000
   0.000
   0.000
   0.000
   0.000
   0.000
   0.000
   0.000
   0.000
   0.000
   0.000
   0.000
   0.000
   0.000
   0.000
   0.000
   0.000
   0.000
   0.000
   0.000
   0.000
   0.000
   0.000
   0.000
   0.000
   0.000
   0.000
   0.000
   0.000
   0.000
   0.000
   0.000
   0.000
   0.000
   0.000
   0.000
   0.000
   0.000
   0.000
   0.000
   0.000
   0.000
   0.000
   0.000
   0.000
   0.000
   0.000
 -65.534
   0.000
   0.959
   1.061
   1.112
   1.175
   1.235
   1.288
   1.337
   1.382
   1.427
   1.471
   1.515
   1.564
   1.612
   1.658
   1.704
   1.738
   1.768
   1.796
   1.816
   1.831
   1.839
   1.845
   1.842
   1.849
   1.854
   1.856
   1.848
   1.821
   1.795
   1.768
   1.741
   1.714
   1.683
   1.651
   1.614
   1.580
   1.542
   1.508
   1.476
   1.456
   1.452
   1.455
   1.444
   1.415
   1.374
   1.335
   1.305
   1.290
   1.287
   1.290
   1.294
   1.300
   1.300
   1.310
   1.309
   1.300
   1.287
   1.266
   1.248
   1.229
   1.210
   1.193
   1.176
   1.160
   1.155
   1.166
   1.152
   0.000
   0.000
   1.083
   1.178
   1.219
   1.280
   1.341
   1.402
   1.458
   1.509
   1.558
   1.607
   1.662
   1.719
   1.770
   1.812
   1.852
   1.886
   1.915
   1.939
   1.960
   1.975
   1.983
   1.988
   1.986
   1.989
   1.986
   1.981
   1.969
   1.951
   1.928
   1.906
   1.887
   1.865
   1.838
   1.800
   1.764
   1.719
   1.675
   1.627
   1.590
   1.566
   1.558
   1.558
   1.551
   1.522
   1.479
   1.443
   1.424
   1.419
   1.426
   1.437
   1.450
   1.465
   1.478
   1.487
   1.491
   1.491
   1.482
   1.468
   1.450
   1.435
   1.420
   1.402
   1.389
   1.379
   1.373
   1.379
   1.365
   0.000
   0.000
   1.108
   1.195
   1.231
   1.286
   1.344
   1.406
   1.466
   1.520
   1.571
   1.624
   1.677
   1.729
   1.780
   1.819
   1.854
   1.881
   1.905
   1.925
   1.944
   1.958
   1.967
   1.976
   1.981
   1.979
   1.978
   1.975
   1.963
   1.945
   1.926
   1.910
   1.894
   1.879
   1.863
   1.831
   1.796
   1.751
   1.699
   1.649
   1.605
   1.579
   1.566
   1.559
   1.550
   1.526
   1.491
   1.460
   1.447
   1.451
   1.459
   1.472
   1.487
   1.503
   1.522
   1.535
   1.546
   1.551
   1.547
   1.530
   1.517
   1.502
   1.489
   1.477
   1.472
   1.472
   1.474
   1.486
   1.469
   0.000
   0.000
   1.127
   1.210
   1.240
   1.284
   1.336
   1.392
   1.449
   1.502
   1.555
   1.608
   1.659
   1.710
   1.756
   1.790
   1.817
   1.838
   1.854
   1.869
   1.885
   1.898
   1.910
   1.924
   1.934
   1.936
   1.937
   1.937
   1.929
   1.917
   1.902
   1.888
   1.874
   1.862
   1.849
   1.825
   1.792
   1.747
   1.694
   1.640
   1.597
   1.569
   1.552
   1.542
   1.533
   1.515
   1.493
   1.472
   1.466
   1.469
   1.477
   1.490
   1.506
   1.524
   1.544
   1.561
   1.577
   1.582
   1.580
   1.568
   1.556
   1.546
   1.538
   1.536
   1.539
   1.549
   1.563
   1.582
   1.559
   0.000
   0.000
   1.143
   1.224
   1.249
   1.287
   1.328
   1.377
   1.427
   1.479
   1.530
   1.579
   1.624
   1.665
   1.701
   1.727
   1.746
   1.758
   1.770
   1.782
   1.794
   1.810
   1.826
   1.842
   1.858
   1.874
   1.883
   1.888
   1.884
   1.874
   1.863
   1.849
   1.834
   1.824
   1.811
   1.791
   1.758
   1.712
   1.661
   1.609
   1.564
   1.538
   1.522
   1.513
   1.506
   1.494
   1.479
   1.469
   1.469
   1.478
   1.486
   1.497
   1.512
   1.530
   1.549
   1.563
   1.577
   1.586
   1.584
   1.577
   1.572
   1.571
   1.572
   1.579
   1.595
   1.616
   1.638
   1.663
   1.638
   0.000
   0.000
   1.159
   1.238
   1.261
   1.292
   1.325
   1.365
   1.410
   1.458
   1.503
   1.545
   1.582
   1.614
   1.638
   1.653
   1.660
   1.667
   1.672
   1.681
   1.694
   1.709
   1.730
   1.755
   1.781
   1.804
   1.819
   1.830
   1.832
   1.825
   1.814
   1.800
   1.785
   1.768
   1.754
   1.735
   1.702
   1.661
   1.612
   1.565
   1.525
   1.497
   1.486
   1.479
   1.473
   1.462
   1.449
   1.440
   1.447
   1.460
   1.474
   1.489
   1.507
   1.523
   1.540
   1.553
   1.567
   1.574
   1.576
   1.570
   1.571
   1.582
   1.593
   1.609
   1.632
   1.663
   1.698
   1.730
   1.705
   0.000
   0.000
   1.164
   1.247
   1.274
   1.301
   1.327
   1.360
   1.396
   1.438
   1.477
   1.515
   1.544
   1.568
   1.584
   1.591
   1.591
   1.590
   1.592
   1.596
   1.604
   1.617
   1.637
   1.666
   1.696
   1.724
   1.746
   1.761
   1.768
   1.762
   1.753
   1.739
   1.720
   1.699
   1.677
   1.655
   1.625
   1.589
   1.552
   1.514
   1.481
   1.459
   1.451
   1.443
   1.437
   1.425
   1.407
   1.397
   1.401
   1.416
   1.439
   1.462
   1.485
   1.506
   1.524
   1.537
   1.549
   1.556
   1.555
   1.558
   1.566
   1.576
   1.597
   1.623
   1.657
   1.697
   1.739
   1.778
   1.760
   0.000
   0.000
   1.161
   1.251
   1.281
   1.309
   1.335
   1.357
   1.387
   1.421
   1.458
   1.490
   1.514
   1.531
   1.542
   1.543
   1.539
   1.532
   1.528
   1.529
   1.532
   1.541
   1.558
   1.584
   1.613
   1.642
   1.663
   1.680
   1.689
   1.686
   1.676
   1.664
   1.645
   1.621
   1.598
   1.571
   1.544
   1.516
   1.487
   1.461
   1.439
   1.428
   1.419
   1.415
   1.407
   1.393
   1.371
   1.354
   1.354
   1.369
   1.392
   1.421
   1.451
   1.480
   1.502
   1.518
   1.530
   1.535
   1.536
   1.534
   1.549
   1.566
   1.593
   1.625
   1.669
   1.719
   1.771
   1.818
   1.804
   0.000
   0.000
   1.142
   1.240
   1.278
   1.311
   1.333
   1.355
   1.382
   1.409
   1.440
   1.470
   1.491
   1.505
   1.512
   1.510
   1.501
   1.491
   1.484
   1.481
   1.481
   1.487
   1.501
   1.520
   1.543
   1.566
   1.583
   1.599
   1.607
   1.607
   1.601
   1.591
   1.572
   1.547
   1.524
   1.501
   1.475
   1.454
   1.432
   1.413
   1.407
   1.403
   1.400
   1.396
   1.389
   1.375
   1.354
   1.333
   1.328
   1.340
   1.357
   1.377
   1.412
   1.445
   1.473
   1.490
   1.503
   1.508
   1.509
   1.511
   1.526
   1.554
   1.586
   1.628
   1.679
   1.735
   1.794
   1.853
   1.853
   0.000
   0.000
   1.113
   1.219
   1.268
   1.307
   1.331
   1.347
   1.369
   1.398
   1.424
   1.449
   1.469
   1.481
   1.488
   1.484
   1.474
   1.462
   1.455
   1.447
   1.446
   1.448
   1.460
   1.474
   1.492
   1.506
   1.519
   1.527
   1.533
   1.539
   1.538
   1.531
   1.516
   1.497
   1.477
   1.457
   1.438
   1.420
   1.400
   1.386
   1.385
   1.387
   1.390
   1.385
   1.376
   1.366
   1.349
   1.328
   1.318
   1.322
   1.331
   1.343
   1.380
   1.411
   1.436
   1.450
   1.466
   1.472
   1.474
   1.481
   1.506
   1.544
   1.588
   1.636
   1.694
   1.756
   1.825
   1.892
   1.901
   0.000
   0.000
   1.082
   1.191
   1.243
   1.283
   1.309
   1.337
   1.360
   1.381
   1.407
   1.431
   1.453
   1.465
   1.466
   1.466
   1.458
   1.449
   1.435
   1.427
   1.421
   1.421
   1.429
   1.441
   1.452
   1.462
   1.469
   1.477
   1.484
   1.488
   1.494
   1.496
   1.489
   1.478
   1.463
   1.450
   1.434
   1.417
   1.400
   1.386
   1.381
   1.384
   1.386
   1.382
   1.367
   1.351
   1.338
   1.323
   1.315
   1.312
   1.313
   1.320
   1.350
   1.376
   1.398
   1.411
   1.419
   1.425
   1.435
   1.453
   1.490
   1.541
   1.596
   1.658
   1.724
   1.795
   1.870
   1.944
   1.959
   0.000
   0.000
   1.014
   1.165
   1.216
   1.255
   1.283
   1.314
   1.342
   1.368
   1.392
   1.416
   1.432
   1.447
   1.455
   1.456
   1.450
   1.437
   1.422
   1.412
   1.405
   1.405
   1.407
   1.414
   1.424
   1.433
   1.442
   1.451
   1.460
   1.469
   1.478
   1.486
   1.487
   1.486
   1.478
   1.471
   1.459
   1.445
   1.424
   1.408
   1.399
   1.398
   1.395
   1.387
   1.368
   1.345
   1.327
   1.315
   1.302
   1.297
   1.296
   1.304
   1.328
   1.351
   1.365
   1.369
   1.371
   1.375
   1.394
   1.429
   1.480
   1.545
   1.618
   1.693
   1.771
   1.855
   1.938
   2.011
   2.023
   0.000
 -65.534
 -65.534
   1.047
   1.173
   1.212
   1.249
   1.282
   1.315
   1.346
   1.371
   1.395
   1.414
   1.423
   1.430
   1.431
   1.427
   1.418
   1.409
   1.393
   1.386
   1.383
   1.386
   1.393
   1.404
   1.415
   1.430
   1.444
   1.457
   1.469
   1.483
   1.497
   1.506
   1.511
   1.511
   1.504
   1.493
   1.479
   1.462
   1.443
   1.431
   1.422
   1.414
   1.401
   1.375
   1.346
   1.320
   1.299
   1.284
   1.276
   1.274
   1.280
   1.294
   1.312
   1.317
   1.319
   1.322
   1.328
   1.358
   1.408
   1.480
   1.559
   1.648
   1.747
   1.842
   1.936
   2.021
   2.092
   2.098
   0.000
 -65.534
 -65.534
 -65.534
   1.035
   1.159
   1.204
   1.249
   1.284
   1.313
   1.338
   1.360
   1.378
   1.386
   1.391
   1.392
   1.389
   1.382
   1.374
   1.366
   1.361
   1.357
   1.359
   1.370
   1.386
   1.406
   1.429
   1.450
   1.470
   1.486
   1.503
   1.519
   1.533
   1.541
   1.542
   1.534
   1.530
   1.517
   1.499
   1.479
   1.465
   1.453
   1.443
   1.420
   1.385
   1.349
   1.310
   1.279
   1.258
   1.250
   1.243
   1.246
   1.256
   1.265
   1.262
   1.259
   1.268
   1.293
   1.330
   1.394
   1.479
   1.578
   1.682
   1.789
   1.898
   2.002
   2.091
   2.171
   2.175
   0.000
 -65.534
 -65.534
 -65.534
 -65.534
   1.060
   1.150
   1.200
   1.239
   1.268
   1.294
   1.318
   1.331
   1.336
   1.336
   1.336
   1.333
   1.330
   1.326
   1.321
   1.317
   1.318
   1.326
   1.340
   1.364
   1.390
   1.423
   1.454
   1.482
   1.503
   1.521
   1.540
   1.552
   1.561
   1.562
   1.559
   1.555
   1.544
   1.537
   1.517
   1.499
   1.486
   1.469
   1.440
   1.396
   1.349
   1.304
   1.261
   1.231
   1.216
   1.207
   1.206
   1.210
   1.212
   1.215
   1.216
   1.234
   1.274
   1.328
   1.405
   1.502
   1.607
   1.717
   1.829
   1.940
   2.045
   2.144
   2.229
   2.239
   0.000
 -65.534
 -65.534
 -65.534
 -65.534
   0.990
   1.086
   1.141
   1.180
   1.209
   1.239
   1.265
   1.280
   1.285
   1.287
   1.285
   1.278
   1.273
   1.268
   1.264
   1.260
   1.263
   1.274
   1.292
   1.319
   1.355
   1.394
   1.434
   1.468
   1.494
   1.517
   1.536
   1.549
   1.558
   1.564
   1.566
   1.567
   1.563
   1.557
   1.538
   1.523
   1.506
   1.486
   1.451
   1.402
   1.347
   1.294
   1.246
   1.208
   1.184
   1.170
   1.163
   1.163
   1.170
   1.176
   1.196
   1.232
   1.287
   1.357
   1.441
   1.542
   1.648
   1.757
   1.865
   1.973
   2.070
   2.170
   2.258
   2.274
   0.000
 -65.534
 -65.534
 -65.534
 -65.534
   0.923
   1.018
   1.074
   1.112
   1.142
   1.175
   1.204
   1.224
   1.235
   1.238
   1.236
   1.230
   1.218
   1.210
   1.204
   1.203
   1.205
   1.215
   1.232
   1.255
   1.285
   1.324
   1.369
   1.410
   1.447
   1.476
   1.500
   1.515
   1.526
   1.537
   1.545
   1.553
   1.560
   1.557
   1.542
   1.521
   1.496
   1.466
   1.439
   1.392
   1.333
   1.274
   1.221
   1.177
   1.148
   1.129
   1.117
   1.121
   1.135
   1.155
   1.194
   1.247
   1.314
   1.399
   1.495
   1.596
   1.700
   1.802
   1.903
   1.997
   2.087
   2.180
   2.266
   2.287
   0.000
 -65.534
 -65.534
 -65.534
 -65.534
   0.814
   0.893
   0.952
   1.003
   1.063
   1.093
   1.129
   1.157
   1.175
   1.184
   1.185
   1.176
   1.167
   1.160
   1.156
   1.149
   1.148
   1.154
   1.164
   1.182
   1.204
   1.235
   1.274
   1.318
   1.360
   1.396
   1.426
   1.446
   1.462
   1.477
   1.492
   1.508
   1.522
   1.527
   1.517
   1.493
   1.463
   1.428
   1.394
   1.347
   1.297
   1.247
   1.195
   1.148
   1.115
   1.090
   1.077
   1.084
   1.107
   1.143
   1.191
   1.259
   1.343
   1.441
   1.548
   1.658
   1.763
   1.860
   1.947
   2.029
   2.109
   2.197
   2.283
   2.302
   0.000
 -65.534
 -65.534
 -65.534
 -65.534
 -65.534
 -65.534
 -65.534
 -65.534
   0.909
   0.988
   1.035
   1.071
   1.101
   1.118
   1.125
   1.121
   1.119
   1.117
   1.116
   1.114
   1.109
   1.103
   1.101
   1.109
   1.126
   1.147
   1.178
   1.214
   1.251
   1.289
   1.324
   1.352
   1.372
   1.391
   1.410
   1.431
   1.449
   1.459
   1.454
   1.437
   1.410
   1.378
   1.339
   1.298
   1.258
   1.211
   1.161
   1.116
   1.089
   1.067
   1.058
   1.066
   1.095
   1.139
   1.198
   1.274
   1.370
   1.478
   1.599
   1.718
   1.831
   1.928
   2.004
   2.077
   2.151
   2.233
   2.316
   2.336
   0.000
 -65.534
 -65.534
 -65.534
 -65.534
 -65.534
 -65.534
   0.519
   0.599
   0.792
   0.888
   0.939
   0.984
   1.022
   1.048
   1.064
   1.070
   1.077
   1.084
   1.089
   1.087
   1.077
   1.065
   1.058
   1.054
   1.054
   1.071
   1.095
   1.124
   1.158
   1.194
   1.224
   1.248
   1.270
   1.291
   1.313
   1.334
   1.355
   1.366
   1.368
   1.360
   1.340
   1.313
   1.284
   1.254
   1.221
   1.178
   1.135
   1.103
   1.074
   1.052
   1.047
   1.061
   1.095
   1.146
   1.213
   1.297
   1.398
   1.514
   1.640
   1.765
   1.881
   1.980
   2.059
   2.129
   2.204
   2.281
   2.363
   2.374
   0.000
 -65.534
 -65.534
 -65.534
 -65.534
 -65.534
 -65.534
 -65.534
 -65.534
 -65.534
   0.756
   0.815
   0.863
   0.903
   0.939
   0.973
   1.019
   1.036
   1.053
   1.067
   1.067
   1.053
   1.038
   1.028
   1.028
   1.033
   1.038
   1.047
   1.069
   1.090
   1.113
   1.134
   1.156
   1.177
   1.196
   1.213
   1.234
   1.253
   1.265
   1.273
   1.270
   1.263
   1.250
   1.232
   1.208
   1.183
   1.152
   1.118
   1.093
   1.070
   1.062
   1.066
   1.086
   1.124
   1.180
   1.250
   1.338
   1.441
   1.557
   1.678
   1.794
   1.909
   2.011
   2.102
   2.181
   2.257
   2.334
   2.411
   2.404
   0.000
 -65.534
 -65.534
 -65.534
 -65.534
 -65.534
 -65.534
 -65.534
 -65.534
 -65.534
 -65.534
 -65.534
 -65.534
 -65.534
 -65.534
 -65.534
   0.848
   0.929
   0.972
   1.009
   1.047
   1.038
   1.028
   1.026
   1.032
   1.042
   1.053
   1.061
   1.064
   1.071
   1.080
   1.086
   1.091
   1.096
   1.106
   1.118
   1.136
   1.154
   1.170
   1.196
   1.205
   1.203
   1.196
   1.181
   1.167
   1.151
   1.133
   1.114
   1.098
   1.088
   1.085
   1.091
   1.114
   1.154
   1.215
   1.293
   1.384
   1.486
   1.595
   1.704
   1.808
   1.912
   2.018
   2.124
   2.214
   2.293
   2.369
   2.438
   2.417
   0.000
 -65.534
 -65.534
 -65.534
 -65.534
 -65.534
 -65.534
 -65.534
 -65.534
 -65.534
 -65.534
 -65.534
 -65.534
 -65.534
 -65.534
 -65.534
 -65.534
 -65.534
 -65.534
 -65.534
   0.948
   1.011
   1.030
   1.048
   1.069
   1.086
   1.100
   1.111
   1.114
   1.108
   1.093
   1.081
   1.069
   1.057
   1.050
   1.055
   1.067
   1.085
   1.103
   1.127
   1.146
   1.154
   1.153
   1.147
   1.140
   1.131
   1.121
   1.113
   1.109
   1.113
   1.117
   1.130
   1.155
   1.200
   1.261
   1.336
   1.420
   1.517
   1.615
   1.711
   1.795
   1.891
   2.001
   2.112
   2.213
   2.298
   2.372
   2.436
   2.401
   0.000
 -65.534
 -65.534
 -65.534
 -65.534
 -65.534
 -65.534
 -65.534
 -65.534
 -65.534
 -65.534
 -65.534
 -65.534
 -65.534
 -65.534
 -65.534
 -65.534
 -65.534
 -65.534
   0.822
   0.987
   1.034
   1.065
   1.092
   1.123
   1.149
   1.167
   1.178
   1.180
   1.172
   1.151
   1.122
   1.092
   1.065
   1.045
   1.036
   1.042
   1.058
   1.075
   1.095
   1.110
   1.127
   1.136
   1.137
   1.134
   1.127
   1.119
   1.116
   1.118
   1.132
   1.153
   1.179
   1.213
   1.257
   1.315
   1.375
   1.443
   1.527
   1.614
   1.692
   1.767
   1.856
   1.961
   2.069
   2.176
   2.269
   2.344
   2.406
   2.361
   0.000
 -65.534
 -65.534
 -65.534
 -65.534
 -65.534
 -65.534
 -65.534
 -65.534
 -65.534
 -65.534
 -65.534
 -65.534
 -65.534
 -65.534
 -65.534
 -65.534
 -65.534
   0.865
   0.991
   1.060
   1.094
   1.122
   1.154
   1.186
   1.213
   1.234
   1.249
   1.253
   1.248
   1.230
   1.199
   1.158
   1.122
   1.089
   1.068
   1.065
   1.067
   1.078
   1.092
   1.108
   1.126
   1.146
   1.159
   1.166
   1.164
   1.157
   1.148
   1.150
   1.169
   1.197
   1.230
   1.269
   1.310
   1.356
   1.401
   1.460
   1.525
   1.592
   1.654
   1.722
   1.801
   1.896
   2.000
   2.109
   2.204
   2.291
   2.353
   2.305
   0.000
 -65.534
 -65.534
 -65.534
 -65.534
 -65.534
 -65.534
 -65.534
 -65.534
 -65.534
 -65.534
 -65.534
 -65.534
 -65.534
 -65.534
 -65.534
 -65.534
 -65.534
   0.996
   1.072
   1.120
   1.151
   1.178
   1.212
   1.244
   1.267
   1.286
   1.302
   1.310
   1.312
   1.302
   1.277
   1.234
   1.192
   1.156
   1.124
   1.104
   1.099
   1.098
   1.106
   1.121
   1.144
   1.173
   1.202
   1.222
   1.232
   1.229
   1.216
   1.213
   1.226
   1.252
   1.285
   1.312
   1.342
   1.375
   1.406
   1.442
   1.493
   1.545
   1.593
   1.648
   1.721
   1.811
   1.909
   2.006
   2.102
   2.193
   2.260
   2.230
   0.000
 -65.534
 -65.534
 -65.534
 -65.534
 -65.534
 -65.534
 -65.534
 -65.534
 -65.534
 -65.534
 -65.534
 -65.534
 -65.534
 -65.534
 -65.534
 -65.534
 -65.534
   1.049
   1.114
   1.154
   1.186
   1.216
   1.254
   1.287
   1.303
   1.317
   1.329
   1.338
   1.342
   1.341
   1.324
   1.283
   1.245
   1.206
   1.170
   1.144
   1.128
   1.125
   1.132
   1.149
   1.177
   1.214
   1.254
   1.285
   1.305
   1.307
   1.300
   1.295
   1.303
   1.319
   1.339
   1.357
   1.379
   1.395
   1.411
   1.429
   1.461
   1.499
   1.538
   1.581
   1.642
   1.716
   1.801
   1.890
   1.989
   2.075
   2.145
   2.124
   0.000
 -65.534
 -65.534
 -65.534
 -65.534
 -65.534
 -65.534
 -65.534
 -65.534
 -65.534
 -65.534
 -65.534
 -65.534
 -65.534
 -65.534
 -65.534
 -65.534
 -65.534
   1.061
   1.125
   1.170
   1.204
   1.241
   1.280
   1.311
   1.324
   1.329
   1.339
   1.347
   1.354
   1.355
   1.346
   1.313
   1.281
   1.245
   1.213
   1.189
   1.173
   1.171
   1.181
   1.203
   1.238
   1.280
   1.321
   1.357
   1.380
   1.391
   1.391
   1.388
   1.388
   1.391
   1.397
   1.404
   1.412
   1.415
   1.413
   1.416
   1.426
   1.453
   1.481
   1.520
   1.567
   1.622
   1.688
   1.766
   1.851
   1.930
   2.001
   1.974
   0.000
 -65.534
 -65.534
 -65.534
 -65.534
 -65.534
 -65.534
 -65.534
 -65.534
 -65.534
 -65.534
 -65.534
 -65.534
 -65.534
 -65.534
 -65.534
 -65.534
 -65.534
 -65.534
   1.103
   1.164
   1.208
   1.245
   1.279
   1.307
   1.318
   1.325
   1.333
   1.340
   1.347
   1.355
   1.354
   1.330
   1.307
   1.282
   1.258
   1.241
   1.231
   1.234
   1.251
   1.280
   1.318
   1.360
   1.399
   1.432
   1.462
   1.479
   1.488
   1.487
   1.486
   1.479
   1.474
   1.462
   1.454
   1.444
   1.430
   1.415
   1.415
   1.426
   1.443
   1.472
   1.506
   1.548
   1.593
   1.650
   1.712
   1.774
   1.832
   1.796
   0.000
 -65.534
 -65.534
 -65.534
 -65.534
 -65.534
 -65.534
 -65.534
 -65.534
 -65.534
 -65.534
 -65.534
 -65.534
 -65.534
 -65.534
 -65.534
 -65.534
 -65.534
 -65.534
 -65.534
   1.126
   1.182
   1.222
   1.253
   1.274
   1.285
   1.292
   1.299
   1.308
   1.320
   1.333
   1.335
   1.328
   1.316
   1.304
   1.302
   1.310
   1.323
   1.329
   1.345
   1.372
   1.383
   1.413
   1.448
   1.486
   1.528
   1.561
   1.581
   1.590
   1.591
   1.578
   1.566
   1.543
   1.522
   1.499
   1.471
   1.450
   1.434
   1.430
   1.437
   1.454
   1.473
   1.497
   1.523
   1.555
   1.590
   1.626
   1.656
   1.588
   0.000
 -65.534
 -65.534
 -65.534
 -65.534
 -65.534
 -65.534
 -65.534
 -65.534
 -65.534
 -65.534
 -65.534
 -65.534
 -65.534
 -65.534
 -65.534
 -65.534
 -65.534
 -65.534
 -65.534
 -65.534
   1.140
   1.185
   1.218
   1.233
   1.251
   1.253
   1.257
   1.263
   1.276
   1.290
   1.293
   1.295
   1.281
   1.258
   1.223
   1.130
 -65.534
 -65.534
 -65.534
 -65.534
   1.277
   1.387
   1.452
   1.514
   1.584
   1.641
   1.679
   1.698
   1.698
   1.682
   1.655
   1.621
   1.588
   1.552
   1.513
   1.483
   1.461
   1.449
   1.441
   1.443
   1.451
   1.459
   1.466
   1.472
   1.478
   1.481
   1.485
   1.385
   0.000
 -65.534
 -65.534
 -65.534
 -65.534
 -65.534
 -65.534
 -65.534
 -65.534
 -65.534
 -65.534
 -65.534
 -65.534
 -65.534
 -65.534
 -65.534
 -65.534
 -65.534
 -65.534
 -65.534
 -65.534
 -65.534
 -65.534
 -65.534
 -65.534
   1.149
   1.183
   1.199
   1.208
   1.224
   1.238
   1.246
   1.253
   1.243
   1.220
   1.174
   1.077
 -65.534
 -65.534
 -65.534
 -65.534
 -65.534
 -65.534
   1.360
   1.506
   1.621
   1.711
   1.759
   1.779
   1.775
   1.749
   1.711
   1.670
   1.626
   1.582
   1.540
   1.507
   1.478
   1.458
   1.444
   1.435
   1.433
   1.428
   1.415
   1.396
   1.371
   1.343
   1.315
   1.190
   0.000
 -65.534
 -65.534
 -65.534
 -65.534
 -65.534
 -65.534
 -65.534
 -65.534
 -65.534
 -65.534
 -65.534
 -65.534
 -65.534
 -65.534
 -65.534
 -65.534
 -65.534
 -65.534
 -65.534
 -65.534
 -65.534
 -65.534
 -65.534
 -65.534
   1.055
   1.094
   1.120
   1.144
   1.170
   1.192
   1.201
   1.208
   1.204
   1.184
   1.145
   1.068
 -65.534
 -65.534
 -65.534
 -65.534
 -65.534
 -65.534
 -65.534
   1.436
   1.626
   1.739
   1.795
   1.811
   1.803
   1.773
   1.733
   1.690
   1.644
   1.600
   1.560
   1.527
   1.502
   1.477
   1.453
   1.433
   1.413
   1.390
   1.355
   1.310
   1.257
   1.207
   1.156
   1.022
   0.000
 -65.534
 -65.534
 -65.534
 -65.534
 -65.534
 -65.534
 -65.534
 -65.534
 -65.534
 -65.534
 -65.534
 -65.534
 -65.534
 -65.534
 -65.534
 -65.534
 -65.534
 -65.534
 -65.534
 -65.534
 -65.534
 -65.534
 -65.534
 -65.534
 -65.534
 -65.534
 -65.534
 -65.534
 -65.534
   1.047
   1.110
   1.138
   1.158
   1.149
   1.119
   1.054
   0.661
 -65.534
 -65.534
 -65.534
 -65.534
 -65.534
 -65.534
   1.312
   1.512
 -65.534
   1.528
   1.698
   1.733
   1.744
   1.723
   1.691
   1.649
   1.612
   1.581
   1.553
   1.526
   1.493
   1.459
   1.423
   1.386
   1.341
   1.283
   1.214
   1.141
   1.071
   1.002
   0.865
   0.000
 -65.534
 -65.534
 -65.534
 -65.534
 -65.534
 -65.534
 -65.534
 -65.534
 -65.534
 -65.534
 -65.534
 -65.534
 -65.534
 -65.534
 -65.534
 -65.534
 -65.534
 -65.534
 -65.534
 -65.534
 -65.534
 -65.534
 -65.534
 -65.534
 -65.534
 -65.534
 -65.534
 -65.534
 -65.534
 -65.534
 -65.534
 -65.534
   1.016
   1.079
   1.081
   1.023
   0.816
   0.574
 -65.534
 -65.534
 -65.534
 -65.534
 -65.534
 -65.534
 -65.534
 -65.534
 -65.534
 -65.534
 -65.534
   1.422
   1.596
   1.631
   1.649
   1.629
   1.598
   1.555
   1.515
   1.473
   1.424
   1.380
   1.331
   1.269
   1.196
   1.116
   1.035
   0.958
   0.879
   0.746
   0.000
 -65.534
 -65.534
 -65.534
 -65.534
 -65.534
 -65.534
 -65.534
 -65.534
 -65.534
 -65.534
 -65.534
 -65.534
 -65.534
 -65.534
 -65.534
 -65.534
 -65.534
 -65.534
 -65.534
 -65.534
 -65.534
 -65.534
 -65.534
 -65.534
 -65.534
 -65.534
 -65.534
 -65.534
 -65.534
 -65.534
 -65.534
 -65.534
   0.926
   0.997
   1.020
   0.974
   0.852
   0.705
   0.551
   0.462
 -65.534
 -65.534
 -65.534
 -65.534
 -65.534
 -65.534
 -65.534
 -65.534
 -65.534
 -65.534
 -65.534
 -65.534
   1.352
   1.496
   1.504
   1.491
   1.453
   1.405
   1.353
   1.305
   1.250
   1.184
   1.107
   1.026
   0.945
   0.871
   0.795
   0.666
   0.000
 -65.534
 -65.534
 -65.534
 -65.534
 -65.534
 -65.534
 -65.534
 -65.534
 -65.534
 -65.534
 -65.534
 -65.534
 -65.534
 -65.534
 -65.534
 -65.534
 -65.534
 -65.534
 -65.534
 -65.534
 -65.534
 -65.534
 -65.534
 -65.534
 -65.534
 -65.534
 -65.534
 -65.534
 -65.534
 -65.534
 -65.534
 -65.534
 -65.534
 -65.534
 -65.534
 -65.534
   0.637
   0.645
   0.599
   0.550
   0.468
   0.417
   0.388
   0.390
   0.401
 -65.534
 -65.534
 -65.534
 -65.534
 -65.534
 -65.534
 -65.534
 -65.534
 -65.534
 -65.534
   1.203
   1.322
   1.318
   1.280
   1.227
   1.173
   1.107
   1.031
   0.956
   0.882
   0.812
   0.735
   0.610
   0.000
 -65.534
 -65.534
 -65.534
 -65.534
 -65.534
 -65.534
 -65.534
 -65.534
 -65.534
 -65.534
 -65.534
 -65.534
 -65.534
 -65.534
 -65.534
 -65.534
 -65.534
 -65.534
 -65.534
 -65.534
 -65.534
 -65.534
 -65.534
 -65.534
 -65.534
 -65.534
 -65.534
 -65.534
 -65.534
 -65.534
 -65.534
 -65.534
 -65.534
 -65.534
 -65.534
 -65.534
 -65.534
 -65.534
 -65.534
 -65.534
   0.337
 -65.534
 -65.534
 -65.534
 -65.534
 -65.534
 -65.534
 -65.534
 -65.534
 -65.534
 -65.534
 -65.534
 -65.534
 -65.534
 -65.534
   1.026
   1.173
   1.202
   1.178
   1.152
   1.103
   1.030
   0.958
   0.891
   0.828
   0.769
   0.699
   0.574
   0.000
 -65.534
 -65.534
 -65.534
 -65.534
 -65.534
 -65.534
 -65.534
 -65.534
 -65.534
 -65.534
 -65.534
 -65.534
 -65.534
 -65.534
 -65.534
 -65.534
 -65.534
 -65.534
 -65.534
 -65.534
 -65.534
 -65.534
 -65.534
 -65.534
 -65.534
 -65.534
 -65.534
 -65.534
 -65.534
 -65.534
 -65.534
 -65.534
 -65.534
 -65.534
 -65.534
 -65.534
 -65.534
 -65.534
 -65.534
 -65.534
 -65.534
 -65.534
 -65.534
 -65.534
 -65.534
 -65.534
 -65.534
 -65.534
 -65.534
 -65.534
 -65.534
 -65.534
 -65.534
 -65.534
 -65.534
 -65.534
 -65.534
 -65.534
 -65.534
   0.946
   0.987
   0.948
   0.879
   0.825
   0.780
   0.735
   0.682
   0.563
   0.000
 -65.534
 -65.534
 -65.534
 -65.534
 -65.534
 -65.534
 -65.534
 -65.534
 -65.534
 -65.534
 -65.534
 -65.534
 -65.534
 -65.534
 -65.534
 -65.534
 -65.534
 -65.534
 -65.534
 -65.534
 -65.534
 -65.534
 -65.534
 -65.534
 -65.534
 -65.534
 -65.534
 -65.534
 -65.534
 -65.534
 -65.534
 -65.534
 -65.534
 -65.534
 -65.534
 -65.534
 -65.534
 -65.534
 -65.534
 -65.534
 -65.534
 -65.534
 -65.534
 -65.534
 -65.534
 -65.534
 -65.534
 -65.534
 -65.534
 -65.534
 -65.534
 -65.534
 -65.534
 -65.534
 -65.534
 -65.534
 -65.534
 -65.534
 -65.534
 -65.534
 -65.534
   0.000
   0.000
   0.000
   0.000
   0.000
   0.000
   0.000
 -65.534
