 -65.534
   0.000
   0.000
   0.000
   0.000
   0.000
   0.000
   0.000
   0.000
   0.000
   0.000
   0.000
   0.000
   0.000
   0.000
   0.000
   0.000
   0.000
   0.000
   0.000
   0.000
   0.000
   0.000
   0.000
   0.000
   0.000
   0.000
   0.000
   0.000
   0.000
   0.000
   0.000
   0.000
   0.000
   0.000
   0.000
   0.000
   0.000
   0.000
   0.000
   0.000
   0.000
   0.000
   0.000
   0.000
   0.000
   0.000
   0.000
   0.000
   0.000
   0.000
   0.000
   0.000
   0.000
   0.000
   0.000
   0.000
   0.000
   0.000
   0.000
   0.000
   0.000
   0.000
   0.000
   0.000
   0.000
   0.000
   0.000
 -65.534
   0.000
   3.051
   3.542
   3.858
   4.163
   4.452
   4.717
   4.973
   5.218
   5.458
   5.697
   5.920
   6.146
   6.387
   6.625
   6.867
   7.094
   7.293
   7.400
   7.393
   7.263
   7.060
   6.857
   6.464
   6.681
   7.079
   7.379
   7.511
   7.543
   7.491
   7.414
   7.329
   7.165
   6.908
   6.816
   6.562
   6.374
   6.139
   5.821
   5.570
   5.279
   5.007
   4.825
   4.673
   4.517
   4.437
   4.406
   4.399
   4.415
   4.476
   4.570
   4.686
   4.809
   4.944
   5.114
   5.234
   5.308
   5.316
   5.267
   5.197
   5.106
   4.995
   4.880
   4.761
   4.618
   4.502
   4.395
   4.167
   0.000
   0.000
   3.241
   3.684
   3.950
   4.236
   4.506
   4.784
   5.060
   5.327
   5.593
   5.846
   6.082
   6.314
   6.545
   6.774
   7.017
   7.251
   7.475
   7.641
   7.724
   7.718
   7.648
   7.571
   7.379
   7.576
   7.888
   8.144
   8.292
   8.307
   8.251
   8.147
   8.027
   7.900
   7.705
   7.552
   7.363
   7.130
   6.896
   6.627
   6.334
   6.040
   5.733
   5.479
   5.244
   5.061
   5.002
   5.032
   5.109
   5.203
   5.341
   5.504
   5.682
   5.862
   6.040
   6.196
   6.326
   6.420
   6.451
   6.417
   6.332
   6.223
   6.082
   5.917
   5.738
   5.559
   5.394
   5.239
   4.935
   0.000
   0.000
   3.194
   3.583
   3.810
   4.058
   4.306
   4.570
   4.846
   5.121
   5.399
   5.670
   5.929
   6.174
   6.415
   6.652
   6.896
   7.151
   7.391
   7.595
   7.752
   7.840
   7.879
   7.922
   7.958
   8.047
   8.303
   8.499
   8.607
   8.613
   8.569
   8.483
   8.373
   8.230
   8.084
   7.948
   7.733
   7.522
   7.280
   6.997
   6.702
   6.397
   6.084
   5.781
   5.514
   5.316
   5.249
   5.307
   5.431
   5.592
   5.786
   5.992
   6.206
   6.412
   6.612
   6.776
   6.918
   7.023
   7.064
   7.032
   6.951
   6.835
   6.673
   6.478
   6.269
   6.067
   5.863
   5.683
   5.324
   0.000
   0.000
   3.134
   3.478
   3.662
   3.878
   4.101
   4.343
   4.606
   4.874
   5.157
   5.439
   5.713
   5.984
   6.239
   6.484
   6.735
   6.984
   7.229
   7.456
   7.669
   7.835
   7.953
   8.075
   8.240
   8.379
   8.610
   8.777
   8.863
   8.855
   8.824
   8.747
   8.635
   8.511
   8.396
   8.253
   8.067
   7.861
   7.623
   7.350
   7.049
   6.743
   6.416
   6.100
   5.819
   5.607
   5.522
   5.571
   5.712
   5.918
   6.152
   6.401
   6.643
   6.872
   7.088
   7.271
   7.415
   7.529
   7.583
   7.554
   7.467
   7.333
   7.157
   6.934
   6.704
   6.471
   6.239
   6.026
   5.622
   0.000
   0.000
   3.077
   3.378
   3.538
   3.728
   3.926
   4.144
   4.379
   4.643
   4.918
   5.200
   5.477
   5.755
   6.024
   6.287
   6.535
   6.783
   7.031
   7.268
   7.506
   7.718
   7.894
   8.077
   8.269
   8.557
   8.803
   8.914
   8.974
   8.961
   8.928
   8.863
   8.765
   8.669
   8.579
   8.459
   8.297
   8.115
   7.895
   7.637
   7.349
   7.057
   6.744
   6.431
   6.151
   5.935
   5.824
   5.847
   5.991
   6.214
   6.484
   6.772
   7.042
   7.293
   7.534
   7.736
   7.891
   8.007
   8.058
   8.019
   7.925
   7.781
   7.569
   7.333
   7.073
   6.811
   6.559
   6.309
   5.867
   0.000
   0.000
   3.000
   3.271
   3.417
   3.586
   3.765
   3.965
   4.188
   4.437
   4.697
   4.966
   5.237
   5.507
   5.774
   6.032
   6.295
   6.551
   6.793
   7.040
   7.287
   7.529
   7.772
   8.031
   8.314
   8.587
   8.734
   8.839
   8.909
   8.913
   8.898
   8.866
   8.802
   8.735
   8.676
   8.586
   8.458
   8.314
   8.120
   7.893
   7.628
   7.361
   7.080
   6.796
   6.528
   6.302
   6.157
   6.136
   6.256
   6.474
   6.761
   7.083
   7.389
   7.675
   7.943
   8.162
   8.325
   8.444
   8.494
   8.455
   8.350
   8.179
   7.948
   7.675
   7.397
   7.108
   6.816
   6.532
   6.051
   0.000
   0.000
   2.884
   3.143
   3.279
   3.441
   3.611
   3.798
   4.010
   4.242
   4.485
   4.740
   4.994
   5.249
   5.502
   5.752
   6.012
   6.280
   6.527
   6.779
   7.025
   7.270
   7.524
   7.787
   8.061
   8.307
   8.463
   8.593
   8.684
   8.723
   8.746
   8.749
   8.722
   8.694
   8.675
   8.630
   8.559
   8.454
   8.308
   8.113
   7.892
   7.673
   7.432
   7.183
   6.940
   6.704
   6.515
   6.442
   6.506
   6.686
   6.972
   7.308
   7.643
   7.967
   8.269
   8.518
   8.705
   8.830
   8.878
   8.822
   8.697
   8.515
   8.250
   7.951
   7.635
   7.321
   6.999
   6.688
   6.170
   0.000
   0.000
   2.682
   2.956
   3.104
   3.275
   3.441
   3.624
   3.820
   4.040
   4.273
   4.508
   4.746
   4.978
   5.212
   5.453
   5.703
   5.965
   6.226
   6.479
   6.720
   6.960
   7.197
   7.445
   7.687
   7.909
   8.085
   8.238
   8.355
   8.430
   8.487
   8.531
   8.547
   8.563
   8.590
   8.596
   8.578
   8.540
   8.445
   8.297
   8.129
   7.953
   7.763
   7.570
   7.361
   7.139
   6.928
   6.794
   6.801
   6.920
   7.148
   7.464
   7.816
   8.165
   8.503
   8.799
   9.018
   9.162
   9.201
   9.147
   8.988
   8.776
   8.487
   8.158
   7.820
   7.472
   7.124
   6.778
   6.242
   0.000
   0.000
   2.378
   2.656
   2.834
   3.029
   3.210
   3.397
   3.602
   3.818
   4.041
   4.268
   4.487
   4.702
   4.914
   5.135
   5.373
   5.626
   5.888
   6.139
   6.384
   6.618
   6.835
   7.065
   7.283
   7.482
   7.665
   7.829
   7.963
   8.065
   8.157
   8.238
   8.290
   8.350
   8.420
   8.477
   8.518
   8.545
   8.512
   8.416
   8.295
   8.163
   8.019
   7.873
   7.720
   7.537
   7.340
   7.171
   7.112
   7.178
   7.343
   7.622
   7.940
   8.298
   8.660
   8.974
   9.218
   9.373
   9.414
   9.338
   9.180
   8.942
   8.633
   8.286
   7.929
   7.571
   7.197
   6.825
   6.263
   0.000
   0.000
   2.041
   2.297
   2.488
   2.701
   2.909
   3.114
   3.329
   3.555
   3.784
   4.007
   4.216
   4.417
   4.614
   4.812
   5.032
   5.266
   5.515
   5.762
   6.004
   6.233
   6.449
   6.663
   6.867
   7.057
   7.236
   7.400
   7.539
   7.660
   7.775
   7.879
   7.973
   8.069
   8.179
   8.282
   8.378
   8.459
   8.480
   8.445
   8.374
   8.275
   8.164
   8.058
   7.949
   7.816
   7.664
   7.515
   7.405
   7.417
   7.559
   7.805
   8.045
   8.376
   8.733
   9.058
   9.269
   9.407
   9.445
   9.366
   9.199
   8.960
   8.641
   8.296
   7.933
   7.564
   7.178
   6.799
   6.224
   0.000
   0.000
   1.744
   1.954
   2.131
   2.350
   2.569
   2.783
   3.006
   3.238
   3.473
   3.701
   3.914
   4.114
   4.303
   4.490
   4.687
   4.902
   5.126
   5.362
   5.595
   5.826
   6.042
   6.254
   6.455
   6.639
   6.815
   6.971
   7.120
   7.254
   7.386
   7.516
   7.637
   7.772
   7.916
   8.047
   8.178
   8.297
   8.377
   8.391
   8.372
   8.309
   8.217
   8.140
   8.069
   7.982
   7.880
   7.781
   7.692
   7.664
   7.782
   7.987
   8.198
   8.475
   8.780
   9.057
   9.265
   9.370
   9.374
   9.283
   9.105
   8.856
   8.549
   8.206
   7.854
   7.480
   7.091
   6.713
   6.125
   0.000
   0.000
   1.538
   1.680
   1.809
   2.001
   2.211
   2.427
   2.649
   2.874
   3.104
   3.331
   3.550
   3.755
   3.950
   4.133
   4.321
   4.518
   4.728
   4.948
   5.178
   5.400
   5.619
   5.828
   6.032
   6.222
   6.401
   6.563
   6.712
   6.853
   7.003
   7.155
   7.304
   7.466
   7.636
   7.790
   7.938
   8.075
   8.184
   8.239
   8.261
   8.241
   8.175
   8.112
   8.080
   8.033
   7.975
   7.933
   7.898
   7.896
   7.978
   8.140
   8.311
   8.532
   8.779
   9.006
   9.174
   9.271
   9.241
   9.127
   8.927
   8.668
   8.363
   8.029
   7.688
   7.320
   6.942
   6.565
   5.987
   0.000
 -65.534
 -65.534
   1.441
   1.541
   1.667
   1.851
   2.054
   2.269
   2.483
   2.706
   2.923
   3.130
   3.332
   3.526
   3.714
   3.904
   4.098
   4.301
   4.513
   4.734
   4.956
   5.173
   5.383
   5.588
   5.785
   5.975
   6.145
   6.306
   6.459
   6.622
   6.795
   6.968
   7.146
   7.331
   7.498
   7.655
   7.803
   7.918
   7.995
   8.041
   8.046
   8.009
   7.977
   7.976
   7.967
   7.948
   7.954
   7.967
   7.999
   8.083
   8.217
   8.367
   8.522
   8.714
   8.880
   9.006
   9.071
   9.030
   8.883
   8.666
   8.391
   8.082
   7.766
   7.437
   7.090
   6.735
   6.373
   5.788
   0.000
 -65.534
 -65.534
 -65.534
   1.291
   1.349
   1.497
   1.676
   1.872
   2.078
   2.289
   2.500
   2.688
   2.875
   3.064
   3.248
   3.435
   3.631
   3.837
   4.045
   4.269
   4.491
   4.713
   4.929
   5.143
   5.348
   5.546
   5.729
   5.898
   6.070
   6.244
   6.426
   6.611
   6.809
   7.003
   7.180
   7.359
   7.517
   7.637
   7.708
   7.750
   7.768
   7.763
   7.764
   7.802
   7.826
   7.840
   7.870
   7.920
   7.988
   8.088
   8.202
   8.332
   8.447
   8.594
   8.720
   8.789
   8.792
   8.739
   8.577
   8.341
   8.061
   7.749
   7.430
   7.115
   6.794
   6.483
   6.146
   5.574
   0.000
 -65.534
 -65.534
 -65.534
 -65.534
   1.033
   1.192
   1.335
   1.498
   1.681
   1.873
   2.069
   2.250
   2.429
   2.607
   2.787
   2.968
   3.156
   3.352
   3.558
   3.777
   3.998
   4.228
   4.452
   4.673
   4.892
   5.106
   5.303
   5.488
   5.669
   5.854
   6.039
   6.232
   6.437
   6.649
   6.849
   7.038
   7.208
   7.339
   7.411
   7.442
   7.450
   7.453
   7.496
   7.561
   7.614
   7.655
   7.713
   7.778
   7.857
   7.970
   8.082
   8.189
   8.302
   8.405
   8.486
   8.513
   8.481
   8.398
   8.230
   7.995
   7.715
   7.405
   7.091
   6.786
   6.504
   6.235
   5.957
   5.400
   0.000
 -65.534
 -65.534
 -65.534
 -65.534
   0.844
   0.952
   1.060
   1.181
   1.323
   1.481
   1.650
   1.819
   1.991
   2.165
   2.343
   2.515
   2.694
   2.878
   3.068
   3.270
   3.486
   3.708
   3.933
   4.158
   4.389
   4.613
   4.832
   5.034
   5.234
   5.431
   5.630
   5.833
   6.050
   6.271
   6.495
   6.700
   6.877
   7.012
   7.087
   7.127
   7.122
   7.114
   7.172
   7.258
   7.344
   7.399
   7.471
   7.539
   7.608
   7.704
   7.826
   7.938
   8.032
   8.114
   8.150
   8.143
   8.081
   7.976
   7.821
   7.606
   7.354
   7.071
   6.779
   6.510
   6.278
   6.050
   5.819
   5.301
   0.000
 -65.534
 -65.534
 -65.534
 -65.534
   0.751
   0.803
   0.867
   0.944
   1.036
   1.157
   1.291
   1.428
   1.580
   1.745
   1.915
   2.087
   2.249
   2.416
   2.593
   2.782
   2.975
   3.179
   3.389
   3.611
   3.838
   4.070
   4.299
   4.526
   4.749
   4.969
   5.186
   5.403
   5.634
   5.871
   6.099
   6.318
   6.508
   6.646
   6.735
   6.792
   6.819
   6.838
   6.849
   6.935
   7.022
   7.093
   7.178
   7.258
   7.320
   7.415
   7.530
   7.636
   7.705
   7.744
   7.747
   7.706
   7.628
   7.516
   7.370
   7.185
   6.978
   6.745
   6.509
   6.307
   6.115
   5.925
   5.714
   5.211
   0.000
 -65.534
 -65.534
 -65.534
 -65.534
   0.818
   0.848
   0.873
   0.886
   0.880
   0.940
   1.027
   1.126
   1.234
   1.375
   1.525
   1.677
   1.833
   1.998
   2.164
   2.334
   2.504
   2.685
   2.875
   3.089
   3.306
   3.534
   3.770
   4.009
   4.255
   4.487
   4.719
   4.949
   5.185
   5.417
   5.650
   5.876
   6.070
   6.221
   6.330
   6.405
   6.475
   6.527
   6.584
   6.664
   6.745
   6.803
   6.880
   6.963
   7.041
   7.129
   7.231
   7.315
   7.366
   7.374
   7.352
   7.296
   7.190
   7.066
   6.914
   6.754
   6.601
   6.440
   6.286
   6.139
   5.982
   5.814
   5.577
   5.082
   0.000
 -65.534
 -65.534
 -65.534
 -65.534
 -65.534
 -65.534
 -65.534
 -65.534
   0.852
   0.874
   0.892
   0.926
   0.985
   1.080
   1.195
   1.324
   1.470
   1.628
   1.800
   1.967
   2.115
   2.269
   2.437
   2.635
   2.851
   3.075
   3.308
   3.545
   3.784
   4.021
   4.250
   4.472
   4.696
   4.922
   5.144
   5.359
   5.565
   5.739
   5.870
   5.977
   6.078
   6.170
   6.286
   6.391
   6.462
   6.534
   6.634
   6.722
   6.774
   6.856
   6.944
   7.011
   7.041
   7.034
   6.986
   6.894
   6.772
   6.635
   6.480
   6.338
   6.226
   6.139
   6.064
   5.954
   5.819
   5.645
   5.403
   4.906
   0.000
 -65.534
 -65.534
 -65.534
 -65.534
 -65.534
 -65.534
   0.387
   0.752
   0.944
   0.862
   0.831
   0.815
   0.828
   0.873
   0.950
   1.055
   1.189
   1.350
   1.517
   1.669
   1.811
   1.947
   2.105
   2.283
   2.482
   2.707
   2.938
   3.172
   3.399
   3.621
   3.825
   4.026
   4.225
   4.426
   4.632
   4.837
   5.036
   5.214
   5.375
   5.524
   5.668
   5.807
   5.947
   6.077
   6.185
   6.282
   6.367
   6.428
   6.512
   6.607
   6.679
   6.731
   6.729
   6.692
   6.605
   6.487
   6.352
   6.197
   6.031
   5.910
   5.845
   5.831
   5.808
   5.732
   5.606
   5.424
   5.186
   4.636
   0.000
 -65.534
 -65.534
 -65.534
 -65.534
 -65.534
 -65.534
 -65.534
 -65.534
 -65.534
   0.926
   0.878
   0.849
   0.838
   0.837
   0.851
   0.894
   1.017
   1.169
   1.327
   1.464
   1.584
   1.708
   1.857
   2.037
   2.238
   2.450
   2.667
   2.887
   3.095
   3.289
   3.468
   3.643
   3.817
   3.996
   4.175
   4.353
   4.533
   4.709
   4.878
   5.053
   5.227
   5.402
   5.578
   5.726
   5.857
   5.964
   6.060
   6.134
   6.209
   6.273
   6.321
   6.338
   6.318
   6.255
   6.143
   6.006
   5.849
   5.678
   5.520
   5.434
   5.417
   5.452
   5.461
   5.388
   5.272
   5.112
   4.857
   4.280
   0.000
 -65.534
 -65.534
 -65.534
 -65.534
 -65.534
 -65.534
 -65.534
 -65.534
 -65.534
 -65.534
 -65.534
 -65.534
 -65.534
 -65.534
 -65.534
   0.952
   1.036
   1.134
   1.241
   1.316
   1.432
   1.559
   1.701
   1.870
   2.069
   2.277
   2.482
   2.674
   2.860
   3.032
   3.189
   3.332
   3.478
   3.629
   3.783
   3.940
   4.097
   4.252
   4.433
   4.614
   4.799
   4.990
   5.174
   5.347
   5.496
   5.615
   5.715
   5.799
   5.864
   5.916
   5.947
   5.943
   5.896
   5.799
   5.650
   5.466
   5.281
   5.100
   4.962
   4.919
   4.958
   5.011
   5.022
   4.969
   4.876
   4.698
   4.438
   3.835
   0.000
 -65.534
 -65.534
 -65.534
 -65.534
 -65.534
 -65.534
 -65.534
 -65.534
 -65.534
 -65.534
 -65.534
 -65.534
 -65.534
 -65.534
 -65.534
 -65.534
 -65.534
 -65.534
 -65.534
   1.259
   1.363
   1.479
   1.617
   1.780
   1.962
   2.155
   2.348
   2.530
   2.693
   2.836
   2.965
   3.090
   3.215
   3.347
   3.486
   3.623
   3.761
   3.900
   4.050
   4.223
   4.406
   4.598
   4.786
   4.960
   5.109
   5.231
   5.333
   5.423
   5.481
   5.515
   5.528
   5.512
   5.441
   5.307
   5.121
   4.895
   4.671
   4.496
   4.397
   4.402
   4.480
   4.537
   4.561
   4.516
   4.401
   4.227
   3.962
   3.348
   0.000
 -65.534
 -65.534
 -65.534
 -65.534
 -65.534
 -65.534
 -65.534
 -65.534
 -65.534
 -65.534
 -65.534
 -65.534
 -65.534
 -65.534
 -65.534
 -65.534
 -65.534
 -65.534
   0.803
   1.326
   1.363
   1.458
   1.589
   1.745
   1.914
   2.087
   2.260
   2.426
   2.572
   2.698
   2.805
   2.915
   3.021
   3.139
   3.263
   3.387
   3.510
   3.627
   3.753
   3.902
   4.067
   4.248
   4.425
   4.581
   4.712
   4.811
   4.892
   4.962
   5.022
   5.053
   5.065
   5.039
   4.955
   4.792
   4.563
   4.295
   4.058
   3.896
   3.836
   3.881
   3.964
   4.024
   4.043
   3.991
   3.871
   3.686
   3.425
   2.823
   0.000
 -65.534
 -65.534
 -65.534
 -65.534
 -65.534
 -65.534
 -65.534
 -65.534
 -65.534
 -65.534
 -65.534
 -65.534
 -65.534
 -65.534
 -65.534
 -65.534
 -65.534
   0.653
   1.196
   1.344
   1.392
   1.459
   1.568
   1.721
   1.873
   2.028
   2.184
   2.332
   2.466
   2.581
   2.679
   2.768
   2.861
   2.952
   3.053
   3.159
   3.258
   3.360
   3.465
   3.587
   3.738
   3.905
   4.067
   4.202
   4.304
   4.375
   4.430
   4.472
   4.501
   4.529
   4.538
   4.513
   4.422
   4.241
   4.007
   3.746
   3.509
   3.371
   3.342
   3.398
   3.468
   3.515
   3.519
   3.449
   3.319
   3.128
   2.871
   2.302
   0.000
 -65.534
 -65.534
 -65.534
 -65.534
 -65.534
 -65.534
 -65.534
 -65.534
 -65.534
 -65.534
 -65.534
 -65.534
 -65.534
 -65.534
 -65.534
 -65.534
 -65.534
   1.012
   1.289
   1.366
   1.415
   1.461
   1.540
   1.663
   1.809
   1.945
   2.087
   2.222
   2.346
   2.454
   2.547
   2.622
   2.694
   2.762
   2.830
   2.906
   2.980
   3.059
   3.142
   3.244
   3.371
   3.517
   3.660
   3.776
   3.853
   3.905
   3.936
   3.965
   3.979
   3.989
   3.991
   4.004
   3.948
   3.792
   3.585
   3.343
   3.101
   2.952
   2.917
   2.947
   2.994
   3.021
   3.003
   2.924
   2.787
   2.610
   2.361
   1.792
   0.000
 -65.534
 -65.534
 -65.534
 -65.534
 -65.534
 -65.534
 -65.534
 -65.534
 -65.534
 -65.534
 -65.534
 -65.534
 -65.534
 -65.534
 -65.534
 -65.534
 -65.534
   1.201
   1.354
   1.419
   1.449
   1.480
   1.528
   1.611
   1.737
   1.852
   1.971
   2.095
   2.213
   2.319
   2.408
   2.467
   2.523
   2.567
   2.611
   2.658
   2.704
   2.751
   2.817
   2.897
   3.000
   3.115
   3.228
   3.314
   3.364
   3.397
   3.418
   3.433
   3.441
   3.434
   3.435
   3.458
   3.420
   3.331
   3.199
   3.016
   2.808
   2.656
   2.585
   2.562
   2.552
   2.530
   2.485
   2.400
   2.238
   2.055
   1.814
   1.332
   0.000
 -65.534
 -65.534
 -65.534
 -65.534
 -65.534
 -65.534
 -65.534
 -65.534
 -65.534
 -65.534
 -65.534
 -65.534
 -65.534
 -65.534
 -65.534
 -65.534
 -65.534
   1.395
   1.436
   1.478
   1.500
   1.517
   1.546
   1.592
   1.670
   1.774
   1.865
   1.969
   2.079
   2.182
   2.265
   2.312
   2.352
   2.385
   2.407
   2.435
   2.461
   2.497
   2.541
   2.603
   2.679
   2.753
   2.822
   2.872
   2.895
   2.906
   2.905
   2.905
   2.903
   2.890
   2.894
   2.919
   2.920
   2.890
   2.840
   2.734
   2.593
   2.430
   2.329
   2.250
   2.182
   2.104
   2.009
   1.886
   1.718
   1.540
   1.320
   0.859
   0.000
 -65.534
 -65.534
 -65.534
 -65.534
 -65.534
 -65.534
 -65.534
 -65.534
 -65.534
 -65.534
 -65.534
 -65.534
 -65.534
 -65.534
 -65.534
 -65.534
 -65.534
 -65.534
   1.528
   1.531
   1.552
   1.568
   1.582
   1.601
   1.635
   1.696
   1.770
   1.855
   1.947
   2.047
   2.124
   2.157
   2.185
   2.204
   2.221
   2.244
   2.269
   2.297
   2.333
   2.373
   2.406
   2.440
   2.460
   2.473
   2.471
   2.459
   2.437
   2.416
   2.390
   2.380
   2.384
   2.416
   2.430
   2.440
   2.430
   2.399
   2.304
   2.191
   2.085
   1.979
   1.878
   1.762
   1.624
   1.462
   1.285
   1.074
   0.839
   0.424
   0.000
 -65.534
 -65.534
 -65.534
 -65.534
 -65.534
 -65.534
 -65.534
 -65.534
 -65.534
 -65.534
 -65.534
 -65.534
 -65.534
 -65.534
 -65.534
 -65.534
 -65.534
 -65.534
 -65.534
   1.581
   1.596
   1.616
   1.622
   1.616
   1.622
   1.645
   1.688
   1.747
   1.826
   1.904
   1.965
   2.000
   2.019
   2.027
   2.048
   2.071
   2.070
   2.097
   2.115
   2.139
   2.182
   2.181
   2.165
   2.142
   2.111
   2.080
   2.050
   2.015
   1.975
   1.958
   1.930
   1.955
   1.966
   1.964
   1.961
   1.942
   1.902
   1.845
   1.767
   1.675
   1.584
   1.471
   1.320
   1.136
   0.937
   0.702
   0.437
   0.041
   0.000
 -65.534
 -65.534
 -65.534
 -65.534
 -65.534
 -65.534
 -65.534
 -65.534
 -65.534
 -65.534
 -65.534
 -65.534
 -65.534
 -65.534
 -65.534
 -65.534
 -65.534
 -65.534
 -65.534
 -65.534
   1.587
   1.608
   1.611
   1.608
   1.602
   1.615
   1.641
   1.676
   1.721
   1.771
   1.807
   1.836
   1.825
   1.788
   1.717
   1.488
 -65.534
 -65.534
 -65.534
 -65.534
   1.899
   1.963
   1.949
   1.893
   1.837
   1.792
   1.745
   1.687
   1.633
   1.595
   1.580
   1.588
   1.586
   1.575
   1.569
   1.540
   1.499
   1.455
   1.410
   1.342
   1.261
   1.144
   0.993
   0.808
   0.619
   0.396
   0.140
  -0.237
   0.000
 -65.534
 -65.534
 -65.534
 -65.534
 -65.534
 -65.534
 -65.534
 -65.534
 -65.534
 -65.534
 -65.534
 -65.534
 -65.534
 -65.534
 -65.534
 -65.534
 -65.534
 -65.534
 -65.534
 -65.534
 -65.534
 -65.534
 -65.534
 -65.534
   1.542
   1.574
   1.605
   1.633
   1.663
   1.677
   1.682
   1.675
   1.635
   1.553
   1.412
   1.150
 -65.534
 -65.534
 -65.534
 -65.534
 -65.534
 -65.534
   1.711
   1.726
   1.667
   1.606
   1.519
   1.458
   1.404
   1.373
   1.360
   1.337
   1.317
   1.296
   1.257
   1.207
   1.154
   1.097
   1.039
   0.963
   0.856
   0.741
   0.596
   0.424
   0.246
   0.068
  -0.159
  -0.479
   0.000
 -65.534
 -65.534
 -65.534
 -65.534
 -65.534
 -65.534
 -65.534
 -65.534
 -65.534
 -65.534
 -65.534
 -65.534
 -65.534
 -65.534
 -65.534
 -65.534
 -65.534
 -65.534
 -65.534
 -65.534
 -65.534
 -65.534
 -65.534
 -65.534
   1.448
   1.491
   1.523
   1.555
   1.578
   1.588
   1.561
   1.519
   1.450
   1.347
   1.214
   1.023
 -65.534
 -65.534
 -65.534
 -65.534
 -65.534
 -65.534
 -65.534
   1.537
   1.528
   1.469
   1.384
   1.309
   1.249
   1.185
   1.148
   1.121
   1.094
   1.049
   0.995
   0.918
   0.826
   0.737
   0.654
   0.563
   0.458
   0.338
   0.200
   0.045
  -0.124
  -0.299
  -0.491
  -0.757
   0.000
 -65.534
 -65.534
 -65.534
 -65.534
 -65.534
 -65.534
 -65.534
 -65.534
 -65.534
 -65.534
 -65.534
 -65.534
 -65.534
 -65.534
 -65.534
 -65.534
 -65.534
 -65.534
 -65.534
 -65.534
 -65.534
 -65.534
 -65.534
 -65.534
 -65.534
 -65.534
 -65.534
 -65.534
 -65.534
   1.445
   1.406
   1.344
   1.292
   1.196
   1.088
   0.925
   0.301
 -65.534
 -65.534
 -65.534
 -65.534
 -65.534
 -65.534
   1.175
   1.054
 -65.534
   1.167
   1.180
   1.146
   1.118
   1.076
   1.032
   0.963
   0.883
   0.782
   0.668
   0.549
   0.436
   0.335
   0.228
   0.105
  -0.022
  -0.168
  -0.327
  -0.492
  -0.664
  -0.844
  -1.066
   0.000
 -65.534
 -65.534
 -65.534
 -65.534
 -65.534
 -65.534
 -65.534
 -65.534
 -65.534
 -65.534
 -65.534
 -65.534
 -65.534
 -65.534
 -65.534
 -65.534
 -65.534
 -65.534
 -65.534
 -65.534
 -65.534
 -65.534
 -65.534
 -65.534
 -65.534
 -65.534
 -65.534
 -65.534
 -65.534
 -65.534
 -65.534
 -65.534
   1.176
   1.103
   1.014
   0.862
   0.425
   0.124
 -65.534
 -65.534
 -65.534
 -65.534
 -65.534
 -65.534
 -65.534
 -65.534
 -65.534
 -65.534
 -65.534
   0.939
   0.975
   0.936
   0.893
   0.783
   0.650
   0.484
   0.340
   0.209
   0.081
  -0.047
  -0.190
  -0.337
  -0.494
  -0.665
  -0.832
  -1.008
  -1.185
  -1.380
   0.000
 -65.534
 -65.534
 -65.534
 -65.534
 -65.534
 -65.534
 -65.534
 -65.534
 -65.534
 -65.534
 -65.534
 -65.534
 -65.534
 -65.534
 -65.534
 -65.534
 -65.534
 -65.534
 -65.534
 -65.534
 -65.534
 -65.534
 -65.534
 -65.534
 -65.534
 -65.534
 -65.534
 -65.534
 -65.534
 -65.534
 -65.534
 -65.534
   1.057
   1.005
   0.919
   0.770
   0.472
   0.194
   0.040
  -0.011
 -65.534
 -65.534
 -65.534
 -65.534
 -65.534
 -65.534
 -65.534
 -65.534
 -65.534
 -65.534
 -65.534
 -65.534
   0.669
   0.626
   0.498
   0.324
   0.161
   0.006
  -0.137
  -0.288
  -0.451
  -0.621
  -0.788
  -0.966
  -1.142
  -1.294
  -1.447
  -1.611
   0.000
 -65.534
 -65.534
 -65.534
 -65.534
 -65.534
 -65.534
 -65.534
 -65.534
 -65.534
 -65.534
 -65.534
 -65.534
 -65.534
 -65.534
 -65.534
 -65.534
 -65.534
 -65.534
 -65.534
 -65.534
 -65.534
 -65.534
 -65.534
 -65.534
 -65.534
 -65.534
 -65.534
 -65.534
 -65.534
 -65.534
 -65.534
 -65.534
 -65.534
 -65.534
 -65.534
 -65.534
   0.416
   0.229
   0.085
  -0.007
  -0.048
  -0.064
  -0.097
  -0.127
  -0.182
 -65.534
 -65.534
 -65.534
 -65.534
 -65.534
 -65.534
 -65.534
 -65.534
 -65.534
 -65.534
   0.068
  -0.018
  -0.154
  -0.307
  -0.499
  -0.687
  -0.861
  -1.037
  -1.220
  -1.389
  -1.526
  -1.655
  -1.780
   0.000
 -65.534
 -65.534
 -65.534
 -65.534
 -65.534
 -65.534
 -65.534
 -65.534
 -65.534
 -65.534
 -65.534
 -65.534
 -65.534
 -65.534
 -65.534
 -65.534
 -65.534
 -65.534
 -65.534
 -65.534
 -65.534
 -65.534
 -65.534
 -65.534
 -65.534
 -65.534
 -65.534
 -65.534
 -65.534
 -65.534
 -65.534
 -65.534
 -65.534
 -65.534
 -65.534
 -65.534
 -65.534
 -65.534
 -65.534
 -65.534
   0.008
 -65.534
 -65.534
 -65.534
 -65.534
 -65.534
 -65.534
 -65.534
 -65.534
 -65.534
 -65.534
 -65.534
 -65.534
 -65.534
 -65.534
  -0.250
  -0.242
  -0.314
  -0.440
  -0.640
  -0.850
  -1.079
  -1.262
  -1.430
  -1.585
  -1.702
  -1.807
  -1.912
   0.000
 -65.534
 -65.534
 -65.534
 -65.534
 -65.534
 -65.534
 -65.534
 -65.534
 -65.534
 -65.534
 -65.534
 -65.534
 -65.534
 -65.534
 -65.534
 -65.534
 -65.534
 -65.534
 -65.534
 -65.534
 -65.534
 -65.534
 -65.534
 -65.534
 -65.534
 -65.534
 -65.534
 -65.534
 -65.534
 -65.534
 -65.534
 -65.534
 -65.534
 -65.534
 -65.534
 -65.534
 -65.534
 -65.534
 -65.534
 -65.534
 -65.534
 -65.534
 -65.534
 -65.534
 -65.534
 -65.534
 -65.534
 -65.534
 -65.534
 -65.534
 -65.534
 -65.534
 -65.534
 -65.534
 -65.534
 -65.534
 -65.534
 -65.534
 -65.534
  -0.670
  -0.931
  -1.157
  -1.353
  -1.499
  -1.623
  -1.727
  -1.797
  -1.902
   0.000
 -65.534
 -65.534
 -65.534
 -65.534
 -65.534
 -65.534
 -65.534
 -65.534
 -65.534
 -65.534
 -65.534
 -65.534
 -65.534
 -65.534
 -65.534
 -65.534
 -65.534
 -65.534
 -65.534
 -65.534
 -65.534
 -65.534
 -65.534
 -65.534
 -65.534
 -65.534
 -65.534
 -65.534
 -65.534
 -65.534
 -65.534
 -65.534
 -65.534
 -65.534
 -65.534
 -65.534
 -65.534
 -65.534
 -65.534
 -65.534
 -65.534
 -65.534
 -65.534
 -65.534
 -65.534
 -65.534
 -65.534
 -65.534
 -65.534
 -65.534
 -65.534
 -65.534
 -65.534
 -65.534
 -65.534
 -65.534
 -65.534
 -65.534
 -65.534
 -65.534
 -65.534
   0.000
   0.000
   0.000
   0.000
   0.000
   0.000
   0.000
 -65.534
