 -65.534
   0.000
   0.000
   0.000
   0.000
   0.000
   0.000
   0.000
   0.000
   0.000
   0.000
   0.000
   0.000
   0.000
   0.000
   0.000
   0.000
   0.000
   0.000
   0.000
   0.000
   0.000
   0.000
   0.000
   0.000
   0.000
   0.000
   0.000
   0.000
   0.000
   0.000
   0.000
   0.000
   0.000
   0.000
   0.000
   0.000
   0.000
   0.000
   0.000
   0.000
   0.000
   0.000
   0.000
   0.000
   0.000
   0.000
   0.000
   0.000
   0.000
   0.000
   0.000
   0.000
   0.000
   0.000
   0.000
   0.000
   0.000
   0.000
   0.000
   0.000
   0.000
   0.000
   0.000
   0.000
   0.000
   0.000
   0.000
 -65.534
   0.000
   1.079
   1.186
   1.258
   1.345
   1.421
   1.479
   1.518
   1.543
   1.560
   1.574
   1.587
   1.598
   1.603
   1.604
   1.608
   1.608
   1.611
   1.624
   1.635
   1.654
   1.678
   1.699
   1.732
   1.716
   1.676
   1.643
   1.628
   1.599
   1.576
   1.544
   1.521
   1.505
   1.504
   1.494
   1.486
   1.472
   1.450
   1.435
   1.398
   1.371
   1.345
   1.303
   1.245
   1.182
   1.120
   1.069
   1.030
   1.002
   0.987
   0.977
   0.970
   0.969
   0.970
   0.987
   1.000
   1.020
   1.043
   1.068
   1.108
   1.148
   1.180
   1.207
   1.232
   1.243
   1.253
   1.261
   1.240
   0.000
   0.000
   1.199
   1.308
   1.380
   1.473
   1.564
   1.644
   1.708
   1.753
   1.793
   1.826
   1.855
   1.875
   1.887
   1.888
   1.883
   1.876
   1.870
   1.866
   1.867
   1.869
   1.872
   1.879
   1.893
   1.876
   1.845
   1.817
   1.794
   1.779
   1.766
   1.752
   1.740
   1.735
   1.737
   1.737
   1.734
   1.720
   1.699
   1.670
   1.637
   1.603
   1.563
   1.505
   1.434
   1.356
   1.279
   1.219
   1.174
   1.141
   1.117
   1.100
   1.091
   1.093
   1.104
   1.121
   1.142
   1.171
   1.204
   1.247
   1.293
   1.341
   1.386
   1.425
   1.461
   1.485
   1.500
   1.514
   1.489
   0.000
   0.000
   1.229
   1.340
   1.408
   1.493
   1.578
   1.661
   1.733
   1.796
   1.849
   1.898
   1.937
   1.967
   1.984
   1.987
   1.981
   1.968
   1.955
   1.948
   1.940
   1.932
   1.926
   1.920
   1.914
   1.903
   1.876
   1.852
   1.837
   1.827
   1.822
   1.820
   1.824
   1.833
   1.847
   1.853
   1.856
   1.847
   1.824
   1.797
   1.763
   1.727
   1.679
   1.617
   1.535
   1.445
   1.359
   1.293
   1.245
   1.209
   1.180
   1.154
   1.137
   1.133
   1.145
   1.166
   1.195
   1.229
   1.266
   1.305
   1.351
   1.400
   1.451
   1.500
   1.548
   1.584
   1.610
   1.629
   1.599
   0.000
   0.000
   1.260
   1.374
   1.432
   1.501
   1.572
   1.643
   1.711
   1.776
   1.837
   1.892
   1.940
   1.977
   2.002
   2.009
   2.004
   1.992
   1.980
   1.972
   1.964
   1.955
   1.943
   1.931
   1.916
   1.899
   1.876
   1.860
   1.848
   1.845
   1.850
   1.863
   1.879
   1.899
   1.924
   1.943
   1.952
   1.943
   1.924
   1.893
   1.860
   1.822
   1.773
   1.704
   1.619
   1.526
   1.438
   1.367
   1.312
   1.269
   1.233
   1.205
   1.185
   1.175
   1.179
   1.197
   1.225
   1.255
   1.289
   1.323
   1.367
   1.419
   1.473
   1.533
   1.591
   1.641
   1.676
   1.702
   1.672
   0.000
   0.000
   1.280
   1.408
   1.464
   1.522
   1.575
   1.630
   1.688
   1.750
   1.809
   1.862
   1.908
   1.943
   1.967
   1.977
   1.975
   1.968
   1.961
   1.956
   1.949
   1.940
   1.928
   1.914
   1.901
   1.878
   1.858
   1.850
   1.845
   1.849
   1.863
   1.887
   1.916
   1.947
   1.978
   2.002
   2.014
   2.007
   1.987
   1.956
   1.923
   1.887
   1.837
   1.771
   1.689
   1.597
   1.507
   1.429
   1.369
   1.324
   1.285
   1.253
   1.230
   1.215
   1.216
   1.225
   1.243
   1.267
   1.292
   1.324
   1.364
   1.415
   1.477
   1.543
   1.613
   1.675
   1.722
   1.756
   1.727
   0.000
   0.000
   1.290
   1.438
   1.500
   1.554
   1.597
   1.642
   1.691
   1.742
   1.794
   1.839
   1.879
   1.910
   1.929
   1.938
   1.935
   1.931
   1.925
   1.923
   1.919
   1.910
   1.896
   1.883
   1.868
   1.851
   1.843
   1.840
   1.844
   1.853
   1.874
   1.905
   1.942
   1.979
   2.011
   2.039
   2.051
   2.045
   2.024
   1.995
   1.966
   1.932
   1.887
   1.824
   1.744
   1.653
   1.564
   1.485
   1.419
   1.369
   1.327
   1.295
   1.273
   1.255
   1.252
   1.255
   1.262
   1.278
   1.294
   1.318
   1.352
   1.405
   1.469
   1.542
   1.615
   1.690
   1.750
   1.796
   1.775
   0.000
   0.000
   1.286
   1.454
   1.529
   1.588
   1.631
   1.672
   1.712
   1.755
   1.798
   1.840
   1.873
   1.896
   1.910
   1.915
   1.911
   1.904
   1.898
   1.896
   1.891
   1.884
   1.872
   1.860
   1.850
   1.840
   1.835
   1.837
   1.843
   1.859
   1.883
   1.917
   1.953
   1.989
   2.018
   2.044
   2.053
   2.049
   2.034
   2.013
   1.991
   1.963
   1.925
   1.866
   1.795
   1.710
   1.618
   1.535
   1.466
   1.406
   1.361
   1.328
   1.302
   1.288
   1.281
   1.281
   1.284
   1.288
   1.295
   1.311
   1.343
   1.386
   1.451
   1.526
   1.610
   1.691
   1.763
   1.818
   1.811
   0.000
   0.000
   1.267
   1.453
   1.541
   1.611
   1.663
   1.704
   1.743
   1.782
   1.825
   1.864
   1.891
   1.908
   1.918
   1.917
   1.908
   1.898
   1.889
   1.881
   1.876
   1.870
   1.862
   1.855
   1.850
   1.846
   1.840
   1.841
   1.846
   1.860
   1.882
   1.915
   1.952
   1.985
   2.012
   2.032
   2.041
   2.043
   2.033
   2.020
   2.008
   1.993
   1.958
   1.909
   1.844
   1.766
   1.678
   1.594
   1.519
   1.456
   1.403
   1.363
   1.331
   1.311
   1.301
   1.297
   1.296
   1.293
   1.293
   1.298
   1.329
   1.370
   1.432
   1.506
   1.591
   1.681
   1.762
   1.828
   1.828
   0.000
   0.000
   1.233
   1.430
   1.530
   1.612
   1.674
   1.726
   1.772
   1.816
   1.857
   1.897
   1.923
   1.938
   1.942
   1.937
   1.924
   1.908
   1.892
   1.881
   1.874
   1.871
   1.870
   1.867
   1.868
   1.863
   1.854
   1.849
   1.850
   1.861
   1.882
   1.913
   1.946
   1.976
   2.006
   2.027
   2.039
   2.045
   2.041
   2.034
   2.031
   2.025
   2.001
   1.960
   1.903
   1.832
   1.753
   1.672
   1.596
   1.530
   1.468
   1.411
   1.370
   1.341
   1.321
   1.307
   1.298
   1.290
   1.285
   1.289
   1.313
   1.356
   1.412
   1.485
   1.571
   1.663
   1.751
   1.827
   1.841
   0.000
   0.000
   1.184
   1.385
   1.497
   1.591
   1.666
   1.722
   1.777
   1.828
   1.875
   1.919
   1.948
   1.965
   1.971
   1.967
   1.951
   1.930
   1.911
   1.895
   1.886
   1.884
   1.886
   1.892
   1.896
   1.890
   1.880
   1.867
   1.862
   1.872
   1.892
   1.918
   1.950
   1.982
   2.012
   2.040
   2.059
   2.067
   2.066
   2.063
   2.066
   2.066
   2.053
   2.020
   1.973
   1.909
   1.835
   1.760
   1.687
   1.617
   1.547
   1.475
   1.431
   1.384
   1.344
   1.310
   1.293
   1.278
   1.267
   1.271
   1.296
   1.339
   1.398
   1.467
   1.556
   1.648
   1.743
   1.826
   1.846
   0.000
   0.000
   1.147
   1.334
   1.444
   1.538
   1.619
   1.702
   1.771
   1.821
   1.873
   1.923
   1.961
   1.984
   1.998
   2.000
   1.988
   1.970
   1.946
   1.925
   1.912
   1.908
   1.913
   1.920
   1.927
   1.926
   1.915
   1.904
   1.898
   1.902
   1.919
   1.945
   1.977
   2.011
   2.045
   2.078
   2.101
   2.112
   2.114
   2.110
   2.115
   2.121
   2.115
   2.088
   2.045
   1.988
   1.921
   1.849
   1.776
   1.704
   1.627
   1.550
   1.492
   1.430
   1.373
   1.320
   1.273
   1.245
   1.234
   1.243
   1.272
   1.322
   1.385
   1.463
   1.552
   1.650
   1.747
   1.832
   1.854
   0.000
   0.000
   1.094
   1.302
   1.397
   1.485
   1.563
   1.651
   1.729
   1.803
   1.864
   1.920
   1.953
   1.982
   2.008
   2.022
   2.020
   2.006
   1.984
   1.960
   1.942
   1.935
   1.936
   1.945
   1.956
   1.962
   1.961
   1.957
   1.953
   1.956
   1.969
   1.995
   2.027
   2.063
   2.100
   2.135
   2.162
   2.176
   2.178
   2.173
   2.176
   2.184
   2.182
   2.166
   2.126
   2.070
   2.005
   1.936
   1.856
   1.779
   1.700
   1.625
   1.561
   1.488
   1.408
   1.327
   1.256
   1.205
   1.193
   1.206
   1.246
   1.307
   1.381
   1.468
   1.566
   1.671
   1.771
   1.855
   1.869
   0.000
 -65.534
 -65.534
   1.200
   1.355
   1.436
   1.515
   1.592
   1.666
   1.747
   1.813
   1.872
   1.922
   1.954
   1.987
   2.009
   2.018
   2.013
   1.999
   1.975
   1.957
   1.947
   1.947
   1.959
   1.978
   1.996
   2.009
   2.018
   2.021
   2.024
   2.036
   2.060
   2.090
   2.130
   2.170
   2.203
   2.224
   2.239
   2.244
   2.241
   2.244
   2.250
   2.250
   2.240
   2.206
   2.153
   2.089
   2.013
   1.933
   1.847
   1.763
   1.685
   1.608
   1.528
   1.428
   1.325
   1.236
   1.174
   1.156
   1.178
   1.232
   1.305
   1.393
   1.499
   1.607
   1.718
   1.817
   1.895
   1.903
   0.000
 -65.534
 -65.534
 -65.534
   1.227
   1.391
   1.471
   1.543
   1.611
   1.671
   1.728
   1.782
   1.843
   1.884
   1.921
   1.953
   1.977
   1.985
   1.980
   1.964
   1.948
   1.938
   1.940
   1.957
   1.988
   2.022
   2.055
   2.081
   2.097
   2.102
   2.110
   2.130
   2.159
   2.196
   2.229
   2.253
   2.287
   2.303
   2.306
   2.306
   2.308
   2.313
   2.316
   2.306
   2.274
   2.227
   2.160
   2.085
   1.998
   1.907
   1.815
   1.730
   1.643
   1.550
   1.434
   1.316
   1.222
   1.164
   1.143
   1.171
   1.233
   1.321
   1.425
   1.537
   1.656
   1.769
   1.867
   1.949
   1.949
   0.000
 -65.534
 -65.534
 -65.534
 -65.534
   1.295
   1.411
   1.481
   1.539
   1.592
   1.644
   1.694
   1.738
   1.780
   1.817
   1.858
   1.891
   1.914
   1.920
   1.915
   1.903
   1.897
   1.903
   1.927
   1.969
   2.020
   2.073
   2.119
   2.149
   2.163
   2.169
   2.184
   2.206
   2.235
   2.264
   2.291
   2.321
   2.334
   2.356
   2.362
   2.365
   2.371
   2.375
   2.361
   2.329
   2.281
   2.219
   2.143
   2.057
   1.962
   1.862
   1.768
   1.667
   1.559
   1.442
   1.324
   1.232
   1.180
   1.166
   1.198
   1.267
   1.359
   1.468
   1.584
   1.702
   1.812
   1.912
   1.989
   1.983
   0.000
 -65.534
 -65.534
 -65.534
 -65.534
   1.212
   1.327
   1.396
   1.449
   1.501
   1.553
   1.602
   1.644
   1.680
   1.716
   1.751
   1.782
   1.810
   1.827
   1.832
   1.826
   1.825
   1.836
   1.861
   1.907
   1.967
   2.035
   2.099
   2.147
   2.173
   2.190
   2.205
   2.221
   2.243
   2.269
   2.298
   2.326
   2.349
   2.372
   2.379
   2.392
   2.405
   2.408
   2.394
   2.360
   2.309
   2.252
   2.183
   2.103
   2.010
   1.909
   1.799
   1.685
   1.572
   1.456
   1.357
   1.281
   1.240
   1.232
   1.261
   1.325
   1.414
   1.517
   1.627
   1.737
   1.835
   1.928
   1.998
   1.983
   0.000
 -65.534
 -65.534
 -65.534
 -65.534
   1.128
   1.231
   1.294
   1.346
   1.397
   1.453
   1.505
   1.548
   1.585
   1.618
   1.646
   1.671
   1.694
   1.714
   1.725
   1.731
   1.737
   1.747
   1.772
   1.812
   1.867
   1.935
   2.010
   2.075
   2.121
   2.152
   2.175
   2.191
   2.207
   2.232
   2.261
   2.294
   2.327
   2.353
   2.369
   2.380
   2.385
   2.385
   2.383
   2.354
   2.304
   2.250
   2.186
   2.112
   2.023
   1.922
   1.808
   1.692
   1.583
   1.483
   1.405
   1.349
   1.319
   1.318
   1.347
   1.404
   1.480
   1.568
   1.663
   1.753
   1.836
   1.916
   1.979
   1.957
   0.000
 -65.534
 -65.534
 -65.534
 -65.534
   0.989
   1.070
   1.135
   1.197
   1.284
   1.339
   1.393
   1.441
   1.482
   1.517
   1.542
   1.563
   1.582
   1.599
   1.614
   1.622
   1.633
   1.645
   1.662
   1.693
   1.737
   1.794
   1.863
   1.931
   1.989
   2.037
   2.073
   2.096
   2.117
   2.142
   2.173
   2.212
   2.251
   2.285
   2.305
   2.316
   2.316
   2.313
   2.306
   2.280
   2.241
   2.200
   2.143
   2.072
   1.988
   1.894
   1.788
   1.682
   1.586
   1.505
   1.441
   1.404
   1.392
   1.402
   1.437
   1.490
   1.555
   1.628
   1.697
   1.766
   1.834
   1.901
   1.960
   1.927
   0.000
 -65.534
 -65.534
 -65.534
 -65.534
 -65.534
 -65.534
 -65.534
 -65.534
   1.102
   1.202
   1.270
   1.325
   1.372
   1.409
   1.437
   1.457
   1.474
   1.490
   1.504
   1.517
   1.527
   1.534
   1.546
   1.567
   1.599
   1.641
   1.696
   1.754
   1.811
   1.864
   1.911
   1.947
   1.978
   2.008
   2.043
   2.081
   2.122
   2.157
   2.181
   2.195
   2.199
   2.194
   2.179
   2.160
   2.136
   2.099
   2.045
   1.985
   1.920
   1.840
   1.754
   1.668
   1.588
   1.524
   1.481
   1.462
   1.463
   1.484
   1.527
   1.581
   1.639
   1.692
   1.737
   1.787
   1.841
   1.898
   1.951
   1.914
   0.000
 -65.534
 -65.534
 -65.534
 -65.534
 -65.534
 -65.534
   0.560
   0.671
   0.941
   1.078
   1.155
   1.217
   1.269
   1.308
   1.338
   1.359
   1.376
   1.392
   1.409
   1.419
   1.424
   1.427
   1.434
   1.446
   1.464
   1.498
   1.540
   1.587
   1.634
   1.685
   1.732
   1.768
   1.806
   1.842
   1.876
   1.914
   1.952
   1.984
   2.010
   2.026
   2.033
   2.031
   2.024
   2.013
   1.997
   1.965
   1.926
   1.887
   1.830
   1.762
   1.699
   1.638
   1.584
   1.542
   1.522
   1.521
   1.536
   1.569
   1.618
   1.668
   1.712
   1.747
   1.774
   1.806
   1.854
   1.905
   1.954
   1.911
   0.000
 -65.534
 -65.534
 -65.534
 -65.534
 -65.534
 -65.534
 -65.534
 -65.534
 -65.534
   0.902
   0.990
   1.055
   1.106
   1.150
   1.191
   1.262
   1.286
   1.305
   1.321
   1.327
   1.325
   1.321
   1.326
   1.337
   1.355
   1.378
   1.405
   1.442
   1.481
   1.519
   1.558
   1.595
   1.630
   1.665
   1.697
   1.732
   1.765
   1.795
   1.821
   1.839
   1.854
   1.860
   1.858
   1.853
   1.844
   1.823
   1.795
   1.766
   1.725
   1.686
   1.649
   1.619
   1.590
   1.574
   1.572
   1.588
   1.617
   1.658
   1.706
   1.742
   1.769
   1.783
   1.800
   1.828
   1.866
   1.911
   1.954
   1.897
   0.000
 -65.534
 -65.534
 -65.534
 -65.534
 -65.534
 -65.534
 -65.534
 -65.534
 -65.534
 -65.534
 -65.534
 -65.534
 -65.534
 -65.534
 -65.534
   0.989
   1.091
   1.141
   1.175
   1.232
   1.237
   1.234
   1.237
   1.248
   1.261
   1.282
   1.307
   1.332
   1.359
   1.388
   1.416
   1.445
   1.471
   1.500
   1.531
   1.559
   1.590
   1.620
   1.654
   1.679
   1.698
   1.707
   1.708
   1.705
   1.698
   1.685
   1.666
   1.645
   1.625
   1.605
   1.591
   1.589
   1.589
   1.599
   1.623
   1.659
   1.698
   1.742
   1.779
   1.795
   1.800
   1.806
   1.819
   1.839
   1.867
   1.908
   1.946
   1.876
   0.000
 -65.534
 -65.534
 -65.534
 -65.534
 -65.534
 -65.534
 -65.534
 -65.534
 -65.534
 -65.534
 -65.534
 -65.534
 -65.534
 -65.534
 -65.534
 -65.534
 -65.534
 -65.534
 -65.534
   1.047
   1.132
   1.156
   1.173
   1.187
   1.200
   1.217
   1.238
   1.261
   1.278
   1.294
   1.313
   1.332
   1.352
   1.372
   1.398
   1.426
   1.455
   1.486
   1.519
   1.551
   1.575
   1.590
   1.592
   1.588
   1.582
   1.568
   1.551
   1.538
   1.535
   1.536
   1.548
   1.573
   1.601
   1.634
   1.676
   1.724
   1.769
   1.806
   1.830
   1.827
   1.817
   1.818
   1.824
   1.840
   1.866
   1.899
   1.930
   1.843
   0.000
 -65.534
 -65.534
 -65.534
 -65.534
 -65.534
 -65.534
 -65.534
 -65.534
 -65.534
 -65.534
 -65.534
 -65.534
 -65.534
 -65.534
 -65.534
 -65.534
 -65.534
 -65.534
   0.824
   1.035
   1.088
   1.117
   1.136
   1.154
   1.168
   1.181
   1.200
   1.217
   1.230
   1.242
   1.253
   1.265
   1.277
   1.292
   1.314
   1.343
   1.374
   1.405
   1.435
   1.466
   1.496
   1.519
   1.525
   1.522
   1.510
   1.490
   1.470
   1.461
   1.469
   1.493
   1.534
   1.584
   1.635
   1.682
   1.726
   1.770
   1.815
   1.845
   1.854
   1.841
   1.827
   1.823
   1.825
   1.839
   1.859
   1.885
   1.909
   1.805
   0.000
 -65.534
 -65.534
 -65.534
 -65.534
 -65.534
 -65.534
 -65.534
 -65.534
 -65.534
 -65.534
 -65.534
 -65.534
 -65.534
 -65.534
 -65.534
 -65.534
 -65.534
   0.866
   1.008
   1.080
   1.112
   1.130
   1.144
   1.155
   1.163
   1.174
   1.189
   1.203
   1.214
   1.225
   1.235
   1.240
   1.250
   1.263
   1.281
   1.307
   1.335
   1.363
   1.392
   1.423
   1.457
   1.490
   1.514
   1.530
   1.526
   1.500
   1.466
   1.448
   1.461
   1.494
   1.550
   1.620
   1.681
   1.727
   1.761
   1.803
   1.839
   1.857
   1.856
   1.842
   1.827
   1.822
   1.825
   1.839
   1.858
   1.879
   1.893
   1.774
   0.000
 -65.534
 -65.534
 -65.534
 -65.534
 -65.534
 -65.534
 -65.534
 -65.534
 -65.534
 -65.534
 -65.534
 -65.534
 -65.534
 -65.534
 -65.534
 -65.534
 -65.534
   0.971
   1.063
   1.112
   1.141
   1.160
   1.180
   1.189
   1.187
   1.188
   1.194
   1.203
   1.214
   1.225
   1.237
   1.241
   1.249
   1.263
   1.279
   1.303
   1.327
   1.351
   1.376
   1.405
   1.443
   1.489
   1.536
   1.579
   1.599
   1.577
   1.531
   1.502
   1.504
   1.536
   1.588
   1.644
   1.697
   1.735
   1.761
   1.786
   1.817
   1.836
   1.833
   1.823
   1.816
   1.819
   1.826
   1.838
   1.853
   1.872
   1.880
   1.755
   0.000
 -65.534
 -65.534
 -65.534
 -65.534
 -65.534
 -65.534
 -65.534
 -65.534
 -65.534
 -65.534
 -65.534
 -65.534
 -65.534
 -65.534
 -65.534
 -65.534
 -65.534
   0.958
   1.057
   1.106
   1.143
   1.175
   1.205
   1.218
   1.217
   1.207
   1.201
   1.199
   1.205
   1.219
   1.233
   1.239
   1.250
   1.266
   1.284
   1.305
   1.327
   1.354
   1.379
   1.408
   1.451
   1.505
   1.564
   1.620
   1.653
   1.647
   1.613
   1.589
   1.582
   1.599
   1.634
   1.670
   1.712
   1.738
   1.753
   1.764
   1.784
   1.799
   1.807
   1.806
   1.807
   1.815
   1.825
   1.838
   1.850
   1.864
   1.864
   1.744
   0.000
 -65.534
 -65.534
 -65.534
 -65.534
 -65.534
 -65.534
 -65.534
 -65.534
 -65.534
 -65.534
 -65.534
 -65.534
 -65.534
 -65.534
 -65.534
 -65.534
 -65.534
   0.869
   1.000
   1.072
   1.121
   1.166
   1.206
   1.225
   1.223
   1.215
   1.206
   1.197
   1.198
   1.210
   1.225
   1.234
   1.248
   1.269
   1.292
   1.318
   1.344
   1.374
   1.406
   1.443
   1.491
   1.550
   1.606
   1.657
   1.691
   1.702
   1.691
   1.676
   1.668
   1.672
   1.684
   1.704
   1.727
   1.741
   1.742
   1.745
   1.748
   1.763
   1.774
   1.785
   1.797
   1.810
   1.823
   1.833
   1.839
   1.845
   1.841
   1.718
   0.000
 -65.534
 -65.534
 -65.534
 -65.534
 -65.534
 -65.534
 -65.534
 -65.534
 -65.534
 -65.534
 -65.534
 -65.534
 -65.534
 -65.534
 -65.534
 -65.534
 -65.534
 -65.534
   0.879
   1.001
   1.071
   1.125
   1.168
   1.194
   1.197
   1.197
   1.195
   1.187
   1.187
   1.197
   1.216
   1.228
   1.248
   1.271
   1.300
   1.331
   1.364
   1.403
   1.448
   1.497
   1.553
   1.607
   1.657
   1.698
   1.733
   1.750
   1.756
   1.755
   1.756
   1.752
   1.755
   1.755
   1.760
   1.759
   1.753
   1.741
   1.740
   1.744
   1.752
   1.767
   1.782
   1.799
   1.809
   1.813
   1.811
   1.801
   1.782
   1.643
   0.000
 -65.534
 -65.534
 -65.534
 -65.534
 -65.534
 -65.534
 -65.534
 -65.534
 -65.534
 -65.534
 -65.534
 -65.534
 -65.534
 -65.534
 -65.534
 -65.534
 -65.534
 -65.534
 -65.534
   0.875
   0.979
   1.035
   1.081
   1.111
   1.131
   1.145
   1.156
   1.162
   1.169
   1.182
   1.198
   1.216
   1.237
   1.263
   1.300
   1.343
   1.382
   1.432
   1.488
   1.543
   1.585
   1.627
   1.669
   1.712
   1.752
   1.783
   1.801
   1.817
   1.828
   1.830
   1.833
   1.824
   1.817
   1.808
   1.792
   1.777
   1.764
   1.755
   1.756
   1.765
   1.773
   1.779
   1.781
   1.774
   1.758
   1.733
   1.688
   1.528
   0.000
 -65.534
 -65.534
 -65.534
 -65.534
 -65.534
 -65.534
 -65.534
 -65.534
 -65.534
 -65.534
 -65.534
 -65.534
 -65.534
 -65.534
 -65.534
 -65.534
 -65.534
 -65.534
 -65.534
 -65.534
   0.859
   0.937
   0.995
   1.032
   1.074
   1.093
   1.111
   1.126
   1.139
   1.156
   1.169
   1.184
   1.192
   1.192
   1.170
   1.086
 -65.534
 -65.534
 -65.534
 -65.534
   1.346
   1.512
   1.610
   1.678
   1.746
   1.800
   1.840
   1.874
   1.894
   1.904
   1.900
   1.888
   1.875
   1.854
   1.828
   1.810
   1.793
   1.778
   1.764
   1.759
   1.757
   1.755
   1.743
   1.720
   1.683
   1.641
   1.581
   1.408
   0.000
 -65.534
 -65.534
 -65.534
 -65.534
 -65.534
 -65.534
 -65.534
 -65.534
 -65.534
 -65.534
 -65.534
 -65.534
 -65.534
 -65.534
 -65.534
 -65.534
 -65.534
 -65.534
 -65.534
 -65.534
 -65.534
 -65.534
 -65.534
 -65.534
   0.964
   1.024
   1.052
   1.075
   1.096
   1.116
   1.130
   1.140
   1.134
   1.114
   1.063
   0.966
 -65.534
 -65.534
 -65.534
 -65.534
 -65.534
 -65.534
   1.414
   1.590
   1.708
   1.796
   1.858
   1.900
   1.926
   1.931
   1.926
   1.919
   1.903
   1.878
   1.856
   1.835
   1.811
   1.790
   1.770
   1.756
   1.745
   1.729
   1.701
   1.662
   1.610
   1.545
   1.468
   1.293
   0.000
 -65.534
 -65.534
 -65.534
 -65.534
 -65.534
 -65.534
 -65.534
 -65.534
 -65.534
 -65.534
 -65.534
 -65.534
 -65.534
 -65.534
 -65.534
 -65.534
 -65.534
 -65.534
 -65.534
 -65.534
 -65.534
 -65.534
 -65.534
 -65.534
   0.848
   0.926
   0.962
   1.000
   1.035
   1.067
   1.078
   1.082
   1.073
   1.049
   1.008
   0.942
 -65.534
 -65.534
 -65.534
 -65.534
 -65.534
 -65.534
 -65.534
   1.444
   1.634
   1.744
   1.831
   1.880
   1.912
   1.923
   1.925
   1.922
   1.912
   1.896
   1.876
   1.860
   1.847
   1.823
   1.795
   1.768
   1.735
   1.698
   1.648
   1.589
   1.521
   1.447
   1.363
   1.196
   0.000
 -65.534
 -65.534
 -65.534
 -65.534
 -65.534
 -65.534
 -65.534
 -65.534
 -65.534
 -65.534
 -65.534
 -65.534
 -65.534
 -65.534
 -65.534
 -65.534
 -65.534
 -65.534
 -65.534
 -65.534
 -65.534
 -65.534
 -65.534
 -65.534
 -65.534
 -65.534
 -65.534
 -65.534
 -65.534
   0.876
   0.957
   0.990
   1.014
   1.006
   0.982
   0.941
   0.667
 -65.534
 -65.534
 -65.534
 -65.534
 -65.534
 -65.534
   1.224
   1.326
 -65.534
   1.541
   1.720
   1.796
   1.857
   1.882
   1.899
   1.899
   1.897
   1.893
   1.886
   1.877
   1.850
   1.813
   1.771
   1.724
   1.666
   1.599
   1.520
   1.440
   1.355
   1.264
   1.111
   0.000
 -65.534
 -65.534
 -65.534
 -65.534
 -65.534
 -65.534
 -65.534
 -65.534
 -65.534
 -65.534
 -65.534
 -65.534
 -65.534
 -65.534
 -65.534
 -65.534
 -65.534
 -65.534
 -65.534
 -65.534
 -65.534
 -65.534
 -65.534
 -65.534
 -65.534
 -65.534
 -65.534
 -65.534
 -65.534
 -65.534
 -65.534
 -65.534
   0.835
   0.919
   0.938
   0.914
   0.799
   0.605
 -65.534
 -65.534
 -65.534
 -65.534
 -65.534
 -65.534
 -65.534
 -65.534
 -65.534
 -65.534
 -65.534
   1.510
   1.720
   1.808
   1.871
   1.887
   1.887
   1.873
   1.851
   1.819
   1.779
   1.738
   1.689
   1.625
   1.551
   1.471
   1.387
   1.296
   1.202
   1.054
   0.000
 -65.534
 -65.534
 -65.534
 -65.534
 -65.534
 -65.534
 -65.534
 -65.534
 -65.534
 -65.534
 -65.534
 -65.534
 -65.534
 -65.534
 -65.534
 -65.534
 -65.534
 -65.534
 -65.534
 -65.534
 -65.534
 -65.534
 -65.534
 -65.534
 -65.534
 -65.534
 -65.534
 -65.534
 -65.534
 -65.534
 -65.534
 -65.534
   0.707
   0.803
   0.855
   0.853
   0.812
   0.727
   0.589
   0.477
 -65.534
 -65.534
 -65.534
 -65.534
 -65.534
 -65.534
 -65.534
 -65.534
 -65.534
 -65.534
 -65.534
 -65.534
   1.536
   1.712
   1.761
   1.781
   1.761
   1.727
   1.696
   1.665
   1.628
   1.576
   1.512
   1.441
   1.362
   1.274
   1.178
   1.033
   0.000
 -65.534
 -65.534
 -65.534
 -65.534
 -65.534
 -65.534
 -65.534
 -65.534
 -65.534
 -65.534
 -65.534
 -65.534
 -65.534
 -65.534
 -65.534
 -65.534
 -65.534
 -65.534
 -65.534
 -65.534
 -65.534
 -65.534
 -65.534
 -65.534
 -65.534
 -65.534
 -65.534
 -65.534
 -65.534
 -65.534
 -65.534
 -65.534
 -65.534
 -65.534
 -65.534
 -65.534
   0.575
   0.638
   0.624
   0.583
   0.493
   0.431
   0.402
   0.392
   0.418
 -65.534
 -65.534
 -65.534
 -65.534
 -65.534
 -65.534
 -65.534
 -65.534
 -65.534
 -65.534
   1.444
   1.590
   1.606
   1.595
   1.580
   1.555
   1.516
   1.466
   1.411
   1.345
   1.264
   1.168
   1.028
   0.000
 -65.534
 -65.534
 -65.534
 -65.534
 -65.534
 -65.534
 -65.534
 -65.534
 -65.534
 -65.534
 -65.534
 -65.534
 -65.534
 -65.534
 -65.534
 -65.534
 -65.534
 -65.534
 -65.534
 -65.534
 -65.534
 -65.534
 -65.534
 -65.534
 -65.534
 -65.534
 -65.534
 -65.534
 -65.534
 -65.534
 -65.534
 -65.534
 -65.534
 -65.534
 -65.534
 -65.534
 -65.534
 -65.534
 -65.534
 -65.534
   0.348
 -65.534
 -65.534
 -65.534
 -65.534
 -65.534
 -65.534
 -65.534
 -65.534
 -65.534
 -65.534
 -65.534
 -65.534
 -65.534
 -65.534
   1.257
   1.429
   1.464
   1.468
   1.485
   1.474
   1.431
   1.383
   1.340
   1.292
   1.231
   1.151
   1.017
   0.000
 -65.534
 -65.534
 -65.534
 -65.534
 -65.534
 -65.534
 -65.534
 -65.534
 -65.534
 -65.534
 -65.534
 -65.534
 -65.534
 -65.534
 -65.534
 -65.534
 -65.534
 -65.534
 -65.534
 -65.534
 -65.534
 -65.534
 -65.534
 -65.534
 -65.534
 -65.534
 -65.534
 -65.534
 -65.534
 -65.534
 -65.534
 -65.534
 -65.534
 -65.534
 -65.534
 -65.534
 -65.534
 -65.534
 -65.534
 -65.534
 -65.534
 -65.534
 -65.534
 -65.534
 -65.534
 -65.534
 -65.534
 -65.534
 -65.534
 -65.534
 -65.534
 -65.534
 -65.534
 -65.534
 -65.534
 -65.534
 -65.534
 -65.534
 -65.534
   1.201
   1.313
   1.310
   1.260
   1.230
   1.209
   1.180
   1.133
   1.015
   0.000
 -65.534
 -65.534
 -65.534
 -65.534
 -65.534
 -65.534
 -65.534
 -65.534
 -65.534
 -65.534
 -65.534
 -65.534
 -65.534
 -65.534
 -65.534
 -65.534
 -65.534
 -65.534
 -65.534
 -65.534
 -65.534
 -65.534
 -65.534
 -65.534
 -65.534
 -65.534
 -65.534
 -65.534
 -65.534
 -65.534
 -65.534
 -65.534
 -65.534
 -65.534
 -65.534
 -65.534
 -65.534
 -65.534
 -65.534
 -65.534
 -65.534
 -65.534
 -65.534
 -65.534
 -65.534
 -65.534
 -65.534
 -65.534
 -65.534
 -65.534
 -65.534
 -65.534
 -65.534
 -65.534
 -65.534
 -65.534
 -65.534
 -65.534
 -65.534
 -65.534
 -65.534
   0.000
   0.000
   0.000
   0.000
   0.000
   0.000
   0.000
 -65.534
