 -65.534
   0.000
   0.000
   0.000
   0.000
   0.000
   0.000
   0.000
   0.000
   0.000
   0.000
   0.000
   0.000
   0.000
   0.000
   0.000
   0.000
   0.000
   0.000
   0.000
   0.000
   0.000
   0.000
   0.000
   0.000
   0.000
   0.000
   0.000
   0.000
   0.000
   0.000
   0.000
   0.000
   0.000
   0.000
   0.000
   0.000
   0.000
   0.000
   0.000
   0.000
   0.000
   0.000
   0.000
   0.000
   0.000
   0.000
   0.000
   0.000
   0.000
   0.000
   0.000
   0.000
   0.000
   0.000
   0.000
   0.000
   0.000
   0.000
   0.000
   0.000
   0.000
   0.000
   0.000
   0.000
   0.000
   0.000
   0.000
 -65.534
   0.000
   1.199
   1.349
   1.458
   1.567
   1.663
   1.743
   1.800
   1.838
   1.864
   1.872
   1.858
   1.825
   1.776
   1.707
   1.621
   1.524
   1.438
   1.379
   1.361
   1.379
   1.432
   1.500
   1.598
   1.615
   1.609
   1.608
   1.624
   1.644
   1.684
   1.732
   1.785
   1.850
   1.916
   1.939
   1.958
   1.951
   1.910
   1.823
   1.687
   1.525
   1.347
   1.181
   1.126
   1.135
   1.232
   1.340
   1.457
   1.560
   1.643
   1.698
   1.719
   1.717
   1.704
   1.694
   1.678
   1.660
   1.643
   1.629
   1.624
   1.626
   1.620
   1.620
   1.626
   1.622
   1.621
   1.629
   1.603
   0.000
   0.000
   1.218
   1.362
   1.464
   1.567
   1.656
   1.734
   1.799
   1.849
   1.899
   1.942
   1.962
   1.961
   1.944
   1.895
   1.821
   1.733
   1.639
   1.560
   1.515
   1.508
   1.536
   1.581
   1.650
   1.669
   1.669
   1.677
   1.700
   1.743
   1.798
   1.872
   1.953
   2.037
   2.117
   2.166
   2.194
   2.200
   2.165
   2.078
   1.956
   1.803
   1.630
   1.452
   1.304
   1.301
   1.373
   1.487
   1.618
   1.746
   1.853
   1.923
   1.950
   1.951
   1.937
   1.913
   1.889
   1.865
   1.853
   1.850
   1.857
   1.871
   1.878
   1.884
   1.892
   1.893
   1.896
   1.906
   1.876
   0.000
   0.000
   1.169
   1.309
   1.402
   1.489
   1.565
   1.634
   1.698
   1.763
   1.834
   1.896
   1.948
   1.977
   1.976
   1.944
   1.883
   1.807
   1.725
   1.650
   1.598
   1.576
   1.588
   1.615
   1.652
   1.681
   1.687
   1.704
   1.734
   1.780
   1.847
   1.935
   2.031
   2.134
   2.229
   2.292
   2.336
   2.348
   2.320
   2.253
   2.145
   2.008
   1.837
   1.655
   1.503
   1.435
   1.456
   1.556
   1.687
   1.817
   1.928
   1.995
   2.020
   2.021
   2.006
   1.982
   1.960
   1.936
   1.925
   1.923
   1.938
   1.958
   1.977
   1.990
   2.002
   2.006
   2.010
   2.021
   1.994
   0.000
   0.000
   1.115
   1.247
   1.334
   1.407
   1.465
   1.512
   1.571
   1.637
   1.719
   1.804
   1.870
   1.918
   1.935
   1.923
   1.880
   1.826
   1.764
   1.706
   1.663
   1.641
   1.645
   1.662
   1.682
   1.703
   1.714
   1.734
   1.762
   1.810
   1.880
   1.973
   2.080
   2.193
   2.301
   2.384
   2.438
   2.464
   2.449
   2.391
   2.311
   2.191
   2.034
   1.858
   1.693
   1.580
   1.565
   1.636
   1.751
   1.872
   1.970
   2.027
   2.048
   2.045
   2.031
   2.013
   1.990
   1.969
   1.955
   1.957
   1.974
   1.998
   2.021
   2.042
   2.060
   2.068
   2.078
   2.097
   2.074
   0.000
   0.000
   1.048
   1.177
   1.258
   1.325
   1.368
   1.404
   1.445
   1.501
   1.581
   1.669
   1.748
   1.808
   1.843
   1.845
   1.827
   1.795
   1.760
   1.727
   1.698
   1.686
   1.689
   1.704
   1.723
   1.725
   1.734
   1.759
   1.788
   1.826
   1.894
   1.988
   2.098
   2.218
   2.335
   2.432
   2.501
   2.536
   2.541
   2.502
   2.442
   2.346
   2.211
   2.050
   1.890
   1.756
   1.693
   1.718
   1.803
   1.896
   1.966
   2.007
   2.022
   2.019
   2.017
   2.004
   1.982
   1.961
   1.945
   1.947
   1.964
   1.993
   2.020
   2.050
   2.079
   2.100
   2.119
   2.145
   2.129
   0.000
   0.000
   0.982
   1.090
   1.166
   1.234
   1.278
   1.309
   1.338
   1.384
   1.453
   1.535
   1.614
   1.683
   1.734
   1.755
   1.756
   1.748
   1.734
   1.719
   1.708
   1.702
   1.706
   1.719
   1.729
   1.738
   1.757
   1.780
   1.803
   1.835
   1.893
   1.983
   2.089
   2.213
   2.333
   2.444
   2.529
   2.589
   2.608
   2.593
   2.549
   2.476
   2.363
   2.223
   2.071
   1.926
   1.836
   1.807
   1.838
   1.885
   1.917
   1.938
   1.944
   1.947
   1.955
   1.954
   1.934
   1.911
   1.899
   1.902
   1.924
   1.955
   1.989
   2.028
   2.065
   2.103
   2.135
   2.170
   2.167
   0.000
   0.000
   0.924
   1.013
   1.069
   1.132
   1.183
   1.221
   1.252
   1.291
   1.351
   1.427
   1.503
   1.575
   1.632
   1.667
   1.682
   1.689
   1.689
   1.690
   1.691
   1.698
   1.708
   1.724
   1.741
   1.753
   1.769
   1.787
   1.801
   1.823
   1.869
   1.954
   2.061
   2.181
   2.308
   2.434
   2.535
   2.613
   2.658
   2.663
   2.639
   2.576
   2.480
   2.356
   2.224
   2.081
   1.967
   1.903
   1.878
   1.862
   1.854
   1.844
   1.836
   1.840
   1.855
   1.859
   1.846
   1.832
   1.830
   1.846
   1.869
   1.898
   1.938
   1.982
   2.036
   2.086
   2.133
   2.180
   2.195
   0.000
   0.000
   0.794
   0.891
   1.006
   1.043
   1.085
   1.127
   1.163
   1.207
   1.269
   1.343
   1.420
   1.491
   1.550
   1.591
   1.615
   1.629
   1.640
   1.651
   1.663
   1.679
   1.697
   1.719
   1.746
   1.765
   1.776
   1.784
   1.793
   1.805
   1.845
   1.926
   2.030
   2.151
   2.285
   2.417
   2.534
   2.630
   2.691
   2.716
   2.710
   2.663
   2.571
   2.459
   2.337
   2.205
   2.090
   2.000
   1.936
   1.880
   1.825
   1.780
   1.746
   1.734
   1.741
   1.752
   1.757
   1.767
   1.782
   1.802
   1.831
   1.860
   1.895
   1.944
   2.001
   2.067
   2.128
   2.184
   2.200
   0.000
   0.000
   0.745
   0.821
   0.856
   0.902
   1.012
   1.047
   1.076
   1.123
   1.189
   1.265
   1.344
   1.419
   1.483
   1.525
   1.551
   1.570
   1.587
   1.604
   1.625
   1.650
   1.676
   1.710
   1.744
   1.765
   1.774
   1.781
   1.784
   1.796
   1.838
   1.916
   2.015
   2.134
   2.269
   2.402
   2.528
   2.637
   2.710
   2.748
   2.761
   2.726
   2.644
   2.538
   2.419
   2.285
   2.161
   2.064
   1.985
   1.914
   1.840
   1.770
   1.710
   1.675
   1.674
   1.690
   1.714
   1.747
   1.766
   1.768
   1.756
   1.758
   1.787
   1.836
   1.900
   1.972
   2.040
   2.106
   2.142
   0.000
   0.000
   0.694
   0.769
   0.808
   0.848
   0.874
   0.896
   0.976
   1.057
   1.108
   1.184
   1.271
   1.352
   1.417
   1.461
   1.492
   1.515
   1.534
   1.553
   1.575
   1.604
   1.640
   1.683
   1.726
   1.753
   1.768
   1.775
   1.780
   1.804
   1.853
   1.928
   2.022
   2.131
   2.260
   2.390
   2.514
   2.626
   2.708
   2.756
   2.780
   2.763
   2.695
   2.596
   2.474
   2.329
   2.185
   2.076
   1.983
   1.915
   1.846
   1.774
   1.713
   1.665
   1.649
   1.656
   1.684
   1.714
   1.688
   1.667
   1.672
   1.700
   1.742
   1.791
   1.853
   1.921
   1.991
   2.063
   2.110
   0.000
   0.000
   0.646
   0.720
   0.761
   0.802
   0.834
   0.863
   0.888
   0.932
   1.047
   1.106
   1.188
   1.274
   1.346
   1.395
   1.430
   1.455
   1.476
   1.501
   1.528
   1.560
   1.598
   1.643
   1.690
   1.728
   1.755
   1.778
   1.797
   1.834
   1.890
   1.967
   2.051
   2.152
   2.268
   2.389
   2.504
   2.609
   2.693
   2.745
   2.777
   2.780
   2.729
   2.646
   2.530
   2.376
   2.212
   2.076
   1.967
   1.883
   1.817
   1.754
   1.691
   1.637
   1.613
   1.615
   1.635
   1.585
   1.578
   1.595
   1.631
   1.680
   1.731
   1.789
   1.854
   1.924
   1.998
   2.066
   2.111
   0.000
   0.000
   0.597
   0.676
   0.714
   0.756
   0.792
   0.825
   0.855
   0.883
   0.918
   1.022
   1.097
   1.172
   1.250
   1.306
   1.349
   1.383
   1.411
   1.436
   1.466
   1.502
   1.542
   1.593
   1.646
   1.694
   1.732
   1.774
   1.814
   1.863
   1.925
   2.004
   2.082
   2.171
   2.275
   2.382
   2.483
   2.577
   2.652
   2.707
   2.744
   2.758
   2.729
   2.672
   2.577
   2.439
   2.279
   2.134
   1.998
   1.889
   1.802
   1.725
   1.658
   1.602
   1.576
   1.549
   1.481
   1.477
   1.504
   1.548
   1.600
   1.662
   1.725
   1.791
   1.864
   1.940
   2.016
   2.085
   2.122
   0.000
 -65.534
 -65.534
   0.606
   0.669
   0.703
   0.741
   0.777
   0.812
   0.843
   0.872
   0.902
   0.976
   1.078
   1.132
   1.188
   1.239
   1.282
   1.318
   1.352
   1.390
   1.427
   1.469
   1.518
   1.574
   1.631
   1.690
   1.745
   1.805
   1.866
   1.938
   2.014
   2.085
   2.171
   2.263
   2.351
   2.433
   2.512
   2.578
   2.630
   2.669
   2.687
   2.678
   2.649
   2.585
   2.483
   2.356
   2.228
   2.103
   1.977
   1.864
   1.764
   1.665
   1.586
   1.546
   1.441
   1.406
   1.414
   1.450
   1.502
   1.570
   1.641
   1.715
   1.801
   1.883
   1.966
   2.042
   2.109
   2.137
   0.000
 -65.534
 -65.534
 -65.534
   0.592
   0.646
   0.683
   0.722
   0.759
   0.791
   0.821
   0.851
   0.879
   0.918
   1.026
   1.083
   1.119
   1.163
   1.207
   1.248
   1.292
   1.335
   1.380
   1.431
   1.490
   1.551
   1.618
   1.691
   1.767
   1.838
   1.911
   1.987
   2.062
   2.140
   2.213
   2.276
   2.366
   2.434
   2.486
   2.530
   2.567
   2.590
   2.592
   2.578
   2.539
   2.475
   2.384
   2.294
   2.189
   2.071
   1.949
   1.840
   1.729
   1.627
   1.540
   1.483
   1.408
   1.396
   1.417
   1.469
   1.540
   1.621
   1.707
   1.795
   1.886
   1.974
   2.053
   2.123
   2.145
   0.000
 -65.534
 -65.534
 -65.534
 -65.534
   0.565
   0.623
   0.661
   0.696
   0.729
   0.760
   0.790
   0.817
   0.844
   0.871
   0.906
   0.986
   1.071
   1.096
   1.131
   1.175
   1.218
   1.266
   1.317
   1.378
   1.444
   1.518
   1.598
   1.683
   1.763
   1.840
   1.910
   1.980
   2.049
   2.117
   2.180
   2.254
   2.306
   2.373
   2.415
   2.444
   2.466
   2.473
   2.463
   2.439
   2.395
   2.344
   2.281
   2.198
   2.097
   1.996
   1.894
   1.794
   1.699
   1.614
   1.542
   1.494
   1.476
   1.471
   1.499
   1.562
   1.633
   1.713
   1.796
   1.885
   1.973
   2.054
   2.123
   2.136
   0.000
 -65.534
 -65.534
 -65.534
 -65.534
   0.505
   0.561
   0.597
   0.627
   0.657
   0.688
   0.720
   0.749
   0.776
   0.804
   0.829
   0.855
   0.879
   0.921
   1.007
   1.076
   1.104
   1.141
   1.188
   1.240
   1.301
   1.370
   1.450
   1.537
   1.618
   1.694
   1.768
   1.841
   1.913
   1.983
   2.045
   2.104
   2.155
   2.212
   2.241
   2.281
   2.301
   2.303
   2.294
   2.274
   2.244
   2.213
   2.177
   2.125
   2.055
   1.981
   1.909
   1.837
   1.772
   1.708
   1.659
   1.621
   1.604
   1.611
   1.639
   1.685
   1.739
   1.797
   1.862
   1.940
   2.016
   2.085
   2.139
   2.130
   0.000
 -65.534
 -65.534
 -65.534
 -65.534
   0.461
   0.509
   0.539
   0.564
   0.588
   0.618
   0.649
   0.680
   0.708
   0.736
   0.763
   0.785
   0.804
   0.824
   0.846
   0.875
   0.916
   0.978
   1.072
   1.125
   1.169
   1.218
   1.277
   1.342
   1.413
   1.488
   1.569
   1.650
   1.726
   1.797
   1.863
   1.921
   1.974
   2.018
   2.046
   2.069
   2.081
   2.080
   2.079
   2.065
   2.045
   2.027
   2.008
   1.987
   1.958
   1.924
   1.886
   1.844
   1.807
   1.774
   1.750
   1.737
   1.738
   1.757
   1.791
   1.834
   1.880
   1.930
   1.984
   2.043
   2.104
   2.162
   2.204
   2.180
   0.000
 -65.534
 -65.534
 -65.534
 -65.534
   0.422
   0.462
   0.489
   0.510
   0.533
   0.556
   0.585
   0.614
   0.641
   0.669
   0.694
   0.716
   0.735
   0.754
   0.773
   0.787
   0.806
   0.831
   0.859
   0.897
   0.939
   0.988
   1.047
   1.127
   1.255
   1.315
   1.368
   1.428
   1.498
   1.566
   1.636
   1.695
   1.745
   1.779
   1.798
   1.811
   1.818
   1.820
   1.825
   1.823
   1.821
   1.820
   1.820
   1.818
   1.819
   1.818
   1.813
   1.803
   1.794
   1.783
   1.777
   1.783
   1.807
   1.847
   1.899
   1.954
   2.009
   2.055
   2.095
   2.138
   2.182
   2.226
   2.257
   2.208
   0.000
 -65.534
 -65.534
 -65.534
 -65.534
 -65.534
 -65.534
 -65.534
 -65.534
   0.466
   0.503
   0.529
   0.554
   0.579
   0.605
   0.627
   0.647
   0.667
   0.687
   0.707
   0.724
   0.736
   0.751
   0.769
   0.796
   0.832
   0.872
   0.918
   0.965
   1.013
   1.060
   1.106
   1.194
   1.315
   1.353
   1.395
   1.439
   1.478
   1.506
   1.524
   1.531
   1.541
   1.554
   1.572
   1.591
   1.609
   1.621
   1.631
   1.645
   1.664
   1.685
   1.705
   1.717
   1.726
   1.737
   1.754
   1.782
   1.826
   1.881
   1.947
   2.015
   2.078
   2.134
   2.171
   2.203
   2.238
   2.278
   2.308
   2.249
   0.000
 -65.534
 -65.534
 -65.534
 -65.534
 -65.534
 -65.534
   0.228
   0.316
   0.426
   0.459
   0.483
   0.505
   0.530
   0.552
   0.570
   0.589
   0.610
   0.630
   0.650
   0.665
   0.678
   0.689
   0.704
   0.721
   0.742
   0.779
   0.819
   0.862
   0.904
   0.948
   0.984
   1.017
   1.044
   1.069
   1.096
   1.147
   1.218
   1.290
   1.323
   1.335
   1.340
   1.352
   1.369
   1.393
   1.419
   1.437
   1.453
   1.476
   1.503
   1.533
   1.568
   1.603
   1.633
   1.664
   1.702
   1.746
   1.803
   1.869
   1.945
   2.020
   2.091
   2.150
   2.192
   2.222
   2.257
   2.294
   2.325
   2.261
   0.000
 -65.534
 -65.534
 -65.534
 -65.534
 -65.534
 -65.534
 -65.534
 -65.534
 -65.534
   0.408
   0.436
   0.459
   0.481
   0.500
   0.516
   0.545
   0.567
   0.589
   0.606
   0.619
   0.629
   0.639
   0.650
   0.668
   0.691
   0.713
   0.739
   0.774
   0.809
   0.840
   0.868
   0.894
   0.919
   0.942
   0.963
   0.984
   1.007
   1.024
   1.040
   1.057
   1.075
   1.113
   1.192
   1.265
   1.279
   1.292
   1.304
   1.326
   1.348
   1.384
   1.430
   1.481
   1.528
   1.576
   1.626
   1.678
   1.738
   1.805
   1.881
   1.952
   2.022
   2.083
   2.137
   2.177
   2.217
   2.261
   2.298
   2.224
   0.000
 -65.534
 -65.534
 -65.534
 -65.534
 -65.534
 -65.534
 -65.534
 -65.534
 -65.534
 -65.534
 -65.534
 -65.534
 -65.534
 -65.534
 -65.534
   0.484
   0.524
   0.546
   0.560
   0.578
   0.592
   0.603
   0.616
   0.631
   0.650
   0.671
   0.691
   0.708
   0.731
   0.754
   0.775
   0.793
   0.810
   0.827
   0.844
   0.861
   0.880
   0.899
   0.932
   0.956
   0.979
   1.005
   1.028
   1.051
   1.076
   1.106
   1.145
   1.196
   1.270
   1.308
   1.343
   1.388
   1.437
   1.487
   1.546
   1.600
   1.657
   1.717
   1.777
   1.839
   1.901
   1.964
   2.025
   2.078
   2.127
   2.180
   2.224
   2.151
   0.000
 -65.534
 -65.534
 -65.534
 -65.534
 -65.534
 -65.534
 -65.534
 -65.534
 -65.534
 -65.534
 -65.534
 -65.534
 -65.534
 -65.534
 -65.534
 -65.534
 -65.534
 -65.534
 -65.534
   0.523
   0.558
   0.578
   0.595
   0.613
   0.629
   0.644
   0.660
   0.675
   0.687
   0.694
   0.705
   0.716
   0.728
   0.741
   0.758
   0.775
   0.793
   0.814
   0.842
   0.876
   0.907
   0.939
   0.969
   0.998
   1.025
   1.050
   1.070
   1.097
   1.128
   1.154
   1.188
   1.232
   1.276
   1.358
   1.467
   1.562
   1.610
   1.655
   1.701
   1.744
   1.791
   1.852
   1.911
   1.969
   2.022
   2.080
   2.131
   2.054
   0.000
 -65.534
 -65.534
 -65.534
 -65.534
 -65.534
 -65.534
 -65.534
 -65.534
 -65.534
 -65.534
 -65.534
 -65.534
 -65.534
 -65.534
 -65.534
 -65.534
 -65.534
 -65.534
   0.369
   0.522
   0.547
   0.568
   0.589
   0.609
   0.625
   0.637
   0.648
   0.658
   0.666
   0.669
   0.668
   0.673
   0.680
   0.691
   0.706
   0.725
   0.746
   0.768
   0.794
   0.827
   0.866
   0.908
   0.953
   1.004
   1.034
   1.043
   1.050
   1.072
   1.108
   1.147
   1.190
   1.235
   1.282
   1.326
   1.366
   1.400
   1.440
   1.481
   1.521
   1.573
   1.641
   1.753
   1.829
   1.873
   1.915
   1.967
   2.015
   1.930
   0.000
 -65.534
 -65.534
 -65.534
 -65.534
 -65.534
 -65.534
 -65.534
 -65.534
 -65.534
 -65.534
 -65.534
 -65.534
 -65.534
 -65.534
 -65.534
 -65.534
 -65.534
   0.336
   0.475
   0.528
   0.552
   0.572
   0.593
   0.614
   0.630
   0.641
   0.650
   0.657
   0.663
   0.665
   0.662
   0.658
   0.664
   0.672
   0.685
   0.702
   0.721
   0.746
   0.773
   0.807
   0.850
   0.908
   0.998
   1.104
   1.134
   1.144
   1.089
   1.069
   1.099
   1.140
   1.184
   1.229
   1.268
   1.307
   1.342
   1.379
   1.415
   1.451
   1.481
   1.511
   1.543
   1.584
   1.627
   1.693
   1.810
   1.873
   1.895
   1.798
   0.000
 -65.534
 -65.534
 -65.534
 -65.534
 -65.534
 -65.534
 -65.534
 -65.534
 -65.534
 -65.534
 -65.534
 -65.534
 -65.534
 -65.534
 -65.534
 -65.534
 -65.534
   0.427
   0.503
   0.535
   0.555
   0.575
   0.598
   0.621
   0.636
   0.649
   0.658
   0.664
   0.669
   0.673
   0.671
   0.664
   0.667
   0.672
   0.679
   0.694
   0.711
   0.732
   0.760
   0.797
   0.848
   0.928
   1.075
   1.119
   1.157
   1.168
   1.171
   1.119
   1.100
   1.131
   1.171
   1.206
   1.240
   1.273
   1.302
   1.333
   1.368
   1.400
   1.427
   1.453
   1.485
   1.521
   1.557
   1.591
   1.626
   1.675
   1.780
   1.686
   0.000
 -65.534
 -65.534
 -65.534
 -65.534
 -65.534
 -65.534
 -65.534
 -65.534
 -65.534
 -65.534
 -65.534
 -65.534
 -65.534
 -65.534
 -65.534
 -65.534
 -65.534
   0.455
   0.509
   0.536
   0.556
   0.578
   0.603
   0.626
   0.641
   0.652
   0.661
   0.669
   0.676
   0.683
   0.685
   0.677
   0.679
   0.681
   0.688
   0.697
   0.711
   0.731
   0.759
   0.798
   0.855
   0.977
   1.067
   1.119
   1.163
   1.177
   1.181
   1.193
   1.150
   1.140
   1.161
   1.187
   1.216
   1.241
   1.265
   1.287
   1.315
   1.344
   1.372
   1.396
   1.422
   1.451
   1.479
   1.506
   1.529
   1.551
   1.560
   1.466
   0.000
 -65.534
 -65.534
 -65.534
 -65.534
 -65.534
 -65.534
 -65.534
 -65.534
 -65.534
 -65.534
 -65.534
 -65.534
 -65.534
 -65.534
 -65.534
 -65.534
 -65.534
   0.475
   0.507
   0.538
   0.559
   0.584
   0.610
   0.630
   0.644
   0.654
   0.663
   0.673
   0.684
   0.694
   0.700
   0.694
   0.696
   0.702
   0.708
   0.718
   0.730
   0.751
   0.780
   0.821
   0.890
   1.002
   1.059
   1.102
   1.141
   1.168
   1.181
   1.194
   1.215
   1.238
   1.223
   1.200
   1.204
   1.215
   1.228
   1.244
   1.263
   1.288
   1.311
   1.335
   1.359
   1.379
   1.400
   1.417
   1.432
   1.439
   1.434
   1.314
   0.000
 -65.534
 -65.534
 -65.534
 -65.534
 -65.534
 -65.534
 -65.534
 -65.534
 -65.534
 -65.534
 -65.534
 -65.534
 -65.534
 -65.534
 -65.534
 -65.534
 -65.534
 -65.534
   0.506
   0.535
   0.565
   0.591
   0.616
   0.634
   0.645
   0.655
   0.664
   0.675
   0.687
   0.702
   0.713
   0.710
   0.717
   0.726
   0.737
   0.751
   0.763
   0.783
   0.813
   0.853
   0.913
   0.986
   1.047
   1.090
   1.120
   1.144
   1.166
   1.189
   1.210
   1.232
   1.253
   1.269
   1.285
   1.282
   1.262
   1.260
   1.270
   1.279
   1.289
   1.299
   1.312
   1.327
   1.337
   1.343
   1.345
   1.336
   1.315
   1.191
   0.000
 -65.534
 -65.534
 -65.534
 -65.534
 -65.534
 -65.534
 -65.534
 -65.534
 -65.534
 -65.534
 -65.534
 -65.534
 -65.534
 -65.534
 -65.534
 -65.534
 -65.534
 -65.534
 -65.534
   0.531
   0.564
   0.594
   0.616
   0.632
   0.643
   0.652
   0.661
   0.671
   0.687
   0.705
   0.717
   0.725
   0.739
   0.752
   0.773
   0.796
   0.815
   0.829
   0.846
   0.872
   0.897
   0.926
   0.950
   0.978
   1.016
   1.062
   1.131
   1.171
   1.190
   1.213
   1.238
   1.254
   1.269
   1.282
   1.289
   1.298
   1.308
   1.323
   1.340
   1.358
   1.368
   1.369
   1.359
   1.334
   1.297
   1.255
   1.207
   1.064
   0.000
 -65.534
 -65.534
 -65.534
 -65.534
 -65.534
 -65.534
 -65.534
 -65.534
 -65.534
 -65.534
 -65.534
 -65.534
 -65.534
 -65.534
 -65.534
 -65.534
 -65.534
 -65.534
 -65.534
 -65.534
   0.558
   0.595
   0.621
   0.637
   0.646
   0.655
   0.664
   0.674
   0.689
   0.707
   0.716
   0.733
   0.742
   0.747
   0.741
   0.674
 -65.534
 -65.534
 -65.534
 -65.534
   0.837
   0.895
   0.921
   0.943
   0.970
   0.997
   1.024
   1.061
   1.122
   1.189
   1.207
   1.225
   1.244
   1.262
   1.272
   1.284
   1.288
   1.296
   1.303
   1.316
   1.324
   1.329
   1.325
   1.310
   1.287
   1.238
   1.131
   0.952
   0.000
 -65.534
 -65.534
 -65.534
 -65.534
 -65.534
 -65.534
 -65.534
 -65.534
 -65.534
 -65.534
 -65.534
 -65.534
 -65.534
 -65.534
 -65.534
 -65.534
 -65.534
 -65.534
 -65.534
 -65.534
 -65.534
 -65.534
 -65.534
 -65.534
   0.620
   0.648
   0.664
   0.677
   0.692
   0.707
   0.715
   0.730
   0.733
   0.726
   0.696
   0.607
 -65.534
 -65.534
 -65.534
 -65.534
 -65.534
 -65.534
   0.875
   0.932
   0.964
   0.991
   1.008
   1.021
   1.035
   1.054
   1.088
   1.180
   1.195
   1.206
   1.226
   1.240
   1.244
   1.247
   1.253
   1.259
   1.266
   1.265
   1.252
   1.224
   1.185
   1.135
   1.069
   0.868
   0.000
 -65.534
 -65.534
 -65.534
 -65.534
 -65.534
 -65.534
 -65.534
 -65.534
 -65.534
 -65.534
 -65.534
 -65.534
 -65.534
 -65.534
 -65.534
 -65.534
 -65.534
 -65.534
 -65.534
 -65.534
 -65.534
 -65.534
 -65.534
 -65.534
   0.601
   0.635
   0.655
   0.675
   0.696
   0.703
   0.709
   0.714
   0.714
   0.701
   0.671
   0.599
 -65.534
 -65.534
 -65.534
 -65.534
 -65.534
 -65.534
 -65.534
   0.896
   0.962
   0.990
   1.010
   1.016
   1.019
   1.018
   1.023
   1.034
   1.064
   1.162
   1.167
   1.183
   1.196
   1.196
   1.193
   1.187
   1.179
   1.165
   1.142
   1.108
   1.062
   1.004
   0.931
   0.786
   0.000
 -65.534
 -65.534
 -65.534
 -65.534
 -65.534
 -65.534
 -65.534
 -65.534
 -65.534
 -65.534
 -65.534
 -65.534
 -65.534
 -65.534
 -65.534
 -65.534
 -65.534
 -65.534
 -65.534
 -65.534
 -65.534
 -65.534
 -65.534
 -65.534
 -65.534
 -65.534
 -65.534
 -65.534
 -65.534
   0.663
   0.683
   0.685
   0.690
   0.683
   0.659
   0.593
   0.304
 -65.534
 -65.534
 -65.534
 -65.534
 -65.534
 -65.534
   0.805
   0.831
 -65.534
   0.909
   0.974
   0.991
   1.009
   1.009
   1.007
   1.010
   1.085
   1.126
   1.147
   1.167
   1.169
   1.150
   1.123
   1.089
   1.050
   1.008
   0.964
   0.913
   0.853
   0.779
   0.645
   0.000
 -65.534
 -65.534
 -65.534
 -65.534
 -65.534
 -65.534
 -65.534
 -65.534
 -65.534
 -65.534
 -65.534
 -65.534
 -65.534
 -65.534
 -65.534
 -65.534
 -65.534
 -65.534
 -65.534
 -65.534
 -65.534
 -65.534
 -65.534
 -65.534
 -65.534
 -65.534
 -65.534
 -65.534
 -65.534
 -65.534
 -65.534
 -65.534
   0.642
   0.658
   0.643
   0.583
   0.394
   0.249
 -65.534
 -65.534
 -65.534
 -65.534
 -65.534
 -65.534
 -65.534
 -65.534
 -65.534
 -65.534
 -65.534
   0.864
   0.941
   0.955
   0.997
   1.092
   1.100
   1.119
   1.138
   1.136
   1.105
   1.059
   0.996
   0.926
   0.867
   0.814
   0.762
   0.704
   0.637
   0.526
   0.000
 -65.534
 -65.534
 -65.534
 -65.534
 -65.534
 -65.534
 -65.534
 -65.534
 -65.534
 -65.534
 -65.534
 -65.534
 -65.534
 -65.534
 -65.534
 -65.534
 -65.534
 -65.534
 -65.534
 -65.534
 -65.534
 -65.534
 -65.534
 -65.534
 -65.534
 -65.534
 -65.534
 -65.534
 -65.534
 -65.534
 -65.534
 -65.534
   0.611
   0.626
   0.612
   0.556
   0.426
   0.307
   0.227
   0.190
 -65.534
 -65.534
 -65.534
 -65.534
 -65.534
 -65.534
 -65.534
 -65.534
 -65.534
 -65.534
 -65.534
 -65.534
   0.805
   0.985
   1.002
   1.068
   1.085
   1.069
   1.028
   0.968
   0.889
   0.801
   0.732
   0.676
   0.628
   0.576
   0.526
   0.444
   0.000
 -65.534
 -65.534
 -65.534
 -65.534
 -65.534
 -65.534
 -65.534
 -65.534
 -65.534
 -65.534
 -65.534
 -65.534
 -65.534
 -65.534
 -65.534
 -65.534
 -65.534
 -65.534
 -65.534
 -65.534
 -65.534
 -65.534
 -65.534
 -65.534
 -65.534
 -65.534
 -65.534
 -65.534
 -65.534
 -65.534
 -65.534
 -65.534
 -65.534
 -65.534
 -65.534
 -65.534
   0.350
   0.301
   0.250
   0.215
   0.182
   0.160
   0.147
   0.139
   0.134
 -65.534
 -65.534
 -65.534
 -65.534
 -65.534
 -65.534
 -65.534
 -65.534
 -65.534
 -65.534
   0.874
   0.975
   0.969
   0.926
   0.858
   0.771
   0.680
   0.608
   0.539
   0.514
   0.472
   0.441
   0.389
   0.000
 -65.534
 -65.534
 -65.534
 -65.534
 -65.534
 -65.534
 -65.534
 -65.534
 -65.534
 -65.534
 -65.534
 -65.534
 -65.534
 -65.534
 -65.534
 -65.534
 -65.534
 -65.534
 -65.534
 -65.534
 -65.534
 -65.534
 -65.534
 -65.534
 -65.534
 -65.534
 -65.534
 -65.534
 -65.534
 -65.534
 -65.534
 -65.534
 -65.534
 -65.534
 -65.534
 -65.534
 -65.534
 -65.534
 -65.534
 -65.534
   0.143
 -65.534
 -65.534
 -65.534
 -65.534
 -65.534
 -65.534
 -65.534
 -65.534
 -65.534
 -65.534
 -65.534
 -65.534
 -65.534
 -65.534
   0.670
   0.784
   0.792
   0.758
   0.730
   0.658
   0.563
   0.491
   0.416
   0.403
   0.380
   0.363
   0.331
   0.000
 -65.534
 -65.534
 -65.534
 -65.534
 -65.534
 -65.534
 -65.534
 -65.534
 -65.534
 -65.534
 -65.534
 -65.534
 -65.534
 -65.534
 -65.534
 -65.534
 -65.534
 -65.534
 -65.534
 -65.534
 -65.534
 -65.534
 -65.534
 -65.534
 -65.534
 -65.534
 -65.534
 -65.534
 -65.534
 -65.534
 -65.534
 -65.534
 -65.534
 -65.534
 -65.534
 -65.534
 -65.534
 -65.534
 -65.534
 -65.534
 -65.534
 -65.534
 -65.534
 -65.534
 -65.534
 -65.534
 -65.534
 -65.534
 -65.534
 -65.534
 -65.534
 -65.534
 -65.534
 -65.534
 -65.534
 -65.534
 -65.534
 -65.534
 -65.534
   0.528
   0.520
   0.455
   0.386
   0.334
   0.283
   0.306
   0.298
   0.280
   0.000
 -65.534
 -65.534
 -65.534
 -65.534
 -65.534
 -65.534
 -65.534
 -65.534
 -65.534
 -65.534
 -65.534
 -65.534
 -65.534
 -65.534
 -65.534
 -65.534
 -65.534
 -65.534
 -65.534
 -65.534
 -65.534
 -65.534
 -65.534
 -65.534
 -65.534
 -65.534
 -65.534
 -65.534
 -65.534
 -65.534
 -65.534
 -65.534
 -65.534
 -65.534
 -65.534
 -65.534
 -65.534
 -65.534
 -65.534
 -65.534
 -65.534
 -65.534
 -65.534
 -65.534
 -65.534
 -65.534
 -65.534
 -65.534
 -65.534
 -65.534
 -65.534
 -65.534
 -65.534
 -65.534
 -65.534
 -65.534
 -65.534
 -65.534
 -65.534
 -65.534
 -65.534
   0.000
   0.000
   0.000
   0.000
   0.000
   0.000
   0.000
 -65.534
