 -65.534
   0.000
   0.000
   0.000
   0.000
   0.000
   0.000
   0.000
   0.000
   0.000
   0.000
   0.000
   0.000
   0.000
   0.000
   0.000
   0.000
   0.000
   0.000
   0.000
   0.000
   0.000
   0.000
   0.000
   0.000
   0.000
   0.000
   0.000
   0.000
   0.000
   0.000
   0.000
   0.000
   0.000
   0.000
   0.000
   0.000
   0.000
   0.000
   0.000
   0.000
   0.000
   0.000
   0.000
   0.000
   0.000
   0.000
   0.000
   0.000
   0.000
   0.000
   0.000
   0.000
   0.000
   0.000
   0.000
   0.000
   0.000
   0.000
   0.000
   0.000
   0.000
   0.000
   0.000
   0.000
   0.000
   0.000
   0.000
 -65.534
   0.000
   1.124
   1.265
   1.337
   1.416
   1.493
   1.564
   1.630
   1.692
   1.744
   1.795
   1.840
   1.881
   1.916
   1.940
   1.961
   1.972
   1.987
   2.006
   2.033
   2.065
   2.099
   2.128
   2.167
   2.149
   2.108
   2.066
   2.027
   1.987
   1.959
   1.930
   1.891
   1.857
   1.825
   1.777
   1.726
   1.665
   1.611
   1.576
   1.545
   1.532
   1.529
   1.529
   1.524
   1.491
   1.438
   1.378
   1.328
   1.285
   1.256
   1.234
   1.221
   1.219
   1.220
   1.248
   1.279
   1.318
   1.365
   1.409
   1.471
   1.539
   1.606
   1.680
   1.752
   1.815
   1.874
   1.933
   1.940
   0.000
   0.000
   1.233
   1.360
   1.415
   1.489
   1.562
   1.637
   1.709
   1.771
   1.830
   1.884
   1.936
   1.981
   2.018
   2.041
   2.057
   2.071
   2.083
   2.094
   2.109
   2.127
   2.142
   2.151
   2.161
   2.137
   2.102
   2.072
   2.045
   2.019
   2.001
   1.982
   1.958
   1.930
   1.899
   1.854
   1.797
   1.729
   1.659
   1.598
   1.559
   1.537
   1.536
   1.543
   1.547
   1.526
   1.479
   1.436
   1.408
   1.394
   1.390
   1.389
   1.394
   1.404
   1.418
   1.438
   1.462
   1.501
   1.548
   1.605
   1.676
   1.758
   1.845
   1.939
   2.038
   2.137
   2.227
   2.312
   2.336
   0.000
   0.000
   1.240
   1.352
   1.398
   1.463
   1.529
   1.601
   1.671
   1.733
   1.791
   1.844
   1.893
   1.937
   1.969
   1.989
   2.000
   2.007
   2.011
   2.017
   2.028
   2.041
   2.049
   2.050
   2.042
   2.026
   2.000
   1.978
   1.962
   1.948
   1.939
   1.928
   1.915
   1.900
   1.873
   1.830
   1.774
   1.706
   1.630
   1.564
   1.515
   1.491
   1.485
   1.489
   1.494
   1.483
   1.449
   1.418
   1.406
   1.412
   1.425
   1.444
   1.461
   1.477
   1.495
   1.517
   1.543
   1.574
   1.610
   1.655
   1.722
   1.804
   1.898
   2.004
   2.123
   2.244
   2.360
   2.462
   2.501
   0.000
   0.000
   1.243
   1.345
   1.380
   1.432
   1.490
   1.552
   1.617
   1.676
   1.731
   1.782
   1.825
   1.864
   1.894
   1.911
   1.917
   1.916
   1.915
   1.918
   1.921
   1.928
   1.939
   1.938
   1.926
   1.915
   1.899
   1.891
   1.891
   1.894
   1.895
   1.890
   1.878
   1.865
   1.840
   1.801
   1.749
   1.682
   1.607
   1.539
   1.490
   1.463
   1.452
   1.453
   1.457
   1.452
   1.440
   1.428
   1.431
   1.449
   1.477
   1.507
   1.534
   1.556
   1.577
   1.596
   1.619
   1.635
   1.657
   1.684
   1.733
   1.807
   1.898
   2.016
   2.148
   2.293
   2.430
   2.547
   2.603
   0.000
   0.000
   1.240
   1.333
   1.363
   1.409
   1.456
   1.509
   1.564
   1.621
   1.671
   1.714
   1.753
   1.782
   1.801
   1.808
   1.806
   1.800
   1.795
   1.792
   1.794
   1.802
   1.813
   1.814
   1.811
   1.803
   1.801
   1.815
   1.833
   1.853
   1.865
   1.858
   1.847
   1.828
   1.797
   1.757
   1.708
   1.647
   1.574
   1.507
   1.462
   1.434
   1.420
   1.419
   1.421
   1.426
   1.427
   1.432
   1.452
   1.485
   1.525
   1.565
   1.604
   1.634
   1.655
   1.670
   1.682
   1.689
   1.692
   1.702
   1.732
   1.793
   1.882
   2.003
   2.149
   2.304
   2.456
   2.589
   2.652
   0.000
   0.000
   1.232
   1.317
   1.351
   1.390
   1.429
   1.473
   1.521
   1.571
   1.615
   1.652
   1.681
   1.699
   1.709
   1.708
   1.694
   1.684
   1.672
   1.667
   1.668
   1.674
   1.683
   1.686
   1.692
   1.699
   1.724
   1.757
   1.793
   1.828
   1.846
   1.839
   1.820
   1.789
   1.754
   1.708
   1.660
   1.602
   1.540
   1.480
   1.437
   1.408
   1.394
   1.393
   1.398
   1.403
   1.406
   1.417
   1.450
   1.499
   1.553
   1.608
   1.654
   1.692
   1.719
   1.735
   1.742
   1.741
   1.730
   1.720
   1.733
   1.781
   1.861
   1.976
   2.123
   2.286
   2.449
   2.589
   2.665
   0.000
   0.000
   1.213
   1.301
   1.334
   1.371
   1.406
   1.444
   1.484
   1.528
   1.566
   1.598
   1.619
   1.632
   1.633
   1.623
   1.606
   1.588
   1.576
   1.569
   1.565
   1.568
   1.578
   1.591
   1.604
   1.631
   1.671
   1.718
   1.767
   1.809
   1.830
   1.822
   1.795
   1.753
   1.708
   1.657
   1.608
   1.558
   1.506
   1.459
   1.421
   1.397
   1.387
   1.385
   1.387
   1.389
   1.386
   1.395
   1.428
   1.481
   1.551
   1.621
   1.684
   1.730
   1.765
   1.783
   1.789
   1.783
   1.764
   1.749
   1.753
   1.781
   1.847
   1.954
   2.096
   2.259
   2.423
   2.567
   2.653
   0.000
   0.000
   1.185
   1.278
   1.314
   1.351
   1.385
   1.417
   1.450
   1.486
   1.523
   1.552
   1.570
   1.578
   1.574
   1.561
   1.541
   1.522
   1.507
   1.499
   1.493
   1.497
   1.507
   1.523
   1.543
   1.580
   1.628
   1.686
   1.743
   1.790
   1.808
   1.799
   1.767
   1.722
   1.669
   1.615
   1.565
   1.519
   1.478
   1.442
   1.417
   1.400
   1.390
   1.392
   1.393
   1.391
   1.383
   1.385
   1.415
   1.467
   1.535
   1.609
   1.681
   1.743
   1.788
   1.812
   1.819
   1.814
   1.794
   1.770
   1.773
   1.794
   1.850
   1.944
   2.077
   2.236
   2.398
   2.541
   2.635
   0.000
   0.000
   1.142
   1.237
   1.283
   1.325
   1.357
   1.387
   1.417
   1.450
   1.481
   1.509
   1.526
   1.534
   1.528
   1.516
   1.495
   1.477
   1.461
   1.453
   1.450
   1.452
   1.462
   1.481
   1.505
   1.544
   1.597
   1.657
   1.719
   1.768
   1.786
   1.775
   1.740
   1.695
   1.638
   1.584
   1.537
   1.497
   1.460
   1.432
   1.420
   1.411
   1.408
   1.408
   1.415
   1.415
   1.408
   1.404
   1.426
   1.471
   1.530
   1.589
   1.666
   1.736
   1.787
   1.816
   1.829
   1.824
   1.807
   1.789
   1.791
   1.821
   1.873
   1.958
   2.084
   2.236
   2.394
   2.538
   2.637
   0.000
   0.000
   1.099
   1.190
   1.237
   1.285
   1.323
   1.350
   1.380
   1.410
   1.440
   1.466
   1.485
   1.492
   1.491
   1.482
   1.465
   1.449
   1.437
   1.430
   1.426
   1.432
   1.446
   1.462
   1.489
   1.528
   1.580
   1.640
   1.701
   1.746
   1.761
   1.752
   1.725
   1.681
   1.628
   1.579
   1.537
   1.499
   1.465
   1.443
   1.432
   1.428
   1.429
   1.433
   1.439
   1.449
   1.453
   1.449
   1.462
   1.495
   1.538
   1.585
   1.658
   1.720
   1.768
   1.795
   1.813
   1.815
   1.804
   1.796
   1.812
   1.852
   1.913
   1.996
   2.118
   2.265
   2.418
   2.561
   2.664
   0.000
   0.000
   1.061
   1.149
   1.194
   1.240
   1.276
   1.307
   1.337
   1.364
   1.394
   1.419
   1.442
   1.456
   1.460
   1.455
   1.445
   1.435
   1.425
   1.419
   1.419
   1.425
   1.440
   1.458
   1.480
   1.518
   1.568
   1.621
   1.679
   1.719
   1.740
   1.736
   1.717
   1.683
   1.639
   1.595
   1.558
   1.526
   1.493
   1.470
   1.456
   1.454
   1.459
   1.465
   1.470
   1.479
   1.493
   1.499
   1.515
   1.538
   1.567
   1.602
   1.660
   1.709
   1.750
   1.774
   1.786
   1.792
   1.797
   1.806
   1.837
   1.895
   1.966
   2.058
   2.174
   2.315
   2.464
   2.607
   2.706
   0.000
   0.000
   1.003
   1.120
   1.154
   1.188
   1.221
   1.257
   1.289
   1.318
   1.341
   1.369
   1.392
   1.412
   1.423
   1.426
   1.424
   1.421
   1.417
   1.415
   1.419
   1.428
   1.440
   1.456
   1.475
   1.512
   1.557
   1.607
   1.660
   1.702
   1.727
   1.731
   1.721
   1.699
   1.662
   1.626
   1.597
   1.565
   1.533
   1.509
   1.495
   1.492
   1.496
   1.506
   1.511
   1.519
   1.531
   1.545
   1.563
   1.583
   1.607
   1.635
   1.680
   1.719
   1.746
   1.760
   1.767
   1.772
   1.792
   1.821
   1.871
   1.944
   2.033
   2.131
   2.249
   2.382
   2.530
   2.666
   2.753
   0.000
 -65.534
 -65.534
   1.016
   1.111
   1.132
   1.165
   1.197
   1.230
   1.259
   1.287
   1.316
   1.339
   1.357
   1.375
   1.386
   1.393
   1.396
   1.400
   1.404
   1.414
   1.423
   1.439
   1.455
   1.477
   1.509
   1.553
   1.600
   1.648
   1.690
   1.719
   1.733
   1.735
   1.720
   1.692
   1.663
   1.637
   1.611
   1.581
   1.557
   1.544
   1.540
   1.546
   1.557
   1.560
   1.567
   1.578
   1.590
   1.607
   1.626
   1.647
   1.671
   1.698
   1.728
   1.740
   1.747
   1.756
   1.767
   1.795
   1.844
   1.917
   2.006
   2.106
   2.227
   2.347
   2.475
   2.610
   2.738
   2.803
   0.000
 -65.534
 -65.534
 -65.534
   0.991
   1.073
   1.103
   1.139
   1.171
   1.197
   1.223
   1.249
   1.271
   1.291
   1.310
   1.324
   1.340
   1.351
   1.364
   1.376
   1.391
   1.408
   1.426
   1.450
   1.478
   1.512
   1.555
   1.598
   1.642
   1.686
   1.717
   1.738
   1.747
   1.740
   1.722
   1.708
   1.677
   1.653
   1.630
   1.608
   1.596
   1.595
   1.608
   1.613
   1.614
   1.619
   1.623
   1.627
   1.644
   1.665
   1.683
   1.702
   1.721
   1.741
   1.744
   1.745
   1.758
   1.786
   1.824
   1.886
   1.972
   2.081
   2.193
   2.311
   2.438
   2.560
   2.685
   2.807
   2.855
   0.000
 -65.534
 -65.534
 -65.534
 -65.534
   0.972
   1.039
   1.076
   1.104
   1.127
   1.151
   1.175
   1.196
   1.216
   1.234
   1.253
   1.269
   1.285
   1.302
   1.321
   1.343
   1.367
   1.395
   1.426
   1.462
   1.502
   1.549
   1.592
   1.634
   1.675
   1.706
   1.728
   1.742
   1.745
   1.738
   1.731
   1.715
   1.704
   1.677
   1.661
   1.655
   1.657
   1.666
   1.673
   1.668
   1.667
   1.671
   1.670
   1.677
   1.695
   1.711
   1.731
   1.748
   1.759
   1.768
   1.775
   1.795
   1.835
   1.890
   1.965
   2.060
   2.168
   2.279
   2.393
   2.511
   2.629
   2.744
   2.854
   2.884
   0.000
 -65.534
 -65.534
 -65.534
 -65.534
   0.898
   0.967
   1.003
   1.025
   1.047
   1.070
   1.099
   1.121
   1.141
   1.162
   1.178
   1.194
   1.212
   1.232
   1.249
   1.271
   1.300
   1.335
   1.372
   1.414
   1.462
   1.513
   1.559
   1.603
   1.643
   1.674
   1.698
   1.714
   1.724
   1.728
   1.732
   1.734
   1.733
   1.722
   1.715
   1.701
   1.706
   1.717
   1.721
   1.716
   1.709
   1.706
   1.705
   1.706
   1.717
   1.733
   1.749
   1.771
   1.792
   1.809
   1.837
   1.876
   1.934
   2.002
   2.084
   2.175
   2.274
   2.370
   2.466
   2.567
   2.665
   2.769
   2.872
   2.886
   0.000
 -65.534
 -65.534
 -65.534
 -65.534
   0.836
   0.897
   0.929
   0.949
   0.965
   0.992
   1.023
   1.049
   1.073
   1.095
   1.114
   1.134
   1.146
   1.161
   1.180
   1.204
   1.228
   1.257
   1.297
   1.341
   1.390
   1.440
   1.491
   1.538
   1.580
   1.615
   1.643
   1.664
   1.677
   1.691
   1.706
   1.720
   1.731
   1.737
   1.738
   1.729
   1.723
   1.728
   1.740
   1.738
   1.730
   1.723
   1.715
   1.713
   1.724
   1.740
   1.757
   1.790
   1.830
   1.870
   1.920
   1.982
   2.054
   2.137
   2.227
   2.314
   2.395
   2.467
   2.536
   2.607
   2.684
   2.772
   2.860
   2.860
   0.000
 -65.534
 -65.534
 -65.534
 -65.534
   0.770
   0.816
   0.844
   0.864
   0.891
   0.913
   0.946
   0.977
   1.003
   1.030
   1.050
   1.068
   1.087
   1.105
   1.123
   1.137
   1.157
   1.185
   1.212
   1.255
   1.301
   1.351
   1.402
   1.450
   1.495
   1.534
   1.566
   1.590
   1.614
   1.630
   1.652
   1.676
   1.701
   1.720
   1.728
   1.728
   1.720
   1.721
   1.726
   1.722
   1.719
   1.720
   1.716
   1.711
   1.718
   1.733
   1.759
   1.803
   1.864
   1.929
   1.999
   2.083
   2.176
   2.277
   2.377
   2.464
   2.533
   2.583
   2.620
   2.655
   2.705
   2.772
   2.847
   2.834
   0.000
 -65.534
 -65.534
 -65.534
 -65.534
 -65.534
 -65.534
 -65.534
 -65.534
   0.788
   0.836
   0.868
   0.901
   0.933
   0.960
   0.984
   1.004
   1.028
   1.053
   1.079
   1.097
   1.108
   1.119
   1.138
   1.172
   1.215
   1.265
   1.312
   1.358
   1.403
   1.444
   1.479
   1.509
   1.533
   1.559
   1.586
   1.618
   1.649
   1.675
   1.694
   1.702
   1.704
   1.707
   1.707
   1.705
   1.708
   1.705
   1.696
   1.696
   1.710
   1.732
   1.767
   1.823
   1.896
   1.980
   2.074
   2.177
   2.288
   2.402
   2.514
   2.610
   2.677
   2.714
   2.721
   2.726
   2.745
   2.792
   2.854
   2.825
   0.000
 -65.534
 -65.534
 -65.534
 -65.534
 -65.534
 -65.534
   0.580
   0.631
   0.727
   0.772
   0.803
   0.834
   0.866
   0.897
   0.925
   0.954
   0.986
   1.019
   1.048
   1.063
   1.072
   1.073
   1.084
   1.108
   1.139
   1.185
   1.234
   1.281
   1.324
   1.367
   1.402
   1.432
   1.461
   1.487
   1.518
   1.548
   1.584
   1.616
   1.644
   1.663
   1.673
   1.682
   1.686
   1.690
   1.694
   1.688
   1.684
   1.693
   1.707
   1.728
   1.772
   1.836
   1.923
   2.025
   2.139
   2.258
   2.385
   2.510
   2.635
   2.733
   2.797
   2.825
   2.819
   2.804
   2.806
   2.834
   2.881
   2.824
   0.000
 -65.534
 -65.534
 -65.534
 -65.534
 -65.534
 -65.534
 -65.534
 -65.534
 -65.534
   0.720
   0.747
   0.774
   0.801
   0.830
   0.867
   0.913
   0.955
   0.997
   1.030
   1.046
   1.047
   1.045
   1.051
   1.074
   1.107
   1.143
   1.182
   1.219
   1.261
   1.297
   1.331
   1.365
   1.398
   1.427
   1.455
   1.486
   1.522
   1.552
   1.584
   1.611
   1.633
   1.649
   1.663
   1.669
   1.676
   1.677
   1.681
   1.690
   1.710
   1.743
   1.798
   1.873
   1.969
   2.081
   2.207
   2.338
   2.473
   2.609
   2.734
   2.829
   2.888
   2.910
   2.904
   2.882
   2.867
   2.877
   2.906
   2.807
   0.000
 -65.534
 -65.534
 -65.534
 -65.534
 -65.534
 -65.534
 -65.534
 -65.534
 -65.534
 -65.534
 -65.534
 -65.534
 -65.534
 -65.534
 -65.534
   0.825
   0.905
   0.954
   0.999
   1.038
   1.042
   1.047
   1.055
   1.073
   1.102
   1.136
   1.166
   1.191
   1.224
   1.254
   1.277
   1.305
   1.333
   1.361
   1.390
   1.421
   1.454
   1.489
   1.538
   1.572
   1.595
   1.618
   1.632
   1.648
   1.662
   1.674
   1.686
   1.705
   1.731
   1.768
   1.824
   1.902
   2.005
   2.125
   2.260
   2.403
   2.546
   2.686
   2.805
   2.889
   2.934
   2.955
   2.956
   2.931
   2.904
   2.891
   2.895
   2.765
   0.000
 -65.534
 -65.534
 -65.534
 -65.534
 -65.534
 -65.534
 -65.534
 -65.534
 -65.534
 -65.534
 -65.534
 -65.534
 -65.534
 -65.534
 -65.534
 -65.534
 -65.534
 -65.534
 -65.534
   0.998
   1.059
   1.077
   1.097
   1.118
   1.142
   1.164
   1.185
   1.205
   1.217
   1.224
   1.240
   1.261
   1.279
   1.302
   1.333
   1.365
   1.400
   1.436
   1.479
   1.520
   1.555
   1.580
   1.604
   1.627
   1.647
   1.669
   1.691
   1.721
   1.759
   1.801
   1.856
   1.935
   2.038
   2.159
   2.294
   2.437
   2.579
   2.712
   2.819
   2.890
   2.928
   2.950
   2.948
   2.921
   2.883
   2.857
   2.845
   2.681
   0.000
 -65.534
 -65.534
 -65.534
 -65.534
 -65.534
 -65.534
 -65.534
 -65.534
 -65.534
 -65.534
 -65.534
 -65.534
 -65.534
 -65.534
 -65.534
 -65.534
 -65.534
 -65.534
   0.935
   1.072
   1.114
   1.144
   1.170
   1.194
   1.215
   1.228
   1.239
   1.244
   1.243
   1.240
   1.234
   1.237
   1.249
   1.266
   1.294
   1.327
   1.363
   1.399
   1.439
   1.478
   1.520
   1.558
   1.589
   1.617
   1.639
   1.663
   1.688
   1.725
   1.771
   1.828
   1.895
   1.972
   2.069
   2.183
   2.302
   2.425
   2.554
   2.671
   2.766
   2.828
   2.866
   2.890
   2.882
   2.851
   2.807
   2.775
   2.745
   2.556
   0.000
 -65.534
 -65.534
 -65.534
 -65.534
 -65.534
 -65.534
 -65.534
 -65.534
 -65.534
 -65.534
 -65.534
 -65.534
 -65.534
 -65.534
 -65.534
 -65.534
 -65.534
   0.966
   1.113
   1.157
   1.194
   1.228
   1.267
   1.298
   1.314
   1.321
   1.320
   1.314
   1.303
   1.288
   1.271
   1.258
   1.257
   1.262
   1.277
   1.306
   1.336
   1.375
   1.413
   1.454
   1.503
   1.549
   1.593
   1.628
   1.654
   1.675
   1.701
   1.738
   1.791
   1.851
   1.919
   1.996
   2.080
   2.174
   2.275
   2.387
   2.495
   2.592
   2.668
   2.727
   2.762
   2.784
   2.786
   2.755
   2.706
   2.660
   2.621
   2.401
   0.000
 -65.534
 -65.534
 -65.534
 -65.534
 -65.534
 -65.534
 -65.534
 -65.534
 -65.534
 -65.534
 -65.534
 -65.534
 -65.534
 -65.534
 -65.534
 -65.534
 -65.534
   1.123
   1.199
   1.233
   1.275
   1.315
   1.362
   1.397
   1.413
   1.418
   1.411
   1.396
   1.374
   1.354
   1.331
   1.301
   1.288
   1.285
   1.288
   1.303
   1.329
   1.358
   1.397
   1.442
   1.494
   1.547
   1.601
   1.645
   1.675
   1.699
   1.723
   1.759
   1.810
   1.870
   1.933
   1.995
   2.063
   2.137
   2.212
   2.294
   2.383
   2.464
   2.527
   2.580
   2.625
   2.660
   2.670
   2.641
   2.586
   2.540
   2.485
   2.248
   0.000
 -65.534
 -65.534
 -65.534
 -65.534
 -65.534
 -65.534
 -65.534
 -65.534
 -65.534
 -65.534
 -65.534
 -65.534
 -65.534
 -65.534
 -65.534
 -65.534
 -65.534
   1.170
   1.241
   1.282
   1.325
   1.373
   1.428
   1.469
   1.485
   1.485
   1.474
   1.455
   1.429
   1.405
   1.379
   1.346
   1.326
   1.314
   1.310
   1.318
   1.334
   1.361
   1.396
   1.440
   1.491
   1.549
   1.608
   1.656
   1.693
   1.720
   1.744
   1.779
   1.823
   1.874
   1.931
   1.982
   2.040
   2.092
   2.142
   2.194
   2.256
   2.318
   2.376
   2.425
   2.474
   2.514
   2.533
   2.516
   2.480
   2.433
   2.358
   2.100
   0.000
 -65.534
 -65.534
 -65.534
 -65.534
 -65.534
 -65.534
 -65.534
 -65.534
 -65.534
 -65.534
 -65.534
 -65.534
 -65.534
 -65.534
 -65.534
 -65.534
 -65.534
   1.182
   1.250
   1.296
   1.343
   1.400
   1.458
   1.502
   1.514
   1.510
   1.499
   1.481
   1.459
   1.437
   1.416
   1.381
   1.363
   1.352
   1.345
   1.349
   1.361
   1.384
   1.418
   1.459
   1.509
   1.565
   1.620
   1.667
   1.705
   1.732
   1.757
   1.786
   1.821
   1.860
   1.905
   1.947
   1.991
   2.026
   2.053
   2.083
   2.118
   2.167
   2.217
   2.271
   2.319
   2.360
   2.383
   2.376
   2.346
   2.297
   2.220
   1.952
   0.000
 -65.534
 -65.534
 -65.534
 -65.534
 -65.534
 -65.534
 -65.534
 -65.534
 -65.534
 -65.534
 -65.534
 -65.534
 -65.534
 -65.534
 -65.534
 -65.534
 -65.534
 -65.534
   1.216
   1.286
   1.344
   1.402
   1.456
   1.494
   1.502
   1.499
   1.488
   1.476
   1.459
   1.447
   1.436
   1.410
   1.396
   1.388
   1.386
   1.390
   1.401
   1.421
   1.453
   1.493
   1.542
   1.592
   1.638
   1.680
   1.713
   1.741
   1.764
   1.784
   1.811
   1.838
   1.872
   1.902
   1.931
   1.948
   1.963
   1.973
   1.998
   2.033
   2.073
   2.124
   2.170
   2.211
   2.233
   2.230
   2.203
   2.153
   2.070
   1.803
   0.000
 -65.534
 -65.534
 -65.534
 -65.534
 -65.534
 -65.534
 -65.534
 -65.534
 -65.534
 -65.534
 -65.534
 -65.534
 -65.534
 -65.534
 -65.534
 -65.534
 -65.534
 -65.534
 -65.534
   1.241
   1.317
   1.374
   1.422
   1.448
   1.456
   1.451
   1.443
   1.436
   1.428
   1.431
   1.426
   1.418
   1.416
   1.413
   1.426
   1.450
   1.473
   1.497
   1.526
   1.564
   1.580
   1.612
   1.647
   1.682
   1.712
   1.739
   1.760
   1.776
   1.793
   1.813
   1.841
   1.858
   1.877
   1.888
   1.893
   1.898
   1.910
   1.929
   1.964
   2.009
   2.047
   2.074
   2.088
   2.080
   2.048
   1.996
   1.906
   1.639
   0.000
 -65.534
 -65.534
 -65.534
 -65.534
 -65.534
 -65.534
 -65.534
 -65.534
 -65.534
 -65.534
 -65.534
 -65.534
 -65.534
 -65.534
 -65.534
 -65.534
 -65.534
 -65.534
 -65.534
 -65.534
   1.269
   1.339
   1.384
   1.402
   1.405
   1.398
   1.390
   1.382
   1.376
   1.376
   1.364
   1.354
   1.326
   1.282
   1.207
   1.019
 -65.534
 -65.534
 -65.534
 -65.534
   1.526
   1.596
   1.630
   1.665
   1.705
   1.735
   1.758
   1.776
   1.788
   1.799
   1.809
   1.816
   1.823
   1.827
   1.823
   1.824
   1.830
   1.847
   1.869
   1.900
   1.925
   1.942
   1.942
   1.922
   1.880
   1.823
   1.725
   1.464
   0.000
 -65.534
 -65.534
 -65.534
 -65.534
 -65.534
 -65.534
 -65.534
 -65.534
 -65.534
 -65.534
 -65.534
 -65.534
 -65.534
 -65.534
 -65.534
 -65.534
 -65.534
 -65.534
 -65.534
 -65.534
 -65.534
 -65.534
 -65.534
 -65.534
   1.302
   1.329
   1.330
   1.324
   1.317
   1.313
   1.295
   1.269
   1.218
   1.145
   1.041
   0.862
 -65.534
 -65.534
 -65.534
 -65.534
 -65.534
 -65.534
   1.577
   1.640
   1.693
   1.735
   1.756
   1.771
   1.781
   1.782
   1.778
   1.777
   1.772
   1.760
   1.753
   1.745
   1.742
   1.748
   1.763
   1.780
   1.793
   1.796
   1.784
   1.751
   1.697
   1.624
   1.517
   1.269
   0.000
 -65.534
 -65.534
 -65.534
 -65.534
 -65.534
 -65.534
 -65.534
 -65.534
 -65.534
 -65.534
 -65.534
 -65.534
 -65.534
 -65.534
 -65.534
 -65.534
 -65.534
 -65.534
 -65.534
 -65.534
 -65.534
 -65.534
 -65.534
 -65.534
   1.222
   1.251
   1.258
   1.259
   1.264
   1.247
   1.217
   1.181
   1.132
   1.073
   1.004
   0.887
 -65.534
 -65.534
 -65.534
 -65.534
 -65.534
 -65.534
 -65.534
   1.588
   1.678
   1.726
   1.756
   1.767
   1.775
   1.767
   1.758
   1.746
   1.730
   1.709
   1.691
   1.675
   1.665
   1.659
   1.659
   1.659
   1.651
   1.635
   1.601
   1.550
   1.486
   1.402
   1.295
   1.063
   0.000
 -65.534
 -65.534
 -65.534
 -65.534
 -65.534
 -65.534
 -65.534
 -65.534
 -65.534
 -65.534
 -65.534
 -65.534
 -65.534
 -65.534
 -65.534
 -65.534
 -65.534
 -65.534
 -65.534
 -65.534
 -65.534
 -65.534
 -65.534
 -65.534
 -65.534
 -65.534
 -65.534
 -65.534
 -65.534
   1.106
   1.107
   1.096
   1.081
   1.057
   1.022
   0.935
   0.580
 -65.534
 -65.534
 -65.534
 -65.534
 -65.534
 -65.534
   1.321
   1.239
 -65.534
   1.612
   1.697
   1.723
   1.743
   1.734
   1.718
   1.691
   1.664
   1.641
   1.616
   1.596
   1.575
   1.556
   1.538
   1.512
   1.469
   1.411
   1.339
   1.258
   1.164
   1.051
   0.839
   0.000
 -65.534
 -65.534
 -65.534
 -65.534
 -65.534
 -65.534
 -65.534
 -65.534
 -65.534
 -65.534
 -65.534
 -65.534
 -65.534
 -65.534
 -65.534
 -65.534
 -65.534
 -65.534
 -65.534
 -65.534
 -65.534
 -65.534
 -65.534
 -65.534
 -65.534
 -65.534
 -65.534
 -65.534
 -65.534
 -65.534
 -65.534
 -65.534
   0.983
   1.038
   1.031
   0.958
   0.745
   0.524
 -65.534
 -65.534
 -65.534
 -65.534
 -65.534
 -65.534
 -65.534
 -65.534
 -65.534
 -65.534
 -65.534
   1.555
   1.645
   1.653
   1.668
   1.643
   1.607
   1.560
   1.520
   1.484
   1.446
   1.407
   1.359
   1.297
   1.219
   1.132
   1.038
   0.938
   0.824
   0.629
   0.000
 -65.534
 -65.534
 -65.534
 -65.534
 -65.534
 -65.534
 -65.534
 -65.534
 -65.534
 -65.534
 -65.534
 -65.534
 -65.534
 -65.534
 -65.534
 -65.534
 -65.534
 -65.534
 -65.534
 -65.534
 -65.534
 -65.534
 -65.534
 -65.534
 -65.534
 -65.534
 -65.534
 -65.534
 -65.534
 -65.534
 -65.534
 -65.534
   0.918
   0.995
   1.005
   0.944
   0.794
   0.644
   0.502
   0.404
 -65.534
 -65.534
 -65.534
 -65.534
 -65.534
 -65.534
 -65.534
 -65.534
 -65.534
 -65.534
 -65.534
 -65.534
   1.448
   1.523
   1.507
   1.481
   1.430
   1.377
   1.322
   1.264
   1.198
   1.121
   1.035
   0.938
   0.839
   0.741
   0.633
   0.460
   0.000
 -65.534
 -65.534
 -65.534
 -65.534
 -65.534
 -65.534
 -65.534
 -65.534
 -65.534
 -65.534
 -65.534
 -65.534
 -65.534
 -65.534
 -65.534
 -65.534
 -65.534
 -65.534
 -65.534
 -65.534
 -65.534
 -65.534
 -65.534
 -65.534
 -65.534
 -65.534
 -65.534
 -65.534
 -65.534
 -65.534
 -65.534
 -65.534
 -65.534
 -65.534
 -65.534
 -65.534
   0.638
   0.616
   0.557
   0.488
   0.405
   0.350
   0.314
   0.306
   0.292
 -65.534
 -65.534
 -65.534
 -65.534
 -65.534
 -65.534
 -65.534
 -65.534
 -65.534
 -65.534
   1.249
   1.297
   1.265
   1.203
   1.126
   1.048
   0.962
   0.867
   0.769
   0.670
   0.572
   0.468
   0.313
   0.000
 -65.534
 -65.534
 -65.534
 -65.534
 -65.534
 -65.534
 -65.534
 -65.534
 -65.534
 -65.534
 -65.534
 -65.534
 -65.534
 -65.534
 -65.534
 -65.534
 -65.534
 -65.534
 -65.534
 -65.534
 -65.534
 -65.534
 -65.534
 -65.534
 -65.534
 -65.534
 -65.534
 -65.534
 -65.534
 -65.534
 -65.534
 -65.534
 -65.534
 -65.534
 -65.534
 -65.534
 -65.534
 -65.534
 -65.534
 -65.534
   0.356
 -65.534
 -65.534
 -65.534
 -65.534
 -65.534
 -65.534
 -65.534
 -65.534
 -65.534
 -65.534
 -65.534
 -65.534
 -65.534
 -65.534
   1.012
   1.108
   1.110
   1.066
   1.009
   0.923
   0.816
   0.717
   0.620
   0.525
   0.434
   0.337
   0.191
   0.000
 -65.534
 -65.534
 -65.534
 -65.534
 -65.534
 -65.534
 -65.534
 -65.534
 -65.534
 -65.534
 -65.534
 -65.534
 -65.534
 -65.534
 -65.534
 -65.534
 -65.534
 -65.534
 -65.534
 -65.534
 -65.534
 -65.534
 -65.534
 -65.534
 -65.534
 -65.534
 -65.534
 -65.534
 -65.534
 -65.534
 -65.534
 -65.534
 -65.534
 -65.534
 -65.534
 -65.534
 -65.534
 -65.534
 -65.534
 -65.534
 -65.534
 -65.534
 -65.534
 -65.534
 -65.534
 -65.534
 -65.534
 -65.534
 -65.534
 -65.534
 -65.534
 -65.534
 -65.534
 -65.534
 -65.534
 -65.534
 -65.534
 -65.534
 -65.534
   0.807
   0.760
   0.675
   0.576
   0.488
   0.407
   0.326
   0.246
   0.118
   0.000
 -65.534
 -65.534
 -65.534
 -65.534
 -65.534
 -65.534
 -65.534
 -65.534
 -65.534
 -65.534
 -65.534
 -65.534
 -65.534
 -65.534
 -65.534
 -65.534
 -65.534
 -65.534
 -65.534
 -65.534
 -65.534
 -65.534
 -65.534
 -65.534
 -65.534
 -65.534
 -65.534
 -65.534
 -65.534
 -65.534
 -65.534
 -65.534
 -65.534
 -65.534
 -65.534
 -65.534
 -65.534
 -65.534
 -65.534
 -65.534
 -65.534
 -65.534
 -65.534
 -65.534
 -65.534
 -65.534
 -65.534
 -65.534
 -65.534
 -65.534
 -65.534
 -65.534
 -65.534
 -65.534
 -65.534
 -65.534
 -65.534
 -65.534
 -65.534
 -65.534
 -65.534
   0.000
   0.000
   0.000
   0.000
   0.000
   0.000
   0.000
 -65.534
