 -65.534
   0.000
   0.000
   0.000
   0.000
   0.000
   0.000
   0.000
   0.000
   0.000
   0.000
   0.000
   0.000
   0.000
   0.000
   0.000
   0.000
   0.000
   0.000
   0.000
   0.000
   0.000
   0.000
   0.000
   0.000
   0.000
   0.000
   0.000
   0.000
   0.000
   0.000
   0.000
   0.000
   0.000
   0.000
   0.000
   0.000
   0.000
   0.000
   0.000
   0.000
   0.000
   0.000
   0.000
   0.000
   0.000
   0.000
   0.000
   0.000
   0.000
   0.000
   0.000
   0.000
   0.000
   0.000
   0.000
   0.000
   0.000
   0.000
   0.000
   0.000
   0.000
   0.000
   0.000
   0.000
   0.000
   0.000
   0.000
 -65.534
   0.000
   0.898
   0.984
   1.022
   1.068
   1.108
   1.148
   1.185
   1.225
   1.261
   1.296
   1.335
   1.373
   1.409
   1.438
   1.468
   1.488
   1.506
   1.520
   1.536
   1.547
   1.555
   1.561
   1.564
   1.559
   1.550
   1.535
   1.518
   1.487
   1.454
   1.422
   1.395
   1.370
   1.346
   1.327
   1.299
   1.272
   1.245
   1.221
   1.200
   1.186
   1.186
   1.187
   1.180
   1.160
   1.132
   1.101
   1.071
   1.051
   1.040
   1.033
   1.030
   1.036
   1.039
   1.049
   1.053
   1.051
   1.053
   1.056
   1.061
   1.063
   1.067
   1.071
   1.075
   1.072
   1.068
   1.064
   1.006
   0.000
   0.000
   1.004
   1.087
   1.119
   1.163
   1.207
   1.250
   1.293
   1.335
   1.377
   1.418
   1.461
   1.500
   1.537
   1.565
   1.589
   1.608
   1.625
   1.639
   1.652
   1.664
   1.672
   1.682
   1.686
   1.683
   1.667
   1.646
   1.622
   1.594
   1.564
   1.536
   1.514
   1.492
   1.473
   1.454
   1.427
   1.396
   1.371
   1.340
   1.317
   1.303
   1.297
   1.294
   1.286
   1.260
   1.224
   1.189
   1.162
   1.143
   1.130
   1.121
   1.123
   1.131
   1.140
   1.147
   1.152
   1.157
   1.165
   1.173
   1.185
   1.197
   1.205
   1.211
   1.219
   1.226
   1.228
   1.228
   1.169
   0.000
   0.000
   1.023
   1.100
   1.127
   1.170
   1.213
   1.257
   1.301
   1.344
   1.386
   1.425
   1.463
   1.502
   1.536
   1.561
   1.584
   1.599
   1.612
   1.623
   1.634
   1.646
   1.657
   1.672
   1.681
   1.678
   1.663
   1.645
   1.620
   1.589
   1.558
   1.536
   1.518
   1.504
   1.496
   1.482
   1.463
   1.435
   1.405
   1.377
   1.349
   1.330
   1.315
   1.305
   1.290
   1.263
   1.228
   1.199
   1.172
   1.155
   1.140
   1.130
   1.127
   1.133
   1.143
   1.154
   1.164
   1.176
   1.182
   1.189
   1.199
   1.210
   1.220
   1.229
   1.244
   1.254
   1.264
   1.270
   1.219
   0.000
   0.000
   1.035
   1.111
   1.131
   1.167
   1.203
   1.244
   1.285
   1.326
   1.367
   1.406
   1.443
   1.480
   1.510
   1.534
   1.548
   1.560
   1.567
   1.577
   1.587
   1.599
   1.613
   1.629
   1.643
   1.643
   1.631
   1.615
   1.589
   1.559
   1.532
   1.514
   1.501
   1.494
   1.492
   1.486
   1.472
   1.447
   1.416
   1.382
   1.354
   1.330
   1.309
   1.289
   1.269
   1.242
   1.212
   1.185
   1.162
   1.143
   1.125
   1.110
   1.105
   1.108
   1.118
   1.130
   1.144
   1.154
   1.160
   1.168
   1.176
   1.188
   1.201
   1.220
   1.238
   1.261
   1.280
   1.300
   1.258
   0.000
   0.000
   1.051
   1.120
   1.137
   1.166
   1.196
   1.229
   1.264
   1.303
   1.341
   1.376
   1.409
   1.438
   1.460
   1.477
   1.485
   1.490
   1.496
   1.506
   1.515
   1.527
   1.540
   1.559
   1.578
   1.587
   1.582
   1.569
   1.545
   1.517
   1.494
   1.481
   1.471
   1.471
   1.474
   1.471
   1.460
   1.434
   1.404
   1.366
   1.333
   1.308
   1.284
   1.258
   1.234
   1.205
   1.177
   1.147
   1.125
   1.106
   1.087
   1.071
   1.065
   1.064
   1.069
   1.077
   1.088
   1.099
   1.105
   1.111
   1.122
   1.136
   1.159
   1.188
   1.220
   1.252
   1.285
   1.318
   1.287
   0.000
   0.000
   1.058
   1.128
   1.146
   1.169
   1.191
   1.216
   1.248
   1.283
   1.314
   1.345
   1.370
   1.390
   1.406
   1.412
   1.412
   1.412
   1.414
   1.421
   1.433
   1.446
   1.461
   1.483
   1.505
   1.519
   1.519
   1.511
   1.493
   1.468
   1.449
   1.441
   1.437
   1.439
   1.441
   1.442
   1.429
   1.408
   1.373
   1.337
   1.304
   1.275
   1.248
   1.219
   1.188
   1.155
   1.123
   1.090
   1.065
   1.047
   1.027
   1.010
   1.003
   1.001
   1.002
   1.009
   1.016
   1.027
   1.031
   1.036
   1.050
   1.074
   1.107
   1.144
   1.184
   1.231
   1.279
   1.325
   1.304
   0.000
   0.000
   1.064
   1.140
   1.157
   1.177
   1.195
   1.214
   1.235
   1.263
   1.289
   1.315
   1.332
   1.347
   1.353
   1.354
   1.350
   1.344
   1.343
   1.346
   1.354
   1.366
   1.382
   1.405
   1.427
   1.442
   1.446
   1.443
   1.429
   1.408
   1.394
   1.392
   1.391
   1.393
   1.394
   1.396
   1.382
   1.359
   1.331
   1.300
   1.269
   1.240
   1.210
   1.176
   1.140
   1.100
   1.058
   1.019
   0.988
   0.963
   0.946
   0.934
   0.929
   0.928
   0.926
   0.928
   0.934
   0.939
   0.943
   0.953
   0.972
   1.000
   1.042
   1.088
   1.142
   1.201
   1.260
   1.314
   1.303
   0.000
   0.000
   1.061
   1.145
   1.169
   1.189
   1.203
   1.217
   1.232
   1.251
   1.271
   1.290
   1.304
   1.311
   1.314
   1.308
   1.299
   1.292
   1.286
   1.285
   1.287
   1.298
   1.312
   1.329
   1.353
   1.368
   1.369
   1.365
   1.354
   1.338
   1.327
   1.330
   1.332
   1.336
   1.341
   1.337
   1.325
   1.306
   1.283
   1.258
   1.235
   1.208
   1.171
   1.133
   1.090
   1.048
   0.999
   0.952
   0.914
   0.884
   0.864
   0.852
   0.848
   0.851
   0.852
   0.852
   0.852
   0.854
   0.857
   0.863
   0.891
   0.923
   0.969
   1.023
   1.088
   1.159
   1.226
   1.289
   1.285
   0.000
   0.000
   1.041
   1.133
   1.171
   1.197
   1.209
   1.219
   1.232
   1.248
   1.264
   1.279
   1.287
   1.288
   1.280
   1.273
   1.262
   1.252
   1.240
   1.236
   1.236
   1.243
   1.254
   1.270
   1.289
   1.297
   1.294
   1.288
   1.277
   1.263
   1.260
   1.264
   1.271
   1.276
   1.285
   1.286
   1.275
   1.262
   1.244
   1.223
   1.202
   1.176
   1.142
   1.100
   1.056
   1.008
   0.957
   0.903
   0.859
   0.828
   0.802
   0.782
   0.783
   0.785
   0.788
   0.785
   0.783
   0.781
   0.782
   0.793
   0.818
   0.858
   0.907
   0.969
   1.040
   1.117
   1.191
   1.264
   1.271
   0.000
   0.000
   1.009
   1.110
   1.153
   1.189
   1.207
   1.218
   1.230
   1.245
   1.259
   1.272
   1.276
   1.275
   1.268
   1.257
   1.239
   1.222
   1.210
   1.202
   1.198
   1.201
   1.210
   1.222
   1.235
   1.238
   1.233
   1.222
   1.208
   1.201
   1.204
   1.212
   1.221
   1.228
   1.237
   1.241
   1.236
   1.224
   1.206
   1.185
   1.163
   1.144
   1.113
   1.073
   1.027
   0.977
   0.923
   0.872
   0.824
   0.792
   0.758
   0.730
   0.732
   0.730
   0.725
   0.719
   0.719
   0.718
   0.720
   0.734
   0.766
   0.814
   0.872
   0.937
   1.013
   1.094
   1.174
   1.252
   1.266
   0.000
   0.000
   0.973
   1.080
   1.128
   1.168
   1.191
   1.209
   1.226
   1.239
   1.253
   1.266
   1.275
   1.275
   1.270
   1.256
   1.237
   1.216
   1.193
   1.178
   1.169
   1.168
   1.175
   1.183
   1.193
   1.196
   1.188
   1.181
   1.172
   1.168
   1.172
   1.184
   1.193
   1.204
   1.212
   1.218
   1.211
   1.199
   1.178
   1.153
   1.131
   1.110
   1.086
   1.047
   0.997
   0.945
   0.895
   0.844
   0.801
   0.763
   0.725
   0.692
   0.684
   0.671
   0.663
   0.656
   0.648
   0.648
   0.659
   0.684
   0.726
   0.787
   0.857
   0.932
   1.012
   1.098
   1.182
   1.259
   1.278
   0.000
   0.000
   0.894
   1.050
   1.097
   1.135
   1.162
   1.187
   1.206
   1.227
   1.243
   1.260
   1.270
   1.276
   1.276
   1.265
   1.246
   1.222
   1.195
   1.170
   1.154
   1.145
   1.148
   1.154
   1.164
   1.169
   1.169
   1.165
   1.161
   1.159
   1.164
   1.180
   1.189
   1.201
   1.211
   1.214
   1.205
   1.188
   1.163
   1.133
   1.107
   1.086
   1.059
   1.025
   0.976
   0.919
   0.868
   0.820
   0.773
   0.734
   0.692
   0.657
   0.645
   0.631
   0.616
   0.599
   0.586
   0.581
   0.601
   0.639
   0.698
   0.773
   0.856
   0.944
   1.033
   1.124
   1.213
   1.288
   1.300
   0.000
 -65.534
 -65.534
   0.917
   1.050
   1.086
   1.119
   1.148
   1.174
   1.199
   1.221
   1.241
   1.254
   1.260
   1.263
   1.256
   1.243
   1.221
   1.195
   1.167
   1.145
   1.129
   1.125
   1.128
   1.141
   1.150
   1.159
   1.167
   1.169
   1.168
   1.175
   1.188
   1.197
   1.211
   1.222
   1.219
   1.207
   1.186
   1.158
   1.128
   1.098
   1.072
   1.044
   1.009
   0.959
   0.905
   0.851
   0.797
   0.747
   0.700
   0.658
   0.625
   0.602
   0.586
   0.560
   0.542
   0.528
   0.525
   0.551
   0.603
   0.682
   0.770
   0.866
   0.972
   1.074
   1.172
   1.258
   1.329
   1.333
   0.000
 -65.534
 -65.534
 -65.534
   0.900
   1.026
   1.064
   1.102
   1.135
   1.159
   1.181
   1.204
   1.218
   1.224
   1.226
   1.223
   1.214
   1.197
   1.176
   1.153
   1.134
   1.119
   1.110
   1.114
   1.125
   1.141
   1.158
   1.174
   1.185
   1.189
   1.194
   1.203
   1.213
   1.223
   1.223
   1.212
   1.210
   1.190
   1.157
   1.127
   1.099
   1.070
   1.042
   0.999
   0.945
   0.887
   0.826
   0.766
   0.715
   0.668
   0.622
   0.587
   0.561
   0.538
   0.506
   0.481
   0.475
   0.489
   0.519
   0.583
   0.671
   0.775
   0.887
   0.998
   1.110
   1.210
   1.297
   1.367
   1.363
   0.000
 -65.534
 -65.534
 -65.534
 -65.534
   0.924
   1.003
   1.046
   1.078
   1.102
   1.127
   1.150
   1.164
   1.172
   1.175
   1.174
   1.165
   1.154
   1.135
   1.119
   1.106
   1.095
   1.093
   1.098
   1.113
   1.132
   1.155
   1.177
   1.195
   1.202
   1.207
   1.214
   1.216
   1.218
   1.216
   1.204
   1.192
   1.170
   1.156
   1.128
   1.098
   1.073
   1.043
   0.994
   0.934
   0.869
   0.803
   0.739
   0.682
   0.632
   0.583
   0.547
   0.515
   0.484
   0.458
   0.439
   0.441
   0.469
   0.517
   0.591
   0.687
   0.796
   0.908
   1.023
   1.133
   1.231
   1.320
   1.386
   1.380
   0.000
 -65.534
 -65.534
 -65.534
 -65.534
   0.853
   0.937
   0.980
   1.008
   1.032
   1.058
   1.084
   1.104
   1.116
   1.123
   1.122
   1.114
   1.100
   1.085
   1.069
   1.058
   1.054
   1.059
   1.069
   1.085
   1.107
   1.133
   1.157
   1.178
   1.190
   1.198
   1.203
   1.201
   1.201
   1.194
   1.183
   1.170
   1.151
   1.136
   1.105
   1.086
   1.063
   1.030
   0.980
   0.915
   0.844
   0.775
   0.707
   0.646
   0.592
   0.546
   0.501
   0.467
   0.446
   0.425
   0.425
   0.444
   0.488
   0.549
   0.627
   0.724
   0.830
   0.936
   1.043
   1.146
   1.233
   1.315
   1.380
   1.374
   0.000
 -65.534
 -65.534
 -65.534
 -65.534
   0.787
   0.865
   0.909
   0.937
   0.959
   0.987
   1.016
   1.040
   1.058
   1.069
   1.071
   1.064
   1.048
   1.031
   1.014
   1.006
   1.003
   1.008
   1.019
   1.036
   1.058
   1.082
   1.105
   1.127
   1.144
   1.157
   1.163
   1.162
   1.159
   1.153
   1.144
   1.133
   1.119
   1.101
   1.075
   1.050
   1.020
   0.977
   0.938
   0.875
   0.803
   0.734
   0.665
   0.600
   0.546
   0.500
   0.456
   0.427
   0.412
   0.411
   0.428
   0.467
   0.523
   0.596
   0.681
   0.775
   0.870
   0.965
   1.059
   1.144
   1.222
   1.297
   1.357
   1.355
   0.000
 -65.534
 -65.534
 -65.534
 -65.534
   0.678
   0.747
   0.794
   0.840
   0.893
   0.915
   0.945
   0.970
   0.992
   1.007
   1.010
   1.006
   0.992
   0.978
   0.964
   0.953
   0.947
   0.951
   0.961
   0.975
   0.993
   1.010
   1.029
   1.048
   1.066
   1.082
   1.092
   1.092
   1.091
   1.086
   1.081
   1.073
   1.065
   1.051
   1.027
   0.995
   0.954
   0.909
   0.861
   0.800
   0.738
   0.679
   0.614
   0.552
   0.498
   0.450
   0.412
   0.391
   0.388
   0.402
   0.430
   0.481
   0.555
   0.641
   0.735
   0.829
   0.917
   0.999
   1.072
   1.141
   1.210
   1.280
   1.346
   1.343
   0.000
 -65.534
 -65.534
 -65.534
 -65.534
 -65.534
 -65.534
 -65.534
 -65.534
   0.767
   0.823
   0.860
   0.889
   0.915
   0.934
   0.941
   0.940
   0.934
   0.927
   0.921
   0.916
   0.909
   0.907
   0.908
   0.915
   0.926
   0.938
   0.949
   0.961
   0.974
   0.989
   1.001
   1.005
   1.004
   1.001
   0.995
   0.991
   0.984
   0.972
   0.949
   0.917
   0.877
   0.831
   0.778
   0.722
   0.673
   0.617
   0.553
   0.497
   0.453
   0.413
   0.382
   0.367
   0.374
   0.397
   0.441
   0.502
   0.584
   0.677
   0.778
   0.878
   0.966
   1.038
   1.094
   1.150
   1.213
   1.281
   1.345
   1.352
   0.000
 -65.534
 -65.534
 -65.534
 -65.534
 -65.534
 -65.534
   0.468
   0.510
   0.661
   0.737
   0.775
   0.807
   0.837
   0.858
   0.873
   0.880
   0.884
   0.887
   0.890
   0.888
   0.884
   0.877
   0.874
   0.872
   0.869
   0.875
   0.879
   0.886
   0.895
   0.905
   0.914
   0.918
   0.915
   0.911
   0.904
   0.896
   0.889
   0.874
   0.852
   0.824
   0.786
   0.744
   0.698
   0.653
   0.609
   0.558
   0.506
   0.464
   0.421
   0.385
   0.363
   0.357
   0.374
   0.408
   0.461
   0.532
   0.617
   0.713
   0.815
   0.911
   0.994
   1.063
   1.114
   1.166
   1.227
   1.292
   1.359
   1.368
   0.000
 -65.534
 -65.534
 -65.534
 -65.534
 -65.534
 -65.534
 -65.534
 -65.534
 -65.534
   0.617
   0.659
   0.692
   0.720
   0.746
   0.777
   0.823
   0.837
   0.854
   0.868
   0.871
   0.862
   0.854
   0.848
   0.845
   0.843
   0.840
   0.836
   0.838
   0.838
   0.839
   0.842
   0.841
   0.840
   0.832
   0.820
   0.807
   0.791
   0.774
   0.752
   0.727
   0.698
   0.665
   0.628
   0.588
   0.552
   0.511
   0.472
   0.436
   0.406
   0.385
   0.376
   0.384
   0.408
   0.451
   0.508
   0.581
   0.667
   0.762
   0.856
   0.938
   1.011
   1.073
   1.131
   1.189
   1.252
   1.314
   1.380
   1.381
   0.000
 -65.534
 -65.534
 -65.534
 -65.534
 -65.534
 -65.534
 -65.534
 -65.534
 -65.534
 -65.534
 -65.534
 -65.534
 -65.534
 -65.534
 -65.534
   0.647
   0.717
   0.764
   0.802
   0.848
   0.845
   0.841
   0.838
   0.838
   0.838
   0.838
   0.835
   0.826
   0.820
   0.816
   0.808
   0.798
   0.784
   0.771
   0.753
   0.731
   0.710
   0.689
   0.675
   0.653
   0.629
   0.602
   0.569
   0.537
   0.509
   0.480
   0.454
   0.431
   0.414
   0.405
   0.402
   0.416
   0.445
   0.496
   0.561
   0.639
   0.727
   0.815
   0.894
   0.957
   1.015
   1.075
   1.141
   1.207
   1.272
   1.337
   1.397
   1.394
   0.000
 -65.534
 -65.534
 -65.534
 -65.534
 -65.534
 -65.534
 -65.534
 -65.534
 -65.534
 -65.534
 -65.534
 -65.534
 -65.534
 -65.534
 -65.534
 -65.534
 -65.534
 -65.534
 -65.534
   0.746
   0.804
   0.826
   0.840
   0.852
   0.857
   0.859
   0.860
   0.856
   0.846
   0.829
   0.811
   0.794
   0.772
   0.749
   0.724
   0.698
   0.671
   0.645
   0.623
   0.608
   0.591
   0.569
   0.543
   0.516
   0.494
   0.475
   0.457
   0.445
   0.443
   0.443
   0.448
   0.466
   0.500
   0.555
   0.625
   0.703
   0.785
   0.866
   0.926
   0.969
   1.013
   1.073
   1.142
   1.214
   1.284
   1.351
   1.407
   1.399
   0.000
 -65.534
 -65.534
 -65.534
 -65.534
 -65.534
 -65.534
 -65.534
 -65.534
 -65.534
 -65.534
 -65.534
 -65.534
 -65.534
 -65.534
 -65.534
 -65.534
 -65.534
 -65.534
   0.643
   0.754
   0.804
   0.835
   0.858
   0.877
   0.889
   0.895
   0.899
   0.900
   0.890
   0.875
   0.852
   0.825
   0.796
   0.768
   0.741
   0.713
   0.684
   0.654
   0.628
   0.607
   0.593
   0.579
   0.560
   0.539
   0.520
   0.502
   0.490
   0.485
   0.488
   0.501
   0.519
   0.542
   0.579
   0.634
   0.694
   0.763
   0.841
   0.908
   0.951
   0.981
   1.017
   1.073
   1.140
   1.217
   1.290
   1.358
   1.415
   1.404
   0.000
 -65.534
 -65.534
 -65.534
 -65.534
 -65.534
 -65.534
 -65.534
 -65.534
 -65.534
 -65.534
 -65.534
 -65.534
 -65.534
 -65.534
 -65.534
 -65.534
 -65.534
   0.684
   0.745
   0.801
   0.836
   0.863
   0.890
   0.913
   0.926
   0.936
   0.945
   0.947
   0.943
   0.933
   0.912
   0.884
   0.857
   0.826
   0.796
   0.764
   0.731
   0.698
   0.669
   0.645
   0.629
   0.621
   0.614
   0.607
   0.597
   0.585
   0.568
   0.562
   0.570
   0.586
   0.609
   0.636
   0.670
   0.718
   0.768
   0.828
   0.891
   0.940
   0.970
   0.994
   1.021
   1.067
   1.130
   1.207
   1.284
   1.356
   1.414
   1.402
   0.000
 -65.534
 -65.534
 -65.534
 -65.534
 -65.534
 -65.534
 -65.534
 -65.534
 -65.534
 -65.534
 -65.534
 -65.534
 -65.534
 -65.534
 -65.534
 -65.534
 -65.534
   0.766
   0.805
   0.842
   0.872
   0.899
   0.929
   0.951
   0.965
   0.978
   0.988
   0.992
   0.991
   0.987
   0.972
   0.947
   0.922
   0.894
   0.862
   0.828
   0.793
   0.754
   0.720
   0.692
   0.676
   0.672
   0.680
   0.693
   0.700
   0.694
   0.676
   0.666
   0.673
   0.688
   0.711
   0.730
   0.755
   0.790
   0.826
   0.867
   0.918
   0.956
   0.974
   0.990
   1.016
   1.061
   1.119
   1.187
   1.261
   1.334
   1.394
   1.391
   0.000
 -65.534
 -65.534
 -65.534
 -65.534
 -65.534
 -65.534
 -65.534
 -65.534
 -65.534
 -65.534
 -65.534
 -65.534
 -65.534
 -65.534
 -65.534
 -65.534
 -65.534
   0.806
   0.841
   0.872
   0.900
   0.931
   0.963
   0.988
   1.005
   1.015
   1.019
   1.024
   1.026
   1.025
   1.017
   0.993
   0.969
   0.942
   0.911
   0.876
   0.839
   0.801
   0.765
   0.738
   0.723
   0.724
   0.742
   0.765
   0.785
   0.788
   0.781
   0.776
   0.780
   0.796
   0.815
   0.829
   0.852
   0.875
   0.895
   0.916
   0.947
   0.973
   0.987
   0.998
   1.021
   1.057
   1.106
   1.165
   1.235
   1.302
   1.361
   1.367
   0.000
 -65.534
 -65.534
 -65.534
 -65.534
 -65.534
 -65.534
 -65.534
 -65.534
 -65.534
 -65.534
 -65.534
 -65.534
 -65.534
 -65.534
 -65.534
 -65.534
 -65.534
   0.827
   0.863
   0.896
   0.925
   0.958
   0.991
   1.018
   1.032
   1.038
   1.045
   1.046
   1.047
   1.048
   1.043
   1.021
   1.000
   0.976
   0.949
   0.918
   0.882
   0.844
   0.810
   0.786
   0.776
   0.784
   0.804
   0.830
   0.853
   0.867
   0.870
   0.873
   0.879
   0.893
   0.909
   0.925
   0.941
   0.954
   0.959
   0.966
   0.974
   0.987
   0.995
   1.006
   1.025
   1.053
   1.091
   1.140
   1.197
   1.254
   1.316
   1.321
   0.000
 -65.534
 -65.534
 -65.534
 -65.534
 -65.534
 -65.534
 -65.534
 -65.534
 -65.534
 -65.534
 -65.534
 -65.534
 -65.534
 -65.534
 -65.534
 -65.534
 -65.534
 -65.534
   0.863
   0.901
   0.939
   0.972
   1.002
   1.028
   1.042
   1.048
   1.051
   1.053
   1.055
   1.057
   1.053
   1.036
   1.019
   0.999
   0.978
   0.950
   0.917
   0.887
   0.858
   0.840
   0.837
   0.848
   0.866
   0.889
   0.916
   0.934
   0.948
   0.961
   0.974
   0.988
   1.008
   1.019
   1.030
   1.034
   1.029
   1.020
   1.016
   1.012
   1.012
   1.019
   1.032
   1.052
   1.080
   1.115
   1.156
   1.199
   1.251
   1.254
   0.000
 -65.534
 -65.534
 -65.534
 -65.534
 -65.534
 -65.534
 -65.534
 -65.534
 -65.534
 -65.534
 -65.534
 -65.534
 -65.534
 -65.534
 -65.534
 -65.534
 -65.534
 -65.534
 -65.534
   0.888
   0.928
   0.961
   0.991
   1.010
   1.021
   1.028
   1.031
   1.035
   1.039
   1.044
   1.042
   1.033
   1.023
   1.008
   0.995
   0.984
   0.970
   0.944
   0.924
   0.911
   0.894
   0.895
   0.908
   0.935
   0.966
   0.996
   1.019
   1.039
   1.060
   1.084
   1.108
   1.119
   1.130
   1.134
   1.122
   1.104
   1.082
   1.063
   1.051
   1.049
   1.054
   1.063
   1.080
   1.100
   1.124
   1.151
   1.186
   1.170
   0.000
 -65.534
 -65.534
 -65.534
 -65.534
 -65.534
 -65.534
 -65.534
 -65.534
 -65.534
 -65.534
 -65.534
 -65.534
 -65.534
 -65.534
 -65.534
 -65.534
 -65.534
 -65.534
 -65.534
 -65.534
   0.905
   0.938
   0.965
   0.979
   0.994
   0.996
   1.000
   1.002
   1.008
   1.011
   1.010
   1.005
   0.990
   0.972
   0.944
   0.885
 -65.534
 -65.534
 -65.534
 -65.534
   0.804
   0.872
   0.915
   0.959
   1.009
   1.055
   1.091
   1.123
   1.153
   1.180
   1.200
   1.214
   1.222
   1.221
   1.201
   1.178
   1.150
   1.124
   1.099
   1.086
   1.081
   1.084
   1.089
   1.095
   1.103
   1.111
   1.127
   1.088
   0.000
 -65.534
 -65.534
 -65.534
 -65.534
 -65.534
 -65.534
 -65.534
 -65.534
 -65.534
 -65.534
 -65.534
 -65.534
 -65.534
 -65.534
 -65.534
 -65.534
 -65.534
 -65.534
 -65.534
 -65.534
 -65.534
 -65.534
 -65.534
 -65.534
   0.916
   0.947
   0.960
   0.966
   0.976
   0.981
   0.985
   0.985
   0.978
   0.963
   0.937
   0.869
 -65.534
 -65.534
 -65.534
 -65.534
 -65.534
 -65.534
   0.859
   0.955
   1.042
   1.109
   1.158
   1.192
   1.223
   1.243
   1.258
   1.272
   1.279
   1.270
   1.252
   1.227
   1.196
   1.165
   1.138
   1.120
   1.112
   1.110
   1.105
   1.100
   1.090
   1.079
   1.073
   1.011
   0.000
 -65.534
 -65.534
 -65.534
 -65.534
 -65.534
 -65.534
 -65.534
 -65.534
 -65.534
 -65.534
 -65.534
 -65.534
 -65.534
 -65.534
 -65.534
 -65.534
 -65.534
 -65.534
 -65.534
 -65.534
 -65.534
 -65.534
 -65.534
 -65.534
   0.849
   0.883
   0.906
   0.926
   0.942
   0.958
   0.964
   0.967
   0.962
   0.949
   0.920
   0.855
 -65.534
 -65.534
 -65.534
 -65.534
 -65.534
 -65.534
 -65.534
   0.922
   1.058
   1.153
   1.209
   1.242
   1.267
   1.282
   1.294
   1.305
   1.304
   1.295
   1.278
   1.256
   1.231
   1.204
   1.179
   1.159
   1.140
   1.129
   1.113
   1.092
   1.067
   1.042
   1.019
   0.940
   0.000
 -65.534
 -65.534
 -65.534
 -65.534
 -65.534
 -65.534
 -65.534
 -65.534
 -65.534
 -65.534
 -65.534
 -65.534
 -65.534
 -65.534
 -65.534
 -65.534
 -65.534
 -65.534
 -65.534
 -65.534
 -65.534
 -65.534
 -65.534
 -65.534
 -65.534
 -65.534
 -65.534
 -65.534
 -65.534
   0.833
   0.890
   0.911
   0.925
   0.915
   0.883
   0.829
   0.509
 -65.534
 -65.534
 -65.534
 -65.534
 -65.534
 -65.534
   0.873
   1.035
 -65.534
   1.028
   1.176
   1.239
   1.280
   1.296
   1.306
   1.303
   1.297
   1.287
   1.273
   1.255
   1.232
   1.206
   1.184
   1.159
   1.135
   1.105
   1.068
   1.031
   0.990
   0.947
   0.856
   0.000
 -65.534
 -65.534
 -65.534
 -65.534
 -65.534
 -65.534
 -65.534
 -65.534
 -65.534
 -65.534
 -65.534
 -65.534
 -65.534
 -65.534
 -65.534
 -65.534
 -65.534
 -65.534
 -65.534
 -65.534
 -65.534
 -65.534
 -65.534
 -65.534
 -65.534
 -65.534
 -65.534
 -65.534
 -65.534
 -65.534
 -65.534
 -65.534
   0.791
   0.836
   0.829
   0.785
   0.624
   0.422
 -65.534
 -65.534
 -65.534
 -65.534
 -65.534
 -65.534
 -65.534
 -65.534
 -65.534
 -65.534
 -65.534
   1.009
   1.179
   1.246
   1.288
   1.293
   1.285
   1.264
   1.242
   1.223
   1.198
   1.172
   1.144
   1.111
   1.072
   1.031
   0.987
   0.937
   0.886
   0.787
   0.000
 -65.534
 -65.534
 -65.534
 -65.534
 -65.534
 -65.534
 -65.534
 -65.534
 -65.534
 -65.534
 -65.534
 -65.534
 -65.534
 -65.534
 -65.534
 -65.534
 -65.534
 -65.534
 -65.534
 -65.534
 -65.534
 -65.534
 -65.534
 -65.534
 -65.534
 -65.534
 -65.534
 -65.534
 -65.534
 -65.534
 -65.534
 -65.534
   0.705
   0.746
   0.760
   0.728
   0.642
   0.530
   0.400
   0.316
 -65.534
 -65.534
 -65.534
 -65.534
 -65.534
 -65.534
 -65.534
 -65.534
 -65.534
 -65.534
 -65.534
 -65.534
   1.000
   1.157
   1.197
   1.208
   1.193
   1.170
   1.145
   1.122
   1.095
   1.060
   1.023
   0.983
   0.941
   0.894
   0.841
   0.739
   0.000
 -65.534
 -65.534
 -65.534
 -65.534
 -65.534
 -65.534
 -65.534
 -65.534
 -65.534
 -65.534
 -65.534
 -65.534
 -65.534
 -65.534
 -65.534
 -65.534
 -65.534
 -65.534
 -65.534
 -65.534
 -65.534
 -65.534
 -65.534
 -65.534
 -65.534
 -65.534
 -65.534
 -65.534
 -65.534
 -65.534
 -65.534
 -65.534
 -65.534
 -65.534
 -65.534
 -65.534
   0.475
   0.483
   0.443
   0.402
   0.333
   0.290
   0.266
   0.265
   0.274
 -65.534
 -65.534
 -65.534
 -65.534
 -65.534
 -65.534
 -65.534
 -65.534
 -65.534
 -65.534
   0.927
   1.059
   1.084
   1.077
   1.058
   1.034
   1.005
   0.970
   0.936
   0.900
   0.857
   0.805
   0.703
   0.000
 -65.534
 -65.534
 -65.534
 -65.534
 -65.534
 -65.534
 -65.534
 -65.534
 -65.534
 -65.534
 -65.534
 -65.534
 -65.534
 -65.534
 -65.534
 -65.534
 -65.534
 -65.534
 -65.534
 -65.534
 -65.534
 -65.534
 -65.534
 -65.534
 -65.534
 -65.534
 -65.534
 -65.534
 -65.534
 -65.534
 -65.534
 -65.534
 -65.534
 -65.534
 -65.534
 -65.534
 -65.534
 -65.534
 -65.534
 -65.534
   0.237
 -65.534
 -65.534
 -65.534
 -65.534
 -65.534
 -65.534
 -65.534
 -65.534
 -65.534
 -65.534
 -65.534
 -65.534
 -65.534
 -65.534
   0.799
   0.941
   0.994
   1.000
   0.996
   0.977
   0.944
   0.911
   0.883
   0.856
   0.823
   0.776
   0.673
   0.000
 -65.534
 -65.534
 -65.534
 -65.534
 -65.534
 -65.534
 -65.534
 -65.534
 -65.534
 -65.534
 -65.534
 -65.534
 -65.534
 -65.534
 -65.534
 -65.534
 -65.534
 -65.534
 -65.534
 -65.534
 -65.534
 -65.534
 -65.534
 -65.534
 -65.534
 -65.534
 -65.534
 -65.534
 -65.534
 -65.534
 -65.534
 -65.534
 -65.534
 -65.534
 -65.534
 -65.534
 -65.534
 -65.534
 -65.534
 -65.534
 -65.534
 -65.534
 -65.534
 -65.534
 -65.534
 -65.534
 -65.534
 -65.534
 -65.534
 -65.534
 -65.534
 -65.534
 -65.534
 -65.534
 -65.534
 -65.534
 -65.534
 -65.534
 -65.534
   0.816
   0.882
   0.882
   0.849
   0.829
   0.813
   0.793
   0.761
   0.658
   0.000
 -65.534
 -65.534
 -65.534
 -65.534
 -65.534
 -65.534
 -65.534
 -65.534
 -65.534
 -65.534
 -65.534
 -65.534
 -65.534
 -65.534
 -65.534
 -65.534
 -65.534
 -65.534
 -65.534
 -65.534
 -65.534
 -65.534
 -65.534
 -65.534
 -65.534
 -65.534
 -65.534
 -65.534
 -65.534
 -65.534
 -65.534
 -65.534
 -65.534
 -65.534
 -65.534
 -65.534
 -65.534
 -65.534
 -65.534
 -65.534
 -65.534
 -65.534
 -65.534
 -65.534
 -65.534
 -65.534
 -65.534
 -65.534
 -65.534
 -65.534
 -65.534
 -65.534
 -65.534
 -65.534
 -65.534
 -65.534
 -65.534
 -65.534
 -65.534
 -65.534
 -65.534
   0.000
   0.000
   0.000
   0.000
   0.000
   0.000
   0.000
 -65.534
