 -65.534
   0.000
   0.000
   0.000
   0.000
   0.000
   0.000
   0.000
   0.000
   0.000
   0.000
   0.000
   0.000
   0.000
   0.000
   0.000
   0.000
   0.000
   0.000
   0.000
   0.000
   0.000
   0.000
   0.000
   0.000
   0.000
   0.000
   0.000
   0.000
   0.000
   0.000
   0.000
   0.000
   0.000
   0.000
   0.000
   0.000
   0.000
   0.000
   0.000
   0.000
   0.000
   0.000
   0.000
   0.000
   0.000
   0.000
   0.000
   0.000
   0.000
   0.000
   0.000
   0.000
   0.000
   0.000
   0.000
   0.000
   0.000
   0.000
   0.000
   0.000
   0.000
   0.000
   0.000
   0.000
   0.000
   0.000
   0.000
 -65.534
   0.000
   1.780
   1.874
   1.925
   1.972
   2.008
   2.030
   2.043
   2.046
   2.046
   2.054
   2.068
   2.094
   2.123
   2.154
   2.196
   2.245
   2.332
   2.465
   2.647
   2.867
   3.104
   3.327
   3.579
   3.603
   3.539
   3.474
   3.438
   3.414
   3.426
   3.444
   3.446
   3.479
   3.527
   3.528
   3.558
   3.578
   3.622
   3.695
   3.760
   3.846
   3.902
   3.927
   3.948
   3.925
   3.850
   3.771
   3.692
   3.607
   3.545
   3.484
   3.418
   3.383
   3.332
   3.341
   3.356
   3.371
   3.402
   3.447
   3.507
   3.570
   3.620
   3.667
   3.715
   3.750
   3.779
   3.825
   3.734
   0.000
   0.000
   1.947
   2.013
   2.031
   2.063
   2.095
   2.128
   2.159
   2.182
   2.212
   2.250
   2.297
   2.343
   2.383
   2.416
   2.446
   2.487
   2.552
   2.651
   2.787
   2.958
   3.148
   3.326
   3.516
   3.564
   3.550
   3.534
   3.531
   3.563
   3.621
   3.700
   3.793
   3.890
   3.998
   4.068
   4.110
   4.144
   4.191
   4.247
   4.327
   4.416
   4.507
   4.554
   4.593
   4.601
   4.569
   4.544
   4.510
   4.474
   4.426
   4.365
   4.303
   4.239
   4.172
   4.103
   4.033
   3.994
   3.977
   3.979
   4.031
   4.088
   4.136
   4.190
   4.263
   4.337
   4.394
   4.448
   4.387
   0.000
   0.000
   1.993
   2.038
   2.034
   2.047
   2.070
   2.104
   2.146
   2.189
   2.238
   2.300
   2.365
   2.425
   2.466
   2.490
   2.506
   2.527
   2.567
   2.633
   2.733
   2.858
   2.999
   3.130
   3.246
   3.334
   3.355
   3.377
   3.421
   3.488
   3.578
   3.699
   3.852
   4.030
   4.203
   4.331
   4.430
   4.491
   4.541
   4.601
   4.671
   4.758
   4.846
   4.907
   4.939
   4.945
   4.936
   4.937
   4.941
   4.933
   4.911
   4.873
   4.810
   4.737
   4.655
   4.567
   4.466
   4.375
   4.302
   4.260
   4.257
   4.280
   4.328
   4.384
   4.474
   4.557
   4.639
   4.721
   4.674
   0.000
   0.000
   2.027
   2.061
   2.037
   2.031
   2.038
   2.064
   2.106
   2.159
   2.224
   2.301
   2.374
   2.443
   2.487
   2.507
   2.515
   2.520
   2.548
   2.603
   2.672
   2.761
   2.869
   2.966
   3.039
   3.121
   3.174
   3.247
   3.324
   3.433
   3.556
   3.717
   3.915
   4.149
   4.379
   4.569
   4.705
   4.797
   4.861
   4.914
   4.981
   5.079
   5.173
   5.227
   5.260
   5.257
   5.246
   5.261
   5.286
   5.300
   5.284
   5.247
   5.193
   5.121
   5.035
   4.915
   4.799
   4.665
   4.522
   4.424
   4.376
   4.371
   4.395
   4.479
   4.573
   4.689
   4.796
   4.906
   4.889
   0.000
   0.000
   2.064
   2.093
   2.064
   2.043
   2.035
   2.045
   2.075
   2.128
   2.197
   2.272
   2.347
   2.407
   2.446
   2.465
   2.469
   2.475
   2.492
   2.537
   2.584
   2.653
   2.730
   2.802
   2.869
   2.920
   2.998
   3.127
   3.261
   3.407
   3.573
   3.765
   3.997
   4.265
   4.525
   4.756
   4.928
   5.049
   5.127
   5.169
   5.255
   5.368
   5.467
   5.528
   5.570
   5.580
   5.557
   5.566
   5.598
   5.625
   5.611
   5.574
   5.522
   5.440
   5.320
   5.181
   5.018
   4.824
   4.650
   4.506
   4.411
   4.377
   4.414
   4.492
   4.620
   4.769
   4.904
   5.037
   5.045
   0.000
   0.000
   2.090
   2.131
   2.107
   2.082
   2.062
   2.055
   2.078
   2.122
   2.183
   2.252
   2.316
   2.369
   2.404
   2.414
   2.411
   2.415
   2.426
   2.455
   2.490
   2.539
   2.594
   2.636
   2.685
   2.756
   2.893
   3.058
   3.242
   3.433
   3.630
   3.843
   4.085
   4.350
   4.624
   4.868
   5.067
   5.216
   5.321
   5.405
   5.506
   5.624
   5.736
   5.824
   5.870
   5.890
   5.880
   5.878
   5.894
   5.908
   5.888
   5.840
   5.764
   5.663
   5.534
   5.355
   5.148
   4.940
   4.705
   4.506
   4.366
   4.322
   4.345
   4.441
   4.576
   4.753
   4.937
   5.102
   5.149
   0.000
   0.000
   2.092
   2.162
   2.146
   2.127
   2.103
   2.089
   2.100
   2.134
   2.189
   2.252
   2.308
   2.350
   2.375
   2.380
   2.374
   2.368
   2.374
   2.391
   2.418
   2.456
   2.508
   2.558
   2.621
   2.714
   2.868
   3.055
   3.261
   3.485
   3.709
   3.929
   4.165
   4.402
   4.655
   4.897
   5.115
   5.296
   5.452
   5.581
   5.707
   5.849
   5.990
   6.107
   6.193
   6.234
   6.214
   6.187
   6.171
   6.146
   6.116
   6.046
   5.951
   5.817
   5.655
   5.455
   5.220
   4.950
   4.692
   4.466
   4.289
   4.199
   4.213
   4.322
   4.501
   4.707
   4.912
   5.100
   5.213
   0.000
   0.000
   2.064
   2.165
   2.167
   2.161
   2.143
   2.132
   2.132
   2.161
   2.212
   2.271
   2.319
   2.354
   2.373
   2.369
   2.353
   2.342
   2.340
   2.352
   2.378
   2.418
   2.473
   2.537
   2.621
   2.744
   2.904
   3.099
   3.313
   3.553
   3.793
   4.014
   4.224
   4.434
   4.647
   4.875
   5.108
   5.331
   5.523
   5.702
   5.877
   6.056
   6.241
   6.397
   6.532
   6.597
   6.580
   6.539
   6.491
   6.416
   6.327
   6.216
   6.084
   5.937
   5.743
   5.505
   5.233
   4.941
   4.628
   4.322
   4.161
   4.048
   4.054
   4.165
   4.368
   4.617
   4.857
   5.073
   5.205
   0.000
   0.000
   1.976
   2.108
   2.142
   2.161
   2.156
   2.150
   2.157
   2.192
   2.240
   2.297
   2.342
   2.372
   2.381
   2.374
   2.356
   2.340
   2.334
   2.342
   2.374
   2.424
   2.488
   2.567
   2.669
   2.807
   2.983
   3.181
   3.409
   3.654
   3.894
   4.115
   4.293
   4.467
   4.650
   4.851
   5.089
   5.342
   5.558
   5.778
   6.000
   6.231
   6.478
   6.674
   6.862
   6.975
   6.987
   6.942
   6.880
   6.772
   6.609
   6.392
   6.210
   6.011
   5.784
   5.492
   5.188
   4.868
   4.537
   4.235
   3.982
   3.885
   3.894
   4.009
   4.235
   4.504
   4.778
   5.021
   5.190
   0.000
   0.000
   1.848
   1.995
   2.055
   2.105
   2.127
   2.140
   2.162
   2.200
   2.255
   2.316
   2.361
   2.394
   2.405
   2.397
   2.379
   2.361
   2.357
   2.371
   2.408
   2.466
   2.548
   2.643
   2.761
   2.910
   3.096
   3.307
   3.538
   3.782
   4.031
   4.248
   4.422
   4.572
   4.716
   4.904
   5.118
   5.357
   5.591
   5.810
   6.054
   6.328
   6.618
   6.880
   7.123
   7.302
   7.368
   7.354
   7.315
   7.146
   6.893
   6.586
   6.357
   6.064
   5.746
   5.397
   5.054
   4.706
   4.347
   4.043
   3.820
   3.694
   3.741
   3.873
   4.105
   4.409
   4.707
   4.964
   5.157
   0.000
   0.000
   1.728
   1.869
   1.948
   2.011
   2.057
   2.097
   2.137
   2.179
   2.241
   2.303
   2.360
   2.402
   2.427
   2.431
   2.422
   2.412
   2.409
   2.428
   2.469
   2.542
   2.632
   2.741
   2.872
   3.038
   3.230
   3.445
   3.683
   3.933
   4.194
   4.423
   4.625
   4.813
   4.977
   5.088
   5.236
   5.420
   5.622
   5.827
   6.064
   6.351
   6.684
   7.006
   7.305
   7.541
   7.676
   7.729
   7.685
   7.502
   7.195
   6.821
   6.500
   6.111
   5.706
   5.288
   4.858
   4.462
   4.112
   3.800
   3.608
   3.516
   3.573
   3.768
   4.021
   4.332
   4.657
   4.933
   5.141
   0.000
   0.000
   1.645
   1.761
   1.830
   1.894
   1.949
   2.010
   2.067
   2.127
   2.193
   2.262
   2.323
   2.380
   2.427
   2.448
   2.457
   2.462
   2.476
   2.501
   2.554
   2.626
   2.727
   2.844
   2.989
   3.169
   3.371
   3.586
   3.823
   4.079
   4.358
   4.607
   4.860
   5.099
   5.299
   5.395
   5.421
   5.489
   5.597
   5.750
   5.958
   6.254
   6.602
   6.997
   7.375
   7.674
   7.940
   7.999
   7.963
   7.776
   7.452
   7.058
   6.667
   6.211
   5.708
   5.183
   4.683
   4.214
   3.852
   3.547
   3.374
   3.345
   3.459
   3.696
   4.001
   4.329
   4.671
   4.946
   5.128
   0.000
 -65.534
 -65.534
   1.639
   1.704
   1.759
   1.818
   1.882
   1.954
   2.029
   2.107
   2.184
   2.256
   2.322
   2.382
   2.427
   2.463
   2.491
   2.524
   2.567
   2.628
   2.711
   2.818
   2.949
   3.104
   3.297
   3.517
   3.735
   3.962
   4.217
   4.478
   4.770
   5.064
   5.353
   5.564
   5.653
   5.610
   5.515
   5.484
   5.595
   5.794
   6.077
   6.440
   6.868
   7.309
   7.697
   7.958
   8.131
   8.145
   7.952
   7.613
   7.216
   6.750
   6.248
   5.658
   5.070
   4.508
   3.975
   3.566
   3.290
   3.170
   3.196
   3.375
   3.688
   4.052
   4.406
   4.737
   5.005
   5.150
   0.000
 -65.534
 -65.534
 -65.534
   1.558
   1.601
   1.669
   1.734
   1.809
   1.890
   1.974
   2.063
   2.144
   2.216
   2.287
   2.353
   2.413
   2.464
   2.525
   2.588
   2.668
   2.762
   2.878
   3.024
   3.204
   3.416
   3.650
   3.879
   4.096
   4.333
   4.586
   4.871
   5.167
   5.466
   5.697
   5.796
   5.712
   5.522
   5.388
   5.443
   5.638
   5.910
   6.268
   6.677
   7.122
   7.573
   7.880
   8.073
   8.122
   7.970
   7.655
   7.247
   6.760
   6.220
   5.566
   4.919
   4.305
   3.769
   3.336
   3.069
   2.988
   3.091
   3.343
   3.690
   4.096
   4.479
   4.807
   5.065
   5.172
   0.000
 -65.534
 -65.534
 -65.534
 -65.534
   1.434
   1.511
   1.579
   1.646
   1.722
   1.809
   1.901
   1.989
   2.075
   2.149
   2.226
   2.300
   2.375
   2.449
   2.527
   2.621
   2.733
   2.868
   3.032
   3.235
   3.467
   3.720
   3.962
   4.184
   4.401
   4.625
   4.868
   5.136
   5.407
   5.649
   5.740
   5.675
   5.511
   5.343
   5.341
   5.516
   5.783
   6.101
   6.456
   6.874
   7.295
   7.638
   7.854
   7.923
   7.814
   7.541
   7.167
   6.679
   6.074
   5.432
   4.772
   4.151
   3.617
   3.203
   2.965
   2.928
   3.068
   3.354
   3.731
   4.141
   4.528
   4.851
   5.078
   5.178
   0.000
 -65.534
 -65.534
 -65.534
 -65.534
   1.330
   1.383
   1.437
   1.486
   1.549
   1.626
   1.715
   1.803
   1.890
   1.979
   2.063
   2.143
   2.225
   2.307
   2.392
   2.490
   2.608
   2.753
   2.929
   3.143
   3.395
   3.663
   3.920
   4.154
   4.375
   4.586
   4.786
   4.996
   5.238
   5.463
   5.546
   5.514
   5.400
   5.288
   5.273
   5.387
   5.634
   5.906
   6.196
   6.546
   6.910
   7.238
   7.467
   7.563
   7.493
   7.285
   6.943
   6.444
   5.876
   5.268
   4.668
   4.068
   3.575
   3.197
   2.995
   2.988
   3.151
   3.440
   3.801
   4.179
   4.510
   4.794
   5.011
   5.080
   0.000
 -65.534
 -65.534
 -65.534
 -65.534
   1.283
   1.302
   1.324
   1.357
   1.398
   1.462
   1.534
   1.614
   1.695
   1.786
   1.875
   1.965
   2.035
   2.114
   2.200
   2.299
   2.412
   2.548
   2.719
   2.932
   3.179
   3.450
   3.721
   3.975
   4.210
   4.422
   4.617
   4.798
   4.993
   5.181
   5.277
   5.291
   5.233
   5.162
   5.125
   5.178
   5.350
   5.541
   5.829
   6.123
   6.434
   6.724
   6.933
   7.040
   7.013
   6.852
   6.542
   6.105
   5.596
   5.048
   4.507
   3.989
   3.543
   3.234
   3.103
   3.141
   3.318
   3.589
   3.897
   4.187
   4.442
   4.673
   4.844
   4.889
   0.000
 -65.534
 -65.534
 -65.534
 -65.534
   1.307
   1.309
   1.308
   1.296
   1.301
   1.340
   1.393
   1.456
   1.521
   1.599
   1.681
   1.759
   1.834
   1.915
   1.992
   2.071
   2.167
   2.290
   2.440
   2.636
   2.866
   3.121
   3.390
   3.653
   3.906
   4.133
   4.330
   4.499
   4.666
   4.824
   4.930
   4.987
   4.989
   4.958
   4.908
   4.908
   4.973
   5.090
   5.320
   5.564
   5.848
   6.116
   6.313
   6.399
   6.370
   6.228
   5.977
   5.610
   5.172
   4.691
   4.205
   3.754
   3.412
   3.210
   3.189
   3.309
   3.519
   3.761
   3.987
   4.175
   4.353
   4.523
   4.677
   4.667
   0.000
 -65.534
 -65.534
 -65.534
 -65.534
 -65.534
 -65.534
 -65.534
 -65.534
   1.217
   1.259
   1.299
   1.336
   1.380
   1.436
   1.500
   1.560
   1.625
   1.702
   1.783
   1.865
   1.944
   2.037
   2.154
   2.320
   2.522
   2.753
   2.999
   3.252
   3.502
   3.734
   3.941
   4.123
   4.280
   4.423
   4.529
   4.601
   4.644
   4.645
   4.607
   4.575
   4.593
   4.664
   4.781
   4.946
   5.137
   5.434
   5.584
   5.666
   5.654
   5.524
   5.315
   5.006
   4.614
   4.183
   3.773
   3.429
   3.193
   3.122
   3.224
   3.438
   3.681
   3.896
   4.042
   4.161
   4.277
   4.406
   4.515
   4.469
   0.000
 -65.534
 -65.534
 -65.534
 -65.534
 -65.534
 -65.534
   0.438
   0.846
   1.215
   1.229
   1.254
   1.270
   1.293
   1.321
   1.358
   1.405
   1.460
   1.528
   1.604
   1.676
   1.748
   1.826
   1.925
   2.051
   2.201
   2.403
   2.621
   2.862
   3.096
   3.322
   3.518
   3.688
   3.832
   3.963
   4.065
   4.143
   4.205
   4.231
   4.214
   4.200
   4.200
   4.227
   4.288
   4.388
   4.517
   4.659
   4.724
   4.728
   4.867
   4.752
   4.555
   4.288
   3.964
   3.612
   3.302
   3.066
   2.960
   3.017
   3.224
   3.486
   3.736
   3.910
   4.012
   4.082
   4.180
   4.279
   4.368
   4.299
   0.000
 -65.534
 -65.534
 -65.534
 -65.534
 -65.534
 -65.534
 -65.534
 -65.534
 -65.534
   1.229
   1.259
   1.281
   1.293
   1.300
   1.296
   1.310
   1.353
   1.412
   1.484
   1.555
   1.611
   1.672
   1.757
   1.867
   1.999
   2.147
   2.318
   2.517
   2.719
   2.910
   3.085
   3.241
   3.377
   3.490
   3.582
   3.657
   3.723
   3.759
   3.765
   3.771
   3.792
   3.813
   3.841
   3.881
   3.929
   3.962
   3.967
   3.939
   3.928
   3.803
   3.628
   3.427
   3.186
   2.970
   2.813
   2.732
   2.769
   2.943
   3.199
   3.444
   3.652
   3.791
   3.890
   3.974
   4.056
   4.148
   4.232
   4.130
   0.000
 -65.534
 -65.534
 -65.534
 -65.534
 -65.534
 -65.534
 -65.534
 -65.534
 -65.534
 -65.534
 -65.534
 -65.534
 -65.534
 -65.534
 -65.534
   1.269
   1.333
   1.382
   1.424
   1.486
   1.546
   1.604
   1.673
   1.756
   1.859
   1.982
   2.116
   2.256
   2.411
   2.571
   2.716
   2.838
   2.939
   3.033
   3.113
   3.179
   3.243
   3.292
   3.353
   3.388
   3.412
   3.430
   3.426
   3.426
   3.414
   3.372
   3.325
   3.269
   3.174
   3.033
   2.878
   2.727
   2.593
   2.509
   2.503
   2.564
   2.700
   2.914
   3.146
   3.334
   3.475
   3.603
   3.726
   3.824
   3.901
   4.002
   4.105
   3.992
   0.000
 -65.534
 -65.534
 -65.534
 -65.534
 -65.534
 -65.534
 -65.534
 -65.534
 -65.534
 -65.534
 -65.534
 -65.534
 -65.534
 -65.534
 -65.534
 -65.534
 -65.534
 -65.534
 -65.534
   1.423
   1.527
   1.599
   1.662
   1.726
   1.798
   1.885
   1.988
   2.101
   2.212
   2.313
   2.415
   2.513
   2.594
   2.667
   2.739
   2.799
   2.857
   2.917
   2.970
   3.028
   3.073
   3.087
   3.070
   3.035
   2.978
   2.895
   2.798
   2.716
   2.623
   2.495
   2.379
   2.285
   2.240
   2.265
   2.365
   2.519
   2.702
   2.903
   3.079
   3.189
   3.273
   3.398
   3.533
   3.661
   3.767
   3.895
   4.014
   3.897
   0.000
 -65.534
 -65.534
 -65.534
 -65.534
 -65.534
 -65.534
 -65.534
 -65.534
 -65.534
 -65.534
 -65.534
 -65.534
 -65.534
 -65.534
 -65.534
 -65.534
 -65.534
 -65.534
   0.831
   1.526
   1.588
   1.648
   1.702
   1.757
   1.807
   1.864
   1.934
   2.016
   2.097
   2.173
   2.239
   2.301
   2.356
   2.406
   2.458
   2.510
   2.570
   2.626
   2.681
   2.736
   2.798
   2.832
   2.817
   2.762
   2.667
   2.542
   2.413
   2.312
   2.222
   2.158
   2.101
   2.073
   2.096
   2.185
   2.322
   2.504
   2.714
   2.894
   3.009
   3.064
   3.124
   3.239
   3.370
   3.521
   3.668
   3.817
   3.950
   3.823
   0.000
 -65.534
 -65.534
 -65.534
 -65.534
 -65.534
 -65.534
 -65.534
 -65.534
 -65.534
 -65.534
 -65.534
 -65.534
 -65.534
 -65.534
 -65.534
 -65.534
 -65.534
   0.678
   1.307
   1.636
   1.695
   1.734
   1.775
   1.820
   1.854
   1.890
   1.945
   2.003
   2.063
   2.118
   2.150
   2.171
   2.203
   2.235
   2.267
   2.304
   2.347
   2.394
   2.449
   2.507
   2.577
   2.630
   2.641
   2.598
   2.486
   2.337
   2.179
   2.066
   2.011
   1.979
   1.991
   2.038
   2.088
   2.183
   2.326
   2.532
   2.735
   2.883
   2.948
   2.977
   3.019
   3.108
   3.243
   3.416
   3.577
   3.740
   3.877
   3.754
   0.000
 -65.534
 -65.534
 -65.534
 -65.534
 -65.534
 -65.534
 -65.534
 -65.534
 -65.534
 -65.534
 -65.534
 -65.534
 -65.534
 -65.534
 -65.534
 -65.534
 -65.534
   1.075
   1.506
   1.713
   1.779
   1.807
   1.839
   1.875
   1.912
   1.942
   1.985
   2.033
   2.077
   2.115
   2.130
   2.120
   2.121
   2.119
   2.123
   2.133
   2.157
   2.188
   2.236
   2.294
   2.366
   2.427
   2.461
   2.445
   2.367
   2.228
   2.084
   1.986
   1.953
   1.977
   2.034
   2.055
   2.081
   2.160
   2.271
   2.440
   2.652
   2.802
   2.856
   2.872
   2.918
   3.011
   3.138
   3.297
   3.466
   3.642
   3.782
   3.641
   0.000
 -65.534
 -65.534
 -65.534
 -65.534
 -65.534
 -65.534
 -65.534
 -65.534
 -65.534
 -65.534
 -65.534
 -65.534
 -65.534
 -65.534
 -65.534
 -65.534
 -65.534
   1.261
   1.580
   1.749
   1.818
   1.853
   1.884
   1.913
   1.952
   1.984
   2.021
   2.067
   2.110
   2.138
   2.140
   2.101
   2.074
   2.046
   2.027
   2.017
   2.013
   2.023
   2.049
   2.090
   2.148
   2.215
   2.258
   2.269
   2.238
   2.160
   2.079
   2.039
   2.039
   2.088
   2.154
   2.167
   2.199
   2.231
   2.281
   2.375
   2.529
   2.660
   2.738
   2.773
   2.826
   2.914
   3.031
   3.177
   3.313
   3.467
   3.600
   3.509
   0.000
 -65.534
 -65.534
 -65.534
 -65.534
 -65.534
 -65.534
 -65.534
 -65.534
 -65.534
 -65.534
 -65.534
 -65.534
 -65.534
 -65.534
 -65.534
 -65.534
 -65.534
   1.317
   1.583
   1.725
   1.797
   1.845
   1.887
   1.921
   1.959
   2.010
   2.049
   2.091
   2.127
   2.150
   2.144
   2.092
   2.056
   2.019
   1.991
   1.971
   1.950
   1.943
   1.949
   1.976
   2.020
   2.073
   2.123
   2.158
   2.168
   2.161
   2.146
   2.151
   2.169
   2.213
   2.257
   2.271
   2.271
   2.259
   2.246
   2.280
   2.345
   2.469
   2.548
   2.625
   2.702
   2.792
   2.894
   3.027
   3.136
   3.262
   3.396
   3.302
   0.000
 -65.534
 -65.534
 -65.534
 -65.534
 -65.534
 -65.534
 -65.534
 -65.534
 -65.534
 -65.534
 -65.534
 -65.534
 -65.534
 -65.534
 -65.534
 -65.534
 -65.534
 -65.534
   1.459
   1.647
   1.732
   1.797
   1.848
   1.895
   1.937
   1.987
   2.037
   2.080
   2.112
   2.137
   2.129
   2.075
   2.043
   2.018
   1.994
   1.967
   1.932
   1.910
   1.910
   1.930
   1.990
   2.055
   2.121
   2.176
   2.209
   2.227
   2.250
   2.249
   2.288
   2.309
   2.346
   2.340
   2.320
   2.280
   2.246
   2.223
   2.264
   2.331
   2.404
   2.489
   2.574
   2.671
   2.762
   2.865
   2.961
   3.037
   3.135
   3.035
   0.000
 -65.534
 -65.534
 -65.534
 -65.534
 -65.534
 -65.534
 -65.534
 -65.534
 -65.534
 -65.534
 -65.534
 -65.534
 -65.534
 -65.534
 -65.534
 -65.534
 -65.534
 -65.534
 -65.534
   1.462
   1.627
   1.707
   1.776
   1.835
   1.886
   1.937
   1.985
   2.028
   2.064
   2.092
   2.086
   2.064
   2.045
   2.025
   2.017
   2.015
   2.014
   1.999
   2.007
   2.036
   2.030
   2.090
   2.164
   2.241
   2.297
   2.332
   2.342
   2.349
   2.353
   2.372
   2.421
   2.397
   2.378
   2.369
   2.335
   2.305
   2.298
   2.329
   2.366
   2.445
   2.519
   2.590
   2.654
   2.717
   2.775
   2.818
   2.849
   2.695
   0.000
 -65.534
 -65.534
 -65.534
 -65.534
 -65.534
 -65.534
 -65.534
 -65.534
 -65.534
 -65.534
 -65.534
 -65.534
 -65.534
 -65.534
 -65.534
 -65.534
 -65.534
 -65.534
 -65.534
 -65.534
   1.435
   1.564
   1.663
   1.735
   1.828
   1.888
   1.930
   1.970
   2.009
   2.054
   2.057
   2.073
   2.080
   2.093
   2.100
   1.972
 -65.534
 -65.534
 -65.534
 -65.534
   1.975
   2.147
   2.228
   2.324
   2.411
   2.449
   2.460
   2.460
   2.452
   2.459
   2.452
   2.420
   2.401
   2.387
   2.348
   2.325
   2.307
   2.331
   2.360
   2.415
   2.478
   2.535
   2.572
   2.591
   2.588
   2.569
   2.557
   2.344
   0.000
 -65.534
 -65.534
 -65.534
 -65.534
 -65.534
 -65.534
 -65.534
 -65.534
 -65.534
 -65.534
 -65.534
 -65.534
 -65.534
 -65.534
 -65.534
 -65.534
 -65.534
 -65.534
 -65.534
 -65.534
 -65.534
 -65.534
 -65.534
 -65.534
   1.670
   1.796
   1.864
   1.918
   1.969
   2.012
   2.047
   2.093
   2.126
   2.149
   2.122
   1.930
 -65.534
 -65.534
 -65.534
 -65.534
 -65.534
 -65.534
   2.208
   2.393
   2.490
   2.542
   2.569
   2.554
   2.523
   2.485
   2.450
   2.415
   2.373
   2.324
   2.298
   2.275
   2.257
   2.272
   2.317
   2.370
   2.432
   2.473
   2.487
   2.473
   2.424
   2.340
   2.260
   2.007
   0.000
 -65.534
 -65.534
 -65.534
 -65.534
 -65.534
 -65.534
 -65.534
 -65.534
 -65.534
 -65.534
 -65.534
 -65.534
 -65.534
 -65.534
 -65.534
 -65.534
 -65.534
 -65.534
 -65.534
 -65.534
 -65.534
 -65.534
 -65.534
 -65.534
   1.519
   1.669
   1.759
   1.843
   1.924
   1.986
   2.029
   2.087
   2.139
   2.154
   2.105
   1.929
 -65.534
 -65.534
 -65.534
 -65.534
 -65.534
 -65.534
 -65.534
   2.333
   2.511
   2.583
   2.621
   2.601
   2.580
   2.546
   2.508
   2.458
   2.397
   2.340
   2.296
   2.262
   2.249
   2.254
   2.283
   2.310
   2.329
   2.334
   2.314
   2.260
   2.179
   2.075
   1.964
   1.697
   0.000
 -65.534
 -65.534
 -65.534
 -65.534
 -65.534
 -65.534
 -65.534
 -65.534
 -65.534
 -65.534
 -65.534
 -65.534
 -65.534
 -65.534
 -65.534
 -65.534
 -65.534
 -65.534
 -65.534
 -65.534
 -65.534
 -65.534
 -65.534
 -65.534
 -65.534
 -65.534
 -65.534
 -65.534
 -65.534
   1.837
   1.986
   2.065
   2.125
   2.141
   2.086
   1.912
   0.963
 -65.534
 -65.534
 -65.534
 -65.534
 -65.534
 -65.534
   2.219
   2.426
 -65.534
   2.292
   2.484
   2.524
   2.557
   2.511
   2.458
   2.383
   2.333
   2.296
   2.259
   2.233
   2.212
   2.202
   2.192
   2.173
   2.136
   2.070
   1.975
   1.857
   1.725
   1.590
   1.346
   0.000
 -65.534
 -65.534
 -65.534
 -65.534
 -65.534
 -65.534
 -65.534
 -65.534
 -65.534
 -65.534
 -65.534
 -65.534
 -65.534
 -65.534
 -65.534
 -65.534
 -65.534
 -65.534
 -65.534
 -65.534
 -65.534
 -65.534
 -65.534
 -65.534
 -65.534
 -65.534
 -65.534
 -65.534
 -65.534
 -65.534
 -65.534
 -65.534
   2.001
   2.086
   2.050
   1.873
   1.237
   0.758
 -65.534
 -65.534
 -65.534
 -65.534
 -65.534
 -65.534
 -65.534
 -65.534
 -65.534
 -65.534
 -65.534
   2.109
   2.343
   2.348
   2.401
   2.347
   2.284
   2.199
   2.145
   2.103
   2.063
   2.019
   1.960
   1.885
   1.781
   1.659
   1.529
   1.388
   1.257
   1.064
   0.000
 -65.534
 -65.534
 -65.534
 -65.534
 -65.534
 -65.534
 -65.534
 -65.534
 -65.534
 -65.534
 -65.534
 -65.534
 -65.534
 -65.534
 -65.534
 -65.534
 -65.534
 -65.534
 -65.534
 -65.534
 -65.534
 -65.534
 -65.534
 -65.534
 -65.534
 -65.534
 -65.534
 -65.534
 -65.534
 -65.534
 -65.534
 -65.534
   1.929
   1.999
   1.968
   1.794
   1.361
   0.958
   0.694
   0.584
 -65.534
 -65.534
 -65.534
 -65.534
 -65.534
 -65.534
 -65.534
 -65.534
 -65.534
 -65.534
 -65.534
 -65.534
   1.823
   2.053
   2.054
   2.082
   2.009
   1.934
   1.857
   1.782
   1.695
   1.590
   1.475
   1.346
   1.222
   1.105
   1.006
   0.876
   0.000
 -65.534
 -65.534
 -65.534
 -65.534
 -65.534
 -65.534
 -65.534
 -65.534
 -65.534
 -65.534
 -65.534
 -65.534
 -65.534
 -65.534
 -65.534
 -65.534
 -65.534
 -65.534
 -65.534
 -65.534
 -65.534
 -65.534
 -65.534
 -65.534
 -65.534
 -65.534
 -65.534
 -65.534
 -65.534
 -65.534
 -65.534
 -65.534
 -65.534
 -65.534
 -65.534
 -65.534
   1.142
   0.972
   0.802
   0.694
   0.589
   0.517
   0.472
   0.464
   0.465
 -65.534
 -65.534
 -65.534
 -65.534
 -65.534
 -65.534
 -65.534
 -65.534
 -65.534
 -65.534
   1.485
   1.715
   1.699
   1.626
   1.522
   1.414
   1.302
   1.182
   1.069
   0.968
   0.882
   0.819
   0.749
   0.000
 -65.534
 -65.534
 -65.534
 -65.534
 -65.534
 -65.534
 -65.534
 -65.534
 -65.534
 -65.534
 -65.534
 -65.534
 -65.534
 -65.534
 -65.534
 -65.534
 -65.534
 -65.534
 -65.534
 -65.534
 -65.534
 -65.534
 -65.534
 -65.534
 -65.534
 -65.534
 -65.534
 -65.534
 -65.534
 -65.534
 -65.534
 -65.534
 -65.534
 -65.534
 -65.534
 -65.534
 -65.534
 -65.534
 -65.534
 -65.534
   0.471
 -65.534
 -65.534
 -65.534
 -65.534
 -65.534
 -65.534
 -65.534
 -65.534
 -65.534
 -65.534
 -65.534
 -65.534
 -65.534
 -65.534
   0.886
   1.228
   1.310
   1.271
   1.253
   1.146
   1.000
   0.881
   0.790
   0.727
   0.688
   0.667
   0.645
   0.000
 -65.534
 -65.534
 -65.534
 -65.534
 -65.534
 -65.534
 -65.534
 -65.534
 -65.534
 -65.534
 -65.534
 -65.534
 -65.534
 -65.534
 -65.534
 -65.534
 -65.534
 -65.534
 -65.534
 -65.534
 -65.534
 -65.534
 -65.534
 -65.534
 -65.534
 -65.534
 -65.534
 -65.534
 -65.534
 -65.534
 -65.534
 -65.534
 -65.534
 -65.534
 -65.534
 -65.534
 -65.534
 -65.534
 -65.534
 -65.534
 -65.534
 -65.534
 -65.534
 -65.534
 -65.534
 -65.534
 -65.534
 -65.534
 -65.534
 -65.534
 -65.534
 -65.534
 -65.534
 -65.534
 -65.534
 -65.534
 -65.534
 -65.534
 -65.534
   0.679
   0.787
   0.718
   0.614
   0.554
   0.529
   0.541
   0.581
   0.584
   0.000
 -65.534
 -65.534
 -65.534
 -65.534
 -65.534
 -65.534
 -65.534
 -65.534
 -65.534
 -65.534
 -65.534
 -65.534
 -65.534
 -65.534
 -65.534
 -65.534
 -65.534
 -65.534
 -65.534
 -65.534
 -65.534
 -65.534
 -65.534
 -65.534
 -65.534
 -65.534
 -65.534
 -65.534
 -65.534
 -65.534
 -65.534
 -65.534
 -65.534
 -65.534
 -65.534
 -65.534
 -65.534
 -65.534
 -65.534
 -65.534
 -65.534
 -65.534
 -65.534
 -65.534
 -65.534
 -65.534
 -65.534
 -65.534
 -65.534
 -65.534
 -65.534
 -65.534
 -65.534
 -65.534
 -65.534
 -65.534
 -65.534
 -65.534
 -65.534
 -65.534
 -65.534
   0.000
   0.000
   0.000
   0.000
   0.000
   0.000
   0.000
 -65.534
