 -65.534
   0.000
   0.000
   0.000
   0.000
   0.000
   0.000
   0.000
   0.000
   0.000
   0.000
   0.000
   0.000
   0.000
   0.000
   0.000
   0.000
   0.000
   0.000
   0.000
   0.000
   0.000
   0.000
   0.000
   0.000
   0.000
   0.000
   0.000
   0.000
   0.000
   0.000
   0.000
   0.000
   0.000
   0.000
   0.000
   0.000
   0.000
   0.000
   0.000
   0.000
   0.000
   0.000
   0.000
   0.000
   0.000
   0.000
   0.000
   0.000
   0.000
   0.000
   0.000
   0.000
   0.000
   0.000
   0.000
   0.000
   0.000
   0.000
   0.000
   0.000
   0.000
   0.000
   0.000
   0.000
   0.000
   0.000
   0.000
 -65.534
   0.000
   1.262
   1.397
   1.472
   1.542
   1.602
   1.644
   1.684
   1.708
   1.715
   1.711
   1.686
   1.652
   1.616
   1.577
   1.544
   1.518
   1.508
   1.517
   1.536
   1.565
   1.603
   1.645
   1.685
   1.719
   1.756
   1.788
   1.812
   1.847
   1.897
   1.937
   1.961
   1.975
   1.973
   1.954
   1.920
   1.874
   1.804
   1.726
   1.643
   1.554
   1.456
   1.365
   1.296
   1.260
   1.250
   1.266
   1.293
   1.329
   1.375
   1.426
   1.482
   1.540
   1.601
   1.676
   1.735
   1.785
   1.821
   1.843
   1.867
   1.890
   1.909
   1.926
   1.941
   1.940
   1.939
   1.937
   1.889
   0.000
   0.000
   1.300
   1.415
   1.481
   1.558
   1.634
   1.706
   1.768
   1.815
   1.847
   1.863
   1.861
   1.843
   1.814
   1.777
   1.742
   1.711
   1.693
   1.691
   1.699
   1.719
   1.752
   1.791
   1.834
   1.874
   1.914
   1.958
   2.006
   2.053
   2.103
   2.148
   2.187
   2.214
   2.228
   2.219
   2.187
   2.138
   2.074
   1.994
   1.905
   1.801
   1.690
   1.575
   1.479
   1.422
   1.408
   1.433
   1.474
   1.526
   1.588
   1.655
   1.730
   1.814
   1.901
   1.984
   2.058
   2.120
   2.168
   2.205
   2.235
   2.265
   2.294
   2.315
   2.328
   2.332
   2.327
   2.322
   2.262
   0.000
   0.000
   1.255
   1.352
   1.406
   1.481
   1.567
   1.654
   1.729
   1.792
   1.841
   1.878
   1.890
   1.887
   1.870
   1.843
   1.811
   1.781
   1.762
   1.755
   1.760
   1.774
   1.805
   1.847
   1.889
   1.936
   1.981
   2.028
   2.076
   2.125
   2.177
   2.226
   2.269
   2.309
   2.336
   2.336
   2.317
   2.277
   2.216
   2.139
   2.048
   1.947
   1.833
   1.708
   1.594
   1.517
   1.495
   1.517
   1.561
   1.617
   1.683
   1.757
   1.839
   1.931
   2.027
   2.118
   2.200
   2.273
   2.330
   2.371
   2.410
   2.445
   2.476
   2.498
   2.514
   2.519
   2.515
   2.510
   2.438
   0.000
   0.000
   1.216
   1.302
   1.343
   1.409
   1.490
   1.576
   1.658
   1.730
   1.791
   1.843
   1.876
   1.892
   1.893
   1.878
   1.856
   1.832
   1.820
   1.814
   1.817
   1.832
   1.861
   1.901
   1.942
   1.991
   2.040
   2.089
   2.137
   2.186
   2.231
   2.274
   2.317
   2.359
   2.393
   2.409
   2.401
   2.377
   2.327
   2.260
   2.179
   2.082
   1.968
   1.840
   1.719
   1.629
   1.591
   1.601
   1.642
   1.701
   1.768
   1.849
   1.936
   2.029
   2.125
   2.217
   2.302
   2.376
   2.438
   2.485
   2.526
   2.565
   2.596
   2.621
   2.638
   2.646
   2.643
   2.638
   2.557
   0.000
   0.000
   1.189
   1.267
   1.299
   1.351
   1.420
   1.498
   1.578
   1.653
   1.723
   1.784
   1.830
   1.864
   1.882
   1.887
   1.881
   1.871
   1.864
   1.864
   1.868
   1.882
   1.909
   1.947
   1.988
   2.035
   2.084
   2.138
   2.183
   2.225
   2.266
   2.304
   2.343
   2.387
   2.425
   2.445
   2.448
   2.432
   2.400
   2.347
   2.281
   2.197
   2.091
   1.969
   1.850
   1.754
   1.703
   1.694
   1.728
   1.782
   1.852
   1.937
   2.028
   2.123
   2.219
   2.309
   2.391
   2.463
   2.522
   2.571
   2.614
   2.655
   2.686
   2.710
   2.726
   2.733
   2.732
   2.721
   2.639
   0.000
   0.000
   1.160
   1.234
   1.263
   1.306
   1.362
   1.430
   1.503
   1.579
   1.653
   1.719
   1.776
   1.822
   1.858
   1.877
   1.886
   1.891
   1.894
   1.897
   1.903
   1.915
   1.941
   1.974
   2.013
   2.059
   2.112
   2.164
   2.211
   2.250
   2.282
   2.316
   2.350
   2.389
   2.425
   2.447
   2.457
   2.457
   2.441
   2.411
   2.363
   2.297
   2.209
   2.101
   1.988
   1.891
   1.824
   1.798
   1.814
   1.860
   1.929
   2.014
   2.106
   2.201
   2.296
   2.386
   2.465
   2.535
   2.592
   2.635
   2.678
   2.717
   2.747
   2.768
   2.780
   2.786
   2.782
   2.770
   2.685
   0.000
   0.000
   1.125
   1.203
   1.231
   1.273
   1.319
   1.376
   1.442
   1.515
   1.588
   1.659
   1.720
   1.773
   1.818
   1.849
   1.868
   1.884
   1.895
   1.905
   1.917
   1.932
   1.954
   1.986
   2.022
   2.067
   2.119
   2.171
   2.214
   2.249
   2.281
   2.309
   2.334
   2.362
   2.392
   2.418
   2.437
   2.453
   2.460
   2.450
   2.425
   2.381
   2.313
   2.227
   2.129
   2.031
   1.948
   1.901
   1.896
   1.924
   1.984
   2.064
   2.153
   2.248
   2.343
   2.433
   2.513
   2.582
   2.637
   2.678
   2.717
   2.751
   2.777
   2.792
   2.803
   2.809
   2.802
   2.790
   2.708
   0.000
   0.000
   1.081
   1.164
   1.199
   1.242
   1.285
   1.331
   1.388
   1.454
   1.526
   1.596
   1.661
   1.717
   1.765
   1.801
   1.828
   1.850
   1.870
   1.889
   1.906
   1.927
   1.953
   1.983
   2.017
   2.060
   2.106
   2.155
   2.199
   2.232
   2.255
   2.278
   2.296
   2.317
   2.346
   2.372
   2.400
   2.430
   2.454
   2.464
   2.463
   2.444
   2.399
   2.337
   2.259
   2.169
   2.082
   2.015
   1.987
   1.993
   2.031
   2.097
   2.178
   2.266
   2.359
   2.452
   2.536
   2.607
   2.659
   2.698
   2.732
   2.761
   2.781
   2.792
   2.803
   2.807
   2.802
   2.788
   2.707
   0.000
   0.000
   1.027
   1.115
   1.160
   1.206
   1.246
   1.288
   1.339
   1.400
   1.466
   1.535
   1.598
   1.655
   1.705
   1.745
   1.775
   1.803
   1.829
   1.853
   1.878
   1.905
   1.934
   1.966
   1.996
   2.034
   2.077
   2.122
   2.161
   2.190
   2.215
   2.235
   2.251
   2.268
   2.294
   2.321
   2.355
   2.395
   2.427
   2.450
   2.471
   2.475
   2.456
   2.417
   2.364
   2.291
   2.210
   2.136
   2.090
   2.078
   2.094
   2.133
   2.196
   2.275
   2.364
   2.451
   2.533
   2.603
   2.655
   2.690
   2.721
   2.746
   2.760
   2.769
   2.781
   2.787
   2.783
   2.771
   2.693
   0.000
   0.000
   0.972
   1.064
   1.116
   1.167
   1.208
   1.249
   1.296
   1.353
   1.414
   1.477
   1.538
   1.595
   1.645
   1.684
   1.717
   1.746
   1.777
   1.807
   1.839
   1.869
   1.902
   1.934
   1.964
   1.996
   2.033
   2.074
   2.112
   2.144
   2.171
   2.194
   2.211
   2.228
   2.252
   2.282
   2.317
   2.356
   2.391
   2.422
   2.453
   2.473
   2.475
   2.459
   2.427
   2.375
   2.313
   2.249
   2.194
   2.167
   2.164
   2.184
   2.226
   2.285
   2.359
   2.434
   2.506
   2.567
   2.613
   2.645
   2.673
   2.695
   2.709
   2.721
   2.734
   2.741
   2.740
   2.732
   2.659
   0.000
   0.000
   0.928
   1.023
   1.081
   1.136
   1.174
   1.212
   1.252
   1.304
   1.359
   1.416
   1.476
   1.532
   1.579
   1.621
   1.657
   1.691
   1.722
   1.756
   1.790
   1.827
   1.861
   1.895
   1.926
   1.958
   1.992
   2.031
   2.072
   2.109
   2.144
   2.175
   2.196
   2.217
   2.240
   2.267
   2.302
   2.339
   2.374
   2.402
   2.429
   2.453
   2.466
   2.467
   2.452
   2.423
   2.380
   2.335
   2.290
   2.255
   2.243
   2.248
   2.272
   2.309
   2.362
   2.417
   2.471
   2.516
   2.556
   2.584
   2.608
   2.631
   2.649
   2.663
   2.680
   2.690
   2.690
   2.682
   2.608
   0.000
   0.000
   0.889
   0.992
   1.049
   1.101
   1.139
   1.175
   1.211
   1.251
   1.297
   1.348
   1.403
   1.456
   1.508
   1.551
   1.591
   1.628
   1.664
   1.701
   1.737
   1.776
   1.817
   1.853
   1.889
   1.924
   1.963
   2.008
   2.052
   2.096
   2.137
   2.175
   2.200
   2.222
   2.245
   2.268
   2.298
   2.330
   2.358
   2.383
   2.407
   2.430
   2.444
   2.453
   2.452
   2.439
   2.414
   2.386
   2.355
   2.327
   2.308
   2.308
   2.318
   2.338
   2.368
   2.402
   2.433
   2.465
   2.494
   2.521
   2.546
   2.572
   2.595
   2.614
   2.632
   2.642
   2.643
   2.634
   2.560
   0.000
 -65.534
 -65.534
   0.916
   1.009
   1.052
   1.094
   1.132
   1.166
   1.199
   1.234
   1.277
   1.323
   1.372
   1.421
   1.468
   1.513
   1.554
   1.596
   1.635
   1.678
   1.720
   1.764
   1.808
   1.850
   1.892
   1.941
   1.990
   2.039
   2.086
   2.135
   2.177
   2.207
   2.229
   2.251
   2.270
   2.294
   2.321
   2.343
   2.362
   2.383
   2.401
   2.416
   2.428
   2.433
   2.428
   2.415
   2.398
   2.380
   2.362
   2.349
   2.346
   2.347
   2.353
   2.364
   2.379
   2.397
   2.416
   2.442
   2.467
   2.496
   2.526
   2.553
   2.574
   2.596
   2.604
   2.601
   2.593
   2.515
   0.000
 -65.534
 -65.534
 -65.534
   0.912
   0.990
   1.040
   1.086
   1.120
   1.149
   1.173
   1.204
   1.238
   1.277
   1.321
   1.366
   1.415
   1.461
   1.508
   1.554
   1.602
   1.649
   1.700
   1.753
   1.806
   1.861
   1.920
   1.978
   2.031
   2.083
   2.130
   2.172
   2.204
   2.230
   2.249
   2.265
   2.291
   2.314
   2.332
   2.347
   2.362
   2.378
   2.393
   2.404
   2.411
   2.408
   2.400
   2.388
   2.377
   2.369
   2.363
   2.361
   2.360
   2.361
   2.361
   2.364
   2.372
   2.387
   2.409
   2.439
   2.471
   2.504
   2.532
   2.557
   2.575
   2.580
   2.578
   2.569
   2.486
   0.000
 -65.534
 -65.534
 -65.534
 -65.534
   0.890
   0.982
   1.032
   1.066
   1.088
   1.105
   1.126
   1.150
   1.177
   1.212
   1.256
   1.302
   1.350
   1.398
   1.449
   1.502
   1.556
   1.616
   1.677
   1.742
   1.810
   1.879
   1.944
   2.004
   2.056
   2.105
   2.142
   2.174
   2.198
   2.219
   2.240
   2.263
   2.288
   2.314
   2.329
   2.343
   2.358
   2.372
   2.384
   2.387
   2.384
   2.374
   2.366
   2.358
   2.355
   2.356
   2.359
   2.359
   2.359
   2.360
   2.361
   2.364
   2.376
   2.402
   2.432
   2.471
   2.503
   2.532
   2.554
   2.568
   2.573
   2.571
   2.565
   2.478
   0.000
 -65.534
 -65.534
 -65.534
 -65.534
   0.826
   0.921
   0.967
   0.993
   1.011
   1.026
   1.041
   1.058
   1.080
   1.110
   1.147
   1.187
   1.232
   1.278
   1.327
   1.380
   1.435
   1.497
   1.565
   1.637
   1.713
   1.788
   1.861
   1.924
   1.979
   2.027
   2.067
   2.096
   2.120
   2.145
   2.169
   2.198
   2.230
   2.259
   2.276
   2.296
   2.312
   2.328
   2.341
   2.346
   2.343
   2.334
   2.326
   2.319
   2.319
   2.327
   2.337
   2.343
   2.349
   2.354
   2.358
   2.365
   2.381
   2.405
   2.440
   2.478
   2.513
   2.540
   2.556
   2.565
   2.569
   2.568
   2.566
   2.476
   0.000
 -65.534
 -65.534
 -65.534
 -65.534
   0.780
   0.868
   0.904
   0.922
   0.930
   0.946
   0.962
   0.977
   0.996
   1.022
   1.051
   1.082
   1.116
   1.157
   1.198
   1.245
   1.295
   1.355
   1.418
   1.488
   1.562
   1.637
   1.710
   1.780
   1.839
   1.893
   1.937
   1.969
   1.997
   2.024
   2.053
   2.085
   2.122
   2.153
   2.177
   2.198
   2.217
   2.238
   2.257
   2.267
   2.267
   2.262
   2.257
   2.259
   2.268
   2.285
   2.303
   2.319
   2.332
   2.341
   2.351
   2.363
   2.378
   2.405
   2.443
   2.484
   2.521
   2.544
   2.558
   2.560
   2.560
   2.562
   2.559
   2.462
   0.000
 -65.534
 -65.534
 -65.534
 -65.534
   0.713
   0.791
   0.823
   0.838
   0.856
   0.871
   0.888
   0.905
   0.921
   0.945
   0.969
   0.993
   1.016
   1.046
   1.078
   1.116
   1.157
   1.204
   1.258
   1.321
   1.387
   1.457
   1.526
   1.594
   1.659
   1.717
   1.766
   1.802
   1.832
   1.859
   1.890
   1.925
   1.964
   1.996
   2.023
   2.046
   2.071
   2.096
   2.123
   2.140
   2.151
   2.156
   2.161
   2.172
   2.193
   2.222
   2.252
   2.279
   2.301
   2.314
   2.328
   2.343
   2.363
   2.392
   2.429
   2.474
   2.514
   2.545
   2.557
   2.559
   2.559
   2.563
   2.553
   2.442
   0.000
 -65.534
 -65.534
 -65.534
 -65.534
 -65.534
 -65.534
 -65.534
 -65.534
   0.731
   0.790
   0.816
   0.836
   0.854
   0.877
   0.898
   0.917
   0.938
   0.959
   0.984
   1.009
   1.036
   1.071
   1.112
   1.162
   1.220
   1.281
   1.343
   1.407
   1.466
   1.522
   1.568
   1.605
   1.636
   1.663
   1.692
   1.723
   1.761
   1.795
   1.823
   1.852
   1.884
   1.921
   1.958
   1.988
   2.012
   2.028
   2.043
   2.066
   2.099
   2.139
   2.181
   2.218
   2.246
   2.268
   2.289
   2.307
   2.327
   2.358
   2.395
   2.440
   2.485
   2.523
   2.547
   2.557
   2.564
   2.568
   2.552
   2.428
   0.000
 -65.534
 -65.534
 -65.534
 -65.534
 -65.534
 -65.534
   0.382
   0.492
   0.656
   0.719
   0.754
   0.779
   0.802
   0.823
   0.843
   0.865
   0.886
   0.904
   0.922
   0.936
   0.950
   0.970
   0.998
   1.036
   1.084
   1.136
   1.189
   1.244
   1.294
   1.340
   1.377
   1.407
   1.434
   1.458
   1.485
   1.512
   1.544
   1.575
   1.609
   1.647
   1.693
   1.743
   1.792
   1.837
   1.873
   1.895
   1.920
   1.952
   1.995
   2.040
   2.089
   2.133
   2.167
   2.197
   2.221
   2.241
   2.265
   2.293
   2.326
   2.368
   2.417
   2.466
   2.503
   2.528
   2.547
   2.554
   2.538
   2.396
   0.000
 -65.534
 -65.534
 -65.534
 -65.534
 -65.534
 -65.534
 -65.534
 -65.534
 -65.534
   0.630
   0.689
   0.728
   0.761
   0.790
   0.814
   0.836
   0.859
   0.880
   0.888
   0.893
   0.900
   0.911
   0.929
   0.957
   0.992
   1.034
   1.082
   1.128
   1.166
   1.200
   1.225
   1.246
   1.265
   1.284
   1.305
   1.328
   1.356
   1.385
   1.418
   1.462
   1.514
   1.572
   1.630
   1.681
   1.722
   1.755
   1.788
   1.825
   1.871
   1.921
   1.973
   2.020
   2.058
   2.089
   2.115
   2.138
   2.158
   2.180
   2.208
   2.246
   2.297
   2.350
   2.401
   2.439
   2.466
   2.481
   2.465
   2.312
   0.000
 -65.534
 -65.534
 -65.534
 -65.534
 -65.534
 -65.534
 -65.534
 -65.534
 -65.534
 -65.534
 -65.534
 -65.534
 -65.534
 -65.534
 -65.534
   0.765
   0.837
   0.869
   0.876
   0.868
   0.880
   0.891
   0.908
   0.932
   0.959
   0.991
   1.026
   1.062
   1.092
   1.115
   1.133
   1.145
   1.155
   1.168
   1.185
   1.204
   1.227
   1.251
   1.279
   1.316
   1.365
   1.422
   1.479
   1.532
   1.575
   1.612
   1.649
   1.691
   1.737
   1.790
   1.840
   1.888
   1.927
   1.958
   1.982
   2.002
   2.016
   2.030
   2.053
   2.087
   2.134
   2.190
   2.247
   2.294
   2.328
   2.346
   2.333
   2.175
   0.000
 -65.534
 -65.534
 -65.534
 -65.534
 -65.534
 -65.534
 -65.534
 -65.534
 -65.534
 -65.534
 -65.534
 -65.534
 -65.534
 -65.534
 -65.534
 -65.534
 -65.534
 -65.534
 -65.534
   0.772
   0.858
   0.896
   0.927
   0.956
   0.978
   1.002
   1.030
   1.054
   1.072
   1.087
   1.097
   1.100
   1.102
   1.111
   1.127
   1.145
   1.165
   1.184
   1.202
   1.230
   1.267
   1.311
   1.360
   1.406
   1.446
   1.482
   1.518
   1.559
   1.605
   1.656
   1.704
   1.748
   1.786
   1.812
   1.835
   1.848
   1.854
   1.862
   1.880
   1.908
   1.952
   2.006
   2.061
   2.110
   2.144
   2.167
   2.159
   2.001
   0.000
 -65.534
 -65.534
 -65.534
 -65.534
 -65.534
 -65.534
 -65.534
 -65.534
 -65.534
 -65.534
 -65.534
 -65.534
 -65.534
 -65.534
 -65.534
 -65.534
 -65.534
 -65.534
   0.536
   0.810
   0.875
   0.925
   0.970
   1.009
   1.034
   1.054
   1.073
   1.089
   1.101
   1.109
   1.111
   1.109
   1.107
   1.112
   1.123
   1.139
   1.156
   1.169
   1.184
   1.202
   1.227
   1.259
   1.295
   1.330
   1.363
   1.390
   1.418
   1.450
   1.487
   1.530
   1.576
   1.616
   1.646
   1.667
   1.681
   1.689
   1.690
   1.696
   1.708
   1.732
   1.767
   1.812
   1.857
   1.901
   1.936
   1.960
   1.957
   1.802
   0.000
 -65.534
 -65.534
 -65.534
 -65.534
 -65.534
 -65.534
 -65.534
 -65.534
 -65.534
 -65.534
 -65.534
 -65.534
 -65.534
 -65.534
 -65.534
 -65.534
 -65.534
   0.509
   0.757
   0.867
   0.925
   0.973
   1.022
   1.071
   1.098
   1.113
   1.126
   1.138
   1.148
   1.155
   1.156
   1.151
   1.144
   1.141
   1.149
   1.159
   1.167
   1.176
   1.186
   1.197
   1.221
   1.249
   1.283
   1.314
   1.333
   1.344
   1.355
   1.370
   1.397
   1.429
   1.464
   1.500
   1.524
   1.541
   1.548
   1.554
   1.554
   1.558
   1.568
   1.585
   1.607
   1.639
   1.671
   1.705
   1.735
   1.756
   1.757
   1.612
   0.000
 -65.534
 -65.534
 -65.534
 -65.534
 -65.534
 -65.534
 -65.534
 -65.534
 -65.534
 -65.534
 -65.534
 -65.534
 -65.534
 -65.534
 -65.534
 -65.534
 -65.534
   0.697
   0.842
   0.917
   0.967
   1.014
   1.065
   1.115
   1.143
   1.153
   1.162
   1.171
   1.179
   1.186
   1.189
   1.185
   1.176
   1.171
   1.169
   1.172
   1.177
   1.181
   1.186
   1.199
   1.221
   1.251
   1.285
   1.316
   1.334
   1.339
   1.335
   1.336
   1.345
   1.363
   1.387
   1.412
   1.434
   1.450
   1.456
   1.459
   1.461
   1.465
   1.471
   1.476
   1.489
   1.504
   1.522
   1.545
   1.572
   1.592
   1.592
   1.446
   0.000
 -65.534
 -65.534
 -65.534
 -65.534
 -65.534
 -65.534
 -65.534
 -65.534
 -65.534
 -65.534
 -65.534
 -65.534
 -65.534
 -65.534
 -65.534
 -65.534
 -65.534
   0.752
   0.872
   0.929
   0.979
   1.032
   1.088
   1.135
   1.164
   1.169
   1.170
   1.173
   1.178
   1.183
   1.189
   1.186
   1.182
   1.177
   1.176
   1.178
   1.180
   1.183
   1.190
   1.205
   1.227
   1.257
   1.289
   1.315
   1.329
   1.330
   1.324
   1.320
   1.320
   1.329
   1.346
   1.364
   1.382
   1.394
   1.406
   1.408
   1.409
   1.409
   1.412
   1.413
   1.411
   1.414
   1.419
   1.431
   1.436
   1.447
   1.440
   1.312
   0.000
 -65.534
 -65.534
 -65.534
 -65.534
 -65.534
 -65.534
 -65.534
 -65.534
 -65.534
 -65.534
 -65.534
 -65.534
 -65.534
 -65.534
 -65.534
 -65.534
 -65.534
   0.773
   0.866
   0.925
   0.977
   1.038
   1.099
   1.144
   1.167
   1.175
   1.169
   1.165
   1.167
   1.170
   1.175
   1.179
   1.179
   1.182
   1.188
   1.192
   1.197
   1.202
   1.212
   1.229
   1.253
   1.276
   1.298
   1.312
   1.318
   1.317
   1.309
   1.302
   1.299
   1.306
   1.322
   1.339
   1.356
   1.367
   1.373
   1.378
   1.378
   1.378
   1.377
   1.374
   1.367
   1.358
   1.351
   1.347
   1.339
   1.335
   1.317
   1.187
   0.000
 -65.534
 -65.534
 -65.534
 -65.534
 -65.534
 -65.534
 -65.534
 -65.534
 -65.534
 -65.534
 -65.534
 -65.534
 -65.534
 -65.534
 -65.534
 -65.534
 -65.534
 -65.534
   0.832
   0.912
   0.978
   1.046
   1.107
   1.150
   1.166
   1.169
   1.169
   1.165
   1.165
   1.172
   1.183
   1.187
   1.190
   1.198
   1.210
   1.220
   1.225
   1.231
   1.246
   1.263
   1.284
   1.301
   1.312
   1.317
   1.317
   1.309
   1.298
   1.291
   1.288
   1.295
   1.313
   1.331
   1.343
   1.350
   1.352
   1.353
   1.354
   1.353
   1.352
   1.348
   1.337
   1.322
   1.303
   1.284
   1.266
   1.240
   1.205
   1.065
   0.000
 -65.534
 -65.534
 -65.534
 -65.534
 -65.534
 -65.534
 -65.534
 -65.534
 -65.534
 -65.534
 -65.534
 -65.534
 -65.534
 -65.534
 -65.534
 -65.534
 -65.534
 -65.534
 -65.534
   0.880
   0.977
   1.051
   1.104
   1.136
   1.148
   1.158
   1.163
   1.167
   1.179
   1.197
   1.216
   1.227
   1.230
   1.237
   1.254
   1.273
   1.288
   1.289
   1.298
   1.312
   1.313
   1.312
   1.312
   1.315
   1.316
   1.310
   1.302
   1.291
   1.289
   1.298
   1.313
   1.328
   1.338
   1.339
   1.336
   1.331
   1.327
   1.326
   1.325
   1.318
   1.306
   1.289
   1.264
   1.235
   1.204
   1.165
   1.107
   0.952
   0.000
 -65.534
 -65.534
 -65.534
 -65.534
 -65.534
 -65.534
 -65.534
 -65.534
 -65.534
 -65.534
 -65.534
 -65.534
 -65.534
 -65.534
 -65.534
 -65.534
 -65.534
 -65.534
 -65.534
 -65.534
   0.942
   1.033
   1.090
   1.120
   1.141
   1.155
   1.169
   1.187
   1.208
   1.239
   1.271
   1.281
   1.274
   1.265
   1.244
   1.165
 -65.534
 -65.534
 -65.534
 -65.534
   1.079
   1.191
   1.248
   1.284
   1.312
   1.324
   1.320
   1.310
   1.306
   1.310
   1.319
   1.330
   1.334
   1.332
   1.324
   1.316
   1.305
   1.298
   1.290
   1.283
   1.271
   1.251
   1.223
   1.186
   1.145
   1.093
   1.024
   0.856
   0.000
 -65.534
 -65.534
 -65.534
 -65.534
 -65.534
 -65.534
 -65.534
 -65.534
 -65.534
 -65.534
 -65.534
 -65.534
 -65.534
 -65.534
 -65.534
 -65.534
 -65.534
 -65.534
 -65.534
 -65.534
 -65.534
 -65.534
 -65.534
 -65.534
   1.046
   1.136
   1.180
   1.215
   1.249
   1.288
   1.319
   1.324
   1.306
   1.276
   1.225
   1.116
 -65.534
 -65.534
 -65.534
 -65.534
 -65.534
 -65.534
   1.134
   1.254
   1.315
   1.340
   1.340
   1.329
   1.326
   1.327
   1.333
   1.334
   1.334
   1.328
   1.320
   1.308
   1.294
   1.280
   1.265
   1.248
   1.230
   1.205
   1.171
   1.126
   1.074
   1.016
   0.935
   0.766
   0.000
 -65.534
 -65.534
 -65.534
 -65.534
 -65.534
 -65.534
 -65.534
 -65.534
 -65.534
 -65.534
 -65.534
 -65.534
 -65.534
 -65.534
 -65.534
 -65.534
 -65.534
 -65.534
 -65.534
 -65.534
 -65.534
 -65.534
 -65.534
 -65.534
   0.983
   1.100
   1.168
   1.226
   1.281
   1.323
   1.344
   1.338
   1.315
   1.281
   1.231
   1.131
 -65.534
 -65.534
 -65.534
 -65.534
 -65.534
 -65.534
 -65.534
   1.183
   1.300
   1.344
   1.355
   1.347
   1.344
   1.345
   1.346
   1.347
   1.344
   1.339
   1.332
   1.321
   1.307
   1.285
   1.261
   1.232
   1.199
   1.160
   1.113
   1.056
   0.991
   0.921
   0.837
   0.672
   0.000
 -65.534
 -65.534
 -65.534
 -65.534
 -65.534
 -65.534
 -65.534
 -65.534
 -65.534
 -65.534
 -65.534
 -65.534
 -65.534
 -65.534
 -65.534
 -65.534
 -65.534
 -65.534
 -65.534
 -65.534
 -65.534
 -65.534
 -65.534
 -65.534
 -65.534
 -65.534
 -65.534
 -65.534
 -65.534
   1.165
   1.262
   1.290
   1.298
   1.277
   1.237
   1.158
   0.755
 -65.534
 -65.534
 -65.534
 -65.534
 -65.534
 -65.534
   1.059
   1.110
 -65.534
   1.212
   1.294
   1.327
   1.362
   1.372
   1.371
   1.361
   1.355
   1.351
   1.343
   1.329
   1.305
   1.268
   1.226
   1.178
   1.121
   1.055
   0.981
   0.906
   0.825
   0.736
   0.585
   0.000
 -65.534
 -65.534
 -65.534
 -65.534
 -65.534
 -65.534
 -65.534
 -65.534
 -65.534
 -65.534
 -65.534
 -65.534
 -65.534
 -65.534
 -65.534
 -65.534
 -65.534
 -65.534
 -65.534
 -65.534
 -65.534
 -65.534
 -65.534
 -65.534
 -65.534
 -65.534
 -65.534
 -65.534
 -65.534
 -65.534
 -65.534
 -65.534
   1.136
   1.218
   1.216
   1.143
   0.921
   0.662
 -65.534
 -65.534
 -65.534
 -65.534
 -65.534
 -65.534
 -65.534
 -65.534
 -65.534
 -65.534
 -65.534
   1.156
   1.281
   1.322
   1.357
   1.353
   1.350
   1.334
   1.318
   1.287
   1.245
   1.196
   1.137
   1.068
   0.992
   0.914
   0.836
   0.753
   0.663
   0.526
   0.000
 -65.534
 -65.534
 -65.534
 -65.534
 -65.534
 -65.534
 -65.534
 -65.534
 -65.534
 -65.534
 -65.534
 -65.534
 -65.534
 -65.534
 -65.534
 -65.534
 -65.534
 -65.534
 -65.534
 -65.534
 -65.534
 -65.534
 -65.534
 -65.534
 -65.534
 -65.534
 -65.534
 -65.534
 -65.534
 -65.534
 -65.534
 -65.534
   1.000
   1.100
   1.120
   1.064
   0.940
   0.790
   0.623
   0.512
 -65.534
 -65.534
 -65.534
 -65.534
 -65.534
 -65.534
 -65.534
 -65.534
 -65.534
 -65.534
 -65.534
 -65.534
   1.094
   1.195
   1.225
   1.265
   1.253
   1.223
   1.181
   1.131
   1.073
   1.006
   0.935
   0.862
   0.790
   0.716
   0.635
   0.515
   0.000
 -65.534
 -65.534
 -65.534
 -65.534
 -65.534
 -65.534
 -65.534
 -65.534
 -65.534
 -65.534
 -65.534
 -65.534
 -65.534
 -65.534
 -65.534
 -65.534
 -65.534
 -65.534
 -65.534
 -65.534
 -65.534
 -65.534
 -65.534
 -65.534
 -65.534
 -65.534
 -65.534
 -65.534
 -65.534
 -65.534
 -65.534
 -65.534
 -65.534
 -65.534
 -65.534
 -65.534
   0.712
   0.721
   0.668
   0.614
   0.525
   0.472
   0.440
   0.422
   0.406
 -65.534
 -65.534
 -65.534
 -65.534
 -65.534
 -65.534
 -65.534
 -65.534
 -65.534
 -65.534
   1.026
   1.127
   1.127
   1.101
   1.060
   1.010
   0.950
   0.888
   0.829
   0.767
   0.705
   0.632
   0.529
   0.000
 -65.534
 -65.534
 -65.534
 -65.534
 -65.534
 -65.534
 -65.534
 -65.534
 -65.534
 -65.534
 -65.534
 -65.534
 -65.534
 -65.534
 -65.534
 -65.534
 -65.534
 -65.534
 -65.534
 -65.534
 -65.534
 -65.534
 -65.534
 -65.534
 -65.534
 -65.534
 -65.534
 -65.534
 -65.534
 -65.534
 -65.534
 -65.534
 -65.534
 -65.534
 -65.534
 -65.534
 -65.534
 -65.534
 -65.534
 -65.534
   0.442
 -65.534
 -65.534
 -65.534
 -65.534
 -65.534
 -65.534
 -65.534
 -65.534
 -65.534
 -65.534
 -65.534
 -65.534
 -65.534
 -65.534
   0.837
   0.960
   0.983
   0.976
   0.976
   0.941
   0.882
   0.826
   0.781
   0.738
   0.692
   0.636
   0.543
   0.000
 -65.534
 -65.534
 -65.534
 -65.534
 -65.534
 -65.534
 -65.534
 -65.534
 -65.534
 -65.534
 -65.534
 -65.534
 -65.534
 -65.534
 -65.534
 -65.534
 -65.534
 -65.534
 -65.534
 -65.534
 -65.534
 -65.534
 -65.534
 -65.534
 -65.534
 -65.534
 -65.534
 -65.534
 -65.534
 -65.534
 -65.534
 -65.534
 -65.534
 -65.534
 -65.534
 -65.534
 -65.534
 -65.534
 -65.534
 -65.534
 -65.534
 -65.534
 -65.534
 -65.534
 -65.534
 -65.534
 -65.534
 -65.534
 -65.534
 -65.534
 -65.534
 -65.534
 -65.534
 -65.534
 -65.534
 -65.534
 -65.534
 -65.534
 -65.534
   0.779
   0.824
   0.799
   0.759
   0.736
   0.719
   0.702
   0.671
   0.591
   0.000
 -65.534
 -65.534
 -65.534
 -65.534
 -65.534
 -65.534
 -65.534
 -65.534
 -65.534
 -65.534
 -65.534
 -65.534
 -65.534
 -65.534
 -65.534
 -65.534
 -65.534
 -65.534
 -65.534
 -65.534
 -65.534
 -65.534
 -65.534
 -65.534
 -65.534
 -65.534
 -65.534
 -65.534
 -65.534
 -65.534
 -65.534
 -65.534
 -65.534
 -65.534
 -65.534
 -65.534
 -65.534
 -65.534
 -65.534
 -65.534
 -65.534
 -65.534
 -65.534
 -65.534
 -65.534
 -65.534
 -65.534
 -65.534
 -65.534
 -65.534
 -65.534
 -65.534
 -65.534
 -65.534
 -65.534
 -65.534
 -65.534
 -65.534
 -65.534
 -65.534
 -65.534
   0.000
   0.000
   0.000
   0.000
   0.000
   0.000
   0.000
 -65.534
