 -65.534
   0.000
   0.000
   0.000
   0.000
   0.000
   0.000
   0.000
   0.000
   0.000
   0.000
   0.000
   0.000
   0.000
   0.000
   0.000
   0.000
   0.000
   0.000
   0.000
   0.000
   0.000
   0.000
   0.000
   0.000
   0.000
   0.000
   0.000
   0.000
   0.000
   0.000
   0.000
   0.000
   0.000
   0.000
   0.000
   0.000
   0.000
   0.000
   0.000
   0.000
   0.000
   0.000
   0.000
   0.000
   0.000
   0.000
   0.000
   0.000
   0.000
   0.000
   0.000
   0.000
   0.000
   0.000
   0.000
   0.000
   0.000
   0.000
   0.000
   0.000
   0.000
   0.000
   0.000
   0.000
   0.000
   0.000
   0.000
 -65.534
   0.000
   1.335
   1.513
   1.610
   1.697
   1.771
   1.832
   1.882
   1.923
   1.960
   1.993
   2.025
   2.059
   2.090
   2.121
   2.156
   2.194
   2.243
   2.300
   2.372
   2.452
   2.537
   2.622
   2.711
   2.758
   2.779
   2.791
   2.787
   2.770
   2.753
   2.731
   2.713
   2.703
   2.706
   2.708
   2.703
   2.695
   2.678
   2.655
   2.616
   2.575
   2.537
   2.505
   2.477
   2.459
   2.452
   2.456
   2.471
   2.501
   2.551
   2.617
   2.689
   2.763
   2.840
   2.938
   3.012
   3.068
   3.103
   3.111
   3.107
   3.094
   3.075
   3.056
   3.033
   3.003
   2.981
   2.968
   2.838
   0.000
   0.000
   1.410
   1.571
   1.644
   1.725
   1.792
   1.856
   1.911
   1.960
   2.004
   2.046
   2.082
   2.114
   2.142
   2.164
   2.193
   2.227
   2.273
   2.330
   2.398
   2.480
   2.566
   2.654
   2.739
   2.794
   2.826
   2.843
   2.847
   2.841
   2.839
   2.839
   2.846
   2.859
   2.886
   2.907
   2.916
   2.917
   2.906
   2.881
   2.848
   2.818
   2.786
   2.749
   2.714
   2.689
   2.683
   2.696
   2.732
   2.786
   2.864
   2.949
   3.037
   3.126
   3.220
   3.308
   3.387
   3.457
   3.506
   3.527
   3.529
   3.521
   3.504
   3.479
   3.450
   3.420
   3.391
   3.369
   3.230
   0.000
   0.000
   1.387
   1.531
   1.591
   1.658
   1.721
   1.781
   1.838
   1.892
   1.942
   1.988
   2.029
   2.062
   2.090
   2.111
   2.135
   2.166
   2.212
   2.267
   2.340
   2.420
   2.507
   2.597
   2.675
   2.735
   2.770
   2.791
   2.801
   2.801
   2.809
   2.826
   2.853
   2.891
   2.937
   2.977
   3.005
   3.015
   3.005
   2.983
   2.951
   2.918
   2.882
   2.840
   2.803
   2.779
   2.780
   2.804
   2.847
   2.910
   2.994
   3.089
   3.188
   3.284
   3.373
   3.452
   3.528
   3.599
   3.649
   3.675
   3.680
   3.670
   3.651
   3.623
   3.594
   3.565
   3.536
   3.510
   3.361
   0.000
   0.000
   1.363
   1.494
   1.540
   1.599
   1.655
   1.710
   1.765
   1.821
   1.874
   1.923
   1.967
   2.003
   2.032
   2.056
   2.079
   2.110
   2.151
   2.208
   2.278
   2.361
   2.449
   2.539
   2.618
   2.677
   2.715
   2.744
   2.758
   2.768
   2.787
   2.819
   2.863
   2.917
   2.983
   3.044
   3.086
   3.106
   3.103
   3.078
   3.050
   3.017
   2.976
   2.930
   2.893
   2.873
   2.875
   2.905
   2.955
   3.025
   3.108
   3.202
   3.301
   3.399
   3.491
   3.566
   3.636
   3.703
   3.754
   3.779
   3.784
   3.772
   3.749
   3.719
   3.693
   3.669
   3.644
   3.619
   3.457
   0.000
   0.000
   1.333
   1.453
   1.495
   1.549
   1.597
   1.649
   1.700
   1.756
   1.808
   1.857
   1.901
   1.938
   1.968
   1.993
   2.018
   2.047
   2.090
   2.146
   2.216
   2.298
   2.382
   2.473
   2.554
   2.614
   2.662
   2.701
   2.724
   2.740
   2.772
   2.819
   2.874
   2.944
   3.025
   3.097
   3.152
   3.180
   3.185
   3.165
   3.139
   3.107
   3.069
   3.025
   2.987
   2.965
   2.967
   2.994
   3.052
   3.120
   3.204
   3.295
   3.391
   3.488
   3.583
   3.662
   3.729
   3.791
   3.836
   3.859
   3.864
   3.853
   3.826
   3.800
   3.773
   3.751
   3.729
   3.698
   3.528
   0.000
   0.000
   1.300
   1.411
   1.452
   1.500
   1.548
   1.597
   1.646
   1.699
   1.750
   1.795
   1.837
   1.873
   1.904
   1.929
   1.954
   1.987
   2.028
   2.083
   2.151
   2.227
   2.313
   2.400
   2.483
   2.549
   2.607
   2.655
   2.689
   2.717
   2.756
   2.817
   2.886
   2.968
   3.057
   3.142
   3.206
   3.251
   3.260
   3.249
   3.226
   3.199
   3.167
   3.127
   3.088
   3.059
   3.051
   3.070
   3.124
   3.194
   3.272
   3.366
   3.462
   3.560
   3.658
   3.741
   3.808
   3.868
   3.911
   3.934
   3.940
   3.927
   3.901
   3.869
   3.844
   3.822
   3.796
   3.759
   3.577
   0.000
   0.000
   1.260
   1.369
   1.409
   1.459
   1.501
   1.548
   1.598
   1.645
   1.694
   1.738
   1.780
   1.816
   1.848
   1.874
   1.901
   1.934
   1.974
   2.025
   2.089
   2.162
   2.244
   2.331
   2.416
   2.488
   2.549
   2.603
   2.646
   2.684
   2.739
   2.812
   2.895
   2.987
   3.089
   3.185
   3.260
   3.316
   3.339
   3.335
   3.319
   3.298
   3.271
   3.238
   3.204
   3.164
   3.135
   3.136
   3.173
   3.232
   3.313
   3.406
   3.500
   3.601
   3.704
   3.795
   3.871
   3.930
   3.974
   3.995
   4.001
   3.992
   3.964
   3.932
   3.902
   3.877
   3.843
   3.804
   3.611
   0.000
   0.000
   1.201
   1.313
   1.356
   1.410
   1.453
   1.499
   1.542
   1.591
   1.637
   1.685
   1.728
   1.764
   1.796
   1.825
   1.852
   1.886
   1.927
   1.976
   2.034
   2.105
   2.180
   2.266
   2.353
   2.429
   2.492
   2.549
   2.599
   2.650
   2.716
   2.806
   2.904
   3.006
   3.119
   3.224
   3.310
   3.375
   3.408
   3.416
   3.411
   3.397
   3.378
   3.355
   3.326
   3.287
   3.242
   3.217
   3.229
   3.268
   3.333
   3.421
   3.516
   3.619
   3.725
   3.826
   3.911
   3.977
   4.018
   4.043
   4.049
   4.043
   4.018
   3.989
   3.958
   3.925
   3.885
   3.837
   3.636
   0.000
   0.000
   1.121
   1.232
   1.285
   1.343
   1.391
   1.437
   1.482
   1.529
   1.579
   1.628
   1.673
   1.711
   1.742
   1.771
   1.798
   1.833
   1.875
   1.924
   1.982
   2.050
   2.124
   2.208
   2.296
   2.373
   2.436
   2.498
   2.554
   2.614
   2.696
   2.798
   2.903
   3.018
   3.139
   3.251
   3.346
   3.424
   3.470
   3.487
   3.492
   3.487
   3.475
   3.459
   3.440
   3.407
   3.362
   3.314
   3.298
   3.317
   3.360
   3.434
   3.520
   3.621
   3.727
   3.827
   3.919
   3.989
   4.037
   4.063
   4.080
   4.079
   4.063
   4.040
   4.012
   3.979
   3.932
   3.875
   3.659
   0.000
   0.000
   1.032
   1.142
   1.197
   1.259
   1.313
   1.362
   1.409
   1.456
   1.509
   1.565
   1.609
   1.648
   1.681
   1.709
   1.738
   1.775
   1.818
   1.870
   1.929
   1.994
   2.069
   2.155
   2.243
   2.320
   2.387
   2.447
   2.509
   2.583
   2.674
   2.782
   2.897
   3.015
   3.144
   3.266
   3.371
   3.456
   3.513
   3.545
   3.561
   3.565
   3.558
   3.547
   3.533
   3.506
   3.466
   3.421
   3.382
   3.375
   3.399
   3.456
   3.523
   3.612
   3.709
   3.806
   3.890
   3.963
   4.018
   4.057
   4.086
   4.100
   4.100
   4.085
   4.065
   4.031
   3.978
   3.917
   3.682
   0.000
   0.000
   0.949
   1.056
   1.107
   1.169
   1.223
   1.272
   1.320
   1.370
   1.427
   1.481
   1.532
   1.575
   1.613
   1.644
   1.678
   1.717
   1.762
   1.815
   1.873
   1.943
   2.016
   2.101
   2.192
   2.273
   2.344
   2.410
   2.478
   2.557
   2.656
   2.769
   2.888
   3.012
   3.146
   3.271
   3.384
   3.478
   3.549
   3.588
   3.619
   3.633
   3.630
   3.622
   3.609
   3.583
   3.553
   3.518
   3.477
   3.449
   3.455
   3.490
   3.541
   3.612
   3.692
   3.778
   3.859
   3.935
   3.996
   4.044
   4.086
   4.115
   4.130
   4.129
   4.116
   4.084
   4.026
   3.960
   3.699
   0.000
   0.000
   0.863
   0.981
   1.022
   1.074
   1.124
   1.172
   1.217
   1.267
   1.318
   1.376
   1.430
   1.480
   1.525
   1.566
   1.607
   1.650
   1.699
   1.753
   1.816
   1.884
   1.962
   2.049
   2.141
   2.229
   2.306
   2.380
   2.453
   2.533
   2.632
   2.751
   2.876
   3.005
   3.141
   3.268
   3.384
   3.483
   3.561
   3.612
   3.651
   3.676
   3.679
   3.676
   3.664
   3.643
   3.613
   3.588
   3.555
   3.526
   3.515
   3.527
   3.561
   3.613
   3.679
   3.752
   3.831
   3.911
   3.978
   4.035
   4.083
   4.119
   4.145
   4.156
   4.149
   4.116
   4.059
   3.984
   3.708
   0.000
 -65.534
 -65.534
   0.861
   0.947
   0.980
   1.022
   1.063
   1.106
   1.149
   1.198
   1.250
   1.303
   1.359
   1.411
   1.461
   1.513
   1.563
   1.617
   1.676
   1.743
   1.818
   1.898
   1.987
   2.083
   2.174
   2.261
   2.344
   2.423
   2.507
   2.606
   2.725
   2.848
   2.988
   3.129
   3.253
   3.363
   3.466
   3.547
   3.606
   3.653
   3.681
   3.687
   3.691
   3.686
   3.670
   3.642
   3.623
   3.596
   3.570
   3.553
   3.551
   3.567
   3.602
   3.659
   3.723
   3.799
   3.879
   3.950
   4.006
   4.054
   4.094
   4.119
   4.139
   4.136
   4.108
   4.054
   3.971
   3.683
   0.000
 -65.534
 -65.534
 -65.534
   0.831
   0.887
   0.917
   0.950
   0.986
   1.024
   1.068
   1.118
   1.168
   1.223
   1.281
   1.337
   1.394
   1.452
   1.515
   1.580
   1.657
   1.736
   1.822
   1.915
   2.014
   2.110
   2.203
   2.291
   2.379
   2.470
   2.570
   2.685
   2.810
   2.949
   3.081
   3.199
   3.329
   3.433
   3.509
   3.568
   3.614
   3.645
   3.659
   3.664
   3.667
   3.657
   3.635
   3.616
   3.598
   3.579
   3.561
   3.551
   3.559
   3.585
   3.634
   3.694
   3.762
   3.831
   3.901
   3.955
   3.999
   4.035
   4.058
   4.071
   4.069
   4.049
   4.003
   3.923
   3.629
   0.000
 -65.534
 -65.534
 -65.534
 -65.534
   0.774
   0.816
   0.838
   0.864
   0.893
   0.933
   0.979
   1.029
   1.081
   1.140
   1.201
   1.263
   1.327
   1.392
   1.465
   1.545
   1.630
   1.724
   1.819
   1.919
   2.018
   2.118
   2.213
   2.306
   2.401
   2.503
   2.612
   2.733
   2.861
   2.989
   3.112
   3.233
   3.333
   3.430
   3.489
   3.529
   3.559
   3.574
   3.588
   3.597
   3.593
   3.580
   3.570
   3.558
   3.545
   3.536
   3.529
   3.531
   3.552
   3.596
   3.651
   3.710
   3.774
   3.832
   3.881
   3.921
   3.953
   3.974
   3.981
   3.976
   3.959
   3.923
   3.855
   3.565
   0.000
 -65.534
 -65.534
 -65.534
 -65.534
   0.685
   0.720
   0.735
   0.750
   0.769
   0.800
   0.840
   0.888
   0.939
   0.998
   1.062
   1.125
   1.191
   1.261
   1.333
   1.413
   1.501
   1.592
   1.688
   1.786
   1.885
   1.985
   2.087
   2.187
   2.286
   2.389
   2.499
   2.612
   2.735
   2.857
   2.980
   3.091
   3.193
   3.285
   3.341
   3.393
   3.424
   3.440
   3.457
   3.472
   3.481
   3.480
   3.481
   3.480
   3.473
   3.468
   3.469
   3.475
   3.496
   3.534
   3.580
   3.636
   3.687
   3.739
   3.784
   3.820
   3.851
   3.872
   3.880
   3.876
   3.863
   3.834
   3.779
   3.505
   0.000
 -65.534
 -65.534
 -65.534
 -65.534
   0.615
   0.640
   0.649
   0.655
   0.665
   0.687
   0.719
   0.759
   0.806
   0.862
   0.923
   0.991
   1.057
   1.125
   1.198
   1.278
   1.358
   1.441
   1.529
   1.620
   1.717
   1.817
   1.920
   2.024
   2.129
   2.237
   2.345
   2.457
   2.575
   2.698
   2.815
   2.928
   3.030
   3.115
   3.175
   3.228
   3.267
   3.292
   3.307
   3.327
   3.343
   3.356
   3.372
   3.386
   3.389
   3.390
   3.394
   3.404
   3.421
   3.448
   3.485
   3.528
   3.574
   3.619
   3.661
   3.696
   3.728
   3.753
   3.770
   3.775
   3.767
   3.737
   3.690
   3.431
   0.000
 -65.534
 -65.534
 -65.534
 -65.534
   0.574
   0.594
   0.599
   0.600
   0.596
   0.604
   0.626
   0.658
   0.694
   0.744
   0.799
   0.861
   0.931
   1.003
   1.076
   1.151
   1.221
   1.294
   1.369
   1.454
   1.543
   1.638
   1.739
   1.844
   1.952
   2.059
   2.170
   2.282
   2.399
   2.515
   2.633
   2.746
   2.848
   2.934
   3.001
   3.054
   3.099
   3.134
   3.164
   3.191
   3.214
   3.235
   3.258
   3.279
   3.296
   3.304
   3.311
   3.318
   3.334
   3.352
   3.378
   3.414
   3.450
   3.487
   3.521
   3.555
   3.590
   3.621
   3.652
   3.666
   3.662
   3.636
   3.583
   3.343
   0.000
 -65.534
 -65.534
 -65.534
 -65.534
 -65.534
 -65.534
 -65.534
 -65.534
   0.561
   0.558
   0.566
   0.582
   0.607
   0.645
   0.691
   0.750
   0.821
   0.896
   0.972
   1.046
   1.110
   1.170
   1.235
   1.309
   1.394
   1.482
   1.578
   1.677
   1.780
   1.883
   1.988
   2.093
   2.206
   2.320
   2.435
   2.549
   2.653
   2.742
   2.814
   2.874
   2.928
   2.972
   3.021
   3.061
   3.092
   3.121
   3.153
   3.179
   3.192
   3.207
   3.221
   3.231
   3.241
   3.256
   3.271
   3.298
   3.325
   3.354
   3.381
   3.411
   3.449
   3.488
   3.527
   3.550
   3.549
   3.524
   3.470
   3.248
   0.000
 -65.534
 -65.534
 -65.534
 -65.534
 -65.534
 -65.534
   0.350
   0.461
   0.545
   0.525
   0.523
   0.528
   0.543
   0.569
   0.611
   0.670
   0.735
   0.813
   0.895
   0.971
   1.031
   1.083
   1.141
   1.206
   1.280
   1.362
   1.453
   1.545
   1.637
   1.732
   1.825
   1.918
   2.021
   2.129
   2.240
   2.351
   2.456
   2.547
   2.626
   2.696
   2.761
   2.820
   2.877
   2.930
   2.973
   3.010
   3.040
   3.063
   3.084
   3.102
   3.116
   3.130
   3.138
   3.149
   3.158
   3.177
   3.199
   3.220
   3.241
   3.270
   3.310
   3.359
   3.405
   3.432
   3.435
   3.409
   3.361
   3.142
   0.000
 -65.534
 -65.534
 -65.534
 -65.534
 -65.534
 -65.534
 -65.534
 -65.534
 -65.534
   0.515
   0.496
   0.494
   0.501
   0.517
   0.553
   0.608
   0.674
   0.757
   0.846
   0.928
   0.985
   1.032
   1.085
   1.147
   1.215
   1.288
   1.364
   1.446
   1.525
   1.603
   1.684
   1.765
   1.856
   1.958
   2.062
   2.168
   2.271
   2.366
   2.448
   2.523
   2.593
   2.662
   2.730
   2.790
   2.843
   2.882
   2.911
   2.935
   2.956
   2.969
   2.979
   2.989
   2.998
   3.006
   3.014
   3.027
   3.045
   3.062
   3.084
   3.118
   3.165
   3.219
   3.263
   3.292
   3.298
   3.281
   3.230
   3.012
   0.000
 -65.534
 -65.534
 -65.534
 -65.534
 -65.534
 -65.534
 -65.534
 -65.534
 -65.534
 -65.534
 -65.534
 -65.534
 -65.534
 -65.534
 -65.534
   0.569
   0.629
   0.698
   0.786
   0.908
   0.969
   1.019
   1.069
   1.125
   1.185
   1.248
   1.313
   1.375
   1.441
   1.505
   1.571
   1.641
   1.719
   1.810
   1.909
   2.011
   2.108
   2.202
   2.288
   2.364
   2.438
   2.509
   2.578
   2.644
   2.698
   2.739
   2.767
   2.789
   2.806
   2.819
   2.825
   2.831
   2.838
   2.845
   2.849
   2.856
   2.873
   2.889
   2.912
   2.951
   3.009
   3.063
   3.110
   3.137
   3.154
   3.132
   3.084
   2.873
   0.000
 -65.534
 -65.534
 -65.534
 -65.534
 -65.534
 -65.534
 -65.534
 -65.534
 -65.534
 -65.534
 -65.534
 -65.534
 -65.534
 -65.534
 -65.534
 -65.534
 -65.534
 -65.534
 -65.534
   0.905
   0.972
   1.020
   1.070
   1.123
   1.175
   1.226
   1.281
   1.336
   1.386
   1.434
   1.486
   1.543
   1.610
   1.689
   1.781
   1.875
   1.969
   2.058
   2.139
   2.217
   2.292
   2.364
   2.436
   2.499
   2.553
   2.590
   2.617
   2.636
   2.648
   2.655
   2.658
   2.663
   2.667
   2.669
   2.670
   2.671
   2.680
   2.703
   2.735
   2.783
   2.845
   2.902
   2.953
   2.988
   3.000
   2.988
   2.947
   2.741
   0.000
 -65.534
 -65.534
 -65.534
 -65.534
 -65.534
 -65.534
 -65.534
 -65.534
 -65.534
 -65.534
 -65.534
 -65.534
 -65.534
 -65.534
 -65.534
 -65.534
 -65.534
 -65.534
   0.702
   0.940
   0.974
   1.021
   1.072
   1.121
   1.169
   1.215
   1.262
   1.307
   1.351
   1.392
   1.430
   1.476
   1.527
   1.595
   1.676
   1.760
   1.845
   1.925
   2.001
   2.074
   2.148
   2.222
   2.293
   2.356
   2.404
   2.434
   2.453
   2.466
   2.476
   2.482
   2.485
   2.486
   2.486
   2.484
   2.476
   2.468
   2.475
   2.502
   2.544
   2.602
   2.670
   2.733
   2.787
   2.830
   2.851
   2.846
   2.816
   2.625
   0.000
 -65.534
 -65.534
 -65.534
 -65.534
 -65.534
 -65.534
 -65.534
 -65.534
 -65.534
 -65.534
 -65.534
 -65.534
 -65.534
 -65.534
 -65.534
 -65.534
 -65.534
   0.625
   0.855
   0.929
   0.968
   1.010
   1.056
   1.106
   1.150
   1.193
   1.238
   1.280
   1.319
   1.356
   1.389
   1.420
   1.461
   1.514
   1.576
   1.644
   1.715
   1.786
   1.856
   1.923
   1.998
   2.075
   2.149
   2.210
   2.253
   2.276
   2.288
   2.296
   2.297
   2.297
   2.299
   2.301
   2.298
   2.288
   2.280
   2.274
   2.279
   2.305
   2.356
   2.424
   2.496
   2.564
   2.624
   2.672
   2.701
   2.709
   2.695
   2.520
   0.000
 -65.534
 -65.534
 -65.534
 -65.534
 -65.534
 -65.534
 -65.534
 -65.534
 -65.534
 -65.534
 -65.534
 -65.534
 -65.534
 -65.534
 -65.534
 -65.534
 -65.534
   0.734
   0.860
   0.907
   0.948
   0.982
   1.022
   1.064
   1.109
   1.150
   1.197
   1.239
   1.278
   1.314
   1.343
   1.368
   1.397
   1.433
   1.475
   1.523
   1.577
   1.637
   1.697
   1.764
   1.836
   1.912
   1.988
   2.049
   2.088
   2.109
   2.115
   2.120
   2.120
   2.117
   2.117
   2.127
   2.133
   2.130
   2.124
   2.118
   2.119
   2.143
   2.194
   2.259
   2.335
   2.408
   2.473
   2.527
   2.567
   2.591
   2.594
   2.438
   0.000
 -65.534
 -65.534
 -65.534
 -65.534
 -65.534
 -65.534
 -65.534
 -65.534
 -65.534
 -65.534
 -65.534
 -65.534
 -65.534
 -65.534
 -65.534
 -65.534
 -65.534
   0.752
   0.842
   0.884
   0.919
   0.950
   0.980
   1.012
   1.052
   1.093
   1.135
   1.181
   1.224
   1.261
   1.294
   1.313
   1.334
   1.355
   1.382
   1.410
   1.444
   1.488
   1.541
   1.603
   1.673
   1.745
   1.817
   1.876
   1.912
   1.931
   1.941
   1.947
   1.948
   1.945
   1.951
   1.964
   1.979
   1.989
   1.999
   2.003
   2.008
   2.030
   2.075
   2.132
   2.200
   2.271
   2.338
   2.398
   2.445
   2.480
   2.501
   2.375
   0.000
 -65.534
 -65.534
 -65.534
 -65.534
 -65.534
 -65.534
 -65.534
 -65.534
 -65.534
 -65.534
 -65.534
 -65.534
 -65.534
 -65.534
 -65.534
 -65.534
 -65.534
   0.757
   0.823
   0.866
   0.896
   0.922
   0.946
   0.969
   0.998
   1.034
   1.074
   1.118
   1.161
   1.204
   1.236
   1.256
   1.273
   1.291
   1.306
   1.320
   1.336
   1.365
   1.406
   1.458
   1.521
   1.585
   1.651
   1.705
   1.743
   1.767
   1.779
   1.784
   1.791
   1.797
   1.807
   1.828
   1.852
   1.878
   1.903
   1.925
   1.944
   1.966
   2.006
   2.055
   2.112
   2.172
   2.231
   2.288
   2.338
   2.382
   2.418
   2.308
   0.000
 -65.534
 -65.534
 -65.534
 -65.534
 -65.534
 -65.534
 -65.534
 -65.534
 -65.534
 -65.534
 -65.534
 -65.534
 -65.534
 -65.534
 -65.534
 -65.534
 -65.534
 -65.534
   0.794
   0.845
   0.875
   0.901
   0.918
   0.937
   0.954
   0.979
   1.011
   1.049
   1.090
   1.133
   1.169
   1.189
   1.209
   1.224
   1.237
   1.245
   1.244
   1.254
   1.279
   1.322
   1.379
   1.442
   1.504
   1.561
   1.602
   1.627
   1.640
   1.650
   1.659
   1.673
   1.693
   1.719
   1.749
   1.783
   1.824
   1.861
   1.894
   1.931
   1.971
   2.019
   2.066
   2.117
   2.166
   2.214
   2.261
   2.304
   2.343
   2.254
   0.000
 -65.534
 -65.534
 -65.534
 -65.534
 -65.534
 -65.534
 -65.534
 -65.534
 -65.534
 -65.534
 -65.534
 -65.534
 -65.534
 -65.534
 -65.534
 -65.534
 -65.534
 -65.534
 -65.534
   0.811
   0.845
   0.866
   0.887
   0.898
   0.915
   0.927
   0.947
   0.976
   1.010
   1.050
   1.084
   1.109
   1.128
   1.145
   1.162
   1.177
   1.134
   1.130
   1.149
   1.192
   1.254
   1.309
   1.376
   1.438
   1.484
   1.517
   1.539
   1.555
   1.569
   1.587
   1.605
   1.635
   1.669
   1.704
   1.747
   1.793
   1.843
   1.894
   1.944
   1.994
   2.043
   2.091
   2.135
   2.177
   2.219
   2.260
   2.299
   2.215
   0.000
 -65.534
 -65.534
 -65.534
 -65.534
 -65.534
 -65.534
 -65.534
 -65.534
 -65.534
 -65.534
 -65.534
 -65.534
 -65.534
 -65.534
 -65.534
 -65.534
 -65.534
 -65.534
 -65.534
 -65.534
   0.820
   0.846
   0.859
   0.872
   0.883
   0.894
   0.908
   0.925
   0.949
   0.978
   1.005
   1.030
   1.042
   1.043
   1.021
   0.924
 -65.534
 -65.534
 -65.534
 -65.534
   1.070
   1.197
   1.280
   1.344
   1.399
   1.441
   1.470
   1.490
   1.506
   1.526
   1.550
   1.581
   1.614
   1.650
   1.694
   1.744
   1.796
   1.853
   1.909
   1.965
   2.019
   2.068
   2.112
   2.151
   2.194
   2.238
   2.285
   2.200
   0.000
 -65.534
 -65.534
 -65.534
 -65.534
 -65.534
 -65.534
 -65.534
 -65.534
 -65.534
 -65.534
 -65.534
 -65.534
 -65.534
 -65.534
 -65.534
 -65.534
 -65.534
 -65.534
 -65.534
 -65.534
 -65.534
 -65.534
 -65.534
 -65.534
   0.842
   0.860
   0.872
   0.890
   0.915
   0.942
   0.960
   0.972
   0.970
   0.945
   0.886
   0.768
 -65.534
 -65.534
 -65.534
 -65.534
 -65.534
 -65.534
   1.146
   1.289
   1.352
   1.391
   1.423
   1.450
   1.474
   1.498
   1.525
   1.554
   1.588
   1.625
   1.666
   1.713
   1.766
   1.820
   1.875
   1.930
   1.984
   2.037
   2.086
   2.128
   2.174
   2.223
   2.275
   2.183
   0.000
 -65.534
 -65.534
 -65.534
 -65.534
 -65.534
 -65.534
 -65.534
 -65.534
 -65.534
 -65.534
 -65.534
 -65.534
 -65.534
 -65.534
 -65.534
 -65.534
 -65.534
 -65.534
 -65.534
 -65.534
 -65.534
 -65.534
 -65.534
 -65.534
   0.852
   0.869
   0.880
   0.894
   0.910
   0.913
   0.919
   0.919
   0.908
   0.871
   0.808
   0.727
 -65.534
 -65.534
 -65.534
 -65.534
 -65.534
 -65.534
 -65.534
   1.164
   1.292
   1.370
   1.412
   1.427
   1.447
   1.470
   1.502
   1.536
   1.574
   1.608
   1.651
   1.698
   1.749
   1.802
   1.856
   1.912
   1.966
   2.018
   2.067
   2.115
   2.159
   2.207
   2.258
   2.154
   0.000
 -65.534
 -65.534
 -65.534
 -65.534
 -65.534
 -65.534
 -65.534
 -65.534
 -65.534
 -65.534
 -65.534
 -65.534
 -65.534
 -65.534
 -65.534
 -65.534
 -65.534
 -65.534
 -65.534
 -65.534
 -65.534
 -65.534
 -65.534
 -65.534
 -65.534
 -65.534
 -65.534
 -65.534
 -65.534
   0.927
   0.916
   0.899
   0.875
   0.835
   0.783
   0.715
   0.462
 -65.534
 -65.534
 -65.534
 -65.534
 -65.534
 -65.534
   0.995
   1.064
 -65.534
   1.259
   1.397
   1.465
   1.507
   1.523
   1.549
   1.582
   1.619
   1.659
   1.707
   1.754
   1.803
   1.855
   1.911
   1.964
   2.013
   2.057
   2.101
   2.144
   2.186
   2.232
   2.104
   0.000
 -65.534
 -65.534
 -65.534
 -65.534
 -65.534
 -65.534
 -65.534
 -65.534
 -65.534
 -65.534
 -65.534
 -65.534
 -65.534
 -65.534
 -65.534
 -65.534
 -65.534
 -65.534
 -65.534
 -65.534
 -65.534
 -65.534
 -65.534
 -65.534
 -65.534
 -65.534
 -65.534
 -65.534
 -65.534
 -65.534
 -65.534
 -65.534
   0.854
   0.825
   0.786
   0.719
   0.517
   0.388
 -65.534
 -65.534
 -65.534
 -65.534
 -65.534
 -65.534
 -65.534
 -65.534
 -65.534
 -65.534
 -65.534
   1.361
   1.538
   1.618
   1.667
   1.679
   1.695
   1.728
   1.770
   1.818
   1.865
   1.915
   1.967
   2.014
   2.052
   2.085
   2.118
   2.145
   2.175
   2.019
   0.000
 -65.534
 -65.534
 -65.534
 -65.534
 -65.534
 -65.534
 -65.534
 -65.534
 -65.534
 -65.534
 -65.534
 -65.534
 -65.534
 -65.534
 -65.534
 -65.534
 -65.534
 -65.534
 -65.534
 -65.534
 -65.534
 -65.534
 -65.534
 -65.534
 -65.534
 -65.534
 -65.534
 -65.534
 -65.534
 -65.534
 -65.534
 -65.534
   0.924
   0.891
   0.849
   0.761
   0.575
   0.415
   0.338
   0.317
 -65.534
 -65.534
 -65.534
 -65.534
 -65.534
 -65.534
 -65.534
 -65.534
 -65.534
 -65.534
 -65.534
 -65.534
   1.483
   1.681
   1.753
   1.802
   1.812
   1.835
   1.877
   1.924
   1.968
   2.007
   2.042
   2.065
   2.079
   2.099
   2.118
   1.941
   0.000
 -65.534
 -65.534
 -65.534
 -65.534
 -65.534
 -65.534
 -65.534
 -65.534
 -65.534
 -65.534
 -65.534
 -65.534
 -65.534
 -65.534
 -65.534
 -65.534
 -65.534
 -65.534
 -65.534
 -65.534
 -65.534
 -65.534
 -65.534
 -65.534
 -65.534
 -65.534
 -65.534
 -65.534
 -65.534
 -65.534
 -65.534
 -65.534
 -65.534
 -65.534
 -65.534
 -65.534
   0.534
   0.418
   0.326
   0.282
   0.294
   0.278
   0.276
   0.281
   0.287
 -65.534
 -65.534
 -65.534
 -65.534
 -65.534
 -65.534
 -65.534
 -65.534
 -65.534
 -65.534
   1.585
   1.808
   1.868
   1.898
   1.917
   1.951
   1.986
   2.013
   2.024
   2.030
   2.043
   2.056
   1.866
   0.000
 -65.534
 -65.534
 -65.534
 -65.534
 -65.534
 -65.534
 -65.534
 -65.534
 -65.534
 -65.534
 -65.534
 -65.534
 -65.534
 -65.534
 -65.534
 -65.534
 -65.534
 -65.534
 -65.534
 -65.534
 -65.534
 -65.534
 -65.534
 -65.534
 -65.534
 -65.534
 -65.534
 -65.534
 -65.534
 -65.534
 -65.534
 -65.534
 -65.534
 -65.534
 -65.534
 -65.534
 -65.534
 -65.534
 -65.534
 -65.534
   0.235
 -65.534
 -65.534
 -65.534
 -65.534
 -65.534
 -65.534
 -65.534
 -65.534
 -65.534
 -65.534
 -65.534
 -65.534
 -65.534
 -65.534
   1.291
   1.665
   1.843
   1.919
   1.981
   1.973
   1.964
   1.978
   1.986
   1.987
   1.995
   2.003
   1.803
   0.000
 -65.534
 -65.534
 -65.534
 -65.534
 -65.534
 -65.534
 -65.534
 -65.534
 -65.534
 -65.534
 -65.534
 -65.534
 -65.534
 -65.534
 -65.534
 -65.534
 -65.534
 -65.534
 -65.534
 -65.534
 -65.534
 -65.534
 -65.534
 -65.534
 -65.534
 -65.534
 -65.534
 -65.534
 -65.534
 -65.534
 -65.534
 -65.534
 -65.534
 -65.534
 -65.534
 -65.534
 -65.534
 -65.534
 -65.534
 -65.534
 -65.534
 -65.534
 -65.534
 -65.534
 -65.534
 -65.534
 -65.534
 -65.534
 -65.534
 -65.534
 -65.534
 -65.534
 -65.534
 -65.534
 -65.534
 -65.534
 -65.534
 -65.534
 -65.534
   1.526
   1.819
   1.913
   1.906
   1.896
   1.889
   1.886
   1.882
   1.649
   0.000
 -65.534
 -65.534
 -65.534
 -65.534
 -65.534
 -65.534
 -65.534
 -65.534
 -65.534
 -65.534
 -65.534
 -65.534
 -65.534
 -65.534
 -65.534
 -65.534
 -65.534
 -65.534
 -65.534
 -65.534
 -65.534
 -65.534
 -65.534
 -65.534
 -65.534
 -65.534
 -65.534
 -65.534
 -65.534
 -65.534
 -65.534
 -65.534
 -65.534
 -65.534
 -65.534
 -65.534
 -65.534
 -65.534
 -65.534
 -65.534
 -65.534
 -65.534
 -65.534
 -65.534
 -65.534
 -65.534
 -65.534
 -65.534
 -65.534
 -65.534
 -65.534
 -65.534
 -65.534
 -65.534
 -65.534
 -65.534
 -65.534
 -65.534
 -65.534
 -65.534
 -65.534
   0.000
   0.000
   0.000
   0.000
   0.000
   0.000
   0.000
 -65.534
