 -65.534
   0.000
   0.000
   0.000
   0.000
   0.000
   0.000
   0.000
   0.000
   0.000
   0.000
   0.000
   0.000
   0.000
   0.000
   0.000
   0.000
   0.000
   0.000
   0.000
   0.000
   0.000
   0.000
   0.000
   0.000
   0.000
   0.000
   0.000
   0.000
   0.000
   0.000
   0.000
   0.000
   0.000
   0.000
   0.000
   0.000
   0.000
   0.000
   0.000
   0.000
   0.000
   0.000
   0.000
   0.000
   0.000
   0.000
   0.000
   0.000
   0.000
   0.000
   0.000
   0.000
   0.000
   0.000
   0.000
   0.000
   0.000
   0.000
   0.000
   0.000
   0.000
   0.000
   0.000
   0.000
   0.000
   0.000
   0.000
 -65.534
   0.000
   1.336
   1.518
   1.619
   1.713
   1.801
   1.877
   1.943
   1.998
   2.047
   2.088
   2.122
   2.146
   2.160
   2.160
   2.147
   2.123
   2.095
   2.062
   2.030
   2.001
   1.976
   1.965
   1.958
   1.998
   2.059
   2.119
   2.168
   2.206
   2.232
   2.246
   2.253
   2.243
   2.215
   2.176
   2.111
   2.040
   1.943
   1.821
   1.680
   1.515
   1.341
   1.167
   1.023
   0.979
   1.010
   1.058
   1.105
   1.146
   1.178
   1.203
   1.220
   1.228
   1.241
   1.249
   1.256
   1.264
   1.268
   1.279
   1.282
   1.282
   1.288
   1.298
   1.299
   1.293
   1.286
   1.285
   1.254
   0.000
   0.000
   1.347
   1.531
   1.635
   1.737
   1.828
   1.914
   1.990
   2.054
   2.112
   2.162
   2.202
   2.235
   2.256
   2.264
   2.264
   2.256
   2.246
   2.235
   2.228
   2.221
   2.220
   2.232
   2.251
   2.298
   2.357
   2.416
   2.468
   2.505
   2.530
   2.547
   2.549
   2.540
   2.513
   2.470
   2.407
   2.326
   2.228
   2.102
   1.955
   1.794
   1.619
   1.435
   1.282
   1.242
   1.285
   1.340
   1.389
   1.427
   1.456
   1.478
   1.491
   1.499
   1.506
   1.507
   1.509
   1.510
   1.512
   1.511
   1.508
   1.508
   1.515
   1.522
   1.523
   1.518
   1.510
   1.508
   1.471
   0.000
   0.000
   1.266
   1.440
   1.542
   1.644
   1.743
   1.835
   1.919
   1.992
   2.060
   2.120
   2.165
   2.204
   2.233
   2.249
   2.260
   2.266
   2.273
   2.279
   2.294
   2.309
   2.330
   2.363
   2.408
   2.455
   2.513
   2.568
   2.613
   2.643
   2.666
   2.683
   2.689
   2.684
   2.669
   2.631
   2.569
   2.494
   2.390
   2.260
   2.112
   1.949
   1.772
   1.593
   1.445
   1.402
   1.444
   1.500
   1.546
   1.579
   1.602
   1.612
   1.617
   1.619
   1.619
   1.616
   1.608
   1.599
   1.591
   1.588
   1.584
   1.586
   1.595
   1.605
   1.612
   1.611
   1.606
   1.601
   1.559
   0.000
   0.000
   1.164
   1.327
   1.422
   1.521
   1.620
   1.718
   1.808
   1.889
   1.964
   2.032
   2.089
   2.135
   2.173
   2.200
   2.222
   2.240
   2.260
   2.285
   2.318
   2.352
   2.389
   2.439
   2.498
   2.553
   2.613
   2.665
   2.701
   2.724
   2.746
   2.767
   2.780
   2.788
   2.783
   2.758
   2.709
   2.636
   2.536
   2.407
   2.258
   2.095
   1.918
   1.744
   1.598
   1.537
   1.562
   1.610
   1.651
   1.678
   1.691
   1.693
   1.689
   1.681
   1.672
   1.658
   1.640
   1.624
   1.607
   1.598
   1.599
   1.607
   1.621
   1.639
   1.653
   1.660
   1.659
   1.659
   1.617
   0.000
   0.000
   1.057
   1.202
   1.288
   1.382
   1.478
   1.574
   1.668
   1.756
   1.840
   1.915
   1.981
   2.037
   2.085
   2.121
   2.154
   2.183
   2.216
   2.256
   2.301
   2.348
   2.400
   2.464
   2.529
   2.593
   2.650
   2.696
   2.728
   2.748
   2.769
   2.796
   2.820
   2.844
   2.860
   2.852
   2.819
   2.755
   2.661
   2.534
   2.389
   2.227
   2.054
   1.886
   1.741
   1.656
   1.646
   1.674
   1.707
   1.726
   1.728
   1.720
   1.705
   1.688
   1.672
   1.650
   1.627
   1.606
   1.589
   1.580
   1.583
   1.597
   1.618
   1.642
   1.663
   1.678
   1.686
   1.691
   1.657
   0.000
   0.000
   0.946
   1.078
   1.153
   1.235
   1.324
   1.420
   1.517
   1.609
   1.698
   1.781
   1.855
   1.921
   1.976
   2.021
   2.062
   2.103
   2.146
   2.196
   2.251
   2.309
   2.374
   2.449
   2.522
   2.586
   2.634
   2.670
   2.696
   2.714
   2.738
   2.775
   2.815
   2.860
   2.897
   2.915
   2.895
   2.847
   2.761
   2.644
   2.504
   2.351
   2.184
   2.019
   1.868
   1.761
   1.720
   1.723
   1.736
   1.742
   1.735
   1.716
   1.691
   1.663
   1.637
   1.611
   1.582
   1.555
   1.534
   1.525
   1.533
   1.556
   1.585
   1.616
   1.643
   1.669
   1.688
   1.701
   1.679
   0.000
   0.000
   0.840
   0.957
   1.024
   1.097
   1.176
   1.266
   1.361
   1.456
   1.549
   1.636
   1.716
   1.787
   1.850
   1.903
   1.952
   2.001
   2.052
   2.110
   2.171
   2.237
   2.308
   2.385
   2.459
   2.516
   2.560
   2.593
   2.615
   2.632
   2.663
   2.713
   2.772
   2.837
   2.895
   2.932
   2.930
   2.901
   2.831
   2.725
   2.601
   2.458
   2.299
   2.137
   1.986
   1.861
   1.782
   1.751
   1.740
   1.726
   1.705
   1.676
   1.639
   1.601
   1.567
   1.533
   1.498
   1.468
   1.446
   1.444
   1.458
   1.485
   1.522
   1.561
   1.601
   1.640
   1.670
   1.694
   1.686
   0.000
   0.000
   0.737
   0.836
   0.900
   0.966
   1.037
   1.118
   1.208
   1.305
   1.400
   1.489
   1.573
   1.650
   1.717
   1.774
   1.830
   1.885
   1.942
   2.004
   2.068
   2.140
   2.212
   2.289
   2.364
   2.420
   2.457
   2.485
   2.506
   2.525
   2.563
   2.625
   2.700
   2.781
   2.858
   2.914
   2.933
   2.921
   2.867
   2.783
   2.676
   2.549
   2.403
   2.250
   2.099
   1.962
   1.854
   1.779
   1.735
   1.698
   1.658
   1.615
   1.563
   1.515
   1.471
   1.430
   1.390
   1.358
   1.338
   1.341
   1.364
   1.398
   1.440
   1.487
   1.540
   1.590
   1.633
   1.671
   1.676
   0.000
   0.000
   0.657
   0.731
   0.779
   0.836
   0.900
   0.975
   1.063
   1.158
   1.256
   1.348
   1.435
   1.512
   1.582
   1.645
   1.702
   1.759
   1.819
   1.881
   1.950
   2.023
   2.100
   2.176
   2.250
   2.305
   2.340
   2.367
   2.385
   2.407
   2.455
   2.526
   2.609
   2.698
   2.791
   2.863
   2.906
   2.914
   2.885
   2.819
   2.737
   2.630
   2.500
   2.359
   2.214
   2.071
   1.941
   1.830
   1.744
   1.674
   1.613
   1.549
   1.486
   1.425
   1.371
   1.325
   1.281
   1.248
   1.233
   1.239
   1.263
   1.300
   1.345
   1.398
   1.458
   1.519
   1.578
   1.628
   1.651
   0.000
   0.000
   0.604
   0.662
   0.691
   0.726
   0.775
   0.844
   0.927
   1.022
   1.120
   1.213
   1.299
   1.377
   1.446
   1.508
   1.567
   1.626
   1.687
   1.750
   1.816
   1.889
   1.964
   2.043
   2.114
   2.170
   2.210
   2.237
   2.258
   2.288
   2.341
   2.415
   2.496
   2.588
   2.687
   2.773
   2.836
   2.870
   2.868
   2.831
   2.770
   2.692
   2.582
   2.455
   2.321
   2.172
   2.032
   1.904
   1.788
   1.682
   1.583
   1.496
   1.420
   1.352
   1.289
   1.236
   1.191
   1.159
   1.143
   1.147
   1.168
   1.202
   1.246
   1.302
   1.365
   1.434
   1.502
   1.567
   1.609
   0.000
   0.000
   0.569
   0.619
   0.641
   0.667
   0.691
   0.732
   0.801
   0.892
   0.988
   1.083
   1.169
   1.245
   1.312
   1.373
   1.432
   1.488
   1.547
   1.607
   1.672
   1.742
   1.815
   1.890
   1.966
   2.025
   2.073
   2.112
   2.140
   2.176
   2.230
   2.300
   2.379
   2.473
   2.571
   2.664
   2.741
   2.796
   2.821
   2.811
   2.782
   2.729
   2.646
   2.538
   2.411
   2.270
   2.124
   1.990
   1.857
   1.734
   1.606
   1.493
   1.397
   1.317
   1.244
   1.184
   1.131
   1.094
   1.072
   1.070
   1.082
   1.109
   1.151
   1.206
   1.272
   1.345
   1.422
   1.495
   1.552
   0.000
   0.000
   0.525
   0.592
   0.611
   0.630
   0.647
   0.669
   0.706
   0.770
   0.858
   0.950
   1.034
   1.110
   1.175
   1.234
   1.289
   1.344
   1.398
   1.454
   1.517
   1.583
   1.655
   1.728
   1.804
   1.870
   1.930
   1.978
   2.021
   2.063
   2.114
   2.182
   2.257
   2.346
   2.447
   2.543
   2.624
   2.692
   2.735
   2.755
   2.750
   2.725
   2.669
   2.585
   2.480
   2.350
   2.210
   2.076
   1.944
   1.813
   1.682
   1.560
   1.447
   1.349
   1.261
   1.180
   1.111
   1.056
   1.025
   1.012
   1.020
   1.046
   1.089
   1.146
   1.213
   1.286
   1.364
   1.444
   1.508
   0.000
 -65.534
 -65.534
   0.529
   0.583
   0.597
   0.614
   0.632
   0.652
   0.686
   0.743
   0.817
   0.895
   0.968
   1.030
   1.085
   1.139
   1.189
   1.240
   1.292
   1.349
   1.410
   1.478
   1.553
   1.631
   1.702
   1.772
   1.833
   1.887
   1.932
   1.986
   2.051
   2.119
   2.206
   2.303
   2.398
   2.482
   2.554
   2.611
   2.646
   2.664
   2.663
   2.633
   2.578
   2.496
   2.387
   2.269
   2.148
   2.027
   1.906
   1.788
   1.674
   1.563
   1.456
   1.353
   1.259
   1.171
   1.101
   1.047
   1.027
   1.022
   1.047
   1.092
   1.100
   1.165
   1.234
   1.313
   1.401
   1.480
   0.000
 -65.534
 -65.534
 -65.534
   0.517
   0.565
   0.581
   0.601
   0.619
   0.638
   0.664
   0.710
   0.764
   0.827
   0.885
   0.937
   0.987
   1.035
   1.080
   1.128
   1.180
   1.238
   1.302
   1.373
   1.451
   1.528
   1.604
   1.673
   1.736
   1.784
   1.837
   1.898
   1.965
   2.049
   2.134
   2.215
   2.311
   2.389
   2.447
   2.493
   2.527
   2.545
   2.538
   2.508
   2.452
   2.372
   2.279
   2.181
   2.078
   1.979
   1.879
   1.785
   1.688
   1.588
   1.493
   1.397
   1.308
   1.236
   1.187
   1.159
   1.149
   1.156
   1.174
   1.207
   1.233
   1.291
   1.359
   1.426
   1.476
   0.000
 -65.534
 -65.534
 -65.534
 -65.534
   0.515
   0.548
   0.569
   0.588
   0.603
   0.616
   0.637
   0.664
   0.700
   0.749
   0.797
   0.841
   0.888
   0.930
   0.972
   1.019
   1.070
   1.127
   1.195
   1.269
   1.345
   1.424
   1.497
   1.562
   1.613
   1.668
   1.724
   1.786
   1.859
   1.937
   2.016
   2.102
   2.172
   2.246
   2.296
   2.334
   2.362
   2.372
   2.361
   2.330
   2.277
   2.213
   2.143
   2.068
   1.994
   1.923
   1.853
   1.773
   1.694
   1.612
   1.530
   1.455
   1.394
   1.356
   1.338
   1.336
   1.342
   1.356
   1.379
   1.417
   1.460
   1.502
   1.546
   1.561
   0.000
 -65.534
 -65.534
 -65.534
 -65.534
   0.481
   0.515
   0.538
   0.554
   0.566
   0.579
   0.590
   0.604
   0.620
   0.641
   0.673
   0.716
   0.753
   0.787
   0.826
   0.867
   0.912
   0.962
   1.020
   1.086
   1.157
   1.230
   1.300
   1.362
   1.418
   1.472
   1.528
   1.585
   1.648
   1.720
   1.789
   1.858
   1.924
   1.986
   2.028
   2.075
   2.109
   2.126
   2.131
   2.119
   2.094
   2.061
   2.023
   1.981
   1.938
   1.901
   1.860
   1.805
   1.749
   1.690
   1.633
   1.580
   1.542
   1.522
   1.518
   1.523
   1.538
   1.554
   1.579
   1.612
   1.645
   1.683
   1.714
   1.701
   0.000
 -65.534
 -65.534
 -65.534
 -65.534
   0.454
   0.486
   0.509
   0.525
   0.536
   0.547
   0.560
   0.567
   0.576
   0.584
   0.593
   0.606
   0.637
   0.676
   0.702
   0.733
   0.768
   0.811
   0.860
   0.915
   0.974
   1.036
   1.098
   1.157
   1.212
   1.266
   1.322
   1.377
   1.435
   1.492
   1.546
   1.596
   1.646
   1.689
   1.722
   1.757
   1.787
   1.809
   1.828
   1.839
   1.844
   1.845
   1.842
   1.836
   1.828
   1.818
   1.804
   1.780
   1.752
   1.723
   1.693
   1.667
   1.651
   1.647
   1.657
   1.677
   1.700
   1.721
   1.746
   1.773
   1.804
   1.837
   1.866
   1.837
   0.000
 -65.534
 -65.534
 -65.534
 -65.534
   0.424
   0.450
   0.472
   0.492
   0.512
   0.519
   0.530
   0.538
   0.546
   0.551
   0.553
   0.553
   0.555
   0.563
   0.584
   0.630
   0.662
   0.691
   0.730
   0.772
   0.818
   0.865
   0.916
   0.968
   1.020
   1.076
   1.132
   1.183
   1.230
   1.272
   1.305
   1.332
   1.361
   1.381
   1.400
   1.418
   1.438
   1.456
   1.481
   1.511
   1.542
   1.575
   1.604
   1.626
   1.645
   1.662
   1.673
   1.680
   1.684
   1.684
   1.683
   1.684
   1.692
   1.705
   1.730
   1.762
   1.795
   1.826
   1.852
   1.877
   1.905
   1.939
   1.968
   1.925
   0.000
 -65.534
 -65.534
 -65.534
 -65.534
 -65.534
 -65.534
 -65.534
 -65.534
   0.470
   0.491
   0.502
   0.510
   0.517
   0.523
   0.525
   0.524
   0.521
   0.517
   0.518
   0.530
   0.550
   0.583
   0.632
   0.662
   0.690
   0.724
   0.767
   0.814
   0.861
   0.911
   0.960
   1.002
   1.039
   1.064
   1.078
   1.086
   1.085
   1.081
   1.080
   1.080
   1.091
   1.111
   1.140
   1.179
   1.229
   1.280
   1.325
   1.366
   1.410
   1.449
   1.486
   1.520
   1.551
   1.579
   1.604
   1.628
   1.656
   1.688
   1.728
   1.772
   1.817
   1.857
   1.890
   1.917
   1.951
   1.987
   2.014
   1.965
   0.000
 -65.534
 -65.534
 -65.534
 -65.534
 -65.534
 -65.534
   0.320
   0.370
   0.445
   0.465
   0.475
   0.484
   0.492
   0.499
   0.501
   0.501
   0.499
   0.499
   0.497
   0.499
   0.500
   0.506
   0.524
   0.567
   0.634
   0.656
   0.680
   0.708
   0.733
   0.760
   0.797
   0.830
   0.855
   0.871
   0.871
   0.860
   0.840
   0.817
   0.796
   0.788
   0.795
   0.815
   0.846
   0.889
   0.940
   0.993
   1.047
   1.104
   1.156
   1.211
   1.271
   1.327
   1.381
   1.432
   1.478
   1.520
   1.561
   1.605
   1.656
   1.709
   1.760
   1.808
   1.849
   1.887
   1.929
   1.972
   2.005
   1.954
   0.000
 -65.534
 -65.534
 -65.534
 -65.534
 -65.534
 -65.534
 -65.534
 -65.534
 -65.534
   0.433
   0.444
   0.453
   0.460
   0.466
   0.472
   0.483
   0.484
   0.488
   0.493
   0.492
   0.489
   0.489
   0.492
   0.504
   0.526
   0.582
   0.638
   0.656
   0.669
   0.692
   0.710
   0.717
   0.713
   0.703
   0.692
   0.678
   0.663
   0.650
   0.626
   0.599
   0.585
   0.589
   0.612
   0.652
   0.697
   0.746
   0.797
   0.852
   0.913
   0.980
   1.054
   1.125
   1.192
   1.255
   1.313
   1.366
   1.413
   1.462
   1.515
   1.569
   1.625
   1.679
   1.732
   1.781
   1.836
   1.891
   1.932
   1.888
   0.000
 -65.534
 -65.534
 -65.534
 -65.534
 -65.534
 -65.534
 -65.534
 -65.534
 -65.534
 -65.534
 -65.534
 -65.534
 -65.534
 -65.534
 -65.534
   0.448
   0.462
   0.471
   0.480
   0.492
   0.488
   0.486
   0.487
   0.491
   0.499
   0.517
   0.554
   0.616
   0.642
   0.649
   0.653
   0.653
   0.649
   0.643
   0.631
   0.617
   0.600
   0.581
   0.484
   0.448
   0.441
   0.446
   0.474
   0.508
   0.526
   0.556
   0.594
   0.640
   0.697
   0.766
   0.847
   0.928
   1.005
   1.077
   1.142
   1.198
   1.249
   1.300
   1.355
   1.410
   1.466
   1.523
   1.582
   1.640
   1.700
   1.764
   1.817
   1.779
   0.000
 -65.534
 -65.534
 -65.534
 -65.534
 -65.534
 -65.534
 -65.534
 -65.534
 -65.534
 -65.534
 -65.534
 -65.534
 -65.534
 -65.534
 -65.534
 -65.534
 -65.534
 -65.534
 -65.534
   0.480
   0.490
   0.493
   0.494
   0.497
   0.500
   0.508
   0.522
   0.543
   0.570
   0.616
   0.631
   0.627
   0.619
   0.609
   0.597
   0.584
   0.571
   0.551
   0.499
   0.445
   0.424
   0.424
   0.441
   0.458
   0.475
   0.488
   0.497
   0.510
   0.539
   0.613
   0.697
   0.768
   0.842
   0.912
   0.976
   1.038
   1.094
   1.147
   1.199
   1.252
   1.308
   1.367
   1.428
   1.490
   1.554
   1.617
   1.676
   1.644
   0.000
 -65.534
 -65.534
 -65.534
 -65.534
 -65.534
 -65.534
 -65.534
 -65.534
 -65.534
 -65.534
 -65.534
 -65.534
 -65.534
 -65.534
 -65.534
 -65.534
 -65.534
 -65.534
   0.419
   0.499
   0.505
   0.509
   0.512
   0.515
   0.517
   0.520
   0.523
   0.530
   0.540
   0.566
   0.609
   0.621
   0.615
   0.603
   0.593
   0.583
   0.573
   0.559
   0.540
   0.515
   0.481
   0.465
   0.474
   0.492
   0.517
   0.532
   0.543
   0.548
   0.553
   0.572
   0.611
   0.657
   0.704
   0.753
   0.835
   0.937
   0.982
   1.026
   1.069
   1.110
   1.159
   1.214
   1.273
   1.336
   1.399
   1.462
   1.519
   1.488
   0.000
 -65.534
 -65.534
 -65.534
 -65.534
 -65.534
 -65.534
 -65.534
 -65.534
 -65.534
 -65.534
 -65.534
 -65.534
 -65.534
 -65.534
 -65.534
 -65.534
 -65.534
   0.429
   0.498
   0.524
   0.529
   0.531
   0.535
   0.539
   0.543
   0.541
   0.542
   0.542
   0.546
   0.558
   0.596
   0.635
   0.628
   0.620
   0.616
   0.613
   0.610
   0.602
   0.586
   0.565
   0.541
   0.522
   0.525
   0.548
   0.580
   0.599
   0.609
   0.613
   0.614
   0.618
   0.635
   0.667
   0.707
   0.749
   0.793
   0.835
   0.875
   0.913
   0.948
   0.981
   1.038
   1.105
   1.156
   1.202
   1.258
   1.310
   1.362
   1.331
   0.000
 -65.534
 -65.534
 -65.534
 -65.534
 -65.534
 -65.534
 -65.534
 -65.534
 -65.534
 -65.534
 -65.534
 -65.534
 -65.534
 -65.534
 -65.534
 -65.534
 -65.534
   0.514
   0.547
   0.554
   0.550
   0.553
   0.559
   0.565
   0.568
   0.568
   0.567
   0.566
   0.565
   0.572
   0.601
   0.661
   0.656
   0.655
   0.657
   0.654
   0.654
   0.650
   0.639
   0.622
   0.601
   0.586
   0.592
   0.619
   0.652
   0.675
   0.683
   0.686
   0.685
   0.687
   0.697
   0.714
   0.738
   0.770
   0.799
   0.833
   0.868
   0.903
   0.931
   0.959
   0.992
   1.024
   1.059
   1.110
   1.167
   1.201
   1.243
   1.204
   0.000
 -65.534
 -65.534
 -65.534
 -65.534
 -65.534
 -65.534
 -65.534
 -65.534
 -65.534
 -65.534
 -65.534
 -65.534
 -65.534
 -65.534
 -65.534
 -65.534
 -65.534
   0.550
   0.572
   0.576
   0.569
   0.575
   0.581
   0.589
   0.591
   0.594
   0.592
   0.590
   0.588
   0.593
   0.617
   0.686
   0.688
   0.693
   0.696
   0.696
   0.693
   0.691
   0.684
   0.676
   0.664
   0.658
   0.663
   0.684
   0.715
   0.740
   0.753
   0.758
   0.761
   0.766
   0.779
   0.790
   0.807
   0.827
   0.849
   0.875
   0.902
   0.927
   0.949
   0.968
   0.988
   1.010
   1.034
   1.056
   1.077
   1.112
   1.152
   1.104
   0.000
 -65.534
 -65.534
 -65.534
 -65.534
 -65.534
 -65.534
 -65.534
 -65.534
 -65.534
 -65.534
 -65.534
 -65.534
 -65.534
 -65.534
 -65.534
 -65.534
 -65.534
   0.575
   0.587
   0.594
   0.593
   0.599
   0.606
   0.614
   0.616
   0.617
   0.619
   0.617
   0.617
   0.621
   0.645
   0.716
   0.721
   0.732
   0.737
   0.736
   0.731
   0.727
   0.726
   0.727
   0.727
   0.726
   0.730
   0.743
   0.768
   0.793
   0.814
   0.829
   0.842
   0.857
   0.874
   0.889
   0.903
   0.916
   0.928
   0.943
   0.959
   0.975
   0.985
   0.994
   1.005
   1.019
   1.033
   1.046
   1.057
   1.063
   1.058
   1.032
   0.000
 -65.534
 -65.534
 -65.534
 -65.534
 -65.534
 -65.534
 -65.534
 -65.534
 -65.534
 -65.534
 -65.534
 -65.534
 -65.534
 -65.534
 -65.534
 -65.534
 -65.534
 -65.534
   0.597
   0.605
   0.612
   0.620
   0.628
   0.634
   0.637
   0.638
   0.640
   0.642
   0.645
   0.652
   0.684
   0.758
   0.759
   0.771
   0.774
   0.768
   0.759
   0.753
   0.758
   0.768
   0.776
   0.782
   0.787
   0.800
   0.819
   0.841
   0.865
   0.888
   0.911
   0.936
   0.961
   0.980
   0.994
   1.001
   1.006
   1.011
   1.021
   1.026
   1.032
   1.036
   1.038
   1.041
   1.043
   1.044
   1.043
   1.034
   1.014
   0.920
   0.000
 -65.534
 -65.534
 -65.534
 -65.534
 -65.534
 -65.534
 -65.534
 -65.534
 -65.534
 -65.534
 -65.534
 -65.534
 -65.534
 -65.534
 -65.534
 -65.534
 -65.534
 -65.534
 -65.534
   0.610
   0.620
   0.633
   0.640
   0.645
   0.648
   0.651
   0.653
   0.657
   0.663
   0.680
   0.748
   0.791
   0.793
   0.802
   0.805
   0.804
   0.790
   0.774
   0.776
   0.789
   0.804
   0.819
   0.833
   0.854
   0.881
   0.906
   0.926
   0.944
   0.966
   0.990
   1.015
   1.035
   1.049
   1.061
   1.069
   1.077
   1.080
   1.081
   1.084
   1.083
   1.079
   1.072
   1.061
   1.045
   1.027
   1.003
   0.967
   0.855
   0.000
 -65.534
 -65.534
 -65.534
 -65.534
 -65.534
 -65.534
 -65.534
 -65.534
 -65.534
 -65.534
 -65.534
 -65.534
 -65.534
 -65.534
 -65.534
 -65.534
 -65.534
 -65.534
 -65.534
 -65.534
   0.627
   0.639
   0.649
   0.654
   0.655
   0.656
   0.658
   0.662
   0.670
   0.702
   0.799
   0.800
   0.793
   0.784
   0.755
   0.675
 -65.534
 -65.534
 -65.534
 -65.534
   0.769
   0.823
   0.865
   0.902
   0.943
   0.970
   0.986
   0.998
   1.009
   1.021
   1.035
   1.054
   1.071
   1.089
   1.105
   1.118
   1.127
   1.129
   1.127
   1.123
   1.112
   1.096
   1.076
   1.047
   1.009
   0.965
   0.910
   0.782
   0.000
 -65.534
 -65.534
 -65.534
 -65.534
 -65.534
 -65.534
 -65.534
 -65.534
 -65.534
 -65.534
 -65.534
 -65.534
 -65.534
 -65.534
 -65.534
 -65.534
 -65.534
 -65.534
 -65.534
 -65.534
 -65.534
 -65.534
 -65.534
 -65.534
   0.632
   0.645
   0.651
   0.656
   0.665
   0.717
   0.795
   0.790
   0.777
   0.754
   0.712
   0.621
 -65.534
 -65.534
 -65.534
 -65.534
 -65.534
 -65.534
   0.831
   0.917
   0.974
   1.004
   1.014
   1.016
   1.020
   1.020
   1.026
   1.044
   1.066
   1.093
   1.123
   1.147
   1.161
   1.164
   1.157
   1.147
   1.129
   1.102
   1.068
   1.027
   0.976
   0.919
   0.849
   0.710
   0.000
 -65.534
 -65.534
 -65.534
 -65.534
 -65.534
 -65.534
 -65.534
 -65.534
 -65.534
 -65.534
 -65.534
 -65.534
 -65.534
 -65.534
 -65.534
 -65.534
 -65.534
 -65.534
 -65.534
 -65.534
 -65.534
 -65.534
 -65.534
 -65.534
   0.612
   0.623
   0.631
   0.638
   0.653
   0.710
   0.771
   0.763
   0.750
   0.725
   0.686
   0.607
 -65.534
 -65.534
 -65.534
 -65.534
 -65.534
 -65.534
 -65.534
   0.870
   0.958
   0.988
   1.009
   1.001
   0.998
   0.998
   1.009
   1.030
   1.059
   1.094
   1.133
   1.169
   1.190
   1.191
   1.182
   1.162
   1.135
   1.094
   1.044
   0.988
   0.924
   0.855
   0.777
   0.634
   0.000
 -65.534
 -65.534
 -65.534
 -65.534
 -65.534
 -65.534
 -65.534
 -65.534
 -65.534
 -65.534
 -65.534
 -65.534
 -65.534
 -65.534
 -65.534
 -65.534
 -65.534
 -65.534
 -65.534
 -65.534
 -65.534
 -65.534
 -65.534
 -65.534
 -65.534
 -65.534
 -65.534
 -65.534
 -65.534
   0.608
   0.663
   0.710
   0.713
   0.700
   0.667
   0.597
   0.284
 -65.534
 -65.534
 -65.534
 -65.534
 -65.534
 -65.534
   0.755
   0.787
 -65.534
   0.880
   0.929
   0.947
   0.979
   0.994
   1.015
   1.044
   1.083
   1.125
   1.166
   1.189
   1.194
   1.179
   1.156
   1.122
   1.071
   1.008
   0.936
   0.861
   0.781
   0.695
   0.555
   0.000
 -65.534
 -65.534
 -65.534
 -65.534
 -65.534
 -65.534
 -65.534
 -65.534
 -65.534
 -65.534
 -65.534
 -65.534
 -65.534
 -65.534
 -65.534
 -65.534
 -65.534
 -65.534
 -65.534
 -65.534
 -65.534
 -65.534
 -65.534
 -65.534
 -65.534
 -65.534
 -65.534
 -65.534
 -65.534
 -65.534
 -65.534
 -65.534
   0.650
   0.660
   0.638
   0.575
   0.353
   0.203
 -65.534
 -65.534
 -65.534
 -65.534
 -65.534
 -65.534
 -65.534
 -65.534
 -65.534
 -65.534
 -65.534
   0.821
   0.901
   0.941
   1.006
   1.044
   1.087
   1.123
   1.145
   1.147
   1.132
   1.108
   1.070
   1.018
   0.951
   0.878
   0.799
   0.716
   0.628
   0.499
   0.000
 -65.534
 -65.534
 -65.534
 -65.534
 -65.534
 -65.534
 -65.534
 -65.534
 -65.534
 -65.534
 -65.534
 -65.534
 -65.534
 -65.534
 -65.534
 -65.534
 -65.534
 -65.534
 -65.534
 -65.534
 -65.534
 -65.534
 -65.534
 -65.534
 -65.534
 -65.534
 -65.534
 -65.534
 -65.534
 -65.534
 -65.534
 -65.534
   0.495
   0.500
   0.489
   0.441
   0.345
   0.252
   0.176
   0.136
 -65.534
 -65.534
 -65.534
 -65.534
 -65.534
 -65.534
 -65.534
 -65.534
 -65.534
 -65.534
 -65.534
 -65.534
   0.782
   0.870
   0.931
   1.034
   1.060
   1.060
   1.047
   1.026
   0.992
   0.943
   0.884
   0.819
   0.749
   0.674
   0.591
   0.473
   0.000
 -65.534
 -65.534
 -65.534
 -65.534
 -65.534
 -65.534
 -65.534
 -65.534
 -65.534
 -65.534
 -65.534
 -65.534
 -65.534
 -65.534
 -65.534
 -65.534
 -65.534
 -65.534
 -65.534
 -65.534
 -65.534
 -65.534
 -65.534
 -65.534
 -65.534
 -65.534
 -65.534
 -65.534
 -65.534
 -65.534
 -65.534
 -65.534
 -65.534
 -65.534
 -65.534
 -65.534
   0.275
   0.239
   0.199
   0.167
   0.133
   0.113
   0.100
   0.088
   0.077
 -65.534
 -65.534
 -65.534
 -65.534
 -65.534
 -65.534
 -65.534
 -65.534
 -65.534
 -65.534
   0.841
   0.934
   0.949
   0.943
   0.928
   0.899
   0.859
   0.810
   0.757
   0.702
   0.639
   0.567
   0.465
   0.000
 -65.534
 -65.534
 -65.534
 -65.534
 -65.534
 -65.534
 -65.534
 -65.534
 -65.534
 -65.534
 -65.534
 -65.534
 -65.534
 -65.534
 -65.534
 -65.534
 -65.534
 -65.534
 -65.534
 -65.534
 -65.534
 -65.534
 -65.534
 -65.534
 -65.534
 -65.534
 -65.534
 -65.534
 -65.534
 -65.534
 -65.534
 -65.534
 -65.534
 -65.534
 -65.534
 -65.534
 -65.534
 -65.534
 -65.534
 -65.534
   0.104
 -65.534
 -65.534
 -65.534
 -65.534
 -65.534
 -65.534
 -65.534
 -65.534
 -65.534
 -65.534
 -65.534
 -65.534
 -65.534
 -65.534
   0.652
   0.747
   0.771
   0.769
   0.801
   0.792
   0.762
   0.725
   0.686
   0.643
   0.596
   0.542
   0.460
   0.000
 -65.534
 -65.534
 -65.534
 -65.534
 -65.534
 -65.534
 -65.534
 -65.534
 -65.534
 -65.534
 -65.534
 -65.534
 -65.534
 -65.534
 -65.534
 -65.534
 -65.534
 -65.534
 -65.534
 -65.534
 -65.534
 -65.534
 -65.534
 -65.534
 -65.534
 -65.534
 -65.534
 -65.534
 -65.534
 -65.534
 -65.534
 -65.534
 -65.534
 -65.534
 -65.534
 -65.534
 -65.534
 -65.534
 -65.534
 -65.534
 -65.534
 -65.534
 -65.534
 -65.534
 -65.534
 -65.534
 -65.534
 -65.534
 -65.534
 -65.534
 -65.534
 -65.534
 -65.534
 -65.534
 -65.534
 -65.534
 -65.534
 -65.534
 -65.534
   0.581
   0.626
   0.624
   0.597
   0.573
   0.549
   0.526
   0.495
   0.435
   0.000
 -65.534
 -65.534
 -65.534
 -65.534
 -65.534
 -65.534
 -65.534
 -65.534
 -65.534
 -65.534
 -65.534
 -65.534
 -65.534
 -65.534
 -65.534
 -65.534
 -65.534
 -65.534
 -65.534
 -65.534
 -65.534
 -65.534
 -65.534
 -65.534
 -65.534
 -65.534
 -65.534
 -65.534
 -65.534
 -65.534
 -65.534
 -65.534
 -65.534
 -65.534
 -65.534
 -65.534
 -65.534
 -65.534
 -65.534
 -65.534
 -65.534
 -65.534
 -65.534
 -65.534
 -65.534
 -65.534
 -65.534
 -65.534
 -65.534
 -65.534
 -65.534
 -65.534
 -65.534
 -65.534
 -65.534
 -65.534
 -65.534
 -65.534
 -65.534
 -65.534
 -65.534
   0.000
   0.000
   0.000
   0.000
   0.000
   0.000
   0.000
 -65.534
