 -65.534
   0.000
   0.000
   0.000
   0.000
   0.000
   0.000
   0.000
   0.000
   0.000
   0.000
   0.000
   0.000
   0.000
   0.000
   0.000
   0.000
   0.000
   0.000
   0.000
   0.000
   0.000
   0.000
   0.000
   0.000
   0.000
   0.000
   0.000
   0.000
   0.000
   0.000
   0.000
   0.000
   0.000
   0.000
   0.000
   0.000
   0.000
   0.000
   0.000
   0.000
   0.000
   0.000
   0.000
   0.000
   0.000
   0.000
   0.000
   0.000
   0.000
   0.000
   0.000
   0.000
   0.000
   0.000
   0.000
   0.000
   0.000
   0.000
   0.000
   0.000
   0.000
   0.000
   0.000
   0.000
   0.000
   0.000
   0.000
 -65.534
   0.000
   1.108
   1.254
   1.343
   1.441
   1.528
   1.606
   1.672
   1.725
   1.769
   1.802
   1.819
   1.820
   1.813
   1.786
   1.752
   1.696
   1.647
   1.615
   1.592
   1.578
   1.583
   1.597
   1.608
   1.639
   1.675
   1.707
   1.737
   1.754
   1.776
   1.793
   1.820
   1.847
   1.856
   1.854
   1.831
   1.798
   1.739
   1.639
   1.522
   1.388
   1.236
   1.176
   1.129
   1.083
   1.056
   1.082
   1.159
   1.198
   1.236
   1.273
   1.284
   1.285
   1.276
   1.285
   1.298
   1.308
   1.329
   1.353
   1.379
   1.387
   1.384
   1.395
   1.420
   1.436
   1.455
   1.486
   1.485
   0.000
   0.000
   1.182
   1.306
   1.388
   1.470
   1.557
   1.635
   1.705
   1.762
   1.824
   1.879
   1.917
   1.941
   1.953
   1.945
   1.917
   1.875
   1.827
   1.777
   1.737
   1.724
   1.726
   1.740
   1.755
   1.786
   1.816
   1.846
   1.873
   1.899
   1.928
   1.967
   2.005
   2.042
   2.070
   2.076
   2.061
   2.028
   1.971
   1.874
   1.751
   1.625
   1.465
   1.342
   1.275
   1.219
   1.181
   1.206
   1.290
   1.340
   1.390
   1.434
   1.449
   1.454
   1.450
   1.449
   1.456
   1.466
   1.491
   1.529
   1.568
   1.605
   1.626
   1.633
   1.664
   1.689
   1.721
   1.756
   1.762
   0.000
   0.000
   1.161
   1.282
   1.346
   1.424
   1.491
   1.567
   1.635
   1.701
   1.770
   1.842
   1.898
   1.943
   1.968
   1.971
   1.955
   1.925
   1.884
   1.845
   1.811
   1.786
   1.788
   1.804
   1.829
   1.852
   1.877
   1.904
   1.930
   1.963
   1.996
   2.041
   2.090
   2.139
   2.183
   2.202
   2.196
   2.173
   2.116
   2.029
   1.913
   1.780
   1.645
   1.471
   1.355
   1.287
   1.244
   1.270
   1.349
   1.398
   1.453
   1.494
   1.508
   1.511
   1.503
   1.503
   1.510
   1.519
   1.547
   1.586
   1.631
   1.673
   1.709
   1.734
   1.760
   1.794
   1.829
   1.870
   1.877
   0.000
   0.000
   1.076
   1.253
   1.307
   1.367
   1.427
   1.477
   1.535
   1.602
   1.682
   1.763
   1.833
   1.891
   1.931
   1.947
   1.942
   1.925
   1.898
   1.876
   1.856
   1.844
   1.847
   1.859
   1.882
   1.906
   1.932
   1.963
   1.981
   2.001
   2.038
   2.085
   2.138
   2.197
   2.254
   2.289
   2.295
   2.278
   2.234
   2.151
   2.056
   1.935
   1.789
   1.655
   1.494
   1.377
   1.327
   1.368
   1.413
   1.456
   1.493
   1.527
   1.534
   1.526
   1.524
   1.527
   1.532
   1.548
   1.577
   1.607
   1.642
   1.684
   1.721
   1.757
   1.803
   1.844
   1.890
   1.940
   1.952
   0.000
   0.000
   1.025
   1.149
   1.269
   1.321
   1.362
   1.400
   1.448
   1.500
   1.567
   1.655
   1.734
   1.799
   1.850
   1.879
   1.888
   1.883
   1.876
   1.870
   1.867
   1.867
   1.873
   1.898
   1.923
   1.950
   1.973
   1.992
   2.003
   2.018
   2.047
   2.091
   2.147
   2.213
   2.280
   2.325
   2.344
   2.340
   2.308
   2.243
   2.159
   2.057
   1.929
   1.787
   1.664
   1.558
   1.457
   1.463
   1.467
   1.491
   1.503
   1.510
   1.511
   1.512
   1.519
   1.521
   1.534
   1.554
   1.558
   1.560
   1.585
   1.635
   1.691
   1.750
   1.811
   1.870
   1.923
   1.981
   1.998
   0.000
   0.000
   0.990
   1.086
   1.150
   1.252
   1.315
   1.347
   1.376
   1.417
   1.477
   1.545
   1.622
   1.690
   1.753
   1.788
   1.810
   1.823
   1.831
   1.838
   1.847
   1.856
   1.874
   1.904
   1.934
   1.960
   1.977
   1.990
   1.998
   2.001
   2.024
   2.068
   2.124
   2.192
   2.262
   2.320
   2.354
   2.369
   2.350
   2.304
   2.237
   2.153
   2.049
   1.920
   1.786
   1.667
   1.588
   1.536
   1.508
   1.499
   1.487
   1.473
   1.464
   1.466
   1.483
   1.502
   1.507
   1.468
   1.473
   1.497
   1.539
   1.596
   1.656
   1.725
   1.796
   1.865
   1.932
   1.996
   2.023
   0.000
   0.000
   0.953
   1.040
   1.085
   1.133
   1.188
   1.256
   1.316
   1.366
   1.404
   1.455
   1.521
   1.583
   1.648
   1.691
   1.723
   1.747
   1.764
   1.782
   1.799
   1.820
   1.840
   1.874
   1.907
   1.930
   1.944
   1.952
   1.953
   1.950
   1.968
   2.012
   2.069
   2.139
   2.213
   2.284
   2.333
   2.365
   2.369
   2.342
   2.293
   2.224
   2.128
   2.017
   1.897
   1.772
   1.662
   1.593
   1.547
   1.503
   1.467
   1.438
   1.425
   1.415
   1.404
   1.387
   1.384
   1.400
   1.425
   1.457
   1.499
   1.551
   1.615
   1.687
   1.765
   1.847
   1.921
   1.993
   2.034
   0.000
   0.000
   0.901
   0.990
   1.034
   1.077
   1.115
   1.152
   1.190
   1.239
   1.331
   1.399
   1.442
   1.502
   1.552
   1.594
   1.635
   1.661
   1.687
   1.711
   1.735
   1.762
   1.788
   1.820
   1.855
   1.879
   1.888
   1.891
   1.889
   1.881
   1.894
   1.942
   2.001
   2.072
   2.155
   2.234
   2.297
   2.346
   2.366
   2.358
   2.328
   2.274
   2.185
   2.083
   1.973
   1.848
   1.743
   1.656
   1.586
   1.520
   1.463
   1.423
   1.340
   1.289
   1.284
   1.302
   1.326
   1.352
   1.378
   1.406
   1.450
   1.500
   1.566
   1.639
   1.722
   1.812
   1.896
   1.978
   2.031
   0.000
   0.000
   0.830
   0.923
   0.973
   1.020
   1.057
   1.091
   1.123
   1.159
   1.208
   1.289
   1.386
   1.427
   1.471
   1.518
   1.548
   1.574
   1.602
   1.631
   1.665
   1.696
   1.727
   1.762
   1.797
   1.816
   1.823
   1.822
   1.815
   1.810
   1.831
   1.877
   1.938
   2.009
   2.098
   2.180
   2.255
   2.317
   2.353
   2.357
   2.345
   2.304
   2.224
   2.125
   2.021
   1.902
   1.785
   1.693
   1.614
   1.537
   1.468
   1.409
   1.297
   1.246
   1.237
   1.250
   1.272
   1.297
   1.323
   1.351
   1.393
   1.449
   1.515
   1.590
   1.678
   1.772
   1.867
   1.958
   2.025
   0.000
   0.000
   0.757
   0.847
   0.901
   0.955
   0.999
   1.032
   1.067
   1.104
   1.143
   1.189
   1.256
   1.368
   1.408
   1.440
   1.471
   1.503
   1.529
   1.553
   1.581
   1.611
   1.645
   1.683
   1.725
   1.744
   1.751
   1.751
   1.746
   1.753
   1.780
   1.827
   1.889
   1.958
   2.044
   2.128
   2.206
   2.274
   2.319
   2.337
   2.337
   2.310
   2.244
   2.151
   2.047
   1.919
   1.791
   1.695
   1.604
   1.533
   1.465
   1.392
   1.283
   1.219
   1.193
   1.192
   1.209
   1.233
   1.257
   1.288
   1.335
   1.398
   1.469
   1.548
   1.643
   1.742
   1.844
   1.944
   2.020
   0.000
   0.000
   0.692
   0.775
   0.829
   0.887
   0.935
   0.976
   1.012
   1.047
   1.084
   1.126
   1.171
   1.236
   1.343
   1.384
   1.406
   1.429
   1.451
   1.474
   1.505
   1.535
   1.569
   1.605
   1.639
   1.665
   1.679
   1.693
   1.699
   1.718
   1.752
   1.803
   1.860
   1.932
   2.011
   2.092
   2.167
   2.234
   2.282
   2.304
   2.312
   2.299
   2.248
   2.169
   2.063
   1.932
   1.796
   1.683
   1.588
   1.518
   1.439
   1.335
   1.239
   1.177
   1.146
   1.132
   1.134
   1.150
   1.180
   1.221
   1.279
   1.353
   1.436
   1.527
   1.626
   1.732
   1.840
   1.943
   2.021
   0.000
   0.000
   0.630
   0.717
   0.763
   0.818
   0.868
   0.914
   0.954
   0.987
   1.024
   1.061
   1.100
   1.144
   1.199
   1.268
   1.333
   1.368
   1.388
   1.403
   1.426
   1.453
   1.484
   1.526
   1.562
   1.591
   1.615
   1.636
   1.658
   1.694
   1.733
   1.789
   1.844
   1.911
   1.985
   2.059
   2.126
   2.186
   2.230
   2.253
   2.266
   2.263
   2.226
   2.167
   2.077
   1.955
   1.811
   1.691
   1.582
   1.504
   1.398
   1.279
   1.203
   1.146
   1.102
   1.072
   1.062
   1.069
   1.105
   1.159
   1.232
   1.322
   1.418
   1.519
   1.629
   1.743
   1.856
   1.957
   2.028
   0.000
 -65.534
 -65.534
   0.631
   0.703
   0.742
   0.792
   0.840
   0.886
   0.924
   0.960
   0.995
   1.029
   1.064
   1.101
   1.136
   1.177
   1.214
   1.266
   1.316
   1.356
   1.381
   1.405
   1.435
   1.470
   1.504
   1.546
   1.578
   1.613
   1.653
   1.709
   1.764
   1.816
   1.879
   1.947
   2.013
   2.063
   2.113
   2.147
   2.170
   2.189
   2.188
   2.165
   2.125
   2.056
   1.962
   1.840
   1.713
   1.606
   1.502
   1.425
   1.305
   1.187
   1.119
   1.063
   1.024
   1.003
   1.007
   1.045
   1.113
   1.203
   1.304
   1.413
   1.531
   1.652
   1.772
   1.883
   1.982
   2.046
   0.000
 -65.534
 -65.534
 -65.534
   0.604
   0.663
   0.710
   0.761
   0.808
   0.849
   0.886
   0.921
   0.951
   0.978
   1.010
   1.039
   1.070
   1.095
   1.124
   1.155
   1.193
   1.239
   1.293
   1.346
   1.395
   1.430
   1.465
   1.508
   1.559
   1.605
   1.654
   1.712
   1.772
   1.832
   1.884
   1.922
   1.986
   2.030
   2.054
   2.073
   2.088
   2.091
   2.078
   2.048
   1.999
   1.928
   1.834
   1.736
   1.630
   1.532
   1.430
   1.354
   1.233
   1.113
   1.042
   0.989
   0.966
   0.975
   1.016
   1.090
   1.189
   1.304
   1.424
   1.546
   1.673
   1.795
   1.906
   2.006
   2.063
   0.000
 -65.534
 -65.534
 -65.534
 -65.534
   0.558
   0.629
   0.679
   0.722
   0.763
   0.800
   0.835
   0.864
   0.890
   0.916
   0.944
   0.969
   0.994
   1.019
   1.043
   1.071
   1.098
   1.132
   1.176
   1.226
   1.296
   1.379
   1.438
   1.480
   1.528
   1.584
   1.635
   1.685
   1.734
   1.779
   1.819
   1.867
   1.901
   1.943
   1.962
   1.975
   1.981
   1.971
   1.945
   1.903
   1.845
   1.778
   1.704
   1.619
   1.522
   1.435
   1.352
   1.278
   1.178
   1.061
   0.996
   0.970
   0.980
   1.025
   1.104
   1.210
   1.326
   1.445
   1.567
   1.691
   1.809
   1.923
   2.023
   2.074
   0.000
 -65.534
 -65.534
 -65.534
 -65.534
   0.487
   0.554
   0.599
   0.635
   0.670
   0.705
   0.740
   0.771
   0.799
   0.825
   0.849
   0.871
   0.893
   0.914
   0.935
   0.957
   0.985
   1.015
   1.050
   1.092
   1.139
   1.191
   1.255
   1.341
   1.431
   1.479
   1.521
   1.564
   1.609
   1.659
   1.697
   1.730
   1.760
   1.789
   1.795
   1.815
   1.829
   1.816
   1.792
   1.753
   1.703
   1.654
   1.602
   1.542
   1.468
   1.404
   1.343
   1.275
   1.223
   1.178
   1.111
   1.057
   1.055
   1.096
   1.171
   1.269
   1.378
   1.488
   1.599
   1.712
   1.819
   1.927
   2.025
   2.072
   0.000
 -65.534
 -65.534
 -65.534
 -65.534
   0.440
   0.497
   0.533
   0.561
   0.586
   0.619
   0.652
   0.682
   0.710
   0.737
   0.762
   0.782
   0.795
   0.811
   0.829
   0.847
   0.867
   0.894
   0.928
   0.965
   1.006
   1.053
   1.104
   1.153
   1.203
   1.258
   1.319
   1.403
   1.475
   1.516
   1.547
   1.573
   1.598
   1.614
   1.624
   1.626
   1.623
   1.606
   1.592
   1.559
   1.519
   1.481
   1.442
   1.407
   1.373
   1.341
   1.307
   1.272
   1.239
   1.216
   1.210
   1.219
   1.237
   1.264
   1.300
   1.377
   1.466
   1.559
   1.653
   1.743
   1.836
   1.931
   2.019
   2.055
   0.000
 -65.534
 -65.534
 -65.534
 -65.534
   0.407
   0.452
   0.483
   0.506
   0.527
   0.549
   0.577
   0.605
   0.629
   0.656
   0.678
   0.694
   0.707
   0.720
   0.731
   0.745
   0.759
   0.781
   0.805
   0.839
   0.876
   0.918
   0.963
   1.009
   1.058
   1.105
   1.146
   1.184
   1.223
   1.264
   1.310
   1.372
   1.415
   1.435
   1.437
   1.426
   1.408
   1.387
   1.369
   1.343
   1.317
   1.298
   1.275
   1.255
   1.245
   1.239
   1.236
   1.231
   1.231
   1.234
   1.245
   1.270
   1.316
   1.381
   1.462
   1.547
   1.621
   1.684
   1.739
   1.805
   1.874
   1.951
   2.023
   2.037
   0.000
 -65.534
 -65.534
 -65.534
 -65.534
 -65.534
 -65.534
 -65.534
 -65.534
   0.457
   0.495
   0.518
   0.538
   0.559
   0.582
   0.600
   0.613
   0.626
   0.638
   0.651
   0.662
   0.670
   0.682
   0.698
   0.724
   0.757
   0.794
   0.835
   0.876
   0.920
   0.961
   0.998
   1.029
   1.056
   1.081
   1.102
   1.121
   1.137
   1.146
   1.141
   1.129
   1.120
   1.111
   1.103
   1.116
   1.133
   1.137
   1.133
   1.125
   1.129
   1.139
   1.156
   1.175
   1.198
   1.221
   1.256
   1.299
   1.357
   1.429
   1.520
   1.618
   1.712
   1.792
   1.849
   1.899
   1.951
   2.008
   2.053
   2.040
   0.000
 -65.534
 -65.534
 -65.534
 -65.534
 -65.534
 -65.534
   0.254
   0.320
   0.423
   0.455
   0.474
   0.489
   0.507
   0.524
   0.538
   0.550
   0.563
   0.576
   0.587
   0.594
   0.601
   0.606
   0.616
   0.631
   0.652
   0.686
   0.721
   0.759
   0.797
   0.834
   0.865
   0.887
   0.906
   0.920
   0.931
   0.941
   0.951
   0.952
   0.950
   0.943
   0.934
   0.926
   0.919
   0.916
   0.922
   0.921
   0.925
   0.940
   0.975
   1.016
   1.064
   1.110
   1.152
   1.195
   1.244
   1.299
   1.367
   1.450
   1.544
   1.639
   1.729
   1.805
   1.864
   1.915
   1.975
   2.037
   2.094
   2.059
   0.000
 -65.534
 -65.534
 -65.534
 -65.534
 -65.534
 -65.534
 -65.534
 -65.534
 -65.534
   0.411
   0.433
   0.450
   0.464
   0.477
   0.488
   0.508
   0.524
   0.539
   0.547
   0.547
   0.547
   0.548
   0.554
   0.568
   0.587
   0.610
   0.634
   0.666
   0.695
   0.722
   0.744
   0.762
   0.775
   0.783
   0.787
   0.790
   0.791
   0.792
   0.788
   0.788
   0.786
   0.789
   0.791
   0.796
   0.803
   0.809
   0.815
   0.828
   0.846
   0.880
   0.926
   0.984
   1.041
   1.101
   1.162
   1.225
   1.295
   1.379
   1.481
   1.574
   1.666
   1.743
   1.811
   1.866
   1.925
   1.992
   2.056
   2.021
   0.000
 -65.534
 -65.534
 -65.534
 -65.534
 -65.534
 -65.534
 -65.534
 -65.534
 -65.534
 -65.534
 -65.534
 -65.534
 -65.534
 -65.534
 -65.534
   0.462
   0.497
   0.512
   0.514
   0.507
   0.511
   0.514
   0.520
   0.531
   0.547
   0.566
   0.585
   0.602
   0.621
   0.638
   0.652
   0.661
   0.666
   0.669
   0.668
   0.666
   0.663
   0.660
   0.668
   0.671
   0.676
   0.685
   0.693
   0.706
   0.722
   0.738
   0.755
   0.775
   0.803
   0.840
   0.885
   0.942
   1.004
   1.066
   1.134
   1.199
   1.264
   1.337
   1.409
   1.479
   1.546
   1.615
   1.682
   1.746
   1.807
   1.878
   1.952
   1.925
   0.000
 -65.534
 -65.534
 -65.534
 -65.534
 -65.534
 -65.534
 -65.534
 -65.534
 -65.534
 -65.534
 -65.534
 -65.534
 -65.534
 -65.534
 -65.534
 -65.534
 -65.534
 -65.534
 -65.534
   0.452
   0.482
   0.498
   0.510
   0.525
   0.539
   0.552
   0.565
   0.575
   0.582
   0.585
   0.589
   0.590
   0.589
   0.587
   0.585
   0.582
   0.580
   0.578
   0.581
   0.592
   0.606
   0.619
   0.636
   0.655
   0.676
   0.700
   0.725
   0.757
   0.793
   0.832
   0.878
   0.934
   0.996
   1.060
   1.129
   1.194
   1.255
   1.316
   1.374
   1.425
   1.478
   1.538
   1.597
   1.655
   1.713
   1.779
   1.849
   1.803
   0.000
 -65.534
 -65.534
 -65.534
 -65.534
 -65.534
 -65.534
 -65.534
 -65.534
 -65.534
 -65.534
 -65.534
 -65.534
 -65.534
 -65.534
 -65.534
 -65.534
 -65.534
 -65.534
   0.349
   0.467
   0.488
   0.505
   0.522
   0.542
   0.557
   0.567
   0.573
   0.576
   0.575
   0.570
   0.562
   0.556
   0.550
   0.545
   0.542
   0.543
   0.544
   0.545
   0.550
   0.563
   0.580
   0.602
   0.624
   0.648
   0.670
   0.693
   0.720
   0.754
   0.796
   0.843
   0.895
   0.951
   1.009
   1.070
   1.126
   1.184
   1.240
   1.294
   1.341
   1.381
   1.422
   1.475
   1.523
   1.574
   1.624
   1.678
   1.733
   1.666
   0.000
 -65.534
 -65.534
 -65.534
 -65.534
 -65.534
 -65.534
 -65.534
 -65.534
 -65.534
 -65.534
 -65.534
 -65.534
 -65.534
 -65.534
 -65.534
 -65.534
 -65.534
   0.355
   0.459
   0.496
   0.513
   0.528
   0.549
   0.572
   0.589
   0.597
   0.600
   0.598
   0.592
   0.583
   0.571
   0.558
   0.550
   0.541
   0.537
   0.538
   0.538
   0.542
   0.552
   0.566
   0.590
   0.618
   0.648
   0.679
   0.704
   0.722
   0.743
   0.774
   0.817
   0.864
   0.918
   0.973
   1.023
   1.075
   1.125
   1.180
   1.231
   1.278
   1.313
   1.342
   1.375
   1.412
   1.452
   1.494
   1.535
   1.576
   1.614
   1.528
   0.000
 -65.534
 -65.534
 -65.534
 -65.534
 -65.534
 -65.534
 -65.534
 -65.534
 -65.534
 -65.534
 -65.534
 -65.534
 -65.534
 -65.534
 -65.534
 -65.534
 -65.534
   0.464
   0.507
   0.525
   0.540
   0.556
   0.577
   0.603
   0.620
   0.630
   0.632
   0.629
   0.622
   0.613
   0.601
   0.586
   0.574
   0.564
   0.554
   0.552
   0.554
   0.557
   0.565
   0.583
   0.610
   0.645
   0.685
   0.725
   0.754
   0.772
   0.787
   0.812
   0.848
   0.893
   0.940
   0.982
   1.023
   1.066
   1.107
   1.152
   1.202
   1.246
   1.275
   1.298
   1.324
   1.355
   1.383
   1.411
   1.439
   1.469
   1.488
   1.384
   0.000
 -65.534
 -65.534
 -65.534
 -65.534
 -65.534
 -65.534
 -65.534
 -65.534
 -65.534
 -65.534
 -65.534
 -65.534
 -65.534
 -65.534
 -65.534
 -65.534
 -65.534
   0.516
   0.539
   0.552
   0.565
   0.583
   0.606
   0.630
   0.648
   0.657
   0.661
   0.658
   0.653
   0.647
   0.639
   0.622
   0.610
   0.598
   0.588
   0.582
   0.579
   0.580
   0.589
   0.607
   0.634
   0.671
   0.715
   0.758
   0.793
   0.813
   0.832
   0.856
   0.886
   0.926
   0.966
   1.000
   1.036
   1.069
   1.100
   1.132
   1.171
   1.208
   1.236
   1.256
   1.275
   1.297
   1.314
   1.330
   1.345
   1.357
   1.350
   1.233
   0.000
 -65.534
 -65.534
 -65.534
 -65.534
 -65.534
 -65.534
 -65.534
 -65.534
 -65.534
 -65.534
 -65.534
 -65.534
 -65.534
 -65.534
 -65.534
 -65.534
 -65.534
   0.564
   0.563
   0.579
   0.593
   0.613
   0.636
   0.658
   0.672
   0.682
   0.685
   0.686
   0.684
   0.682
   0.677
   0.664
   0.652
   0.642
   0.634
   0.627
   0.625
   0.626
   0.634
   0.649
   0.675
   0.710
   0.748
   0.786
   0.820
   0.848
   0.872
   0.896
   0.922
   0.954
   0.985
   1.016
   1.043
   1.065
   1.084
   1.105
   1.129
   1.160
   1.185
   1.205
   1.221
   1.233
   1.240
   1.245
   1.247
   1.239
   1.214
   1.080
   0.000
 -65.534
 -65.534
 -65.534
 -65.534
 -65.534
 -65.534
 -65.534
 -65.534
 -65.534
 -65.534
 -65.534
 -65.534
 -65.534
 -65.534
 -65.534
 -65.534
 -65.534
 -65.534
   0.592
   0.598
   0.621
   0.644
   0.665
   0.683
   0.693
   0.700
   0.704
   0.707
   0.709
   0.714
   0.716
   0.707
   0.700
   0.696
   0.693
   0.688
   0.686
   0.685
   0.694
   0.709
   0.731
   0.758
   0.789
   0.820
   0.849
   0.876
   0.904
   0.928
   0.955
   0.981
   1.008
   1.028
   1.047
   1.061
   1.069
   1.079
   1.097
   1.116
   1.135
   1.151
   1.163
   1.171
   1.169
   1.163
   1.150
   1.122
   1.077
   0.929
   0.000
 -65.534
 -65.534
 -65.534
 -65.534
 -65.534
 -65.534
 -65.534
 -65.534
 -65.534
 -65.534
 -65.534
 -65.534
 -65.534
 -65.534
 -65.534
 -65.534
 -65.534
 -65.534
 -65.534
   0.619
   0.639
   0.667
   0.688
   0.700
   0.707
   0.711
   0.714
   0.718
   0.726
   0.737
   0.745
   0.748
   0.748
   0.751
   0.760
   0.772
   0.795
   0.798
   0.801
   0.809
   0.797
   0.810
   0.825
   0.847
   0.874
   0.901
   0.927
   0.951
   0.974
   0.996
   1.023
   1.039
   1.055
   1.065
   1.071
   1.075
   1.080
   1.092
   1.104
   1.113
   1.118
   1.113
   1.102
   1.079
   1.051
   1.007
   0.939
   0.774
   0.000
 -65.534
 -65.534
 -65.534
 -65.534
 -65.534
 -65.534
 -65.534
 -65.534
 -65.534
 -65.534
 -65.534
 -65.534
 -65.534
 -65.534
 -65.534
 -65.534
 -65.534
 -65.534
 -65.534
 -65.534
   0.660
   0.692
   0.714
   0.723
   0.722
   0.724
   0.726
   0.730
   0.737
   0.751
   0.761
   0.768
   0.764
   0.749
   0.722
   0.633
 -65.534
 -65.534
 -65.534
 -65.534
   0.819
   0.848
   0.854
   0.876
   0.903
   0.934
   0.957
   0.978
   0.994
   1.010
   1.026
   1.038
   1.048
   1.055
   1.057
   1.060
   1.061
   1.066
   1.067
   1.071
   1.067
   1.055
   1.032
   0.995
   0.947
   0.883
   0.801
   0.623
   0.000
 -65.534
 -65.534
 -65.534
 -65.534
 -65.534
 -65.534
 -65.534
 -65.534
 -65.534
 -65.534
 -65.534
 -65.534
 -65.534
 -65.534
 -65.534
 -65.534
 -65.534
 -65.534
 -65.534
 -65.534
 -65.534
 -65.534
 -65.534
 -65.534
   0.695
   0.720
   0.731
   0.738
   0.747
   0.758
   0.766
   0.768
   0.757
   0.731
   0.681
   0.580
 -65.534
 -65.534
 -65.534
 -65.534
 -65.534
 -65.534
   0.870
   0.900
   0.936
   0.969
   0.989
   1.002
   1.013
   1.015
   1.019
   1.024
   1.027
   1.026
   1.029
   1.026
   1.019
   1.015
   1.011
   1.006
   0.996
   0.977
   0.941
   0.893
   0.831
   0.753
   0.651
   0.472
   0.000
 -65.534
 -65.534
 -65.534
 -65.534
 -65.534
 -65.534
 -65.534
 -65.534
 -65.534
 -65.534
 -65.534
 -65.534
 -65.534
 -65.534
 -65.534
 -65.534
 -65.534
 -65.534
 -65.534
 -65.534
 -65.534
 -65.534
 -65.534
 -65.534
   0.680
   0.710
   0.726
   0.740
   0.755
   0.757
   0.759
   0.756
   0.739
   0.713
   0.672
   0.593
 -65.534
 -65.534
 -65.534
 -65.534
 -65.534
 -65.534
 -65.534
   0.909
   0.968
   1.006
   1.020
   1.029
   1.031
   1.027
   1.023
   1.018
   1.011
   1.003
   0.997
   0.986
   0.973
   0.960
   0.946
   0.929
   0.903
   0.870
   0.824
   0.764
   0.688
   0.601
   0.494
   0.319
   0.000
 -65.534
 -65.534
 -65.534
 -65.534
 -65.534
 -65.534
 -65.534
 -65.534
 -65.534
 -65.534
 -65.534
 -65.534
 -65.534
 -65.534
 -65.534
 -65.534
 -65.534
 -65.534
 -65.534
 -65.534
 -65.534
 -65.534
 -65.534
 -65.534
 -65.534
 -65.534
 -65.534
 -65.534
 -65.534
   0.703
   0.722
   0.724
   0.717
   0.703
   0.674
   0.605
   0.308
 -65.534
 -65.534
 -65.534
 -65.534
 -65.534
 -65.534
   0.833
   0.833
 -65.534
   0.944
   1.010
   1.026
   1.034
   1.029
   1.019
   0.998
   0.984
   0.970
   0.954
   0.937
   0.916
   0.884
   0.849
   0.806
   0.751
   0.687
   0.613
   0.527
   0.430
   0.319
   0.158
   0.000
 -65.534
 -65.534
 -65.534
 -65.534
 -65.534
 -65.534
 -65.534
 -65.534
 -65.534
 -65.534
 -65.534
 -65.534
 -65.534
 -65.534
 -65.534
 -65.534
 -65.534
 -65.534
 -65.534
 -65.534
 -65.534
 -65.534
 -65.534
 -65.534
 -65.534
 -65.534
 -65.534
 -65.534
 -65.534
 -65.534
 -65.534
 -65.534
   0.662
   0.682
   0.668
   0.605
   0.410
   0.254
 -65.534
 -65.534
 -65.534
 -65.534
 -65.534
 -65.534
 -65.534
 -65.534
 -65.534
 -65.534
 -65.534
   0.907
   0.974
   0.976
   0.989
   0.973
   0.950
   0.918
   0.894
   0.861
   0.816
   0.761
   0.695
   0.623
   0.541
   0.456
   0.366
   0.269
   0.161
   0.019
   0.000
 -65.534
 -65.534
 -65.534
 -65.534
 -65.534
 -65.534
 -65.534
 -65.534
 -65.534
 -65.534
 -65.534
 -65.534
 -65.534
 -65.534
 -65.534
 -65.534
 -65.534
 -65.534
 -65.534
 -65.534
 -65.534
 -65.534
 -65.534
 -65.534
 -65.534
 -65.534
 -65.534
 -65.534
 -65.534
 -65.534
 -65.534
 -65.534
   0.617
   0.639
   0.630
   0.572
   0.442
   0.320
   0.233
   0.192
 -65.534
 -65.534
 -65.534
 -65.534
 -65.534
 -65.534
 -65.534
 -65.534
 -65.534
 -65.534
 -65.534
 -65.534
   0.812
   0.867
   0.858
   0.851
   0.829
   0.788
   0.728
   0.655
   0.575
   0.489
   0.403
   0.311
   0.223
   0.137
   0.042
  -0.080
   0.000
 -65.534
 -65.534
 -65.534
 -65.534
 -65.534
 -65.534
 -65.534
 -65.534
 -65.534
 -65.534
 -65.534
 -65.534
 -65.534
 -65.534
 -65.534
 -65.534
 -65.534
 -65.534
 -65.534
 -65.534
 -65.534
 -65.534
 -65.534
 -65.534
 -65.534
 -65.534
 -65.534
 -65.534
 -65.534
 -65.534
 -65.534
 -65.534
 -65.534
 -65.534
 -65.534
 -65.534
   0.357
   0.312
   0.265
   0.227
   0.185
   0.159
   0.142
   0.124
   0.107
 -65.534
 -65.534
 -65.534
 -65.534
 -65.534
 -65.534
 -65.534
 -65.534
 -65.534
 -65.534
   0.663
   0.717
   0.690
   0.628
   0.543
   0.453
   0.365
   0.273
   0.186
   0.106
   0.030
  -0.054
  -0.153
   0.000
 -65.534
 -65.534
 -65.534
 -65.534
 -65.534
 -65.534
 -65.534
 -65.534
 -65.534
 -65.534
 -65.534
 -65.534
 -65.534
 -65.534
 -65.534
 -65.534
 -65.534
 -65.534
 -65.534
 -65.534
 -65.534
 -65.534
 -65.534
 -65.534
 -65.534
 -65.534
 -65.534
 -65.534
 -65.534
 -65.534
 -65.534
 -65.534
 -65.534
 -65.534
 -65.534
 -65.534
 -65.534
 -65.534
 -65.534
 -65.534
   0.152
 -65.534
 -65.534
 -65.534
 -65.534
 -65.534
 -65.534
 -65.534
 -65.534
 -65.534
 -65.534
 -65.534
 -65.534
 -65.534
 -65.534
   0.489
   0.553
   0.540
   0.486
   0.424
   0.341
   0.246
   0.154
   0.073
   0.000
  -0.063
  -0.131
  -0.213
   0.000
 -65.534
 -65.534
 -65.534
 -65.534
 -65.534
 -65.534
 -65.534
 -65.534
 -65.534
 -65.534
 -65.534
 -65.534
 -65.534
 -65.534
 -65.534
 -65.534
 -65.534
 -65.534
 -65.534
 -65.534
 -65.534
 -65.534
 -65.534
 -65.534
 -65.534
 -65.534
 -65.534
 -65.534
 -65.534
 -65.534
 -65.534
 -65.534
 -65.534
 -65.534
 -65.534
 -65.534
 -65.534
 -65.534
 -65.534
 -65.534
 -65.534
 -65.534
 -65.534
 -65.534
 -65.534
 -65.534
 -65.534
 -65.534
 -65.534
 -65.534
 -65.534
 -65.534
 -65.534
 -65.534
 -65.534
 -65.534
 -65.534
 -65.534
 -65.534
   0.301
   0.228
   0.137
   0.051
  -0.019
  -0.075
  -0.120
  -0.163
  -0.226
   0.000
 -65.534
 -65.534
 -65.534
 -65.534
 -65.534
 -65.534
 -65.534
 -65.534
 -65.534
 -65.534
 -65.534
 -65.534
 -65.534
 -65.534
 -65.534
 -65.534
 -65.534
 -65.534
 -65.534
 -65.534
 -65.534
 -65.534
 -65.534
 -65.534
 -65.534
 -65.534
 -65.534
 -65.534
 -65.534
 -65.534
 -65.534
 -65.534
 -65.534
 -65.534
 -65.534
 -65.534
 -65.534
 -65.534
 -65.534
 -65.534
 -65.534
 -65.534
 -65.534
 -65.534
 -65.534
 -65.534
 -65.534
 -65.534
 -65.534
 -65.534
 -65.534
 -65.534
 -65.534
 -65.534
 -65.534
 -65.534
 -65.534
 -65.534
 -65.534
 -65.534
 -65.534
   0.000
   0.000
   0.000
   0.000
   0.000
   0.000
   0.000
 -65.534
