 -65.534
   0.000
   0.000
   0.000
   0.000
   0.000
   0.000
   0.000
   0.000
   0.000
   0.000
   0.000
   0.000
   0.000
   0.000
   0.000
   0.000
   0.000
   0.000
   0.000
   0.000
   0.000
   0.000
   0.000
   0.000
   0.000
   0.000
   0.000
   0.000
   0.000
   0.000
   0.000
   0.000
   0.000
   0.000
   0.000
   0.000
   0.000
   0.000
   0.000
   0.000
   0.000
   0.000
   0.000
   0.000
   0.000
   0.000
   0.000
   0.000
   0.000
   0.000
   0.000
   0.000
   0.000
   0.000
   0.000
   0.000
   0.000
   0.000
   0.000
   0.000
   0.000
   0.000
   0.000
   0.000
   0.000
   0.000
   0.000
 -65.534
   0.000
   0.883
   0.951
   0.986
   1.028
   1.078
   1.133
   1.193
   1.251
   1.313
   1.372
   1.428
   1.485
   1.541
   1.588
   1.637
   1.675
   1.705
   1.719
   1.706
   1.670
   1.617
   1.564
   1.487
   1.507
   1.561
   1.593
   1.604
   1.596
   1.574
   1.550
   1.526
   1.494
   1.447
   1.430
   1.405
   1.385
   1.367
   1.350
   1.353
   1.367
   1.399
   1.442
   1.466
   1.474
   1.468
   1.453
   1.438
   1.428
   1.432
   1.448
   1.473
   1.507
   1.543
   1.585
   1.620
   1.651
   1.672
   1.689
   1.715
   1.743
   1.769
   1.798
   1.824
   1.847
   1.870
   1.894
   1.841
   0.000
   0.000
   0.976
   1.039
   1.059
   1.096
   1.139
   1.194
   1.260
   1.329
   1.400
   1.469
   1.533
   1.597
   1.655
   1.706
   1.749
   1.788
   1.816
   1.830
   1.821
   1.789
   1.740
   1.692
   1.633
   1.643
   1.677
   1.698
   1.706
   1.697
   1.672
   1.640
   1.607
   1.574
   1.532
   1.499
   1.470
   1.442
   1.417
   1.404
   1.406
   1.429
   1.469
   1.523
   1.573
   1.600
   1.608
   1.606
   1.607
   1.613
   1.628
   1.650
   1.679
   1.717
   1.757
   1.797
   1.833
   1.870
   1.906
   1.934
   1.962
   1.990
   2.020
   2.048
   2.081
   2.114
   2.143
   2.171
   2.127
   0.000
   0.000
   0.979
   1.042
   1.052
   1.087
   1.124
   1.171
   1.232
   1.299
   1.368
   1.439
   1.512
   1.580
   1.644
   1.694
   1.738
   1.773
   1.798
   1.809
   1.802
   1.777
   1.739
   1.702
   1.675
   1.671
   1.693
   1.710
   1.714
   1.700
   1.679
   1.651
   1.620
   1.585
   1.549
   1.514
   1.473
   1.443
   1.414
   1.395
   1.399
   1.423
   1.467
   1.527
   1.586
   1.631
   1.653
   1.664
   1.678
   1.701
   1.724
   1.751
   1.781
   1.813
   1.848
   1.881
   1.918
   1.957
   1.991
   2.022
   2.053
   2.082
   2.112
   2.143
   2.179
   2.217
   2.250
   2.283
   2.241
   0.000
   0.000
   0.987
   1.037
   1.045
   1.070
   1.106
   1.146
   1.194
   1.253
   1.319
   1.388
   1.460
   1.528
   1.593
   1.645
   1.687
   1.721
   1.742
   1.751
   1.747
   1.727
   1.699
   1.671
   1.669
   1.674
   1.692
   1.707
   1.721
   1.711
   1.691
   1.663
   1.629
   1.594
   1.561
   1.521
   1.479
   1.450
   1.415
   1.395
   1.397
   1.425
   1.471
   1.535
   1.602
   1.659
   1.702
   1.732
   1.763
   1.796
   1.826
   1.853
   1.880
   1.904
   1.928
   1.954
   1.983
   2.016
   2.052
   2.081
   2.112
   2.140
   2.174
   2.206
   2.245
   2.289
   2.328
   2.366
   2.326
   0.000
   0.000
   0.987
   1.028
   1.041
   1.058
   1.087
   1.124
   1.163
   1.212
   1.267
   1.328
   1.392
   1.457
   1.517
   1.568
   1.609
   1.637
   1.658
   1.664
   1.661
   1.650
   1.631
   1.621
   1.626
   1.658
   1.687
   1.695
   1.700
   1.696
   1.684
   1.664
   1.635
   1.603
   1.567
   1.529
   1.486
   1.448
   1.413
   1.395
   1.397
   1.429
   1.478
   1.547
   1.621
   1.690
   1.750
   1.800
   1.849
   1.897
   1.934
   1.959
   1.979
   1.995
   2.008
   2.022
   2.040
   2.066
   2.093
   2.119
   2.147
   2.179
   2.214
   2.253
   2.297
   2.342
   2.386
   2.427
   2.387
   0.000
   0.000
   0.995
   1.025
   1.030
   1.052
   1.070
   1.097
   1.135
   1.174
   1.218
   1.270
   1.324
   1.378
   1.432
   1.475
   1.509
   1.537
   1.554
   1.563
   1.566
   1.565
   1.561
   1.572
   1.596
   1.626
   1.640
   1.648
   1.658
   1.662
   1.662
   1.650
   1.629
   1.596
   1.563
   1.523
   1.481
   1.444
   1.414
   1.401
   1.405
   1.436
   1.488
   1.559
   1.640
   1.718
   1.788
   1.854
   1.919
   1.978
   2.022
   2.053
   2.073
   2.082
   2.085
   2.087
   2.093
   2.108
   2.125
   2.144
   2.170
   2.203
   2.239
   2.281
   2.327
   2.376
   2.422
   2.465
   2.428
   0.000
   0.000
   1.002
   1.026
   1.023
   1.035
   1.053
   1.073
   1.103
   1.137
   1.174
   1.215
   1.259
   1.306
   1.351
   1.385
   1.413
   1.440
   1.455
   1.469
   1.476
   1.481
   1.491
   1.507
   1.531
   1.558
   1.573
   1.587
   1.602
   1.613
   1.624
   1.623
   1.608
   1.582
   1.550
   1.510
   1.470
   1.435
   1.413
   1.408
   1.417
   1.449
   1.502
   1.570
   1.650
   1.730
   1.807
   1.885
   1.961
   2.029
   2.084
   2.120
   2.140
   2.148
   2.146
   2.139
   2.134
   2.136
   2.143
   2.156
   2.178
   2.209
   2.244
   2.286
   2.332
   2.382
   2.431
   2.475
   2.444
   0.000
   0.000
   0.996
   1.023
   1.018
   1.022
   1.035
   1.055
   1.076
   1.102
   1.133
   1.168
   1.205
   1.241
   1.276
   1.306
   1.330
   1.352
   1.372
   1.387
   1.400
   1.411
   1.424
   1.441
   1.459
   1.480
   1.495
   1.515
   1.535
   1.557
   1.573
   1.578
   1.570
   1.550
   1.522
   1.487
   1.449
   1.422
   1.409
   1.413
   1.428
   1.463
   1.515
   1.582
   1.659
   1.737
   1.815
   1.896
   1.979
   2.052
   2.111
   2.153
   2.178
   2.187
   2.184
   2.172
   2.159
   2.151
   2.148
   2.153
   2.170
   2.197
   2.232
   2.269
   2.317
   2.367
   2.415
   2.460
   2.434
   0.000
   0.000
   0.986
   1.011
   1.015
   1.018
   1.022
   1.031
   1.051
   1.072
   1.095
   1.126
   1.154
   1.186
   1.214
   1.237
   1.260
   1.281
   1.304
   1.325
   1.342
   1.358
   1.368
   1.381
   1.395
   1.408
   1.424
   1.442
   1.469
   1.494
   1.515
   1.526
   1.520
   1.503
   1.481
   1.453
   1.425
   1.408
   1.403
   1.413
   1.439
   1.478
   1.526
   1.588
   1.662
   1.736
   1.814
   1.891
   1.974
   2.051
   2.113
   2.158
   2.185
   2.198
   2.193
   2.176
   2.158
   2.141
   2.128
   2.125
   2.138
   2.164
   2.197
   2.235
   2.277
   2.329
   2.379
   2.424
   2.404
   0.000
   0.000
   0.974
   1.005
   1.009
   1.015
   1.016
   1.015
   1.024
   1.042
   1.064
   1.090
   1.116
   1.142
   1.166
   1.190
   1.212
   1.231
   1.256
   1.279
   1.297
   1.313
   1.323
   1.331
   1.340
   1.348
   1.360
   1.379
   1.403
   1.431
   1.454
   1.465
   1.463
   1.454
   1.435
   1.413
   1.398
   1.388
   1.391
   1.409
   1.440
   1.483
   1.533
   1.588
   1.649
   1.719
   1.792
   1.867
   1.946
   2.023
   2.091
   2.140
   2.167
   2.178
   2.172
   2.152
   2.126
   2.099
   2.076
   2.069
   2.082
   2.111
   2.143
   2.181
   2.224
   2.274
   2.327
   2.374
   2.361
   0.000
   0.000
   0.963
   0.999
   1.002
   1.009
   1.008
   1.010
   1.015
   1.025
   1.043
   1.066
   1.092
   1.115
   1.138
   1.158
   1.178
   1.200
   1.219
   1.238
   1.256
   1.270
   1.279
   1.284
   1.290
   1.297
   1.307
   1.320
   1.343
   1.369
   1.392
   1.406
   1.408
   1.404
   1.391
   1.374
   1.366
   1.366
   1.377
   1.399
   1.432
   1.476
   1.523
   1.571
   1.620
   1.675
   1.740
   1.813
   1.892
   1.974
   2.047
   2.102
   2.130
   2.139
   2.131
   2.106
   2.069
   2.030
   2.003
   1.997
   2.013
   2.044
   2.081
   2.121
   2.165
   2.216
   2.273
   2.324
   2.315
   0.000
   0.000
   0.917
   0.996
   1.001
   1.006
   1.005
   1.006
   1.010
   1.021
   1.036
   1.055
   1.075
   1.096
   1.117
   1.137
   1.155
   1.171
   1.189
   1.201
   1.214
   1.225
   1.231
   1.236
   1.241
   1.247
   1.257
   1.271
   1.292
   1.316
   1.339
   1.352
   1.361
   1.362
   1.353
   1.343
   1.338
   1.344
   1.356
   1.379
   1.413
   1.454
   1.494
   1.533
   1.571
   1.609
   1.662
   1.729
   1.810
   1.901
   1.984
   2.044
   2.077
   2.086
   2.073
   2.043
   1.996
   1.952
   1.924
   1.924
   1.946
   1.984
   2.024
   2.066
   2.116
   2.172
   2.232
   2.286
   2.279
   0.000
 -65.534
 -65.534
   0.920
   0.988
   0.991
   0.996
   1.003
   1.010
   1.020
   1.031
   1.044
   1.061
   1.075
   1.092
   1.108
   1.122
   1.136
   1.148
   1.157
   1.165
   1.173
   1.179
   1.183
   1.190
   1.199
   1.209
   1.222
   1.243
   1.270
   1.295
   1.316
   1.331
   1.336
   1.330
   1.320
   1.314
   1.317
   1.329
   1.351
   1.380
   1.412
   1.446
   1.476
   1.501
   1.527
   1.566
   1.625
   1.710
   1.807
   1.901
   1.968
   2.002
   2.010
   1.996
   1.964
   1.918
   1.875
   1.856
   1.862
   1.893
   1.932
   1.978
   2.028
   2.082
   2.145
   2.209
   2.265
   2.262
   0.000
 -65.534
 -65.534
 -65.534
   0.897
   0.966
   0.983
   1.001
   1.012
   1.018
   1.026
   1.034
   1.044
   1.052
   1.060
   1.070
   1.079
   1.087
   1.095
   1.101
   1.109
   1.117
   1.124
   1.132
   1.141
   1.148
   1.160
   1.178
   1.200
   1.228
   1.260
   1.289
   1.313
   1.323
   1.322
   1.309
   1.299
   1.296
   1.301
   1.313
   1.335
   1.360
   1.386
   1.405
   1.421
   1.439
   1.466
   1.517
   1.603
   1.711
   1.809
   1.879
   1.914
   1.922
   1.907
   1.878
   1.842
   1.810
   1.800
   1.815
   1.850
   1.898
   1.943
   1.994
   2.056
   2.124
   2.194
   2.254
   2.257
   0.000
 -65.534
 -65.534
 -65.534
 -65.534
   0.908
   0.958
   0.987
   1.004
   1.011
   1.016
   1.021
   1.023
   1.024
   1.023
   1.025
   1.029
   1.032
   1.037
   1.043
   1.050
   1.058
   1.068
   1.078
   1.087
   1.098
   1.110
   1.126
   1.150
   1.183
   1.220
   1.257
   1.293
   1.311
   1.314
   1.307
   1.291
   1.278
   1.275
   1.278
   1.288
   1.304
   1.323
   1.337
   1.346
   1.357
   1.379
   1.428
   1.516
   1.619
   1.711
   1.780
   1.819
   1.827
   1.818
   1.795
   1.772
   1.757
   1.761
   1.784
   1.827
   1.872
   1.917
   1.975
   2.039
   2.111
   2.186
   2.254
   2.261
   0.000
 -65.534
 -65.534
 -65.534
 -65.534
   0.859
   0.920
   0.951
   0.971
   0.983
   0.996
   1.005
   1.006
   1.001
   0.996
   0.991
   0.986
   0.985
   0.985
   0.988
   0.992
   1.001
   1.011
   1.020
   1.030
   1.040
   1.051
   1.066
   1.088
   1.123
   1.165
   1.212
   1.256
   1.286
   1.298
   1.298
   1.282
   1.263
   1.250
   1.249
   1.249
   1.256
   1.266
   1.274
   1.279
   1.288
   1.312
   1.369
   1.452
   1.540
   1.622
   1.684
   1.724
   1.738
   1.734
   1.722
   1.713
   1.715
   1.731
   1.761
   1.807
   1.857
   1.905
   1.960
   2.026
   2.100
   2.178
   2.254
   2.266
   0.000
 -65.534
 -65.534
 -65.534
 -65.534
   0.805
   0.869
   0.903
   0.924
   0.940
   0.959
   0.975
   0.983
   0.983
   0.976
   0.966
   0.955
   0.946
   0.943
   0.944
   0.949
   0.954
   0.958
   0.964
   0.971
   0.976
   0.982
   0.997
   1.020
   1.054
   1.099
   1.149
   1.202
   1.244
   1.267
   1.274
   1.265
   1.247
   1.228
   1.222
   1.223
   1.215
   1.217
   1.222
   1.226
   1.232
   1.259
   1.313
   1.389
   1.467
   1.537
   1.594
   1.637
   1.658
   1.663
   1.664
   1.666
   1.678
   1.704
   1.745
   1.794
   1.850
   1.904
   1.957
   2.021
   2.091
   2.168
   2.243
   2.259
   0.000
 -65.534
 -65.534
 -65.534
 -65.534
   0.716
   0.770
   0.807
   0.838
   0.880
   0.898
   0.922
   0.938
   0.947
   0.950
   0.941
   0.929
   0.919
   0.916
   0.917
   0.917
   0.917
   0.918
   0.918
   0.920
   0.919
   0.925
   0.938
   0.958
   0.987
   1.025
   1.075
   1.128
   1.179
   1.214
   1.229
   1.229
   1.217
   1.204
   1.194
   1.195
   1.200
   1.185
   1.187
   1.190
   1.196
   1.211
   1.252
   1.312
   1.377
   1.440
   1.496
   1.544
   1.580
   1.598
   1.611
   1.624
   1.648
   1.683
   1.732
   1.790
   1.852
   1.913
   1.970
   2.031
   2.094
   2.168
   2.236
   2.245
   0.000
 -65.534
 -65.534
 -65.534
 -65.534
 -65.534
 -65.534
 -65.534
 -65.534
   0.757
   0.811
   0.846
   0.873
   0.895
   0.906
   0.908
   0.904
   0.902
   0.900
   0.904
   0.907
   0.905
   0.897
   0.887
   0.881
   0.880
   0.883
   0.893
   0.910
   0.933
   0.963
   1.001
   1.048
   1.097
   1.138
   1.161
   1.171
   1.169
   1.165
   1.165
   1.169
   1.176
   1.179
   1.168
   1.170
   1.175
   1.173
   1.193
   1.232
   1.286
   1.344
   1.403
   1.457
   1.503
   1.536
   1.564
   1.590
   1.622
   1.665
   1.722
   1.789
   1.860
   1.929
   1.989
   2.044
   2.105
   2.173
   2.240
   2.239
   0.000
 -65.534
 -65.534
 -65.534
 -65.534
 -65.534
 -65.534
   0.461
   0.530
   0.664
   0.725
   0.763
   0.802
   0.833
   0.858
   0.873
   0.881
   0.889
   0.896
   0.905
   0.907
   0.904
   0.893
   0.881
   0.866
   0.852
   0.853
   0.863
   0.876
   0.895
   0.918
   0.946
   0.977
   1.015
   1.049
   1.075
   1.091
   1.103
   1.111
   1.124
   1.138
   1.150
   1.156
   1.146
   1.145
   1.153
   1.152
   1.152
   1.171
   1.210
   1.263
   1.324
   1.386
   1.441
   1.488
   1.527
   1.563
   1.604
   1.654
   1.716
   1.786
   1.863
   1.938
   2.004
   2.061
   2.121
   2.185
   2.250
   2.233
   0.000
 -65.534
 -65.534
 -65.534
 -65.534
 -65.534
 -65.534
 -65.534
 -65.534
 -65.534
   0.633
   0.673
   0.712
   0.745
   0.777
   0.813
   0.851
   0.872
   0.892
   0.908
   0.914
   0.911
   0.901
   0.890
   0.880
   0.867
   0.855
   0.850
   0.863
   0.874
   0.885
   0.901
   0.927
   0.952
   0.977
   0.998
   1.017
   1.036
   1.056
   1.080
   1.100
   1.118
   1.130
   1.127
   1.129
   1.132
   1.136
   1.139
   1.145
   1.168
   1.211
   1.270
   1.334
   1.397
   1.456
   1.504
   1.551
   1.597
   1.649
   1.711
   1.783
   1.864
   1.942
   2.015
   2.076
   2.135
   2.198
   2.258
   2.219
   0.000
 -65.534
 -65.534
 -65.534
 -65.534
 -65.534
 -65.534
 -65.534
 -65.534
 -65.534
 -65.534
 -65.534
 -65.534
 -65.534
 -65.534
 -65.534
   0.718
   0.784
   0.828
   0.869
   0.912
   0.921
   0.923
   0.922
   0.920
   0.910
   0.895
   0.881
   0.871
   0.871
   0.880
   0.886
   0.892
   0.903
   0.920
   0.936
   0.955
   0.978
   1.008
   1.047
   1.072
   1.091
   1.109
   1.113
   1.117
   1.124
   1.132
   1.139
   1.151
   1.164
   1.190
   1.236
   1.297
   1.363
   1.428
   1.486
   1.540
   1.592
   1.649
   1.712
   1.782
   1.862
   1.943
   2.018
   2.082
   2.141
   2.195
   2.248
   2.188
   0.000
 -65.534
 -65.534
 -65.534
 -65.534
 -65.534
 -65.534
 -65.534
 -65.534
 -65.534
 -65.534
 -65.534
 -65.534
 -65.534
 -65.534
 -65.534
 -65.534
 -65.534
 -65.534
 -65.534
   0.839
   0.917
   0.948
   0.969
   0.980
   0.978
   0.961
   0.941
   0.922
   0.907
   0.891
   0.882
   0.884
   0.880
   0.879
   0.889
   0.905
   0.931
   0.973
   1.005
   1.035
   1.063
   1.084
   1.101
   1.117
   1.132
   1.147
   1.159
   1.165
   1.177
   1.196
   1.228
   1.278
   1.340
   1.404
   1.465
   1.523
   1.580
   1.637
   1.702
   1.773
   1.850
   1.932
   2.006
   2.072
   2.124
   2.172
   2.216
   2.140
   0.000
 -65.534
 -65.534
 -65.534
 -65.534
 -65.534
 -65.534
 -65.534
 -65.534
 -65.534
 -65.534
 -65.534
 -65.534
 -65.534
 -65.534
 -65.534
 -65.534
 -65.534
 -65.534
   0.669
   0.879
   0.949
   0.991
   1.026
   1.048
   1.051
   1.038
   1.015
   0.991
   0.966
   0.943
   0.916
   0.895
   0.877
   0.873
   0.881
   0.894
   0.913
   0.937
   0.969
   1.004
   1.041
   1.071
   1.093
   1.115
   1.130
   1.144
   1.155
   1.167
   1.183
   1.207
   1.240
   1.285
   1.340
   1.395
   1.449
   1.501
   1.556
   1.615
   1.677
   1.745
   1.820
   1.899
   1.972
   2.036
   2.089
   2.131
   2.167
   2.081
   0.000
 -65.534
 -65.534
 -65.534
 -65.534
 -65.534
 -65.534
 -65.534
 -65.534
 -65.534
 -65.534
 -65.534
 -65.534
 -65.534
 -65.534
 -65.534
 -65.534
 -65.534
   0.686
   0.864
   0.966
   1.014
   1.055
   1.091
   1.116
   1.124
   1.112
   1.093
   1.065
   1.040
   1.010
   0.979
   0.945
   0.917
   0.893
   0.881
   0.883
   0.897
   0.918
   0.945
   0.980
   1.019
   1.060
   1.095
   1.127
   1.150
   1.164
   1.172
   1.182
   1.197
   1.221
   1.255
   1.298
   1.344
   1.391
   1.437
   1.485
   1.533
   1.586
   1.644
   1.711
   1.779
   1.851
   1.919
   1.981
   2.030
   2.075
   2.109
   2.020
   0.000
 -65.534
 -65.534
 -65.534
 -65.534
 -65.534
 -65.534
 -65.534
 -65.534
 -65.534
 -65.534
 -65.534
 -65.534
 -65.534
 -65.534
 -65.534
 -65.534
 -65.534
   0.858
   0.980
   1.045
   1.088
   1.122
   1.164
   1.187
   1.188
   1.177
   1.157
   1.131
   1.105
   1.079
   1.049
   1.008
   0.969
   0.937
   0.913
   0.902
   0.903
   0.913
   0.935
   0.966
   1.003
   1.049
   1.096
   1.140
   1.173
   1.190
   1.197
   1.204
   1.219
   1.240
   1.268
   1.305
   1.346
   1.386
   1.425
   1.465
   1.505
   1.554
   1.606
   1.665
   1.729
   1.796
   1.860
   1.915
   1.963
   2.004
   2.039
   1.958
   0.000
 -65.534
 -65.534
 -65.534
 -65.534
 -65.534
 -65.534
 -65.534
 -65.534
 -65.534
 -65.534
 -65.534
 -65.534
 -65.534
 -65.534
 -65.534
 -65.534
 -65.534
   0.936
   1.034
   1.090
   1.132
   1.175
   1.221
   1.249
   1.245
   1.225
   1.199
   1.172
   1.146
   1.122
   1.093
   1.052
   1.013
   0.975
   0.941
   0.921
   0.912
   0.916
   0.934
   0.961
   0.999
   1.046
   1.098
   1.144
   1.179
   1.201
   1.208
   1.217
   1.231
   1.248
   1.273
   1.307
   1.343
   1.381
   1.416
   1.450
   1.486
   1.528
   1.575
   1.627
   1.681
   1.737
   1.792
   1.841
   1.894
   1.933
   1.965
   1.890
   0.000
 -65.534
 -65.534
 -65.534
 -65.534
 -65.534
 -65.534
 -65.534
 -65.534
 -65.534
 -65.534
 -65.534
 -65.534
 -65.534
 -65.534
 -65.534
 -65.534
 -65.534
   0.951
   1.044
   1.101
   1.150
   1.204
   1.260
   1.293
   1.284
   1.254
   1.224
   1.190
   1.160
   1.137
   1.111
   1.075
   1.040
   1.005
   0.970
   0.947
   0.933
   0.931
   0.946
   0.975
   1.013
   1.060
   1.105
   1.147
   1.181
   1.201
   1.212
   1.223
   1.235
   1.250
   1.272
   1.302
   1.338
   1.372
   1.407
   1.439
   1.472
   1.509
   1.548
   1.592
   1.638
   1.683
   1.726
   1.768
   1.812
   1.848
   1.879
   1.804
   0.000
 -65.534
 -65.534
 -65.534
 -65.534
 -65.534
 -65.534
 -65.534
 -65.534
 -65.534
 -65.534
 -65.534
 -65.534
 -65.534
 -65.534
 -65.534
 -65.534
 -65.534
 -65.534
   1.004
   1.086
   1.148
   1.213
   1.268
   1.296
   1.287
   1.252
   1.219
   1.184
   1.155
   1.137
   1.121
   1.093
   1.063
   1.032
   1.002
   0.978
   0.963
   0.959
   0.974
   1.003
   1.041
   1.082
   1.123
   1.158
   1.189
   1.209
   1.221
   1.231
   1.242
   1.254
   1.275
   1.301
   1.333
   1.365
   1.397
   1.428
   1.458
   1.491
   1.526
   1.563
   1.601
   1.637
   1.671
   1.702
   1.732
   1.758
   1.777
   1.695
   0.000
 -65.534
 -65.534
 -65.534
 -65.534
 -65.534
 -65.534
 -65.534
 -65.534
 -65.534
 -65.534
 -65.534
 -65.534
 -65.534
 -65.534
 -65.534
 -65.534
 -65.534
 -65.534
 -65.534
   1.023
   1.118
   1.187
   1.237
   1.258
   1.245
   1.218
   1.189
   1.161
   1.141
   1.135
   1.130
   1.111
   1.088
   1.062
   1.045
   1.034
   1.022
   1.016
   1.029
   1.051
   1.072
   1.101
   1.132
   1.168
   1.203
   1.227
   1.243
   1.251
   1.260
   1.272
   1.289
   1.311
   1.335
   1.360
   1.387
   1.414
   1.443
   1.472
   1.503
   1.537
   1.567
   1.597
   1.619
   1.637
   1.652
   1.660
   1.661
   1.563
   0.000
 -65.534
 -65.534
 -65.534
 -65.534
 -65.534
 -65.534
 -65.534
 -65.534
 -65.534
 -65.534
 -65.534
 -65.534
 -65.534
 -65.534
 -65.534
 -65.534
 -65.534
 -65.534
 -65.534
 -65.534
   1.039
   1.113
   1.167
   1.186
   1.189
   1.171
   1.152
   1.138
   1.132
   1.136
   1.138
   1.128
   1.101
   1.072
   1.037
   0.964
 -65.534
 -65.534
 -65.534
 -65.534
   0.959
   1.043
   1.107
   1.159
   1.214
   1.252
   1.274
   1.285
   1.293
   1.302
   1.313
   1.326
   1.341
   1.358
   1.377
   1.399
   1.423
   1.451
   1.480
   1.507
   1.532
   1.550
   1.561
   1.566
   1.565
   1.556
   1.540
   1.428
   0.000
 -65.534
 -65.534
 -65.534
 -65.534
 -65.534
 -65.534
 -65.534
 -65.534
 -65.534
 -65.534
 -65.534
 -65.534
 -65.534
 -65.534
 -65.534
 -65.534
 -65.534
 -65.534
 -65.534
 -65.534
 -65.534
 -65.534
 -65.534
 -65.534
   1.092
   1.119
   1.124
   1.125
   1.130
   1.141
   1.146
   1.138
   1.112
   1.077
   1.031
   0.934
 -65.534
 -65.534
 -65.534
 -65.534
 -65.534
 -65.534
   1.016
   1.132
   1.221
   1.278
   1.303
   1.318
   1.327
   1.332
   1.336
   1.340
   1.344
   1.351
   1.363
   1.380
   1.399
   1.421
   1.444
   1.464
   1.478
   1.485
   1.484
   1.475
   1.459
   1.437
   1.402
   1.287
   0.000
 -65.534
 -65.534
 -65.534
 -65.534
 -65.534
 -65.534
 -65.534
 -65.534
 -65.534
 -65.534
 -65.534
 -65.534
 -65.534
 -65.534
 -65.534
 -65.534
 -65.534
 -65.534
 -65.534
 -65.534
 -65.534
 -65.534
 -65.534
 -65.534
   0.994
   1.044
   1.065
   1.087
   1.114
   1.134
   1.138
   1.131
   1.109
   1.079
   1.036
   0.943
 -65.534
 -65.534
 -65.534
 -65.534
 -65.534
 -65.534
 -65.534
   1.081
   1.218
   1.287
   1.326
   1.341
   1.352
   1.352
   1.354
   1.351
   1.349
   1.347
   1.352
   1.363
   1.375
   1.389
   1.399
   1.409
   1.409
   1.404
   1.389
   1.366
   1.333
   1.296
   1.255
   1.138
   0.000
 -65.534
 -65.534
 -65.534
 -65.534
 -65.534
 -65.534
 -65.534
 -65.534
 -65.534
 -65.534
 -65.534
 -65.534
 -65.534
 -65.534
 -65.534
 -65.534
 -65.534
 -65.534
 -65.534
 -65.534
 -65.534
 -65.534
 -65.534
 -65.534
 -65.534
 -65.534
 -65.534
 -65.534
 -65.534
   1.039
   1.076
   1.086
   1.094
   1.079
   1.039
   0.949
   0.520
 -65.534
 -65.534
 -65.534
 -65.534
 -65.534
 -65.534
   0.995
   1.131
 -65.534
   1.182
   1.290
   1.330
   1.371
   1.379
   1.375
   1.359
   1.352
   1.350
   1.351
   1.356
   1.356
   1.354
   1.345
   1.332
   1.310
   1.278
   1.239
   1.192
   1.144
   1.094
   0.980
   0.000
 -65.534
 -65.534
 -65.534
 -65.534
 -65.534
 -65.534
 -65.534
 -65.534
 -65.534
 -65.534
 -65.534
 -65.534
 -65.534
 -65.534
 -65.534
 -65.534
 -65.534
 -65.534
 -65.534
 -65.534
 -65.534
 -65.534
 -65.534
 -65.534
 -65.534
 -65.534
 -65.534
 -65.534
 -65.534
 -65.534
 -65.534
 -65.534
   1.009
   1.054
   1.032
   0.944
   0.688
   0.436
 -65.534
 -65.534
 -65.534
 -65.534
 -65.534
 -65.534
 -65.534
 -65.534
 -65.534
 -65.534
 -65.534
   1.164
   1.297
   1.334
   1.368
   1.366
   1.355
   1.337
   1.324
   1.310
   1.294
   1.270
   1.242
   1.207
   1.161
   1.111
   1.058
   1.006
   0.952
   0.845
   0.000
 -65.534
 -65.534
 -65.534
 -65.534
 -65.534
 -65.534
 -65.534
 -65.534
 -65.534
 -65.534
 -65.534
 -65.534
 -65.534
 -65.534
 -65.534
 -65.534
 -65.534
 -65.534
 -65.534
 -65.534
 -65.534
 -65.534
 -65.534
 -65.534
 -65.534
 -65.534
 -65.534
 -65.534
 -65.534
 -65.534
 -65.534
 -65.534
   0.922
   0.979
   0.975
   0.901
   0.739
   0.565
   0.405
   0.306
 -65.534
 -65.534
 -65.534
 -65.534
 -65.534
 -65.534
 -65.534
 -65.534
 -65.534
 -65.534
 -65.534
 -65.534
   1.094
   1.222
   1.246
   1.268
   1.258
   1.234
   1.207
   1.177
   1.144
   1.102
   1.052
   0.996
   0.943
   0.890
   0.839
   0.738
   0.000
 -65.534
 -65.534
 -65.534
 -65.534
 -65.534
 -65.534
 -65.534
 -65.534
 -65.534
 -65.534
 -65.534
 -65.534
 -65.534
 -65.534
 -65.534
 -65.534
 -65.534
 -65.534
 -65.534
 -65.534
 -65.534
 -65.534
 -65.534
 -65.534
 -65.534
 -65.534
 -65.534
 -65.534
 -65.534
 -65.534
 -65.534
 -65.534
 -65.534
 -65.534
 -65.534
 -65.534
   0.609
   0.556
   0.474
   0.397
   0.312
   0.264
   0.235
   0.226
   0.228
 -65.534
 -65.534
 -65.534
 -65.534
 -65.534
 -65.534
 -65.534
 -65.534
 -65.534
 -65.534
   0.977
   1.106
   1.123
   1.106
   1.075
   1.042
   1.002
   0.954
   0.901
   0.850
   0.798
   0.744
   0.646
   0.000
 -65.534
 -65.534
 -65.534
 -65.534
 -65.534
 -65.534
 -65.534
 -65.534
 -65.534
 -65.534
 -65.534
 -65.534
 -65.534
 -65.534
 -65.534
 -65.534
 -65.534
 -65.534
 -65.534
 -65.534
 -65.534
 -65.534
 -65.534
 -65.534
 -65.534
 -65.534
 -65.534
 -65.534
 -65.534
 -65.534
 -65.534
 -65.534
 -65.534
 -65.534
 -65.534
 -65.534
 -65.534
 -65.534
 -65.534
 -65.534
   0.276
 -65.534
 -65.534
 -65.534
 -65.534
 -65.534
 -65.534
 -65.534
 -65.534
 -65.534
 -65.534
 -65.534
 -65.534
 -65.534
 -65.534
   0.725
   0.877
   0.928
   0.931
   0.944
   0.927
   0.884
   0.842
   0.797
   0.752
   0.707
   0.657
   0.557
   0.000
 -65.534
 -65.534
 -65.534
 -65.534
 -65.534
 -65.534
 -65.534
 -65.534
 -65.534
 -65.534
 -65.534
 -65.534
 -65.534
 -65.534
 -65.534
 -65.534
 -65.534
 -65.534
 -65.534
 -65.534
 -65.534
 -65.534
 -65.534
 -65.534
 -65.534
 -65.534
 -65.534
 -65.534
 -65.534
 -65.534
 -65.534
 -65.534
 -65.534
 -65.534
 -65.534
 -65.534
 -65.534
 -65.534
 -65.534
 -65.534
 -65.534
 -65.534
 -65.534
 -65.534
 -65.534
 -65.534
 -65.534
 -65.534
 -65.534
 -65.534
 -65.534
 -65.534
 -65.534
 -65.534
 -65.534
 -65.534
 -65.534
 -65.534
 -65.534
   0.649
   0.717
   0.715
   0.682
   0.648
   0.616
   0.581
   0.543
   0.454
   0.000
 -65.534
 -65.534
 -65.534
 -65.534
 -65.534
 -65.534
 -65.534
 -65.534
 -65.534
 -65.534
 -65.534
 -65.534
 -65.534
 -65.534
 -65.534
 -65.534
 -65.534
 -65.534
 -65.534
 -65.534
 -65.534
 -65.534
 -65.534
 -65.534
 -65.534
 -65.534
 -65.534
 -65.534
 -65.534
 -65.534
 -65.534
 -65.534
 -65.534
 -65.534
 -65.534
 -65.534
 -65.534
 -65.534
 -65.534
 -65.534
 -65.534
 -65.534
 -65.534
 -65.534
 -65.534
 -65.534
 -65.534
 -65.534
 -65.534
 -65.534
 -65.534
 -65.534
 -65.534
 -65.534
 -65.534
 -65.534
 -65.534
 -65.534
 -65.534
 -65.534
 -65.534
   0.000
   0.000
   0.000
   0.000
   0.000
   0.000
   0.000
 -65.534
