 -65.534
   0.000
   0.000
   0.000
   0.000
   0.000
   0.000
   0.000
   0.000
   0.000
   0.000
   0.000
   0.000
   0.000
   0.000
   0.000
   0.000
   0.000
   0.000
   0.000
   0.000
   0.000
   0.000
   0.000
   0.000
   0.000
   0.000
   0.000
   0.000
   0.000
   0.000
   0.000
   0.000
   0.000
   0.000
   0.000
   0.000
   0.000
   0.000
   0.000
   0.000
   0.000
   0.000
   0.000
   0.000
   0.000
   0.000
   0.000
   0.000
   0.000
   0.000
   0.000
   0.000
   0.000
   0.000
   0.000
   0.000
   0.000
   0.000
   0.000
   0.000
   0.000
   0.000
   0.000
   0.000
   0.000
   0.000
   0.000
 -65.534
   0.000
   0.610
   0.718
   0.820
   0.922
   1.018
   1.106
   1.176
   1.230
   1.272
   1.296
   1.298
   1.278
   1.238
   1.172
   1.088
   0.988
   0.882
   0.782
   0.700
   0.646
   0.620
   0.610
   0.612
   0.632
   0.660
   0.694
   0.730
   0.770
   0.814
   0.864
   0.912
   0.958
   0.990
   1.004
   1.002
   0.976
   0.914
   0.802
   0.648
   0.466
   0.260
   0.078
   0.026
   0.078
   0.220
   0.386
   0.542
   0.670
   0.766
   0.816
   0.822
   0.796
   0.754
   0.700
   0.640
   0.580
   0.524
   0.476
   0.434
   0.400
   0.366
   0.334
   0.306
   0.272
   0.238
   0.206
   0.174
   0.000
   0.000
   0.546
   0.656
   0.758
   0.860
   0.950
   1.034
   1.110
   1.178
   1.246
   1.302
   1.332
   1.344
   1.334
   1.296
   1.228
   1.142
   1.038
   0.934
   0.846
   0.780
   0.740
   0.720
   0.716
   0.728
   0.754
   0.790
   0.832
   0.880
   0.930
   0.990
   1.048
   1.100
   1.136
   1.148
   1.146
   1.122
   1.062
   0.956
   0.816
   0.638
   0.436
   0.234
   0.098
   0.126
   0.254
   0.426
   0.602
   0.754
   0.868
   0.928
   0.934
   0.902
   0.848
   0.778
   0.704
   0.630
   0.570
   0.520
   0.484
   0.452
   0.418
   0.384
   0.350
   0.310
   0.270
   0.232
   0.192
   0.000
   0.000
   0.474
   0.580
   0.678
   0.766
   0.846
   0.920
   0.994
   1.074
   1.156
   1.234
   1.294
   1.332
   1.342
   1.320
   1.272
   1.202
   1.118
   1.026
   0.944
   0.880
   0.836
   0.808
   0.798
   0.804
   0.828
   0.864
   0.906
   0.956
   1.016
   1.082
   1.144
   1.200
   1.238
   1.252
   1.250
   1.226
   1.172
   1.082
   0.958
   0.798
   0.602
   0.406
   0.248
   0.204
   0.294
   0.448
   0.618
   0.772
   0.886
   0.940
   0.942
   0.906
   0.846
   0.772
   0.696
   0.622
   0.562
   0.516
   0.486
   0.462
   0.434
   0.404
   0.370
   0.326
   0.280
   0.240
   0.198
   0.000
   0.000
   0.398
   0.498
   0.588
   0.662
   0.724
   0.782
   0.850
   0.932
   1.026
   1.118
   1.194
   1.248
   1.274
   1.272
   1.244
   1.200
   1.138
   1.068
   1.002
   0.946
   0.906
   0.880
   0.868
   0.870
   0.890
   0.918
   0.958
   1.010
   1.072
   1.138
   1.204
   1.262
   1.302
   1.318
   1.318
   1.298
   1.252
   1.176
   1.076
   0.940
   0.764
   0.574
   0.410
   0.324
   0.356
   0.476
   0.628
   0.768
   0.870
   0.914
   0.908
   0.868
   0.808
   0.738
   0.660
   0.586
   0.528
   0.486
   0.462
   0.444
   0.422
   0.396
   0.364
   0.320
   0.276
   0.236
   0.198
   0.000
   0.000
   0.314
   0.406
   0.488
   0.554
   0.604
   0.646
   0.698
   0.770
   0.864
   0.962
   1.050
   1.118
   1.162
   1.176
   1.170
   1.148
   1.112
   1.070
   1.022
   0.982
   0.952
   0.928
   0.918
   0.918
   0.932
   0.958
   0.992
   1.038
   1.094
   1.158
   1.222
   1.280
   1.322
   1.344
   1.350
   1.340
   1.308
   1.248
   1.170
   1.060
   0.910
   0.736
   0.574
   0.462
   0.438
   0.510
   0.628
   0.738
   0.810
   0.838
   0.820
   0.778
   0.728
   0.666
   0.592
   0.520
   0.464
   0.428
   0.408
   0.394
   0.378
   0.360
   0.334
   0.298
   0.258
   0.224
   0.190
   0.000
   0.000
   0.220
   0.298
   0.374
   0.438
   0.488
   0.524
   0.562
   0.620
   0.702
   0.798
   0.892
   0.970
   1.030
   1.064
   1.078
   1.078
   1.062
   1.040
   1.016
   0.992
   0.970
   0.956
   0.948
   0.948
   0.958
   0.978
   1.006
   1.044
   1.090
   1.142
   1.200
   1.256
   1.304
   1.336
   1.354
   1.360
   1.344
   1.304
   1.244
   1.156
   1.026
   0.880
   0.730
   0.604
   0.548
   0.560
   0.620
   0.682
   0.716
   0.716
   0.690
   0.654
   0.614
   0.560
   0.492
   0.424
   0.374
   0.346
   0.332
   0.322
   0.312
   0.300
   0.286
   0.260
   0.230
   0.204
   0.178
   0.000
   0.000
   0.144
   0.188
   0.252
   0.316
   0.370
   0.410
   0.448
   0.496
   0.566
   0.654
   0.746
   0.830
   0.900
   0.946
   0.974
   0.988
   0.994
   0.990
   0.982
   0.974
   0.968
   0.960
   0.956
   0.958
   0.966
   0.980
   0.998
   1.022
   1.056
   1.098
   1.148
   1.202
   1.254
   1.302
   1.338
   1.360
   1.364
   1.344
   1.302
   1.224
   1.114
   0.986
   0.856
   0.732
   0.654
   0.624
   0.624
   0.626
   0.614
   0.584
   0.544
   0.506
   0.472
   0.426
   0.364
   0.306
   0.268
   0.250
   0.242
   0.234
   0.228
   0.226
   0.224
   0.212
   0.194
   0.178
   0.162
   0.000
   0.000
   0.034
   0.110
   0.152
   0.194
   0.244
   0.294
   0.338
   0.390
   0.454
   0.534
   0.622
   0.706
   0.780
   0.834
   0.872
   0.898
   0.916
   0.928
   0.934
   0.940
   0.944
   0.946
   0.950
   0.954
   0.962
   0.970
   0.980
   0.992
   1.014
   1.046
   1.088
   1.140
   1.196
   1.256
   1.308
   1.350
   1.370
   1.370
   1.340
   1.274
   1.172
   1.058
   0.944
   0.826
   0.744
   0.692
   0.652
   0.608
   0.552
   0.490
   0.430
   0.378
   0.338
   0.294
   0.244
   0.202
   0.182
   0.176
   0.170
   0.162
   0.156
   0.156
   0.162
   0.162
   0.158
   0.152
   0.148
   0.000
   0.000
   0.008
   0.014
   0.028
   0.096
   0.148
   0.176
   0.220
   0.278
   0.348
   0.426
   0.512
   0.598
   0.672
   0.728
   0.768
   0.800
   0.828
   0.852
   0.870
   0.886
   0.902
   0.914
   0.926
   0.936
   0.944
   0.952
   0.958
   0.964
   0.978
   1.002
   1.038
   1.084
   1.142
   1.206
   1.270
   1.326
   1.362
   1.374
   1.360
   1.306
   1.212
   1.106
   0.990
   0.870
   0.778
   0.716
   0.664
   0.606
   0.540
   0.462
   0.378
   0.306
   0.254
   0.214
   0.184
   0.162
   0.152
   0.146
   0.140
   0.110
   0.082
   0.080
   0.094
   0.112
   0.124
   0.136
   0.142
   0.000
   0.000
   0.000
   0.002
   0.006
   0.012
   0.016
   0.056
   0.136
   0.174
   0.240
   0.324
   0.414
   0.498
   0.572
   0.626
   0.668
   0.704
   0.734
   0.760
   0.784
   0.810
   0.834
   0.858
   0.880
   0.898
   0.914
   0.926
   0.934
   0.942
   0.954
   0.972
   1.002
   1.042
   1.094
   1.154
   1.220
   1.282
   1.328
   1.350
   1.354
   1.314
   1.234
   1.134
   1.016
   0.884
   0.760
   0.680
   0.620
   0.574
   0.518
   0.450
   0.370
   0.294
   0.238
   0.200
   0.174
   0.156
   0.148
   0.138
   0.054
   0.026
   0.016
   0.016
   0.020
   0.026
   0.034
   0.046
   0.080
   0.000
   0.000
   0.000
   0.000
   0.000
   0.000
   0.004
   0.010
   0.018
   0.078
   0.152
   0.224
   0.314
   0.400
   0.472
   0.526
   0.568
   0.602
   0.634
   0.666
   0.696
   0.724
   0.752
   0.782
   0.812
   0.842
   0.870
   0.894
   0.914
   0.928
   0.944
   0.960
   0.982
   1.012
   1.054
   1.106
   1.166
   1.226
   1.276
   1.310
   1.324
   1.304
   1.246
   1.164
   1.052
   0.914
   0.764
   0.648
   0.566
   0.508
   0.464
   0.410
   0.338
   0.266
   0.214
   0.178
   0.154
   0.142
   0.068
   0.030
   0.010
   0.004
   0.002
   0.000
   0.000
   0.002
   0.002
   0.006
   0.028
   0.000
   0.000
   0.000
   0.000
   0.000
   0.000
   0.000
   0.002
   0.006
   0.014
   0.056
   0.138
   0.206
   0.288
   0.362
   0.416
   0.460
   0.498
   0.532
   0.564
   0.594
   0.624
   0.656
   0.690
   0.726
   0.762
   0.802
   0.840
   0.876
   0.906
   0.928
   0.946
   0.962
   0.982
   1.012
   1.052
   1.104
   1.156
   1.204
   1.244
   1.266
   1.266
   1.234
   1.178
   1.094
   0.974
   0.836
   0.706
   0.594
   0.504
   0.434
   0.370
   0.296
   0.222
   0.176
   0.148
   0.092
   0.034
   0.012
   0.004
   0.002
   0.000
   0.000
   0.000
   0.000
   0.000
   0.000
   0.002
   0.020
   0.000
 -65.534
 -65.534
   0.000
   0.000
   0.000
   0.000
   0.000
   0.000
   0.004
   0.012
   0.038
   0.120
   0.174
   0.236
   0.292
   0.340
   0.380
   0.416
   0.450
   0.482
   0.512
   0.542
   0.576
   0.614
   0.658
   0.706
   0.756
   0.806
   0.852
   0.886
   0.910
   0.924
   0.936
   0.956
   0.986
   1.026
   1.072
   1.116
   1.152
   1.180
   1.194
   1.184
   1.160
   1.110
   1.028
   0.930
   0.822
   0.716
   0.610
   0.510
   0.416
   0.320
   0.232
   0.170
   0.134
   0.028
   0.010
   0.006
   0.002
   0.002
   0.000
   0.000
   0.000
   0.000
   0.000
   0.000
   0.002
   0.014
   0.000
 -65.534
 -65.534
 -65.534
   0.000
   0.000
   0.000
   0.000
   0.000
   0.000
   0.002
   0.008
   0.018
   0.074
   0.144
   0.178
   0.216
   0.258
   0.298
   0.334
   0.366
   0.396
   0.426
   0.458
   0.494
   0.538
   0.588
   0.648
   0.708
   0.762
   0.806
   0.838
   0.856
   0.870
   0.886
   0.912
   0.942
   0.980
   1.018
   1.054
   1.086
   1.106
   1.114
   1.110
   1.088
   1.046
   0.984
   0.922
   0.838
   0.734
   0.628
   0.524
   0.420
   0.324
   0.240
   0.172
   0.110
   0.056
   0.032
   0.016
   0.010
   0.006
   0.004
   0.004
   0.002
   0.002
   0.002
   0.002
   0.006
   0.000
 -65.534
 -65.534
 -65.534
 -65.534
   0.000
   0.000
   0.000
   0.000
   0.000
   0.000
   0.002
   0.006
   0.012
   0.022
   0.072
   0.142
   0.160
   0.188
   0.218
   0.250
   0.282
   0.312
   0.342
   0.374
   0.412
   0.460
   0.516
   0.578
   0.636
   0.684
   0.718
   0.742
   0.764
   0.786
   0.812
   0.842
   0.878
   0.914
   0.948
   0.978
   1.000
   1.012
   1.018
   1.016
   1.002
   0.980
   0.944
   0.884
   0.800
   0.714
   0.620
   0.532
   0.448
   0.372
   0.302
   0.238
   0.186
   0.136
   0.092
   0.068
   0.050
   0.040
   0.032
   0.030
   0.028
   0.022
   0.014
   0.006
   0.000
 -65.534
 -65.534
 -65.534
 -65.534
   0.000
   0.000
   0.000
   0.000
   0.000
   0.000
   0.000
   0.000
   0.002
   0.004
   0.010
   0.016
   0.038
   0.112
   0.146
   0.160
   0.180
   0.202
   0.224
   0.248
   0.278
   0.316
   0.362
   0.414
   0.464
   0.508
   0.552
   0.588
   0.622
   0.654
   0.684
   0.714
   0.748
   0.780
   0.814
   0.842
   0.862
   0.876
   0.886
   0.892
   0.892
   0.890
   0.880
   0.850
   0.798
   0.738
   0.678
   0.618
   0.562
   0.504
   0.450
   0.396
   0.348
   0.302
   0.256
   0.214
   0.178
   0.154
   0.136
   0.128
   0.120
   0.106
   0.082
   0.054
   0.000
 -65.534
 -65.534
 -65.534
 -65.534
   0.000
   0.000
   0.000
   0.000
   0.000
   0.000
   0.000
   0.000
   0.000
   0.000
   0.000
   0.002
   0.006
   0.012
   0.018
   0.044
   0.108
   0.144
   0.150
   0.158
   0.168
   0.184
   0.206
   0.238
   0.274
   0.318
   0.366
   0.412
   0.456
   0.496
   0.532
   0.566
   0.596
   0.626
   0.652
   0.674
   0.690
   0.704
   0.716
   0.728
   0.736
   0.746
   0.752
   0.752
   0.740
   0.718
   0.692
   0.658
   0.622
   0.588
   0.548
   0.512
   0.478
   0.442
   0.408
   0.372
   0.338
   0.310
   0.288
   0.274
   0.262
   0.240
   0.204
   0.156
   0.000
 -65.534
 -65.534
 -65.534
 -65.534
   0.000
   0.000
   0.000
   0.000
   0.000
   0.000
   0.000
   0.000
   0.000
   0.000
   0.000
   0.000
   0.000
   0.002
   0.002
   0.006
   0.010
   0.012
   0.016
   0.024
   0.034
   0.056
   0.112
   0.150
   0.154
   0.170
   0.200
   0.240
   0.284
   0.328
   0.370
   0.398
   0.422
   0.442
   0.460
   0.478
   0.494
   0.510
   0.528
   0.550
   0.568
   0.588
   0.608
   0.626
   0.640
   0.648
   0.648
   0.636
   0.618
   0.596
   0.570
   0.546
   0.528
   0.510
   0.492
   0.472
   0.450
   0.426
   0.408
   0.392
   0.376
   0.356
   0.322
   0.264
   0.000
 -65.534
 -65.534
 -65.534
 -65.534
 -65.534
 -65.534
 -65.534
 -65.534
   0.000
   0.000
   0.000
   0.000
   0.000
   0.000
   0.000
   0.000
   0.000
   0.000
   0.000
   0.000
   0.000
   0.002
   0.002
   0.002
   0.002
   0.004
   0.008
   0.010
   0.012
   0.016
   0.056
   0.148
   0.158
   0.180
   0.204
   0.226
   0.244
   0.258
   0.270
   0.284
   0.304
   0.328
   0.358
   0.388
   0.414
   0.442
   0.470
   0.496
   0.520
   0.540
   0.552
   0.554
   0.546
   0.536
   0.526
   0.520
   0.518
   0.518
   0.512
   0.504
   0.494
   0.484
   0.472
   0.458
   0.444
   0.428
   0.402
   0.354
   0.000
 -65.534
 -65.534
 -65.534
 -65.534
 -65.534
 -65.534
   0.000
   0.000
   0.000
   0.000
   0.000
   0.002
   0.002
   0.002
   0.000
   0.000
   0.000
   0.000
   0.000
   0.000
   0.000
   0.000
   0.000
   0.000
   0.000
   0.000
   0.000
   0.000
   0.002
   0.004
   0.010
   0.010
   0.012
   0.012
   0.028
   0.120
   0.146
   0.148
   0.154
   0.160
   0.172
   0.192
   0.218
   0.248
   0.280
   0.310
   0.334
   0.358
   0.384
   0.408
   0.426
   0.440
   0.446
   0.446
   0.448
   0.454
   0.462
   0.472
   0.480
   0.486
   0.488
   0.488
   0.484
   0.474
   0.464
   0.454
   0.436
   0.400
   0.000
 -65.534
 -65.534
 -65.534
 -65.534
 -65.534
 -65.534
 -65.534
 -65.534
 -65.534
   0.000
   0.000
   0.000
   0.002
   0.002
   0.002
   0.000
   0.000
   0.000
   0.000
   0.000
   0.000
   0.000
   0.000
   0.000
   0.000
   0.000
   0.000
   0.000
   0.000
   0.000
   0.000
   0.000
   0.000
   0.002
   0.006
   0.006
   0.006
   0.006
   0.008
   0.008
   0.018
   0.108
   0.150
   0.156
   0.170
   0.186
   0.202
   0.222
   0.240
   0.260
   0.288
   0.306
   0.322
   0.334
   0.344
   0.354
   0.366
   0.378
   0.390
   0.402
   0.412
   0.422
   0.428
   0.428
   0.430
   0.430
   0.426
   0.404
   0.000
 -65.534
 -65.534
 -65.534
 -65.534
 -65.534
 -65.534
 -65.534
 -65.534
 -65.534
 -65.534
 -65.534
 -65.534
 -65.534
 -65.534
 -65.534
   0.000
   0.000
   0.000
   0.000
   0.000
   0.000
   0.000
   0.000
   0.000
   0.000
   0.000
   0.000
   0.000
   0.000
   0.000
   0.000
   0.000
   0.000
   0.000
   0.000
   0.000
   0.000
   0.000
   0.002
   0.002
   0.006
   0.012
   0.010
   0.020
   0.042
   0.094
   0.144
   0.146
   0.148
   0.154
   0.164
   0.178
   0.190
   0.206
   0.222
   0.234
   0.246
   0.258
   0.272
   0.286
   0.298
   0.314
   0.328
   0.342
   0.356
   0.372
   0.384
   0.378
   0.000
 -65.534
 -65.534
 -65.534
 -65.534
 -65.534
 -65.534
 -65.534
 -65.534
 -65.534
 -65.534
 -65.534
 -65.534
 -65.534
 -65.534
 -65.534
 -65.534
 -65.534
 -65.534
 -65.534
   0.002
   0.000
   0.000
   0.000
   0.000
   0.000
   0.000
   0.000
   0.000
   0.000
   0.000
   0.000
   0.000
   0.000
   0.000
   0.000
   0.000
   0.000
   0.000
   0.000
   0.002
   0.002
   0.008
   0.016
   0.030
   0.032
   0.024
   0.010
   0.006
   0.006
   0.006
   0.008
   0.008
   0.028
   0.138
   0.148
   0.150
   0.156
   0.164
   0.174
   0.184
   0.196
   0.210
   0.228
   0.250
   0.274
   0.304
   0.326
   0.334
   0.000
 -65.534
 -65.534
 -65.534
 -65.534
 -65.534
 -65.534
 -65.534
 -65.534
 -65.534
 -65.534
 -65.534
 -65.534
 -65.534
 -65.534
 -65.534
 -65.534
 -65.534
 -65.534
   0.002
   0.002
   0.002
   0.000
   0.000
   0.000
   0.000
   0.000
   0.000
   0.000
   0.000
   0.000
   0.000
   0.000
   0.000
   0.000
   0.000
   0.000
   0.000
   0.000
   0.002
   0.002
   0.004
   0.016
   0.056
   0.106
   0.110
   0.082
   0.038
   0.008
   0.002
   0.002
   0.000
   0.002
   0.006
   0.006
   0.006
   0.006
   0.008
   0.010
   0.028
   0.094
   0.146
   0.150
   0.156
   0.172
   0.194
   0.224
   0.252
   0.270
   0.000
 -65.534
 -65.534
 -65.534
 -65.534
 -65.534
 -65.534
 -65.534
 -65.534
 -65.534
 -65.534
 -65.534
 -65.534
 -65.534
 -65.534
 -65.534
 -65.534
 -65.534
   0.004
   0.008
   0.008
   0.004
   0.002
   0.000
   0.000
   0.000
   0.000
   0.000
   0.000
   0.000
   0.000
   0.000
   0.000
   0.000
   0.000
   0.000
   0.000
   0.000
   0.002
   0.002
   0.004
   0.012
   0.044
   0.140
   0.154
   0.160
   0.150
   0.126
   0.050
   0.008
   0.002
   0.000
   0.000
   0.000
   0.000
   0.000
   0.000
   0.002
   0.002
   0.004
   0.006
   0.006
   0.006
   0.028
   0.128
   0.150
   0.162
   0.188
   0.206
   0.000
 -65.534
 -65.534
 -65.534
 -65.534
 -65.534
 -65.534
 -65.534
 -65.534
 -65.534
 -65.534
 -65.534
 -65.534
 -65.534
 -65.534
 -65.534
 -65.534
 -65.534
   0.008
   0.016
   0.014
   0.006
   0.002
   0.000
   0.000
   0.000
   0.000
   0.000
   0.000
   0.000
   0.000
   0.000
   0.000
   0.000
   0.000
   0.002
   0.002
   0.002
   0.004
   0.006
   0.010
   0.030
   0.138
   0.154
   0.186
   0.204
   0.192
   0.158
   0.126
   0.052
   0.012
   0.004
   0.002
   0.000
   0.000
   0.000
   0.000
   0.000
   0.000
   0.000
   0.002
   0.002
   0.002
   0.006
   0.010
   0.028
   0.130
   0.148
   0.160
   0.000
 -65.534
 -65.534
 -65.534
 -65.534
 -65.534
 -65.534
 -65.534
 -65.534
 -65.534
 -65.534
 -65.534
 -65.534
 -65.534
 -65.534
 -65.534
 -65.534
 -65.534
   0.006
   0.014
   0.014
   0.006
   0.002
   0.000
   0.000
   0.000
   0.000
   0.000
   0.000
   0.000
   0.000
   0.000
   0.000
   0.000
   0.002
   0.002
   0.002
   0.004
   0.008
   0.016
   0.032
   0.094
   0.146
   0.164
   0.196
   0.220
   0.212
   0.184
   0.152
   0.134
   0.078
   0.034
   0.018
   0.008
   0.004
   0.004
   0.004
   0.004
   0.002
   0.002
   0.002
   0.002
   0.002
   0.002
   0.004
   0.010
   0.020
   0.046
   0.138
   0.000
 -65.534
 -65.534
 -65.534
 -65.534
 -65.534
 -65.534
 -65.534
 -65.534
 -65.534
 -65.534
 -65.534
 -65.534
 -65.534
 -65.534
 -65.534
 -65.534
 -65.534
   0.002
   0.008
   0.010
   0.006
   0.002
   0.002
   0.000
   0.000
   0.000
   0.000
   0.000
   0.000
   0.000
   0.000
   0.000
   0.000
   0.002
   0.004
   0.008
   0.014
   0.026
   0.046
   0.090
   0.142
   0.150
   0.162
   0.184
   0.204
   0.206
   0.196
   0.180
   0.164
   0.152
   0.142
   0.126
   0.070
   0.042
   0.034
   0.030
   0.030
   0.026
   0.020
   0.014
   0.010
   0.008
   0.008
   0.010
   0.010
   0.014
   0.020
   0.030
   0.000
 -65.534
 -65.534
 -65.534
 -65.534
 -65.534
 -65.534
 -65.534
 -65.534
 -65.534
 -65.534
 -65.534
 -65.534
 -65.534
 -65.534
 -65.534
 -65.534
 -65.534
 -65.534
   0.002
   0.006
   0.004
   0.002
   0.002
   0.000
   0.000
   0.000
   0.000
   0.000
   0.000
   0.000
   0.000
   0.000
   0.000
   0.004
   0.010
   0.018
   0.028
   0.046
   0.082
   0.136
   0.146
   0.148
   0.150
   0.156
   0.168
   0.176
   0.182
   0.186
   0.188
   0.188
   0.180
   0.166
   0.154
   0.146
   0.142
   0.140
   0.138
   0.134
   0.122
   0.090
   0.068
   0.058
   0.054
   0.050
   0.042
   0.030
   0.022
   0.022
   0.000
 -65.534
 -65.534
 -65.534
 -65.534
 -65.534
 -65.534
 -65.534
 -65.534
 -65.534
 -65.534
 -65.534
 -65.534
 -65.534
 -65.534
 -65.534
 -65.534
 -65.534
 -65.534
 -65.534
   0.002
   0.002
   0.002
   0.000
   0.000
   0.000
   0.000
   0.000
   0.000
   0.000
   0.000
   0.000
   0.000
   0.002
   0.004
   0.014
   0.026
   0.030
   0.030
   0.036
   0.056
   0.114
   0.134
   0.130
   0.126
   0.136
   0.142
   0.148
   0.158
   0.172
   0.186
   0.194
   0.194
   0.192
   0.188
   0.184
   0.180
   0.174
   0.166
   0.160
   0.154
   0.150
   0.146
   0.144
   0.142
   0.136
   0.108
   0.064
   0.038
   0.000
 -65.534
 -65.534
 -65.534
 -65.534
 -65.534
 -65.534
 -65.534
 -65.534
 -65.534
 -65.534
 -65.534
 -65.534
 -65.534
 -65.534
 -65.534
 -65.534
 -65.534
 -65.534
 -65.534
 -65.534
   0.000
   0.000
   0.000
   0.000
   0.000
   0.000
   0.000
   0.000
   0.000
   0.000
   0.000
   0.000
   0.002
   0.006
   0.018
   0.024
 -65.534
 -65.534
 -65.534
 -65.534
   0.020
   0.040
   0.042
   0.034
   0.028
   0.034
   0.056
   0.114
   0.144
   0.156
   0.170
   0.188
   0.202
   0.214
   0.222
   0.224
   0.218
   0.208
   0.200
   0.196
   0.192
   0.186
   0.180
   0.170
   0.158
   0.146
   0.140
   0.110
   0.000
 -65.534
 -65.534
 -65.534
 -65.534
 -65.534
 -65.534
 -65.534
 -65.534
 -65.534
 -65.534
 -65.534
 -65.534
 -65.534
 -65.534
 -65.534
 -65.534
 -65.534
 -65.534
 -65.534
 -65.534
 -65.534
 -65.534
 -65.534
 -65.534
   0.000
   0.000
   0.000
   0.000
   0.000
   0.000
   0.000
   0.002
   0.004
   0.010
   0.022
   0.018
 -65.534
 -65.534
 -65.534
 -65.534
 -65.534
 -65.534
   0.014
   0.018
   0.016
   0.016
   0.016
   0.020
   0.034
   0.056
   0.134
   0.150
   0.170
   0.194
   0.216
   0.232
   0.234
   0.228
   0.220
   0.218
   0.216
   0.214
   0.210
   0.200
   0.186
   0.168
   0.152
   0.142
   0.000
 -65.534
 -65.534
 -65.534
 -65.534
 -65.534
 -65.534
 -65.534
 -65.534
 -65.534
 -65.534
 -65.534
 -65.534
 -65.534
 -65.534
 -65.534
 -65.534
 -65.534
 -65.534
 -65.534
 -65.534
 -65.534
 -65.534
 -65.534
 -65.534
   0.000
   0.000
   0.000
   0.000
   0.000
   0.000
   0.002
   0.004
   0.006
   0.016
   0.028
   0.018
 -65.534
 -65.534
 -65.534
 -65.534
 -65.534
 -65.534
 -65.534
   0.012
   0.018
   0.014
   0.016
   0.014
   0.010
   0.010
   0.018
   0.036
   0.134
   0.158
   0.188
   0.220
   0.242
   0.244
   0.236
   0.228
   0.222
   0.216
   0.210
   0.206
   0.200
   0.188
   0.172
   0.154
   0.000
 -65.534
 -65.534
 -65.534
 -65.534
 -65.534
 -65.534
 -65.534
 -65.534
 -65.534
 -65.534
 -65.534
 -65.534
 -65.534
 -65.534
 -65.534
 -65.534
 -65.534
 -65.534
 -65.534
 -65.534
 -65.534
 -65.534
 -65.534
 -65.534
 -65.534
 -65.534
 -65.534
 -65.534
 -65.534
   0.000
   0.002
   0.004
   0.008
   0.018
   0.030
   0.022
   0.008
 -65.534
 -65.534
 -65.534
 -65.534
 -65.534
 -65.534
   0.014
   0.026
 -65.534
   0.030
   0.022
   0.014
   0.012
   0.012
   0.018
   0.052
   0.150
   0.180
   0.232
   0.274
   0.288
   0.278
   0.256
   0.232
   0.208
   0.192
   0.192
   0.196
   0.196
   0.188
   0.172
   0.000
 -65.534
 -65.534
 -65.534
 -65.534
 -65.534
 -65.534
 -65.534
 -65.534
 -65.534
 -65.534
 -65.534
 -65.534
 -65.534
 -65.534
 -65.534
 -65.534
 -65.534
 -65.534
 -65.534
 -65.534
 -65.534
 -65.534
 -65.534
 -65.534
 -65.534
 -65.534
 -65.534
 -65.534
 -65.534
 -65.534
 -65.534
 -65.534
   0.004
   0.014
   0.022
   0.022
   0.014
   0.008
 -65.534
 -65.534
 -65.534
 -65.534
 -65.534
 -65.534
 -65.534
 -65.534
 -65.534
 -65.534
 -65.534
   0.014
   0.014
   0.020
   0.078
   0.152
   0.194
   0.260
   0.314
   0.332
   0.324
   0.296
   0.254
   0.206
   0.174
   0.168
   0.178
   0.188
   0.192
   0.188
   0.000
 -65.534
 -65.534
 -65.534
 -65.534
 -65.534
 -65.534
 -65.534
 -65.534
 -65.534
 -65.534
 -65.534
 -65.534
 -65.534
 -65.534
 -65.534
 -65.534
 -65.534
 -65.534
 -65.534
 -65.534
 -65.534
 -65.534
 -65.534
 -65.534
 -65.534
 -65.534
 -65.534
 -65.534
 -65.534
 -65.534
 -65.534
 -65.534
   0.002
   0.002
   0.004
   0.006
   0.010
   0.012
   0.008
   0.004
 -65.534
 -65.534
 -65.534
 -65.534
 -65.534
 -65.534
 -65.534
 -65.534
 -65.534
 -65.534
 -65.534
 -65.534
   0.080
   0.150
   0.194
   0.284
   0.338
   0.354
   0.344
   0.316
   0.266
   0.206
   0.164
   0.154
   0.162
   0.180
   0.198
   0.206
   0.000
 -65.534
 -65.534
 -65.534
 -65.534
 -65.534
 -65.534
 -65.534
 -65.534
 -65.534
 -65.534
 -65.534
 -65.534
 -65.534
 -65.534
 -65.534
 -65.534
 -65.534
 -65.534
 -65.534
 -65.534
 -65.534
 -65.534
 -65.534
 -65.534
 -65.534
 -65.534
 -65.534
 -65.534
 -65.534
 -65.534
 -65.534
 -65.534
 -65.534
 -65.534
 -65.534
 -65.534
   0.002
   0.004
   0.006
   0.004
   0.002
   0.002
   0.002
   0.002
   0.002
 -65.534
 -65.534
 -65.534
 -65.534
 -65.534
 -65.534
 -65.534
 -65.534
 -65.534
 -65.534
   0.288
   0.342
   0.352
   0.340
   0.312
   0.262
   0.202
   0.158
   0.148
   0.158
   0.180
   0.208
   0.232
   0.000
 -65.534
 -65.534
 -65.534
 -65.534
 -65.534
 -65.534
 -65.534
 -65.534
 -65.534
 -65.534
 -65.534
 -65.534
 -65.534
 -65.534
 -65.534
 -65.534
 -65.534
 -65.534
 -65.534
 -65.534
 -65.534
 -65.534
 -65.534
 -65.534
 -65.534
 -65.534
 -65.534
 -65.534
 -65.534
 -65.534
 -65.534
 -65.534
 -65.534
 -65.534
 -65.534
 -65.534
 -65.534
 -65.534
 -65.534
 -65.534
   0.000
 -65.534
 -65.534
 -65.534
 -65.534
 -65.534
 -65.534
 -65.534
 -65.534
 -65.534
 -65.534
 -65.534
 -65.534
 -65.534
 -65.534
   0.274
   0.310
   0.308
   0.292
   0.284
   0.252
   0.202
   0.160
   0.146
   0.152
   0.174
   0.210
   0.242
   0.000
 -65.534
 -65.534
 -65.534
 -65.534
 -65.534
 -65.534
 -65.534
 -65.534
 -65.534
 -65.534
 -65.534
 -65.534
 -65.534
 -65.534
 -65.534
 -65.534
 -65.534
 -65.534
 -65.534
 -65.534
 -65.534
 -65.534
 -65.534
 -65.534
 -65.534
 -65.534
 -65.534
 -65.534
 -65.534
 -65.534
 -65.534
 -65.534
 -65.534
 -65.534
 -65.534
 -65.534
 -65.534
 -65.534
 -65.534
 -65.534
 -65.534
 -65.534
 -65.534
 -65.534
 -65.534
 -65.534
 -65.534
 -65.534
 -65.534
 -65.534
 -65.534
 -65.534
 -65.534
 -65.534
 -65.534
 -65.534
 -65.534
 -65.534
 -65.534
   0.236
   0.236
   0.208
   0.168
   0.146
   0.148
   0.160
   0.192
   0.228
   0.000
 -65.534
 -65.534
 -65.534
 -65.534
 -65.534
 -65.534
 -65.534
 -65.534
 -65.534
 -65.534
 -65.534
 -65.534
 -65.534
 -65.534
 -65.534
 -65.534
 -65.534
 -65.534
 -65.534
 -65.534
 -65.534
 -65.534
 -65.534
 -65.534
 -65.534
 -65.534
 -65.534
 -65.534
 -65.534
 -65.534
 -65.534
 -65.534
 -65.534
 -65.534
 -65.534
 -65.534
 -65.534
 -65.534
 -65.534
 -65.534
 -65.534
 -65.534
 -65.534
 -65.534
 -65.534
 -65.534
 -65.534
 -65.534
 -65.534
 -65.534
 -65.534
 -65.534
 -65.534
 -65.534
 -65.534
 -65.534
 -65.534
 -65.534
 -65.534
 -65.534
 -65.534
   0.000
   0.000
   0.000
   0.000
   0.000
   0.000
   0.000
 -65.534
