 -65.534
   0.000
   0.000
   0.000
   0.000
   0.000
   0.000
   0.000
   0.000
   0.000
   0.000
   0.000
   0.000
   0.000
   0.000
   0.000
   0.000
   0.000
   0.000
   0.000
   0.000
   0.000
   0.000
   0.000
   0.000
   0.000
   0.000
   0.000
   0.000
   0.000
   0.000
   0.000
   0.000
   0.000
   0.000
   0.000
   0.000
   0.000
   0.000
   0.000
   0.000
   0.000
   0.000
   0.000
   0.000
   0.000
   0.000
   0.000
   0.000
   0.000
   0.000
   0.000
   0.000
   0.000
   0.000
   0.000
   0.000
   0.000
   0.000
   0.000
   0.000
   0.000
   0.000
   0.000
   0.000
   0.000
   0.000
   0.000
 -65.534
   0.000
   1.169
   1.290
   1.344
   1.399
   1.448
   1.487
   1.515
   1.534
   1.541
   1.543
   1.538
   1.528
   1.510
   1.488
   1.463
   1.437
   1.430
   1.446
   1.487
   1.552
   1.630
   1.702
   1.803
   1.785
   1.723
   1.670
   1.640
   1.618
   1.619
   1.618
   1.602
   1.602
   1.610
   1.580
   1.565
   1.530
   1.505
   1.500
   1.491
   1.496
   1.509
   1.511
   1.516
   1.506
   1.476
   1.441
   1.412
   1.391
   1.380
   1.375
   1.371
   1.376
   1.379
   1.405
   1.432
   1.464
   1.501
   1.538
   1.586
   1.647
   1.704
   1.768
   1.834
   1.892
   1.950
   2.012
   2.024
   0.000
   0.000
   1.283
   1.391
   1.428
   1.478
   1.522
   1.564
   1.598
   1.622
   1.636
   1.646
   1.650
   1.646
   1.634
   1.611
   1.583
   1.557
   1.541
   1.540
   1.559
   1.594
   1.638
   1.679
   1.734
   1.713
   1.668
   1.632
   1.612
   1.611
   1.620
   1.632
   1.639
   1.643
   1.651
   1.638
   1.614
   1.582
   1.545
   1.516
   1.503
   1.501
   1.515
   1.531
   1.548
   1.547
   1.525
   1.511
   1.507
   1.516
   1.532
   1.550
   1.570
   1.589
   1.611
   1.634
   1.657
   1.691
   1.730
   1.772
   1.832
   1.896
   1.971
   2.052
   2.140
   2.230
   2.313
   2.395
   2.427
   0.000
   0.000
   1.288
   1.385
   1.415
   1.457
   1.497
   1.538
   1.573
   1.601
   1.619
   1.631
   1.637
   1.637
   1.624
   1.600
   1.569
   1.539
   1.515
   1.504
   1.508
   1.526
   1.550
   1.571
   1.580
   1.580
   1.549
   1.529
   1.522
   1.532
   1.548
   1.568
   1.585
   1.606
   1.615
   1.606
   1.593
   1.561
   1.525
   1.494
   1.473
   1.473
   1.483
   1.498
   1.512
   1.518
   1.511
   1.506
   1.519
   1.549
   1.583
   1.620
   1.651
   1.681
   1.709
   1.735
   1.763
   1.792
   1.822
   1.857
   1.907
   1.972
   2.048
   2.135
   2.240
   2.345
   2.451
   2.550
   2.592
   0.000
   0.000
   1.287
   1.378
   1.400
   1.433
   1.467
   1.500
   1.534
   1.560
   1.580
   1.593
   1.601
   1.601
   1.592
   1.570
   1.539
   1.504
   1.480
   1.464
   1.455
   1.458
   1.474
   1.480
   1.469
   1.465
   1.448
   1.446
   1.457
   1.483
   1.509
   1.534
   1.557
   1.578
   1.589
   1.590
   1.579
   1.554
   1.519
   1.488
   1.471
   1.466
   1.473
   1.484
   1.497
   1.505
   1.511
   1.524
   1.551
   1.595
   1.643
   1.695
   1.740
   1.775
   1.807
   1.835
   1.862
   1.882
   1.901
   1.921
   1.955
   2.007
   2.077
   2.170
   2.282
   2.405
   2.528
   2.642
   2.691
   0.000
   0.000
   1.282
   1.367
   1.387
   1.413
   1.441
   1.469
   1.495
   1.520
   1.539
   1.551
   1.555
   1.553
   1.539
   1.517
   1.485
   1.452
   1.423
   1.405
   1.390
   1.388
   1.393
   1.391
   1.384
   1.364
   1.359
   1.385
   1.418
   1.460
   1.498
   1.521
   1.544
   1.563
   1.570
   1.568
   1.562
   1.540
   1.507
   1.478
   1.464
   1.460
   1.464
   1.473
   1.485
   1.497
   1.513
   1.537
   1.578
   1.637
   1.701
   1.764
   1.822
   1.868
   1.904
   1.930
   1.948
   1.962
   1.966
   1.970
   1.990
   2.031
   2.092
   2.184
   2.301
   2.434
   2.568
   2.691
   2.745
   0.000
   0.000
   1.272
   1.351
   1.376
   1.401
   1.420
   1.441
   1.463
   1.486
   1.502
   1.512
   1.513
   1.504
   1.489
   1.463
   1.427
   1.397
   1.367
   1.345
   1.326
   1.314
   1.310
   1.298
   1.286
   1.282
   1.313
   1.357
   1.410
   1.465
   1.507
   1.530
   1.548
   1.554
   1.557
   1.550
   1.542
   1.524
   1.502
   1.478
   1.464
   1.459
   1.463
   1.473
   1.483
   1.497
   1.510
   1.536
   1.589
   1.661
   1.738
   1.817
   1.887
   1.943
   1.983
   2.011
   2.028
   2.033
   2.029
   2.019
   2.027
   2.056
   2.104
   2.185
   2.300
   2.437
   2.578
   2.704
   2.766
   0.000
   0.000
   1.249
   1.336
   1.363
   1.386
   1.405
   1.420
   1.439
   1.457
   1.473
   1.480
   1.479
   1.469
   1.450
   1.420
   1.387
   1.352
   1.325
   1.301
   1.278
   1.264
   1.255
   1.248
   1.245
   1.259
   1.302
   1.361
   1.422
   1.486
   1.528
   1.551
   1.561
   1.557
   1.551
   1.540
   1.531
   1.517
   1.499
   1.485
   1.473
   1.471
   1.478
   1.489
   1.498
   1.509
   1.514
   1.536
   1.584
   1.658
   1.751
   1.844
   1.927
   1.993
   2.042
   2.074
   2.093
   2.093
   2.085
   2.071
   2.070
   2.082
   2.119
   2.190
   2.296
   2.429
   2.568
   2.695
   2.765
   0.000
   0.000
   1.218
   1.312
   1.344
   1.372
   1.390
   1.404
   1.417
   1.432
   1.448
   1.457
   1.457
   1.446
   1.426
   1.398
   1.364
   1.330
   1.301
   1.278
   1.257
   1.240
   1.235
   1.232
   1.238
   1.266
   1.313
   1.376
   1.445
   1.510
   1.553
   1.574
   1.579
   1.574
   1.560
   1.543
   1.531
   1.520
   1.508
   1.500
   1.497
   1.500
   1.507
   1.521
   1.533
   1.539
   1.539
   1.554
   1.597
   1.663
   1.752
   1.846
   1.939
   2.018
   2.078
   2.115
   2.136
   2.140
   2.128
   2.109
   2.106
   2.116
   2.145
   2.204
   2.298
   2.422
   2.558
   2.684
   2.752
   0.000
   0.000
   1.174
   1.274
   1.316
   1.351
   1.370
   1.384
   1.396
   1.411
   1.426
   1.438
   1.440
   1.431
   1.413
   1.388
   1.356
   1.325
   1.298
   1.274
   1.256
   1.243
   1.239
   1.243
   1.255
   1.287
   1.338
   1.402
   1.474
   1.538
   1.580
   1.600
   1.600
   1.593
   1.574
   1.558
   1.544
   1.535
   1.526
   1.520
   1.525
   1.535
   1.547
   1.562
   1.579
   1.590
   1.593
   1.600
   1.632
   1.694
   1.768
   1.846
   1.938
   2.023
   2.088
   2.130
   2.156
   2.161
   2.153
   2.137
   2.137
   2.152
   2.181
   2.235
   2.321
   2.434
   2.563
   2.686
   2.758
   0.000
   0.000
   1.130
   1.230
   1.277
   1.317
   1.344
   1.358
   1.373
   1.388
   1.403
   1.415
   1.421
   1.417
   1.406
   1.386
   1.360
   1.333
   1.311
   1.290
   1.274
   1.266
   1.268
   1.274
   1.290
   1.323
   1.375
   1.438
   1.505
   1.567
   1.604
   1.622
   1.626
   1.620
   1.602
   1.586
   1.577
   1.570
   1.560
   1.556
   1.562
   1.571
   1.588
   1.606
   1.626
   1.645
   1.662
   1.671
   1.692
   1.739
   1.798
   1.862
   1.948
   2.022
   2.083
   2.125
   2.152
   2.161
   2.156
   2.148
   2.158
   2.183
   2.225
   2.281
   2.361
   2.468
   2.591
   2.709
   2.785
   0.000
   0.000
   1.084
   1.180
   1.231
   1.278
   1.310
   1.328
   1.344
   1.358
   1.375
   1.388
   1.400
   1.403
   1.401
   1.386
   1.370
   1.351
   1.332
   1.316
   1.306
   1.303
   1.306
   1.315
   1.329
   1.363
   1.410
   1.467
   1.531
   1.584
   1.625
   1.644
   1.654
   1.653
   1.639
   1.626
   1.621
   1.614
   1.606
   1.601
   1.602
   1.611
   1.632
   1.653
   1.672
   1.695
   1.720
   1.740
   1.766
   1.801
   1.846
   1.896
   1.966
   2.028
   2.081
   2.117
   2.137
   2.146
   2.152
   2.158
   2.180
   2.224
   2.276
   2.339
   2.421
   2.522
   2.637
   2.753
   2.824
   0.000
   0.000
   1.022
   1.149
   1.191
   1.234
   1.263
   1.289
   1.310
   1.329
   1.343
   1.356
   1.369
   1.380
   1.385
   1.383
   1.376
   1.366
   1.358
   1.349
   1.343
   1.343
   1.347
   1.353
   1.370
   1.399
   1.442
   1.492
   1.548
   1.599
   1.643
   1.665
   1.681
   1.689
   1.678
   1.673
   1.669
   1.664
   1.656
   1.649
   1.651
   1.660
   1.677
   1.702
   1.722
   1.743
   1.770
   1.796
   1.827
   1.858
   1.896
   1.939
   1.996
   2.047
   2.085
   2.107
   2.122
   2.131
   2.146
   2.170
   2.209
   2.265
   2.331
   2.406
   2.492
   2.591
   2.699
   2.810
   2.871
   0.000
 -65.534
 -65.534
   1.045
   1.150
   1.180
   1.212
   1.239
   1.266
   1.286
   1.304
   1.319
   1.336
   1.348
   1.358
   1.364
   1.369
   1.368
   1.368
   1.368
   1.370
   1.374
   1.383
   1.393
   1.407
   1.434
   1.473
   1.518
   1.569
   1.616
   1.657
   1.687
   1.711
   1.720
   1.717
   1.713
   1.713
   1.710
   1.703
   1.699
   1.700
   1.710
   1.728
   1.751
   1.769
   1.792
   1.815
   1.841
   1.873
   1.905
   1.939
   1.977
   2.016
   2.056
   2.079
   2.095
   2.108
   2.120
   2.147
   2.187
   2.243
   2.314
   2.391
   2.489
   2.582
   2.678
   2.777
   2.880
   2.922
   0.000
 -65.534
 -65.534
 -65.534
   1.028
   1.116
   1.153
   1.191
   1.219
   1.239
   1.257
   1.273
   1.287
   1.300
   1.313
   1.324
   1.335
   1.344
   1.355
   1.364
   1.376
   1.387
   1.399
   1.418
   1.438
   1.468
   1.506
   1.545
   1.589
   1.633
   1.673
   1.705
   1.730
   1.745
   1.751
   1.758
   1.752
   1.752
   1.748
   1.748
   1.751
   1.763
   1.784
   1.803
   1.819
   1.836
   1.854
   1.874
   1.902
   1.938
   1.967
   2.002
   2.035
   2.063
   2.074
   2.084
   2.100
   2.127
   2.162
   2.215
   2.287
   2.373
   2.464
   2.560
   2.663
   2.761
   2.855
   2.951
   2.976
   0.000
 -65.534
 -65.534
 -65.534
 -65.534
   1.016
   1.090
   1.133
   1.161
   1.183
   1.201
   1.215
   1.229
   1.240
   1.251
   1.267
   1.284
   1.298
   1.312
   1.330
   1.346
   1.367
   1.389
   1.414
   1.443
   1.477
   1.521
   1.561
   1.600
   1.641
   1.676
   1.706
   1.733
   1.752
   1.767
   1.779
   1.785
   1.796
   1.791
   1.793
   1.802
   1.815
   1.834
   1.853
   1.862
   1.875
   1.888
   1.902
   1.923
   1.952
   1.983
   2.014
   2.044
   2.064
   2.080
   2.093
   2.116
   2.157
   2.210
   2.275
   2.358
   2.445
   2.537
   2.633
   2.732
   2.827
   2.920
   3.006
   3.016
   0.000
 -65.534
 -65.534
 -65.534
 -65.534
   0.944
   1.022
   1.066
   1.090
   1.108
   1.129
   1.150
   1.166
   1.179
   1.195
   1.208
   1.220
   1.236
   1.255
   1.274
   1.290
   1.312
   1.342
   1.373
   1.410
   1.452
   1.498
   1.542
   1.584
   1.622
   1.657
   1.687
   1.712
   1.737
   1.757
   1.779
   1.801
   1.818
   1.829
   1.839
   1.840
   1.854
   1.874
   1.885
   1.894
   1.897
   1.906
   1.917
   1.932
   1.952
   1.980
   2.007
   2.038
   2.068
   2.093
   2.124
   2.166
   2.223
   2.291
   2.366
   2.451
   2.537
   2.621
   2.702
   2.786
   2.870
   2.954
   3.036
   3.031
   0.000
 -65.534
 -65.534
 -65.534
 -65.534
   0.888
   0.960
   0.998
   1.017
   1.031
   1.057
   1.082
   1.105
   1.122
   1.140
   1.156
   1.173
   1.181
   1.195
   1.210
   1.228
   1.250
   1.272
   1.304
   1.343
   1.386
   1.432
   1.480
   1.526
   1.567
   1.605
   1.638
   1.666
   1.694
   1.720
   1.751
   1.782
   1.812
   1.835
   1.850
   1.854
   1.859
   1.870
   1.889
   1.895
   1.896
   1.898
   1.903
   1.912
   1.931
   1.955
   1.984
   2.025
   2.069
   2.114
   2.170
   2.234
   2.307
   2.391
   2.480
   2.565
   2.643
   2.710
   2.771
   2.830
   2.893
   2.963
   3.035
   3.015
   0.000
 -65.534
 -65.534
 -65.534
 -65.534
   0.829
   0.881
   0.914
   0.932
   0.959
   0.978
   1.008
   1.037
   1.061
   1.084
   1.103
   1.116
   1.130
   1.145
   1.160
   1.171
   1.183
   1.201
   1.225
   1.258
   1.299
   1.342
   1.389
   1.435
   1.482
   1.523
   1.560
   1.592
   1.623
   1.655
   1.689
   1.730
   1.770
   1.802
   1.824
   1.835
   1.837
   1.844
   1.854
   1.857
   1.862
   1.868
   1.870
   1.875
   1.890
   1.913
   1.949
   2.001
   2.067
   2.136
   2.210
   2.295
   2.390
   2.493
   2.596
   2.686
   2.761
   2.817
   2.854
   2.884
   2.921
   2.972
   3.028
   2.991
   0.000
 -65.534
 -65.534
 -65.534
 -65.534
 -65.534
 -65.534
 -65.534
 -65.534
   0.843
   0.894
   0.929
   0.960
   0.990
   1.018
   1.039
   1.057
   1.076
   1.098
   1.119
   1.133
   1.138
   1.143
   1.151
   1.178
   1.211
   1.253
   1.297
   1.339
   1.384
   1.425
   1.465
   1.500
   1.533
   1.568
   1.606
   1.651
   1.694
   1.734
   1.763
   1.781
   1.792
   1.799
   1.804
   1.809
   1.815
   1.817
   1.817
   1.823
   1.843
   1.873
   1.919
   1.982
   2.061
   2.150
   2.243
   2.350
   2.461
   2.579
   2.697
   2.799
   2.878
   2.927
   2.948
   2.955
   2.965
   2.995
   3.034
   2.981
   0.000
 -65.534
 -65.534
 -65.534
 -65.534
 -65.534
 -65.534
   0.586
   0.649
   0.768
   0.824
   0.859
   0.892
   0.925
   0.955
   0.984
   1.011
   1.040
   1.069
   1.092
   1.102
   1.105
   1.102
   1.104
   1.117
   1.139
   1.176
   1.215
   1.257
   1.298
   1.338
   1.376
   1.409
   1.442
   1.475
   1.514
   1.557
   1.603
   1.645
   1.680
   1.708
   1.725
   1.740
   1.749
   1.757
   1.765
   1.766
   1.768
   1.784
   1.805
   1.837
   1.891
   1.963
   2.054
   2.160
   2.273
   2.393
   2.520
   2.649
   2.778
   2.887
   2.969
   3.018
   3.034
   3.028
   3.026
   3.033
   3.057
   2.973
   0.000
 -65.534
 -65.534
 -65.534
 -65.534
 -65.534
 -65.534
 -65.534
 -65.534
 -65.534
   0.757
   0.794
   0.827
   0.858
   0.892
   0.927
   0.976
   1.017
   1.051
   1.077
   1.086
   1.084
   1.078
   1.078
   1.090
   1.113
   1.138
   1.167
   1.203
   1.232
   1.264
   1.295
   1.328
   1.361
   1.396
   1.430
   1.467
   1.510
   1.550
   1.589
   1.623
   1.653
   1.676
   1.695
   1.708
   1.719
   1.727
   1.738
   1.752
   1.779
   1.822
   1.884
   1.967
   2.064
   2.178
   2.300
   2.434
   2.569
   2.707
   2.837
   2.945
   3.028
   3.078
   3.098
   3.091
   3.076
   3.071
   3.076
   2.950
   0.000
 -65.534
 -65.534
 -65.534
 -65.534
 -65.534
 -65.534
 -65.534
 -65.534
 -65.534
 -65.534
 -65.534
 -65.534
 -65.534
 -65.534
 -65.534
   0.876
   0.963
   1.008
   1.042
   1.067
   1.075
   1.078
   1.082
   1.096
   1.119
   1.139
   1.161
   1.177
   1.198
   1.224
   1.245
   1.265
   1.288
   1.316
   1.348
   1.382
   1.421
   1.463
   1.515
   1.556
   1.590
   1.620
   1.642
   1.664
   1.686
   1.703
   1.721
   1.747
   1.779
   1.823
   1.887
   1.967
   2.070
   2.190
   2.320
   2.459
   2.600
   2.740
   2.865
   2.968
   3.044
   3.096
   3.127
   3.123
   3.102
   3.079
   3.059
   2.896
   0.000
 -65.534
 -65.534
 -65.534
 -65.534
 -65.534
 -65.534
 -65.534
 -65.534
 -65.534
 -65.534
 -65.534
 -65.534
 -65.534
 -65.534
 -65.534
 -65.534
 -65.534
 -65.534
 -65.534
   0.995
   1.071
   1.100
   1.124
   1.146
   1.164
   1.180
   1.192
   1.205
   1.208
   1.208
   1.213
   1.227
   1.242
   1.260
   1.288
   1.322
   1.359
   1.399
   1.444
   1.493
   1.535
   1.570
   1.604
   1.635
   1.664
   1.688
   1.717
   1.750
   1.792
   1.839
   1.897
   1.977
   2.078
   2.195
   2.324
   2.458
   2.594
   2.724
   2.841
   2.935
   3.005
   3.061
   3.096
   3.097
   3.065
   3.030
   2.993
   2.800
   0.000
 -65.534
 -65.534
 -65.534
 -65.534
 -65.534
 -65.534
 -65.534
 -65.534
 -65.534
 -65.534
 -65.534
 -65.534
 -65.534
 -65.534
 -65.534
 -65.534
 -65.534
 -65.534
   0.869
   1.053
   1.109
   1.152
   1.189
   1.219
   1.240
   1.251
   1.256
   1.257
   1.251
   1.239
   1.226
   1.220
   1.222
   1.236
   1.261
   1.293
   1.328
   1.366
   1.407
   1.451
   1.499
   1.547
   1.588
   1.624
   1.654
   1.683
   1.711
   1.748
   1.795
   1.852
   1.918
   1.994
   2.087
   2.194
   2.301
   2.414
   2.536
   2.652
   2.756
   2.841
   2.911
   2.969
   3.003
   3.001
   2.965
   2.926
   2.879
   2.660
   0.000
 -65.534
 -65.534
 -65.534
 -65.534
 -65.534
 -65.534
 -65.534
 -65.534
 -65.534
 -65.534
 -65.534
 -65.534
 -65.534
 -65.534
 -65.534
 -65.534
 -65.534
   0.870
   1.048
   1.121
   1.174
   1.221
   1.269
   1.310
   1.334
   1.345
   1.346
   1.337
   1.323
   1.304
   1.280
   1.260
   1.251
   1.253
   1.266
   1.291
   1.318
   1.354
   1.392
   1.435
   1.488
   1.543
   1.593
   1.637
   1.671
   1.696
   1.723
   1.759
   1.808
   1.866
   1.931
   2.003
   2.080
   2.166
   2.255
   2.352
   2.451
   2.545
   2.631
   2.712
   2.778
   2.833
   2.870
   2.869
   2.833
   2.784
   2.729
   2.493
   0.000
 -65.534
 -65.534
 -65.534
 -65.534
 -65.534
 -65.534
 -65.534
 -65.534
 -65.534
 -65.534
 -65.534
 -65.534
 -65.534
 -65.534
 -65.534
 -65.534
 -65.534
   1.027
   1.128
   1.183
   1.239
   1.291
   1.350
   1.400
   1.427
   1.439
   1.438
   1.425
   1.403
   1.380
   1.352
   1.321
   1.303
   1.295
   1.295
   1.307
   1.328
   1.354
   1.389
   1.433
   1.486
   1.544
   1.606
   1.656
   1.694
   1.720
   1.743
   1.776
   1.821
   1.875
   1.937
   1.994
   2.056
   2.120
   2.185
   2.253
   2.330
   2.407
   2.476
   2.546
   2.612
   2.673
   2.715
   2.720
   2.685
   2.640
   2.571
   2.326
   0.000
 -65.534
 -65.534
 -65.534
 -65.534
 -65.534
 -65.534
 -65.534
 -65.534
 -65.534
 -65.534
 -65.534
 -65.534
 -65.534
 -65.534
 -65.534
 -65.534
 -65.534
   1.078
   1.163
   1.220
   1.275
   1.333
   1.400
   1.455
   1.485
   1.496
   1.493
   1.480
   1.458
   1.433
   1.409
   1.374
   1.352
   1.339
   1.333
   1.335
   1.346
   1.368
   1.400
   1.440
   1.493
   1.554
   1.618
   1.670
   1.712
   1.739
   1.762
   1.792
   1.830
   1.874
   1.926
   1.975
   2.027
   2.071
   2.113
   2.154
   2.208
   2.265
   2.325
   2.385
   2.445
   2.505
   2.549
   2.560
   2.544
   2.502
   2.432
   2.175
   0.000
 -65.534
 -65.534
 -65.534
 -65.534
 -65.534
 -65.534
 -65.534
 -65.534
 -65.534
 -65.534
 -65.534
 -65.534
 -65.534
 -65.534
 -65.534
 -65.534
 -65.534
   1.100
   1.174
   1.229
   1.285
   1.349
   1.417
   1.472
   1.500
   1.506
   1.506
   1.496
   1.481
   1.462
   1.445
   1.414
   1.396
   1.383
   1.377
   1.376
   1.384
   1.402
   1.431
   1.470
   1.521
   1.580
   1.637
   1.687
   1.724
   1.752
   1.773
   1.797
   1.824
   1.858
   1.896
   1.934
   1.975
   2.007
   2.028
   2.052
   2.083
   2.128
   2.175
   2.232
   2.288
   2.340
   2.378
   2.396
   2.386
   2.354
   2.290
   2.031
   0.000
 -65.534
 -65.534
 -65.534
 -65.534
 -65.534
 -65.534
 -65.534
 -65.534
 -65.534
 -65.534
 -65.534
 -65.534
 -65.534
 -65.534
 -65.534
 -65.534
 -65.534
 -65.534
   1.147
   1.219
   1.283
   1.349
   1.409
   1.456
   1.478
   1.482
   1.482
   1.480
   1.472
   1.470
   1.464
   1.444
   1.432
   1.427
   1.423
   1.428
   1.432
   1.446
   1.473
   1.512
   1.563
   1.613
   1.662
   1.706
   1.738
   1.765
   1.783
   1.797
   1.818
   1.837
   1.865
   1.891
   1.916
   1.933
   1.944
   1.954
   1.975
   2.008
   2.047
   2.098
   2.147
   2.191
   2.224
   2.237
   2.230
   2.201
   2.138
   1.890
   0.000
 -65.534
 -65.534
 -65.534
 -65.534
 -65.534
 -65.534
 -65.534
 -65.534
 -65.534
 -65.534
 -65.534
 -65.534
 -65.534
 -65.534
 -65.534
 -65.534
 -65.534
 -65.534
 -65.534
   1.181
   1.262
   1.325
   1.379
   1.412
   1.428
   1.430
   1.432
   1.433
   1.439
   1.451
   1.458
   1.460
   1.459
   1.457
   1.469
   1.489
   1.502
   1.517
   1.543
   1.576
   1.598
   1.633
   1.673
   1.712
   1.748
   1.774
   1.789
   1.799
   1.811
   1.822
   1.841
   1.855
   1.869
   1.877
   1.882
   1.886
   1.897
   1.917
   1.952
   1.996
   2.038
   2.070
   2.091
   2.096
   2.081
   2.047
   1.978
   1.729
   0.000
 -65.534
 -65.534
 -65.534
 -65.534
 -65.534
 -65.534
 -65.534
 -65.534
 -65.534
 -65.534
 -65.534
 -65.534
 -65.534
 -65.534
 -65.534
 -65.534
 -65.534
 -65.534
 -65.534
 -65.534
   1.220
   1.293
   1.342
   1.365
   1.375
   1.375
   1.376
   1.378
   1.385
   1.401
   1.406
   1.408
   1.390
   1.356
   1.295
   1.127
 -65.534
 -65.534
 -65.534
 -65.534
   1.511
   1.599
   1.651
   1.700
   1.750
   1.784
   1.803
   1.815
   1.818
   1.822
   1.826
   1.827
   1.829
   1.827
   1.822
   1.822
   1.828
   1.847
   1.873
   1.905
   1.935
   1.957
   1.965
   1.955
   1.927
   1.884
   1.806
   1.560
   0.000
 -65.534
 -65.534
 -65.534
 -65.534
 -65.534
 -65.534
 -65.534
 -65.534
 -65.534
 -65.534
 -65.534
 -65.534
 -65.534
 -65.534
 -65.534
 -65.534
 -65.534
 -65.534
 -65.534
 -65.534
 -65.534
 -65.534
 -65.534
 -65.534
   1.265
   1.303
   1.312
   1.320
   1.328
   1.340
   1.342
   1.335
   1.295
   1.239
   1.152
   0.987
 -65.534
 -65.534
 -65.534
 -65.534
 -65.534
 -65.534
   1.577
   1.674
   1.742
   1.791
   1.814
   1.824
   1.828
   1.821
   1.813
   1.805
   1.793
   1.780
   1.769
   1.764
   1.763
   1.771
   1.789
   1.808
   1.827
   1.836
   1.830
   1.806
   1.762
   1.701
   1.610
   1.374
   0.000
 -65.534
 -65.534
 -65.534
 -65.534
 -65.534
 -65.534
 -65.534
 -65.534
 -65.534
 -65.534
 -65.534
 -65.534
 -65.534
 -65.534
 -65.534
 -65.534
 -65.534
 -65.534
 -65.534
 -65.534
 -65.534
 -65.534
 -65.534
 -65.534
   1.180
   1.220
   1.239
   1.252
   1.271
   1.279
   1.269
   1.249
   1.215
   1.171
   1.113
   1.000
 -65.534
 -65.534
 -65.534
 -65.534
 -65.534
 -65.534
 -65.534
   1.613
   1.730
   1.787
   1.818
   1.825
   1.830
   1.819
   1.804
   1.789
   1.767
   1.747
   1.731
   1.715
   1.709
   1.707
   1.711
   1.716
   1.716
   1.706
   1.678
   1.636
   1.579
   1.503
   1.404
   1.181
   0.000
 -65.534
 -65.534
 -65.534
 -65.534
 -65.534
 -65.534
 -65.534
 -65.534
 -65.534
 -65.534
 -65.534
 -65.534
 -65.534
 -65.534
 -65.534
 -65.534
 -65.534
 -65.534
 -65.534
 -65.534
 -65.534
 -65.534
 -65.534
 -65.534
 -65.534
 -65.534
 -65.534
 -65.534
 -65.534
   1.113
   1.143
   1.151
   1.154
   1.145
   1.117
   1.035
   0.671
 -65.534
 -65.534
 -65.534
 -65.534
 -65.534
 -65.534
   1.351
   1.318
 -65.534
   1.667
   1.755
   1.783
   1.805
   1.796
   1.777
   1.747
   1.722
   1.700
   1.682
   1.666
   1.650
   1.636
   1.624
   1.604
   1.568
   1.519
   1.454
   1.380
   1.293
   1.187
   0.980
   0.000
 -65.534
 -65.534
 -65.534
 -65.534
 -65.534
 -65.534
 -65.534
 -65.534
 -65.534
 -65.534
 -65.534
 -65.534
 -65.534
 -65.534
 -65.534
 -65.534
 -65.534
 -65.534
 -65.534
 -65.534
 -65.534
 -65.534
 -65.534
 -65.534
 -65.534
 -65.534
 -65.534
 -65.534
 -65.534
 -65.534
 -65.534
 -65.534
   1.026
   1.107
   1.111
   1.043
   0.831
   0.607
 -65.534
 -65.534
 -65.534
 -65.534
 -65.534
 -65.534
 -65.534
 -65.534
 -65.534
 -65.534
 -65.534
   1.609
   1.709
   1.723
   1.737
   1.712
   1.682
   1.643
   1.611
   1.582
   1.550
   1.516
   1.477
   1.421
   1.354
   1.276
   1.192
   1.099
   0.992
   0.800
   0.000
 -65.534
 -65.534
 -65.534
 -65.534
 -65.534
 -65.534
 -65.534
 -65.534
 -65.534
 -65.534
 -65.534
 -65.534
 -65.534
 -65.534
 -65.534
 -65.534
 -65.534
 -65.534
 -65.534
 -65.534
 -65.534
 -65.534
 -65.534
 -65.534
 -65.534
 -65.534
 -65.534
 -65.534
 -65.534
 -65.534
 -65.534
 -65.534
   0.935
   1.039
   1.061
   1.006
   0.868
   0.724
   0.582
   0.478
 -65.534
 -65.534
 -65.534
 -65.534
 -65.534
 -65.534
 -65.534
 -65.534
 -65.534
 -65.534
 -65.534
 -65.534
   1.513
   1.593
   1.587
   1.576
   1.536
   1.490
   1.442
   1.394
   1.340
   1.272
   1.196
   1.113
   1.026
   0.937
   0.838
   0.666
   0.000
 -65.534
 -65.534
 -65.534
 -65.534
 -65.534
 -65.534
 -65.534
 -65.534
 -65.534
 -65.534
 -65.534
 -65.534
 -65.534
 -65.534
 -65.534
 -65.534
 -65.534
 -65.534
 -65.534
 -65.534
 -65.534
 -65.534
 -65.534
 -65.534
 -65.534
 -65.534
 -65.534
 -65.534
 -65.534
 -65.534
 -65.534
 -65.534
 -65.534
 -65.534
 -65.534
 -65.534
   0.675
   0.676
   0.625
   0.563
   0.479
   0.418
   0.379
   0.368
   0.365
 -65.534
 -65.534
 -65.534
 -65.534
 -65.534
 -65.534
 -65.534
 -65.534
 -65.534
 -65.534
   1.344
   1.408
   1.388
   1.338
   1.273
   1.206
   1.135
   1.054
   0.972
   0.890
   0.804
   0.710
   0.556
   0.000
 -65.534
 -65.534
 -65.534
 -65.534
 -65.534
 -65.534
 -65.534
 -65.534
 -65.534
 -65.534
 -65.534
 -65.534
 -65.534
 -65.534
 -65.534
 -65.534
 -65.534
 -65.534
 -65.534
 -65.534
 -65.534
 -65.534
 -65.534
 -65.534
 -65.534
 -65.534
 -65.534
 -65.534
 -65.534
 -65.534
 -65.534
 -65.534
 -65.534
 -65.534
 -65.534
 -65.534
 -65.534
 -65.534
 -65.534
 -65.534
   0.398
 -65.534
 -65.534
 -65.534
 -65.534
 -65.534
 -65.534
 -65.534
 -65.534
 -65.534
 -65.534
 -65.534
 -65.534
 -65.534
 -65.534
   1.123
   1.227
   1.238
   1.202
   1.164
   1.094
   1.004
   0.922
   0.844
   0.767
   0.693
   0.608
   0.463
   0.000
 -65.534
 -65.534
 -65.534
 -65.534
 -65.534
 -65.534
 -65.534
 -65.534
 -65.534
 -65.534
 -65.534
 -65.534
 -65.534
 -65.534
 -65.534
 -65.534
 -65.534
 -65.534
 -65.534
 -65.534
 -65.534
 -65.534
 -65.534
 -65.534
 -65.534
 -65.534
 -65.534
 -65.534
 -65.534
 -65.534
 -65.534
 -65.534
 -65.534
 -65.534
 -65.534
 -65.534
 -65.534
 -65.534
 -65.534
 -65.534
 -65.534
 -65.534
 -65.534
 -65.534
 -65.534
 -65.534
 -65.534
 -65.534
 -65.534
 -65.534
 -65.534
 -65.534
 -65.534
 -65.534
 -65.534
 -65.534
 -65.534
 -65.534
 -65.534
   0.938
   0.921
   0.860
   0.780
   0.710
   0.647
   0.585
   0.518
   0.392
   0.000
 -65.534
 -65.534
 -65.534
 -65.534
 -65.534
 -65.534
 -65.534
 -65.534
 -65.534
 -65.534
 -65.534
 -65.534
 -65.534
 -65.534
 -65.534
 -65.534
 -65.534
 -65.534
 -65.534
 -65.534
 -65.534
 -65.534
 -65.534
 -65.534
 -65.534
 -65.534
 -65.534
 -65.534
 -65.534
 -65.534
 -65.534
 -65.534
 -65.534
 -65.534
 -65.534
 -65.534
 -65.534
 -65.534
 -65.534
 -65.534
 -65.534
 -65.534
 -65.534
 -65.534
 -65.534
 -65.534
 -65.534
 -65.534
 -65.534
 -65.534
 -65.534
 -65.534
 -65.534
 -65.534
 -65.534
 -65.534
 -65.534
 -65.534
 -65.534
 -65.534
 -65.534
   0.000
   0.000
   0.000
   0.000
   0.000
   0.000
   0.000
 -65.534
