 -65.534
   0.000
   0.000
   0.000
   0.000
   0.000
   0.000
   0.000
   0.000
   0.000
   0.000
   0.000
   0.000
   0.000
   0.000
   0.000
   0.000
   0.000
   0.000
   0.000
   0.000
   0.000
   0.000
   0.000
   0.000
   0.000
   0.000
   0.000
   0.000
   0.000
   0.000
   0.000
   0.000
   0.000
   0.000
   0.000
   0.000
   0.000
   0.000
   0.000
   0.000
   0.000
   0.000
   0.000
   0.000
   0.000
   0.000
   0.000
   0.000
   0.000
   0.000
   0.000
   0.000
   0.000
   0.000
   0.000
   0.000
   0.000
   0.000
   0.000
   0.000
   0.000
   0.000
   0.000
   0.000
   0.000
   0.000
   0.000
 -65.534
   0.000
   1.509
   1.705
   1.803
   1.891
   1.959
   2.010
   2.043
   2.065
   2.080
   2.099
   2.121
   2.143
   2.170
   2.198
   2.229
   2.272
   2.340
   2.426
   2.528
   2.642
   2.763
   2.873
   2.991
   3.033
   3.042
   3.048
   3.059
   3.073
   3.096
   3.123
   3.139
   3.167
   3.202
   3.222
   3.247
   3.260
   3.281
   3.314
   3.352
   3.399
   3.455
   3.512
   3.577
   3.645
   3.710
   3.784
   3.869
   3.964
   4.091
   4.234
   4.391
   4.577
   4.765
   4.994
   5.207
   5.407
   5.583
   5.731
   5.862
   5.973
   6.047
   6.089
   6.087
   6.030
   5.924
   5.824
   5.388
   0.000
   0.000
   1.565
   1.728
   1.795
   1.865
   1.921
   1.971
   2.012
   2.045
   2.078
   2.109
   2.138
   2.168
   2.197
   2.230
   2.270
   2.317
   2.386
   2.473
   2.574
   2.687
   2.804
   2.912
   3.019
   3.078
   3.114
   3.147
   3.179
   3.218
   3.265
   3.308
   3.349
   3.391
   3.441
   3.475
   3.496
   3.507
   3.515
   3.530
   3.559
   3.602
   3.662
   3.727
   3.808
   3.903
   4.019
   4.158
   4.316
   4.482
   4.668
   4.864
   5.079
   5.318
   5.574
   5.830
   6.080
   6.326
   6.553
   6.753
   6.936
   7.093
   7.218
   7.302
   7.338
   7.329
   7.255
   7.172
   6.679
   0.000
   0.000
   1.520
   1.656
   1.709
   1.761
   1.806
   1.852
   1.898
   1.942
   1.990
   2.036
   2.081
   2.119
   2.155
   2.190
   2.230
   2.280
   2.348
   2.434
   2.533
   2.643
   2.757
   2.864
   2.956
   3.035
   3.092
   3.142
   3.197
   3.250
   3.306
   3.363
   3.418
   3.474
   3.529
   3.567
   3.595
   3.605
   3.609
   3.612
   3.626
   3.662
   3.712
   3.768
   3.838
   3.937
   4.077
   4.262
   4.477
   4.703
   4.940
   5.189
   5.440
   5.707
   5.981
   6.263
   6.546
   6.813
   7.056
   7.270
   7.467
   7.640
   7.785
   7.890
   7.961
   7.978
   7.939
   7.891
   7.407
   0.000
   0.000
   1.467
   1.588
   1.626
   1.663
   1.699
   1.741
   1.791
   1.840
   1.899
   1.957
   2.011
   2.062
   2.108
   2.149
   2.193
   2.245
   2.312
   2.397
   2.496
   2.602
   2.722
   2.828
   2.922
   3.009
   3.082
   3.154
   3.223
   3.293
   3.363
   3.431
   3.496
   3.565
   3.629
   3.678
   3.710
   3.722
   3.726
   3.727
   3.743
   3.773
   3.814
   3.864
   3.928
   4.026
   4.175
   4.382
   4.635
   4.910
   5.189
   5.476
   5.765
   6.056
   6.355
   6.660
   6.961
   7.245
   7.500
   7.729
   7.939
   8.127
   8.287
   8.425
   8.515
   8.569
   8.558
   8.544
   8.084
   0.000
   0.000
   1.414
   1.517
   1.546
   1.577
   1.609
   1.647
   1.693
   1.749
   1.811
   1.879
   1.943
   1.999
   2.049
   2.099
   2.148
   2.202
   2.270
   2.356
   2.451
   2.561
   2.675
   2.782
   2.883
   2.969
   3.058
   3.153
   3.241
   3.324
   3.407
   3.477
   3.550
   3.624
   3.695
   3.755
   3.796
   3.819
   3.827
   3.830
   3.853
   3.896
   3.946
   4.002
   4.069
   4.168
   4.312
   4.522
   4.789
   5.094
   5.409
   5.727
   6.048
   6.364
   6.686
   7.009
   7.321
   7.618
   7.888
   8.133
   8.359
   8.574
   8.762
   8.919
   9.046
   9.132
   9.143
   9.150
   8.725
   0.000
   0.000
   1.354
   1.443
   1.475
   1.507
   1.535
   1.572
   1.620
   1.677
   1.742
   1.811
   1.879
   1.939
   1.998
   2.049
   2.101
   2.162
   2.230
   2.311
   2.404
   2.508
   2.616
   2.715
   2.815
   2.914
   3.025
   3.136
   3.245
   3.345
   3.434
   3.514
   3.586
   3.659
   3.735
   3.803
   3.858
   3.897
   3.921
   3.944
   3.980
   4.038
   4.108
   4.184
   4.261
   4.356
   4.482
   4.667
   4.923
   5.229
   5.560
   5.906
   6.247
   6.590
   6.937
   7.276
   7.601
   7.918
   8.204
   8.464
   8.716
   8.960
   9.171
   9.350
   9.504
   9.617
   9.663
   9.691
   9.299
   0.000
   0.000
   1.286
   1.373
   1.402
   1.436
   1.469
   1.508
   1.557
   1.618
   1.686
   1.758
   1.827
   1.890
   1.949
   2.005
   2.061
   2.122
   2.193
   2.274
   2.361
   2.458
   2.560
   2.658
   2.757
   2.862
   2.980
   3.107
   3.230
   3.345
   3.446
   3.530
   3.607
   3.681
   3.757
   3.835
   3.910
   3.970
   4.016
   4.062
   4.121
   4.204
   4.300
   4.398
   4.489
   4.577
   4.669
   4.814
   5.029
   5.304
   5.634
   5.991
   6.352
   6.716
   7.084
   7.444
   7.793
   8.119
   8.429
   8.720
   8.997
   9.251
   9.484
   9.698
   9.887
  10.031
  10.100
  10.145
   9.796
   0.000
   0.000
   1.204
   1.290
   1.326
   1.363
   1.400
   1.445
   1.497
   1.559
   1.633
   1.709
   1.780
   1.847
   1.908
   1.965
   2.023
   2.088
   2.160
   2.239
   2.327
   2.417
   2.510
   2.604
   2.703
   2.808
   2.929
   3.063
   3.198
   3.330
   3.443
   3.536
   3.621
   3.703
   3.787
   3.867
   3.956
   4.037
   4.113
   4.183
   4.270
   4.375
   4.494
   4.617
   4.728
   4.814
   4.887
   4.990
   5.159
   5.389
   5.678
   6.015
   6.383
   6.764
   7.157
   7.538
   7.903
   8.248
   8.578
   8.878
   9.178
   9.448
   9.705
   9.948
  10.170
  10.348
  10.445
  10.504
  10.182
   0.000
   0.000
   1.101
   1.185
   1.230
   1.279
   1.321
   1.370
   1.427
   1.499
   1.578
   1.659
   1.733
   1.802
   1.864
   1.923
   1.984
   2.054
   2.125
   2.205
   2.287
   2.374
   2.459
   2.552
   2.646
   2.754
   2.878
   3.015
   3.164
   3.307
   3.432
   3.540
   3.633
   3.727
   3.821
   3.913
   4.008
   4.107
   4.201
   4.291
   4.401
   4.528
   4.667
   4.810
   4.944
   5.047
   5.120
   5.194
   5.318
   5.509
   5.750
   6.032
   6.393
   6.781
   7.180
   7.566
   7.939
   8.299
   8.646
   8.967
   9.274
   9.570
   9.847
  10.117
  10.369
  10.568
  10.694
  10.790
  10.510
   0.000
   0.000
   0.992
   1.069
   1.120
   1.174
   1.227
   1.283
   1.347
   1.423
   1.510
   1.598
   1.679
   1.751
   1.816
   1.879
   1.943
   2.011
   2.088
   2.167
   2.246
   2.326
   2.411
   2.497
   2.593
   2.702
   2.832
   2.977
   3.133
   3.282
   3.418
   3.536
   3.647
   3.754
   3.863
   3.976
   4.085
   4.192
   4.292
   4.394
   4.516
   4.654
   4.804
   4.960
   5.110
   5.238
   5.334
   5.410
   5.501
   5.647
   5.837
   6.076
   6.418
   6.786
   7.167
   7.537
   7.922
   8.298
   8.659
   8.991
   9.308
   9.609
   9.906
  10.191
  10.466
  10.696
  10.860
  10.992
  10.766
   0.000
   0.000
   0.895
   0.958
   1.008
   1.062
   1.121
   1.183
   1.253
   1.331
   1.421
   1.516
   1.603
   1.684
   1.758
   1.827
   1.897
   1.969
   2.042
   2.119
   2.196
   2.272
   2.350
   2.437
   2.535
   2.652
   2.786
   2.933
   3.093
   3.247
   3.391
   3.525
   3.652
   3.779
   3.903
   4.033
   4.163
   4.278
   4.381
   4.484
   4.607
   4.750
   4.910
   5.077
   5.237
   5.378
   5.499
   5.592
   5.685
   5.799
   5.950
   6.160
   6.461
   6.798
   7.153
   7.523
   7.882
   8.263
   8.639
   8.980
   9.301
   9.609
   9.915
  10.214
  10.504
  10.759
  10.964
  11.132
  10.945
   0.000
   0.000
   0.831
   0.870
   0.907
   0.952
   1.007
   1.069
   1.140
   1.219
   1.310
   1.406
   1.500
   1.590
   1.677
   1.757
   1.834
   1.911
   1.989
   2.063
   2.136
   2.210
   2.284
   2.369
   2.469
   2.589
   2.730
   2.880
   3.038
   3.194
   3.348
   3.492
   3.639
   3.789
   3.936
   4.077
   4.218
   4.344
   4.450
   4.552
   4.670
   4.817
   4.986
   5.170
   5.338
   5.488
   5.620
   5.730
   5.822
   5.922
   6.054
   6.250
   6.528
   6.842
   7.170
   7.511
   7.856
   8.218
   8.595
   8.944
   9.264
   9.582
   9.897
  10.209
  10.517
  10.798
  11.040
  11.243
  11.069
   0.000
 -65.534
 -65.534
   0.806
   0.823
   0.857
   0.898
   0.951
   1.017
   1.094
   1.181
   1.276
   1.372
   1.468
   1.568
   1.660
   1.751
   1.836
   1.916
   1.993
   2.066
   2.136
   2.211
   2.296
   2.396
   2.521
   2.662
   2.814
   2.974
   3.136
   3.292
   3.449
   3.609
   3.773
   3.935
   4.093
   4.239
   4.373
   4.487
   4.595
   4.715
   4.862
   5.040
   5.238
   5.421
   5.586
   5.720
   5.827
   5.913
   6.002
   6.125
   6.310
   6.550
   6.843
   7.151
   7.466
   7.803
   8.152
   8.518
   8.874
   9.207
   9.538
   9.865
  10.201
  10.533
  10.842
  11.103
  11.321
  11.175
   0.000
 -65.534
 -65.534
 -65.534
   0.764
   0.764
   0.796
   0.836
   0.891
   0.959
   1.043
   1.135
   1.228
   1.327
   1.435
   1.541
   1.641
   1.734
   1.822
   1.900
   1.977
   2.049
   2.123
   2.211
   2.318
   2.442
   2.586
   2.739
   2.897
   3.061
   3.224
   3.388
   3.557
   3.727
   3.901
   4.073
   4.227
   4.368
   4.492
   4.610
   4.742
   4.893
   5.084
   5.288
   5.488
   5.672
   5.821
   5.919
   5.991
   6.065
   6.165
   6.331
   6.547
   6.812
   7.082
   7.383
   7.720
   8.072
   8.431
   8.789
   9.130
   9.476
   9.820
  10.164
  10.524
  10.860
  11.144
  11.394
  11.245
   0.000
 -65.534
 -65.534
 -65.534
 -65.534
   0.686
   0.702
   0.730
   0.768
   0.824
   0.898
   0.981
   1.076
   1.179
   1.286
   1.399
   1.506
   1.607
   1.695
   1.777
   1.854
   1.926
   2.007
   2.099
   2.210
   2.338
   2.484
   2.637
   2.800
   2.965
   3.129
   3.294
   3.470
   3.647
   3.829
   4.007
   4.172
   4.327
   4.458
   4.585
   4.729
   4.899
   5.099
   5.304
   5.515
   5.716
   5.882
   5.997
   6.053
   6.100
   6.179
   6.323
   6.510
   6.737
   7.001
   7.289
   7.612
   7.958
   8.312
   8.670
   9.028
   9.384
   9.754
  10.126
  10.495
  10.859
  11.166
  11.439
  11.301
   0.000
 -65.534
 -65.534
 -65.534
 -65.534
   0.639
   0.629
   0.643
   0.663
   0.702
   0.759
   0.833
   0.918
   1.017
   1.129
   1.240
   1.350
   1.452
   1.543
   1.623
   1.697
   1.770
   1.850
   1.945
   2.057
   2.190
   2.340
   2.500
   2.664
   2.833
   3.002
   3.170
   3.345
   3.528
   3.712
   3.898
   4.071
   4.230
   4.374
   4.507
   4.644
   4.830
   5.041
   5.256
   5.471
   5.674
   5.862
   6.003
   6.079
   6.127
   6.196
   6.302
   6.470
   6.681
   6.924
   7.208
   7.516
   7.845
   8.172
   8.526
   8.891
   9.263
   9.653
  10.046
  10.442
  10.809
  11.146
  11.461
  11.350
   0.000
 -65.534
 -65.534
 -65.534
 -65.534
   0.621
   0.585
   0.583
   0.591
   0.612
   0.650
   0.707
   0.777
   0.864
   0.964
   1.076
   1.186
   1.284
   1.371
   1.450
   1.522
   1.589
   1.661
   1.751
   1.863
   1.998
   2.149
   2.313
   2.486
   2.658
   2.829
   3.005
   3.183
   3.363
   3.549
   3.734
   3.913
   4.080
   4.231
   4.365
   4.501
   4.669
   4.875
   5.122
   5.349
   5.565
   5.768
   5.930
   6.042
   6.123
   6.201
   6.304
   6.455
   6.660
   6.897
   7.152
   7.427
   7.716
   8.025
   8.368
   8.739
   9.124
   9.525
   9.934
  10.324
  10.725
  11.105
  11.437
  11.272
   0.000
 -65.534
 -65.534
 -65.534
 -65.534
   0.700
   0.642
   0.618
   0.591
   0.569
   0.589
   0.624
   0.677
   0.742
   0.826
   0.921
   1.019
   1.115
   1.202
   1.279
   1.342
   1.400
   1.464
   1.543
   1.650
   1.780
   1.930
   2.097
   2.270
   2.447
   2.620
   2.796
   2.971
   3.152
   3.331
   3.516
   3.698
   3.871
   4.027
   4.170
   4.313
   4.471
   4.671
   4.908
   5.139
   5.374
   5.601
   5.794
   5.941
   6.064
   6.175
   6.296
   6.455
   6.649
   6.875
   7.107
   7.338
   7.585
   7.864
   8.203
   8.585
   8.985
   9.385
   9.772
  10.167
  10.570
  10.948
  11.286
  11.079
   0.000
 -65.534
 -65.534
 -65.534
 -65.534
 -65.534
 -65.534
 -65.534
 -65.534
   0.597
   0.590
   0.600
   0.624
   0.663
   0.723
   0.795
   0.877
   0.964
   1.049
   1.125
   1.189
   1.239
   1.289
   1.353
   1.450
   1.576
   1.722
   1.881
   2.049
   2.221
   2.390
   2.560
   2.731
   2.903
   3.076
   3.255
   3.441
   3.622
   3.795
   3.950
   4.109
   4.284
   4.490
   4.712
   4.951
   5.195
   5.414
   5.608
   5.792
   5.964
   6.116
   6.271
   6.446
   6.636
   6.839
   7.059
   7.266
   7.473
   7.712
   8.053
   8.444
   8.848
   9.244
   9.603
   9.989
  10.380
  10.736
  11.042
  10.773
   0.000
 -65.534
 -65.534
 -65.534
 -65.534
 -65.534
 -65.534
   0.407
   0.613
   0.700
   0.626
   0.618
   0.614
   0.631
   0.665
   0.718
   0.787
   0.862
   0.941
   1.015
   1.071
   1.119
   1.164
   1.224
   1.307
   1.416
   1.554
   1.708
   1.870
   2.030
   2.192
   2.350
   2.511
   2.671
   2.837
   3.012
   3.193
   3.384
   3.573
   3.757
   3.944
   4.139
   4.354
   4.581
   4.818
   5.053
   5.262
   5.459
   5.667
   5.852
   6.018
   6.200
   6.395
   6.595
   6.802
   7.019
   7.220
   7.398
   7.587
   7.926
   8.314
   8.696
   9.062
   9.395
   9.753
  10.134
  10.464
  10.715
  10.350
   0.000
 -65.534
 -65.534
 -65.534
 -65.534
 -65.534
 -65.534
 -65.534
 -65.534
 -65.534
   0.757
   0.729
   0.717
   0.715
   0.721
   0.730
   0.744
   0.813
   0.885
   0.954
   1.018
   1.059
   1.101
   1.157
   1.237
   1.342
   1.465
   1.601
   1.748
   1.900
   2.049
   2.196
   2.351
   2.508
   2.671
   2.839
   3.018
   3.214
   3.414
   3.618
   3.829
   4.047
   4.274
   4.505
   4.726
   4.942
   5.148
   5.350
   5.559
   5.756
   5.951
   6.154
   6.373
   6.590
   6.807
   7.029
   7.245
   7.407
   7.575
   7.866
   8.176
   8.521
   8.835
   9.143
   9.474
   9.812
  10.105
  10.297
   9.816
   0.000
 -65.534
 -65.534
 -65.534
 -65.534
 -65.534
 -65.534
 -65.534
 -65.534
 -65.534
 -65.534
 -65.534
 -65.534
 -65.534
 -65.534
 -65.534
   0.864
   0.906
   0.946
   0.980
   1.011
   1.063
   1.107
   1.159
   1.231
   1.329
   1.444
   1.570
   1.698
   1.835
   1.978
   2.122
   2.266
   2.419
   2.579
   2.750
   2.931
   3.124
   3.330
   3.558
   3.785
   4.010
   4.236
   4.458
   4.679
   4.888
   5.085
   5.285
   5.499
   5.709
   5.915
   6.123
   6.339
   6.568
   6.810
   7.066
   7.311
   7.510
   7.680
   7.805
   8.060
   8.422
   8.727
   9.033
   9.288
   9.513
   9.673
   9.790
   9.209
   0.000
 -65.534
 -65.534
 -65.534
 -65.534
 -65.534
 -65.534
 -65.534
 -65.534
 -65.534
 -65.534
 -65.534
 -65.534
 -65.534
 -65.534
 -65.534
 -65.534
 -65.534
 -65.534
 -65.534
   1.077
   1.121
   1.163
   1.215
   1.283
   1.371
   1.474
   1.592
   1.717
   1.844
   1.970
   2.106
   2.251
   2.406
   2.569
   2.743
   2.926
   3.117
   3.322
   3.538
   3.768
   4.001
   4.229
   4.452
   4.665
   4.868
   5.062
   5.261
   5.472
   5.691
   5.897
   6.103
   6.326
   6.560
   6.819
   7.095
   7.362
   7.588
   7.756
   7.881
   8.073
   8.310
   8.547
   8.753
   8.912
   8.944
   8.960
   9.151
   8.502
   0.000
 -65.534
 -65.534
 -65.534
 -65.534
 -65.534
 -65.534
 -65.534
 -65.534
 -65.534
 -65.534
 -65.534
 -65.534
 -65.534
 -65.534
 -65.534
 -65.534
 -65.534
 -65.534
   0.795
   1.194
   1.205
   1.252
   1.305
   1.375
   1.457
   1.552
   1.660
   1.775
   1.894
   2.017
   2.144
   2.286
   2.440
   2.607
   2.785
   2.967
   3.156
   3.354
   3.566
   3.790
   4.023
   4.260
   4.489
   4.701
   4.896
   5.078
   5.260
   5.455
   5.659
   5.868
   6.077
   6.290
   6.523
   6.779
   7.047
   7.312
   7.552
   7.720
   7.822
   7.918
   8.047
   8.199
   8.319
   8.433
   8.457
   8.449
   8.291
   7.358
   0.000
 -65.534
 -65.534
 -65.534
 -65.534
 -65.534
 -65.534
 -65.534
 -65.534
 -65.534
 -65.534
 -65.534
 -65.534
 -65.534
 -65.534
 -65.534
 -65.534
 -65.534
   0.651
   1.141
   1.257
   1.293
   1.342
   1.403
   1.477
   1.558
   1.650
   1.752
   1.860
   1.975
   2.091
   2.213
   2.345
   2.498
   2.663
   2.837
   3.021
   3.202
   3.394
   3.597
   3.814
   4.050
   4.289
   4.524
   4.739
   4.929
   5.101
   5.265
   5.438
   5.623
   5.810
   5.998
   6.197
   6.398
   6.629
   6.878
   7.139
   7.371
   7.534
   7.619
   7.670
   7.710
   7.769
   7.811
   7.820
   7.787
   7.741
   7.485
   6.437
   0.000
 -65.534
 -65.534
 -65.534
 -65.534
 -65.534
 -65.534
 -65.534
 -65.534
 -65.534
 -65.534
 -65.534
 -65.534
 -65.534
 -65.534
 -65.534
 -65.534
 -65.534
   0.975
   1.238
   1.313
   1.370
   1.422
   1.488
   1.564
   1.657
   1.749
   1.849
   1.953
   2.063
   2.178
   2.296
   2.418
   2.563
   2.717
   2.879
   3.049
   3.224
   3.404
   3.600
   3.811
   4.037
   4.275
   4.510
   4.724
   4.911
   5.077
   5.232
   5.391
   5.551
   5.715
   5.876
   6.018
   6.172
   6.358
   6.567
   6.797
   7.026
   7.190
   7.264
   7.283
   7.277
   7.257
   7.202
   7.107
   7.048
   6.898
   6.612
   5.674
   0.000
 -65.534
 -65.534
 -65.534
 -65.534
 -65.534
 -65.534
 -65.534
 -65.534
 -65.534
 -65.534
 -65.534
 -65.534
 -65.534
 -65.534
 -65.534
 -65.534
 -65.534
   1.129
   1.301
   1.373
   1.434
   1.493
   1.557
   1.636
   1.735
   1.832
   1.933
   2.039
   2.150
   2.265
   2.382
   2.497
   2.626
   2.766
   2.914
   3.069
   3.230
   3.397
   3.577
   3.772
   3.981
   4.202
   4.425
   4.632
   4.818
   4.981
   5.138
   5.294
   5.441
   5.583
   5.710
   5.820
   5.935
   6.067
   6.212
   6.383
   6.559
   6.691
   6.752
   6.742
   6.681
   6.583
   6.444
   6.318
   6.212
   6.066
   5.831
   5.068
   0.000
 -65.534
 -65.534
 -65.534
 -65.534
 -65.534
 -65.534
 -65.534
 -65.534
 -65.534
 -65.534
 -65.534
 -65.534
 -65.534
 -65.534
 -65.534
 -65.534
 -65.534
   1.284
   1.347
   1.422
   1.488
   1.549
   1.613
   1.690
   1.784
   1.890
   1.990
   2.098
   2.214
   2.329
   2.447
   2.556
   2.678
   2.808
   2.940
   3.082
   3.223
   3.373
   3.533
   3.706
   3.895
   4.092
   4.292
   4.488
   4.664
   4.828
   4.982
   5.123
   5.254
   5.373
   5.474
   5.553
   5.628
   5.698
   5.767
   5.849
   5.943
   6.031
   6.052
   6.019
   5.929
   5.781
   5.589
   5.452
   5.349
   5.265
   5.123
   4.563
   0.000
 -65.534
 -65.534
 -65.534
 -65.534
 -65.534
 -65.534
 -65.534
 -65.534
 -65.534
 -65.534
 -65.534
 -65.534
 -65.534
 -65.534
 -65.534
 -65.534
 -65.534
 -65.534
   1.433
   1.466
   1.532
   1.593
   1.656
   1.732
   1.816
   1.915
   2.014
   2.120
   2.234
   2.354
   2.471
   2.574
   2.692
   2.818
   2.947
   3.081
   3.207
   3.334
   3.476
   3.626
   3.784
   3.957
   4.138
   4.316
   4.478
   4.634
   4.771
   4.888
   4.998
   5.085
   5.157
   5.200
   5.234
   5.245
   5.250
   5.248
   5.261
   5.254
   5.217
   5.145
   5.031
   4.879
   4.702
   4.577
   4.514
   4.480
   4.423
   4.052
   0.000
 -65.534
 -65.534
 -65.534
 -65.534
 -65.534
 -65.534
 -65.534
 -65.534
 -65.534
 -65.534
 -65.534
 -65.534
 -65.534
 -65.534
 -65.534
 -65.534
 -65.534
 -65.534
 -65.534
   1.538
   1.565
   1.620
   1.684
   1.752
   1.833
   1.916
   2.005
   2.105
   2.217
   2.335
   2.446
   2.561
   2.680
   2.800
   2.929
   3.058
   3.126
   3.242
   3.360
   3.498
   3.682
   3.819
   3.948
   4.099
   4.240
   4.366
   4.475
   4.561
   4.635
   4.690
   4.743
   4.750
   4.749
   4.730
   4.688
   4.632
   4.558
   4.469
   4.364
   4.249
   4.114
   3.977
   3.841
   3.761
   3.735
   3.747
   3.738
   3.460
   0.000
 -65.534
 -65.534
 -65.534
 -65.534
 -65.534
 -65.534
 -65.534
 -65.534
 -65.534
 -65.534
 -65.534
 -65.534
 -65.534
 -65.534
 -65.534
 -65.534
 -65.534
 -65.534
 -65.534
 -65.534
   1.612
   1.654
   1.706
   1.765
   1.829
   1.906
   1.986
   2.075
   2.176
   2.285
   2.393
   2.515
   2.633
   2.744
   2.823
   2.729
 -65.534
 -65.534
 -65.534
 -65.534
   3.326
   3.547
   3.776
   3.863
   3.964
   4.046
   4.113
   4.167
   4.201
   4.224
   4.230
   4.206
   4.165
   4.114
   4.037
   3.942
   3.829
   3.704
   3.559
   3.421
   3.290
   3.187
   3.121
   3.090
   3.096
   3.121
   3.134
   2.918
   0.000
 -65.534
 -65.534
 -65.534
 -65.534
 -65.534
 -65.534
 -65.534
 -65.534
 -65.534
 -65.534
 -65.534
 -65.534
 -65.534
 -65.534
 -65.534
 -65.534
 -65.534
 -65.534
 -65.534
 -65.534
 -65.534
 -65.534
 -65.534
 -65.534
   1.818
   1.880
   1.953
   2.034
   2.124
   2.216
   2.315
   2.433
   2.541
   2.623
   2.625
   2.446
 -65.534
 -65.534
 -65.534
 -65.534
 -65.534
 -65.534
   3.211
   3.575
   3.645
   3.697
   3.701
   3.697
   3.684
   3.658
   3.621
   3.575
   3.506
   3.420
   3.326
   3.207
   3.070
   2.927
   2.797
   2.696
   2.616
   2.557
   2.538
   2.550
   2.569
   2.578
   2.565
   2.388
   0.000
 -65.534
 -65.534
 -65.534
 -65.534
 -65.534
 -65.534
 -65.534
 -65.534
 -65.534
 -65.534
 -65.534
 -65.534
 -65.534
 -65.534
 -65.534
 -65.534
 -65.534
 -65.534
 -65.534
 -65.534
 -65.534
 -65.534
 -65.534
 -65.534
   1.778
   1.815
   1.875
   1.953
   2.050
   2.154
   2.237
   2.330
   2.415
   2.458
   2.421
   2.285
 -65.534
 -65.534
 -65.534
 -65.534
 -65.534
 -65.534
 -65.534
   3.049
   3.251
   3.155
   3.278
   3.219
   3.158
   3.090
   3.033
   2.965
   2.881
   2.787
   2.676
   2.547
   2.422
   2.315
   2.232
   2.171
   2.145
   2.131
   2.130
   2.118
   2.082
   2.061
   2.023
   1.832
   0.000
 -65.534
 -65.534
 -65.534
 -65.534
 -65.534
 -65.534
 -65.534
 -65.534
 -65.534
 -65.534
 -65.534
 -65.534
 -65.534
 -65.534
 -65.534
 -65.534
 -65.534
 -65.534
 -65.534
 -65.534
 -65.534
 -65.534
 -65.534
 -65.534
 -65.534
 -65.534
 -65.534
 -65.534
 -65.534
   2.076
   2.131
   2.193
   2.274
   2.277
   2.215
   2.047
   0.753
 -65.534
 -65.534
 -65.534
 -65.534
 -65.534
 -65.534
   2.233
   2.508
 -65.534
   2.316
   2.478
   2.476
   2.575
   2.512
   2.435
   2.340
   2.251
   2.159
   2.064
   1.967
   1.882
   1.825
   1.779
   1.754
   1.736
   1.728
   1.723
   1.724
   1.692
   1.646
   1.500
   0.000
 -65.534
 -65.534
 -65.534
 -65.534
 -65.534
 -65.534
 -65.534
 -65.534
 -65.534
 -65.534
 -65.534
 -65.534
 -65.534
 -65.534
 -65.534
 -65.534
 -65.534
 -65.534
 -65.534
 -65.534
 -65.534
 -65.534
 -65.534
 -65.534
 -65.534
 -65.534
 -65.534
 -65.534
 -65.534
 -65.534
 -65.534
 -65.534
   2.154
   2.116
   2.038
   1.834
   0.999
   0.436
 -65.534
 -65.534
 -65.534
 -65.534
 -65.534
 -65.534
 -65.534
 -65.534
 -65.534
 -65.534
 -65.534
   1.658
   1.869
   1.869
   1.941
   1.876
   1.792
   1.702
   1.625
   1.564
   1.512
   1.481
   1.454
   1.436
   1.427
   1.411
   1.387
   1.341
   1.290
   1.153
   0.000
 -65.534
 -65.534
 -65.534
 -65.534
 -65.534
 -65.534
 -65.534
 -65.534
 -65.534
 -65.534
 -65.534
 -65.534
 -65.534
 -65.534
 -65.534
 -65.534
 -65.534
 -65.534
 -65.534
 -65.534
 -65.534
 -65.534
 -65.534
 -65.534
 -65.534
 -65.534
 -65.534
 -65.534
 -65.534
 -65.534
 -65.534
 -65.534
   1.936
   1.883
   1.790
   1.580
   1.089
   0.603
   0.321
   0.246
 -65.534
 -65.534
 -65.534
 -65.534
 -65.534
 -65.534
 -65.534
 -65.534
 -65.534
 -65.534
 -65.534
 -65.534
   1.213
   1.373
   1.356
   1.392
   1.340
   1.278
   1.224
   1.187
   1.167
   1.149
   1.139
   1.127
   1.105
   1.069
   1.035
   0.927
   0.000
 -65.534
 -65.534
 -65.534
 -65.534
 -65.534
 -65.534
 -65.534
 -65.534
 -65.534
 -65.534
 -65.534
 -65.534
 -65.534
 -65.534
 -65.534
 -65.534
 -65.534
 -65.534
 -65.534
 -65.534
 -65.534
 -65.534
 -65.534
 -65.534
 -65.534
 -65.534
 -65.534
 -65.534
 -65.534
 -65.534
 -65.534
 -65.534
 -65.534
 -65.534
 -65.534
 -65.534
   0.932
   0.657
   0.406
   0.250
   0.196
   0.155
   0.147
   0.160
   0.161
 -65.534
 -65.534
 -65.534
 -65.534
 -65.534
 -65.534
 -65.534
 -65.534
 -65.534
 -65.534
   0.916
   1.045
   1.022
   0.977
   0.934
   0.904
   0.886
   0.875
   0.868
   0.857
   0.838
   0.817
   0.744
   0.000
 -65.534
 -65.534
 -65.534
 -65.534
 -65.534
 -65.534
 -65.534
 -65.534
 -65.534
 -65.534
 -65.534
 -65.534
 -65.534
 -65.534
 -65.534
 -65.534
 -65.534
 -65.534
 -65.534
 -65.534
 -65.534
 -65.534
 -65.534
 -65.534
 -65.534
 -65.534
 -65.534
 -65.534
 -65.534
 -65.534
 -65.534
 -65.534
 -65.534
 -65.534
 -65.534
 -65.534
 -65.534
 -65.534
 -65.534
 -65.534
   0.144
 -65.534
 -65.534
 -65.534
 -65.534
 -65.534
 -65.534
 -65.534
 -65.534
 -65.534
 -65.534
 -65.534
 -65.534
 -65.534
 -65.534
   0.436
   0.619
   0.659
   0.657
   0.697
   0.675
   0.630
   0.615
   0.616
   0.625
   0.631
   0.626
   0.578
   0.000
 -65.534
 -65.534
 -65.534
 -65.534
 -65.534
 -65.534
 -65.534
 -65.534
 -65.534
 -65.534
 -65.534
 -65.534
 -65.534
 -65.534
 -65.534
 -65.534
 -65.534
 -65.534
 -65.534
 -65.534
 -65.534
 -65.534
 -65.534
 -65.534
 -65.534
 -65.534
 -65.534
 -65.534
 -65.534
 -65.534
 -65.534
 -65.534
 -65.534
 -65.534
 -65.534
 -65.534
 -65.534
 -65.534
 -65.534
 -65.534
 -65.534
 -65.534
 -65.534
 -65.534
 -65.534
 -65.534
 -65.534
 -65.534
 -65.534
 -65.534
 -65.534
 -65.534
 -65.534
 -65.534
 -65.534
 -65.534
 -65.534
 -65.534
 -65.534
   0.295
   0.371
   0.366
   0.349
   0.355
   0.375
   0.393
   0.418
   0.399
   0.000
 -65.534
 -65.534
 -65.534
 -65.534
 -65.534
 -65.534
 -65.534
 -65.534
 -65.534
 -65.534
 -65.534
 -65.534
 -65.534
 -65.534
 -65.534
 -65.534
 -65.534
 -65.534
 -65.534
 -65.534
 -65.534
 -65.534
 -65.534
 -65.534
 -65.534
 -65.534
 -65.534
 -65.534
 -65.534
 -65.534
 -65.534
 -65.534
 -65.534
 -65.534
 -65.534
 -65.534
 -65.534
 -65.534
 -65.534
 -65.534
 -65.534
 -65.534
 -65.534
 -65.534
 -65.534
 -65.534
 -65.534
 -65.534
 -65.534
 -65.534
 -65.534
 -65.534
 -65.534
 -65.534
 -65.534
 -65.534
 -65.534
 -65.534
 -65.534
 -65.534
 -65.534
   0.000
   0.000
   0.000
   0.000
   0.000
   0.000
   0.000
 -65.534
