 -65.534
   0.000
   0.000
   0.000
   0.000
   0.000
   0.000
   0.000
   0.000
   0.000
   0.000
   0.000
   0.000
   0.000
   0.000
   0.000
   0.000
   0.000
   0.000
   0.000
   0.000
   0.000
   0.000
   0.000
   0.000
   0.000
   0.000
   0.000
   0.000
   0.000
   0.000
   0.000
   0.000
   0.000
   0.000
   0.000
   0.000
   0.000
   0.000
   0.000
   0.000
   0.000
   0.000
   0.000
   0.000
   0.000
   0.000
   0.000
   0.000
   0.000
   0.000
   0.000
   0.000
   0.000
   0.000
   0.000
   0.000
   0.000
   0.000
   0.000
   0.000
   0.000
   0.000
   0.000
   0.000
   0.000
   0.000
   0.000
 -65.534
   0.000
   0.892
   0.988
   1.040
   1.104
   1.167
   1.225
   1.280
   1.334
   1.386
   1.436
   1.489
   1.543
   1.593
   1.641
   1.687
   1.721
   1.748
   1.767
   1.777
   1.782
   1.779
   1.772
   1.753
   1.748
   1.740
   1.725
   1.699
   1.663
   1.620
   1.578
   1.534
   1.488
   1.441
   1.397
   1.344
   1.295
   1.247
   1.212
   1.191
   1.185
   1.188
   1.201
   1.205
   1.188
   1.159
   1.130
   1.113
   1.104
   1.107
   1.118
   1.130
   1.150
   1.163
   1.184
   1.196
   1.195
   1.197
   1.194
   1.186
   1.176
   1.166
   1.158
   1.145
   1.124
   1.103
   1.082
   1.013
   0.000
   0.000
   0.986
   1.073
   1.117
   1.177
   1.242
   1.308
   1.372
   1.431
   1.490
   1.548
   1.609
   1.667
   1.720
   1.763
   1.804
   1.833
   1.860
   1.874
   1.884
   1.883
   1.878
   1.868
   1.849
   1.838
   1.822
   1.806
   1.780
   1.747
   1.709
   1.667
   1.624
   1.581
   1.532
   1.480
   1.422
   1.359
   1.304
   1.254
   1.222
   1.206
   1.208
   1.217
   1.222
   1.209
   1.185
   1.166
   1.163
   1.169
   1.186
   1.207
   1.235
   1.264
   1.293
   1.317
   1.333
   1.348
   1.355
   1.354
   1.356
   1.352
   1.344
   1.334
   1.323
   1.311
   1.295
   1.277
   1.203
   0.000
   0.000
   0.995
   1.076
   1.110
   1.166
   1.227
   1.293
   1.358
   1.421
   1.482
   1.541
   1.596
   1.651
   1.701
   1.740
   1.772
   1.797
   1.815
   1.825
   1.833
   1.832
   1.829
   1.822
   1.811
   1.796
   1.786
   1.773
   1.751
   1.720
   1.684
   1.646
   1.610
   1.569
   1.524
   1.475
   1.416
   1.350
   1.286
   1.232
   1.191
   1.170
   1.164
   1.165
   1.168
   1.162
   1.146
   1.136
   1.144
   1.163
   1.186
   1.215
   1.246
   1.278
   1.310
   1.339
   1.364
   1.385
   1.393
   1.393
   1.393
   1.389
   1.383
   1.374
   1.372
   1.369
   1.362
   1.353
   1.285
   0.000
   0.000
   1.004
   1.078
   1.106
   1.150
   1.204
   1.264
   1.326
   1.386
   1.447
   1.505
   1.559
   1.611
   1.654
   1.685
   1.708
   1.726
   1.737
   1.741
   1.746
   1.745
   1.745
   1.742
   1.739
   1.731
   1.726
   1.718
   1.704
   1.683
   1.658
   1.624
   1.587
   1.550
   1.508
   1.458
   1.397
   1.330
   1.260
   1.200
   1.157
   1.131
   1.117
   1.112
   1.113
   1.109
   1.104
   1.107
   1.120
   1.144
   1.173
   1.205
   1.238
   1.270
   1.306
   1.337
   1.368
   1.391
   1.399
   1.401
   1.401
   1.398
   1.394
   1.395
   1.398
   1.407
   1.413
   1.417
   1.357
   0.000
   0.000
   1.018
   1.081
   1.104
   1.141
   1.184
   1.236
   1.291
   1.348
   1.404
   1.456
   1.506
   1.547
   1.577
   1.602
   1.615
   1.622
   1.627
   1.630
   1.633
   1.636
   1.639
   1.641
   1.644
   1.652
   1.655
   1.657
   1.654
   1.644
   1.624
   1.595
   1.559
   1.523
   1.480
   1.427
   1.368
   1.301
   1.229
   1.164
   1.116
   1.087
   1.069
   1.060
   1.055
   1.055
   1.057
   1.067
   1.087
   1.118
   1.151
   1.185
   1.221
   1.255
   1.289
   1.318
   1.347
   1.370
   1.380
   1.381
   1.384
   1.387
   1.392
   1.401
   1.414
   1.434
   1.452
   1.468
   1.416
   0.000
   0.000
   1.027
   1.090
   1.113
   1.140
   1.173
   1.214
   1.261
   1.314
   1.362
   1.407
   1.444
   1.477
   1.498
   1.510
   1.512
   1.515
   1.514
   1.514
   1.518
   1.523
   1.529
   1.540
   1.553
   1.568
   1.581
   1.594
   1.603
   1.605
   1.593
   1.564
   1.530
   1.488
   1.443
   1.390
   1.329
   1.261
   1.194
   1.132
   1.083
   1.049
   1.029
   1.018
   1.013
   1.007
   1.007
   1.013
   1.036
   1.072
   1.110
   1.151
   1.190
   1.227
   1.260
   1.290
   1.316
   1.337
   1.346
   1.350
   1.356
   1.368
   1.382
   1.395
   1.415
   1.445
   1.476
   1.499
   1.454
   0.000
   0.000
   1.034
   1.099
   1.116
   1.142
   1.169
   1.200
   1.238
   1.283
   1.324
   1.361
   1.391
   1.413
   1.428
   1.430
   1.427
   1.424
   1.419
   1.418
   1.418
   1.424
   1.434
   1.448
   1.466
   1.488
   1.510
   1.534
   1.553
   1.562
   1.555
   1.531
   1.492
   1.443
   1.393
   1.336
   1.277
   1.215
   1.157
   1.103
   1.059
   1.025
   1.004
   0.989
   0.978
   0.967
   0.955
   0.955
   0.974
   1.006
   1.050
   1.098
   1.145
   1.186
   1.219
   1.250
   1.275
   1.295
   1.305
   1.309
   1.322
   1.335
   1.355
   1.377
   1.405
   1.441
   1.475
   1.503
   1.465
   0.000
   0.000
   1.029
   1.103
   1.124
   1.147
   1.168
   1.195
   1.227
   1.258
   1.293
   1.325
   1.347
   1.363
   1.370
   1.370
   1.361
   1.353
   1.347
   1.342
   1.342
   1.344
   1.355
   1.369
   1.390
   1.416
   1.442
   1.471
   1.497
   1.511
   1.507
   1.483
   1.442
   1.392
   1.338
   1.279
   1.225
   1.172
   1.121
   1.079
   1.042
   1.013
   0.989
   0.972
   0.955
   0.938
   0.919
   0.908
   0.918
   0.943
   0.985
   1.033
   1.086
   1.137
   1.178
   1.212
   1.238
   1.259
   1.271
   1.273
   1.291
   1.306
   1.327
   1.353
   1.389
   1.427
   1.462
   1.497
   1.461
   0.000
   0.000
   1.010
   1.088
   1.119
   1.146
   1.167
   1.188
   1.214
   1.244
   1.275
   1.304
   1.318
   1.324
   1.325
   1.321
   1.310
   1.301
   1.293
   1.288
   1.286
   1.288
   1.295
   1.310
   1.327
   1.350
   1.379
   1.407
   1.435
   1.452
   1.450
   1.427
   1.386
   1.337
   1.284
   1.230
   1.182
   1.139
   1.099
   1.063
   1.035
   1.011
   0.988
   0.968
   0.950
   0.930
   0.903
   0.885
   0.884
   0.906
   0.938
   0.978
   1.032
   1.089
   1.139
   1.176
   1.205
   1.228
   1.242
   1.252
   1.267
   1.290
   1.314
   1.345
   1.381
   1.419
   1.459
   1.497
   1.465
   0.000
   0.000
   0.978
   1.061
   1.099
   1.134
   1.158
   1.179
   1.201
   1.228
   1.254
   1.279
   1.294
   1.302
   1.299
   1.292
   1.274
   1.260
   1.253
   1.247
   1.245
   1.246
   1.254
   1.264
   1.278
   1.298
   1.325
   1.354
   1.380
   1.396
   1.394
   1.375
   1.339
   1.296
   1.246
   1.198
   1.156
   1.120
   1.084
   1.053
   1.030
   1.008
   0.990
   0.968
   0.947
   0.928
   0.905
   0.883
   0.877
   0.889
   0.912
   0.942
   0.995
   1.049
   1.097
   1.133
   1.167
   1.193
   1.212
   1.229
   1.252
   1.282
   1.314
   1.348
   1.386
   1.427
   1.469
   1.509
   1.480
   0.000
   0.000
   0.948
   1.035
   1.073
   1.107
   1.133
   1.159
   1.184
   1.207
   1.232
   1.256
   1.274
   1.284
   1.286
   1.276
   1.260
   1.244
   1.229
   1.218
   1.213
   1.215
   1.220
   1.227
   1.237
   1.254
   1.278
   1.302
   1.330
   1.346
   1.348
   1.335
   1.308
   1.273
   1.229
   1.187
   1.150
   1.115
   1.083
   1.052
   1.029
   1.009
   0.991
   0.972
   0.947
   0.925
   0.907
   0.890
   0.885
   0.889
   0.901
   0.927
   0.971
   1.016
   1.059
   1.096
   1.124
   1.150
   1.177
   1.206
   1.242
   1.283
   1.324
   1.366
   1.410
   1.455
   1.499
   1.541
   1.510
   0.000
   0.000
   0.878
   1.006
   1.043
   1.073
   1.098
   1.127
   1.154
   1.183
   1.210
   1.236
   1.255
   1.269
   1.273
   1.269
   1.254
   1.237
   1.218
   1.201
   1.190
   1.185
   1.188
   1.193
   1.201
   1.218
   1.239
   1.264
   1.290
   1.310
   1.319
   1.313
   1.296
   1.269
   1.233
   1.196
   1.164
   1.130
   1.096
   1.065
   1.042
   1.022
   1.004
   0.983
   0.957
   0.931
   0.913
   0.899
   0.893
   0.895
   0.905
   0.924
   0.961
   0.999
   1.032
   1.059
   1.086
   1.112
   1.144
   1.187
   1.235
   1.291
   1.343
   1.396
   1.447
   1.499
   1.547
   1.587
   1.552
   0.000
 -65.534
 -65.534
   0.890
   1.002
   1.028
   1.055
   1.085
   1.116
   1.146
   1.175
   1.203
   1.225
   1.237
   1.245
   1.246
   1.237
   1.223
   1.204
   1.186
   1.172
   1.163
   1.161
   1.163
   1.171
   1.187
   1.212
   1.237
   1.263
   1.285
   1.300
   1.304
   1.296
   1.276
   1.248
   1.216
   1.188
   1.158
   1.123
   1.094
   1.069
   1.048
   1.028
   1.008
   0.979
   0.952
   0.930
   0.914
   0.905
   0.905
   0.914
   0.927
   0.950
   0.980
   1.003
   1.026
   1.049
   1.076
   1.116
   1.168
   1.233
   1.299
   1.366
   1.437
   1.501
   1.559
   1.607
   1.644
   1.600
   0.000
 -65.534
 -65.534
 -65.534
   0.867
   0.973
   1.005
   1.039
   1.069
   1.098
   1.127
   1.153
   1.176
   1.188
   1.196
   1.197
   1.196
   1.185
   1.175
   1.160
   1.150
   1.142
   1.138
   1.140
   1.148
   1.166
   1.193
   1.219
   1.247
   1.273
   1.292
   1.302
   1.300
   1.288
   1.267
   1.246
   1.214
   1.187
   1.158
   1.129
   1.107
   1.085
   1.070
   1.047
   1.015
   0.984
   0.956
   0.933
   0.920
   0.917
   0.918
   0.926
   0.941
   0.961
   0.974
   0.989
   1.014
   1.050
   1.093
   1.154
   1.230
   1.310
   1.390
   1.467
   1.541
   1.607
   1.660
   1.697
   1.644
   0.000
 -65.534
 -65.534
 -65.534
 -65.534
   0.886
   0.948
   0.984
   1.012
   1.038
   1.066
   1.093
   1.112
   1.128
   1.134
   1.137
   1.132
   1.127
   1.121
   1.114
   1.111
   1.109
   1.112
   1.117
   1.130
   1.150
   1.177
   1.208
   1.237
   1.263
   1.283
   1.296
   1.298
   1.292
   1.281
   1.265
   1.242
   1.225
   1.196
   1.171
   1.151
   1.135
   1.118
   1.094
   1.059
   1.024
   0.989
   0.958
   0.938
   0.928
   0.923
   0.925
   0.933
   0.942
   0.952
   0.968
   0.995
   1.037
   1.090
   1.158
   1.241
   1.325
   1.408
   1.490
   1.565
   1.633
   1.691
   1.728
   1.673
   0.000
 -65.534
 -65.534
 -65.534
 -65.534
   0.828
   0.892
   0.924
   0.949
   0.971
   0.998
   1.026
   1.046
   1.062
   1.072
   1.073
   1.068
   1.061
   1.057
   1.055
   1.055
   1.059
   1.071
   1.082
   1.098
   1.122
   1.150
   1.181
   1.212
   1.239
   1.260
   1.275
   1.284
   1.285
   1.280
   1.273
   1.262
   1.251
   1.232
   1.215
   1.193
   1.179
   1.164
   1.139
   1.105
   1.062
   1.024
   0.988
   0.960
   0.939
   0.927
   0.920
   0.921
   0.929
   0.940
   0.962
   0.997
   1.049
   1.110
   1.178
   1.259
   1.343
   1.427
   1.506
   1.579
   1.641
   1.697
   1.735
   1.682
   0.000
 -65.534
 -65.534
 -65.534
 -65.534
   0.775
   0.833
   0.865
   0.887
   0.906
   0.932
   0.959
   0.982
   1.000
   1.010
   1.013
   1.010
   1.000
   0.994
   0.989
   0.993
   1.001
   1.013
   1.030
   1.048
   1.071
   1.100
   1.129
   1.161
   1.190
   1.216
   1.238
   1.252
   1.256
   1.261
   1.264
   1.265
   1.264
   1.258
   1.247
   1.228
   1.208
   1.188
   1.171
   1.137
   1.093
   1.050
   1.009
   0.972
   0.946
   0.927
   0.913
   0.913
   0.923
   0.939
   0.970
   1.013
   1.068
   1.135
   1.209
   1.287
   1.365
   1.442
   1.515
   1.579
   1.636
   1.687
   1.723
   1.675
   0.000
 -65.534
 -65.534
 -65.534
 -65.534
   0.694
   0.742
   0.778
   0.810
   0.850
   0.868
   0.894
   0.917
   0.936
   0.947
   0.950
   0.947
   0.941
   0.937
   0.935
   0.936
   0.942
   0.953
   0.968
   0.989
   1.011
   1.034
   1.063
   1.092
   1.123
   1.153
   1.179
   1.196
   1.211
   1.221
   1.233
   1.246
   1.254
   1.261
   1.256
   1.244
   1.220
   1.200
   1.177
   1.144
   1.107
   1.070
   1.027
   0.984
   0.954
   0.928
   0.912
   0.911
   0.923
   0.945
   0.979
   1.027
   1.091
   1.164
   1.242
   1.320
   1.396
   1.467
   1.530
   1.585
   1.634
   1.682
   1.719
   1.673
   0.000
 -65.534
 -65.534
 -65.534
 -65.534
 -65.534
 -65.534
 -65.534
 -65.534
   0.750
   0.794
   0.825
   0.848
   0.870
   0.883
   0.888
   0.887
   0.886
   0.889
   0.893
   0.899
   0.903
   0.907
   0.916
   0.931
   0.953
   0.974
   0.998
   1.023
   1.050
   1.079
   1.108
   1.132
   1.150
   1.168
   1.187
   1.206
   1.225
   1.237
   1.241
   1.234
   1.219
   1.201
   1.176
   1.148
   1.115
   1.076
   1.034
   0.996
   0.965
   0.941
   0.924
   0.923
   0.936
   0.962
   0.999
   1.049
   1.117
   1.192
   1.274
   1.358
   1.436
   1.503
   1.556
   1.603
   1.649
   1.694
   1.727
   1.688
   0.000
 -65.534
 -65.534
 -65.534
 -65.534
 -65.534
 -65.534
   0.520
   0.557
   0.673
   0.732
   0.759
   0.783
   0.804
   0.819
   0.830
   0.835
   0.845
   0.857
   0.868
   0.874
   0.877
   0.877
   0.884
   0.893
   0.904
   0.924
   0.945
   0.969
   0.992
   1.020
   1.046
   1.069
   1.090
   1.111
   1.131
   1.155
   1.178
   1.196
   1.206
   1.207
   1.200
   1.185
   1.166
   1.144
   1.117
   1.081
   1.042
   1.010
   0.981
   0.955
   0.939
   0.941
   0.955
   0.984
   1.026
   1.081
   1.146
   1.221
   1.306
   1.386
   1.462
   1.528
   1.580
   1.627
   1.675
   1.719
   1.754
   1.708
   0.000
 -65.534
 -65.534
 -65.534
 -65.534
 -65.534
 -65.534
 -65.534
 -65.534
 -65.534
   0.649
   0.677
   0.699
   0.718
   0.737
   0.759
   0.791
   0.809
   0.833
   0.854
   0.864
   0.861
   0.860
   0.864
   0.874
   0.890
   0.905
   0.918
   0.939
   0.958
   0.978
   0.997
   1.021
   1.044
   1.062
   1.082
   1.102
   1.123
   1.141
   1.156
   1.163
   1.166
   1.161
   1.149
   1.129
   1.107
   1.080
   1.049
   1.021
   0.996
   0.980
   0.973
   0.977
   0.994
   1.025
   1.067
   1.121
   1.184
   1.259
   1.333
   1.406
   1.477
   1.540
   1.599
   1.650
   1.700
   1.745
   1.779
   1.722
   0.000
 -65.534
 -65.534
 -65.534
 -65.534
 -65.534
 -65.534
 -65.534
 -65.534
 -65.534
 -65.534
 -65.534
 -65.534
 -65.534
 -65.534
 -65.534
   0.661
   0.724
   0.768
   0.814
   0.858
   0.856
   0.857
   0.864
   0.880
   0.900
   0.920
   0.938
   0.950
   0.963
   0.974
   0.988
   0.998
   1.009
   1.022
   1.037
   1.050
   1.068
   1.087
   1.114
   1.128
   1.133
   1.130
   1.120
   1.109
   1.095
   1.074
   1.054
   1.035
   1.019
   1.006
   1.003
   1.009
   1.031
   1.066
   1.112
   1.166
   1.228
   1.295
   1.358
   1.415
   1.475
   1.538
   1.606
   1.664
   1.715
   1.756
   1.784
   1.719
   0.000
 -65.534
 -65.534
 -65.534
 -65.534
 -65.534
 -65.534
 -65.534
 -65.534
 -65.534
 -65.534
 -65.534
 -65.534
 -65.534
 -65.534
 -65.534
 -65.534
 -65.534
 -65.534
 -65.534
   0.785
   0.838
   0.863
   0.884
   0.909
   0.936
   0.962
   0.983
   1.001
   1.008
   1.008
   1.007
   1.007
   1.008
   1.009
   1.012
   1.021
   1.033
   1.049
   1.070
   1.091
   1.101
   1.102
   1.100
   1.091
   1.082
   1.069
   1.056
   1.045
   1.042
   1.035
   1.035
   1.047
   1.070
   1.106
   1.153
   1.205
   1.263
   1.320
   1.369
   1.412
   1.460
   1.524
   1.591
   1.656
   1.709
   1.750
   1.771
   1.699
   0.000
 -65.534
 -65.534
 -65.534
 -65.534
 -65.534
 -65.534
 -65.534
 -65.534
 -65.534
 -65.534
 -65.534
 -65.534
 -65.534
 -65.534
 -65.534
 -65.534
 -65.534
 -65.534
   0.736
   0.827
   0.868
   0.897
   0.925
   0.955
   0.984
   1.012
   1.039
   1.060
   1.069
   1.067
   1.058
   1.048
   1.035
   1.026
   1.022
   1.024
   1.029
   1.036
   1.050
   1.065
   1.081
   1.090
   1.088
   1.085
   1.076
   1.067
   1.057
   1.053
   1.053
   1.062
   1.075
   1.091
   1.118
   1.154
   1.191
   1.228
   1.279
   1.325
   1.363
   1.394
   1.438
   1.497
   1.560
   1.625
   1.683
   1.726
   1.745
   1.668
   0.000
 -65.534
 -65.534
 -65.534
 -65.534
 -65.534
 -65.534
 -65.534
 -65.534
 -65.534
 -65.534
 -65.534
 -65.534
 -65.534
 -65.534
 -65.534
 -65.534
 -65.534
   0.790
   0.866
   0.901
   0.929
   0.953
   0.983
   1.011
   1.041
   1.069
   1.097
   1.116
   1.131
   1.133
   1.126
   1.108
   1.092
   1.074
   1.059
   1.051
   1.046
   1.044
   1.046
   1.054
   1.069
   1.082
   1.094
   1.101
   1.101
   1.093
   1.081
   1.077
   1.083
   1.093
   1.112
   1.132
   1.158
   1.186
   1.215
   1.248
   1.286
   1.317
   1.342
   1.369
   1.402
   1.450
   1.512
   1.577
   1.635
   1.680
   1.699
   1.621
   0.000
 -65.534
 -65.534
 -65.534
 -65.534
 -65.534
 -65.534
 -65.534
 -65.534
 -65.534
 -65.534
 -65.534
 -65.534
 -65.534
 -65.534
 -65.534
 -65.534
 -65.534
   0.894
   0.938
   0.965
   0.990
   1.013
   1.042
   1.070
   1.093
   1.119
   1.143
   1.163
   1.176
   1.185
   1.181
   1.163
   1.143
   1.123
   1.101
   1.082
   1.066
   1.051
   1.043
   1.046
   1.056
   1.075
   1.098
   1.120
   1.135
   1.135
   1.125
   1.118
   1.124
   1.134
   1.152
   1.166
   1.185
   1.204
   1.220
   1.240
   1.266
   1.287
   1.302
   1.319
   1.351
   1.397
   1.449
   1.506
   1.561
   1.611
   1.633
   1.567
   0.000
 -65.534
 -65.534
 -65.534
 -65.534
 -65.534
 -65.534
 -65.534
 -65.534
 -65.534
 -65.534
 -65.534
 -65.534
 -65.534
 -65.534
 -65.534
 -65.534
 -65.534
   0.944
   0.983
   1.010
   1.034
   1.059
   1.090
   1.118
   1.134
   1.151
   1.168
   1.183
   1.197
   1.206
   1.205
   1.185
   1.167
   1.144
   1.119
   1.094
   1.071
   1.052
   1.039
   1.037
   1.047
   1.069
   1.100
   1.133
   1.158
   1.167
   1.164
   1.162
   1.166
   1.176
   1.189
   1.201
   1.216
   1.228
   1.234
   1.238
   1.248
   1.256
   1.265
   1.274
   1.298
   1.331
   1.375
   1.426
   1.481
   1.525
   1.551
   1.497
   0.000
 -65.534
 -65.534
 -65.534
 -65.534
 -65.534
 -65.534
 -65.534
 -65.534
 -65.534
 -65.534
 -65.534
 -65.534
 -65.534
 -65.534
 -65.534
 -65.534
 -65.534
   0.961
   1.004
   1.035
   1.060
   1.088
   1.117
   1.142
   1.155
   1.163
   1.172
   1.182
   1.193
   1.201
   1.203
   1.185
   1.167
   1.148
   1.124
   1.100
   1.074
   1.056
   1.044
   1.041
   1.055
   1.079
   1.110
   1.146
   1.172
   1.189
   1.194
   1.197
   1.202
   1.213
   1.223
   1.234
   1.244
   1.248
   1.244
   1.239
   1.232
   1.231
   1.228
   1.235
   1.248
   1.270
   1.300
   1.337
   1.382
   1.422
   1.454
   1.401
   0.000
 -65.534
 -65.534
 -65.534
 -65.534
 -65.534
 -65.534
 -65.534
 -65.534
 -65.534
 -65.534
 -65.534
 -65.534
 -65.534
 -65.534
 -65.534
 -65.534
 -65.534
 -65.534
   0.993
   1.036
   1.066
   1.093
   1.118
   1.140
   1.147
   1.153
   1.158
   1.166
   1.173
   1.182
   1.182
   1.168
   1.155
   1.138
   1.120
   1.099
   1.078
   1.063
   1.057
   1.062
   1.079
   1.098
   1.127
   1.156
   1.185
   1.207
   1.223
   1.230
   1.244
   1.255
   1.268
   1.273
   1.275
   1.272
   1.261
   1.241
   1.226
   1.215
   1.205
   1.203
   1.208
   1.219
   1.236
   1.258
   1.284
   1.311
   1.337
   1.288
   0.000
 -65.534
 -65.534
 -65.534
 -65.534
 -65.534
 -65.534
 -65.534
 -65.534
 -65.534
 -65.534
 -65.534
 -65.534
 -65.534
 -65.534
 -65.534
 -65.534
 -65.534
 -65.534
 -65.534
   1.006
   1.043
   1.070
   1.090
   1.103
   1.109
   1.111
   1.114
   1.120
   1.126
   1.134
   1.133
   1.128
   1.122
   1.111
   1.103
   1.099
   1.095
   1.086
   1.088
   1.097
   1.100
   1.110
   1.128
   1.156
   1.189
   1.221
   1.244
   1.264
   1.286
   1.305
   1.322
   1.326
   1.324
   1.314
   1.294
   1.265
   1.238
   1.214
   1.198
   1.191
   1.188
   1.188
   1.190
   1.195
   1.203
   1.212
   1.222
   1.162
   0.000
 -65.534
 -65.534
 -65.534
 -65.534
 -65.534
 -65.534
 -65.534
 -65.534
 -65.534
 -65.534
 -65.534
 -65.534
 -65.534
 -65.534
 -65.534
 -65.534
 -65.534
 -65.534
 -65.534
 -65.534
   1.003
   1.028
   1.048
   1.056
   1.066
   1.062
   1.063
   1.064
   1.066
   1.070
   1.061
   1.055
   1.037
   1.012
   0.971
   0.878
 -65.534
 -65.534
 -65.534
 -65.534
   0.988
   1.063
   1.108
   1.146
   1.195
   1.238
   1.274
   1.310
   1.337
   1.360
   1.375
   1.380
   1.372
   1.354
   1.324
   1.288
   1.251
   1.222
   1.197
   1.181
   1.172
   1.167
   1.158
   1.147
   1.137
   1.128
   1.122
   1.044
   0.000
 -65.534
 -65.534
 -65.534
 -65.534
 -65.534
 -65.534
 -65.534
 -65.534
 -65.534
 -65.534
 -65.534
 -65.534
 -65.534
 -65.534
 -65.534
 -65.534
 -65.534
 -65.534
 -65.534
 -65.534
 -65.534
 -65.534
 -65.534
 -65.534
   0.982
   1.001
   1.008
   1.008
   1.010
   1.008
   0.997
   0.993
   0.974
   0.947
   0.896
   0.806
 -65.534
 -65.534
 -65.534
 -65.534
 -65.534
 -65.534
   1.019
   1.115
   1.198
   1.264
   1.310
   1.344
   1.373
   1.391
   1.403
   1.405
   1.392
   1.369
   1.336
   1.296
   1.255
   1.220
   1.194
   1.174
   1.159
   1.147
   1.130
   1.107
   1.082
   1.054
   1.029
   0.934
   0.000
 -65.534
 -65.534
 -65.534
 -65.534
 -65.534
 -65.534
 -65.534
 -65.534
 -65.534
 -65.534
 -65.534
 -65.534
 -65.534
 -65.534
 -65.534
 -65.534
 -65.534
 -65.534
 -65.534
 -65.534
 -65.534
 -65.534
 -65.534
 -65.534
   0.898
   0.922
   0.935
   0.944
   0.953
   0.956
   0.949
   0.941
   0.923
   0.893
   0.848
   0.776
 -65.534
 -65.534
 -65.534
 -65.534
 -65.534
 -65.534
 -65.534
   1.049
   1.185
   1.276
   1.328
   1.359
   1.382
   1.393
   1.397
   1.394
   1.381
   1.355
   1.324
   1.289
   1.257
   1.224
   1.195
   1.172
   1.147
   1.124
   1.094
   1.059
   1.020
   0.978
   0.936
   0.831
   0.000
 -65.534
 -65.534
 -65.534
 -65.534
 -65.534
 -65.534
 -65.534
 -65.534
 -65.534
 -65.534
 -65.534
 -65.534
 -65.534
 -65.534
 -65.534
 -65.534
 -65.534
 -65.534
 -65.534
 -65.534
 -65.534
 -65.534
 -65.534
 -65.534
 -65.534
 -65.534
 -65.534
 -65.534
 -65.534
   0.831
   0.864
   0.869
   0.869
   0.843
   0.802
   0.747
   0.449
 -65.534
 -65.534
 -65.534
 -65.534
 -65.534
 -65.534
   0.937
   1.080
 -65.534
   1.108
   1.255
   1.315
   1.352
   1.362
   1.361
   1.345
   1.327
   1.302
   1.275
   1.248
   1.219
   1.188
   1.158
   1.126
   1.090
   1.049
   0.998
   0.947
   0.893
   0.835
   0.724
   0.000
 -65.534
 -65.534
 -65.534
 -65.534
 -65.534
 -65.534
 -65.534
 -65.534
 -65.534
 -65.534
 -65.534
 -65.534
 -65.534
 -65.534
 -65.534
 -65.534
 -65.534
 -65.534
 -65.534
 -65.534
 -65.534
 -65.534
 -65.534
 -65.534
 -65.534
 -65.534
 -65.534
 -65.534
 -65.534
 -65.534
 -65.534
 -65.534
   0.750
   0.770
   0.754
   0.709
   0.556
   0.372
 -65.534
 -65.534
 -65.534
 -65.534
 -65.534
 -65.534
 -65.534
 -65.534
 -65.534
 -65.534
 -65.534
   1.057
   1.219
   1.276
   1.307
   1.297
   1.275
   1.241
   1.211
   1.179
   1.146
   1.113
   1.074
   1.031
   0.983
   0.930
   0.872
   0.810
   0.743
   0.623
   0.000
 -65.534
 -65.534
 -65.534
 -65.534
 -65.534
 -65.534
 -65.534
 -65.534
 -65.534
 -65.534
 -65.534
 -65.534
 -65.534
 -65.534
 -65.534
 -65.534
 -65.534
 -65.534
 -65.534
 -65.534
 -65.534
 -65.534
 -65.534
 -65.534
 -65.534
 -65.534
 -65.534
 -65.534
 -65.534
 -65.534
 -65.534
 -65.534
   0.676
   0.697
   0.701
   0.667
   0.580
   0.470
   0.350
   0.281
 -65.534
 -65.534
 -65.534
 -65.534
 -65.534
 -65.534
 -65.534
 -65.534
 -65.534
 -65.534
 -65.534
 -65.534
   1.018
   1.151
   1.172
   1.163
   1.133
   1.099
   1.066
   1.031
   0.995
   0.951
   0.902
   0.851
   0.797
   0.738
   0.667
   0.549
   0.000
 -65.534
 -65.534
 -65.534
 -65.534
 -65.534
 -65.534
 -65.534
 -65.534
 -65.534
 -65.534
 -65.534
 -65.534
 -65.534
 -65.534
 -65.534
 -65.534
 -65.534
 -65.534
 -65.534
 -65.534
 -65.534
 -65.534
 -65.534
 -65.534
 -65.534
 -65.534
 -65.534
 -65.534
 -65.534
 -65.534
 -65.534
 -65.534
 -65.534
 -65.534
 -65.534
 -65.534
   0.431
   0.428
   0.388
   0.351
   0.290
   0.255
   0.234
   0.234
   0.245
 -65.534
 -65.534
 -65.534
 -65.534
 -65.534
 -65.534
 -65.534
 -65.534
 -65.534
 -65.534
   0.893
   0.992
   1.000
   0.979
   0.945
   0.909
   0.868
   0.823
   0.776
   0.728
   0.671
   0.602
   0.485
   0.000
 -65.534
 -65.534
 -65.534
 -65.534
 -65.534
 -65.534
 -65.534
 -65.534
 -65.534
 -65.534
 -65.534
 -65.534
 -65.534
 -65.534
 -65.534
 -65.534
 -65.534
 -65.534
 -65.534
 -65.534
 -65.534
 -65.534
 -65.534
 -65.534
 -65.534
 -65.534
 -65.534
 -65.534
 -65.534
 -65.534
 -65.534
 -65.534
 -65.534
 -65.534
 -65.534
 -65.534
 -65.534
 -65.534
 -65.534
 -65.534
   0.201
 -65.534
 -65.534
 -65.534
 -65.534
 -65.534
 -65.534
 -65.534
 -65.534
 -65.534
 -65.534
 -65.534
 -65.534
 -65.534
 -65.534
   0.755
   0.870
   0.903
   0.893
   0.872
   0.838
   0.788
   0.745
   0.703
   0.662
   0.615
   0.552
   0.437
   0.000
 -65.534
 -65.534
 -65.534
 -65.534
 -65.534
 -65.534
 -65.534
 -65.534
 -65.534
 -65.534
 -65.534
 -65.534
 -65.534
 -65.534
 -65.534
 -65.534
 -65.534
 -65.534
 -65.534
 -65.534
 -65.534
 -65.534
 -65.534
 -65.534
 -65.534
 -65.534
 -65.534
 -65.534
 -65.534
 -65.534
 -65.534
 -65.534
 -65.534
 -65.534
 -65.534
 -65.534
 -65.534
 -65.534
 -65.534
 -65.534
 -65.534
 -65.534
 -65.534
 -65.534
 -65.534
 -65.534
 -65.534
 -65.534
 -65.534
 -65.534
 -65.534
 -65.534
 -65.534
 -65.534
 -65.534
 -65.534
 -65.534
 -65.534
 -65.534
   0.718
   0.747
   0.722
   0.674
   0.641
   0.612
   0.578
   0.531
   0.420
   0.000
 -65.534
 -65.534
 -65.534
 -65.534
 -65.534
 -65.534
 -65.534
 -65.534
 -65.534
 -65.534
 -65.534
 -65.534
 -65.534
 -65.534
 -65.534
 -65.534
 -65.534
 -65.534
 -65.534
 -65.534
 -65.534
 -65.534
 -65.534
 -65.534
 -65.534
 -65.534
 -65.534
 -65.534
 -65.534
 -65.534
 -65.534
 -65.534
 -65.534
 -65.534
 -65.534
 -65.534
 -65.534
 -65.534
 -65.534
 -65.534
 -65.534
 -65.534
 -65.534
 -65.534
 -65.534
 -65.534
 -65.534
 -65.534
 -65.534
 -65.534
 -65.534
 -65.534
 -65.534
 -65.534
 -65.534
 -65.534
 -65.534
 -65.534
 -65.534
 -65.534
 -65.534
   0.000
   0.000
   0.000
   0.000
   0.000
   0.000
   0.000
 -65.534
