 -65.534
   0.000
   0.000
   0.000
   0.000
   0.000
   0.000
   0.000
   0.000
   0.000
   0.000
   0.000
   0.000
   0.000
   0.000
   0.000
   0.000
   0.000
   0.000
   0.000
   0.000
   0.000
   0.000
   0.000
   0.000
   0.000
   0.000
   0.000
   0.000
   0.000
   0.000
   0.000
   0.000
   0.000
   0.000
   0.000
   0.000
   0.000
   0.000
   0.000
   0.000
   0.000
   0.000
   0.000
   0.000
   0.000
   0.000
   0.000
   0.000
   0.000
   0.000
   0.000
   0.000
   0.000
   0.000
   0.000
   0.000
   0.000
   0.000
   0.000
   0.000
   0.000
   0.000
   0.000
   0.000
   0.000
   0.000
   0.000
 -65.534
   0.000
   1.450
   1.636
   1.739
   1.840
   1.930
   1.997
   2.051
   2.095
   2.139
   2.184
   2.229
   2.279
   2.333
   2.387
   2.445
   2.502
   2.565
   2.634
   2.707
   2.783
   2.855
   2.922
   2.975
   3.008
   3.015
   3.007
   2.983
   2.949
   2.910
   2.874
   2.848
   2.826
   2.809
   2.787
   2.756
   2.721
   2.681
   2.627
   2.563
   2.493
   2.431
   2.372
   2.320
   2.274
   2.243
   2.228
   2.238
   2.268
   2.320
   2.378
   2.433
   2.489
   2.544
   2.634
   2.706
   2.768
   2.808
   2.832
   2.853
   2.868
   2.879
   2.891
   2.903
   2.908
   2.928
   2.967
   2.928
   0.000
   0.000
   1.518
   1.687
   1.767
   1.861
   1.943
   2.019
   2.085
   2.147
   2.205
   2.263
   2.317
   2.373
   2.428
   2.480
   2.535
   2.594
   2.658
   2.726
   2.801
   2.878
   2.952
   3.018
   3.073
   3.107
   3.121
   3.114
   3.096
   3.071
   3.052
   3.039
   3.027
   3.020
   3.017
   3.005
   2.977
   2.939
   2.895
   2.834
   2.766
   2.695
   2.624
   2.542
   2.471
   2.421
   2.406
   2.421
   2.466
   2.531
   2.624
   2.724
   2.823
   2.915
   3.003
   3.083
   3.154
   3.221
   3.274
   3.305
   3.324
   3.339
   3.348
   3.356
   3.361
   3.370
   3.387
   3.416
   3.369
   0.000
   0.000
   1.482
   1.635
   1.702
   1.780
   1.856
   1.932
   2.007
   2.079
   2.152
   2.220
   2.286
   2.344
   2.396
   2.445
   2.497
   2.551
   2.611
   2.680
   2.757
   2.838
   2.915
   2.990
   3.051
   3.087
   3.107
   3.111
   3.104
   3.089
   3.081
   3.079
   3.081
   3.090
   3.107
   3.108
   3.093
   3.059
   3.000
   2.932
   2.855
   2.774
   2.689
   2.602
   2.518
   2.460
   2.437
   2.462
   2.525
   2.620
   2.736
   2.862
   2.983
   3.092
   3.193
   3.284
   3.362
   3.427
   3.478
   3.505
   3.520
   3.530
   3.527
   3.522
   3.527
   3.535
   3.559
   3.591
   3.538
   0.000
   0.000
   1.435
   1.577
   1.632
   1.700
   1.768
   1.839
   1.917
   1.997
   2.077
   2.156
   2.227
   2.291
   2.346
   2.392
   2.438
   2.487
   2.543
   2.610
   2.690
   2.776
   2.864
   2.948
   3.017
   3.065
   3.093
   3.109
   3.110
   3.105
   3.108
   3.118
   3.133
   3.154
   3.186
   3.206
   3.204
   3.174
   3.123
   3.048
   2.968
   2.880
   2.783
   2.684
   2.598
   2.531
   2.506
   2.521
   2.584
   2.687
   2.811
   2.951
   3.084
   3.209
   3.326
   3.426
   3.510
   3.578
   3.628
   3.650
   3.658
   3.658
   3.647
   3.640
   3.644
   3.661
   3.686
   3.716
   3.651
   0.000
   0.000
   1.382
   1.515
   1.567
   1.630
   1.692
   1.760
   1.835
   1.918
   2.000
   2.084
   2.158
   2.222
   2.276
   2.321
   2.360
   2.404
   2.459
   2.526
   2.608
   2.700
   2.789
   2.881
   2.961
   3.020
   3.064
   3.094
   3.103
   3.107
   3.119
   3.142
   3.166
   3.204
   3.250
   3.285
   3.294
   3.274
   3.230
   3.162
   3.083
   2.993
   2.892
   2.789
   2.696
   2.624
   2.583
   2.587
   2.640
   2.736
   2.862
   3.005
   3.145
   3.277
   3.403
   3.512
   3.600
   3.672
   3.722
   3.745
   3.748
   3.742
   3.732
   3.728
   3.739
   3.763
   3.785
   3.806
   3.730
   0.000
   0.000
   1.325
   1.451
   1.504
   1.565
   1.626
   1.695
   1.768
   1.851
   1.937
   2.016
   2.088
   2.152
   2.200
   2.242
   2.279
   2.322
   2.373
   2.439
   2.519
   2.611
   2.707
   2.804
   2.892
   2.962
   3.015
   3.057
   3.080
   3.093
   3.114
   3.152
   3.192
   3.243
   3.298
   3.346
   3.370
   3.371
   3.335
   3.277
   3.206
   3.124
   3.028
   2.920
   2.818
   2.732
   2.674
   2.652
   2.684
   2.765
   2.881
   3.023
   3.165
   3.302
   3.435
   3.549
   3.643
   3.722
   3.775
   3.794
   3.794
   3.789
   3.784
   3.784
   3.803
   3.828
   3.851
   3.862
   3.784
   0.000
   0.000
   1.261
   1.385
   1.440
   1.503
   1.566
   1.634
   1.712
   1.794
   1.878
   1.957
   2.027
   2.087
   2.134
   2.171
   2.208
   2.247
   2.296
   2.360
   2.436
   2.523
   2.620
   2.719
   2.814
   2.890
   2.948
   2.997
   3.031
   3.059
   3.095
   3.147
   3.203
   3.268
   3.334
   3.398
   3.434
   3.451
   3.432
   3.389
   3.335
   3.267
   3.181
   3.078
   2.972
   2.865
   2.773
   2.722
   2.723
   2.769
   2.868
   3.002
   3.140
   3.281
   3.418
   3.540
   3.644
   3.726
   3.780
   3.802
   3.804
   3.799
   3.799
   3.812
   3.838
   3.862
   3.879
   3.883
   3.814
   0.000
   0.000
   1.184
   1.310
   1.367
   1.436
   1.503
   1.575
   1.653
   1.740
   1.826
   1.904
   1.972
   2.027
   2.070
   2.106
   2.140
   2.181
   2.233
   2.291
   2.366
   2.450
   2.540
   2.638
   2.735
   2.816
   2.876
   2.927
   2.971
   3.010
   3.063
   3.133
   3.207
   3.280
   3.362
   3.432
   3.484
   3.515
   3.516
   3.489
   3.454
   3.405
   3.336
   3.253
   3.150
   3.035
   2.915
   2.827
   2.793
   2.799
   2.856
   2.964
   3.095
   3.233
   3.368
   3.495
   3.606
   3.692
   3.748
   3.770
   3.782
   3.781
   3.786
   3.810
   3.842
   3.871
   3.888
   3.893
   3.827
   0.000
   0.000
   1.088
   1.215
   1.281
   1.357
   1.429
   1.507
   1.594
   1.684
   1.774
   1.854
   1.919
   1.971
   2.011
   2.046
   2.080
   2.121
   2.171
   2.231
   2.303
   2.384
   2.472
   2.570
   2.663
   2.741
   2.803
   2.859
   2.907
   2.957
   3.027
   3.112
   3.192
   3.279
   3.369
   3.447
   3.512
   3.561
   3.583
   3.574
   3.551
   3.517
   3.469
   3.408
   3.325
   3.216
   3.088
   2.966
   2.896
   2.870
   2.881
   2.940
   3.049
   3.177
   3.305
   3.422
   3.535
   3.627
   3.683
   3.711
   3.729
   3.740
   3.752
   3.785
   3.827
   3.862
   3.883
   3.891
   3.832
   0.000
   0.000
   0.988
   1.112
   1.181
   1.263
   1.345
   1.430
   1.522
   1.617
   1.711
   1.796
   1.863
   1.913
   1.955
   1.988
   2.025
   2.065
   2.117
   2.177
   2.246
   2.323
   2.409
   2.505
   2.597
   2.674
   2.736
   2.790
   2.843
   2.905
   2.986
   3.077
   3.170
   3.261
   3.360
   3.451
   3.522
   3.581
   3.619
   3.632
   3.629
   3.608
   3.573
   3.525
   3.465
   3.373
   3.252
   3.124
   3.015
   2.951
   2.928
   2.945
   3.025
   3.129
   3.238
   3.341
   3.446
   3.539
   3.599
   3.637
   3.664
   3.683
   3.711
   3.753
   3.807
   3.846
   3.871
   3.880
   3.832
   0.000
   0.000
   0.892
   1.011
   1.076
   1.161
   1.247
   1.339
   1.437
   1.537
   1.634
   1.720
   1.791
   1.848
   1.893
   1.929
   1.967
   2.010
   2.063
   2.122
   2.190
   2.264
   2.347
   2.438
   2.530
   2.609
   2.673
   2.730
   2.790
   2.860
   2.945
   3.041
   3.140
   3.241
   3.344
   3.442
   3.525
   3.587
   3.638
   3.667
   3.687
   3.681
   3.654
   3.614
   3.560
   3.483
   3.379
   3.258
   3.138
   3.043
   2.989
   2.976
   3.022
   3.099
   3.189
   3.281
   3.375
   3.461
   3.527
   3.567
   3.603
   3.639
   3.679
   3.734
   3.795
   3.837
   3.863
   3.877
   3.830
   0.000
   0.000
   0.796
   0.918
   0.979
   1.056
   1.144
   1.239
   1.338
   1.438
   1.532
   1.622
   1.696
   1.760
   1.809
   1.853
   1.897
   1.943
   1.997
   2.058
   2.125
   2.200
   2.279
   2.368
   2.460
   2.544
   2.615
   2.679
   2.744
   2.814
   2.900
   3.000
   3.103
   3.210
   3.320
   3.422
   3.511
   3.582
   3.637
   3.673
   3.704
   3.720
   3.708
   3.673
   3.618
   3.545
   3.452
   3.347
   3.226
   3.120
   3.047
   3.013
   3.035
   3.093
   3.166
   3.247
   3.332
   3.413
   3.477
   3.523
   3.561
   3.610
   3.662
   3.724
   3.789
   3.837
   3.865
   3.885
   3.830
   0.000
 -65.534
 -65.534
   0.789
   0.892
   0.956
   1.040
   1.129
   1.225
   1.322
   1.415
   1.500
   1.576
   1.640
   1.697
   1.750
   1.802
   1.856
   1.914
   1.976
   2.046
   2.122
   2.202
   2.290
   2.383
   2.469
   2.549
   2.622
   2.692
   2.764
   2.848
   2.948
   3.050
   3.166
   3.282
   3.382
   3.469
   3.547
   3.605
   3.646
   3.683
   3.710
   3.709
   3.686
   3.636
   3.565
   3.477
   3.382
   3.271
   3.162
   3.083
   3.037
   3.035
   3.075
   3.134
   3.210
   3.289
   3.366
   3.436
   3.491
   3.543
   3.599
   3.658
   3.730
   3.796
   3.848
   3.877
   3.907
   3.840
   0.000
 -65.534
 -65.534
 -65.534
   0.763
   0.862
   0.931
   1.017
   1.105
   1.194
   1.282
   1.364
   1.434
   1.498
   1.562
   1.619
   1.678
   1.740
   1.806
   1.872
   1.948
   2.027
   2.110
   2.198
   2.294
   2.385
   2.472
   2.553
   2.631
   2.706
   2.787
   2.882
   2.986
   3.101
   3.214
   3.306
   3.409
   3.491
   3.550
   3.595
   3.632
   3.660
   3.674
   3.658
   3.616
   3.546
   3.459
   3.368
   3.269
   3.171
   3.091
   3.040
   3.029
   3.059
   3.112
   3.179
   3.258
   3.339
   3.412
   3.477
   3.543
   3.612
   3.682
   3.751
   3.815
   3.867
   3.904
   3.940
   3.863
   0.000
 -65.534
 -65.534
 -65.534
 -65.534
   0.739
   0.829
   0.901
   0.979
   1.058
   1.137
   1.214
   1.282
   1.346
   1.409
   1.472
   1.538
   1.604
   1.672
   1.745
   1.820
   1.901
   1.986
   2.079
   2.176
   2.274
   2.371
   2.461
   2.547
   2.628
   2.712
   2.803
   2.901
   3.005
   3.114
   3.216
   3.315
   3.388
   3.470
   3.521
   3.557
   3.586
   3.597
   3.591
   3.556
   3.491
   3.411
   3.327
   3.235
   3.145
   3.072
   3.030
   3.016
   3.042
   3.098
   3.168
   3.250
   3.341
   3.424
   3.500
   3.580
   3.662
   3.744
   3.814
   3.873
   3.918
   3.957
   3.993
   3.897
   0.000
 -65.534
 -65.534
 -65.534
 -65.534
   0.646
   0.729
   0.789
   0.856
   0.924
   0.993
   1.060
   1.125
   1.189
   1.252
   1.317
   1.381
   1.450
   1.519
   1.588
   1.661
   1.740
   1.827
   1.920
   2.020
   2.123
   2.227
   2.328
   2.422
   2.512
   2.601
   2.691
   2.787
   2.890
   2.991
   3.095
   3.190
   3.272
   3.345
   3.391
   3.441
   3.473
   3.484
   3.480
   3.453
   3.400
   3.331
   3.255
   3.173
   3.094
   3.030
   2.997
   2.992
   3.028
   3.093
   3.181
   3.273
   3.372
   3.465
   3.554
   3.642
   3.743
   3.844
   3.926
   3.986
   4.020
   4.050
   4.073
   3.947
   0.000
 -65.534
 -65.534
 -65.534
 -65.534
   0.570
   0.638
   0.690
   0.745
   0.801
   0.862
   0.921
   0.975
   1.034
   1.091
   1.154
   1.218
   1.284
   1.349
   1.417
   1.487
   1.560
   1.640
   1.728
   1.829
   1.933
   2.041
   2.150
   2.254
   2.354
   2.448
   2.541
   2.633
   2.733
   2.836
   2.935
   3.029
   3.116
   3.183
   3.227
   3.270
   3.305
   3.324
   3.333
   3.317
   3.277
   3.222
   3.159
   3.092
   3.025
   2.979
   2.954
   2.968
   3.018
   3.099
   3.204
   3.311
   3.420
   3.521
   3.620
   3.723
   3.837
   3.953
   4.053
   4.118
   4.146
   4.161
   4.164
   4.000
   0.000
 -65.534
 -65.534
 -65.534
 -65.534
   0.511
   0.567
   0.612
   0.659
   0.705
   0.748
   0.800
   0.846
   0.891
   0.943
   0.998
   1.053
   1.117
   1.182
   1.246
   1.309
   1.373
   1.444
   1.525
   1.621
   1.722
   1.832
   1.943
   2.052
   2.157
   2.255
   2.353
   2.444
   2.540
   2.636
   2.729
   2.819
   2.899
   2.968
   3.019
   3.059
   3.096
   3.127
   3.149
   3.149
   3.127
   3.091
   3.046
   2.995
   2.949
   2.914
   2.911
   2.942
   3.013
   3.111
   3.226
   3.350
   3.467
   3.577
   3.679
   3.785
   3.902
   4.026
   4.138
   4.209
   4.237
   4.238
   4.225
   4.029
   0.000
 -65.534
 -65.534
 -65.534
 -65.534
 -65.534
 -65.534
 -65.534
 -65.534
   0.623
   0.669
   0.701
   0.735
   0.769
   0.807
   0.851
   0.900
   0.959
   1.021
   1.083
   1.145
   1.203
   1.264
   1.335
   1.423
   1.523
   1.630
   1.740
   1.848
   1.952
   2.049
   2.138
   2.226
   2.315
   2.401
   2.485
   2.569
   2.646
   2.712
   2.769
   2.820
   2.872
   2.916
   2.952
   2.971
   2.972
   2.951
   2.914
   2.883
   2.859
   2.851
   2.870
   2.921
   3.009
   3.119
   3.243
   3.372
   3.496
   3.606
   3.710
   3.808
   3.917
   4.035
   4.151
   4.238
   4.272
   4.262
   4.236
   4.030
   0.000
 -65.534
 -65.534
 -65.534
 -65.534
 -65.534
 -65.534
   0.337
   0.483
   0.585
   0.601
   0.621
   0.645
   0.670
   0.694
   0.728
   0.769
   0.822
   0.881
   0.941
   1.000
   1.055
   1.109
   1.177
   1.256
   1.349
   1.453
   1.561
   1.666
   1.763
   1.853
   1.932
   2.008
   2.084
   2.158
   2.229
   2.304
   2.377
   2.444
   2.507
   2.576
   2.643
   2.707
   2.760
   2.794
   2.810
   2.804
   2.786
   2.771
   2.764
   2.775
   2.816
   2.889
   2.989
   3.110
   3.239
   3.368
   3.491
   3.599
   3.700
   3.792
   3.884
   3.987
   4.094
   4.191
   4.242
   4.242
   4.218
   3.990
   0.000
 -65.534
 -65.534
 -65.534
 -65.534
 -65.534
 -65.534
 -65.534
 -65.534
 -65.534
   0.552
   0.564
   0.574
   0.586
   0.599
   0.621
   0.661
   0.705
   0.762
   0.822
   0.878
   0.928
   0.981
   1.047
   1.128
   1.216
   1.314
   1.412
   1.511
   1.596
   1.673
   1.742
   1.805
   1.865
   1.929
   1.991
   2.054
   2.119
   2.186
   2.258
   2.338
   2.420
   2.498
   2.564
   2.610
   2.640
   2.646
   2.646
   2.652
   2.663
   2.695
   2.756
   2.840
   2.950
   3.077
   3.205
   3.328
   3.446
   3.554
   3.646
   3.726
   3.800
   3.884
   3.984
   4.084
   4.154
   4.174
   4.162
   3.918
   0.000
 -65.534
 -65.534
 -65.534
 -65.534
 -65.534
 -65.534
 -65.534
 -65.534
 -65.534
 -65.534
 -65.534
 -65.534
 -65.534
 -65.534
 -65.534
   0.584
   0.616
   0.653
   0.702
   0.778
   0.832
   0.888
   0.952
   1.027
   1.115
   1.208
   1.298
   1.383
   1.460
   1.524
   1.580
   1.629
   1.677
   1.728
   1.784
   1.841
   1.901
   1.965
   2.044
   2.128
   2.218
   2.300
   2.371
   2.430
   2.473
   2.498
   2.518
   2.547
   2.580
   2.629
   2.701
   2.791
   2.899
   3.021
   3.146
   3.268
   3.376
   3.470
   3.550
   3.612
   3.669
   3.740
   3.832
   3.934
   4.021
   4.060
   4.059
   3.827
   0.000
 -65.534
 -65.534
 -65.534
 -65.534
 -65.534
 -65.534
 -65.534
 -65.534
 -65.534
 -65.534
 -65.534
 -65.534
 -65.534
 -65.534
 -65.534
 -65.534
 -65.534
 -65.534
 -65.534
   0.722
   0.774
   0.826
   0.892
   0.963
   1.046
   1.130
   1.213
   1.290
   1.355
   1.407
   1.449
   1.491
   1.532
   1.578
   1.629
   1.685
   1.744
   1.804
   1.875
   1.958
   2.046
   2.132
   2.209
   2.275
   2.332
   2.375
   2.416
   2.465
   2.523
   2.587
   2.663
   2.754
   2.857
   2.966
   3.076
   3.178
   3.274
   3.361
   3.429
   3.478
   3.524
   3.590
   3.676
   3.778
   3.868
   3.928
   3.942
   3.718
   0.000
 -65.534
 -65.534
 -65.534
 -65.534
 -65.534
 -65.534
 -65.534
 -65.534
 -65.534
 -65.534
 -65.534
 -65.534
 -65.534
 -65.534
 -65.534
 -65.534
 -65.534
 -65.534
   0.566
   0.722
   0.746
   0.795
   0.857
   0.926
   1.000
   1.075
   1.153
   1.222
   1.279
   1.328
   1.362
   1.398
   1.433
   1.478
   1.528
   1.583
   1.640
   1.697
   1.762
   1.839
   1.923
   2.008
   2.089
   2.162
   2.226
   2.284
   2.337
   2.404
   2.477
   2.554
   2.637
   2.720
   2.809
   2.901
   2.989
   3.071
   3.153
   3.226
   3.286
   3.329
   3.379
   3.445
   3.528
   3.623
   3.713
   3.775
   3.802
   3.587
   0.000
 -65.534
 -65.534
 -65.534
 -65.534
 -65.534
 -65.534
 -65.534
 -65.534
 -65.534
 -65.534
 -65.534
 -65.534
 -65.534
 -65.534
 -65.534
 -65.534
 -65.534
   0.514
   0.669
   0.707
   0.738
   0.780
   0.834
   0.902
   0.968
   1.036
   1.105
   1.170
   1.226
   1.271
   1.308
   1.339
   1.371
   1.412
   1.457
   1.510
   1.562
   1.615
   1.677
   1.747
   1.832
   1.922
   2.010
   2.089
   2.159
   2.224
   2.290
   2.363
   2.442
   2.521
   2.596
   2.671
   2.743
   2.816
   2.887
   2.957
   3.024
   3.083
   3.132
   3.182
   3.237
   3.305
   3.386
   3.475
   3.560
   3.622
   3.652
   3.445
   0.000
 -65.534
 -65.534
 -65.534
 -65.534
 -65.534
 -65.534
 -65.534
 -65.534
 -65.534
 -65.534
 -65.534
 -65.534
 -65.534
 -65.534
 -65.534
 -65.534
 -65.534
   0.605
   0.678
   0.702
   0.735
   0.771
   0.814
   0.868
   0.930
   0.994
   1.059
   1.121
   1.179
   1.230
   1.269
   1.299
   1.329
   1.362
   1.400
   1.443
   1.488
   1.537
   1.594
   1.667
   1.751
   1.846
   1.941
   2.027
   2.103
   2.173
   2.248
   2.333
   2.419
   2.498
   2.562
   2.619
   2.673
   2.729
   2.789
   2.844
   2.900
   2.951
   2.994
   3.044
   3.107
   3.177
   3.254
   3.333
   3.404
   3.466
   3.495
   3.290
   0.000
 -65.534
 -65.534
 -65.534
 -65.534
 -65.534
 -65.534
 -65.534
 -65.534
 -65.534
 -65.534
 -65.534
 -65.534
 -65.534
 -65.534
 -65.534
 -65.534
 -65.534
   0.636
   0.682
   0.709
   0.736
   0.767
   0.797
   0.836
   0.887
   0.940
   1.000
   1.065
   1.128
   1.186
   1.236
   1.267
   1.295
   1.322
   1.352
   1.384
   1.419
   1.462
   1.520
   1.591
   1.678
   1.772
   1.869
   1.958
   2.041
   2.117
   2.202
   2.299
   2.392
   2.472
   2.536
   2.583
   2.629
   2.671
   2.712
   2.754
   2.797
   2.843
   2.888
   2.940
   3.005
   3.077
   3.145
   3.216
   3.267
   3.310
   3.339
   3.157
   0.000
 -65.534
 -65.534
 -65.534
 -65.534
 -65.534
 -65.534
 -65.534
 -65.534
 -65.534
 -65.534
 -65.534
 -65.534
 -65.534
 -65.534
 -65.534
 -65.534
 -65.534
   0.685
   0.694
   0.726
   0.747
   0.767
   0.785
   0.806
   0.839
   0.887
   0.941
   1.007
   1.076
   1.144
   1.199
   1.236
   1.269
   1.298
   1.324
   1.351
   1.383
   1.424
   1.476
   1.544
   1.623
   1.714
   1.805
   1.894
   1.975
   2.057
   2.145
   2.243
   2.342
   2.430
   2.495
   2.545
   2.581
   2.614
   2.641
   2.671
   2.704
   2.749
   2.797
   2.856
   2.923
   2.992
   3.056
   3.114
   3.152
   3.189
   3.214
   3.031
   0.000
 -65.534
 -65.534
 -65.534
 -65.534
 -65.534
 -65.534
 -65.534
 -65.534
 -65.534
 -65.534
 -65.534
 -65.534
 -65.534
 -65.534
 -65.534
 -65.534
 -65.534
 -65.534
   0.738
   0.737
   0.766
   0.778
   0.784
   0.793
   0.809
   0.844
   0.890
   0.952
   1.019
   1.091
   1.154
   1.199
   1.240
   1.275
   1.306
   1.334
   1.358
   1.391
   1.440
   1.505
   1.590
   1.672
   1.756
   1.839
   1.919
   1.996
   2.079
   2.173
   2.272
   2.361
   2.437
   2.486
   2.524
   2.551
   2.575
   2.598
   2.632
   2.676
   2.727
   2.787
   2.851
   2.916
   2.975
   3.021
   3.053
   3.068
   3.088
   2.906
   0.000
 -65.534
 -65.534
 -65.534
 -65.534
 -65.534
 -65.534
 -65.534
 -65.534
 -65.534
 -65.534
 -65.534
 -65.534
 -65.534
 -65.534
 -65.534
 -65.534
 -65.534
 -65.534
 -65.534
   0.784
   0.768
   0.779
   0.786
   0.792
   0.808
   0.826
   0.859
   0.907
   0.967
   1.036
   1.098
   1.154
   1.203
   1.250
   1.298
   1.344
   1.378
   1.420
   1.467
   1.529
   1.569
   1.637
   1.718
   1.797
   1.870
   1.937
   2.009
   2.089
   2.179
   2.268
   2.351
   2.412
   2.455
   2.490
   2.518
   2.544
   2.578
   2.622
   2.674
   2.731
   2.786
   2.840
   2.887
   2.926
   2.949
   2.964
   2.976
   2.789
   0.000
 -65.534
 -65.534
 -65.534
 -65.534
 -65.534
 -65.534
 -65.534
 -65.534
 -65.534
 -65.534
 -65.534
 -65.534
 -65.534
 -65.534
 -65.534
 -65.534
 -65.534
 -65.534
 -65.534
 -65.534
   0.835
   0.841
   0.843
   0.841
   0.834
   0.850
   0.871
   0.902
   0.943
   0.992
   1.044
   1.102
   1.151
   1.187
   1.195
   1.096
 -65.534
 -65.534
 -65.534
 -65.534
   1.555
   1.661
   1.719
   1.781
   1.840
   1.897
   1.951
   2.016
   2.087
   2.169
   2.251
   2.320
   2.373
   2.418
   2.454
   2.486
   2.521
   2.563
   2.611
   2.663
   2.715
   2.761
   2.801
   2.833
   2.853
   2.869
   2.890
   2.699
   0.000
 -65.534
 -65.534
 -65.534
 -65.534
 -65.534
 -65.534
 -65.534
 -65.534
 -65.534
 -65.534
 -65.534
 -65.534
 -65.534
 -65.534
 -65.534
 -65.534
 -65.534
 -65.534
 -65.534
 -65.534
 -65.534
 -65.534
 -65.534
 -65.534
   0.875
   0.881
   0.893
   0.914
   0.948
   0.987
   1.024
   1.071
   1.111
   1.129
   1.101
   0.971
 -65.534
 -65.534
 -65.534
 -65.534
 -65.534
 -65.534
   1.663
   1.777
   1.830
   1.865
   1.900
   1.946
   2.001
   2.065
   2.136
   2.211
   2.274
   2.329
   2.376
   2.415
   2.448
   2.489
   2.534
   2.584
   2.639
   2.688
   2.727
   2.759
   2.780
   2.791
   2.810
   2.602
   0.000
 -65.534
 -65.534
 -65.534
 -65.534
 -65.534
 -65.534
 -65.534
 -65.534
 -65.534
 -65.534
 -65.534
 -65.534
 -65.534
 -65.534
 -65.534
 -65.534
 -65.534
 -65.534
 -65.534
 -65.534
 -65.534
 -65.534
 -65.534
 -65.534
   0.968
   0.967
   0.977
   0.993
   1.009
   1.001
   1.027
   1.059
   1.089
   1.092
   1.050
   0.961
 -65.534
 -65.534
 -65.534
 -65.534
 -65.534
 -65.534
 -65.534
   1.679
   1.791
   1.846
   1.877
   1.891
   1.922
   1.967
   2.029
   2.097
   2.164
   2.225
   2.279
   2.324
   2.362
   2.410
   2.455
   2.505
   2.554
   2.600
   2.632
   2.660
   2.675
   2.679
   2.677
   2.450
   0.000
 -65.534
 -65.534
 -65.534
 -65.534
 -65.534
 -65.534
 -65.534
 -65.534
 -65.534
 -65.534
 -65.534
 -65.534
 -65.534
 -65.534
 -65.534
 -65.534
 -65.534
 -65.534
 -65.534
 -65.534
 -65.534
 -65.534
 -65.534
 -65.534
 -65.534
 -65.534
 -65.534
 -65.534
 -65.534
   1.092
   1.091
   1.101
   1.095
   1.079
   1.033
   0.930
   0.362
 -65.534
 -65.534
 -65.534
 -65.534
 -65.534
 -65.534
   1.556
   1.626
 -65.534
   1.675
   1.802
   1.861
   1.920
   1.960
   2.009
   2.059
   2.114
   2.168
   2.216
   2.269
   2.316
   2.365
   2.407
   2.445
   2.476
   2.496
   2.510
   2.509
   2.498
   2.472
   2.227
   0.000
 -65.534
 -65.534
 -65.534
 -65.534
 -65.534
 -65.534
 -65.534
 -65.534
 -65.534
 -65.534
 -65.534
 -65.534
 -65.534
 -65.534
 -65.534
 -65.534
 -65.534
 -65.534
 -65.534
 -65.534
 -65.534
 -65.534
 -65.534
 -65.534
 -65.534
 -65.534
 -65.534
 -65.534
 -65.534
 -65.534
 -65.534
 -65.534
   1.131
   1.091
   1.034
   0.907
   0.460
   0.220
 -65.534
 -65.534
 -65.534
 -65.534
 -65.534
 -65.534
 -65.534
 -65.534
 -65.534
 -65.534
 -65.534
   1.661
   1.862
   1.944
   2.014
   2.055
   2.098
   2.133
   2.167
   2.201
   2.234
   2.263
   2.284
   2.296
   2.300
   2.288
   2.263
   2.216
   2.154
   1.899
   0.000
 -65.534
 -65.534
 -65.534
 -65.534
 -65.534
 -65.534
 -65.534
 -65.534
 -65.534
 -65.534
 -65.534
 -65.534
 -65.534
 -65.534
 -65.534
 -65.534
 -65.534
 -65.534
 -65.534
 -65.534
 -65.534
 -65.534
 -65.534
 -65.534
 -65.534
 -65.534
 -65.534
 -65.534
 -65.534
 -65.534
 -65.534
 -65.534
   1.186
   1.118
   1.043
   0.893
   0.557
   0.272
   0.158
   0.145
 -65.534
 -65.534
 -65.534
 -65.534
 -65.534
 -65.534
 -65.534
 -65.534
 -65.534
 -65.534
 -65.534
 -65.534
   1.689
   1.914
   1.976
   2.054
   2.066
   2.068
   2.072
   2.074
   2.068
   2.053
   2.030
   1.989
   1.929
   1.854
   1.760
   1.516
   0.000
 -65.534
 -65.534
 -65.534
 -65.534
 -65.534
 -65.534
 -65.534
 -65.534
 -65.534
 -65.534
 -65.534
 -65.534
 -65.534
 -65.534
 -65.534
 -65.534
 -65.534
 -65.534
 -65.534
 -65.534
 -65.534
 -65.534
 -65.534
 -65.534
 -65.534
 -65.534
 -65.534
 -65.534
 -65.534
 -65.534
 -65.534
 -65.534
 -65.534
 -65.534
 -65.534
 -65.534
   0.548
   0.341
   0.200
   0.130
   0.121
   0.110
   0.102
   0.101
   0.104
 -65.534
 -65.534
 -65.534
 -65.534
 -65.534
 -65.534
 -65.534
 -65.534
 -65.534
 -65.534
   1.658
   1.880
   1.923
   1.909
   1.855
   1.808
   1.761
   1.708
   1.629
   1.535
   1.433
   1.325
   1.111
   0.000
 -65.534
 -65.534
 -65.534
 -65.534
 -65.534
 -65.534
 -65.534
 -65.534
 -65.534
 -65.534
 -65.534
 -65.534
 -65.534
 -65.534
 -65.534
 -65.534
 -65.534
 -65.534
 -65.534
 -65.534
 -65.534
 -65.534
 -65.534
 -65.534
 -65.534
 -65.534
 -65.534
 -65.534
 -65.534
 -65.534
 -65.534
 -65.534
 -65.534
 -65.534
 -65.534
 -65.534
 -65.534
 -65.534
 -65.534
 -65.534
   0.095
 -65.534
 -65.534
 -65.534
 -65.534
 -65.534
 -65.534
 -65.534
 -65.534
 -65.534
 -65.534
 -65.534
 -65.534
 -65.534
 -65.534
   1.098
   1.463
   1.580
   1.584
   1.631
   1.557
   1.459
   1.374
   1.270
   1.146
   1.027
   0.906
   0.716
   0.000
 -65.534
 -65.534
 -65.534
 -65.534
 -65.534
 -65.534
 -65.534
 -65.534
 -65.534
 -65.534
 -65.534
 -65.534
 -65.534
 -65.534
 -65.534
 -65.534
 -65.534
 -65.534
 -65.534
 -65.534
 -65.534
 -65.534
 -65.534
 -65.534
 -65.534
 -65.534
 -65.534
 -65.534
 -65.534
 -65.534
 -65.534
 -65.534
 -65.534
 -65.534
 -65.534
 -65.534
 -65.534
 -65.534
 -65.534
 -65.534
 -65.534
 -65.534
 -65.534
 -65.534
 -65.534
 -65.534
 -65.534
 -65.534
 -65.534
 -65.534
 -65.534
 -65.534
 -65.534
 -65.534
 -65.534
 -65.534
 -65.534
 -65.534
 -65.534
   0.945
   1.093
   1.046
   0.929
   0.797
   0.670
   0.545
   0.429
   0.289
   0.000
 -65.534
 -65.534
 -65.534
 -65.534
 -65.534
 -65.534
 -65.534
 -65.534
 -65.534
 -65.534
 -65.534
 -65.534
 -65.534
 -65.534
 -65.534
 -65.534
 -65.534
 -65.534
 -65.534
 -65.534
 -65.534
 -65.534
 -65.534
 -65.534
 -65.534
 -65.534
 -65.534
 -65.534
 -65.534
 -65.534
 -65.534
 -65.534
 -65.534
 -65.534
 -65.534
 -65.534
 -65.534
 -65.534
 -65.534
 -65.534
 -65.534
 -65.534
 -65.534
 -65.534
 -65.534
 -65.534
 -65.534
 -65.534
 -65.534
 -65.534
 -65.534
 -65.534
 -65.534
 -65.534
 -65.534
 -65.534
 -65.534
 -65.534
 -65.534
 -65.534
 -65.534
   0.000
   0.000
   0.000
   0.000
   0.000
   0.000
   0.000
 -65.534
