 -65.534
   0.000
   0.000
   0.000
   0.000
   0.000
   0.000
   0.000
   0.000
   0.000
   0.000
   0.000
   0.000
   0.000
   0.000
   0.000
   0.000
   0.000
   0.000
   0.000
   0.000
   0.000
   0.000
   0.000
   0.000
   0.000
   0.000
   0.000
   0.000
   0.000
   0.000
   0.000
   0.000
   0.000
   0.000
   0.000
   0.000
   0.000
   0.000
   0.000
   0.000
   0.000
   0.000
   0.000
   0.000
   0.000
   0.000
   0.000
   0.000
   0.000
   0.000
   0.000
   0.000
   0.000
   0.000
   0.000
   0.000
   0.000
   0.000
   0.000
   0.000
   0.000
   0.000
   0.000
   0.000
   0.000
   0.000
   0.000
 -65.534
   0.000
   1.921
   2.045
   2.078
   2.114
   2.156
   2.205
   2.271
   2.357
   2.451
   2.561
   2.681
   2.812
   2.947
   3.075
   3.216
   3.358
   3.525
   3.702
   3.897
   4.086
   4.260
   4.418
   4.544
   4.667
   4.765
   4.837
   4.871
   4.869
   4.844
   4.813
   4.793
   4.795
   4.828
   4.906
   4.971
   5.048
   5.098
   5.135
   5.166
   5.172
   5.159
   5.117
   5.033
   4.887
   4.697
   4.519
   4.324
   4.134
   3.995
   3.895
   3.831
   3.811
   3.811
   3.839
   3.845
   3.859
   3.890
   3.915
   3.944
   3.980
   4.026
   4.074
   4.133
   4.166
   4.207
   4.271
   4.166
   0.000
   0.000
   2.169
   2.263
   2.268
   2.294
   2.322
   2.370
   2.436
   2.517
   2.619
   2.741
   2.880
   3.023
   3.165
   3.307
   3.455
   3.615
   3.795
   3.988
   4.192
   4.390
   4.579
   4.763
   4.926
   5.079
   5.201
   5.292
   5.361
   5.409
   5.434
   5.446
   5.466
   5.506
   5.578
   5.684
   5.796
   5.908
   6.017
   6.098
   6.162
   6.220
   6.243
   6.232
   6.177
   6.060
   5.879
   5.690
   5.516
   5.343
   5.160
   4.982
   4.847
   4.758
   4.700
   4.656
   4.597
   4.543
   4.507
   4.503
   4.520
   4.539
   4.574
   4.626
   4.696
   4.770
   4.837
   4.919
   4.863
   0.000
   0.000
   2.242
   2.313
   2.311
   2.326
   2.352
   2.395
   2.460
   2.540
   2.643
   2.770
   2.913
   3.073
   3.229
   3.374
   3.523
   3.682
   3.855
   4.032
   4.229
   4.417
   4.607
   4.799
   4.979
   5.134
   5.266
   5.373
   5.451
   5.520
   5.585
   5.655
   5.739
   5.832
   5.946
   6.079
   6.212
   6.352
   6.488
   6.593
   6.669
   6.754
   6.786
   6.787
   6.739
   6.633
   6.480
   6.323
   6.162
   6.002
   5.794
   5.588
   5.425
   5.286
   5.178
   5.085
   5.002
   4.899
   4.821
   4.773
   4.759
   4.764
   4.796
   4.849
   4.931
   5.018
   5.107
   5.208
   5.176
   0.000
   0.000
   2.295
   2.351
   2.338
   2.342
   2.360
   2.395
   2.456
   2.534
   2.641
   2.773
   2.918
   3.080
   3.237
   3.388
   3.532
   3.674
   3.831
   3.997
   4.177
   4.352
   4.533
   4.728
   4.919
   5.085
   5.232
   5.354
   5.444
   5.524
   5.622
   5.737
   5.872
   6.013
   6.168
   6.319
   6.464
   6.625
   6.793
   6.915
   7.044
   7.148
   7.208
   7.218
   7.179
   7.080
   6.944
   6.799
   6.672
   6.487
   6.265
   6.048
   5.861
   5.690
   5.543
   5.417
   5.282
   5.144
   5.013
   4.931
   4.890
   4.877
   4.908
   4.991
   5.087
   5.202
   5.307
   5.430
   5.431
   0.000
   0.000
   2.333
   2.384
   2.368
   2.365
   2.379
   2.404
   2.452
   2.532
   2.635
   2.760
   2.903
   3.053
   3.201
   3.343
   3.470
   3.599
   3.731
   3.880
   4.038
   4.204
   4.370
   4.556
   4.757
   4.951
   5.116
   5.252
   5.360
   5.456
   5.572
   5.722
   5.893
   6.083
   6.266
   6.438
   6.596
   6.789
   7.019
   7.153
   7.311
   7.441
   7.526
   7.559
   7.539
   7.461
   7.346
   7.210
   7.073
   6.901
   6.671
   6.424
   6.214
   6.016
   5.816
   5.630
   5.450
   5.262
   5.102
   4.977
   4.912
   4.907
   4.953
   5.047
   5.169
   5.308
   5.440
   5.589
   5.623
   0.000
   0.000
   2.348
   2.408
   2.403
   2.399
   2.402
   2.419
   2.465
   2.539
   2.633
   2.748
   2.876
   3.009
   3.144
   3.259
   3.366
   3.473
   3.579
   3.705
   3.849
   4.008
   4.176
   4.357
   4.561
   4.763
   4.942
   5.090
   5.216
   5.328
   5.452
   5.613
   5.803
   6.029
   6.248
   6.446
   6.626
   6.886
   7.105
   7.299
   7.481
   7.643
   7.768
   7.878
   7.870
   7.803
   7.717
   7.565
   7.424
   7.238
   7.003
   6.741
   6.473
   6.225
   5.981
   5.752
   5.521
   5.300
   5.091
   4.935
   4.849
   4.843
   4.907
   5.019
   5.158
   5.327
   5.497
   5.667
   5.751
   0.000
   0.000
   2.346
   2.430
   2.430
   2.435
   2.435
   2.447
   2.483
   2.546
   2.629
   2.737
   2.853
   2.967
   3.078
   3.174
   3.255
   3.336
   3.422
   3.525
   3.654
   3.802
   3.970
   4.153
   4.350
   4.543
   4.720
   4.883
   5.011
   5.117
   5.239
   5.411
   5.605
   5.857
   6.123
   6.381
   6.587
   6.869
   7.161
   7.373
   7.578
   7.788
   7.941
   8.054
   8.105
   8.073
   7.985
   7.876
   7.738
   7.501
   7.243
   6.952
   6.665
   6.369
   6.097
   5.800
   5.524
   5.261
   5.010
   4.827
   4.725
   4.704
   4.777
   4.908
   5.081
   5.287
   5.491
   5.679
   5.816
   0.000
   0.000
   2.311
   2.425
   2.442
   2.458
   2.460
   2.473
   2.495
   2.548
   2.625
   2.720
   2.821
   2.920
   3.012
   3.088
   3.150
   3.204
   3.270
   3.357
   3.468
   3.607
   3.771
   3.951
   4.151
   4.334
   4.492
   4.639
   4.758
   4.854
   4.957
   5.118
   5.326
   5.595
   5.915
   6.242
   6.520
   6.821
   7.144
   7.402
   7.647
   7.936
   8.077
   8.221
   8.311
   8.323
   8.254
   8.142
   7.999
   7.773
   7.434
   7.106
   6.780
   6.450
   6.130
   5.817
   5.485
   5.170
   4.888
   4.648
   4.542
   4.507
   4.587
   4.736
   4.941
   5.175
   5.420
   5.642
   5.811
   0.000
   0.000
   2.216
   2.359
   2.404
   2.440
   2.451
   2.465
   2.493
   2.546
   2.611
   2.700
   2.787
   2.872
   2.947
   3.007
   3.056
   3.097
   3.145
   3.212
   3.314
   3.446
   3.599
   3.778
   3.968
   4.148
   4.295
   4.412
   4.510
   4.585
   4.686
   4.837
   5.049
   5.349
   5.734
   6.115
   6.445
   6.804
   7.121
   7.378
   7.686
   7.952
   8.174
   8.348
   8.480
   8.534
   8.498
   8.391
   8.225
   7.969
   7.637
   7.211
   6.861
   6.501
   6.132
   5.757
   5.391
   5.032
   4.708
   4.462
   4.325
   4.298
   4.378
   4.542
   4.769
   5.028
   5.299
   5.557
   5.774
   0.000
   0.000
   2.086
   2.245
   2.308
   2.370
   2.406
   2.433
   2.470
   2.522
   2.590
   2.672
   2.753
   2.831
   2.895
   2.945
   2.986
   3.017
   3.057
   3.114
   3.207
   3.328
   3.479
   3.648
   3.837
   4.008
   4.147
   4.256
   4.334
   4.407
   4.503
   4.617
   4.822
   5.159
   5.630
   6.036
   6.416
   6.755
   7.056
   7.329
   7.626
   7.950
   8.204
   8.424
   8.600
   8.691
   8.682
   8.631
   8.501
   8.150
   7.746
   7.278
   6.880
   6.475
   6.042
   5.594
   5.194
   4.829
   4.483
   4.215
   4.083
   4.069
   4.168
   4.350
   4.594
   4.877
   5.175
   5.454
   5.702
   0.000
   0.000
   1.964
   2.123
   2.201
   2.271
   2.322
   2.369
   2.418
   2.472
   2.542
   2.618
   2.703
   2.778
   2.848
   2.899
   2.939
   2.968
   2.998
   3.053
   3.138
   3.261
   3.406
   3.579
   3.766
   3.943
   4.091
   4.213
   4.325
   4.461
   4.611
   4.663
   4.799
   5.114
   5.609
   6.061
   6.446
   6.742
   7.018
   7.248
   7.510
   7.835
   8.148
   8.426
   8.648
   8.771
   8.790
   8.732
   8.642
   8.318
   7.833
   7.307
   6.873
   6.386
   5.886
   5.411
   4.932
   4.522
   4.194
   3.933
   3.819
   3.850
   3.984
   4.200
   4.462
   4.767
   5.089
   5.375
   5.643
   0.000
   0.000
   1.883
   2.018
   2.078
   2.146
   2.201
   2.261
   2.320
   2.388
   2.461
   2.539
   2.623
   2.708
   2.788
   2.847
   2.892
   2.931
   2.969
   3.019
   3.105
   3.223
   3.375
   3.551
   3.748
   3.945
   4.120
   4.285
   4.460
   4.655
   4.867
   4.986
   5.165
   5.277
   5.676
   6.095
   6.414
   6.661
   6.889
   7.081
   7.286
   7.604
   7.938
   8.284
   8.568
   8.728
   8.762
   8.723
   8.584
   8.301
   7.831
   7.295
   6.830
   6.300
   5.729
   5.191
   4.658
   4.182
   3.865
   3.646
   3.583
   3.658
   3.839
   4.096
   4.400
   4.727
   5.062
   5.344
   5.588
   0.000
 -65.534
 -65.534
   1.878
   1.940
   1.991
   2.047
   2.110
   2.183
   2.261
   2.342
   2.430
   2.518
   2.608
   2.694
   2.766
   2.829
   2.875
   2.920
   2.981
   3.071
   3.189
   3.348
   3.536
   3.749
   3.966
   4.183
   4.401
   4.617
   4.856
   5.112
   5.390
   5.614
   5.779
   6.053
   6.221
   6.262
   6.473
   6.655
   6.810
   7.002
   7.258
   7.578
   7.949
   8.287
   8.501
   8.571
   8.547
   8.417
   8.133
   7.726
   7.182
   6.666
   6.117
   5.487
   4.894
   4.343
   3.850
   3.536
   3.375
   3.383
   3.506
   3.740
   4.067
   4.415
   4.762
   5.089
   5.357
   5.572
   0.000
 -65.534
 -65.534
 -65.534
   1.752
   1.802
   1.868
   1.935
   2.010
   2.090
   2.180
   2.280
   2.374
   2.464
   2.557
   2.639
   2.712
   2.773
   2.840
   2.912
   3.009
   3.136
   3.295
   3.497
   3.729
   3.975
   4.227
   4.487
   4.741
   5.021
   5.303
   5.590
   5.816
   6.078
   6.265
   6.211
   6.136
   6.294
   6.410
   6.549
   6.696
   6.893
   7.154
   7.493
   7.836
   8.091
   8.201
   8.200
   8.082
   7.830
   7.440
   6.939
   6.414
   5.828
   5.165
   4.536
   3.997
   3.555
   3.266
   3.156
   3.219
   3.403
   3.688
   4.028
   4.408
   4.771
   5.094
   5.360
   5.551
   0.000
 -65.534
 -65.534
 -65.534
 -65.534
   1.577
   1.677
   1.746
   1.815
   1.890
   1.981
   2.082
   2.183
   2.287
   2.383
   2.472
   2.550
   2.627
   2.698
   2.780
   2.884
   3.016
   3.187
   3.392
   3.639
   3.906
   4.185
   4.476
   4.762
   5.054
   5.345
   5.600
   5.839
   6.068
   6.211
   6.115
   6.022
   6.043
   6.135
   6.256
   6.372
   6.524
   6.698
   6.936
   7.237
   7.485
   7.632
   7.675
   7.617
   7.374
   6.985
   6.538
   6.025
   5.409
   4.796
   4.188
   3.687
   3.317
   3.100
   3.056
   3.163
   3.373
   3.664
   4.006
   4.371
   4.723
   5.046
   5.300
   5.471
   0.000
 -65.534
 -65.534
 -65.534
 -65.534
   1.418
   1.511
   1.568
   1.620
   1.682
   1.762
   1.857
   1.957
   2.065
   2.171
   2.271
   2.354
   2.436
   2.514
   2.595
   2.695
   2.823
   2.992
   3.196
   3.440
   3.715
   4.010
   4.304
   4.612
   4.906
   5.188
   5.440
   5.653
   5.854
   5.978
   5.877
   5.814
   5.778
   5.831
   5.877
   5.979
   6.101
   6.207
   6.336
   6.532
   6.726
   6.859
   6.923
   6.871
   6.669
   6.371
   5.970
   5.462
   4.925
   4.366
   3.874
   3.472
   3.208
   3.068
   3.081
   3.214
   3.425
   3.688
   3.991
   4.304
   4.599
   4.890
   5.135
   5.303
   0.000
 -65.534
 -65.534
 -65.534
 -65.534
   1.310
   1.388
   1.419
   1.458
   1.500
   1.571
   1.648
   1.736
   1.836
   1.941
   2.046
   2.145
   2.218
   2.292
   2.369
   2.466
   2.579
   2.724
   2.910
   3.140
   3.397
   3.676
   3.971
   4.267
   4.570
   4.860
   5.109
   5.315
   5.486
   5.598
   5.542
   5.493
   5.435
   5.424
   5.437
   5.494
   5.548
   5.576
   5.672
   5.781
   5.907
   6.003
   6.032
   5.992
   5.843
   5.591
   5.238
   4.826
   4.368
   3.936
   3.573
   3.311
   3.147
   3.111
   3.189
   3.338
   3.529
   3.742
   3.973
   4.195
   4.422
   4.670
   4.884
   5.050
   0.000
 -65.534
 -65.534
 -65.534
 -65.534
   1.221
   1.310
   1.342
   1.356
   1.379
   1.427
   1.493
   1.567
   1.645
   1.738
   1.831
   1.919
   1.995
   2.073
   2.144
   2.216
   2.308
   2.432
   2.589
   2.786
   3.008
   3.251
   3.518
   3.802
   4.101
   4.388
   4.643
   4.840
   5.007
   5.110
   5.109
   5.078
   5.022
   4.966
   4.931
   4.935
   4.924
   4.906
   4.922
   4.968
   5.051
   5.121
   5.128
   5.055
   4.902
   4.684
   4.404
   4.065
   3.736
   3.433
   3.200
   3.060
   3.039
   3.108
   3.255
   3.446
   3.634
   3.806
   3.945
   4.082
   4.249
   4.448
   4.655
   4.788
   0.000
 -65.534
 -65.534
 -65.534
 -65.534
 -65.534
 -65.534
 -65.534
 -65.534
   1.255
   1.330
   1.387
   1.440
   1.498
   1.570
   1.640
   1.709
   1.776
   1.848
   1.924
   1.998
   2.073
   2.166
   2.282
   2.443
   2.629
   2.829
   3.045
   3.286
   3.551
   3.821
   4.070
   4.272
   4.425
   4.531
   4.566
   4.569
   4.535
   4.472
   4.394
   4.348
   4.310
   4.270
   4.224
   4.226
   4.272
   4.269
   4.208
   4.112
   3.980
   3.775
   3.541
   3.291
   3.059
   2.881
   2.785
   2.782
   2.867
   3.021
   3.241
   3.478
   3.684
   3.833
   3.908
   3.984
   4.103
   4.275
   4.462
   4.572
   0.000
 -65.534
 -65.534
 -65.534
 -65.534
 -65.534
 -65.534
   0.116
   0.669
   1.211
   1.281
   1.326
   1.365
   1.407
   1.447
   1.489
   1.541
   1.595
   1.663
   1.741
   1.813
   1.885
   1.960
   2.057
   2.167
   2.290
   2.447
   2.617
   2.817
   3.038
   3.274
   3.487
   3.674
   3.818
   3.928
   3.983
   3.996
   3.990
   3.938
   3.854
   3.784
   3.726
   3.666
   3.604
   3.568
   3.545
   3.467
   3.369
   3.271
   3.106
   2.899
   2.708
   2.541
   2.425
   2.372
   2.399
   2.491
   2.657
   2.879
   3.146
   3.397
   3.601
   3.729
   3.795
   3.851
   3.973
   4.136
   4.320
   4.404
   0.000
 -65.534
 -65.534
 -65.534
 -65.534
 -65.534
 -65.534
 -65.534
 -65.534
 -65.534
   1.171
   1.247
   1.303
   1.348
   1.375
   1.395
   1.433
   1.483
   1.555
   1.630
   1.704
   1.761
   1.821
   1.896
   1.984
   2.084
   2.184
   2.301
   2.449
   2.613
   2.786
   2.950
   3.107
   3.238
   3.332
   3.385
   3.411
   3.418
   3.382
   3.308
   3.239
   3.180
   3.107
   3.025
   2.943
   2.858
   2.745
   2.620
   2.492
   2.342
   2.194
   2.074
   2.005
   1.979
   2.016
   2.115
   2.273
   2.486
   2.739
   2.998
   3.212
   3.391
   3.509
   3.611
   3.710
   3.839
   4.008
   4.205
   4.244
   0.000
 -65.534
 -65.534
 -65.534
 -65.534
 -65.534
 -65.534
 -65.534
 -65.534
 -65.534
 -65.534
 -65.534
 -65.534
 -65.534
 -65.534
 -65.534
   1.359
   1.437
   1.503
   1.560
   1.647
   1.708
   1.757
   1.813
   1.880
   1.956
   2.032
   2.117
   2.198
   2.309
   2.426
   2.544
   2.640
   2.720
   2.785
   2.826
   2.845
   2.852
   2.830
   2.809
   2.754
   2.687
   2.596
   2.484
   2.369
   2.251
   2.109
   1.977
   1.864
   1.760
   1.663
   1.604
   1.596
   1.640
   1.742
   1.906
   2.118
   2.355
   2.605
   2.822
   2.981
   3.110
   3.248
   3.401
   3.549
   3.697
   3.879
   4.085
   4.096
   0.000
 -65.534
 -65.534
 -65.534
 -65.534
 -65.534
 -65.534
 -65.534
 -65.534
 -65.534
 -65.534
 -65.534
 -65.534
 -65.534
 -65.534
 -65.534
 -65.534
 -65.534
 -65.534
 -65.534
   1.580
   1.679
   1.746
   1.799
   1.849
   1.897
   1.945
   2.001
   2.067
   2.123
   2.173
   2.230
   2.281
   2.318
   2.345
   2.371
   2.375
   2.375
   2.355
   2.322
   2.292
   2.230
   2.136
   2.013
   1.888
   1.756
   1.620
   1.491
   1.419
   1.376
   1.341
   1.338
   1.373
   1.454
   1.597
   1.793
   2.028
   2.269
   2.494
   2.661
   2.758
   2.856
   3.016
   3.199
   3.396
   3.581
   3.782
   3.990
   3.982
   0.000
 -65.534
 -65.534
 -65.534
 -65.534
 -65.534
 -65.534
 -65.534
 -65.534
 -65.534
 -65.534
 -65.534
 -65.534
 -65.534
 -65.534
 -65.534
 -65.534
 -65.534
 -65.534
   0.747
   1.656
   1.732
   1.785
   1.830
   1.870
   1.898
   1.925
   1.955
   1.985
   2.014
   2.033
   2.034
   2.030
   2.024
   2.014
   2.010
   2.000
   1.994
   1.965
   1.930
   1.891
   1.855
   1.787
   1.682
   1.563
   1.429
   1.294
   1.194
   1.151
   1.159
   1.204
   1.256
   1.323
   1.421
   1.568
   1.748
   1.964
   2.204
   2.407
   2.535
   2.606
   2.698
   2.860
   3.050
   3.271
   3.493
   3.711
   3.928
   3.900
   0.000
 -65.534
 -65.534
 -65.534
 -65.534
 -65.534
 -65.534
 -65.534
 -65.534
 -65.534
 -65.534
 -65.534
 -65.534
 -65.534
 -65.534
 -65.534
 -65.534
 -65.534
   0.568
   1.273
   1.729
   1.802
   1.836
   1.873
   1.907
   1.924
   1.933
   1.947
   1.955
   1.961
   1.953
   1.920
   1.873
   1.835
   1.797
   1.763
   1.734
   1.701
   1.673
   1.640
   1.611
   1.601
   1.577
   1.522
   1.439
   1.321
   1.200
   1.113
   1.094
   1.140
   1.210
   1.291
   1.379
   1.461
   1.586
   1.747
   1.957
   2.179
   2.355
   2.451
   2.516
   2.600
   2.737
   2.924
   3.160
   3.395
   3.634
   3.853
   3.822
   0.000
 -65.534
 -65.534
 -65.534
 -65.534
 -65.534
 -65.534
 -65.534
 -65.534
 -65.534
 -65.534
 -65.534
 -65.534
 -65.534
 -65.534
 -65.534
 -65.534
 -65.534
   0.991
   1.478
   1.764
   1.839
   1.867
   1.897
   1.928
   1.950
   1.956
   1.964
   1.958
   1.945
   1.923
   1.872
   1.798
   1.735
   1.671
   1.610
   1.559
   1.512
   1.469
   1.442
   1.437
   1.456
   1.478
   1.493
   1.474
   1.410
   1.308
   1.227
   1.210
   1.251
   1.332
   1.418
   1.459
   1.505
   1.597
   1.715
   1.885
   2.100
   2.270
   2.358
   2.418
   2.509
   2.645
   2.816
   3.023
   3.260
   3.513
   3.736
   3.712
   0.000
 -65.534
 -65.534
 -65.534
 -65.534
 -65.534
 -65.534
 -65.534
 -65.534
 -65.534
 -65.534
 -65.534
 -65.534
 -65.534
 -65.534
 -65.534
 -65.534
 -65.534
   1.200
   1.560
   1.757
   1.830
   1.868
   1.907
   1.942
   1.972
   1.985
   1.986
   1.979
   1.961
   1.925
   1.868
   1.774
   1.698
   1.623
   1.549
   1.484
   1.425
   1.382
   1.365
   1.375
   1.416
   1.473
   1.527
   1.547
   1.534
   1.474
   1.425
   1.415
   1.446
   1.514
   1.585
   1.612
   1.657
   1.706
   1.774
   1.877
   2.038
   2.184
   2.290
   2.361
   2.447
   2.564
   2.706
   2.893
   3.097
   3.317
   3.537
   3.567
   0.000
 -65.534
 -65.534
 -65.534
 -65.534
 -65.534
 -65.534
 -65.534
 -65.534
 -65.534
 -65.534
 -65.534
 -65.534
 -65.534
 -65.534
 -65.534
 -65.534
 -65.534
   1.286
   1.553
   1.704
   1.787
   1.846
   1.906
   1.954
   1.986
   2.011
   2.016
   2.009
   1.987
   1.947
   1.893
   1.794
   1.722
   1.655
   1.588
   1.530
   1.474
   1.432
   1.417
   1.437
   1.494
   1.562
   1.624
   1.664
   1.666
   1.648
   1.617
   1.610
   1.625
   1.669
   1.721
   1.747
   1.773
   1.791
   1.806
   1.856
   1.948
   2.081
   2.184
   2.282
   2.373
   2.471
   2.584
   2.731
   2.897
   3.085
   3.298
   3.330
   0.000
 -65.534
 -65.534
 -65.534
 -65.534
 -65.534
 -65.534
 -65.534
 -65.534
 -65.534
 -65.534
 -65.534
 -65.534
 -65.534
 -65.534
 -65.534
 -65.534
 -65.534
 -65.534
   1.443
   1.617
   1.729
   1.815
   1.889
   1.950
   1.987
   2.013
   2.027
   2.025
   2.008
   1.986
   1.937
   1.854
   1.799
   1.754
   1.717
   1.675
   1.616
   1.570
   1.553
   1.574
   1.637
   1.705
   1.769
   1.813
   1.823
   1.807
   1.797
   1.771
   1.781
   1.797
   1.833
   1.848
   1.862
   1.865
   1.857
   1.859
   1.926
   2.015
   2.105
   2.201
   2.290
   2.382
   2.469
   2.577
   2.700
   2.827
   2.999
   3.014
   0.000
 -65.534
 -65.534
 -65.534
 -65.534
 -65.534
 -65.534
 -65.534
 -65.534
 -65.534
 -65.534
 -65.534
 -65.534
 -65.534
 -65.534
 -65.534
 -65.534
 -65.534
 -65.534
 -65.534
   1.489
   1.660
   1.771
   1.862
   1.928
   1.974
   2.003
   2.021
   2.031
   2.034
   2.034
   2.007
   1.972
   1.949
   1.929
   1.917
   1.907
   1.917
   1.884
   1.883
   1.893
   1.852
   1.889
   1.925
   1.964
   1.977
   1.976
   1.948
   1.920
   1.899
   1.906
   1.953
   1.953
   1.960
   1.979
   1.981
   1.984
   2.008
   2.054
   2.123
   2.201
   2.267
   2.325
   2.386
   2.445
   2.508
   2.577
   2.663
   2.607
   0.000
 -65.534
 -65.534
 -65.534
 -65.534
 -65.534
 -65.534
 -65.534
 -65.534
 -65.534
 -65.534
 -65.534
 -65.534
 -65.534
 -65.534
 -65.534
 -65.534
 -65.534
 -65.534
 -65.534
 -65.534
   1.579
   1.737
   1.854
   1.926
   1.984
   2.016
   2.045
   2.072
   2.103
   2.138
   2.153
   2.196
   2.215
   2.250
   2.298
   2.263
 -65.534
 -65.534
 -65.534
 -65.534
   1.898
   2.039
   2.074
   2.118
   2.158
   2.159
   2.143
   2.125
   2.077
   2.065
   2.057
   2.043
   2.047
   2.061
   2.052
   2.059
   2.077
   2.113
   2.146
   2.196
   2.243
   2.284
   2.307
   2.312
   2.304
   2.289
   2.315
   2.175
   0.000
 -65.534
 -65.534
 -65.534
 -65.534
 -65.534
 -65.534
 -65.534
 -65.534
 -65.534
 -65.534
 -65.534
 -65.534
 -65.534
 -65.534
 -65.534
 -65.534
 -65.534
 -65.534
 -65.534
 -65.534
 -65.534
 -65.534
 -65.534
 -65.534
   1.897
   2.025
   2.090
   2.152
   2.221
   2.293
   2.351
   2.429
   2.498
   2.560
   2.587
   2.471
 -65.534
 -65.534
 -65.534
 -65.534
 -65.534
 -65.534
   2.100
   2.261
   2.332
   2.341
   2.329
   2.295
   2.267
   2.219
   2.179
   2.149
   2.124
   2.098
   2.091
   2.080
   2.074
   2.083
   2.112
   2.143
   2.185
   2.203
   2.191
   2.149
   2.081
   1.996
   1.932
   1.746
   0.000
 -65.534
 -65.534
 -65.534
 -65.534
 -65.534
 -65.534
 -65.534
 -65.534
 -65.534
 -65.534
 -65.534
 -65.534
 -65.534
 -65.534
 -65.534
 -65.534
 -65.534
 -65.534
 -65.534
 -65.534
 -65.534
 -65.534
 -65.534
 -65.534
   1.863
   2.029
   2.140
   2.251
   2.368
   2.446
   2.526
   2.615
   2.693
   2.743
   2.732
   2.583
 -65.534
 -65.534
 -65.534
 -65.534
 -65.534
 -65.534
 -65.534
   2.301
   2.469
   2.532
   2.536
   2.501
   2.459
   2.395
   2.343
   2.288
   2.228
   2.176
   2.131
   2.090
   2.064
   2.055
   2.065
   2.072
   2.063
   2.043
   1.991
   1.898
   1.778
   1.645
   1.538
   1.329
   0.000
 -65.534
 -65.534
 -65.534
 -65.534
 -65.534
 -65.534
 -65.534
 -65.534
 -65.534
 -65.534
 -65.534
 -65.534
 -65.534
 -65.534
 -65.534
 -65.534
 -65.534
 -65.534
 -65.534
 -65.534
 -65.534
 -65.534
 -65.534
 -65.534
 -65.534
 -65.534
 -65.534
 -65.534
 -65.534
   2.397
   2.602
   2.710
   2.793
   2.830
   2.784
   2.590
   1.263
 -65.534
 -65.534
 -65.534
 -65.534
 -65.534
 -65.534
   2.405
   2.747
 -65.534
   2.314
   2.522
   2.542
   2.549
   2.482
   2.407
   2.304
   2.230
   2.167
   2.106
   2.062
   2.027
   1.996
   1.965
   1.915
   1.842
   1.728
   1.576
   1.402
   1.225
   1.076
   0.883
   0.000
 -65.534
 -65.534
 -65.534
 -65.534
 -65.534
 -65.534
 -65.534
 -65.534
 -65.534
 -65.534
 -65.534
 -65.534
 -65.534
 -65.534
 -65.534
 -65.534
 -65.534
 -65.534
 -65.534
 -65.534
 -65.534
 -65.534
 -65.534
 -65.534
 -65.534
 -65.534
 -65.534
 -65.534
 -65.534
 -65.534
 -65.534
 -65.534
   2.680
   2.807
   2.771
   2.537
   1.663
   0.960
 -65.534
 -65.534
 -65.534
 -65.534
 -65.534
 -65.534
 -65.534
 -65.534
 -65.534
 -65.534
 -65.534
   2.138
   2.386
   2.370
   2.410
   2.327
   2.230
   2.103
   2.019
   1.953
   1.885
   1.804
   1.706
   1.579
   1.417
   1.229
   1.038
   0.849
   0.702
   0.559
   0.000
 -65.534
 -65.534
 -65.534
 -65.534
 -65.534
 -65.534
 -65.534
 -65.534
 -65.534
 -65.534
 -65.534
 -65.534
 -65.534
 -65.534
 -65.534
 -65.534
 -65.534
 -65.534
 -65.534
 -65.534
 -65.534
 -65.534
 -65.534
 -65.534
 -65.534
 -65.534
 -65.534
 -65.534
 -65.534
 -65.534
 -65.534
 -65.534
   2.596
   2.702
   2.666
   2.431
   1.838
   1.266
   0.866
   0.674
 -65.534
 -65.534
 -65.534
 -65.534
 -65.534
 -65.534
 -65.534
 -65.534
 -65.534
 -65.534
 -65.534
 -65.534
   1.779
   2.059
   2.036
   2.036
   1.930
   1.816
   1.697
   1.577
   1.444
   1.285
   1.109
   0.915
   0.730
   0.573
   0.460
   0.376
   0.000
 -65.534
 -65.534
 -65.534
 -65.534
 -65.534
 -65.534
 -65.534
 -65.534
 -65.534
 -65.534
 -65.534
 -65.534
 -65.534
 -65.534
 -65.534
 -65.534
 -65.534
 -65.534
 -65.534
 -65.534
 -65.534
 -65.534
 -65.534
 -65.534
 -65.534
 -65.534
 -65.534
 -65.534
 -65.534
 -65.534
 -65.534
 -65.534
 -65.534
 -65.534
 -65.534
 -65.534
   1.559
   1.305
   1.043
   0.860
   0.691
   0.590
   0.520
   0.503
   0.489
 -65.534
 -65.534
 -65.534
 -65.534
 -65.534
 -65.534
 -65.534
 -65.534
 -65.534
 -65.534
   1.358
   1.635
   1.600
   1.487
   1.331
   1.175
   1.010
   0.830
   0.659
   0.510
   0.386
   0.308
   0.280
   0.000
 -65.534
 -65.534
 -65.534
 -65.534
 -65.534
 -65.534
 -65.534
 -65.534
 -65.534
 -65.534
 -65.534
 -65.534
 -65.534
 -65.534
 -65.534
 -65.534
 -65.534
 -65.534
 -65.534
 -65.534
 -65.534
 -65.534
 -65.534
 -65.534
 -65.534
 -65.534
 -65.534
 -65.534
 -65.534
 -65.534
 -65.534
 -65.534
 -65.534
 -65.534
 -65.534
 -65.534
 -65.534
 -65.534
 -65.534
 -65.534
   0.591
 -65.534
 -65.534
 -65.534
 -65.534
 -65.534
 -65.534
 -65.534
 -65.534
 -65.534
 -65.534
 -65.534
 -65.534
 -65.534
 -65.534
   0.662
   1.087
   1.184
   1.121
   1.057
   0.909
   0.729
   0.557
   0.414
   0.303
   0.234
   0.206
   0.225
   0.000
 -65.534
 -65.534
 -65.534
 -65.534
 -65.534
 -65.534
 -65.534
 -65.534
 -65.534
 -65.534
 -65.534
 -65.534
 -65.534
 -65.534
 -65.534
 -65.534
 -65.534
 -65.534
 -65.534
 -65.534
 -65.534
 -65.534
 -65.534
 -65.534
 -65.534
 -65.534
 -65.534
 -65.534
 -65.534
 -65.534
 -65.534
 -65.534
 -65.534
 -65.534
 -65.534
 -65.534
 -65.534
 -65.534
 -65.534
 -65.534
 -65.534
 -65.534
 -65.534
 -65.534
 -65.534
 -65.534
 -65.534
 -65.534
 -65.534
 -65.534
 -65.534
 -65.534
 -65.534
 -65.534
 -65.534
 -65.534
 -65.534
 -65.534
 -65.534
   0.443
   0.558
   0.459
   0.311
   0.214
   0.158
   0.153
   0.203
   0.244
   0.000
 -65.534
 -65.534
 -65.534
 -65.534
 -65.534
 -65.534
 -65.534
 -65.534
 -65.534
 -65.534
 -65.534
 -65.534
 -65.534
 -65.534
 -65.534
 -65.534
 -65.534
 -65.534
 -65.534
 -65.534
 -65.534
 -65.534
 -65.534
 -65.534
 -65.534
 -65.534
 -65.534
 -65.534
 -65.534
 -65.534
 -65.534
 -65.534
 -65.534
 -65.534
 -65.534
 -65.534
 -65.534
 -65.534
 -65.534
 -65.534
 -65.534
 -65.534
 -65.534
 -65.534
 -65.534
 -65.534
 -65.534
 -65.534
 -65.534
 -65.534
 -65.534
 -65.534
 -65.534
 -65.534
 -65.534
 -65.534
 -65.534
 -65.534
 -65.534
 -65.534
 -65.534
   0.000
   0.000
   0.000
   0.000
   0.000
   0.000
   0.000
 -65.534
