 -65.534
   0.000
   0.000
   0.000
   0.000
   0.000
   0.000
   0.000
   0.000
   0.000
   0.000
   0.000
   0.000
   0.000
   0.000
   0.000
   0.000
   0.000
   0.000
   0.000
   0.000
   0.000
   0.000
   0.000
   0.000
   0.000
   0.000
   0.000
   0.000
   0.000
   0.000
   0.000
   0.000
   0.000
   0.000
   0.000
   0.000
   0.000
   0.000
   0.000
   0.000
   0.000
   0.000
   0.000
   0.000
   0.000
   0.000
   0.000
   0.000
   0.000
   0.000
   0.000
   0.000
   0.000
   0.000
   0.000
   0.000
   0.000
   0.000
   0.000
   0.000
   0.000
   0.000
   0.000
   0.000
   0.000
   0.000
   0.000
 -65.534
   0.000
   3.105
   3.548
   3.815
   4.073
   4.315
   4.540
   4.755
   4.961
   5.171
   5.393
   5.609
   5.844
   6.115
   6.350
   6.611
   6.874
   7.056
   7.063
   6.879
   6.599
   6.351
   6.322
   6.760
   7.228
   7.621
   7.904
   7.941
   7.873
   7.807
   7.584
   7.336
   7.191
   6.946
   6.504
   6.156
   5.900
   5.541
   5.364
   5.047
   4.777
   4.507
   4.296
   4.129
   4.059
   4.040
   4.047
   4.095
   4.133
   4.201
   4.292
   4.391
   4.504
   4.628
   4.793
   4.934
   5.043
   5.077
   5.075
   5.063
   5.023
   4.952
   4.876
   4.807
   4.707
   4.623
   4.552
   4.369
   0.000
   0.000
   3.258
   3.637
   3.844
   4.073
   4.291
   4.515
   4.747
   4.981
   5.217
   5.454
   5.681
   5.909
   6.156
   6.366
   6.620
   6.895
   7.143
   7.284
   7.408
   7.479
   7.518
   7.551
   7.836
   8.193
   8.460
   8.625
   8.685
   8.609
   8.523
   8.282
   7.985
   7.684
   7.433
   7.055
   6.716
   6.429
   6.138
   5.871
   5.569
   5.237
   4.966
   4.701
   4.501
   4.429
   4.450
   4.535
   4.647
   4.767
   4.912
   5.066
   5.224
   5.385
   5.554
   5.712
   5.859
   5.987
   6.063
   6.091
   6.070
   6.027
   5.949
   5.850
   5.736
   5.618
   5.507
   5.404
   5.155
   0.000
   0.000
   3.178
   3.498
   3.663
   3.852
   4.042
   4.255
   4.489
   4.729
   4.982
   5.232
   5.469
   5.693
   5.919
   6.144
   6.394
   6.695
   7.004
   7.278
   7.595
   7.877
   8.116
   8.372
   8.677
   8.784
   8.929
   9.029
   8.997
   8.887
   8.736
   8.423
   8.116
   7.808
   7.463
   7.156
   6.863
   6.620
   6.311
   6.045
   5.748
   5.448
   5.171
   4.909
   4.687
   4.576
   4.598
   4.719
   4.880
   5.055
   5.259
   5.459
   5.656
   5.848
   6.031
   6.194
   6.350
   6.481
   6.569
   6.601
   6.587
   6.545
   6.461
   6.347
   6.216
   6.084
   5.944
   5.821
   5.522
   0.000
   0.000
   3.092
   3.359
   3.480
   3.633
   3.796
   3.987
   4.203
   4.437
   4.686
   4.945
   5.191
   5.423
   5.637
   5.861
   6.100
   6.411
   6.772
   7.149
   7.533
   7.913
   8.270
   8.583
   8.839
   9.153
   9.182
   9.168
   9.052
   8.851
   8.630
   8.312
   7.992
   7.689
   7.397
   7.159
   6.940
   6.732
   6.491
   6.228
   5.959
   5.682
   5.421
   5.156
   4.934
   4.802
   4.790
   4.898
   5.075
   5.294
   5.533
   5.782
   6.015
   6.228
   6.429
   6.612
   6.765
   6.901
   6.998
   7.031
   7.018
   6.966
   6.873
   6.735
   6.589
   6.431
   6.269
   6.119
   5.778
   0.000
   0.000
   3.010
   3.227
   3.319
   3.442
   3.575
   3.739
   3.927
   4.153
   4.395
   4.650
   4.897
   5.127
   5.343
   5.563
   5.805
   6.100
   6.457
   6.847
   7.232
   7.608
   7.955
   8.258
   8.583
   9.003
   8.934
   8.899
   8.775
   8.575
   8.353
   8.084
   7.803
   7.541
   7.327
   7.138
   6.984
   6.822
   6.632
   6.406
   6.171
   5.917
   5.678
   5.424
   5.204
   5.060
   5.018
   5.092
   5.264
   5.501
   5.770
   6.058
   6.323
   6.566
   6.798
   7.003
   7.170
   7.310
   7.402
   7.423
   7.401
   7.338
   7.213
   7.066
   6.891
   6.708
   6.527
   6.345
   5.970
   0.000
   0.000
   2.916
   3.098
   3.168
   3.264
   3.376
   3.515
   3.691
   3.895
   4.123
   4.358
   4.595
   4.825
   5.036
   5.235
   5.460
   5.737
   6.066
   6.442
   6.806
   7.127
   7.423
   7.708
   8.017
   8.320
   8.396
   8.406
   8.331
   8.176
   7.990
   7.786
   7.565
   7.377
   7.223
   7.109
   7.011
   6.912
   6.770
   6.594
   6.396
   6.186
   5.969
   5.740
   5.526
   5.365
   5.286
   5.315
   5.458
   5.680
   5.968
   6.288
   6.590
   6.872
   7.135
   7.363
   7.543
   7.685
   7.775
   7.794
   7.759
   7.668
   7.524
   7.343
   7.149
   6.940
   6.723
   6.512
   6.106
   0.000
   0.000
   2.786
   2.953
   3.013
   3.098
   3.196
   3.323
   3.483
   3.672
   3.876
   4.090
   4.307
   4.511
   4.701
   4.885
   5.095
   5.334
   5.624
   5.943
   6.278
   6.595
   6.859
   7.108
   7.341
   7.527
   7.713
   7.800
   7.788
   7.710
   7.581
   7.444
   7.295
   7.183
   7.106
   7.065
   7.035
   6.998
   6.911
   6.790
   6.632
   6.471
   6.298
   6.105
   5.907
   5.734
   5.607
   5.578
   5.660
   5.847
   6.128
   6.457
   6.782
   7.098
   7.397
   7.655
   7.860
   8.011
   8.097
   8.101
   8.046
   7.942
   7.769
   7.565
   7.339
   7.110
   6.869
   6.633
   6.191
   0.000
   0.000
   2.575
   2.748
   2.821
   2.914
   3.007
   3.127
   3.272
   3.446
   3.636
   3.828
   4.017
   4.191
   4.355
   4.523
   4.707
   4.924
   5.174
   5.445
   5.741
   6.017
   6.266
   6.493
   6.695
   6.860
   7.044
   7.163
   7.207
   7.198
   7.151
   7.089
   7.021
   6.982
   6.985
   7.008
   7.050
   7.079
   7.052
   6.972
   6.879
   6.762
   6.622
   6.475
   6.308
   6.133
   5.983
   5.896
   5.928
   6.058
   6.288
   6.589
   6.923
   7.256
   7.582
   7.878
   8.108
   8.280
   8.363
   8.369
   8.287
   8.157
   7.963
   7.733
   7.492
   7.236
   6.972
   6.709
   6.245
   0.000
   0.000
   2.272
   2.446
   2.547
   2.666
   2.773
   2.898
   3.048
   3.216
   3.397
   3.574
   3.735
   3.887
   4.023
   4.166
   4.325
   4.523
   4.745
   4.985
   5.238
   5.482
   5.711
   5.926
   6.113
   6.273
   6.435
   6.581
   6.677
   6.724
   6.743
   6.751
   6.758
   6.795
   6.858
   6.941
   7.040
   7.121
   7.155
   7.119
   7.065
   6.985
   6.884
   6.772
   6.652
   6.510
   6.361
   6.247
   6.222
   6.304
   6.475
   6.742
   7.036
   7.368
   7.706
   8.014
   8.264
   8.446
   8.535
   8.527
   8.451
   8.304
   8.093
   7.849
   7.594
   7.329
   7.046
   6.759
   6.268
   0.000
   0.000
   1.945
   2.101
   2.218
   2.355
   2.493
   2.635
   2.794
   2.970
   3.151
   3.322
   3.470
   3.602
   3.719
   3.831
   3.969
   4.135
   4.328
   4.546
   4.769
   4.997
   5.215
   5.421
   5.613
   5.775
   5.940
   6.094
   6.226
   6.316
   6.390
   6.459
   6.528
   6.614
   6.715
   6.842
   6.978
   7.102
   7.184
   7.198
   7.178
   7.119
   7.041
   6.964
   6.882
   6.783
   6.672
   6.569
   6.506
   6.538
   6.682
   6.916
   7.136
   7.438
   7.768
   8.079
   8.303
   8.472
   8.562
   8.557
   8.475
   8.328
   8.110
   7.865
   7.608
   7.336
   7.040
   6.748
   6.248
   0.000
   0.000
   1.663
   1.786
   1.890
   2.042
   2.189
   2.338
   2.499
   2.686
   2.872
   3.052
   3.206
   3.334
   3.440
   3.536
   3.642
   3.779
   3.942
   4.133
   4.335
   4.554
   4.759
   4.967
   5.159
   5.341
   5.516
   5.685
   5.844
   5.976
   6.093
   6.201
   6.313
   6.436
   6.570
   6.708
   6.867
   7.020
   7.134
   7.189
   7.207
   7.178
   7.117
   7.067
   7.025
   6.964
   6.895
   6.828
   6.778
   6.778
   6.901
   7.091
   7.282
   7.532
   7.811
   8.078
   8.298
   8.442
   8.506
   8.493
   8.404
   8.249
   8.039
   7.795
   7.543
   7.268
   6.972
   6.682
   6.172
   0.000
   0.000
   1.461
   1.541
   1.609
   1.737
   1.884
   2.034
   2.194
   2.366
   2.552
   2.736
   2.906
   3.050
   3.165
   3.259
   3.350
   3.458
   3.594
   3.758
   3.946
   4.143
   4.344
   4.544
   4.743
   4.941
   5.138
   5.320
   5.498
   5.659
   5.816
   5.953
   6.096
   6.244
   6.395
   6.549
   6.711
   6.864
   6.995
   7.082
   7.133
   7.141
   7.108
   7.076
   7.066
   7.046
   7.009
   6.991
   6.982
   6.999
   7.088
   7.242
   7.395
   7.594
   7.821
   8.040
   8.224
   8.357
   8.396
   8.363
   8.256
   8.092
   7.885
   7.645
   7.401
   7.130
   6.848
   6.560
   6.060
   0.000
 -65.534
 -65.534
   1.329
   1.381
   1.451
   1.578
   1.720
   1.877
   2.038
   2.220
   2.397
   2.562
   2.714
   2.842
   2.952
   3.059
   3.166
   3.290
   3.430
   3.591
   3.775
   3.965
   4.159
   4.354
   4.563
   4.774
   4.974
   5.168
   5.354
   5.527
   5.697
   5.862
   6.018
   6.181
   6.340
   6.504
   6.660
   6.792
   6.892
   6.962
   6.992
   6.983
   6.980
   6.999
   7.013
   7.014
   7.035
   7.064
   7.113
   7.203
   7.330
   7.471
   7.610
   7.791
   7.957
   8.101
   8.205
   8.229
   8.164
   8.038
   7.859
   7.650
   7.422
   7.187
   6.933
   6.673
   6.404
   5.899
   0.000
 -65.534
 -65.534
 -65.534
   1.172
   1.172
   1.264
   1.395
   1.544
   1.704
   1.873
   2.049
   2.198
   2.345
   2.484
   2.609
   2.729
   2.857
   2.990
   3.127
   3.286
   3.448
   3.629
   3.814
   4.011
   4.218
   4.429
   4.631
   4.831
   5.033
   5.224
   5.405
   5.582
   5.757
   5.933
   6.107
   6.270
   6.432
   6.568
   6.659
   6.722
   6.764
   6.783
   6.807
   6.864
   6.906
   6.940
   6.984
   7.045
   7.125
   7.235
   7.350
   7.477
   7.589
   7.731
   7.862
   7.954
   8.002
   8.008
   7.925
   7.780
   7.594
   7.377
   7.154
   6.929
   6.701
   6.479
   6.232
   5.734
   0.000
 -65.534
 -65.534
 -65.534
 -65.534
   0.904
   1.001
   1.105
   1.231
   1.378
   1.535
   1.692
   1.839
   1.981
   2.118
   2.256
   2.389
   2.529
   2.671
   2.820
   2.980
   3.140
   3.315
   3.495
   3.684
   3.882
   4.088
   4.288
   4.485
   4.685
   4.880
   5.067
   5.255
   5.447
   5.642
   5.833
   6.014
   6.190
   6.312
   6.402
   6.454
   6.486
   6.511
   6.574
   6.656
   6.729
   6.790
   6.868
   6.949
   7.042
   7.166
   7.284
   7.396
   7.512
   7.621
   7.716
   7.771
   7.783
   7.757
   7.662
   7.517
   7.328
   7.115
   6.899
   6.690
   6.500
   6.316
   6.118
   5.627
   0.000
 -65.534
 -65.534
 -65.534
 -65.534
   0.762
   0.812
   0.889
   0.983
   1.099
   1.230
   1.365
   1.495
   1.628
   1.761
   1.901
   2.041
   2.183
   2.330
   2.484
   2.645
   2.814
   2.976
   3.151
   3.327
   3.521
   3.717
   3.916
   4.110
   4.307
   4.506
   4.701
   4.900
   5.101
   5.310
   5.522
   5.722
   5.896
   6.027
   6.119
   6.164
   6.179
   6.196
   6.275
   6.380
   6.487
   6.569
   6.669
   6.762
   6.857
   6.975
   7.108
   7.230
   7.330
   7.431
   7.489
   7.513
   7.494
   7.444
   7.356
   7.222
   7.059
   6.871
   6.677
   6.504
   6.359
   6.215
   6.057
   5.595
   0.000
 -65.534
 -65.534
 -65.534
 -65.534
   0.716
   0.722
   0.762
   0.821
   0.894
   0.995
   1.102
   1.201
   1.308
   1.432
   1.563
   1.698
   1.829
   1.969
   2.119
   2.274
   2.430
   2.592
   2.756
   2.931
   3.113
   3.306
   3.501
   3.702
   3.905
   4.110
   4.316
   4.521
   4.741
   4.960
   5.173
   5.380
   5.558
   5.690
   5.787
   5.846
   5.885
   5.925
   5.965
   6.075
   6.192
   6.297
   6.419
   6.533
   6.633
   6.759
   6.895
   7.016
   7.105
   7.169
   7.202
   7.195
   7.158
   7.098
   7.016
   6.904
   6.779
   6.635
   6.487
   6.368
   6.259
   6.147
   6.011
   5.561
   0.000
 -65.534
 -65.534
 -65.534
 -65.534
   0.844
   0.832
   0.837
   0.831
   0.812
   0.854
   0.919
   0.981
   1.053
   1.151
   1.260
   1.372
   1.491
   1.624
   1.760
   1.906
   2.047
   2.197
   2.349
   2.524
   2.700
   2.888
   3.087
   3.291
   3.508
   3.718
   3.929
   4.142
   4.361
   4.571
   4.783
   4.988
   5.164
   5.300
   5.406
   5.481
   5.554
   5.622
   5.704
   5.811
   5.929
   6.032
   6.154
   6.280
   6.402
   6.532
   6.670
   6.779
   6.857
   6.895
   6.906
   6.887
   6.824
   6.751
   6.658
   6.568
   6.488
   6.401
   6.323
   6.248
   6.162
   6.067
   5.906
   5.463
   0.000
 -65.534
 -65.534
 -65.534
 -65.534
 -65.534
 -65.534
 -65.534
 -65.534
   0.837
   0.839
   0.842
   0.849
   0.874
   0.931
   1.011
   1.100
   1.205
   1.328
   1.465
   1.603
   1.723
   1.852
   1.992
   2.157
   2.336
   2.523
   2.721
   2.927
   3.138
   3.349
   3.552
   3.755
   3.954
   4.153
   4.349
   4.537
   4.713
   4.868
   4.987
   5.089
   5.192
   5.294
   5.425
   5.557
   5.668
   5.785
   5.927
   6.062
   6.168
   6.297
   6.428
   6.532
   6.594
   6.619
   6.605
   6.553
   6.476
   6.389
   6.294
   6.215
   6.172
   6.147
   6.131
   6.083
   6.013
   5.909
   5.740
   5.291
   0.000
 -65.534
 -65.534
 -65.534
 -65.534
 -65.534
 -65.534
   0.647
   0.893
   0.977
   0.875
   0.831
   0.796
   0.785
   0.798
   0.840
   0.910
   1.009
   1.132
   1.260
   1.377
   1.490
   1.595
   1.726
   1.876
   2.047
   2.239
   2.437
   2.641
   2.840
   3.033
   3.215
   3.392
   3.568
   3.738
   3.915
   4.086
   4.252
   4.404
   4.549
   4.688
   4.827
   4.973
   5.125
   5.278
   5.414
   5.550
   5.680
   5.791
   5.925
   6.067
   6.188
   6.284
   6.317
   6.317
   6.269
   6.193
   6.102
   6.001
   5.897
   5.836
   5.828
   5.861
   5.884
   5.863
   5.796
   5.682
   5.514
   5.017
   0.000
 -65.534
 -65.534
 -65.534
 -65.534
 -65.534
 -65.534
 -65.534
 -65.534
 -65.534
   1.000
   0.928
   0.886
   0.859
   0.840
   0.827
   0.828
   0.918
   1.036
   1.156
   1.258
   1.343
   1.434
   1.553
   1.699
   1.868
   2.055
   2.246
   2.436
   2.618
   2.787
   2.945
   3.093
   3.240
   3.390
   3.536
   3.682
   3.827
   3.974
   4.125
   4.281
   4.448
   4.625
   4.808
   4.974
   5.127
   5.266
   5.403
   5.520
   5.644
   5.754
   5.853
   5.920
   5.942
   5.917
   5.850
   5.753
   5.643
   5.526
   5.432
   5.402
   5.431
   5.501
   5.547
   5.522
   5.462
   5.364
   5.178
   4.662
   0.000
 -65.534
 -65.534
 -65.534
 -65.534
 -65.534
 -65.534
 -65.534
 -65.534
 -65.534
 -65.534
 -65.534
 -65.534
 -65.534
 -65.534
 -65.534
   0.979
   1.032
   1.098
   1.168
   1.191
   1.274
   1.367
   1.478
   1.613
   1.780
   1.958
   2.136
   2.308
   2.471
   2.619
   2.754
   2.873
   2.989
   3.113
   3.235
   3.357
   3.479
   3.603
   3.748
   3.913
   4.086
   4.276
   4.469
   4.654
   4.821
   4.967
   5.101
   5.221
   5.326
   5.426
   5.507
   5.551
   5.551
   5.501
   5.400
   5.264
   5.127
   5.002
   4.924
   4.930
   5.002
   5.082
   5.122
   5.110
   5.065
   4.954
   4.766
   4.229
   0.000
 -65.534
 -65.534
 -65.534
 -65.534
 -65.534
 -65.534
 -65.534
 -65.534
 -65.534
 -65.534
 -65.534
 -65.534
 -65.534
 -65.534
 -65.534
 -65.534
 -65.534
 -65.534
 -65.534
   1.210
   1.283
   1.374
   1.480
   1.613
   1.764
   1.927
   2.092
   2.248
   2.390
   2.516
   2.628
   2.725
   2.821
   2.923
   3.028
   3.128
   3.232
   3.338
   3.458
   3.605
   3.777
   3.966
   4.160
   4.345
   4.512
   4.653
   4.782
   4.899
   4.989
   5.069
   5.132
   5.163
   5.141
   5.061
   4.926
   4.758
   4.589
   4.465
   4.416
   4.458
   4.560
   4.637
   4.683
   4.669
   4.600
   4.488
   4.299
   3.752
   0.000
 -65.534
 -65.534
 -65.534
 -65.534
 -65.534
 -65.534
 -65.534
 -65.534
 -65.534
 -65.534
 -65.534
 -65.534
 -65.534
 -65.534
 -65.534
 -65.534
 -65.534
 -65.534
   0.964
   1.341
   1.356
   1.431
   1.537
   1.668
   1.809
   1.952
   2.096
   2.237
   2.359
   2.465
   2.556
   2.645
   2.723
   2.810
   2.898
   2.986
   3.072
   3.157
   3.259
   3.386
   3.536
   3.709
   3.890
   4.058
   4.209
   4.330
   4.435
   4.533
   4.620
   4.686
   4.735
   4.751
   4.716
   4.606
   4.441
   4.242
   4.060
   3.944
   3.922
   3.992
   4.092
   4.165
   4.199
   4.172
   4.085
   3.956
   3.764
   3.219
   0.000
 -65.534
 -65.534
 -65.534
 -65.534
 -65.534
 -65.534
 -65.534
 -65.534
 -65.534
 -65.534
 -65.534
 -65.534
 -65.534
 -65.534
 -65.534
 -65.534
 -65.534
   0.867
   1.334
   1.417
   1.447
   1.495
   1.586
   1.722
   1.852
   1.982
   2.111
   2.232
   2.339
   2.434
   2.515
   2.583
   2.648
   2.713
   2.782
   2.854
   2.919
   2.988
   3.069
   3.169
   3.305
   3.462
   3.626
   3.775
   3.899
   3.998
   4.080
   4.151
   4.208
   4.264
   4.305
   4.317
   4.271
   4.146
   3.976
   3.774
   3.594
   3.498
   3.495
   3.565
   3.650
   3.709
   3.723
   3.666
   3.563
   3.412
   3.210
   2.688
   0.000
 -65.534
 -65.534
 -65.534
 -65.534
 -65.534
 -65.534
 -65.534
 -65.534
 -65.534
 -65.534
 -65.534
 -65.534
 -65.534
 -65.534
 -65.534
 -65.534
 -65.534
   1.224
   1.439
   1.484
   1.515
   1.552
   1.616
   1.728
   1.862
   1.978
   2.095
   2.206
   2.304
   2.390
   2.462
   2.519
   2.568
   2.610
   2.648
   2.693
   2.733
   2.786
   2.844
   2.926
   3.039
   3.176
   3.320
   3.450
   3.553
   3.634
   3.698
   3.759
   3.802
   3.837
   3.866
   3.907
   3.884
   3.779
   3.627
   3.444
   3.258
   3.152
   3.143
   3.184
   3.239
   3.270
   3.257
   3.190
   3.071
   2.920
   2.707
   2.152
   0.000
 -65.534
 -65.534
 -65.534
 -65.534
 -65.534
 -65.534
 -65.534
 -65.534
 -65.534
 -65.534
 -65.534
 -65.534
 -65.534
 -65.534
 -65.534
 -65.534
 -65.534
   1.414
   1.521
   1.566
   1.583
   1.607
   1.648
   1.725
   1.847
   1.949
   2.050
   2.152
   2.246
   2.327
   2.395
   2.443
   2.475
   2.495
   2.510
   2.528
   2.546
   2.571
   2.613
   2.677
   2.768
   2.877
   2.993
   3.095
   3.173
   3.239
   3.295
   3.345
   3.384
   3.406
   3.431
   3.473
   3.463
   3.405
   3.316
   3.181
   3.022
   2.912
   2.867
   2.863
   2.862
   2.846
   2.805
   2.722
   2.562
   2.392
   2.161
   1.666
   0.000
 -65.534
 -65.534
 -65.534
 -65.534
 -65.534
 -65.534
 -65.534
 -65.534
 -65.534
 -65.534
 -65.534
 -65.534
 -65.534
 -65.534
 -65.534
 -65.534
 -65.534
   1.626
   1.620
   1.642
   1.655
   1.664
   1.691
   1.735
   1.813
   1.916
   1.994
   2.083
   2.172
   2.253
   2.318
   2.355
   2.372
   2.380
   2.378
   2.378
   2.380
   2.396
   2.422
   2.471
   2.540
   2.613
   2.688
   2.760
   2.812
   2.858
   2.896
   2.936
   2.967
   2.984
   3.013
   3.054
   3.070
   3.060
   3.033
   2.960
   2.853
   2.728
   2.654
   2.594
   2.540
   2.473
   2.382
   2.264
   2.093
   1.913
   1.680
   1.185
   0.000
 -65.534
 -65.534
 -65.534
 -65.534
 -65.534
 -65.534
 -65.534
 -65.534
 -65.534
 -65.534
 -65.534
 -65.534
 -65.534
 -65.534
 -65.534
 -65.534
 -65.534
 -65.534
   1.740
   1.712
   1.723
   1.734
   1.747
   1.766
   1.803
   1.865
   1.933
   2.007
   2.088
   2.168
   2.232
   2.257
   2.262
   2.261
   2.252
   2.248
   2.250
   2.258
   2.282
   2.314
   2.348
   2.386
   2.421
   2.458
   2.486
   2.515
   2.533
   2.552
   2.564
   2.584
   2.609
   2.655
   2.682
   2.698
   2.704
   2.687
   2.618
   2.530
   2.447
   2.358
   2.270
   2.167
   2.039
   1.885
   1.707
   1.484
   1.222
   0.748
   0.000
 -65.534
 -65.534
 -65.534
 -65.534
 -65.534
 -65.534
 -65.534
 -65.534
 -65.534
 -65.534
 -65.534
 -65.534
 -65.534
 -65.534
 -65.534
 -65.534
 -65.534
 -65.534
 -65.534
   1.790
   1.783
   1.801
   1.809
   1.806
   1.811
   1.835
   1.873
   1.925
   1.995
   2.061
   2.118
   2.141
   2.140
   2.128
   2.127
   2.135
   2.122
   2.127
   2.129
   2.145
   2.180
   2.191
   2.199
   2.206
   2.214
   2.227
   2.239
   2.242
   2.238
   2.250
   2.245
   2.285
   2.303
   2.308
   2.311
   2.305
   2.279
   2.235
   2.173
   2.094
   2.010
   1.905
   1.764
   1.587
   1.387
   1.146
   0.854
   0.386
   0.000
 -65.534
 -65.534
 -65.534
 -65.534
 -65.534
 -65.534
 -65.534
 -65.534
 -65.534
 -65.534
 -65.534
 -65.534
 -65.534
 -65.534
 -65.534
 -65.534
 -65.534
 -65.534
 -65.534
 -65.534
   1.806
   1.818
   1.819
   1.813
   1.801
   1.811
   1.831
   1.856
   1.894
   1.935
   1.968
   1.971
   1.927
   1.849
   1.724
   1.417
 -65.534
 -65.534
 -65.534
 -65.534
   2.015
   2.063
   2.052
   2.028
   2.013
   2.013
   2.007
   1.986
   1.964
   1.951
   1.952
   1.973
   1.977
   1.973
   1.973
   1.955
   1.925
   1.893
   1.856
   1.797
   1.721
   1.610
   1.467
   1.289
   1.100
   0.870
   0.585
   0.133
   0.000
 -65.534
 -65.534
 -65.534
 -65.534
 -65.534
 -65.534
 -65.534
 -65.534
 -65.534
 -65.534
 -65.534
 -65.534
 -65.534
 -65.534
 -65.534
 -65.534
 -65.534
 -65.534
 -65.534
 -65.534
 -65.534
 -65.534
 -65.534
 -65.534
   1.738
   1.761
   1.783
   1.799
   1.817
   1.821
   1.817
   1.776
   1.694
   1.561
   1.360
   1.031
 -65.534
 -65.534
 -65.534
 -65.534
 -65.534
 -65.534
   1.906
   1.922
   1.896
   1.873
   1.828
   1.793
   1.765
   1.750
   1.749
   1.738
   1.728
   1.712
   1.686
   1.646
   1.606
   1.562
   1.513
   1.444
   1.348
   1.238
   1.101
   0.937
   0.759
   0.571
   0.314
  -0.089
   0.000
 -65.534
 -65.534
 -65.534
 -65.534
 -65.534
 -65.534
 -65.534
 -65.534
 -65.534
 -65.534
 -65.534
 -65.534
 -65.534
 -65.534
 -65.534
 -65.534
 -65.534
 -65.534
 -65.534
 -65.534
 -65.534
 -65.534
 -65.534
 -65.534
   1.642
   1.662
   1.682
   1.693
   1.698
   1.696
   1.654
   1.580
   1.465
   1.315
   1.136
   0.897
 -65.534
 -65.534
 -65.534
 -65.534
 -65.534
 -65.534
 -65.534
   1.784
   1.797
   1.771
   1.706
   1.653
   1.608
   1.560
   1.536
   1.519
   1.500
   1.468
   1.425
   1.362
   1.283
   1.209
   1.140
   1.056
   0.965
   0.853
   0.728
   0.582
   0.414
   0.230
   0.004
  -0.355
   0.000
 -65.534
 -65.534
 -65.534
 -65.534
 -65.534
 -65.534
 -65.534
 -65.534
 -65.534
 -65.534
 -65.534
 -65.534
 -65.534
 -65.534
 -65.534
 -65.534
 -65.534
 -65.534
 -65.534
 -65.534
 -65.534
 -65.534
 -65.534
 -65.534
 -65.534
 -65.534
 -65.534
 -65.534
 -65.534
   1.519
   1.443
   1.355
   1.269
   1.139
   1.001
   0.811
   0.252
 -65.534
 -65.534
 -65.534
 -65.534
 -65.534
 -65.534
   1.370
   1.179
 -65.534
   1.495
   1.525
   1.500
   1.475
   1.440
   1.401
   1.347
   1.282
   1.195
   1.099
   0.995
   0.897
   0.810
   0.718
   0.610
   0.496
   0.363
   0.217
   0.054
  -0.129
  -0.344
  -0.663
   0.000
 -65.534
 -65.534
 -65.534
 -65.534
 -65.534
 -65.534
 -65.534
 -65.534
 -65.534
 -65.534
 -65.534
 -65.534
 -65.534
 -65.534
 -65.534
 -65.534
 -65.534
 -65.534
 -65.534
 -65.534
 -65.534
 -65.534
 -65.534
 -65.534
 -65.534
 -65.534
 -65.534
 -65.534
 -65.534
 -65.534
 -65.534
 -65.534
   1.142
   1.033
   0.926
   0.762
   0.346
   0.097
 -65.534
 -65.534
 -65.534
 -65.534
 -65.534
 -65.534
 -65.534
 -65.534
 -65.534
 -65.534
 -65.534
   1.288
   1.317
   1.281
   1.245
   1.146
   1.027
   0.884
   0.759
   0.644
   0.534
   0.423
   0.294
   0.164
   0.020
  -0.139
  -0.303
  -0.491
  -0.702
  -0.997
   0.000
 -65.534
 -65.534
 -65.534
 -65.534
 -65.534
 -65.534
 -65.534
 -65.534
 -65.534
 -65.534
 -65.534
 -65.534
 -65.534
 -65.534
 -65.534
 -65.534
 -65.534
 -65.534
 -65.534
 -65.534
 -65.534
 -65.534
 -65.534
 -65.534
 -65.534
 -65.534
 -65.534
 -65.534
 -65.534
 -65.534
 -65.534
 -65.534
   0.997
   0.915
   0.814
   0.655
   0.376
   0.131
   0.016
  -0.006
 -65.534
 -65.534
 -65.534
 -65.534
 -65.534
 -65.534
 -65.534
 -65.534
 -65.534
 -65.534
 -65.534
 -65.534
   1.008
   0.961
   0.845
   0.694
   0.548
   0.414
   0.286
   0.148
  -0.000
  -0.152
  -0.307
  -0.478
  -0.654
  -0.820
  -1.007
  -1.274
   0.000
 -65.534
 -65.534
 -65.534
 -65.534
 -65.534
 -65.534
 -65.534
 -65.534
 -65.534
 -65.534
 -65.534
 -65.534
 -65.534
 -65.534
 -65.534
 -65.534
 -65.534
 -65.534
 -65.534
 -65.534
 -65.534
 -65.534
 -65.534
 -65.534
 -65.534
 -65.534
 -65.534
 -65.534
 -65.534
 -65.534
 -65.534
 -65.534
 -65.534
 -65.534
 -65.534
 -65.534
   0.341
   0.163
   0.039
  -0.031
  -0.052
  -0.057
  -0.079
  -0.116
  -0.178
 -65.534
 -65.534
 -65.534
 -65.534
 -65.534
 -65.534
 -65.534
 -65.534
 -65.534
 -65.534
   0.439
   0.351
   0.226
   0.086
  -0.094
  -0.271
  -0.436
  -0.607
  -0.783
  -0.956
  -1.109
  -1.273
  -1.502
   0.000
 -65.534
 -65.534
 -65.534
 -65.534
 -65.534
 -65.534
 -65.534
 -65.534
 -65.534
 -65.534
 -65.534
 -65.534
 -65.534
 -65.534
 -65.534
 -65.534
 -65.534
 -65.534
 -65.534
 -65.534
 -65.534
 -65.534
 -65.534
 -65.534
 -65.534
 -65.534
 -65.534
 -65.534
 -65.534
 -65.534
 -65.534
 -65.534
 -65.534
 -65.534
 -65.534
 -65.534
 -65.534
 -65.534
 -65.534
 -65.534
   0.005
 -65.534
 -65.534
 -65.534
 -65.534
 -65.534
 -65.534
 -65.534
 -65.534
 -65.534
 -65.534
 -65.534
 -65.534
 -65.534
 -65.534
   0.123
   0.108
   0.044
  -0.078
  -0.265
  -0.474
  -0.693
  -0.870
  -1.040
  -1.205
  -1.341
  -1.485
  -1.689
   0.000
 -65.534
 -65.534
 -65.534
 -65.534
 -65.534
 -65.534
 -65.534
 -65.534
 -65.534
 -65.534
 -65.534
 -65.534
 -65.534
 -65.534
 -65.534
 -65.534
 -65.534
 -65.534
 -65.534
 -65.534
 -65.534
 -65.534
 -65.534
 -65.534
 -65.534
 -65.534
 -65.534
 -65.534
 -65.534
 -65.534
 -65.534
 -65.534
 -65.534
 -65.534
 -65.534
 -65.534
 -65.534
 -65.534
 -65.534
 -65.534
 -65.534
 -65.534
 -65.534
 -65.534
 -65.534
 -65.534
 -65.534
 -65.534
 -65.534
 -65.534
 -65.534
 -65.534
 -65.534
 -65.534
 -65.534
 -65.534
 -65.534
 -65.534
 -65.534
  -0.311
  -0.599
  -0.829
  -1.028
  -1.183
  -1.326
  -1.455
  -1.569
  -1.765
   0.000
 -65.534
 -65.534
 -65.534
 -65.534
 -65.534
 -65.534
 -65.534
 -65.534
 -65.534
 -65.534
 -65.534
 -65.534
 -65.534
 -65.534
 -65.534
 -65.534
 -65.534
 -65.534
 -65.534
 -65.534
 -65.534
 -65.534
 -65.534
 -65.534
 -65.534
 -65.534
 -65.534
 -65.534
 -65.534
 -65.534
 -65.534
 -65.534
 -65.534
 -65.534
 -65.534
 -65.534
 -65.534
 -65.534
 -65.534
 -65.534
 -65.534
 -65.534
 -65.534
 -65.534
 -65.534
 -65.534
 -65.534
 -65.534
 -65.534
 -65.534
 -65.534
 -65.534
 -65.534
 -65.534
 -65.534
 -65.534
 -65.534
 -65.534
 -65.534
 -65.534
 -65.534
   0.000
   0.000
   0.000
   0.000
   0.000
   0.000
   0.000
 -65.534
