 -65.534
   0.000
   0.000
   0.000
   0.000
   0.000
   0.000
   0.000
   0.000
   0.000
   0.000
   0.000
   0.000
   0.000
   0.000
   0.000
   0.000
   0.000
   0.000
   0.000
   0.000
   0.000
   0.000
   0.000
   0.000
   0.000
   0.000
   0.000
   0.000
   0.000
   0.000
   0.000
   0.000
   0.000
   0.000
   0.000
   0.000
   0.000
   0.000
   0.000
   0.000
   0.000
   0.000
   0.000
   0.000
   0.000
   0.000
   0.000
   0.000
   0.000
   0.000
   0.000
   0.000
   0.000
   0.000
   0.000
   0.000
   0.000
   0.000
   0.000
   0.000
   0.000
   0.000
   0.000
   0.000
   0.000
   0.000
   0.000
 -65.534
   0.000
   1.769
   1.858
   1.875
   1.895
   1.919
   1.940
   1.965
   1.998
   2.035
   2.084
   2.141
   2.211
   2.288
   2.355
   2.433
   2.515
   2.628
   2.773
   2.958
   3.157
   3.352
   3.528
   3.693
   3.772
   3.800
   3.809
   3.796
   3.758
   3.717
   3.694
   3.690
   3.718
   3.791
   3.872
   3.947
   4.002
   4.045
   4.086
   4.121
   4.139
   4.099
   4.026
   3.957
   3.802
   3.594
   3.398
   3.211
   3.019
   2.900
   2.816
   2.749
   2.739
   2.731
   2.760
   2.775
   2.799
   2.829
   2.851
   2.905
   2.958
   3.010
   3.066
   3.125
   3.171
   3.215
   3.285
   3.215
   0.000
   0.000
   2.018
   2.087
   2.084
   2.102
   2.126
   2.159
   2.199
   2.236
   2.288
   2.353
   2.437
   2.522
   2.604
   2.680
   2.762
   2.855
   2.979
   3.135
   3.321
   3.514
   3.711
   3.897
   4.076
   4.189
   4.256
   4.296
   4.319
   4.312
   4.285
   4.258
   4.268
   4.331
   4.454
   4.577
   4.698
   4.804
   4.903
   4.972
   5.036
   5.077
   5.076
   5.044
   4.975
   4.818
   4.591
   4.377
   4.172
   3.967
   3.775
   3.605
   3.483
   3.413
   3.369
   3.337
   3.292
   3.267
   3.261
   3.270
   3.309
   3.362
   3.422
   3.488
   3.569
   3.651
   3.729
   3.815
   3.786
   0.000
   0.000
   2.107
   2.160
   2.148
   2.163
   2.190
   2.227
   2.272
   2.320
   2.383
   2.464
   2.556
   2.660
   2.756
   2.836
   2.917
   3.010
   3.123
   3.258
   3.422
   3.589
   3.763
   3.937
   4.105
   4.237
   4.328
   4.399
   4.453
   4.481
   4.490
   4.498
   4.525
   4.613
   4.746
   4.900
   5.053
   5.195
   5.319
   5.417
   5.485
   5.556
   5.572
   5.535
   5.455
   5.308
   5.103
   4.897
   4.685
   4.473
   4.261
   4.067
   3.912
   3.795
   3.710
   3.636
   3.572
   3.517
   3.470
   3.456
   3.481
   3.513
   3.571
   3.646
   3.749
   3.853
   3.946
   4.046
   4.039
   0.000
   0.000
   2.181
   2.229
   2.204
   2.204
   2.223
   2.253
   2.300
   2.355
   2.428
   2.520
   2.619
   2.727
   2.828
   2.916
   2.997
   3.078
   3.182
   3.305
   3.444
   3.588
   3.744
   3.910
   4.074
   4.223
   4.330
   4.421
   4.492
   4.539
   4.577
   4.613
   4.662
   4.756
   4.899
   5.061
   5.230
   5.417
   5.592
   5.705
   5.804
   5.890
   5.922
   5.898
   5.816
   5.665
   5.461
   5.260
   5.059
   4.850
   4.630
   4.423
   4.234
   4.071
   3.951
   3.837
   3.746
   3.654
   3.585
   3.542
   3.538
   3.568
   3.632
   3.734
   3.843
   3.970
   4.090
   4.218
   4.242
   0.000
   0.000
   2.250
   2.299
   2.272
   2.259
   2.267
   2.284
   2.323
   2.381
   2.458
   2.546
   2.644
   2.743
   2.838
   2.922
   2.999
   3.076
   3.159
   3.267
   3.380
   3.507
   3.638
   3.796
   3.965
   4.116
   4.244
   4.359
   4.448
   4.512
   4.565
   4.624
   4.697
   4.800
   4.947
   5.121
   5.308
   5.550
   5.727
   5.895
   6.026
   6.131
   6.183
   6.165
   6.095
   5.955
   5.770
   5.576
   5.375
   5.175
   4.947
   4.698
   4.478
   4.292
   4.120
   3.952
   3.813
   3.688
   3.584
   3.527
   3.506
   3.531
   3.613
   3.731
   3.880
   4.033
   4.174
   4.324
   4.384
   0.000
   0.000
   2.299
   2.367
   2.349
   2.332
   2.325
   2.331
   2.361
   2.418
   2.485
   2.566
   2.652
   2.741
   2.826
   2.899
   2.961
   3.022
   3.087
   3.169
   3.265
   3.378
   3.501
   3.637
   3.805
   3.961
   4.107
   4.236
   4.337
   4.398
   4.446
   4.507
   4.610
   4.745
   4.914
   5.091
   5.313
   5.609
   5.800
   6.002
   6.172
   6.300
   6.384
   6.393
   6.335
   6.218
   6.038
   5.846
   5.652
   5.450
   5.168
   4.899
   4.642
   4.405
   4.191
   3.991
   3.798
   3.647
   3.509
   3.410
   3.384
   3.422
   3.513
   3.648
   3.809
   4.000
   4.188
   4.365
   4.467
   0.000
   0.000
   2.332
   2.430
   2.420
   2.413
   2.400
   2.398
   2.415
   2.459
   2.520
   2.594
   2.670
   2.746
   2.818
   2.876
   2.924
   2.964
   3.005
   3.063
   3.144
   3.242
   3.360
   3.493
   3.647
   3.803
   3.942
   4.061
   4.147
   4.174
   4.195
   4.256
   4.376
   4.546
   4.776
   4.996
   5.261
   5.550
   5.837
   6.067
   6.253
   6.437
   6.525
   6.552
   6.520
   6.433
   6.249
   6.058
   5.846
   5.605
   5.332
   5.012
   4.743
   4.472
   4.206
   3.958
   3.733
   3.531
   3.367
   3.251
   3.208
   3.234
   3.336
   3.486
   3.692
   3.913
   4.133
   4.336
   4.506
   0.000
   0.000
   2.339
   2.476
   2.484
   2.487
   2.478
   2.472
   2.476
   2.508
   2.565
   2.632
   2.697
   2.762
   2.821
   2.862
   2.893
   2.911
   2.931
   2.971
   3.032
   3.120
   3.236
   3.367
   3.518
   3.657
   3.775
   3.861
   3.905
   3.894
   3.871
   3.933
   4.102
   4.332
   4.611
   4.919
   5.189
   5.529
   5.832
   6.089
   6.332
   6.510
   6.620
   6.682
   6.683
   6.601
   6.449
   6.272
   6.075
   5.760
   5.442
   5.102
   4.767
   4.469
   4.179
   3.891
   3.625
   3.387
   3.189
   3.022
   2.979
   2.999
   3.113
   3.286
   3.505
   3.771
   4.028
   4.263
   4.462
   0.000
   0.000
   2.288
   2.462
   2.509
   2.532
   2.525
   2.519
   2.526
   2.559
   2.609
   2.673
   2.730
   2.785
   2.829
   2.861
   2.878
   2.885
   2.888
   2.908
   2.959
   3.040
   3.139
   3.272
   3.418
   3.544
   3.629
   3.670
   3.668
   3.613
   3.580
   3.644
   3.835
   4.148
   4.503
   4.850
   5.201
   5.527
   5.804
   6.083
   6.337
   6.543
   6.701
   6.793
   6.818
   6.792
   6.673
   6.442
   6.210
   5.941
   5.579
   5.139
   4.792
   4.437
   4.105
   3.780
   3.477
   3.199
   2.968
   2.803
   2.729
   2.756
   2.880
   3.070
   3.307
   3.592
   3.886
   4.159
   4.401
   0.000
   0.000
   2.192
   2.395
   2.472
   2.527
   2.544
   2.548
   2.564
   2.596
   2.644
   2.706
   2.761
   2.814
   2.854
   2.878
   2.888
   2.885
   2.885
   2.894
   2.936
   3.001
   3.099
   3.218
   3.362
   3.480
   3.547
   3.565
   3.528
   3.449
   3.364
   3.427
   3.676
   4.066
   4.478
   4.882
   5.235
   5.540
   5.802
   6.047
   6.312
   6.562
   6.742
   6.862
   6.919
   6.906
   6.850
   6.655
   6.376
   6.048
   5.657
   5.154
   4.771
   4.380
   3.982
   3.588
   3.266
   2.973
   2.718
   2.545
   2.472
   2.508
   2.658
   2.869
   3.128
   3.435
   3.755
   4.048
   4.324
   0.000
   0.000
   2.091
   2.309
   2.413
   2.481
   2.518
   2.546
   2.574
   2.603
   2.655
   2.712
   2.774
   2.831
   2.879
   2.911
   2.924
   2.920
   2.913
   2.920
   2.957
   3.024
   3.115
   3.236
   3.369
   3.495
   3.564
   3.587
   3.589
   3.552
   3.482
   3.422
   3.677
   4.056
   4.542
   4.977
   5.295
   5.602
   5.845
   6.034
   6.252
   6.508
   6.733
   6.875
   6.956
   6.954
   6.881
   6.760
   6.512
   6.122
   5.685
   5.191
   4.720
   4.284
   3.829
   3.391
   2.993
   2.665
   2.421
   2.265
   2.221
   2.301
   2.481
   2.728
   3.013
   3.339
   3.677
   3.975
   4.274
   0.000
   0.000
   2.002
   2.222
   2.327
   2.401
   2.449
   2.498
   2.539
   2.585
   2.637
   2.696
   2.758
   2.824
   2.887
   2.928
   2.953
   2.960
   2.962
   2.970
   3.007
   3.076
   3.174
   3.295
   3.439
   3.573
   3.669
   3.743
   3.808
   3.872
   3.921
   3.846
   3.998
   4.225
   4.694
   5.060
   5.373
   5.634
   5.816
   5.932
   6.105
   6.342
   6.571
   6.773
   6.903
   6.921
   6.854
   6.740
   6.538
   6.157
   5.670
   5.192
   4.712
   4.192
   3.676
   3.164
   2.712
   2.342
   2.108
   1.994
   2.003
   2.131
   2.359
   2.646
   2.974
   3.322
   3.670
   3.966
   4.237
   0.000
 -65.534
 -65.534
   2.047
   2.209
   2.281
   2.343
   2.401
   2.459
   2.518
   2.581
   2.647
   2.716
   2.787
   2.860
   2.916
   2.959
   2.976
   2.991
   3.009
   3.051
   3.122
   3.229
   3.364
   3.523
   3.675
   3.820
   3.951
   4.079
   4.227
   4.374
   4.534
   4.595
   4.640
   5.002
   5.212
   5.392
   5.578
   5.700
   5.794
   5.924
   6.112
   6.321
   6.543
   6.699
   6.750
   6.696
   6.584
   6.405
   6.064
   5.565
   5.092
   4.564
   4.021
   3.442
   2.896
   2.418
   2.035
   1.810
   1.752
   1.828
   2.011
   2.290
   2.653
   3.025
   3.391
   3.726
   4.003
   4.242
   0.000
 -65.534
 -65.534
 -65.534
   1.971
   2.115
   2.202
   2.278
   2.345
   2.410
   2.478
   2.553
   2.630
   2.704
   2.778
   2.847
   2.905
   2.941
   2.975
   3.009
   3.062
   3.139
   3.250
   3.396
   3.578
   3.764
   3.946
   4.125
   4.300
   4.497
   4.692
   4.860
   4.999
   5.208
   5.317
   5.217
   5.290
   5.489
   5.550
   5.618
   5.700
   5.827
   6.001
   6.194
   6.346
   6.431
   6.416
   6.319
   6.131
   5.828
   5.351
   4.862
   4.322
   3.746
   3.144
   2.566
   2.116
   1.790
   1.586
   1.572
   1.698
   1.943
   2.276
   2.653
   3.059
   3.433
   3.757
   4.030
   4.247
   0.000
 -65.534
 -65.534
 -65.534
 -65.534
   1.888
   2.043
   2.133
   2.203
   2.264
   2.334
   2.413
   2.495
   2.578
   2.654
   2.731
   2.792
   2.847
   2.891
   2.936
   2.996
   3.081
   3.200
   3.357
   3.553
   3.762
   3.980
   4.198
   4.405
   4.621
   4.838
   5.022
   5.161
   5.294
   5.343
   5.212
   5.241
   5.273
   5.336
   5.412
   5.465
   5.554
   5.656
   5.769
   5.891
   5.964
   5.967
   5.891
   5.717
   5.421
   4.984
   4.513
   3.969
   3.379
   2.817
   2.292
   1.889
   1.616
   1.488
   1.519
   1.688
   1.954
   2.292
   2.666
   3.048
   3.403
   3.724
   3.980
   4.177
   0.000
 -65.534
 -65.534
 -65.534
 -65.534
   1.719
   1.886
   1.973
   2.037
   2.096
   2.160
   2.241
   2.321
   2.406
   2.493
   2.572
   2.635
   2.697
   2.748
   2.796
   2.854
   2.935
   3.055
   3.210
   3.405
   3.626
   3.858
   4.095
   4.329
   4.556
   4.784
   4.978
   5.114
   5.217
   5.246
   5.105
   5.077
   5.057
   5.097
   5.094
   5.147
   5.224
   5.269
   5.302
   5.355
   5.384
   5.367
   5.300
   5.142
   4.854
   4.476
   4.027
   3.508
   2.998
   2.498
   2.088
   1.786
   1.605
   1.551
   1.614
   1.803
   2.056
   2.354
   2.680
   3.003
   3.298
   3.581
   3.819
   4.000
   0.000
 -65.534
 -65.534
 -65.534
 -65.534
   1.587
   1.743
   1.819
   1.873
   1.920
   1.986
   2.060
   2.137
   2.223
   2.311
   2.394
   2.466
   2.513
   2.561
   2.605
   2.661
   2.730
   2.831
   2.968
   3.147
   3.356
   3.582
   3.819
   4.059
   4.296
   4.533
   4.738
   4.887
   4.975
   4.995
   4.903
   4.850
   4.786
   4.771
   4.742
   4.753
   4.768
   4.743
   4.766
   4.760
   4.736
   4.680
   4.576
   4.406
   4.161
   3.838
   3.433
   3.014
   2.589
   2.218
   1.940
   1.758
   1.673
   1.695
   1.818
   2.007
   2.223
   2.463
   2.707
   2.929
   3.147
   3.379
   3.582
   3.756
   0.000
 -65.534
 -65.534
 -65.534
 -65.534
   1.399
   1.566
   1.649
   1.704
   1.767
   1.826
   1.900
   1.977
   2.051
   2.132
   2.205
   2.266
   2.316
   2.364
   2.400
   2.433
   2.484
   2.566
   2.674
   2.825
   2.998
   3.195
   3.411
   3.639
   3.877
   4.112
   4.323
   4.476
   4.582
   4.620
   4.568
   4.506
   4.442
   4.387
   4.330
   4.299
   4.254
   4.184
   4.131
   4.071
   4.018
   3.951
   3.825
   3.629
   3.383
   3.099
   2.774
   2.438
   2.146
   1.909
   1.745
   1.675
   1.709
   1.822
   2.007
   2.216
   2.418
   2.599
   2.738
   2.868
   3.018
   3.201
   3.396
   3.538
   0.000
 -65.534
 -65.534
 -65.534
 -65.534
 -65.534
 -65.534
 -65.534
 -65.534
   1.544
   1.674
   1.758
   1.831
   1.901
   1.971
   2.028
   2.073
   2.115
   2.152
   2.197
   2.236
   2.275
   2.325
   2.397
   2.507
   2.642
   2.796
   2.962
   3.151
   3.363
   3.582
   3.787
   3.946
   4.065
   4.121
   4.129
   4.084
   4.027
   3.955
   3.870
   3.801
   3.727
   3.631
   3.507
   3.406
   3.333
   3.208
   3.025
   2.832
   2.625
   2.379
   2.133
   1.903
   1.715
   1.585
   1.538
   1.583
   1.702
   1.889
   2.131
   2.374
   2.578
   2.716
   2.778
   2.844
   2.948
   3.102
   3.277
   3.398
   0.000
 -65.534
 -65.534
 -65.534
 -65.534
 -65.534
 -65.534
   0.187
   0.744
   1.396
   1.549
   1.639
   1.718
   1.782
   1.833
   1.871
   1.911
   1.948
   1.987
   2.031
   2.067
   2.101
   2.140
   2.190
   2.251
   2.321
   2.433
   2.559
   2.713
   2.885
   3.073
   3.244
   3.388
   3.499
   3.565
   3.589
   3.579
   3.545
   3.477
   3.383
   3.291
   3.189
   3.069
   2.931
   2.802
   2.676
   2.504
   2.317
   2.151
   1.949
   1.729
   1.549
   1.407
   1.326
   1.303
   1.364
   1.485
   1.672
   1.912
   2.188
   2.433
   2.621
   2.725
   2.768
   2.809
   2.915
   3.058
   3.226
   3.324
   0.000
 -65.534
 -65.534
 -65.534
 -65.534
 -65.534
 -65.534
 -65.534
 -65.534
 -65.534
   1.278
   1.431
   1.534
   1.618
   1.683
   1.730
   1.798
   1.836
   1.881
   1.923
   1.960
   1.983
   2.007
   2.041
   2.089
   2.143
   2.195
   2.262
   2.370
   2.493
   2.621
   2.743
   2.853
   2.945
   3.006
   3.032
   3.033
   3.012
   2.947
   2.852
   2.758
   2.655
   2.528
   2.378
   2.224
   2.066
   1.886
   1.709
   1.556
   1.395
   1.256
   1.161
   1.115
   1.109
   1.161
   1.276
   1.451
   1.678
   1.940
   2.200
   2.402
   2.556
   2.639
   2.710
   2.789
   2.898
   3.045
   3.219
   3.272
   0.000
 -65.534
 -65.534
 -65.534
 -65.534
 -65.534
 -65.534
 -65.534
 -65.534
 -65.534
 -65.534
 -65.534
 -65.534
 -65.534
 -65.534
 -65.534
   1.571
   1.693
   1.762
   1.812
   1.888
   1.926
   1.948
   1.971
   1.996
   2.028
   2.062
   2.107
   2.146
   2.212
   2.287
   2.361
   2.417
   2.456
   2.483
   2.494
   2.484
   2.463
   2.410
   2.358
   2.267
   2.160
   2.022
   1.860
   1.698
   1.541
   1.369
   1.220
   1.107
   1.016
   0.938
   0.897
   0.903
   0.955
   1.069
   1.245
   1.466
   1.713
   1.969
   2.182
   2.320
   2.416
   2.518
   2.637
   2.757
   2.880
   3.040
   3.220
   3.242
   0.000
 -65.534
 -65.534
 -65.534
 -65.534
 -65.534
 -65.534
 -65.534
 -65.534
 -65.534
 -65.534
 -65.534
 -65.534
 -65.534
 -65.534
 -65.534
 -65.534
 -65.534
 -65.534
 -65.534
   1.736
   1.867
   1.927
   1.960
   1.982
   1.992
   2.001
   2.021
   2.047
   2.068
   2.072
   2.086
   2.091
   2.083
   2.068
   2.055
   2.029
   1.991
   1.939
   1.872
   1.801
   1.708
   1.582
   1.435
   1.286
   1.141
   1.006
   0.892
   0.837
   0.814
   0.790
   0.793
   0.835
   0.925
   1.074
   1.283
   1.526
   1.777
   2.003
   2.161
   2.236
   2.295
   2.415
   2.559
   2.724
   2.883
   3.063
   3.246
   3.243
   0.000
 -65.534
 -65.534
 -65.534
 -65.534
 -65.534
 -65.534
 -65.534
 -65.534
 -65.534
 -65.534
 -65.534
 -65.534
 -65.534
 -65.534
 -65.534
 -65.534
 -65.534
 -65.534
   0.873
   1.777
   1.886
   1.945
   1.983
   2.004
   2.005
   2.000
   2.000
   1.997
   1.989
   1.967
   1.926
   1.875
   1.826
   1.777
   1.732
   1.689
   1.642
   1.577
   1.505
   1.433
   1.374
   1.288
   1.175
   1.060
   0.942
   0.830
   0.749
   0.720
   0.730
   0.776
   0.833
   0.905
   1.012
   1.171
   1.358
   1.582
   1.833
   2.037
   2.154
   2.200
   2.254
   2.375
   2.523
   2.711
   2.905
   3.102
   3.293
   3.271
   0.000
 -65.534
 -65.534
 -65.534
 -65.534
 -65.534
 -65.534
 -65.534
 -65.534
 -65.534
 -65.534
 -65.534
 -65.534
 -65.534
 -65.534
 -65.534
 -65.534
 -65.534
   0.698
   1.360
   1.825
   1.928
   1.974
   2.014
   2.038
   2.033
   2.019
   2.008
   1.991
   1.965
   1.921
   1.847
   1.758
   1.683
   1.606
   1.539
   1.477
   1.409
   1.346
   1.283
   1.234
   1.208
   1.187
   1.151
   1.091
   0.999
   0.891
   0.803
   0.775
   0.813
   0.878
   0.957
   1.047
   1.135
   1.272
   1.443
   1.668
   1.899
   2.073
   2.158
   2.199
   2.246
   2.345
   2.493
   2.698
   2.909
   3.125
   3.321
   3.294
   0.000
 -65.534
 -65.534
 -65.534
 -65.534
 -65.534
 -65.534
 -65.534
 -65.534
 -65.534
 -65.534
 -65.534
 -65.534
 -65.534
 -65.534
 -65.534
 -65.534
 -65.534
   1.048
   1.523
   1.818
   1.924
   1.973
   2.017
   2.048
   2.055
   2.041
   2.025
   2.000
   1.961
   1.908
   1.824
   1.712
   1.619
   1.528
   1.441
   1.368
   1.301
   1.242
   1.201
   1.190
   1.212
   1.247
   1.270
   1.262
   1.210
   1.112
   1.019
   0.981
   1.003
   1.069
   1.147
   1.183
   1.232
   1.334
   1.463
   1.643
   1.870
   2.041
   2.119
   2.158
   2.220
   2.326
   2.467
   2.647
   2.860
   3.091
   3.293
   3.274
   0.000
 -65.534
 -65.534
 -65.534
 -65.534
 -65.534
 -65.534
 -65.534
 -65.534
 -65.534
 -65.534
 -65.534
 -65.534
 -65.534
 -65.534
 -65.534
 -65.534
 -65.534
   1.164
   1.533
   1.744
   1.855
   1.925
   1.992
   2.036
   2.055
   2.048
   2.028
   2.000
   1.959
   1.903
   1.823
   1.705
   1.610
   1.518
   1.430
   1.355
   1.289
   1.242
   1.222
   1.242
   1.294
   1.357
   1.417
   1.443
   1.423
   1.355
   1.282
   1.249
   1.256
   1.307
   1.367
   1.384
   1.427
   1.480
   1.551
   1.658
   1.828
   1.974
   2.073
   2.132
   2.201
   2.299
   2.423
   2.591
   2.780
   2.985
   3.183
   3.209
   0.000
 -65.534
 -65.534
 -65.534
 -65.534
 -65.534
 -65.534
 -65.534
 -65.534
 -65.534
 -65.534
 -65.534
 -65.534
 -65.534
 -65.534
 -65.534
 -65.534
 -65.534
   1.147
   1.446
   1.619
   1.743
   1.848
   1.942
   2.008
   2.036
   2.043
   2.029
   2.004
   1.966
   1.915
   1.847
   1.737
   1.656
   1.578
   1.509
   1.453
   1.394
   1.354
   1.346
   1.378
   1.441
   1.514
   1.576
   1.611
   1.606
   1.570
   1.518
   1.490
   1.485
   1.512
   1.550
   1.564
   1.582
   1.596
   1.606
   1.652
   1.742
   1.878
   1.978
   2.071
   2.158
   2.249
   2.355
   2.497
   2.656
   2.834
   3.031
   3.057
   0.000
 -65.534
 -65.534
 -65.534
 -65.534
 -65.534
 -65.534
 -65.534
 -65.534
 -65.534
 -65.534
 -65.534
 -65.534
 -65.534
 -65.534
 -65.534
 -65.534
 -65.534
 -65.534
   1.254
   1.481
   1.638
   1.772
   1.884
   1.969
   2.003
   2.017
   2.019
   2.003
   1.977
   1.952
   1.903
   1.815
   1.763
   1.717
   1.679
   1.635
   1.579
   1.542
   1.534
   1.559
   1.625
   1.691
   1.751
   1.790
   1.794
   1.768
   1.738
   1.697
   1.688
   1.691
   1.714
   1.712
   1.715
   1.703
   1.680
   1.671
   1.733
   1.821
   1.912
   2.010
   2.099
   2.195
   2.287
   2.398
   2.522
   2.650
   2.815
   2.834
   0.000
 -65.534
 -65.534
 -65.534
 -65.534
 -65.534
 -65.534
 -65.534
 -65.534
 -65.534
 -65.534
 -65.534
 -65.534
 -65.534
 -65.534
 -65.534
 -65.534
 -65.534
 -65.534
 -65.534
   1.310
   1.546
   1.702
   1.829
   1.917
   1.968
   1.992
   2.006
   2.011
   2.014
   2.024
   2.004
   1.973
   1.944
   1.916
   1.895
   1.877
   1.893
   1.860
   1.858
   1.872
   1.840
   1.878
   1.920
   1.956
   1.970
   1.960
   1.928
   1.889
   1.862
   1.856
   1.880
   1.858
   1.858
   1.856
   1.839
   1.828
   1.842
   1.884
   1.954
   2.035
   2.105
   2.172
   2.243
   2.315
   2.391
   2.473
   2.566
   2.523
   0.000
 -65.534
 -65.534
 -65.534
 -65.534
 -65.534
 -65.534
 -65.534
 -65.534
 -65.534
 -65.534
 -65.534
 -65.534
 -65.534
 -65.534
 -65.534
 -65.534
 -65.534
 -65.534
 -65.534
 -65.534
   1.432
   1.647
   1.805
   1.894
   1.960
   1.996
   2.030
   2.067
   2.114
   2.166
   2.185
   2.213
   2.235
   2.250
   2.278
   2.228
 -65.534
 -65.534
 -65.534
 -65.534
   1.780
   1.961
   2.031
   2.098
   2.151
   2.165
   2.145
   2.103
   2.065
   2.048
   2.033
   2.000
   1.986
   1.978
   1.947
   1.940
   1.945
   1.977
   2.009
   2.060
   2.117
   2.170
   2.211
   2.239
   2.253
   2.260
   2.301
   2.186
   0.000
 -65.534
 -65.534
 -65.534
 -65.534
 -65.534
 -65.534
 -65.534
 -65.534
 -65.534
 -65.534
 -65.534
 -65.534
 -65.534
 -65.534
 -65.534
 -65.534
 -65.534
 -65.534
 -65.534
 -65.534
 -65.534
 -65.534
 -65.534
 -65.534
   1.826
   1.996
   2.083
   2.163
   2.249
   2.334
   2.393
   2.460
   2.503
   2.550
   2.570
   2.426
 -65.534
 -65.534
 -65.534
 -65.534
 -65.534
 -65.534
   1.987
   2.184
   2.289
   2.330
   2.329
   2.294
   2.262
   2.213
   2.167
   2.128
   2.089
   2.048
   2.024
   2.000
   1.986
   1.991
   2.020
   2.058
   2.111
   2.149
   2.159
   2.145
   2.109
   2.049
   2.011
   1.850
   0.000
 -65.534
 -65.534
 -65.534
 -65.534
 -65.534
 -65.534
 -65.534
 -65.534
 -65.534
 -65.534
 -65.534
 -65.534
 -65.534
 -65.534
 -65.534
 -65.534
 -65.534
 -65.534
 -65.534
 -65.534
 -65.534
 -65.534
 -65.534
 -65.534
   1.732
   1.959
   2.096
   2.232
   2.371
   2.470
   2.550
   2.633
   2.697
   2.735
   2.717
   2.554
 -65.534
 -65.534
 -65.534
 -65.534
 -65.534
 -65.534
 -65.534
   2.186
   2.396
   2.482
   2.503
   2.475
   2.441
   2.389
   2.338
   2.280
   2.215
   2.155
   2.103
   2.059
   2.034
   2.030
   2.041
   2.057
   2.062
   2.061
   2.035
   1.974
   1.889
   1.792
   1.712
   1.531
   0.000
 -65.534
 -65.534
 -65.534
 -65.534
 -65.534
 -65.534
 -65.534
 -65.534
 -65.534
 -65.534
 -65.534
 -65.534
 -65.534
 -65.534
 -65.534
 -65.534
 -65.534
 -65.534
 -65.534
 -65.534
 -65.534
 -65.534
 -65.534
 -65.534
 -65.534
 -65.534
 -65.534
 -65.534
 -65.534
   2.313
   2.558
   2.680
   2.771
   2.813
   2.771
   2.585
   1.396
 -65.534
 -65.534
 -65.534
 -65.534
 -65.534
 -65.534
   2.255
   2.608
 -65.534
   2.232
   2.449
   2.490
   2.511
   2.460
   2.392
   2.301
   2.233
   2.177
   2.128
   2.094
   2.069
   2.046
   2.024
   1.991
   1.939
   1.853
   1.737
   1.602
   1.466
   1.348
   1.185
   0.000
 -65.534
 -65.534
 -65.534
 -65.534
 -65.534
 -65.534
 -65.534
 -65.534
 -65.534
 -65.534
 -65.534
 -65.534
 -65.534
 -65.534
 -65.534
 -65.534
 -65.534
 -65.534
 -65.534
 -65.534
 -65.534
 -65.534
 -65.534
 -65.534
 -65.534
 -65.534
 -65.534
 -65.534
 -65.534
 -65.534
 -65.534
 -65.534
   2.575
   2.758
   2.746
   2.541
   1.805
   1.133
 -65.534
 -65.534
 -65.534
 -65.534
 -65.534
 -65.534
 -65.534
 -65.534
 -65.534
 -65.534
 -65.534
   2.074
   2.339
   2.347
   2.392
   2.325
   2.255
   2.159
   2.097
   2.045
   1.991
   1.927
   1.850
   1.748
   1.619
   1.471
   1.322
   1.173
   1.055
   0.936
   0.000
 -65.534
 -65.534
 -65.534
 -65.534
 -65.534
 -65.534
 -65.534
 -65.534
 -65.534
 -65.534
 -65.534
 -65.534
 -65.534
 -65.534
 -65.534
 -65.534
 -65.534
 -65.534
 -65.534
 -65.534
 -65.534
 -65.534
 -65.534
 -65.534
 -65.534
 -65.534
 -65.534
 -65.534
 -65.534
 -65.534
 -65.534
 -65.534
   2.441
   2.617
   2.622
   2.434
   1.948
   1.457
   1.058
   0.834
 -65.534
 -65.534
 -65.534
 -65.534
 -65.534
 -65.534
 -65.534
 -65.534
 -65.534
 -65.534
 -65.534
 -65.534
   1.785
   2.063
   2.070
   2.098
   2.019
   1.934
   1.844
   1.749
   1.644
   1.519
   1.380
   1.225
   1.080
   0.955
   0.865
   0.801
   0.000
 -65.534
 -65.534
 -65.534
 -65.534
 -65.534
 -65.534
 -65.534
 -65.534
 -65.534
 -65.534
 -65.534
 -65.534
 -65.534
 -65.534
 -65.534
 -65.534
 -65.534
 -65.534
 -65.534
 -65.534
 -65.534
 -65.534
 -65.534
 -65.534
 -65.534
 -65.534
 -65.534
 -65.534
 -65.534
 -65.534
 -65.534
 -65.534
 -65.534
 -65.534
 -65.534
 -65.534
   1.586
   1.440
   1.232
   1.063
   0.864
   0.746
   0.672
   0.654
   0.648
 -65.534
 -65.534
 -65.534
 -65.534
 -65.534
 -65.534
 -65.534
 -65.534
 -65.534
 -65.534
   1.453
   1.738
   1.730
   1.654
   1.544
   1.426
   1.296
   1.155
   1.021
   0.904
   0.808
   0.748
   0.736
   0.000
 -65.534
 -65.534
 -65.534
 -65.534
 -65.534
 -65.534
 -65.534
 -65.534
 -65.534
 -65.534
 -65.534
 -65.534
 -65.534
 -65.534
 -65.534
 -65.534
 -65.534
 -65.534
 -65.534
 -65.534
 -65.534
 -65.534
 -65.534
 -65.534
 -65.534
 -65.534
 -65.534
 -65.534
 -65.534
 -65.534
 -65.534
 -65.534
 -65.534
 -65.534
 -65.534
 -65.534
 -65.534
 -65.534
 -65.534
 -65.534
   0.722
 -65.534
 -65.534
 -65.534
 -65.534
 -65.534
 -65.534
 -65.534
 -65.534
 -65.534
 -65.534
 -65.534
 -65.534
 -65.534
 -65.534
   0.864
   1.257
   1.350
   1.314
   1.295
   1.193
   1.049
   0.912
   0.804
   0.724
   0.677
   0.660
   0.691
   0.000
 -65.534
 -65.534
 -65.534
 -65.534
 -65.534
 -65.534
 -65.534
 -65.534
 -65.534
 -65.534
 -65.534
 -65.534
 -65.534
 -65.534
 -65.534
 -65.534
 -65.534
 -65.534
 -65.534
 -65.534
 -65.534
 -65.534
 -65.534
 -65.534
 -65.534
 -65.534
 -65.534
 -65.534
 -65.534
 -65.534
 -65.534
 -65.534
 -65.534
 -65.534
 -65.534
 -65.534
 -65.534
 -65.534
 -65.534
 -65.534
 -65.534
 -65.534
 -65.534
 -65.534
 -65.534
 -65.534
 -65.534
 -65.534
 -65.534
 -65.534
 -65.534
 -65.534
 -65.534
 -65.534
 -65.534
 -65.534
 -65.534
 -65.534
 -65.534
   0.703
   0.856
   0.793
   0.676
   0.610
   0.581
   0.595
   0.650
   0.701
   0.000
 -65.534
 -65.534
 -65.534
 -65.534
 -65.534
 -65.534
 -65.534
 -65.534
 -65.534
 -65.534
 -65.534
 -65.534
 -65.534
 -65.534
 -65.534
 -65.534
 -65.534
 -65.534
 -65.534
 -65.534
 -65.534
 -65.534
 -65.534
 -65.534
 -65.534
 -65.534
 -65.534
 -65.534
 -65.534
 -65.534
 -65.534
 -65.534
 -65.534
 -65.534
 -65.534
 -65.534
 -65.534
 -65.534
 -65.534
 -65.534
 -65.534
 -65.534
 -65.534
 -65.534
 -65.534
 -65.534
 -65.534
 -65.534
 -65.534
 -65.534
 -65.534
 -65.534
 -65.534
 -65.534
 -65.534
 -65.534
 -65.534
 -65.534
 -65.534
 -65.534
 -65.534
   0.000
   0.000
   0.000
   0.000
   0.000
   0.000
   0.000
 -65.534
