 -65.534
   0.000
   0.000
   0.000
   0.000
   0.000
   0.000
   0.000
   0.000
   0.000
   0.000
   0.000
   0.000
   0.000
   0.000
   0.000
   0.000
   0.000
   0.000
   0.000
   0.000
   0.000
   0.000
   0.000
   0.000
   0.000
   0.000
   0.000
   0.000
   0.000
   0.000
   0.000
   0.000
   0.000
   0.000
   0.000
   0.000
   0.000
   0.000
   0.000
   0.000
   0.000
   0.000
   0.000
   0.000
   0.000
   0.000
   0.000
   0.000
   0.000
   0.000
   0.000
   0.000
   0.000
   0.000
   0.000
   0.000
   0.000
   0.000
   0.000
   0.000
   0.000
   0.000
   0.000
   0.000
   0.000
   0.000
   0.000
 -65.534
   0.000
   3.546
   3.967
   4.140
   4.297
   4.436
   4.564
   4.693
   4.821
   4.952
   5.074
   5.183
   5.284
   5.372
   5.425
   5.463
   5.519
   5.589
   5.663
   5.771
   5.903
   6.045
   6.198
   6.363
   6.381
   6.338
   6.293
   6.264
   6.219
   6.189
   6.150
   6.106
   6.077
   6.052
   5.960
   5.866
   5.760
   5.644
   5.478
   5.263
   5.033
   4.810
   4.581
   4.366
   4.217
   4.110
   4.034
   3.962
   3.910
   3.886
   3.894
   3.932
   3.980
   4.062
   4.181
   4.277
   4.351
   4.399
   4.407
   4.393
   4.368
   4.326
   4.285
   4.249
   4.189
   4.136
   4.095
   4.001
   0.000
   0.000
   3.758
   4.116
   4.236
   4.357
   4.456
   4.569
   4.693
   4.821
   4.953
   5.080
   5.194
   5.294
   5.374
   5.427
   5.477
   5.538
   5.609
   5.694
   5.804
   5.941
   6.087
   6.236
   6.395
   6.437
   6.434
   6.426
   6.420
   6.418
   6.421
   6.428
   6.433
   6.438
   6.451
   6.416
   6.355
   6.275
   6.165
   6.006
   5.825
   5.610
   5.386
   5.135
   4.906
   4.749
   4.665
   4.616
   4.576
   4.561
   4.579
   4.622
   4.691
   4.780
   4.881
   4.978
   5.071
   5.158
   5.216
   5.238
   5.227
   5.205
   5.171
   5.132
   5.078
   5.020
   4.959
   4.905
   4.749
   0.000
   0.000
   3.667
   3.978
   4.071
   4.164
   4.240
   4.336
   4.453
   4.575
   4.705
   4.831
   4.947
   5.046
   5.119
   5.168
   5.219
   5.277
   5.358
   5.454
   5.590
   5.737
   5.893
   6.053
   6.195
   6.285
   6.308
   6.320
   6.330
   6.347
   6.375
   6.408
   6.435
   6.479
   6.534
   6.551
   6.551
   6.511
   6.414
   6.274
   6.096
   5.894
   5.672
   5.430
   5.195
   5.031
   4.946
   4.919
   4.906
   4.908
   4.947
   4.997
   5.072
   5.168
   5.269
   5.364
   5.456
   5.537
   5.595
   5.619
   5.618
   5.610
   5.584
   5.543
   5.498
   5.444
   5.376
   5.316
   5.110
   0.000
   0.000
   3.546
   3.815
   3.890
   3.969
   4.034
   4.109
   4.208
   4.319
   4.448
   4.578
   4.695
   4.799
   4.880
   4.935
   4.992
   5.057
   5.145
   5.260
   5.398
   5.556
   5.724
   5.899
   6.047
   6.156
   6.205
   6.252
   6.274
   6.302
   6.340
   6.393
   6.456
   6.533
   6.628
   6.709
   6.749
   6.750
   6.687
   6.558
   6.394
   6.204
   5.982
   5.737
   5.511
   5.338
   5.244
   5.208
   5.201
   5.213
   5.243
   5.300
   5.380
   5.473
   5.575
   5.669
   5.757
   5.843
   5.902
   5.920
   5.923
   5.913
   5.893
   5.856
   5.812
   5.758
   5.689
   5.615
   5.366
   0.000
   0.000
   3.398
   3.636
   3.701
   3.780
   3.838
   3.903
   3.983
   4.088
   4.211
   4.338
   4.458
   4.563
   4.646
   4.704
   4.758
   4.825
   4.917
   5.043
   5.195
   5.366
   5.546
   5.739
   5.907
   6.015
   6.094
   6.168
   6.215
   6.246
   6.303
   6.378
   6.463
   6.578
   6.718
   6.840
   6.928
   6.953
   6.917
   6.809
   6.669
   6.483
   6.265
   6.034
   5.812
   5.631
   5.514
   5.455
   5.446
   5.454
   5.481
   5.537
   5.619
   5.716
   5.831
   5.940
   6.037
   6.120
   6.174
   6.184
   6.185
   6.175
   6.147
   6.114
   6.069
   6.005
   5.928
   5.835
   5.553
   0.000
   0.000
   3.234
   3.451
   3.515
   3.586
   3.648
   3.712
   3.789
   3.883
   4.000
   4.122
   4.240
   4.346
   4.429
   4.487
   4.542
   4.614
   4.711
   4.839
   4.993
   5.160
   5.348
   5.544
   5.722
   5.856
   5.977
   6.065
   6.125
   6.170
   6.237
   6.341
   6.459
   6.614
   6.781
   6.948
   7.070
   7.138
   7.121
   7.036
   6.904
   6.737
   6.536
   6.313
   6.090
   5.900
   5.774
   5.696
   5.661
   5.651
   5.675
   5.729
   5.814
   5.922
   6.046
   6.170
   6.275
   6.358
   6.412
   6.423
   6.415
   6.395
   6.360
   6.312
   6.257
   6.185
   6.094
   5.988
   5.682
   0.000
   0.000
   3.051
   3.248
   3.317
   3.394
   3.457
   3.526
   3.604
   3.698
   3.804
   3.923
   4.038
   4.139
   4.223
   4.289
   4.356
   4.434
   4.536
   4.664
   4.814
   4.980
   5.157
   5.354
   5.545
   5.699
   5.832
   5.939
   6.011
   6.069
   6.158
   6.294
   6.457
   6.650
   6.854
   7.056
   7.197
   7.288
   7.293
   7.229
   7.109
   6.958
   6.769
   6.558
   6.354
   6.165
   6.011
   5.914
   5.855
   5.820
   5.828
   5.875
   5.956
   6.068
   6.198
   6.330
   6.441
   6.532
   6.583
   6.590
   6.571
   6.540
   6.492
   6.434
   6.363
   6.289
   6.191
   6.076
   5.751
   0.000
   0.000
   2.803
   3.003
   3.082
   3.179
   3.254
   3.325
   3.406
   3.497
   3.605
   3.719
   3.835
   3.936
   4.022
   4.096
   4.171
   4.258
   4.367
   4.495
   4.643
   4.810
   4.984
   5.174
   5.375
   5.544
   5.676
   5.785
   5.872
   5.952
   6.070
   6.249
   6.455
   6.679
   6.919
   7.136
   7.303
   7.410
   7.433
   7.379
   7.283
   7.144
   6.971
   6.779
   6.582
   6.399
   6.245
   6.119
   6.035
   5.983
   5.967
   5.999
   6.069
   6.169
   6.293
   6.428
   6.546
   6.636
   6.680
   6.684
   6.654
   6.611
   6.548
   6.475
   6.401
   6.321
   6.221
   6.100
   5.769
   0.000
   0.000
   2.509
   2.695
   2.792
   2.913
   3.006
   3.095
   3.187
   3.284
   3.394
   3.509
   3.626
   3.731
   3.823
   3.905
   3.984
   4.076
   4.187
   4.315
   4.463
   4.635
   4.815
   5.011
   5.207
   5.376
   5.507
   5.625
   5.718
   5.819
   5.973
   6.183
   6.413
   6.664
   6.928
   7.161
   7.351
   7.481
   7.529
   7.489
   7.407
   7.286
   7.128
   6.951
   6.765
   6.588
   6.433
   6.298
   6.194
   6.124
   6.091
   6.112
   6.158
   6.239
   6.347
   6.471
   6.582
   6.666
   6.706
   6.696
   6.664
   6.610
   6.538
   6.455
   6.379
   6.298
   6.199
   6.079
   5.751
   0.000
   0.000
   2.227
   2.391
   2.490
   2.616
   2.732
   2.841
   2.946
   3.060
   3.178
   3.298
   3.416
   3.531
   3.632
   3.716
   3.805
   3.896
   4.002
   4.130
   4.278
   4.446
   4.632
   4.834
   5.031
   5.197
   5.332
   5.441
   5.546
   5.678
   5.858
   6.079
   6.324
   6.584
   6.857
   7.107
   7.313
   7.468
   7.543
   7.532
   7.470
   7.366
   7.220
   7.057
   6.892
   6.710
   6.553
   6.425
   6.308
   6.228
   6.190
   6.195
   6.201
   6.258
   6.346
   6.455
   6.537
   6.603
   6.638
   6.623
   6.588
   6.531
   6.453
   6.371
   6.293
   6.210
   6.119
   6.007
   5.688
   0.000
   0.000
   2.001
   2.130
   2.214
   2.343
   2.460
   2.567
   2.676
   2.804
   2.932
   3.068
   3.200
   3.324
   3.432
   3.530
   3.622
   3.716
   3.815
   3.937
   4.078
   4.249
   4.430
   4.631
   4.831
   5.000
   5.140
   5.262
   5.384
   5.534
   5.724
   5.954
   6.199
   6.464
   6.740
   6.992
   7.207
   7.376
   7.476
   7.493
   7.464
   7.382
   7.248
   7.101
   6.949
   6.784
   6.629
   6.503
   6.390
   6.302
   6.264
   6.251
   6.239
   6.264
   6.319
   6.388
   6.452
   6.493
   6.504
   6.490
   6.452
   6.395
   6.324
   6.246
   6.172
   6.094
   6.002
   5.895
   5.578
   0.000
   0.000
   1.827
   1.936
   1.980
   2.090
   2.204
   2.306
   2.410
   2.518
   2.648
   2.789
   2.938
   3.080
   3.210
   3.322
   3.425
   3.520
   3.621
   3.736
   3.875
   4.037
   4.215
   4.406
   4.605
   4.781
   4.932
   5.071
   5.211
   5.368
   5.561
   5.791
   6.032
   6.293
   6.568
   6.814
   7.024
   7.193
   7.307
   7.349
   7.346
   7.295
   7.189
   7.057
   6.930
   6.787
   6.642
   6.528
   6.432
   6.355
   6.308
   6.286
   6.258
   6.253
   6.269
   6.298
   6.324
   6.344
   6.343
   6.322
   6.281
   6.230
   6.170
   6.102
   6.036
   5.963
   5.878
   5.771
   5.454
   0.000
 -65.534
 -65.534
   1.735
   1.798
   1.841
   1.942
   2.041
   2.142
   2.241
   2.358
   2.490
   2.627
   2.775
   2.916
   3.049
   3.176
   3.289
   3.404
   3.522
   3.658
   3.811
   3.980
   4.162
   4.347
   4.525
   4.693
   4.848
   5.007
   5.170
   5.365
   5.588
   5.815
   6.070
   6.332
   6.565
   6.757
   6.919
   7.027
   7.086
   7.104
   7.078
   6.997
   6.899
   6.797
   6.685
   6.565
   6.471
   6.392
   6.333
   6.299
   6.275
   6.247
   6.214
   6.204
   6.194
   6.188
   6.183
   6.172
   6.145
   6.106
   6.057
   6.003
   5.935
   5.882
   5.815
   5.738
   5.636
   5.314
   0.000
 -65.534
 -65.534
 -65.534
   1.584
   1.600
   1.668
   1.767
   1.864
   1.960
   2.066
   2.185
   2.301
   2.436
   2.581
   2.722
   2.862
   3.001
   3.135
   3.268
   3.415
   3.563
   3.725
   3.895
   4.071
   4.247
   4.418
   4.584
   4.755
   4.930
   5.122
   5.331
   5.552
   5.793
   6.017
   6.209
   6.428
   6.585
   6.684
   6.737
   6.762
   6.752
   6.703
   6.637
   6.572
   6.488
   6.398
   6.329
   6.275
   6.238
   6.219
   6.201
   6.174
   6.133
   6.109
   6.083
   6.054
   6.029
   6.022
   5.997
   5.957
   5.908
   5.852
   5.795
   5.733
   5.679
   5.617
   5.519
   5.180
   0.000
 -65.534
 -65.534
 -65.534
 -65.534
   1.327
   1.427
   1.509
   1.591
   1.681
   1.771
   1.872
   1.976
   2.097
   2.235
   2.380
   2.529
   2.677
   2.821
   2.966
   3.115
   3.265
   3.426
   3.593
   3.762
   3.931
   4.104
   4.274
   4.452
   4.634
   4.825
   5.024
   5.228
   5.440
   5.644
   5.833
   6.017
   6.146
   6.278
   6.334
   6.351
   6.347
   6.314
   6.283
   6.249
   6.194
   6.141
   6.103
   6.078
   6.059
   6.058
   6.054
   6.028
   5.999
   5.972
   5.943
   5.911
   5.887
   5.882
   5.865
   5.838
   5.797
   5.743
   5.685
   5.636
   5.591
   5.544
   5.469
   5.130
   0.000
 -65.534
 -65.534
 -65.534
 -65.534
   1.145
   1.225
   1.288
   1.348
   1.417
   1.492
   1.574
   1.669
   1.776
   1.902
   2.047
   2.200
   2.346
   2.487
   2.628
   2.773
   2.925
   3.076
   3.236
   3.399
   3.567
   3.733
   3.907
   4.079
   4.265
   4.461
   4.660
   4.853
   5.048
   5.237
   5.414
   5.570
   5.692
   5.799
   5.837
   5.881
   5.874
   5.846
   5.841
   5.833
   5.818
   5.793
   5.788
   5.788
   5.790
   5.804
   5.818
   5.812
   5.798
   5.786
   5.762
   5.741
   5.725
   5.725
   5.728
   5.713
   5.693
   5.653
   5.605
   5.567
   5.541
   5.514
   5.464
   5.145
   0.000
 -65.534
 -65.534
 -65.534
 -65.534
   1.035
   1.089
   1.133
   1.165
   1.198
   1.255
   1.327
   1.405
   1.499
   1.622
   1.761
   1.899
   2.035
   2.170
   2.301
   2.428
   2.560
   2.698
   2.843
   2.996
   3.148
   3.310
   3.477
   3.655
   3.843
   4.037
   4.235
   4.423
   4.616
   4.795
   4.952
   5.092
   5.203
   5.279
   5.319
   5.355
   5.368
   5.359
   5.343
   5.357
   5.365
   5.376
   5.399
   5.434
   5.460
   5.500
   5.539
   5.560
   5.562
   5.559
   5.554
   5.542
   5.536
   5.543
   5.562
   5.565
   5.563
   5.547
   5.522
   5.508
   5.495
   5.477
   5.438
   5.134
   0.000
 -65.534
 -65.534
 -65.534
 -65.534
   1.011
   1.052
   1.077
   1.082
   1.064
   1.081
   1.135
   1.201
   1.283
   1.398
   1.523
   1.648
   1.769
   1.886
   2.003
   2.124
   2.232
   2.347
   2.469
   2.607
   2.747
   2.895
   3.056
   3.222
   3.408
   3.594
   3.784
   3.969
   4.146
   4.307
   4.451
   4.577
   4.678
   4.742
   4.786
   4.810
   4.834
   4.840
   4.854
   4.879
   4.907
   4.934
   4.979
   5.030
   5.089
   5.153
   5.219
   5.266
   5.296
   5.310
   5.320
   5.327
   5.326
   5.336
   5.351
   5.372
   5.399
   5.412
   5.421
   5.423
   5.413
   5.400
   5.347
   5.047
   0.000
 -65.534
 -65.534
 -65.534
 -65.534
 -65.534
 -65.534
 -65.534
 -65.534
   0.999
   1.003
   1.020
   1.057
   1.123
   1.220
   1.330
   1.443
   1.559
   1.672
   1.783
   1.884
   1.968
   2.061
   2.162
   2.275
   2.402
   2.539
   2.685
   2.840
   3.002
   3.170
   3.335
   3.495
   3.649
   3.789
   3.908
   4.016
   4.108
   4.185
   4.229
   4.263
   4.294
   4.325
   4.374
   4.421
   4.466
   4.515
   4.580
   4.649
   4.715
   4.800
   4.893
   4.968
   5.025
   5.059
   5.082
   5.087
   5.092
   5.100
   5.116
   5.142
   5.185
   5.234
   5.272
   5.281
   5.275
   5.253
   5.192
   4.887
   0.000
 -65.534
 -65.534
 -65.534
 -65.534
 -65.534
 -65.534
   0.816
   0.961
   1.036
   0.977
   0.961
   0.975
   1.020
   1.095
   1.187
   1.293
   1.413
   1.537
   1.645
   1.733
   1.804
   1.861
   1.936
   2.032
   2.146
   2.268
   2.394
   2.530
   2.664
   2.799
   2.929
   3.053
   3.172
   3.277
   3.375
   3.462
   3.545
   3.612
   3.674
   3.730
   3.786
   3.847
   3.916
   3.988
   4.059
   4.128
   4.201
   4.274
   4.363
   4.470
   4.582
   4.686
   4.756
   4.805
   4.823
   4.830
   4.830
   4.833
   4.841
   4.873
   4.931
   5.001
   5.057
   5.080
   5.077
   5.050
   4.991
   4.656
   0.000
 -65.534
 -65.534
 -65.534
 -65.534
 -65.534
 -65.534
 -65.534
 -65.534
 -65.534
   1.026
   0.982
   0.986
   1.014
   1.062
   1.128
   1.212
   1.334
   1.467
   1.578
   1.653
   1.706
   1.752
   1.807
   1.887
   1.978
   2.089
   2.203
   2.309
   2.412
   2.513
   2.608
   2.694
   2.771
   2.845
   2.909
   2.975
   3.040
   3.109
   3.172
   3.240
   3.315
   3.401
   3.497
   3.590
   3.683
   3.768
   3.852
   3.941
   4.035
   4.141
   4.259
   4.366
   4.447
   4.496
   4.514
   4.516
   4.507
   4.494
   4.497
   4.539
   4.606
   4.689
   4.754
   4.772
   4.774
   4.763
   4.703
   4.357
   0.000
 -65.534
 -65.534
 -65.534
 -65.534
 -65.534
 -65.534
 -65.534
 -65.534
 -65.534
 -65.534
 -65.534
 -65.534
 -65.534
 -65.534
 -65.534
   1.249
   1.360
   1.452
   1.539
   1.581
   1.636
   1.692
   1.751
   1.825
   1.910
   1.997
   2.084
   2.177
   2.253
   2.317
   2.373
   2.425
   2.475
   2.523
   2.564
   2.606
   2.650
   2.695
   2.738
   2.813
   2.907
   3.012
   3.131
   3.250
   3.358
   3.456
   3.549
   3.645
   3.745
   3.850
   3.963
   4.065
   4.140
   4.182
   4.192
   4.171
   4.141
   4.114
   4.114
   4.160
   4.241
   4.322
   4.378
   4.407
   4.416
   4.392
   4.335
   3.993
   0.000
 -65.534
 -65.534
 -65.534
 -65.534
 -65.534
 -65.534
 -65.534
 -65.534
 -65.534
 -65.534
 -65.534
 -65.534
 -65.534
 -65.534
 -65.534
 -65.534
 -65.534
 -65.534
 -65.534
   1.539
   1.602
   1.670
   1.741
   1.827
   1.909
   1.981
   2.047
   2.103
   2.151
   2.195
   2.226
   2.244
   2.264
   2.289
   2.317
   2.343
   2.376
   2.410
   2.456
   2.526
   2.622
   2.740
   2.865
   2.995
   3.117
   3.224
   3.320
   3.413
   3.500
   3.601
   3.700
   3.785
   3.844
   3.866
   3.854
   3.813
   3.759
   3.723
   3.724
   3.776
   3.863
   3.935
   3.986
   4.009
   4.001
   3.975
   3.915
   3.575
   0.000
 -65.534
 -65.534
 -65.534
 -65.534
 -65.534
 -65.534
 -65.534
 -65.534
 -65.534
 -65.534
 -65.534
 -65.534
 -65.534
 -65.534
 -65.534
 -65.534
 -65.534
 -65.534
   1.246
   1.571
   1.606
   1.671
   1.758
   1.859
   1.946
   2.014
   2.061
   2.096
   2.112
   2.123
   2.133
   2.141
   2.141
   2.149
   2.164
   2.188
   2.217
   2.251
   2.298
   2.368
   2.454
   2.563
   2.689
   2.816
   2.940
   3.044
   3.137
   3.225
   3.311
   3.390
   3.463
   3.524
   3.558
   3.549
   3.519
   3.465
   3.391
   3.346
   3.347
   3.400
   3.474
   3.535
   3.574
   3.579
   3.553
   3.510
   3.440
   3.091
   0.000
 -65.534
 -65.534
 -65.534
 -65.534
 -65.534
 -65.534
 -65.534
 -65.534
 -65.534
 -65.534
 -65.534
 -65.534
 -65.534
 -65.534
 -65.534
 -65.534
 -65.534
   1.139
   1.475
   1.574
   1.620
   1.676
   1.765
   1.881
   1.975
   2.040
   2.080
   2.098
   2.098
   2.092
   2.088
   2.087
   2.073
   2.062
   2.069
   2.090
   2.116
   2.149
   2.193
   2.253
   2.334
   2.439
   2.558
   2.681
   2.798
   2.894
   2.979
   3.057
   3.122
   3.187
   3.244
   3.287
   3.299
   3.270
   3.216
   3.138
   3.058
   3.014
   3.014
   3.054
   3.114
   3.165
   3.185
   3.158
   3.111
   3.040
   2.946
   2.585
   0.000
 -65.534
 -65.534
 -65.534
 -65.534
 -65.534
 -65.534
 -65.534
 -65.534
 -65.534
 -65.534
 -65.534
 -65.534
 -65.534
 -65.534
 -65.534
 -65.534
 -65.534
   1.408
   1.542
   1.591
   1.634
   1.683
   1.759
   1.866
   1.966
   2.032
   2.069
   2.081
   2.076
   2.063
   2.055
   2.053
   2.031
   2.013
   2.002
   2.008
   2.024
   2.050
   2.082
   2.134
   2.209
   2.307
   2.423
   2.540
   2.648
   2.739
   2.818
   2.891
   2.944
   2.991
   3.027
   3.068
   3.075
   3.044
   2.989
   2.910
   2.824
   2.767
   2.760
   2.779
   2.810
   2.829
   2.821
   2.781
   2.713
   2.620
   2.496
   2.094
   0.000
 -65.534
 -65.534
 -65.534
 -65.534
 -65.534
 -65.534
 -65.534
 -65.534
 -65.534
 -65.534
 -65.534
 -65.534
 -65.534
 -65.534
 -65.534
 -65.534
 -65.534
   1.561
   1.601
   1.634
   1.656
   1.698
   1.760
   1.843
   1.938
   1.994
   2.026
   2.036
   2.031
   2.026
   2.023
   2.022
   1.995
   1.970
   1.947
   1.937
   1.936
   1.943
   1.967
   2.010
   2.078
   2.167
   2.276
   2.385
   2.481
   2.568
   2.646
   2.712
   2.763
   2.796
   2.822
   2.853
   2.855
   2.836
   2.803
   2.743
   2.665
   2.607
   2.579
   2.568
   2.561
   2.544
   2.511
   2.446
   2.325
   2.206
   2.043
   1.650
   0.000
 -65.534
 -65.534
 -65.534
 -65.534
 -65.534
 -65.534
 -65.534
 -65.534
 -65.534
 -65.534
 -65.534
 -65.534
 -65.534
 -65.534
 -65.534
 -65.534
 -65.534
   1.748
   1.685
   1.689
   1.704
   1.731
   1.778
   1.836
   1.892
   1.945
   1.964
   1.973
   1.975
   1.975
   1.978
   1.982
   1.953
   1.928
   1.900
   1.881
   1.868
   1.869
   1.887
   1.918
   1.979
   2.055
   2.147
   2.241
   2.326
   2.404
   2.474
   2.533
   2.574
   2.598
   2.618
   2.646
   2.658
   2.657
   2.646
   2.614
   2.558
   2.491
   2.447
   2.408
   2.370
   2.319
   2.248
   2.146
   2.006
   1.849
   1.649
   1.248
   0.000
 -65.534
 -65.534
 -65.534
 -65.534
 -65.534
 -65.534
 -65.534
 -65.534
 -65.534
 -65.534
 -65.534
 -65.534
 -65.534
 -65.534
 -65.534
 -65.534
 -65.534
 -65.534
   1.807
   1.746
   1.756
   1.782
   1.814
   1.842
   1.862
   1.884
   1.892
   1.900
   1.907
   1.921
   1.936
   1.944
   1.918
   1.894
   1.865
   1.844
   1.835
   1.835
   1.852
   1.882
   1.922
   1.975
   2.041
   2.116
   2.188
   2.256
   2.314
   2.359
   2.386
   2.403
   2.419
   2.444
   2.457
   2.464
   2.466
   2.456
   2.419
   2.371
   2.321
   2.268
   2.208
   2.133
   2.028
   1.896
   1.732
   1.530
   1.293
   0.865
   0.000
 -65.534
 -65.534
 -65.534
 -65.534
 -65.534
 -65.534
 -65.534
 -65.534
 -65.534
 -65.534
 -65.534
 -65.534
 -65.534
 -65.534
 -65.534
 -65.534
 -65.534
 -65.534
 -65.534
   1.830
   1.809
   1.840
   1.860
   1.860
   1.847
   1.833
   1.822
   1.816
   1.827
   1.844
   1.878
   1.886
   1.869
   1.849
   1.845
   1.856
   1.866
   1.862
   1.860
   1.872
   1.892
   1.924
   1.961
   2.013
   2.076
   2.141
   2.194
   2.225
   2.233
   2.235
   2.229
   2.246
   2.252
   2.254
   2.253
   2.246
   2.227
   2.198
   2.158
   2.107
   2.046
   1.961
   1.839
   1.674
   1.480
   1.252
   0.975
   0.533
   0.000
 -65.534
 -65.534
 -65.534
 -65.534
 -65.534
 -65.534
 -65.534
 -65.534
 -65.534
 -65.534
 -65.534
 -65.534
 -65.534
 -65.534
 -65.534
 -65.534
 -65.534
 -65.534
 -65.534
 -65.534
   1.863
   1.866
   1.867
   1.852
   1.816
   1.790
   1.764
   1.743
   1.734
   1.741
   1.770
   1.747
   1.683
   1.580
   1.434
   1.122
 -65.534
 -65.534
 -65.534
 -65.534
   1.924
   1.938
   1.936
   1.958
   2.007
   2.066
   2.105
   2.116
   2.102
   2.080
   2.066
   2.066
   2.064
   2.060
   2.058
   2.044
   2.023
   1.997
   1.965
   1.918
   1.856
   1.758
   1.623
   1.442
   1.234
   0.994
   0.704
   0.256
   0.000
 -65.534
 -65.534
 -65.534
 -65.534
 -65.534
 -65.534
 -65.534
 -65.534
 -65.534
 -65.534
 -65.534
 -65.534
 -65.534
 -65.534
 -65.534
 -65.534
 -65.534
 -65.534
 -65.534
 -65.534
 -65.534
 -65.534
 -65.534
 -65.534
   1.751
   1.725
   1.709
   1.683
   1.663
   1.651
   1.645
   1.579
   1.468
   1.304
   1.083
   0.760
 -65.534
 -65.534
 -65.534
 -65.534
 -65.534
 -65.534
   1.914
   1.928
   1.966
   2.011
   2.016
   2.004
   1.978
   1.947
   1.922
   1.902
   1.889
   1.881
   1.867
   1.848
   1.819
   1.786
   1.748
   1.695
   1.613
   1.502
   1.353
   1.163
   0.945
   0.710
   0.419
  -0.010
   0.000
 -65.534
 -65.534
 -65.534
 -65.534
 -65.534
 -65.534
 -65.534
 -65.534
 -65.534
 -65.534
 -65.534
 -65.534
 -65.534
 -65.534
 -65.534
 -65.534
 -65.534
 -65.534
 -65.534
 -65.534
 -65.534
 -65.534
 -65.534
 -65.534
   1.669
   1.638
   1.616
   1.584
   1.557
   1.539
   1.494
   1.396
   1.258
   1.085
   0.897
   0.662
 -65.534
 -65.534
 -65.534
 -65.534
 -65.534
 -65.534
 -65.534
   1.873
   1.930
   1.949
   1.925
   1.890
   1.841
   1.785
   1.752
   1.727
   1.709
   1.688
   1.669
   1.634
   1.590
   1.543
   1.499
   1.435
   1.351
   1.227
   1.066
   0.867
   0.634
   0.385
   0.098
  -0.309
   0.000
 -65.534
 -65.534
 -65.534
 -65.534
 -65.534
 -65.534
 -65.534
 -65.534
 -65.534
 -65.534
 -65.534
 -65.534
 -65.534
 -65.534
 -65.534
 -65.534
 -65.534
 -65.534
 -65.534
 -65.534
 -65.534
 -65.534
 -65.534
 -65.534
 -65.534
 -65.534
 -65.534
 -65.534
 -65.534
   1.379
   1.273
   1.181
   1.080
   0.946
   0.809
   0.624
   0.136
 -65.534
 -65.534
 -65.534
 -65.534
 -65.534
 -65.534
   1.480
   1.254
 -65.534
   1.728
   1.751
   1.716
   1.681
   1.644
   1.607
   1.561
   1.521
   1.469
   1.416
   1.356
   1.300
   1.239
   1.170
   1.070
   0.935
   0.757
   0.544
   0.307
   0.047
  -0.238
  -0.623
   0.000
 -65.534
 -65.534
 -65.534
 -65.534
 -65.534
 -65.534
 -65.534
 -65.534
 -65.534
 -65.534
 -65.534
 -65.534
 -65.534
 -65.534
 -65.534
 -65.534
 -65.534
 -65.534
 -65.534
 -65.534
 -65.534
 -65.534
 -65.534
 -65.534
 -65.534
 -65.534
 -65.534
 -65.534
 -65.534
 -65.534
 -65.534
 -65.534
   0.981
   0.863
   0.760
   0.601
   0.235
   0.038
 -65.534
 -65.534
 -65.534
 -65.534
 -65.534
 -65.534
 -65.534
 -65.534
 -65.534
 -65.534
 -65.534
   1.499
   1.498
   1.462
   1.442
   1.382
   1.305
   1.211
   1.134
   1.059
   0.979
   0.892
   0.776
   0.623
   0.437
   0.217
  -0.020
  -0.277
  -0.561
  -0.918
   0.000
 -65.534
 -65.534
 -65.534
 -65.534
 -65.534
 -65.534
 -65.534
 -65.534
 -65.534
 -65.534
 -65.534
 -65.534
 -65.534
 -65.534
 -65.534
 -65.534
 -65.534
 -65.534
 -65.534
 -65.534
 -65.534
 -65.534
 -65.534
 -65.534
 -65.534
 -65.534
 -65.534
 -65.534
 -65.534
 -65.534
 -65.534
 -65.534
   0.817
   0.729
   0.633
   0.496
   0.264
   0.078
  -0.011
  -0.025
 -65.534
 -65.534
 -65.534
 -65.534
 -65.534
 -65.534
 -65.534
 -65.534
 -65.534
 -65.534
 -65.534
 -65.534
   1.205
   1.173
   1.095
   0.989
   0.902
   0.809
   0.715
   0.605
   0.474
   0.314
   0.129
  -0.092
  -0.324
  -0.547
  -0.799
  -1.127
   0.000
 -65.534
 -65.534
 -65.534
 -65.534
 -65.534
 -65.534
 -65.534
 -65.534
 -65.534
 -65.534
 -65.534
 -65.534
 -65.534
 -65.534
 -65.534
 -65.534
 -65.534
 -65.534
 -65.534
 -65.534
 -65.534
 -65.534
 -65.534
 -65.534
 -65.534
 -65.534
 -65.534
 -65.534
 -65.534
 -65.534
 -65.534
 -65.534
 -65.534
 -65.534
 -65.534
 -65.534
   0.264
   0.121
   0.035
  -0.025
  -0.051
  -0.057
  -0.081
  -0.134
  -0.206
 -65.534
 -65.534
 -65.534
 -65.534
 -65.534
 -65.534
 -65.534
 -65.534
 -65.534
 -65.534
   0.731
   0.680
   0.598
   0.490
   0.342
   0.194
   0.036
  -0.150
  -0.352
  -0.558
  -0.757
  -0.980
  -1.271
   0.000
 -65.534
 -65.534
 -65.534
 -65.534
 -65.534
 -65.534
 -65.534
 -65.534
 -65.534
 -65.534
 -65.534
 -65.534
 -65.534
 -65.534
 -65.534
 -65.534
 -65.534
 -65.534
 -65.534
 -65.534
 -65.534
 -65.534
 -65.534
 -65.534
 -65.534
 -65.534
 -65.534
 -65.534
 -65.534
 -65.534
 -65.534
 -65.534
 -65.534
 -65.534
 -65.534
 -65.534
 -65.534
 -65.534
 -65.534
 -65.534
   0.015
 -65.534
 -65.534
 -65.534
 -65.534
 -65.534
 -65.534
 -65.534
 -65.534
 -65.534
 -65.534
 -65.534
 -65.534
 -65.534
 -65.534
   0.445
   0.434
   0.396
   0.308
   0.145
  -0.021
  -0.190
  -0.359
  -0.538
  -0.722
  -0.894
  -1.083
  -1.350
   0.000
 -65.534
 -65.534
 -65.534
 -65.534
 -65.534
 -65.534
 -65.534
 -65.534
 -65.534
 -65.534
 -65.534
 -65.534
 -65.534
 -65.534
 -65.534
 -65.534
 -65.534
 -65.534
 -65.534
 -65.534
 -65.534
 -65.534
 -65.534
 -65.534
 -65.534
 -65.534
 -65.534
 -65.534
 -65.534
 -65.534
 -65.534
 -65.534
 -65.534
 -65.534
 -65.534
 -65.534
 -65.534
 -65.534
 -65.534
 -65.534
 -65.534
 -65.534
 -65.534
 -65.534
 -65.534
 -65.534
 -65.534
 -65.534
 -65.534
 -65.534
 -65.534
 -65.534
 -65.534
 -65.534
 -65.534
 -65.534
 -65.534
 -65.534
 -65.534
   0.109
  -0.140
  -0.327
  -0.494
  -0.642
  -0.785
  -0.927
  -1.072
  -1.304
   0.000
 -65.534
 -65.534
 -65.534
 -65.534
 -65.534
 -65.534
 -65.534
 -65.534
 -65.534
 -65.534
 -65.534
 -65.534
 -65.534
 -65.534
 -65.534
 -65.534
 -65.534
 -65.534
 -65.534
 -65.534
 -65.534
 -65.534
 -65.534
 -65.534
 -65.534
 -65.534
 -65.534
 -65.534
 -65.534
 -65.534
 -65.534
 -65.534
 -65.534
 -65.534
 -65.534
 -65.534
 -65.534
 -65.534
 -65.534
 -65.534
 -65.534
 -65.534
 -65.534
 -65.534
 -65.534
 -65.534
 -65.534
 -65.534
 -65.534
 -65.534
 -65.534
 -65.534
 -65.534
 -65.534
 -65.534
 -65.534
 -65.534
 -65.534
 -65.534
 -65.534
 -65.534
   0.000
   0.000
   0.000
   0.000
   0.000
   0.000
   0.000
 -65.534
