 -65.534
   0.000
   0.000
   0.000
   0.000
   0.000
   0.000
   0.000
   0.000
   0.000
   0.000
   0.000
   0.000
   0.000
   0.000
   0.000
   0.000
   0.000
   0.000
   0.000
   0.000
   0.000
   0.000
   0.000
   0.000
   0.000
   0.000
   0.000
   0.000
   0.000
   0.000
   0.000
   0.000
   0.000
   0.000
   0.000
   0.000
   0.000
   0.000
   0.000
   0.000
   0.000
   0.000
   0.000
   0.000
   0.000
   0.000
   0.000
   0.000
   0.000
   0.000
   0.000
   0.000
   0.000
   0.000
   0.000
   0.000
   0.000
   0.000
   0.000
   0.000
   0.000
   0.000
   0.000
   0.000
   0.000
   0.000
   0.000
 -65.534
   0.000
   1.918
   2.211
   2.412
   2.606
   2.764
   2.867
   2.901
   2.874
   2.801
   2.693
   2.548
   2.388
   2.225
   2.071
   1.936
   1.838
   1.819
   1.902
   2.106
   2.412
   2.777
   3.127
   3.637
   3.593
   3.358
   3.139
   3.033
   3.015
   3.155
   3.321
   3.452
   3.670
   3.976
   4.082
   4.222
   4.261
   4.366
   4.465
   4.396
   4.379
   4.389
   4.301
   4.329
   4.301
   4.248
   4.262
   4.284
   4.306
   4.349
   4.448
   4.558
   4.695
   4.799
   4.895
   4.969
   5.027
   5.035
   5.005
   4.977
   4.941
   4.874
   4.806
   4.749
   4.686
   4.633
   4.617
   4.448
   0.000
   0.000
   2.165
   2.440
   2.603
   2.783
   2.936
   3.051
   3.101
   3.091
   3.039
   2.939
   2.808
   2.649
   2.481
   2.307
   2.145
   2.007
   1.921
   1.911
   1.986
   2.136
   2.322
   2.511
   2.809
   2.785
   2.673
   2.624
   2.654
   2.787
   3.022
   3.341
   3.684
   4.070
   4.408
   4.652
   4.820
   4.955
   5.010
   5.027
   5.009
   4.953
   4.894
   4.823
   4.779
   4.773
   4.735
   4.759
   4.843
   4.948
   5.060
   5.198
   5.375
   5.553
   5.723
   5.852
   5.950
   6.033
   6.076
   6.070
   6.028
   5.964
   5.876
   5.770
   5.662
   5.563
   5.483
   5.433
   5.238
   0.000
   0.000
   2.213
   2.475
   2.622
   2.775
   2.915
   3.026
   3.094
   3.107
   3.083
   3.019
   2.917
   2.779
   2.620
   2.453
   2.286
   2.136
   2.022
   1.954
   1.941
   1.979
   2.024
   2.057
   2.108
   2.140
   2.088
   2.151
   2.314
   2.565
   2.882
   3.315
   3.740
   4.222
   4.628
   4.934
   5.169
   5.316
   5.396
   5.402
   5.370
   5.295
   5.250
   5.116
   5.038
   4.974
   4.938
   4.981
   5.091
   5.249
   5.418
   5.614
   5.817
   6.021
   6.219
   6.386
   6.528
   6.626
   6.666
   6.642
   6.591
   6.515
   6.409
   6.273
   6.139
   6.025
   5.912
   5.847
   5.621
   0.000
   0.000
   2.255
   2.510
   2.639
   2.772
   2.891
   2.997
   3.069
   3.097
   3.100
   3.064
   2.991
   2.887
   2.759
   2.617
   2.461
   2.316
   2.198
   2.106
   2.041
   2.021
   2.007
   1.956
   1.872
   1.769
   1.704
   1.862
   2.127
   2.498
   2.888
   3.390
   3.925
   4.456
   4.857
   5.168
   5.423
   5.590
   5.681
   5.689
   5.663
   5.597
   5.498
   5.379
   5.264
   5.166
   5.116
   5.165
   5.304
   5.492
   5.710
   5.940
   6.186
   6.417
   6.643
   6.840
   6.993
   7.109
   7.172
   7.158
   7.094
   6.992
   6.867
   6.711
   6.564
   6.423
   6.298
   6.212
   5.959
   0.000
   0.000
   2.307
   2.549
   2.665
   2.781
   2.884
   2.976
   3.042
   3.088
   3.108
   3.095
   3.050
   2.974
   2.876
   2.767
   2.642
   2.516
   2.411
   2.329
   2.267
   2.240
   2.219
   2.158
   2.070
   1.786
   1.486
   1.818
   2.253
   2.700
   3.184
   3.665
   4.227
   4.696
   5.091
   5.469
   5.721
   5.896
   5.973
   5.957
   5.924
   5.848
   5.738
   5.616
   5.483
   5.374
   5.328
   5.367
   5.503
   5.720
   5.975
   6.249
   6.525
   6.798
   7.047
   7.265
   7.435
   7.563
   7.620
   7.605
   7.543
   7.443
   7.289
   7.124
   6.949
   6.795
   6.661
   6.556
   6.282
   0.000
   0.000
   2.335
   2.583
   2.699
   2.806
   2.892
   2.973
   3.041
   3.090
   3.124
   3.134
   3.116
   3.069
   3.008
   2.929
   2.830
   2.738
   2.663
   2.598
   2.557
   2.533
   2.484
   2.434
   2.346
   2.138
   1.916
   2.125
   2.627
   3.094
   3.558
   4.066
   4.570
   5.010
   5.408
   5.749
   5.999
   6.133
   6.236
   6.246
   6.203
   6.110
   5.999
   5.888
   5.759
   5.641
   5.548
   5.552
   5.677
   5.894
   6.184
   6.515
   6.837
   7.146
   7.426
   7.658
   7.837
   7.968
   8.037
   8.024
   7.967
   7.853
   7.693
   7.504
   7.321
   7.149
   6.993
   6.860
   6.566
   0.000
   0.000
   2.326
   2.592
   2.704
   2.812
   2.905
   2.979
   3.052
   3.115
   3.163
   3.192
   3.200
   3.178
   3.140
   3.088
   3.026
   2.962
   2.914
   2.874
   2.853
   2.854
   2.838
   2.803
   2.774
   2.633
   2.608
   2.622
   3.001
   3.508
   3.985
   4.451
   4.918
   5.331
   5.723
   6.001
   6.241
   6.393
   6.484
   6.491
   6.432
   6.399
   6.315
   6.189
   6.059
   5.936
   5.808
   5.748
   5.823
   6.032
   6.347
   6.719
   7.089
   7.438
   7.755
   8.009
   8.207
   8.343
   8.412
   8.400
   8.337
   8.228
   8.047
   7.842
   7.635
   7.445
   7.269
   7.117
   6.799
   0.000
   0.000
   2.264
   2.554
   2.680
   2.800
   2.896
   2.987
   3.063
   3.136
   3.209
   3.265
   3.294
   3.298
   3.282
   3.253
   3.213
   3.172
   3.144
   3.128
   3.133
   3.161
   3.189
   3.219
   3.212
   3.124
   3.054
   3.197
   3.470
   3.961
   4.431
   4.861
   5.256
   5.642
   5.983
   6.249
   6.441
   6.587
   6.690
   6.736
   6.709
   6.674
   6.617
   6.542
   6.408
   6.263
   6.109
   6.003
   6.037
   6.199
   6.484
   6.859
   7.266
   7.653
   8.010
   8.307
   8.529
   8.686
   8.756
   8.758
   8.675
   8.554
   8.364
   8.140
   7.915
   7.701
   7.498
   7.314
   6.984
   0.000
   0.000
   2.111
   2.425
   2.588
   2.735
   2.853
   2.957
   3.056
   3.153
   3.246
   3.323
   3.376
   3.402
   3.401
   3.387
   3.365
   3.344
   3.331
   3.334
   3.354
   3.416
   3.470
   3.549
   3.603
   3.561
   3.513
   3.611
   3.974
   4.424
   4.850
   5.216
   5.560
   5.904
   6.214
   6.463
   6.642
   6.785
   6.883
   6.931
   6.945
   6.936
   6.890
   6.830
   6.734
   6.591
   6.429
   6.292
   6.277
   6.410
   6.649
   7.010
   7.395
   7.805
   8.200
   8.520
   8.770
   8.943
   9.025
   9.016
   8.943
   8.808
   8.609
   8.373
   8.132
   7.907
   7.681
   7.475
   7.123
   0.000
   0.000
   1.894
   2.213
   2.404
   2.584
   2.738
   2.873
   2.997
   3.119
   3.236
   3.339
   3.414
   3.462
   3.480
   3.486
   3.478
   3.473
   3.473
   3.498
   3.536
   3.605
   3.686
   3.782
   3.862
   3.859
   3.851
   4.024
   4.351
   4.751
   5.131
   5.467
   5.772
   6.078
   6.373
   6.599
   6.772
   6.917
   7.028
   7.083
   7.121
   7.109
   7.063
   6.993
   6.919
   6.819
   6.709
   6.577
   6.524
   6.620
   6.853
   7.197
   7.524
   7.920
   8.318
   8.661
   8.900
   9.067
   9.151
   9.145
   9.072
   8.935
   8.726
   8.492
   8.253
   8.020
   7.786
   7.577
   7.215
   0.000
   0.000
   1.679
   1.982
   2.181
   2.381
   2.565
   2.730
   2.883
   3.026
   3.165
   3.290
   3.395
   3.469
   3.523
   3.552
   3.562
   3.572
   3.588
   3.625
   3.688
   3.768
   3.858
   3.964
   4.044
   4.089
   4.139
   4.315
   4.597
   4.933
   5.319
   5.618
   5.883
   6.159
   6.437
   6.656
   6.826
   6.984
   7.099
   7.177
   7.211
   7.194
   7.147
   7.076
   7.017
   6.936
   6.881
   6.807
   6.794
   6.861
   7.081
   7.398
   7.708
   8.060
   8.424
   8.738
   8.977
   9.129
   9.195
   9.183
   9.101
   8.953
   8.751
   8.520
   8.293
   8.064
   7.838
   7.639
   7.271
   0.000
   0.000
   1.476
   1.766
   1.951
   2.149
   2.340
   2.531
   2.709
   2.877
   3.033
   3.176
   3.299
   3.399
   3.485
   3.540
   3.580
   3.609
   3.656
   3.714
   3.796
   3.888
   3.993
   4.100
   4.200
   4.268
   4.358
   4.505
   4.744
   5.046
   5.404
   5.655
   5.898
   6.158
   6.412
   6.630
   6.798
   6.947
   7.077
   7.163
   7.219
   7.204
   7.130
   7.065
   7.012
   6.969
   6.953
   6.937
   6.985
   7.085
   7.282
   7.563
   7.843
   8.151
   8.472
   8.750
   8.971
   9.125
   9.170
   9.144
   9.043
   8.885
   8.684
   8.463
   8.250
   8.036
   7.831
   7.645
   7.294
   0.000
 -65.534
 -65.534
   1.483
   1.713
   1.890
   2.072
   2.263
   2.458
   2.644
   2.820
   2.975
   3.118
   3.243
   3.351
   3.436
   3.513
   3.582
   3.661
   3.755
   3.856
   3.971
   4.092
   4.202
   4.308
   4.399
   4.503
   4.626
   4.814
   5.068
   5.355
   5.601
   5.842
   6.056
   6.272
   6.472
   6.664
   6.833
   6.964
   7.051
   7.091
   7.083
   7.021
   6.961
   6.916
   6.914
   6.920
   6.962
   7.057
   7.196
   7.396
   7.645
   7.909
   8.170
   8.446
   8.681
   8.877
   9.016
   9.060
   9.013
   8.901
   8.729
   8.525
   8.338
   8.142
   7.955
   7.779
   7.612
   7.256
   0.000
 -65.534
 -65.534
 -65.534
   1.426
   1.613
   1.772
   1.948
   2.139
   2.336
   2.530
   2.709
   2.869
   3.014
   3.150
   3.269
   3.373
   3.479
   3.593
   3.709
   3.841
   3.978
   4.118
   4.249
   4.367
   4.473
   4.588
   4.701
   4.836
   5.031
   5.260
   5.479
   5.688
   5.886
   6.115
   6.359
   6.470
   6.632
   6.777
   6.850
   6.886
   6.882
   6.846
   6.797
   6.804
   6.823
   6.855
   6.929
   7.050
   7.219
   7.424
   7.652
   7.895
   8.124
   8.357
   8.567
   8.729
   8.824
   8.860
   8.803
   8.678
   8.507
   8.309
   8.116
   7.954
   7.798
   7.662
   7.523
   7.186
   0.000
 -65.534
 -65.534
 -65.534
 -65.534
   1.333
   1.488
   1.636
   1.802
   1.987
   2.182
   2.378
   2.564
   2.732
   2.886
   3.026
   3.156
   3.284
   3.416
   3.560
   3.712
   3.876
   4.041
   4.187
   4.331
   4.452
   4.578
   4.689
   4.801
   4.947
   5.123
   5.303
   5.492
   5.689
   5.910
   6.128
   6.284
   6.489
   6.534
   6.599
   6.634
   6.635
   6.610
   6.618
   6.650
   6.713
   6.777
   6.871
   7.001
   7.163
   7.375
   7.584
   7.806
   8.026
   8.222
   8.402
   8.531
   8.596
   8.613
   8.549
   8.422
   8.246
   8.053
   7.871
   7.715
   7.598
   7.500
   7.404
   7.078
   0.000
 -65.534
 -65.534
 -65.534
 -65.534
   1.137
   1.235
   1.343
   1.466
   1.621
   1.800
   1.994
   2.184
   2.372
   2.548
   2.709
   2.856
   3.003
   3.157
   3.311
   3.470
   3.637
   3.810
   3.977
   4.129
   4.284
   4.430
   4.567
   4.686
   4.809
   4.948
   5.093
   5.246
   5.418
   5.615
   5.829
   6.022
   6.209
   6.304
   6.405
   6.401
   6.397
   6.395
   6.439
   6.516
   6.608
   6.690
   6.798
   6.917
   7.053
   7.225
   7.427
   7.645
   7.832
   8.013
   8.149
   8.243
   8.281
   8.274
   8.218
   8.110
   7.962
   7.790
   7.626
   7.496
   7.413
   7.344
   7.277
   6.962
   0.000
 -65.534
 -65.534
 -65.534
 -65.534
   1.016
   1.046
   1.103
   1.179
   1.284
   1.427
   1.598
   1.782
   1.969
   2.154
   2.335
   2.508
   2.660
   2.816
   2.975
   3.135
   3.305
   3.471
   3.640
   3.805
   3.978
   4.146
   4.301
   4.443
   4.575
   4.703
   4.833
   4.960
   5.107
   5.283
   5.473
   5.680
   5.875
   6.028
   6.147
   6.204
   6.242
   6.286
   6.319
   6.419
   6.525
   6.614
   6.724
   6.831
   6.936
   7.079
   7.257
   7.445
   7.608
   7.739
   7.832
   7.889
   7.906
   7.888
   7.840
   7.755
   7.650
   7.524
   7.403
   7.324
   7.266
   7.216
   7.155
   6.835
   0.000
 -65.534
 -65.534
 -65.534
 -65.534
   1.042
   1.012
   1.005
   1.007
   1.048
   1.132
   1.257
   1.409
   1.575
   1.750
   1.927
   2.102
   2.269
   2.438
   2.600
   2.755
   2.911
   3.071
   3.229
   3.397
   3.570
   3.745
   3.921
   4.085
   4.235
   4.370
   4.494
   4.606
   4.744
   4.900
   5.080
   5.287
   5.494
   5.690
   5.841
   5.966
   6.075
   6.173
   6.269
   6.378
   6.478
   6.554
   6.644
   6.739
   6.837
   6.955
   7.104
   7.258
   7.388
   7.479
   7.540
   7.567
   7.549
   7.518
   7.463
   7.404
   7.352
   7.294
   7.241
   7.205
   7.164
   7.121
   7.025
   6.691
   0.000
 -65.534
 -65.534
 -65.534
 -65.534
 -65.534
 -65.534
 -65.534
 -65.534
   0.935
   0.963
   1.026
   1.118
   1.237
   1.372
   1.520
   1.682
   1.847
   2.023
   2.205
   2.373
   2.522
   2.663
   2.798
   2.958
   3.136
   3.318
   3.495
   3.669
   3.828
   3.976
   4.102
   4.217
   4.344
   4.494
   4.673
   4.870
   5.094
   5.314
   5.505
   5.680
   5.847
   5.993
   6.153
   6.293
   6.384
   6.464
   6.568
   6.658
   6.728
   6.834
   6.957
   7.082
   7.182
   7.253
   7.283
   7.276
   7.240
   7.194
   7.138
   7.100
   7.092
   7.099
   7.110
   7.099
   7.072
   7.017
   6.909
   6.551
   0.000
 -65.534
 -65.534
 -65.534
 -65.534
 -65.534
 -65.534
   0.536
   0.791
   0.935
   0.886
   0.894
   0.920
   0.981
   1.066
   1.184
   1.320
   1.475
   1.644
   1.825
   1.986
   2.140
   2.280
   2.423
   2.569
   2.721
   2.908
   3.095
   3.279
   3.450
   3.605
   3.732
   3.853
   3.986
   4.135
   4.307
   4.503
   4.727
   4.958
   5.180
   5.391
   5.593
   5.781
   5.957
   6.122
   6.249
   6.356
   6.441
   6.511
   6.608
   6.725
   6.827
   6.927
   6.994
   7.035
   7.038
   7.008
   6.963
   6.903
   6.839
   6.813
   6.846
   6.917
   6.979
   6.988
   6.961
   6.889
   6.778
   6.354
   0.000
 -65.534
 -65.534
 -65.534
 -65.534
 -65.534
 -65.534
 -65.534
 -65.534
 -65.534
   0.950
   0.901
   0.885
   0.888
   0.916
   0.960
   1.055
   1.188
   1.336
   1.503
   1.670
   1.809
   1.944
   2.089
   2.245
   2.416
   2.583
   2.754
   2.935
   3.108
   3.260
   3.396
   3.527
   3.675
   3.840
   4.015
   4.204
   4.420
   4.645
   4.872
   5.100
   5.322
   5.538
   5.738
   5.909
   6.055
   6.174
   6.283
   6.367
   6.458
   6.544
   6.626
   6.694
   6.739
   6.760
   6.744
   6.703
   6.645
   6.571
   6.509
   6.509
   6.581
   6.694
   6.786
   6.797
   6.769
   6.708
   6.571
   6.100
   0.000
 -65.534
 -65.534
 -65.534
 -65.534
 -65.534
 -65.534
 -65.534
 -65.534
 -65.534
 -65.534
 -65.534
 -65.534
 -65.534
 -65.534
 -65.534
   0.961
   1.048
   1.144
   1.255
   1.420
   1.558
   1.689
   1.833
   1.989
   2.157
   2.332
   2.503
   2.655
   2.819
   2.980
   3.127
   3.263
   3.415
   3.582
   3.762
   3.952
   4.161
   4.377
   4.633
   4.867
   5.085
   5.300
   5.498
   5.681
   5.849
   5.986
   6.102
   6.200
   6.281
   6.356
   6.419
   6.463
   6.487
   6.479
   6.430
   6.356
   6.273
   6.192
   6.140
   6.174
   6.286
   6.417
   6.510
   6.541
   6.530
   6.449
   6.301
   5.785
   0.000
 -65.534
 -65.534
 -65.534
 -65.534
 -65.534
 -65.534
 -65.534
 -65.534
 -65.534
 -65.534
 -65.534
 -65.534
 -65.534
 -65.534
 -65.534
 -65.534
 -65.534
 -65.534
 -65.534
   1.283
   1.412
   1.529
   1.667
   1.816
   1.971
   2.139
   2.308
   2.480
   2.638
   2.784
   2.931
   3.080
   3.235
   3.408
   3.588
   3.774
   3.970
   4.174
   4.393
   4.622
   4.844
   5.057
   5.262
   5.448
   5.614
   5.753
   5.876
   5.981
   6.063
   6.119
   6.159
   6.194
   6.197
   6.158
   6.077
   5.962
   5.844
   5.757
   5.732
   5.804
   5.945
   6.080
   6.193
   6.236
   6.214
   6.138
   5.982
   5.445
   0.000
 -65.534
 -65.534
 -65.534
 -65.534
 -65.534
 -65.534
 -65.534
 -65.534
 -65.534
 -65.534
 -65.534
 -65.534
 -65.534
 -65.534
 -65.534
 -65.534
 -65.534
 -65.534
   0.880
   1.329
   1.375
   1.479
   1.602
   1.740
   1.883
   2.033
   2.197
   2.372
   2.540
   2.692
   2.826
   2.969
   3.124
   3.290
   3.463
   3.636
   3.813
   3.994
   4.182
   4.384
   4.598
   4.816
   5.015
   5.192
   5.339
   5.457
   5.555
   5.643
   5.726
   5.788
   5.837
   5.868
   5.862
   5.797
   5.668
   5.499
   5.361
   5.276
   5.283
   5.382
   5.528
   5.669
   5.785
   5.839
   5.829
   5.754
   5.607
   5.073
   0.000
 -65.534
 -65.534
 -65.534
 -65.534
 -65.534
 -65.534
 -65.534
 -65.534
 -65.534
 -65.534
 -65.534
 -65.534
 -65.534
 -65.534
 -65.534
 -65.534
 -65.534
   0.676
   1.234
   1.367
   1.420
   1.495
   1.597
   1.720
   1.846
   1.990
   2.146
   2.310
   2.478
   2.632
   2.764
   2.889
   3.034
   3.183
   3.332
   3.484
   3.633
   3.791
   3.951
   4.129
   4.331
   4.538
   4.731
   4.892
   5.019
   5.112
   5.191
   5.255
   5.314
   5.374
   5.428
   5.458
   5.442
   5.352
   5.216
   5.052
   4.903
   4.830
   4.857
   4.968
   5.100
   5.228
   5.342
   5.397
   5.390
   5.326
   5.195
   4.691
   0.000
 -65.534
 -65.534
 -65.534
 -65.534
 -65.534
 -65.534
 -65.534
 -65.534
 -65.534
 -65.534
 -65.534
 -65.534
 -65.534
 -65.534
 -65.534
 -65.534
 -65.534
   0.949
   1.289
   1.390
   1.458
   1.520
   1.600
   1.696
   1.815
   1.944
   2.093
   2.253
   2.415
   2.565
   2.695
   2.798
   2.928
   3.053
   3.175
   3.297
   3.418
   3.548
   3.687
   3.844
   4.023
   4.210
   4.387
   4.529
   4.633
   4.706
   4.763
   4.815
   4.862
   4.912
   4.963
   5.029
   5.042
   4.965
   4.839
   4.680
   4.518
   4.435
   4.456
   4.544
   4.665
   4.785
   4.883
   4.936
   4.930
   4.890
   4.778
   4.306
   0.000
 -65.534
 -65.534
 -65.534
 -65.534
 -65.534
 -65.534
 -65.534
 -65.534
 -65.534
 -65.534
 -65.534
 -65.534
 -65.534
 -65.534
 -65.534
 -65.534
 -65.534
   1.066
   1.302
   1.413
   1.476
   1.526
   1.582
   1.654
   1.755
   1.872
   2.013
   2.171
   2.329
   2.477
   2.604
   2.696
   2.805
   2.911
   3.010
   3.105
   3.198
   3.301
   3.417
   3.549
   3.707
   3.867
   4.014
   4.127
   4.205
   4.259
   4.297
   4.332
   4.368
   4.403
   4.450
   4.525
   4.547
   4.524
   4.459
   4.346
   4.212
   4.131
   4.123
   4.172
   4.249
   4.332
   4.406
   4.452
   4.453
   4.418
   4.332
   3.933
   0.000
 -65.534
 -65.534
 -65.534
 -65.534
 -65.534
 -65.534
 -65.534
 -65.534
 -65.534
 -65.534
 -65.534
 -65.534
 -65.534
 -65.534
 -65.534
 -65.534
 -65.534
   1.202
   1.324
   1.422
   1.476
   1.514
   1.549
   1.600
   1.679
   1.789
   1.913
   2.061
   2.218
   2.369
   2.495
   2.577
   2.676
   2.767
   2.849
   2.928
   3.002
   3.087
   3.182
   3.292
   3.408
   3.531
   3.638
   3.726
   3.780
   3.811
   3.827
   3.851
   3.873
   3.895
   3.939
   4.006
   4.055
   4.083
   4.086
   4.042
   3.972
   3.886
   3.865
   3.871
   3.898
   3.932
   3.961
   3.977
   3.973
   3.960
   3.918
   3.549
   0.000
 -65.534
 -65.534
 -65.534
 -65.534
 -65.534
 -65.534
 -65.534
 -65.534
 -65.534
 -65.534
 -65.534
 -65.534
 -65.534
 -65.534
 -65.534
 -65.534
 -65.534
 -65.534
   1.351
   1.421
   1.487
   1.515
   1.535
   1.569
   1.626
   1.713
   1.821
   1.950
   2.091
   2.237
   2.362
   2.435
   2.522
   2.603
   2.678
   2.753
   2.823
   2.894
   2.965
   3.051
   3.138
   3.223
   3.294
   3.349
   3.385
   3.406
   3.407
   3.406
   3.403
   3.421
   3.455
   3.523
   3.582
   3.642
   3.685
   3.709
   3.685
   3.646
   3.622
   3.608
   3.611
   3.613
   3.609
   3.598
   3.580
   3.554
   3.515
   3.205
   0.000
 -65.534
 -65.534
 -65.534
 -65.534
 -65.534
 -65.534
 -65.534
 -65.534
 -65.534
 -65.534
 -65.534
 -65.534
 -65.534
 -65.534
 -65.534
 -65.534
 -65.534
 -65.534
 -65.534
   1.432
   1.464
   1.482
   1.502
   1.533
   1.583
   1.649
   1.736
   1.839
   1.961
   2.083
   2.184
   2.274
   2.357
   2.429
   2.498
   2.565
   2.562
   2.632
   2.700
   2.773
   2.882
   2.937
   2.982
   3.017
   3.034
   3.037
   3.034
   3.026
   3.018
   3.032
   3.038
   3.096
   3.149
   3.197
   3.248
   3.291
   3.318
   3.329
   3.325
   3.326
   3.339
   3.344
   3.333
   3.305
   3.269
   3.219
   3.159
   2.860
   0.000
 -65.534
 -65.534
 -65.534
 -65.534
 -65.534
 -65.534
 -65.534
 -65.534
 -65.534
 -65.534
 -65.534
 -65.534
 -65.534
 -65.534
 -65.534
 -65.534
 -65.534
 -65.534
 -65.534
 -65.534
   1.440
   1.467
   1.490
   1.520
   1.561
   1.619
   1.689
   1.769
   1.863
   1.960
   2.030
   2.129
   2.209
   2.275
   2.315
   2.217
 -65.534
 -65.534
 -65.534
 -65.534
   2.418
   2.605
   2.713
   2.729
   2.727
   2.721
   2.712
   2.699
   2.689
   2.693
   2.712
   2.756
   2.800
   2.841
   2.894
   2.935
   2.967
   2.995
   3.023
   3.042
   3.059
   3.063
   3.047
   3.014
   2.981
   2.929
   2.854
   2.558
   0.000
 -65.534
 -65.534
 -65.534
 -65.534
 -65.534
 -65.534
 -65.534
 -65.534
 -65.534
 -65.534
 -65.534
 -65.534
 -65.534
 -65.534
 -65.534
 -65.534
 -65.534
 -65.534
 -65.534
 -65.534
 -65.534
 -65.534
 -65.534
 -65.534
   1.532
   1.588
   1.652
   1.721
   1.797
   1.860
   1.913
   1.994
   2.067
   2.111
   2.087
   1.927
 -65.534
 -65.534
 -65.534
 -65.534
 -65.534
 -65.534
   2.295
   2.492
   2.503
   2.494
   2.465
   2.461
   2.456
   2.471
   2.499
   2.522
   2.552
   2.585
   2.618
   2.650
   2.681
   2.707
   2.732
   2.743
   2.738
   2.735
   2.715
   2.678
   2.637
   2.597
   2.524
   2.247
   0.000
 -65.534
 -65.534
 -65.534
 -65.534
 -65.534
 -65.534
 -65.534
 -65.534
 -65.534
 -65.534
 -65.534
 -65.534
 -65.534
 -65.534
 -65.534
 -65.534
 -65.534
 -65.534
 -65.534
 -65.534
 -65.534
 -65.534
 -65.534
 -65.534
   1.496
   1.552
   1.610
   1.674
   1.737
   1.790
   1.823
   1.878
   1.926
   1.936
   1.885
   1.758
 -65.534
 -65.534
 -65.534
 -65.534
 -65.534
 -65.534
 -65.534
   2.176
   2.297
   2.286
   2.308
   2.289
   2.284
   2.273
   2.286
   2.308
   2.338
   2.359
   2.385
   2.404
   2.413
   2.418
   2.424
   2.425
   2.421
   2.408
   2.384
   2.343
   2.289
   2.228
   2.157
   1.912
   0.000
 -65.534
 -65.534
 -65.534
 -65.534
 -65.534
 -65.534
 -65.534
 -65.534
 -65.534
 -65.534
 -65.534
 -65.534
 -65.534
 -65.534
 -65.534
 -65.534
 -65.534
 -65.534
 -65.534
 -65.534
 -65.534
 -65.534
 -65.534
 -65.534
 -65.534
 -65.534
 -65.534
 -65.534
 -65.534
   1.713
   1.753
   1.766
   1.805
   1.787
   1.724
   1.589
   0.737
 -65.534
 -65.534
 -65.534
 -65.534
 -65.534
 -65.534
   1.814
   1.951
 -65.534
   1.912
   2.054
   2.101
   2.177
   2.188
   2.200
   2.196
   2.193
   2.189
   2.181
   2.174
   2.163
   2.156
   2.144
   2.123
   2.095
   2.049
   1.995
   1.932
   1.861
   1.789
   1.583
   0.000
 -65.534
 -65.534
 -65.534
 -65.534
 -65.534
 -65.534
 -65.534
 -65.534
 -65.534
 -65.534
 -65.534
 -65.534
 -65.534
 -65.534
 -65.534
 -65.534
 -65.534
 -65.534
 -65.534
 -65.534
 -65.534
 -65.534
 -65.534
 -65.534
 -65.534
 -65.534
 -65.534
 -65.534
 -65.534
 -65.534
 -65.534
 -65.534
   1.685
   1.678
   1.618
   1.470
   0.904
   0.497
 -65.534
 -65.534
 -65.534
 -65.534
 -65.534
 -65.534
 -65.534
 -65.534
 -65.534
 -65.534
 -65.534
   1.748
   1.972
   2.032
   2.122
   2.090
   2.050
   2.001
   1.970
   1.947
   1.918
   1.886
   1.845
   1.793
   1.735
   1.666
   1.604
   1.535
   1.471
   1.304
   0.000
 -65.534
 -65.534
 -65.534
 -65.534
 -65.534
 -65.534
 -65.534
 -65.534
 -65.534
 -65.534
 -65.534
 -65.534
 -65.534
 -65.534
 -65.534
 -65.534
 -65.534
 -65.534
 -65.534
 -65.534
 -65.534
 -65.534
 -65.534
 -65.534
 -65.534
 -65.534
 -65.534
 -65.534
 -65.534
 -65.534
 -65.534
 -65.534
   1.606
   1.594
   1.537
   1.377
   0.988
   0.612
   0.396
   0.312
 -65.534
 -65.534
 -65.534
 -65.534
 -65.534
 -65.534
 -65.534
 -65.534
 -65.534
 -65.534
 -65.534
 -65.534
   1.583
   1.783
   1.794
   1.845
   1.796
   1.738
   1.685
   1.633
   1.574
   1.505
   1.438
   1.372
   1.311
   1.262
   1.230
   1.118
   0.000
 -65.534
 -65.534
 -65.534
 -65.534
 -65.534
 -65.534
 -65.534
 -65.534
 -65.534
 -65.534
 -65.534
 -65.534
 -65.534
 -65.534
 -65.534
 -65.534
 -65.534
 -65.534
 -65.534
 -65.534
 -65.534
 -65.534
 -65.534
 -65.534
 -65.534
 -65.534
 -65.534
 -65.534
 -65.534
 -65.534
 -65.534
 -65.534
 -65.534
 -65.534
 -65.534
 -65.534
   0.825
   0.614
   0.426
   0.322
   0.283
   0.235
   0.209
   0.220
   0.228
 -65.534
 -65.534
 -65.534
 -65.534
 -65.534
 -65.534
 -65.534
 -65.534
 -65.534
 -65.534
   1.307
   1.517
   1.511
   1.461
   1.387
   1.312
   1.243
   1.176
   1.113
   1.067
   1.041
   1.039
   0.982
   0.000
 -65.534
 -65.534
 -65.534
 -65.534
 -65.534
 -65.534
 -65.534
 -65.534
 -65.534
 -65.534
 -65.534
 -65.534
 -65.534
 -65.534
 -65.534
 -65.534
 -65.534
 -65.534
 -65.534
 -65.534
 -65.534
 -65.534
 -65.534
 -65.534
 -65.534
 -65.534
 -65.534
 -65.534
 -65.534
 -65.534
 -65.534
 -65.534
 -65.534
 -65.534
 -65.534
 -65.534
 -65.534
 -65.534
 -65.534
 -65.534
   0.176
 -65.534
 -65.534
 -65.534
 -65.534
 -65.534
 -65.534
 -65.534
 -65.534
 -65.534
 -65.534
 -65.534
 -65.534
 -65.534
 -65.534
   0.754
   1.086
   1.184
   1.174
   1.176
   1.097
   0.981
   0.912
   0.870
   0.848
   0.854
   0.879
   0.855
   0.000
 -65.534
 -65.534
 -65.534
 -65.534
 -65.534
 -65.534
 -65.534
 -65.534
 -65.534
 -65.534
 -65.534
 -65.534
 -65.534
 -65.534
 -65.534
 -65.534
 -65.534
 -65.534
 -65.534
 -65.534
 -65.534
 -65.534
 -65.534
 -65.534
 -65.534
 -65.534
 -65.534
 -65.534
 -65.534
 -65.534
 -65.534
 -65.534
 -65.534
 -65.534
 -65.534
 -65.534
 -65.534
 -65.534
 -65.534
 -65.534
 -65.534
 -65.534
 -65.534
 -65.534
 -65.534
 -65.534
 -65.534
 -65.534
 -65.534
 -65.534
 -65.534
 -65.534
 -65.534
 -65.534
 -65.534
 -65.534
 -65.534
 -65.534
 -65.534
   0.631
   0.777
   0.761
   0.701
   0.675
   0.670
   0.694
   0.751
   0.728
   0.000
 -65.534
 -65.534
 -65.534
 -65.534
 -65.534
 -65.534
 -65.534
 -65.534
 -65.534
 -65.534
 -65.534
 -65.534
 -65.534
 -65.534
 -65.534
 -65.534
 -65.534
 -65.534
 -65.534
 -65.534
 -65.534
 -65.534
 -65.534
 -65.534
 -65.534
 -65.534
 -65.534
 -65.534
 -65.534
 -65.534
 -65.534
 -65.534
 -65.534
 -65.534
 -65.534
 -65.534
 -65.534
 -65.534
 -65.534
 -65.534
 -65.534
 -65.534
 -65.534
 -65.534
 -65.534
 -65.534
 -65.534
 -65.534
 -65.534
 -65.534
 -65.534
 -65.534
 -65.534
 -65.534
 -65.534
 -65.534
 -65.534
 -65.534
 -65.534
 -65.534
 -65.534
   0.000
   0.000
   0.000
   0.000
   0.000
   0.000
   0.000
 -65.534
