 -65.534
   0.000
   0.000
   0.000
   0.000
   0.000
   0.000
   0.000
   0.000
   0.000
   0.000
   0.000
   0.000
   0.000
   0.000
   0.000
   0.000
   0.000
   0.000
   0.000
   0.000
   0.000
   0.000
   0.000
   0.000
   0.000
   0.000
   0.000
   0.000
   0.000
   0.000
   0.000
   0.000
   0.000
   0.000
   0.000
   0.000
   0.000
   0.000
   0.000
   0.000
   0.000
   0.000
   0.000
   0.000
   0.000
   0.000
   0.000
   0.000
   0.000
   0.000
   0.000
   0.000
   0.000
   0.000
   0.000
   0.000
   0.000
   0.000
   0.000
   0.000
   0.000
   0.000
   0.000
   0.000
   0.000
   0.000
   0.000
 -65.534
   0.000
   1.630
   1.755
   1.791
   1.823
   1.849
   1.868
   1.882
   1.892
   1.900
   1.907
   1.919
   1.932
   1.951
   1.968
   1.982
   1.998
   2.018
   2.044
   2.069
   2.089
   2.109
   2.133
   2.145
   2.189
   2.236
   2.272
   2.292
   2.306
   2.318
   2.321
   2.324
   2.323
   2.312
   2.305
   2.287
   2.277
   2.259
   2.215
   2.160
   2.082
   1.997
   1.905
   1.814
   1.734
   1.671
   1.623
   1.582
   1.553
   1.539
   1.538
   1.547
   1.559
   1.579
   1.617
   1.650
   1.682
   1.706
   1.726
   1.751
   1.779
   1.804
   1.831
   1.856
   1.866
   1.871
   1.873
   1.847
   0.000
   0.000
   1.786
   1.911
   1.937
   1.962
   1.976
   1.993
   2.011
   2.028
   2.041
   2.056
   2.071
   2.086
   2.103
   2.123
   2.143
   2.163
   2.188
   2.221
   2.254
   2.289
   2.323
   2.358
   2.389
   2.435
   2.477
   2.512
   2.533
   2.546
   2.556
   2.564
   2.572
   2.578
   2.584
   2.585
   2.580
   2.570
   2.552
   2.510
   2.450
   2.372
   2.277
   2.170
   2.061
   1.968
   1.910
   1.874
   1.849
   1.832
   1.829
   1.834
   1.848
   1.870
   1.900
   1.931
   1.966
   2.001
   2.034
   2.063
   2.093
   2.126
   2.161
   2.194
   2.219
   2.236
   2.240
   2.241
   2.201
   0.000
   0.000
   1.768
   1.898
   1.930
   1.959
   1.980
   2.000
   2.021
   2.042
   2.064
   2.086
   2.104
   2.122
   2.141
   2.161
   2.185
   2.211
   2.245
   2.285
   2.331
   2.378
   2.425
   2.475
   2.523
   2.566
   2.604
   2.633
   2.651
   2.664
   2.675
   2.689
   2.698
   2.711
   2.732
   2.745
   2.749
   2.742
   2.718
   2.675
   2.614
   2.532
   2.430
   2.318
   2.205
   2.108
   2.047
   2.015
   1.996
   1.986
   1.989
   2.000
   2.019
   2.044
   2.070
   2.100
   2.132
   2.166
   2.197
   2.227
   2.256
   2.293
   2.326
   2.360
   2.389
   2.408
   2.416
   2.421
   2.368
   0.000
   0.000
   1.708
   1.841
   1.884
   1.926
   1.953
   1.978
   2.005
   2.032
   2.064
   2.093
   2.118
   2.142
   2.165
   2.190
   2.222
   2.254
   2.294
   2.341
   2.395
   2.450
   2.506
   2.565
   2.623
   2.668
   2.705
   2.732
   2.747
   2.754
   2.764
   2.778
   2.794
   2.816
   2.847
   2.875
   2.887
   2.889
   2.869
   2.827
   2.767
   2.688
   2.588
   2.476
   2.364
   2.266
   2.199
   2.160
   2.142
   2.135
   2.137
   2.148
   2.166
   2.189
   2.215
   2.239
   2.266
   2.298
   2.327
   2.351
   2.380
   2.411
   2.444
   2.477
   2.506
   2.530
   2.541
   2.545
   2.481
   0.000
   0.000
   1.621
   1.761
   1.814
   1.866
   1.906
   1.943
   1.978
   2.013
   2.048
   2.085
   2.116
   2.147
   2.177
   2.208
   2.243
   2.280
   2.325
   2.376
   2.432
   2.494
   2.554
   2.620
   2.679
   2.730
   2.767
   2.790
   2.798
   2.798
   2.808
   2.829
   2.851
   2.884
   2.928
   2.967
   2.992
   3.000
   2.991
   2.956
   2.903
   2.831
   2.742
   2.639
   2.535
   2.436
   2.360
   2.310
   2.288
   2.275
   2.273
   2.280
   2.296
   2.316
   2.339
   2.362
   2.386
   2.413
   2.437
   2.458
   2.483
   2.511
   2.541
   2.573
   2.603
   2.623
   2.634
   2.634
   2.560
   0.000
   0.000
   1.533
   1.673
   1.733
   1.795
   1.848
   1.896
   1.939
   1.981
   2.025
   2.068
   2.106
   2.140
   2.174
   2.208
   2.248
   2.291
   2.339
   2.391
   2.447
   2.507
   2.571
   2.641
   2.704
   2.751
   2.779
   2.796
   2.802
   2.801
   2.813
   2.844
   2.879
   2.925
   2.978
   3.029
   3.067
   3.092
   3.089
   3.063
   3.020
   2.964
   2.891
   2.803
   2.705
   2.610
   2.530
   2.469
   2.433
   2.411
   2.402
   2.403
   2.412
   2.427
   2.447
   2.470
   2.493
   2.517
   2.540
   2.555
   2.575
   2.599
   2.624
   2.650
   2.674
   2.693
   2.700
   2.697
   2.617
   0.000
   0.000
   1.459
   1.595
   1.659
   1.726
   1.785
   1.839
   1.892
   1.942
   1.991
   2.037
   2.079
   2.118
   2.155
   2.194
   2.236
   2.282
   2.332
   2.384
   2.440
   2.497
   2.554
   2.618
   2.677
   2.717
   2.741
   2.757
   2.762
   2.764
   2.784
   2.830
   2.883
   2.944
   3.009
   3.078
   3.125
   3.160
   3.169
   3.153
   3.121
   3.079
   3.021
   2.951
   2.870
   2.781
   2.694
   2.628
   2.576
   2.540
   2.520
   2.512
   2.513
   2.522
   2.539
   2.563
   2.586
   2.607
   2.626
   2.637
   2.650
   2.666
   2.684
   2.703
   2.722
   2.739
   2.743
   2.740
   2.655
   0.000
   0.000
   1.415
   1.543
   1.603
   1.670
   1.728
   1.782
   1.836
   1.890
   1.943
   1.993
   2.040
   2.082
   2.124
   2.166
   2.211
   2.259
   2.310
   2.361
   2.414
   2.468
   2.520
   2.574
   2.628
   2.663
   2.682
   2.695
   2.703
   2.712
   2.744
   2.804
   2.874
   2.949
   3.033
   3.109
   3.170
   3.214
   3.234
   3.227
   3.206
   3.173
   3.131
   3.077
   3.013
   2.940
   2.860
   2.782
   2.720
   2.672
   2.636
   2.616
   2.609
   2.611
   2.624
   2.644
   2.665
   2.683
   2.693
   2.697
   2.703
   2.712
   2.723
   2.736
   2.751
   2.767
   2.772
   2.770
   2.686
   0.000
   0.000
   1.416
   1.533
   1.589
   1.648
   1.696
   1.743
   1.788
   1.837
   1.889
   1.940
   1.991
   2.039
   2.084
   2.130
   2.177
   2.226
   2.278
   2.329
   2.379
   2.430
   2.479
   2.527
   2.573
   2.604
   2.619
   2.633
   2.642
   2.659
   2.704
   2.775
   2.854
   2.940
   3.036
   3.122
   3.193
   3.250
   3.281
   3.281
   3.268
   3.246
   3.213
   3.176
   3.127
   3.068
   3.001
   2.926
   2.858
   2.801
   2.755
   2.724
   2.705
   2.698
   2.702
   2.714
   2.727
   2.737
   2.737
   2.731
   2.731
   2.735
   2.743
   2.751
   2.768
   2.782
   2.792
   2.792
   2.714
   0.000
   0.000
   1.432
   1.552
   1.607
   1.661
   1.697
   1.729
   1.762
   1.801
   1.845
   1.892
   1.942
   1.992
   2.042
   2.089
   2.139
   2.187
   2.237
   2.287
   2.336
   2.384
   2.431
   2.477
   2.519
   2.545
   2.559
   2.568
   2.580
   2.610
   2.664
   2.738
   2.823
   2.915
   3.013
   3.107
   3.186
   3.251
   3.292
   3.304
   3.299
   3.287
   3.267
   3.241
   3.211
   3.163
   3.108
   3.049
   2.981
   2.920
   2.869
   2.827
   2.794
   2.775
   2.765
   2.763
   2.760
   2.756
   2.748
   2.734
   2.729
   2.731
   2.736
   2.747
   2.766
   2.784
   2.799
   2.806
   2.732
   0.000
   0.000
   1.435
   1.563
   1.624
   1.680
   1.714
   1.737
   1.758
   1.787
   1.819
   1.858
   1.900
   1.949
   1.996
   2.045
   2.094
   2.144
   2.191
   2.238
   2.285
   2.332
   2.377
   2.424
   2.467
   2.493
   2.509
   2.520
   2.534
   2.567
   2.623
   2.701
   2.785
   2.880
   2.982
   3.077
   3.159
   3.230
   3.279
   3.298
   3.305
   3.303
   3.292
   3.278
   3.261
   3.231
   3.189
   3.143
   3.086
   3.025
   2.971
   2.922
   2.881
   2.845
   2.819
   2.795
   2.773
   2.752
   2.733
   2.715
   2.708
   2.708
   2.716
   2.731
   2.756
   2.780
   2.800
   2.811
   2.741
   0.000
   0.000
   1.389
   1.554
   1.625
   1.686
   1.726
   1.750
   1.769
   1.785
   1.808
   1.837
   1.873
   1.914
   1.957
   2.003
   2.049
   2.094
   2.142
   2.186
   2.232
   2.278
   2.324
   2.370
   2.414
   2.445
   2.464
   2.482
   2.498
   2.529
   2.580
   2.655
   2.739
   2.833
   2.937
   3.033
   3.115
   3.183
   3.236
   3.264
   3.280
   3.287
   3.286
   3.284
   3.278
   3.264
   3.235
   3.206
   3.161
   3.109
   3.055
   3.004
   2.953
   2.905
   2.859
   2.816
   2.773
   2.738
   2.709
   2.689
   2.680
   2.683
   2.694
   2.713
   2.743
   2.772
   2.798
   2.815
   2.745
   0.000
 -65.534
 -65.534
   1.449
   1.598
   1.667
   1.716
   1.751
   1.777
   1.792
   1.810
   1.835
   1.861
   1.894
   1.928
   1.966
   2.005
   2.044
   2.084
   2.125
   2.170
   2.213
   2.258
   2.305
   2.350
   2.385
   2.415
   2.438
   2.460
   2.487
   2.535
   2.602
   2.677
   2.772
   2.875
   2.968
   3.043
   3.109
   3.160
   3.194
   3.219
   3.236
   3.244
   3.253
   3.260
   3.260
   3.244
   3.227
   3.198
   3.157
   3.111
   3.060
   3.005
   2.946
   2.886
   2.825
   2.765
   2.717
   2.684
   2.663
   2.657
   2.662
   2.677
   2.704
   2.739
   2.775
   2.805
   2.825
   2.753
   0.000
 -65.534
 -65.534
 -65.534
   1.480
   1.632
   1.689
   1.740
   1.774
   1.798
   1.819
   1.840
   1.858
   1.881
   1.908
   1.938
   1.967
   1.997
   2.027
   2.061
   2.099
   2.137
   2.178
   2.221
   2.266
   2.307
   2.344
   2.376
   2.407
   2.437
   2.480
   2.539
   2.613
   2.703
   2.789
   2.864
   2.955
   3.021
   3.069
   3.107
   3.139
   3.166
   3.183
   3.200
   3.219
   3.225
   3.224
   3.217
   3.201
   3.173
   3.135
   3.091
   3.035
   2.972
   2.904
   2.831
   2.760
   2.705
   2.672
   2.655
   2.654
   2.665
   2.687
   2.717
   2.757
   2.796
   2.833
   2.855
   2.780
   0.000
 -65.534
 -65.534
 -65.534
 -65.534
   1.547
   1.646
   1.707
   1.754
   1.787
   1.814
   1.836
   1.856
   1.876
   1.896
   1.916
   1.938
   1.958
   1.981
   2.004
   2.031
   2.058
   2.091
   2.128
   2.167
   2.207
   2.247
   2.286
   2.325
   2.364
   2.410
   2.467
   2.535
   2.612
   2.691
   2.767
   2.841
   2.897
   2.966
   3.009
   3.045
   3.077
   3.102
   3.126
   3.148
   3.161
   3.167
   3.171
   3.168
   3.151
   3.127
   3.091
   3.041
   2.978
   2.908
   2.835
   2.765
   2.711
   2.680
   2.671
   2.680
   2.700
   2.730
   2.766
   2.808
   2.850
   2.889
   2.919
   2.840
   0.000
 -65.534
 -65.534
 -65.534
 -65.534
   1.471
   1.584
   1.647
   1.701
   1.747
   1.787
   1.818
   1.842
   1.863
   1.883
   1.899
   1.914
   1.927
   1.940
   1.954
   1.969
   1.985
   2.006
   2.034
   2.066
   2.099
   2.136
   2.175
   2.215
   2.259
   2.310
   2.369
   2.434
   2.506
   2.582
   2.652
   2.717
   2.775
   2.836
   2.876
   2.928
   2.968
   2.997
   3.023
   3.047
   3.064
   3.077
   3.088
   3.093
   3.089
   3.077
   3.058
   3.020
   2.969
   2.907
   2.838
   2.776
   2.728
   2.704
   2.704
   2.722
   2.752
   2.788
   2.828
   2.872
   2.916
   2.955
   2.990
   2.912
   0.000
 -65.534
 -65.534
 -65.534
 -65.534
   1.382
   1.500
   1.570
   1.629
   1.682
   1.731
   1.775
   1.809
   1.837
   1.863
   1.880
   1.891
   1.900
   1.906
   1.914
   1.916
   1.922
   1.929
   1.943
   1.965
   1.988
   2.018
   2.051
   2.090
   2.135
   2.189
   2.247
   2.311
   2.381
   2.452
   2.517
   2.578
   2.635
   2.683
   2.726
   2.777
   2.821
   2.856
   2.884
   2.910
   2.931
   2.949
   2.963
   2.980
   2.990
   2.997
   2.997
   2.979
   2.944
   2.897
   2.841
   2.787
   2.747
   2.728
   2.735
   2.760
   2.796
   2.836
   2.879
   2.922
   2.965
   3.004
   3.035
   2.955
   0.000
 -65.534
 -65.534
 -65.534
 -65.534
   1.234
   1.343
   1.415
   1.490
   1.580
   1.636
   1.690
   1.738
   1.776
   1.810
   1.833
   1.848
   1.859
   1.864
   1.868
   1.865
   1.862
   1.859
   1.863
   1.871
   1.885
   1.903
   1.932
   1.966
   2.008
   2.058
   2.113
   2.173
   2.235
   2.297
   2.355
   2.411
   2.462
   2.507
   2.549
   2.590
   2.637
   2.672
   2.705
   2.735
   2.758
   2.778
   2.799
   2.825
   2.850
   2.874
   2.895
   2.902
   2.892
   2.864
   2.826
   2.786
   2.755
   2.740
   2.748
   2.777
   2.817
   2.862
   2.904
   2.946
   2.985
   3.021
   3.046
   2.955
   0.000
 -65.534
 -65.534
 -65.534
 -65.534
 -65.534
 -65.534
 -65.534
 -65.534
   1.375
   1.479
   1.552
   1.620
   1.675
   1.718
   1.755
   1.783
   1.801
   1.809
   1.810
   1.804
   1.796
   1.789
   1.784
   1.782
   1.789
   1.801
   1.823
   1.851
   1.887
   1.930
   1.976
   2.023
   2.073
   2.124
   2.170
   2.214
   2.258
   2.300
   2.340
   2.381
   2.425
   2.468
   2.508
   2.540
   2.569
   2.595
   2.621
   2.652
   2.688
   2.728
   2.769
   2.799
   2.815
   2.810
   2.796
   2.772
   2.751
   2.742
   2.750
   2.777
   2.817
   2.862
   2.906
   2.945
   2.981
   3.011
   3.030
   2.929
   0.000
 -65.534
 -65.534
 -65.534
 -65.534
 -65.534
 -65.534
   0.817
   1.000
   1.199
   1.309
   1.394
   1.475
   1.547
   1.606
   1.652
   1.697
   1.725
   1.735
   1.731
   1.726
   1.717
   1.711
   1.705
   1.703
   1.703
   1.711
   1.728
   1.753
   1.784
   1.818
   1.850
   1.882
   1.916
   1.947
   1.979
   2.013
   2.051
   2.088
   2.129
   2.176
   2.224
   2.273
   2.316
   2.355
   2.390
   2.419
   2.448
   2.484
   2.527
   2.576
   2.632
   2.685
   2.723
   2.744
   2.749
   2.744
   2.737
   2.732
   2.741
   2.763
   2.797
   2.838
   2.881
   2.919
   2.953
   2.986
   3.001
   2.883
   0.000
 -65.534
 -65.534
 -65.534
 -65.534
 -65.534
 -65.534
 -65.534
 -65.534
 -65.534
   1.109
   1.204
   1.280
   1.350
   1.419
   1.496
   1.578
   1.607
   1.622
   1.618
   1.618
   1.619
   1.622
   1.624
   1.629
   1.635
   1.643
   1.656
   1.676
   1.699
   1.721
   1.741
   1.759
   1.777
   1.795
   1.813
   1.834
   1.862
   1.897
   1.937
   1.987
   2.044
   2.100
   2.152
   2.196
   2.231
   2.262
   2.292
   2.330
   2.375
   2.428
   2.492
   2.557
   2.611
   2.649
   2.675
   2.689
   2.689
   2.690
   2.700
   2.721
   2.748
   2.782
   2.821
   2.854
   2.886
   2.919
   2.934
   2.806
   0.000
 -65.534
 -65.534
 -65.534
 -65.534
 -65.534
 -65.534
 -65.534
 -65.534
 -65.534
 -65.534
 -65.534
 -65.534
 -65.534
 -65.534
 -65.534
   1.325
   1.378
   1.398
   1.419
   1.473
   1.496
   1.518
   1.541
   1.560
   1.575
   1.589
   1.603
   1.619
   1.634
   1.647
   1.655
   1.659
   1.664
   1.669
   1.677
   1.691
   1.710
   1.735
   1.777
   1.828
   1.891
   1.955
   2.015
   2.067
   2.108
   2.141
   2.168
   2.203
   2.244
   2.295
   2.358
   2.427
   2.491
   2.543
   2.582
   2.608
   2.618
   2.622
   2.634
   2.652
   2.677
   2.703
   2.731
   2.759
   2.786
   2.813
   2.826
   2.693
   0.000
 -65.534
 -65.534
 -65.534
 -65.534
 -65.534
 -65.534
 -65.534
 -65.534
 -65.534
 -65.534
 -65.534
 -65.534
 -65.534
 -65.534
 -65.534
 -65.534
 -65.534
 -65.534
 -65.534
   1.254
   1.339
   1.394
   1.441
   1.482
   1.513
   1.535
   1.557
   1.571
   1.581
   1.586
   1.587
   1.583
   1.578
   1.577
   1.581
   1.589
   1.603
   1.624
   1.659
   1.709
   1.773
   1.842
   1.911
   1.973
   2.022
   2.056
   2.081
   2.109
   2.140
   2.181
   2.236
   2.301
   2.368
   2.425
   2.475
   2.507
   2.523
   2.529
   2.539
   2.559
   2.581
   2.603
   2.625
   2.646
   2.665
   2.688
   2.699
   2.563
   0.000
 -65.534
 -65.534
 -65.534
 -65.534
 -65.534
 -65.534
 -65.534
 -65.534
 -65.534
 -65.534
 -65.534
 -65.534
 -65.534
 -65.534
 -65.534
 -65.534
 -65.534
 -65.534
   0.834
   1.088
   1.172
   1.244
   1.316
   1.381
   1.430
   1.469
   1.498
   1.519
   1.529
   1.533
   1.528
   1.523
   1.517
   1.514
   1.517
   1.523
   1.536
   1.555
   1.585
   1.631
   1.692
   1.762
   1.837
   1.907
   1.959
   1.994
   2.014
   2.032
   2.054
   2.084
   2.126
   2.180
   2.242
   2.300
   2.349
   2.386
   2.403
   2.410
   2.420
   2.436
   2.456
   2.476
   2.495
   2.513
   2.530
   2.548
   2.559
   2.419
   0.000
 -65.534
 -65.534
 -65.534
 -65.534
 -65.534
 -65.534
 -65.534
 -65.534
 -65.534
 -65.534
 -65.534
 -65.534
 -65.534
 -65.534
 -65.534
 -65.534
 -65.534
   0.648
   0.815
   0.948
   1.027
   1.104
   1.183
   1.266
   1.332
   1.384
   1.424
   1.450
   1.467
   1.475
   1.475
   1.470
   1.465
   1.463
   1.466
   1.473
   1.483
   1.500
   1.529
   1.573
   1.635
   1.707
   1.787
   1.865
   1.924
   1.955
   1.967
   1.980
   1.993
   2.009
   2.035
   2.073
   2.118
   2.170
   2.221
   2.264
   2.286
   2.295
   2.303
   2.315
   2.327
   2.344
   2.364
   2.380
   2.396
   2.412
   2.419
   2.280
   0.000
 -65.534
 -65.534
 -65.534
 -65.534
 -65.534
 -65.534
 -65.534
 -65.534
 -65.534
 -65.534
 -65.534
 -65.534
 -65.534
 -65.534
 -65.534
 -65.534
 -65.534
   0.682
   0.775
   0.859
   0.927
   0.994
   1.065
   1.148
   1.225
   1.282
   1.328
   1.360
   1.383
   1.399
   1.408
   1.410
   1.410
   1.411
   1.411
   1.416
   1.426
   1.440
   1.467
   1.511
   1.574
   1.652
   1.739
   1.819
   1.881
   1.914
   1.927
   1.938
   1.947
   1.956
   1.968
   1.991
   2.025
   2.069
   2.118
   2.163
   2.192
   2.204
   2.213
   2.218
   2.222
   2.233
   2.246
   2.261
   2.276
   2.289
   2.298
   2.152
   0.000
 -65.534
 -65.534
 -65.534
 -65.534
 -65.534
 -65.534
 -65.534
 -65.534
 -65.534
 -65.534
 -65.534
 -65.534
 -65.534
 -65.534
 -65.534
 -65.534
 -65.534
   0.704
   0.753
   0.811
   0.860
   0.912
   0.970
   1.039
   1.113
   1.167
   1.213
   1.250
   1.280
   1.306
   1.326
   1.337
   1.343
   1.346
   1.346
   1.349
   1.354
   1.366
   1.392
   1.437
   1.503
   1.585
   1.672
   1.756
   1.819
   1.856
   1.875
   1.887
   1.899
   1.910
   1.920
   1.937
   1.961
   1.994
   2.038
   2.084
   2.117
   2.140
   2.151
   2.154
   2.152
   2.151
   2.154
   2.162
   2.158
   2.168
   2.166
   2.037
   0.000
 -65.534
 -65.534
 -65.534
 -65.534
 -65.534
 -65.534
 -65.534
 -65.534
 -65.534
 -65.534
 -65.534
 -65.534
 -65.534
 -65.534
 -65.534
 -65.534
 -65.534
   0.741
   0.755
   0.787
   0.822
   0.859
   0.904
   0.954
   1.008
   1.062
   1.101
   1.139
   1.175
   1.210
   1.239
   1.258
   1.269
   1.276
   1.279
   1.282
   1.288
   1.299
   1.325
   1.369
   1.434
   1.514
   1.599
   1.680
   1.747
   1.792
   1.820
   1.837
   1.850
   1.864
   1.876
   1.893
   1.912
   1.939
   1.976
   2.018
   2.056
   2.084
   2.103
   2.110
   2.108
   2.099
   2.092
   2.086
   2.073
   2.072
   2.060
   1.936
   0.000
 -65.534
 -65.534
 -65.534
 -65.534
 -65.534
 -65.534
 -65.534
 -65.534
 -65.534
 -65.534
 -65.534
 -65.534
 -65.534
 -65.534
 -65.534
 -65.534
 -65.534
 -65.534
   0.765
   0.775
   0.798
   0.826
   0.858
   0.894
   0.931
   0.969
   1.003
   1.039
   1.079
   1.120
   1.158
   1.183
   1.200
   1.212
   1.219
   1.227
   1.236
   1.246
   1.272
   1.314
   1.369
   1.442
   1.523
   1.609
   1.683
   1.734
   1.769
   1.793
   1.809
   1.820
   1.833
   1.850
   1.869
   1.891
   1.920
   1.957
   1.993
   2.024
   2.048
   2.060
   2.061
   2.054
   2.041
   2.026
   2.009
   1.991
   1.963
   1.826
   0.000
 -65.534
 -65.534
 -65.534
 -65.534
 -65.534
 -65.534
 -65.534
 -65.534
 -65.534
 -65.534
 -65.534
 -65.534
 -65.534
 -65.534
 -65.534
 -65.534
 -65.534
 -65.534
 -65.534
   0.768
   0.781
   0.806
   0.829
   0.853
   0.874
   0.898
   0.922
   0.952
   0.991
   1.035
   1.079
   1.113
   1.138
   1.156
   1.175
   1.197
   1.196
   1.204
   1.217
   1.250
   1.312
   1.373
   1.450
   1.537
   1.619
   1.681
   1.724
   1.754
   1.773
   1.781
   1.791
   1.805
   1.821
   1.839
   1.863
   1.892
   1.924
   1.954
   1.978
   1.993
   1.998
   1.996
   1.985
   1.968
   1.945
   1.917
   1.864
   1.701
   0.000
 -65.534
 -65.534
 -65.534
 -65.534
 -65.534
 -65.534
 -65.534
 -65.534
 -65.534
 -65.534
 -65.534
 -65.534
 -65.534
 -65.534
 -65.534
 -65.534
 -65.534
 -65.534
 -65.534
 -65.534
   0.767
   0.782
   0.801
   0.814
   0.832
   0.847
   0.863
   0.884
   0.913
   0.952
   0.992
   1.019
   1.030
   1.021
   0.987
   0.877
 -65.534
 -65.534
 -65.534
 -65.534
   1.161
   1.252
   1.368
   1.461
   1.552
   1.619
   1.664
   1.696
   1.717
   1.729
   1.738
   1.751
   1.764
   1.780
   1.802
   1.830
   1.858
   1.884
   1.906
   1.922
   1.932
   1.932
   1.925
   1.910
   1.882
   1.842
   1.773
   1.585
   0.000
 -65.534
 -65.534
 -65.534
 -65.534
 -65.534
 -65.534
 -65.534
 -65.534
 -65.534
 -65.534
 -65.534
 -65.534
 -65.534
 -65.534
 -65.534
 -65.534
 -65.534
 -65.534
 -65.534
 -65.534
 -65.534
 -65.534
 -65.534
 -65.534
   0.770
   0.796
   0.815
   0.833
   0.856
   0.882
   0.907
   0.918
   0.910
   0.879
   0.812
   0.693
 -65.534
 -65.534
 -65.534
 -65.534
 -65.534
 -65.534
   1.208
   1.363
   1.460
   1.528
   1.573
   1.605
   1.630
   1.649
   1.663
   1.675
   1.688
   1.705
   1.731
   1.763
   1.794
   1.822
   1.843
   1.858
   1.867
   1.868
   1.863
   1.848
   1.814
   1.764
   1.678
   1.473
   0.000
 -65.534
 -65.534
 -65.534
 -65.534
 -65.534
 -65.534
 -65.534
 -65.534
 -65.534
 -65.534
 -65.534
 -65.534
 -65.534
 -65.534
 -65.534
 -65.534
 -65.534
 -65.534
 -65.534
 -65.534
 -65.534
 -65.534
 -65.534
 -65.534
   0.715
   0.740
   0.761
   0.775
   0.791
   0.817
   0.825
   0.819
   0.796
   0.756
   0.701
   0.621
 -65.534
 -65.534
 -65.534
 -65.534
 -65.534
 -65.534
 -65.534
   1.220
   1.343
   1.381
   1.449
   1.478
   1.507
   1.538
   1.563
   1.581
   1.600
   1.624
   1.655
   1.690
   1.728
   1.757
   1.778
   1.792
   1.800
   1.803
   1.795
   1.775
   1.739
   1.679
   1.588
   1.377
   0.000
 -65.534
 -65.534
 -65.534
 -65.534
 -65.534
 -65.534
 -65.534
 -65.534
 -65.534
 -65.534
 -65.534
 -65.534
 -65.534
 -65.534
 -65.534
 -65.534
 -65.534
 -65.534
 -65.534
 -65.534
 -65.534
 -65.534
 -65.534
 -65.534
 -65.534
 -65.534
 -65.534
 -65.534
 -65.534
   0.687
   0.696
   0.693
   0.695
   0.669
   0.633
   0.575
   0.324
 -65.534
 -65.534
 -65.534
 -65.534
 -65.534
 -65.534
   0.977
   0.953
 -65.534
   1.229
   1.282
   1.334
   1.412
   1.454
   1.484
   1.509
   1.536
   1.571
   1.611
   1.650
   1.682
   1.701
   1.713
   1.720
   1.720
   1.711
   1.691
   1.654
   1.600
   1.517
   1.322
   0.000
 -65.534
 -65.534
 -65.534
 -65.534
 -65.534
 -65.534
 -65.534
 -65.534
 -65.534
 -65.534
 -65.534
 -65.534
 -65.534
 -65.534
 -65.534
 -65.534
 -65.534
 -65.534
 -65.534
 -65.534
 -65.534
 -65.534
 -65.534
 -65.534
 -65.534
 -65.534
 -65.534
 -65.534
 -65.534
 -65.534
 -65.534
 -65.534
   0.576
   0.589
   0.581
   0.538
   0.399
   0.267
 -65.534
 -65.534
 -65.534
 -65.534
 -65.534
 -65.534
 -65.534
 -65.534
 -65.534
 -65.534
 -65.534
   1.149
   1.251
   1.315
   1.392
   1.429
   1.466
   1.511
   1.554
   1.584
   1.601
   1.614
   1.622
   1.621
   1.616
   1.604
   1.583
   1.544
   1.477
   1.312
   0.000
 -65.534
 -65.534
 -65.534
 -65.534
 -65.534
 -65.534
 -65.534
 -65.534
 -65.534
 -65.534
 -65.534
 -65.534
 -65.534
 -65.534
 -65.534
 -65.534
 -65.534
 -65.534
 -65.534
 -65.534
 -65.534
 -65.534
 -65.534
 -65.534
 -65.534
 -65.534
 -65.534
 -65.534
 -65.534
 -65.534
 -65.534
 -65.534
   0.450
   0.482
   0.490
   0.464
   0.403
   0.328
   0.252
   0.203
 -65.534
 -65.534
 -65.534
 -65.534
 -65.534
 -65.534
 -65.534
 -65.534
 -65.534
 -65.534
 -65.534
 -65.534
   1.090
   1.198
   1.265
   1.373
   1.432
   1.467
   1.485
   1.498
   1.512
   1.523
   1.532
   1.534
   1.533
   1.514
   1.470
   1.335
   0.000
 -65.534
 -65.534
 -65.534
 -65.534
 -65.534
 -65.534
 -65.534
 -65.534
 -65.534
 -65.534
 -65.534
 -65.534
 -65.534
 -65.534
 -65.534
 -65.534
 -65.534
 -65.534
 -65.534
 -65.534
 -65.534
 -65.534
 -65.534
 -65.534
 -65.534
 -65.534
 -65.534
 -65.534
 -65.534
 -65.534
 -65.534
 -65.534
 -65.534
 -65.534
 -65.534
 -65.534
   0.293
   0.302
   0.280
   0.254
   0.217
   0.193
   0.187
   0.180
   0.181
 -65.534
 -65.534
 -65.534
 -65.534
 -65.534
 -65.534
 -65.534
 -65.534
 -65.534
 -65.534
   1.134
   1.266
   1.329
   1.359
   1.380
   1.407
   1.434
   1.457
   1.480
   1.497
   1.492
   1.465
   1.360
   0.000
 -65.534
 -65.534
 -65.534
 -65.534
 -65.534
 -65.534
 -65.534
 -65.534
 -65.534
 -65.534
 -65.534
 -65.534
 -65.534
 -65.534
 -65.534
 -65.534
 -65.534
 -65.534
 -65.534
 -65.534
 -65.534
 -65.534
 -65.534
 -65.534
 -65.534
 -65.534
 -65.534
 -65.534
 -65.534
 -65.534
 -65.534
 -65.534
 -65.534
 -65.534
 -65.534
 -65.534
 -65.534
 -65.534
 -65.534
 -65.534
   0.159
 -65.534
 -65.534
 -65.534
 -65.534
 -65.534
 -65.534
 -65.534
 -65.534
 -65.534
 -65.534
 -65.534
 -65.534
 -65.534
 -65.534
   0.962
   1.064
   1.129
   1.171
   1.239
   1.290
   1.341
   1.386
   1.426
   1.455
   1.466
   1.452
   1.363
   0.000
 -65.534
 -65.534
 -65.534
 -65.534
 -65.534
 -65.534
 -65.534
 -65.534
 -65.534
 -65.534
 -65.534
 -65.534
 -65.534
 -65.534
 -65.534
 -65.534
 -65.534
 -65.534
 -65.534
 -65.534
 -65.534
 -65.534
 -65.534
 -65.534
 -65.534
 -65.534
 -65.534
 -65.534
 -65.534
 -65.534
 -65.534
 -65.534
 -65.534
 -65.534
 -65.534
 -65.534
 -65.534
 -65.534
 -65.534
 -65.534
 -65.534
 -65.534
 -65.534
 -65.534
 -65.534
 -65.534
 -65.534
 -65.534
 -65.534
 -65.534
 -65.534
 -65.534
 -65.534
 -65.534
 -65.534
 -65.534
 -65.534
 -65.534
 -65.534
   0.930
   1.059
   1.152
   1.230
   1.282
   1.328
   1.357
   1.358
   1.324
   0.000
 -65.534
 -65.534
 -65.534
 -65.534
 -65.534
 -65.534
 -65.534
 -65.534
 -65.534
 -65.534
 -65.534
 -65.534
 -65.534
 -65.534
 -65.534
 -65.534
 -65.534
 -65.534
 -65.534
 -65.534
 -65.534
 -65.534
 -65.534
 -65.534
 -65.534
 -65.534
 -65.534
 -65.534
 -65.534
 -65.534
 -65.534
 -65.534
 -65.534
 -65.534
 -65.534
 -65.534
 -65.534
 -65.534
 -65.534
 -65.534
 -65.534
 -65.534
 -65.534
 -65.534
 -65.534
 -65.534
 -65.534
 -65.534
 -65.534
 -65.534
 -65.534
 -65.534
 -65.534
 -65.534
 -65.534
 -65.534
 -65.534
 -65.534
 -65.534
 -65.534
 -65.534
   0.000
   0.000
   0.000
   0.000
   0.000
   0.000
   0.000
 -65.534
