 -65.534
   0.000
   0.000
   0.000
   0.000
   0.000
   0.000
   0.000
   0.000
   0.000
   0.000
   0.000
   0.000
   0.000
   0.000
   0.000
   0.000
   0.000
   0.000
   0.000
   0.000
   0.000
   0.000
   0.000
   0.000
   0.000
   0.000
   0.000
   0.000
   0.000
   0.000
   0.000
   0.000
   0.000
   0.000
   0.000
   0.000
   0.000
   0.000
   0.000
   0.000
   0.000
   0.000
   0.000
   0.000
   0.000
   0.000
   0.000
   0.000
   0.000
   0.000
   0.000
   0.000
   0.000
   0.000
   0.000
   0.000
   0.000
   0.000
   0.000
   0.000
   0.000
   0.000
   0.000
   0.000
   0.000
   0.000
   0.000
 -65.534
   0.000
   0.566
   0.614
   0.622
   0.632
   0.640
   0.644
   0.648
   0.650
   0.650
   0.650
   0.650
   0.652
   0.656
   0.666
   0.684
   0.712
   0.746
   0.782
   0.820
   0.858
   0.896
   0.936
   0.978
   1.018
   1.058
   1.096
   1.130
   1.154
   1.170
   1.180
   1.184
   1.186
   1.196
   1.214
   1.238
   1.266
   1.296
   1.328
   1.362
   1.400
   1.440
   1.484
   1.530
   1.582
   1.632
   1.678
   1.718
   1.754
   1.788
   1.826
   1.864
   1.904
   1.944
   1.988
   2.034
   2.082
   2.126
   2.164
   2.202
   2.238
   2.274
   2.314
   2.356
   2.398
   2.436
   2.472
   2.400
   0.000
   0.000
   0.594
   0.630
   0.632
   0.638
   0.640
   0.640
   0.640
   0.640
   0.642
   0.642
   0.644
   0.646
   0.654
   0.666
   0.684
   0.712
   0.746
   0.784
   0.824
   0.866
   0.908
   0.950
   0.992
   1.034
   1.072
   1.108
   1.138
   1.160
   1.172
   1.178
   1.184
   1.192
   1.206
   1.232
   1.262
   1.298
   1.336
   1.372
   1.410
   1.452
   1.496
   1.544
   1.596
   1.648
   1.704
   1.756
   1.800
   1.842
   1.886
   1.930
   1.974
   2.016
   2.056
   2.100
   2.150
   2.204
   2.258
   2.310
   2.356
   2.398
   2.446
   2.496
   2.550
   2.606
   2.656
   2.704
   2.650
   0.000
   0.000
   0.576
   0.608
   0.608
   0.610
   0.610
   0.608
   0.608
   0.606
   0.608
   0.612
   0.618
   0.624
   0.630
   0.642
   0.660
   0.686
   0.718
   0.754
   0.790
   0.828
   0.866
   0.906
   0.944
   0.980
   1.014
   1.044
   1.070
   1.088
   1.102
   1.114
   1.128
   1.146
   1.172
   1.204
   1.242
   1.280
   1.318
   1.358
   1.396
   1.436
   1.480
   1.528
   1.578
   1.634
   1.694
   1.754
   1.804
   1.848
   1.890
   1.934
   1.982
   2.028
   2.072
   2.116
   2.158
   2.206
   2.258
   2.314
   2.370
   2.424
   2.476
   2.532
   2.592
   2.654
   2.710
   2.762
   2.710
   0.000
   0.000
   0.568
   0.594
   0.590
   0.590
   0.586
   0.582
   0.580
   0.580
   0.582
   0.588
   0.594
   0.602
   0.612
   0.624
   0.642
   0.664
   0.690
   0.722
   0.754
   0.788
   0.822
   0.854
   0.888
   0.920
   0.948
   0.974
   0.998
   1.016
   1.034
   1.054
   1.078
   1.106
   1.140
   1.178
   1.220
   1.262
   1.300
   1.338
   1.376
   1.416
   1.458
   1.504
   1.556
   1.612
   1.676
   1.742
   1.802
   1.852
   1.898
   1.944
   1.992
   2.040
   2.086
   2.132
   2.176
   2.224
   2.274
   2.332
   2.392
   2.454
   2.514
   2.574
   2.638
   2.704
   2.764
   2.818
   2.766
   0.000
   0.000
   0.558
   0.580
   0.572
   0.568
   0.562
   0.558
   0.554
   0.554
   0.558
   0.566
   0.574
   0.584
   0.594
   0.606
   0.622
   0.642
   0.666
   0.692
   0.718
   0.746
   0.774
   0.802
   0.830
   0.858
   0.884
   0.908
   0.932
   0.952
   0.976
   1.002
   1.034
   1.070
   1.108
   1.150
   1.194
   1.236
   1.274
   1.310
   1.350
   1.390
   1.434
   1.482
   1.532
   1.588
   1.654
   1.722
   1.790
   1.852
   1.904
   1.952
   2.000
   2.050
   2.100
   2.150
   2.200
   2.250
   2.302
   2.360
   2.420
   2.484
   2.550
   2.616
   2.684
   2.752
   2.816
   2.872
   2.818
   0.000
   0.000
   0.546
   0.564
   0.556
   0.550
   0.542
   0.536
   0.534
   0.534
   0.540
   0.548
   0.558
   0.570
   0.580
   0.592
   0.608
   0.626
   0.646
   0.666
   0.688
   0.710
   0.732
   0.754
   0.778
   0.802
   0.824
   0.848
   0.874
   0.898
   0.928
   0.960
   0.996
   1.034
   1.076
   1.120
   1.164
   1.208
   1.248
   1.286
   1.326
   1.368
   1.416
   1.466
   1.516
   1.574
   1.638
   1.708
   1.780
   1.848
   1.910
   1.966
   2.018
   2.070
   2.122
   2.176
   2.232
   2.286
   2.338
   2.394
   2.452
   2.516
   2.582
   2.650
   2.718
   2.790
   2.858
   2.916
   2.864
   0.000
   0.000
   0.536
   0.550
   0.540
   0.532
   0.524
   0.518
   0.516
   0.518
   0.524
   0.536
   0.550
   0.564
   0.578
   0.590
   0.602
   0.616
   0.634
   0.650
   0.666
   0.682
   0.698
   0.714
   0.732
   0.752
   0.774
   0.798
   0.826
   0.854
   0.886
   0.920
   0.958
   1.000
   1.042
   1.090
   1.138
   1.184
   1.228
   1.270
   1.312
   1.356
   1.404
   1.456
   1.512
   1.570
   1.632
   1.700
   1.772
   1.844
   1.916
   1.982
   2.044
   2.102
   2.158
   2.212
   2.268
   2.322
   2.374
   2.426
   2.478
   2.536
   2.598
   2.666
   2.736
   2.808
   2.882
   2.942
   2.894
   0.000
   0.000
   0.526
   0.540
   0.528
   0.518
   0.510
   0.504
   0.502
   0.506
   0.516
   0.534
   0.552
   0.568
   0.580
   0.592
   0.602
   0.612
   0.626
   0.638
   0.648
   0.660
   0.670
   0.682
   0.696
   0.714
   0.734
   0.758
   0.786
   0.818
   0.852
   0.890
   0.930
   0.972
   1.018
   1.068
   1.120
   1.172
   1.218
   1.262
   1.306
   1.354
   1.402
   1.454
   1.510
   1.570
   1.632
   1.702
   1.772
   1.848
   1.924
   2.000
   2.072
   2.138
   2.194
   2.248
   2.300
   2.346
   2.394
   2.440
   2.486
   2.536
   2.594
   2.656
   2.728
   2.804
   2.880
   2.944
   2.904
   0.000
   0.000
   0.518
   0.528
   0.516
   0.506
   0.498
   0.492
   0.492
   0.496
   0.510
   0.530
   0.550
   0.566
   0.576
   0.582
   0.586
   0.594
   0.602
   0.612
   0.622
   0.632
   0.640
   0.650
   0.662
   0.680
   0.700
   0.726
   0.758
   0.792
   0.828
   0.868
   0.910
   0.956
   1.006
   1.060
   1.116
   1.172
   1.222
   1.268
   1.314
   1.362
   1.412
   1.462
   1.516
   1.574
   1.638
   1.710
   1.784
   1.862
   1.940
   2.020
   2.098
   2.170
   2.228
   2.276
   2.318
   2.356
   2.394
   2.434
   2.472
   2.516
   2.568
   2.630
   2.700
   2.778
   2.858
   2.926
   2.896
   0.000
   0.000
   0.506
   0.516
   0.504
   0.492
   0.484
   0.478
   0.478
   0.484
   0.498
   0.518
   0.536
   0.548
   0.552
   0.554
   0.554
   0.556
   0.562
   0.570
   0.580
   0.590
   0.600
   0.614
   0.630
   0.652
   0.678
   0.708
   0.742
   0.778
   0.818
   0.860
   0.906
   0.954
   1.008
   1.066
   1.128
   1.184
   1.236
   1.286
   1.334
   1.382
   1.432
   1.482
   1.532
   1.590
   1.654
   1.728
   1.810
   1.890
   1.970
   2.050
   2.124
   2.192
   2.246
   2.288
   2.320
   2.348
   2.376
   2.406
   2.440
   2.482
   2.530
   2.592
   2.664
   2.746
   2.828
   2.900
   2.878
   0.000
   0.000
   0.490
   0.504
   0.490
   0.478
   0.468
   0.462
   0.460
   0.466
   0.480
   0.496
   0.510
   0.516
   0.518
   0.516
   0.514
   0.514
   0.518
   0.524
   0.536
   0.548
   0.562
   0.580
   0.606
   0.634
   0.668
   0.702
   0.738
   0.778
   0.818
   0.862
   0.912
   0.964
   1.020
   1.082
   1.146
   1.206
   1.260
   1.310
   1.358
   1.406
   1.456
   1.510
   1.562
   1.620
   1.684
   1.762
   1.844
   1.928
   2.008
   2.082
   2.148
   2.206
   2.250
   2.284
   2.306
   2.324
   2.346
   2.372
   2.402
   2.442
   2.490
   2.550
   2.624
   2.710
   2.796
   2.872
   2.862
   0.000
   0.000
   0.440
   0.486
   0.474
   0.462
   0.452
   0.444
   0.440
   0.442
   0.450
   0.460
   0.470
   0.476
   0.478
   0.476
   0.474
   0.474
   0.478
   0.486
   0.496
   0.512
   0.532
   0.558
   0.588
   0.624
   0.664
   0.702
   0.742
   0.784
   0.826
   0.874
   0.926
   0.982
   1.040
   1.102
   1.168
   1.228
   1.284
   1.338
   1.386
   1.436
   1.486
   1.542
   1.598
   1.660
   1.728
   1.804
   1.886
   1.966
   2.040
   2.104
   2.160
   2.206
   2.240
   2.266
   2.282
   2.296
   2.314
   2.338
   2.368
   2.406
   2.454
   2.516
   2.590
   2.678
   2.770
   2.850
   2.850
   0.000
 -65.534
 -65.534
   0.430
   0.466
   0.452
   0.440
   0.430
   0.424
   0.420
   0.420
   0.422
   0.428
   0.432
   0.434
   0.436
   0.438
   0.440
   0.446
   0.454
   0.468
   0.486
   0.510
   0.542
   0.578
   0.618
   0.662
   0.704
   0.748
   0.792
   0.838
   0.888
   0.944
   1.004
   1.066
   1.130
   1.194
   1.256
   1.312
   1.366
   1.420
   1.472
   1.524
   1.580
   1.640
   1.704
   1.774
   1.848
   1.924
   1.998
   2.064
   2.118
   2.158
   2.192
   2.220
   2.242
   2.260
   2.272
   2.290
   2.314
   2.346
   2.386
   2.434
   2.494
   2.570
   2.658
   2.754
   2.840
   2.850
   0.000
 -65.534
 -65.534
 -65.534
   0.424
   0.452
   0.432
   0.424
   0.414
   0.410
   0.406
   0.406
   0.406
   0.408
   0.410
   0.414
   0.416
   0.422
   0.428
   0.436
   0.450
   0.470
   0.498
   0.534
   0.574
   0.614
   0.658
   0.704
   0.750
   0.798
   0.848
   0.900
   0.956
   1.018
   1.082
   1.146
   1.212
   1.276
   1.332
   1.386
   1.440
   1.496
   1.552
   1.608
   1.672
   1.736
   1.806
   1.878
   1.948
   2.014
   2.070
   2.112
   2.142
   2.168
   2.194
   2.216
   2.240
   2.260
   2.282
   2.310
   2.342
   2.380
   2.430
   2.488
   2.562
   2.650
   2.746
   2.836
   2.856
   0.000
 -65.534
 -65.534
 -65.534
 -65.534
   0.446
   0.428
   0.418
   0.410
   0.402
   0.398
   0.396
   0.396
   0.396
   0.398
   0.400
   0.402
   0.408
   0.414
   0.424
   0.440
   0.462
   0.492
   0.528
   0.566
   0.604
   0.646
   0.690
   0.738
   0.786
   0.836
   0.890
   0.946
   1.004
   1.066
   1.126
   1.188
   1.250
   1.310
   1.366
   1.422
   1.482
   1.542
   1.604
   1.668
   1.734
   1.806
   1.876
   1.944
   2.002
   2.052
   2.088
   2.112
   2.136
   2.164
   2.194
   2.226
   2.254
   2.284
   2.316
   2.350
   2.388
   2.436
   2.494
   2.566
   2.650
   2.744
   2.832
   2.858
   0.000
 -65.534
 -65.534
 -65.534
 -65.534
   0.440
   0.422
   0.414
   0.406
   0.400
   0.394
   0.392
   0.390
   0.388
   0.388
   0.390
   0.394
   0.398
   0.406
   0.418
   0.436
   0.460
   0.486
   0.516
   0.546
   0.580
   0.618
   0.660
   0.708
   0.754
   0.804
   0.852
   0.904
   0.958
   1.012
   1.068
   1.122
   1.180
   1.240
   1.300
   1.360
   1.424
   1.490
   1.556
   1.624
   1.692
   1.766
   1.838
   1.908
   1.968
   2.014
   2.048
   2.074
   2.102
   2.134
   2.172
   2.212
   2.250
   2.286
   2.322
   2.358
   2.398
   2.444
   2.500
   2.568
   2.648
   2.736
   2.824
   2.848
   0.000
 -65.534
 -65.534
 -65.534
 -65.534
   0.424
   0.412
   0.408
   0.404
   0.398
   0.392
   0.390
   0.388
   0.386
   0.386
   0.388
   0.392
   0.398
   0.408
   0.422
   0.440
   0.458
   0.478
   0.500
   0.524
   0.554
   0.588
   0.628
   0.674
   0.722
   0.768
   0.816
   0.864
   0.912
   0.958
   1.008
   1.060
   1.114
   1.174
   1.236
   1.300
   1.366
   1.434
   1.502
   1.570
   1.638
   1.710
   1.782
   1.854
   1.916
   1.964
   2.002
   2.034
   2.068
   2.106
   2.148
   2.192
   2.236
   2.274
   2.314
   2.354
   2.396
   2.442
   2.496
   2.558
   2.634
   2.716
   2.802
   2.820
   0.000
 -65.534
 -65.534
 -65.534
 -65.534
   0.402
   0.390
   0.390
   0.394
   0.400
   0.394
   0.390
   0.390
   0.388
   0.392
   0.398
   0.404
   0.412
   0.424
   0.440
   0.456
   0.468
   0.480
   0.494
   0.514
   0.540
   0.572
   0.610
   0.654
   0.700
   0.748
   0.794
   0.840
   0.884
   0.930
   0.978
   1.028
   1.086
   1.146
   1.210
   1.274
   1.338
   1.402
   1.466
   1.530
   1.592
   1.658
   1.724
   1.788
   1.850
   1.902
   1.948
   1.990
   2.030
   2.070
   2.114
   2.160
   2.204
   2.244
   2.284
   2.324
   2.368
   2.416
   2.470
   2.534
   2.606
   2.686
   2.764
   2.774
   0.000
 -65.534
 -65.534
 -65.534
 -65.534
 -65.534
 -65.534
 -65.534
 -65.534
   0.400
   0.396
   0.394
   0.394
   0.396
   0.402
   0.412
   0.424
   0.442
   0.458
   0.478
   0.494
   0.502
   0.506
   0.514
   0.530
   0.550
   0.580
   0.616
   0.656
   0.700
   0.746
   0.790
   0.834
   0.878
   0.924
   0.974
   1.030
   1.092
   1.154
   1.218
   1.280
   1.338
   1.392
   1.448
   1.502
   1.554
   1.606
   1.662
   1.720
   1.776
   1.832
   1.886
   1.936
   1.984
   2.028
   2.074
   2.118
   2.160
   2.200
   2.238
   2.280
   2.324
   2.374
   2.430
   2.494
   2.566
   2.646
   2.722
   2.722
   0.000
 -65.534
 -65.534
 -65.534
 -65.534
 -65.534
 -65.534
   0.376
   0.388
   0.400
   0.398
   0.396
   0.398
   0.402
   0.412
   0.430
   0.454
   0.478
   0.504
   0.532
   0.554
   0.558
   0.558
   0.560
   0.570
   0.586
   0.610
   0.642
   0.678
   0.718
   0.758
   0.800
   0.842
   0.886
   0.936
   0.990
   1.050
   1.116
   1.184
   1.246
   1.304
   1.354
   1.400
   1.444
   1.484
   1.524
   1.564
   1.608
   1.656
   1.712
   1.766
   1.822
   1.878
   1.932
   1.980
   2.026
   2.070
   2.110
   2.150
   2.188
   2.228
   2.274
   2.324
   2.382
   2.446
   2.520
   2.600
   2.678
   2.674
   0.000
 -65.534
 -65.534
 -65.534
 -65.534
 -65.534
 -65.534
 -65.534
 -65.534
 -65.534
   0.406
   0.402
   0.404
   0.406
   0.416
   0.440
   0.474
   0.502
   0.538
   0.576
   0.618
   0.622
   0.618
   0.620
   0.624
   0.634
   0.650
   0.676
   0.706
   0.740
   0.774
   0.812
   0.850
   0.894
   0.948
   1.008
   1.074
   1.144
   1.216
   1.278
   1.332
   1.374
   1.412
   1.446
   1.476
   1.504
   1.532
   1.566
   1.610
   1.660
   1.714
   1.768
   1.822
   1.876
   1.926
   1.974
   2.018
   2.058
   2.096
   2.134
   2.174
   2.220
   2.270
   2.328
   2.392
   2.464
   2.544
   2.624
   2.620
   0.000
 -65.534
 -65.534
 -65.534
 -65.534
 -65.534
 -65.534
 -65.534
 -65.534
 -65.534
 -65.534
 -65.534
 -65.534
 -65.534
 -65.534
 -65.534
   0.452
   0.486
   0.518
   0.574
   0.666
   0.676
   0.672
   0.672
   0.674
   0.676
   0.686
   0.704
   0.728
   0.758
   0.788
   0.822
   0.858
   0.902
   0.956
   1.018
   1.090
   1.166
   1.240
   1.306
   1.356
   1.396
   1.426
   1.452
   1.474
   1.492
   1.512
   1.540
   1.576
   1.620
   1.670
   1.720
   1.772
   1.824
   1.876
   1.924
   1.970
   2.012
   2.048
   2.082
   2.120
   2.162
   2.212
   2.268
   2.332
   2.404
   2.482
   2.564
   2.560
   0.000
 -65.534
 -65.534
 -65.534
 -65.534
 -65.534
 -65.534
 -65.534
 -65.534
 -65.534
 -65.534
 -65.534
 -65.534
 -65.534
 -65.534
 -65.534
 -65.534
 -65.534
 -65.534
 -65.534
   0.694
   0.706
   0.704
   0.704
   0.704
   0.702
   0.708
   0.722
   0.744
   0.770
   0.798
   0.828
   0.862
   0.904
   0.958
   1.022
   1.094
   1.170
   1.246
   1.312
   1.362
   1.400
   1.428
   1.452
   1.468
   1.484
   1.500
   1.520
   1.550
   1.590
   1.634
   1.682
   1.732
   1.782
   1.834
   1.884
   1.928
   1.968
   2.002
   2.034
   2.066
   2.104
   2.150
   2.204
   2.268
   2.342
   2.422
   2.510
   2.510
   0.000
 -65.534
 -65.534
 -65.534
 -65.534
 -65.534
 -65.534
 -65.534
 -65.534
 -65.534
 -65.534
 -65.534
 -65.534
 -65.534
 -65.534
 -65.534
 -65.534
 -65.534
 -65.534
   0.640
   0.708
   0.708
   0.708
   0.708
   0.708
   0.708
   0.712
   0.726
   0.746
   0.772
   0.800
   0.830
   0.862
   0.902
   0.954
   1.016
   1.086
   1.158
   1.230
   1.294
   1.344
   1.382
   1.412
   1.434
   1.452
   1.466
   1.484
   1.506
   1.534
   1.568
   1.608
   1.654
   1.704
   1.754
   1.806
   1.852
   1.892
   1.926
   1.956
   1.982
   2.010
   2.044
   2.088
   2.144
   2.210
   2.288
   2.372
   2.466
   2.470
   0.000
 -65.534
 -65.534
 -65.534
 -65.534
 -65.534
 -65.534
 -65.534
 -65.534
 -65.534
 -65.534
 -65.534
 -65.534
 -65.534
 -65.534
 -65.534
 -65.534
 -65.534
   0.594
   0.680
   0.692
   0.690
   0.690
   0.692
   0.692
   0.694
   0.700
   0.714
   0.736
   0.762
   0.792
   0.824
   0.856
   0.896
   0.948
   1.008
   1.070
   1.134
   1.198
   1.258
   1.308
   1.344
   1.374
   1.396
   1.416
   1.436
   1.458
   1.482
   1.512
   1.546
   1.584
   1.630
   1.680
   1.734
   1.782
   1.822
   1.856
   1.882
   1.906
   1.926
   1.952
   1.986
   2.032
   2.090
   2.160
   2.242
   2.332
   2.432
   2.440
   0.000
 -65.534
 -65.534
 -65.534
 -65.534
 -65.534
 -65.534
 -65.534
 -65.534
 -65.534
 -65.534
 -65.534
 -65.534
 -65.534
 -65.534
 -65.534
 -65.534
 -65.534
   0.624
   0.664
   0.668
   0.666
   0.666
   0.666
   0.666
   0.668
   0.676
   0.692
   0.714
   0.742
   0.774
   0.808
   0.846
   0.888
   0.940
   0.996
   1.048
   1.102
   1.160
   1.214
   1.260
   1.294
   1.322
   1.346
   1.368
   1.392
   1.416
   1.446
   1.478
   1.514
   1.554
   1.602
   1.654
   1.706
   1.750
   1.786
   1.814
   1.836
   1.854
   1.874
   1.900
   1.936
   1.986
   2.048
   2.124
   2.212
   2.306
   2.410
   2.424
   0.000
 -65.534
 -65.534
 -65.534
 -65.534
 -65.534
 -65.534
 -65.534
 -65.534
 -65.534
 -65.534
 -65.534
 -65.534
 -65.534
 -65.534
 -65.534
 -65.534
 -65.534
   0.622
   0.644
   0.646
   0.644
   0.642
   0.640
   0.642
   0.646
   0.654
   0.668
   0.690
   0.720
   0.754
   0.794
   0.834
   0.880
   0.934
   0.984
   1.028
   1.072
   1.118
   1.166
   1.206
   1.238
   1.264
   1.286
   1.310
   1.338
   1.368
   1.400
   1.438
   1.478
   1.520
   1.568
   1.620
   1.670
   1.712
   1.744
   1.768
   1.788
   1.806
   1.828
   1.858
   1.900
   1.954
   2.022
   2.104
   2.196
   2.296
   2.406
   2.422
   0.000
 -65.534
 -65.534
 -65.534
 -65.534
 -65.534
 -65.534
 -65.534
 -65.534
 -65.534
 -65.534
 -65.534
 -65.534
 -65.534
 -65.534
 -65.534
 -65.534
 -65.534
   0.624
   0.634
   0.638
   0.636
   0.634
   0.634
   0.636
   0.640
   0.646
   0.658
   0.676
   0.704
   0.742
   0.784
   0.828
   0.878
   0.930
   0.978
   1.018
   1.048
   1.082
   1.116
   1.148
   1.174
   1.198
   1.220
   1.248
   1.282
   1.318
   1.356
   1.400
   1.444
   1.490
   1.538
   1.588
   1.632
   1.670
   1.700
   1.724
   1.744
   1.766
   1.792
   1.828
   1.876
   1.938
   2.010
   2.096
   2.194
   2.296
   2.408
   2.422
   0.000
 -65.534
 -65.534
 -65.534
 -65.534
 -65.534
 -65.534
 -65.534
 -65.534
 -65.534
 -65.534
 -65.534
 -65.534
 -65.534
 -65.534
 -65.534
 -65.534
 -65.534
 -65.534
   0.640
   0.640
   0.642
   0.642
   0.642
   0.644
   0.646
   0.650
   0.658
   0.672
   0.696
   0.734
   0.780
   0.826
   0.876
   0.928
   0.972
   1.006
   1.020
   1.036
   1.054
   1.074
   1.094
   1.114
   1.144
   1.180
   1.226
   1.274
   1.322
   1.370
   1.422
   1.472
   1.518
   1.564
   1.606
   1.640
   1.670
   1.694
   1.718
   1.744
   1.774
   1.816
   1.868
   1.934
   2.012
   2.100
   2.198
   2.304
   2.416
   2.424
   0.000
 -65.534
 -65.534
 -65.534
 -65.534
 -65.534
 -65.534
 -65.534
 -65.534
 -65.534
 -65.534
 -65.534
 -65.534
 -65.534
 -65.534
 -65.534
 -65.534
 -65.534
 -65.534
 -65.534
   0.654
   0.646
   0.646
   0.648
   0.650
   0.654
   0.656
   0.662
   0.672
   0.694
   0.730
   0.774
   0.820
   0.868
   0.920
   0.970
   1.016
   0.986
   0.982
   0.986
   0.990
   1.002
   1.026
   1.064
   1.114
   1.170
   1.230
   1.290
   1.344
   1.402
   1.456
   1.504
   1.548
   1.588
   1.622
   1.652
   1.682
   1.710
   1.742
   1.778
   1.824
   1.882
   1.950
   2.030
   2.118
   2.218
   2.320
   2.432
   2.426
   0.000
 -65.534
 -65.534
 -65.534
 -65.534
 -65.534
 -65.534
 -65.534
 -65.534
 -65.534
 -65.534
 -65.534
 -65.534
 -65.534
 -65.534
 -65.534
 -65.534
 -65.534
 -65.534
 -65.534
 -65.534
   0.676
   0.672
   0.672
   0.668
   0.664
   0.664
   0.668
   0.674
   0.692
   0.724
   0.760
   0.798
   0.830
   0.858
   0.862
   0.820
 -65.534
 -65.534
 -65.534
 -65.534
   0.904
   0.936
   0.988
   1.054
   1.120
   1.188
   1.254
   1.314
   1.374
   1.430
   1.480
   1.528
   1.570
   1.606
   1.642
   1.680
   1.718
   1.758
   1.802
   1.854
   1.916
   1.986
   2.066
   2.152
   2.246
   2.342
   2.442
   2.422
   0.000
 -65.534
 -65.534
 -65.534
 -65.534
 -65.534
 -65.534
 -65.534
 -65.534
 -65.534
 -65.534
 -65.534
 -65.534
 -65.534
 -65.534
 -65.534
 -65.534
 -65.534
 -65.534
 -65.534
 -65.534
 -65.534
 -65.534
 -65.534
 -65.534
   0.676
   0.672
   0.672
   0.676
   0.692
   0.722
   0.748
   0.768
   0.784
   0.788
   0.766
   0.704
 -65.534
 -65.534
 -65.534
 -65.534
 -65.534
 -65.534
   0.942
   1.014
   1.080
   1.144
   1.212
   1.272
   1.332
   1.386
   1.438
   1.490
   1.538
   1.584
   1.632
   1.682
   1.734
   1.788
   1.842
   1.902
   1.970
   2.042
   2.118
   2.200
   2.280
   2.364
   2.444
   2.406
   0.000
 -65.534
 -65.534
 -65.534
 -65.534
 -65.534
 -65.534
 -65.534
 -65.534
 -65.534
 -65.534
 -65.534
 -65.534
 -65.534
 -65.534
 -65.534
 -65.534
 -65.534
 -65.534
 -65.534
 -65.534
 -65.534
 -65.534
 -65.534
 -65.534
   0.714
   0.704
   0.702
   0.700
   0.702
   0.714
   0.726
   0.730
   0.732
   0.718
   0.688
   0.638
 -65.534
 -65.534
 -65.534
 -65.534
 -65.534
 -65.534
 -65.534
   1.000
   1.072
   1.110
   1.174
   1.226
   1.274
   1.326
   1.380
   1.436
   1.492
   1.550
   1.616
   1.688
   1.758
   1.826
   1.892
   1.960
   2.036
   2.110
   2.184
   2.254
   2.322
   2.384
   2.444
   2.376
   0.000
 -65.534
 -65.534
 -65.534
 -65.534
 -65.534
 -65.534
 -65.534
 -65.534
 -65.534
 -65.534
 -65.534
 -65.534
 -65.534
 -65.534
 -65.534
 -65.534
 -65.534
 -65.534
 -65.534
 -65.534
 -65.534
 -65.534
 -65.534
 -65.534
 -65.534
 -65.534
 -65.534
 -65.534
 -65.534
   0.716
   0.704
   0.690
   0.688
   0.664
   0.634
   0.596
   0.502
 -65.534
 -65.534
 -65.534
 -65.534
 -65.534
 -65.534
   0.912
   0.896
 -65.534
   1.070
   1.154
   1.214
   1.274
   1.324
   1.376
   1.440
   1.514
   1.600
   1.692
   1.782
   1.862
   1.938
   2.014
   2.096
   2.172
   2.242
   2.302
   2.356
   2.398
   2.436
   2.336
   0.000
 -65.534
 -65.534
 -65.534
 -65.534
 -65.534
 -65.534
 -65.534
 -65.534
 -65.534
 -65.534
 -65.534
 -65.534
 -65.534
 -65.534
 -65.534
 -65.534
 -65.534
 -65.534
 -65.534
 -65.534
 -65.534
 -65.534
 -65.534
 -65.534
 -65.534
 -65.534
 -65.534
 -65.534
 -65.534
 -65.534
 -65.534
 -65.534
   0.644
   0.618
   0.594
   0.570
   0.512
   0.478
 -65.534
 -65.534
 -65.534
 -65.534
 -65.534
 -65.534
 -65.534
 -65.534
 -65.534
 -65.534
 -65.534
   1.128
   1.254
   1.334
   1.420
   1.488
   1.572
   1.680
   1.782
   1.874
   1.958
   2.042
   2.126
   2.204
   2.270
   2.326
   2.368
   2.394
   2.414
   2.288
   0.000
 -65.534
 -65.534
 -65.534
 -65.534
 -65.534
 -65.534
 -65.534
 -65.534
 -65.534
 -65.534
 -65.534
 -65.534
 -65.534
 -65.534
 -65.534
 -65.534
 -65.534
 -65.534
 -65.534
 -65.534
 -65.534
 -65.534
 -65.534
 -65.534
 -65.534
 -65.534
 -65.534
 -65.534
 -65.534
 -65.534
 -65.534
 -65.534
   0.638
   0.608
   0.586
   0.554
   0.520
   0.480
   0.456
   0.450
 -65.534
 -65.534
 -65.534
 -65.534
 -65.534
 -65.534
 -65.534
 -65.534
 -65.534
 -65.534
 -65.534
 -65.534
   1.228
   1.410
   1.528
   1.678
   1.778
   1.868
   1.950
   2.036
   2.124
   2.202
   2.264
   2.318
   2.352
   2.370
   2.382
   2.234
   0.000
 -65.534
 -65.534
 -65.534
 -65.534
 -65.534
 -65.534
 -65.534
 -65.534
 -65.534
 -65.534
 -65.534
 -65.534
 -65.534
 -65.534
 -65.534
 -65.534
 -65.534
 -65.534
 -65.534
 -65.534
 -65.534
 -65.534
 -65.534
 -65.534
 -65.534
 -65.534
 -65.534
 -65.534
 -65.534
 -65.534
 -65.534
 -65.534
 -65.534
 -65.534
 -65.534
 -65.534
   0.432
   0.424
   0.396
   0.392
   0.428
   0.412
   0.428
   0.446
   0.470
 -65.534
 -65.534
 -65.534
 -65.534
 -65.534
 -65.534
 -65.534
 -65.534
 -65.534
 -65.534
   1.460
   1.706
   1.826
   1.918
   2.002
   2.084
   2.162
   2.224
   2.272
   2.306
   2.322
   2.336
   2.180
   0.000
 -65.534
 -65.534
 -65.534
 -65.534
 -65.534
 -65.534
 -65.534
 -65.534
 -65.534
 -65.534
 -65.534
 -65.534
 -65.534
 -65.534
 -65.534
 -65.534
 -65.534
 -65.534
 -65.534
 -65.534
 -65.534
 -65.534
 -65.534
 -65.534
 -65.534
 -65.534
 -65.534
 -65.534
 -65.534
 -65.534
 -65.534
 -65.534
 -65.534
 -65.534
 -65.534
 -65.534
 -65.534
 -65.534
 -65.534
 -65.534
   0.328
 -65.534
 -65.534
 -65.534
 -65.534
 -65.534
 -65.534
 -65.534
 -65.534
 -65.534
 -65.534
 -65.534
 -65.534
 -65.534
 -65.534
   1.262
   1.552
   1.744
   1.850
   1.976
   2.038
   2.090
   2.148
   2.200
   2.240
   2.266
   2.294
   2.140
   0.000
 -65.534
 -65.534
 -65.534
 -65.534
 -65.534
 -65.534
 -65.534
 -65.534
 -65.534
 -65.534
 -65.534
 -65.534
 -65.534
 -65.534
 -65.534
 -65.534
 -65.534
 -65.534
 -65.534
 -65.534
 -65.534
 -65.534
 -65.534
 -65.534
 -65.534
 -65.534
 -65.534
 -65.534
 -65.534
 -65.534
 -65.534
 -65.534
 -65.534
 -65.534
 -65.534
 -65.534
 -65.534
 -65.534
 -65.534
 -65.534
 -65.534
 -65.534
 -65.534
 -65.534
 -65.534
 -65.534
 -65.534
 -65.534
 -65.534
 -65.534
 -65.534
 -65.534
 -65.534
 -65.534
 -65.534
 -65.534
 -65.534
 -65.534
 -65.534
   1.508
   1.814
   1.962
   2.020
   2.066
   2.110
   2.142
   2.172
   2.004
   0.000
 -65.534
 -65.534
 -65.534
 -65.534
 -65.534
 -65.534
 -65.534
 -65.534
 -65.534
 -65.534
 -65.534
 -65.534
 -65.534
 -65.534
 -65.534
 -65.534
 -65.534
 -65.534
 -65.534
 -65.534
 -65.534
 -65.534
 -65.534
 -65.534
 -65.534
 -65.534
 -65.534
 -65.534
 -65.534
 -65.534
 -65.534
 -65.534
 -65.534
 -65.534
 -65.534
 -65.534
 -65.534
 -65.534
 -65.534
 -65.534
 -65.534
 -65.534
 -65.534
 -65.534
 -65.534
 -65.534
 -65.534
 -65.534
 -65.534
 -65.534
 -65.534
 -65.534
 -65.534
 -65.534
 -65.534
 -65.534
 -65.534
 -65.534
 -65.534
 -65.534
 -65.534
   0.000
   0.000
   0.000
   0.000
   0.000
   0.000
   0.000
 -65.534
