 -65.534
   0.000
   0.000
   0.000
   0.000
   0.000
   0.000
   0.000
   0.000
   0.000
   0.000
   0.000
   0.000
   0.000
   0.000
   0.000
   0.000
   0.000
   0.000
   0.000
   0.000
   0.000
   0.000
   0.000
   0.000
   0.000
   0.000
   0.000
   0.000
   0.000
   0.000
   0.000
   0.000
   0.000
   0.000
   0.000
   0.000
   0.000
   0.000
   0.000
   0.000
   0.000
   0.000
   0.000
   0.000
   0.000
   0.000
   0.000
   0.000
   0.000
   0.000
   0.000
   0.000
   0.000
   0.000
   0.000
   0.000
   0.000
   0.000
   0.000
   0.000
   0.000
   0.000
   0.000
   0.000
   0.000
   0.000
   0.000
 -65.534
   0.000
   0.868
   0.944
   0.976
   1.015
   1.062
   1.112
   1.165
   1.222
   1.280
   1.336
   1.390
   1.439
   1.486
   1.525
   1.558
   1.582
   1.598
   1.600
   1.584
   1.554
   1.512
   1.477
   1.411
   1.439
   1.492
   1.531
   1.547
   1.544
   1.528
   1.509
   1.491
   1.465
   1.431
   1.419
   1.388
   1.366
   1.353
   1.327
   1.320
   1.329
   1.351
   1.383
   1.409
   1.419
   1.421
   1.419
   1.411
   1.404
   1.406
   1.414
   1.428
   1.445
   1.462
   1.485
   1.500
   1.506
   1.510
   1.508
   1.509
   1.511
   1.512
   1.519
   1.528
   1.534
   1.540
   1.545
   1.482
   0.000
   0.000
   0.968
   1.037
   1.059
   1.095
   1.135
   1.188
   1.246
   1.307
   1.373
   1.435
   1.493
   1.544
   1.588
   1.620
   1.644
   1.662
   1.678
   1.685
   1.678
   1.660
   1.636
   1.614
   1.575
   1.597
   1.635
   1.664
   1.679
   1.671
   1.653
   1.628
   1.604
   1.578
   1.548
   1.524
   1.497
   1.465
   1.446
   1.427
   1.426
   1.443
   1.470
   1.516
   1.556
   1.584
   1.602
   1.613
   1.624
   1.629
   1.637
   1.647
   1.659
   1.674
   1.694
   1.713
   1.728
   1.737
   1.743
   1.744
   1.743
   1.744
   1.745
   1.748
   1.756
   1.762
   1.766
   1.769
   1.699
   0.000
   0.000
   0.977
   1.042
   1.062
   1.094
   1.129
   1.176
   1.230
   1.288
   1.352
   1.413
   1.470
   1.523
   1.566
   1.596
   1.618
   1.636
   1.652
   1.659
   1.660
   1.653
   1.646
   1.637
   1.636
   1.644
   1.673
   1.695
   1.703
   1.695
   1.679
   1.655
   1.632
   1.602
   1.575
   1.551
   1.519
   1.491
   1.466
   1.448
   1.452
   1.477
   1.519
   1.571
   1.621
   1.661
   1.686
   1.707
   1.725
   1.739
   1.747
   1.754
   1.764
   1.777
   1.792
   1.808
   1.822
   1.835
   1.842
   1.842
   1.843
   1.842
   1.841
   1.845
   1.853
   1.860
   1.860
   1.859
   1.782
   0.000
   0.000
   0.977
   1.038
   1.054
   1.081
   1.114
   1.154
   1.200
   1.253
   1.311
   1.372
   1.426
   1.477
   1.517
   1.547
   1.565
   1.582
   1.597
   1.605
   1.613
   1.619
   1.620
   1.623
   1.642
   1.656
   1.685
   1.706
   1.714
   1.707
   1.693
   1.672
   1.646
   1.618
   1.591
   1.562
   1.531
   1.502
   1.477
   1.461
   1.467
   1.500
   1.551
   1.613
   1.674
   1.724
   1.765
   1.796
   1.820
   1.838
   1.846
   1.849
   1.852
   1.860
   1.873
   1.883
   1.895
   1.908
   1.918
   1.922
   1.921
   1.918
   1.919
   1.922
   1.929
   1.935
   1.932
   1.931
   1.845
   0.000
   0.000
   0.970
   1.026
   1.044
   1.068
   1.094
   1.127
   1.166
   1.211
   1.263
   1.314
   1.365
   1.410
   1.444
   1.471
   1.487
   1.501
   1.519
   1.531
   1.547
   1.564
   1.567
   1.582
   1.606
   1.642
   1.682
   1.701
   1.712
   1.708
   1.699
   1.679
   1.651
   1.622
   1.591
   1.560
   1.528
   1.501
   1.477
   1.465
   1.472
   1.509
   1.564
   1.633
   1.705
   1.769
   1.825
   1.869
   1.903
   1.925
   1.935
   1.936
   1.936
   1.939
   1.943
   1.951
   1.960
   1.972
   1.980
   1.983
   1.985
   1.985
   1.983
   1.988
   1.991
   1.992
   1.991
   1.986
   1.895
   0.000
   0.000
   0.975
   1.024
   1.031
   1.052
   1.073
   1.100
   1.132
   1.170
   1.210
   1.255
   1.297
   1.332
   1.363
   1.382
   1.397
   1.416
   1.434
   1.453
   1.474
   1.494
   1.509
   1.540
   1.575
   1.622
   1.644
   1.666
   1.683
   1.690
   1.687
   1.672
   1.647
   1.617
   1.587
   1.554
   1.522
   1.495
   1.474
   1.467
   1.476
   1.510
   1.566
   1.637
   1.714
   1.789
   1.853
   1.907
   1.953
   1.983
   1.999
   2.002
   2.003
   2.004
   2.006
   2.007
   2.012
   2.018
   2.023
   2.028
   2.031
   2.033
   2.032
   2.033
   2.032
   2.032
   2.027
   2.018
   1.927
   0.000
   0.000
   0.965
   1.009
   1.021
   1.035
   1.053
   1.074
   1.100
   1.129
   1.162
   1.197
   1.232
   1.263
   1.289
   1.304
   1.319
   1.340
   1.359
   1.381
   1.402
   1.420
   1.443
   1.476
   1.511
   1.555
   1.582
   1.609
   1.635
   1.650
   1.655
   1.648
   1.627
   1.596
   1.562
   1.529
   1.503
   1.481
   1.467
   1.465
   1.478
   1.512
   1.565
   1.636
   1.714
   1.789
   1.853
   1.914
   1.962
   1.998
   2.021
   2.031
   2.037
   2.039
   2.040
   2.040
   2.041
   2.041
   2.042
   2.043
   2.046
   2.049
   2.046
   2.042
   2.038
   2.034
   2.027
   2.015
   1.925
   0.000
   0.000
   0.955
   1.001
   1.009
   1.025
   1.036
   1.052
   1.072
   1.095
   1.124
   1.151
   1.179
   1.203
   1.226
   1.241
   1.257
   1.275
   1.296
   1.317
   1.337
   1.359
   1.379
   1.407
   1.437
   1.475
   1.505
   1.534
   1.564
   1.587
   1.599
   1.597
   1.581
   1.554
   1.524
   1.496
   1.477
   1.463
   1.457
   1.464
   1.482
   1.517
   1.568
   1.634
   1.706
   1.778
   1.839
   1.893
   1.942
   1.980
   2.007
   2.025
   2.036
   2.045
   2.050
   2.051
   2.048
   2.043
   2.041
   2.039
   2.037
   2.035
   2.028
   2.018
   2.010
   2.001
   1.993
   1.978
   1.892
   0.000
   0.000
   0.947
   0.990
   1.003
   1.015
   1.025
   1.034
   1.048
   1.066
   1.087
   1.112
   1.135
   1.155
   1.176
   1.193
   1.208
   1.225
   1.243
   1.262
   1.283
   1.301
   1.321
   1.341
   1.368
   1.400
   1.424
   1.451
   1.483
   1.510
   1.528
   1.532
   1.521
   1.498
   1.477
   1.458
   1.448
   1.447
   1.449
   1.461
   1.485
   1.522
   1.568
   1.624
   1.690
   1.752
   1.807
   1.854
   1.897
   1.936
   1.964
   1.990
   2.008
   2.024
   2.034
   2.037
   2.034
   2.028
   2.020
   2.011
   2.007
   1.999
   1.987
   1.971
   1.957
   1.948
   1.939
   1.925
   1.842
   0.000
   0.000
   0.937
   0.980
   0.997
   1.011
   1.018
   1.021
   1.029
   1.044
   1.063
   1.083
   1.103
   1.124
   1.143
   1.159
   1.176
   1.193
   1.210
   1.224
   1.238
   1.250
   1.267
   1.286
   1.304
   1.329
   1.347
   1.372
   1.399
   1.427
   1.445
   1.453
   1.449
   1.437
   1.423
   1.417
   1.418
   1.425
   1.434
   1.452
   1.478
   1.511
   1.553
   1.599
   1.648
   1.699
   1.747
   1.791
   1.826
   1.865
   1.902
   1.936
   1.958
   1.979
   1.999
   2.007
   2.002
   1.991
   1.975
   1.962
   1.953
   1.944
   1.929
   1.913
   1.895
   1.884
   1.875
   1.864
   1.789
   0.000
   0.000
   0.922
   0.971
   0.992
   1.005
   1.011
   1.015
   1.023
   1.034
   1.051
   1.069
   1.088
   1.105
   1.126
   1.145
   1.159
   1.173
   1.182
   1.190
   1.196
   1.203
   1.215
   1.229
   1.244
   1.262
   1.278
   1.298
   1.322
   1.348
   1.370
   1.383
   1.383
   1.377
   1.374
   1.375
   1.384
   1.398
   1.415
   1.435
   1.458
   1.488
   1.520
   1.554
   1.589
   1.625
   1.667
   1.706
   1.745
   1.783
   1.824
   1.868
   1.899
   1.928
   1.950
   1.960
   1.957
   1.941
   1.922
   1.904
   1.891
   1.880
   1.866
   1.852
   1.838
   1.828
   1.822
   1.813
   1.743
   0.000
   0.000
   0.872
   0.965
   0.985
   0.996
   1.004
   1.011
   1.018
   1.029
   1.045
   1.059
   1.076
   1.095
   1.115
   1.133
   1.146
   1.154
   1.156
   1.155
   1.156
   1.159
   1.166
   1.175
   1.187
   1.203
   1.219
   1.237
   1.261
   1.286
   1.309
   1.326
   1.333
   1.331
   1.330
   1.336
   1.346
   1.364
   1.383
   1.403
   1.427
   1.452
   1.474
   1.495
   1.518
   1.545
   1.577
   1.615
   1.657
   1.701
   1.749
   1.797
   1.836
   1.870
   1.896
   1.904
   1.898
   1.885
   1.863
   1.849
   1.833
   1.819
   1.808
   1.796
   1.788
   1.784
   1.781
   1.776
   1.710
   0.000
 -65.534
 -65.534
   0.883
   0.965
   0.977
   0.990
   1.000
   1.011
   1.021
   1.033
   1.046
   1.061
   1.076
   1.090
   1.103
   1.112
   1.115
   1.113
   1.111
   1.110
   1.112
   1.115
   1.124
   1.135
   1.149
   1.167
   1.187
   1.211
   1.236
   1.263
   1.284
   1.296
   1.300
   1.298
   1.301
   1.311
   1.324
   1.340
   1.359
   1.378
   1.397
   1.413
   1.425
   1.442
   1.462
   1.485
   1.521
   1.564
   1.614
   1.669
   1.723
   1.769
   1.803
   1.826
   1.836
   1.832
   1.823
   1.808
   1.792
   1.779
   1.765
   1.755
   1.753
   1.751
   1.751
   1.751
   1.749
   1.685
   0.000
 -65.534
 -65.534
 -65.534
   0.863
   0.943
   0.964
   0.984
   0.996
   1.004
   1.013
   1.022
   1.030
   1.038
   1.045
   1.053
   1.057
   1.058
   1.056
   1.054
   1.056
   1.058
   1.063
   1.072
   1.085
   1.102
   1.124
   1.146
   1.169
   1.196
   1.226
   1.250
   1.268
   1.276
   1.274
   1.273
   1.280
   1.288
   1.298
   1.307
   1.318
   1.332
   1.342
   1.349
   1.362
   1.378
   1.397
   1.424
   1.468
   1.523
   1.583
   1.642
   1.689
   1.723
   1.747
   1.761
   1.763
   1.759
   1.749
   1.737
   1.727
   1.719
   1.709
   1.707
   1.708
   1.716
   1.723
   1.724
   1.663
   0.000
 -65.534
 -65.534
 -65.534
 -65.534
   0.876
   0.928
   0.956
   0.971
   0.980
   0.986
   0.992
   0.994
   0.994
   0.995
   0.996
   0.998
   0.996
   0.995
   0.997
   0.998
   1.003
   1.010
   1.021
   1.036
   1.055
   1.080
   1.106
   1.131
   1.160
   1.191
   1.220
   1.240
   1.248
   1.251
   1.251
   1.256
   1.263
   1.266
   1.267
   1.269
   1.272
   1.274
   1.281
   1.288
   1.298
   1.313
   1.336
   1.376
   1.429
   1.491
   1.552
   1.601
   1.637
   1.663
   1.682
   1.693
   1.696
   1.692
   1.691
   1.685
   1.676
   1.668
   1.666
   1.669
   1.680
   1.696
   1.708
   1.656
   0.000
 -65.534
 -65.534
 -65.534
 -65.534
   0.822
   0.884
   0.915
   0.930
   0.941
   0.950
   0.957
   0.959
   0.956
   0.954
   0.951
   0.946
   0.945
   0.943
   0.944
   0.944
   0.949
   0.956
   0.967
   0.981
   1.001
   1.025
   1.053
   1.082
   1.112
   1.146
   1.178
   1.201
   1.214
   1.220
   1.225
   1.233
   1.243
   1.247
   1.239
   1.236
   1.231
   1.225
   1.227
   1.231
   1.237
   1.245
   1.264
   1.296
   1.338
   1.392
   1.450
   1.503
   1.547
   1.577
   1.602
   1.617
   1.626
   1.636
   1.641
   1.643
   1.639
   1.635
   1.633
   1.638
   1.655
   1.675
   1.696
   1.654
   0.000
 -65.534
 -65.534
 -65.534
 -65.534
   0.770
   0.836
   0.868
   0.885
   0.894
   0.908
   0.920
   0.924
   0.925
   0.923
   0.917
   0.911
   0.904
   0.902
   0.900
   0.902
   0.905
   0.909
   0.915
   0.927
   0.942
   0.963
   0.991
   1.021
   1.053
   1.087
   1.122
   1.150
   1.170
   1.182
   1.193
   1.205
   1.218
   1.222
   1.214
   1.210
   1.204
   1.195
   1.188
   1.184
   1.182
   1.181
   1.195
   1.222
   1.253
   1.296
   1.348
   1.405
   1.454
   1.493
   1.517
   1.534
   1.555
   1.572
   1.585
   1.592
   1.599
   1.601
   1.605
   1.618
   1.636
   1.658
   1.682
   1.651
   0.000
 -65.534
 -65.534
 -65.534
 -65.534
   0.686
   0.741
   0.777
   0.805
   0.840
   0.853
   0.870
   0.882
   0.890
   0.892
   0.890
   0.880
   0.873
   0.871
   0.870
   0.869
   0.869
   0.868
   0.872
   0.879
   0.890
   0.907
   0.932
   0.962
   0.992
   1.023
   1.057
   1.086
   1.110
   1.131
   1.149
   1.165
   1.180
   1.189
   1.185
   1.176
   1.172
   1.163
   1.152
   1.142
   1.133
   1.123
   1.123
   1.138
   1.175
   1.211
   1.257
   1.311
   1.365
   1.402
   1.429
   1.458
   1.484
   1.505
   1.524
   1.543
   1.558
   1.570
   1.583
   1.601
   1.621
   1.649
   1.671
   1.641
   0.000
 -65.534
 -65.534
 -65.534
 -65.534
 -65.534
 -65.534
 -65.534
 -65.534
   0.723
   0.771
   0.803
   0.827
   0.847
   0.857
   0.859
   0.854
   0.853
   0.852
   0.853
   0.854
   0.851
   0.843
   0.837
   0.838
   0.851
   0.868
   0.889
   0.914
   0.940
   0.967
   0.993
   1.021
   1.044
   1.067
   1.089
   1.109
   1.128
   1.141
   1.141
   1.138
   1.131
   1.122
   1.112
   1.100
   1.084
   1.071
   1.071
   1.075
   1.093
   1.135
   1.178
   1.229
   1.280
   1.325
   1.359
   1.390
   1.419
   1.444
   1.468
   1.493
   1.520
   1.544
   1.568
   1.589
   1.611
   1.637
   1.661
   1.629
   0.000
 -65.534
 -65.534
 -65.534
 -65.534
 -65.534
 -65.534
   0.425
   0.492
   0.633
   0.693
   0.731
   0.764
   0.795
   0.815
   0.829
   0.835
   0.841
   0.846
   0.851
   0.850
   0.846
   0.834
   0.824
   0.819
   0.820
   0.835
   0.856
   0.880
   0.904
   0.928
   0.946
   0.965
   0.985
   1.006
   1.024
   1.044
   1.064
   1.077
   1.089
   1.092
   1.088
   1.078
   1.066
   1.052
   1.040
   1.029
   1.022
   1.023
   1.041
   1.079
   1.122
   1.167
   1.214
   1.261
   1.300
   1.329
   1.360
   1.388
   1.414
   1.446
   1.483
   1.520
   1.555
   1.579
   1.602
   1.626
   1.648
   1.607
   0.000
 -65.534
 -65.534
 -65.534
 -65.534
 -65.534
 -65.534
 -65.534
 -65.534
 -65.534
   0.596
   0.636
   0.676
   0.708
   0.739
   0.774
   0.809
   0.827
   0.844
   0.854
   0.857
   0.848
   0.837
   0.828
   0.822
   0.823
   0.830
   0.842
   0.860
   0.877
   0.895
   0.912
   0.927
   0.942
   0.958
   0.973
   0.987
   1.004
   1.021
   1.033
   1.040
   1.040
   1.036
   1.025
   1.012
   1.001
   0.992
   0.989
   0.991
   1.006
   1.037
   1.075
   1.114
   1.158
   1.203
   1.240
   1.276
   1.308
   1.338
   1.367
   1.401
   1.446
   1.492
   1.534
   1.561
   1.586
   1.612
   1.630
   1.575
   0.000
 -65.534
 -65.534
 -65.534
 -65.534
 -65.534
 -65.534
 -65.534
 -65.534
 -65.534
 -65.534
 -65.534
 -65.534
 -65.534
 -65.534
 -65.534
   0.670
   0.739
   0.780
   0.820
   0.856
   0.858
   0.857
   0.857
   0.859
   0.862
   0.864
   0.867
   0.868
   0.874
   0.881
   0.887
   0.895
   0.905
   0.915
   0.925
   0.938
   0.950
   0.964
   0.984
   0.995
   0.997
   0.996
   0.989
   0.978
   0.971
   0.965
   0.963
   0.971
   0.985
   1.010
   1.041
   1.074
   1.114
   1.155
   1.192
   1.228
   1.262
   1.293
   1.324
   1.362
   1.413
   1.461
   1.506
   1.537
   1.563
   1.581
   1.590
   1.525
   0.000
 -65.534
 -65.534
 -65.534
 -65.534
 -65.534
 -65.534
 -65.534
 -65.534
 -65.534
 -65.534
 -65.534
 -65.534
 -65.534
 -65.534
 -65.534
 -65.534
 -65.534
 -65.534
 -65.534
   0.781
   0.854
   0.883
   0.905
   0.922
   0.929
   0.929
   0.924
   0.919
   0.907
   0.893
   0.881
   0.875
   0.875
   0.879
   0.887
   0.894
   0.906
   0.917
   0.931
   0.948
   0.958
   0.960
   0.960
   0.957
   0.954
   0.951
   0.950
   0.958
   0.971
   0.989
   1.014
   1.043
   1.078
   1.114
   1.148
   1.178
   1.209
   1.241
   1.277
   1.322
   1.374
   1.425
   1.471
   1.505
   1.523
   1.537
   1.540
   1.464
   0.000
 -65.534
 -65.534
 -65.534
 -65.534
 -65.534
 -65.534
 -65.534
 -65.534
 -65.534
 -65.534
 -65.534
 -65.534
 -65.534
 -65.534
 -65.534
 -65.534
 -65.534
 -65.534
   0.602
   0.817
   0.880
   0.921
   0.958
   0.988
   1.002
   1.004
   0.997
   0.985
   0.966
   0.940
   0.910
   0.886
   0.869
   0.862
   0.864
   0.870
   0.880
   0.891
   0.903
   0.918
   0.930
   0.941
   0.945
   0.945
   0.940
   0.934
   0.932
   0.935
   0.950
   0.970
   0.993
   1.021
   1.053
   1.082
   1.105
   1.124
   1.153
   1.186
   1.226
   1.274
   1.326
   1.377
   1.421
   1.454
   1.477
   1.486
   1.489
   1.408
   0.000
 -65.534
 -65.534
 -65.534
 -65.534
 -65.534
 -65.534
 -65.534
 -65.534
 -65.534
 -65.534
 -65.534
 -65.534
 -65.534
 -65.534
 -65.534
 -65.534
 -65.534
   0.616
   0.779
   0.882
   0.927
   0.968
   1.011
   1.051
   1.068
   1.071
   1.066
   1.050
   1.028
   1.000
   0.966
   0.929
   0.900
   0.879
   0.870
   0.868
   0.868
   0.874
   0.882
   0.894
   0.910
   0.927
   0.942
   0.952
   0.956
   0.950
   0.940
   0.936
   0.941
   0.957
   0.978
   1.003
   1.026
   1.047
   1.064
   1.082
   1.103
   1.135
   1.177
   1.227
   1.276
   1.321
   1.363
   1.399
   1.420
   1.435
   1.440
   1.364
   0.000
 -65.534
 -65.534
 -65.534
 -65.534
 -65.534
 -65.534
 -65.534
 -65.534
 -65.534
 -65.534
 -65.534
 -65.534
 -65.534
 -65.534
 -65.534
 -65.534
 -65.534
   0.761
   0.872
   0.933
   0.969
   1.007
   1.056
   1.096
   1.113
   1.111
   1.101
   1.085
   1.062
   1.038
   1.006
   0.971
   0.939
   0.913
   0.895
   0.882
   0.876
   0.871
   0.875
   0.882
   0.899
   0.919
   0.941
   0.963
   0.977
   0.973
   0.959
   0.948
   0.947
   0.955
   0.968
   0.993
   1.017
   1.033
   1.045
   1.056
   1.072
   1.097
   1.135
   1.180
   1.226
   1.269
   1.306
   1.338
   1.363
   1.384
   1.396
   1.333
   0.000
 -65.534
 -65.534
 -65.534
 -65.534
 -65.534
 -65.534
 -65.534
 -65.534
 -65.534
 -65.534
 -65.534
 -65.534
 -65.534
 -65.534
 -65.534
 -65.534
 -65.534
   0.819
   0.909
   0.956
   0.988
   1.027
   1.075
   1.111
   1.118
   1.108
   1.092
   1.072
   1.051
   1.033
   1.013
   0.982
   0.955
   0.931
   0.908
   0.891
   0.878
   0.870
   0.871
   0.878
   0.893
   0.914
   0.939
   0.962
   0.976
   0.975
   0.961
   0.949
   0.943
   0.945
   0.956
   0.979
   1.003
   1.020
   1.037
   1.050
   1.063
   1.086
   1.116
   1.151
   1.187
   1.220
   1.253
   1.282
   1.312
   1.337
   1.358
   1.315
   0.000
 -65.534
 -65.534
 -65.534
 -65.534
 -65.534
 -65.534
 -65.534
 -65.534
 -65.534
 -65.534
 -65.534
 -65.534
 -65.534
 -65.534
 -65.534
 -65.534
 -65.534
   0.837
   0.917
   0.956
   0.988
   1.027
   1.071
   1.099
   1.097
   1.075
   1.052
   1.031
   1.016
   1.008
   0.997
   0.976
   0.955
   0.933
   0.913
   0.895
   0.882
   0.874
   0.874
   0.884
   0.901
   0.920
   0.939
   0.955
   0.962
   0.959
   0.948
   0.934
   0.927
   0.928
   0.939
   0.963
   0.990
   1.012
   1.035
   1.053
   1.071
   1.089
   1.112
   1.140
   1.164
   1.187
   1.210
   1.236
   1.264
   1.290
   1.321
   1.287
   0.000
 -65.534
 -65.534
 -65.534
 -65.534
 -65.534
 -65.534
 -65.534
 -65.534
 -65.534
 -65.534
 -65.534
 -65.534
 -65.534
 -65.534
 -65.534
 -65.534
 -65.534
 -65.534
   0.882
   0.938
   0.977
   1.016
   1.049
   1.064
   1.050
   1.022
   1.000
   0.983
   0.974
   0.979
   0.981
   0.966
   0.952
   0.933
   0.917
   0.904
   0.893
   0.889
   0.891
   0.900
   0.914
   0.929
   0.939
   0.946
   0.946
   0.940
   0.927
   0.915
   0.907
   0.911
   0.925
   0.949
   0.978
   1.004
   1.030
   1.055
   1.077
   1.096
   1.114
   1.134
   1.152
   1.169
   1.184
   1.201
   1.220
   1.242
   1.270
   1.243
   0.000
 -65.534
 -65.534
 -65.534
 -65.534
 -65.534
 -65.534
 -65.534
 -65.534
 -65.534
 -65.534
 -65.534
 -65.534
 -65.534
 -65.534
 -65.534
 -65.534
 -65.534
 -65.534
 -65.534
   0.895
   0.949
   0.988
   1.008
   1.007
   0.987
   0.961
   0.942
   0.934
   0.940
   0.954
   0.964
   0.959
   0.949
   0.934
   0.927
   0.925
   0.919
   0.914
   0.918
   0.925
   0.932
   0.931
   0.928
   0.929
   0.927
   0.920
   0.911
   0.901
   0.897
   0.904
   0.917
   0.943
   0.968
   0.994
   1.020
   1.045
   1.069
   1.090
   1.111
   1.129
   1.146
   1.160
   1.170
   1.178
   1.186
   1.194
   1.208
   1.170
   0.000
 -65.534
 -65.534
 -65.534
 -65.534
 -65.534
 -65.534
 -65.534
 -65.534
 -65.534
 -65.534
 -65.534
 -65.534
 -65.534
 -65.534
 -65.534
 -65.534
 -65.534
 -65.534
 -65.534
 -65.534
   0.900
   0.934
   0.953
   0.947
   0.934
   0.914
   0.902
   0.905
   0.919
   0.943
   0.959
   0.960
   0.947
   0.935
   0.934
   0.922
 -65.534
 -65.534
 -65.534
 -65.534
   0.733
   0.815
   0.861
   0.882
   0.898
   0.904
   0.901
   0.897
   0.897
   0.904
   0.920
   0.944
   0.969
   0.993
   1.016
   1.039
   1.060
   1.081
   1.101
   1.119
   1.134
   1.144
   1.147
   1.146
   1.146
   1.144
   1.146
   1.097
   0.000
 -65.534
 -65.534
 -65.534
 -65.534
 -65.534
 -65.534
 -65.534
 -65.534
 -65.534
 -65.534
 -65.534
 -65.534
 -65.534
 -65.534
 -65.534
 -65.534
 -65.534
 -65.534
 -65.534
 -65.534
 -65.534
 -65.534
 -65.534
 -65.534
   0.866
   0.883
   0.892
   0.903
   0.927
   0.953
   0.969
   0.970
   0.960
   0.956
   0.954
   0.927
 -65.534
 -65.534
 -65.534
 -65.534
 -65.534
 -65.534
   0.730
   0.821
   0.875
   0.899
   0.904
   0.908
   0.914
   0.925
   0.944
   0.960
   0.980
   0.997
   1.016
   1.034
   1.055
   1.070
   1.086
   1.097
   1.104
   1.108
   1.104
   1.095
   1.085
   1.076
   1.069
   1.019
   0.000
 -65.534
 -65.534
 -65.534
 -65.534
 -65.534
 -65.534
 -65.534
 -65.534
 -65.534
 -65.534
 -65.534
 -65.534
 -65.534
 -65.534
 -65.534
 -65.534
 -65.534
 -65.534
 -65.534
 -65.534
 -65.534
 -65.534
 -65.534
 -65.534
   0.819
   0.848
   0.867
   0.892
   0.926
   0.960
   0.973
   0.974
   0.968
   0.968
   0.966
   0.928
 -65.534
 -65.534
 -65.534
 -65.534
 -65.534
 -65.534
 -65.534
   0.753
   0.853
   0.897
   0.920
   0.934
   0.945
   0.952
   0.966
   0.979
   0.993
   1.006
   1.020
   1.032
   1.044
   1.052
   1.060
   1.063
   1.061
   1.057
   1.045
   1.029
   1.010
   0.990
   0.979
   0.926
   0.000
 -65.534
 -65.534
 -65.534
 -65.534
 -65.534
 -65.534
 -65.534
 -65.534
 -65.534
 -65.534
 -65.534
 -65.534
 -65.534
 -65.534
 -65.534
 -65.534
 -65.534
 -65.534
 -65.534
 -65.534
 -65.534
 -65.534
 -65.534
 -65.534
 -65.534
 -65.534
 -65.534
 -65.534
 -65.534
   0.870
   0.924
   0.940
   0.962
   0.970
   0.962
   0.910
   0.522
 -65.534
 -65.534
 -65.534
 -65.534
 -65.534
 -65.534
   0.702
   0.840
 -65.534
   0.802
   0.894
   0.933
   0.976
   0.999
   1.010
   1.014
   1.020
   1.025
   1.028
   1.030
   1.029
   1.027
   1.020
   1.011
   0.995
   0.972
   0.946
   0.916
   0.890
   0.872
   0.823
   0.000
 -65.534
 -65.534
 -65.534
 -65.534
 -65.534
 -65.534
 -65.534
 -65.534
 -65.534
 -65.534
 -65.534
 -65.534
 -65.534
 -65.534
 -65.534
 -65.534
 -65.534
 -65.534
 -65.534
 -65.534
 -65.534
 -65.534
 -65.534
 -65.534
 -65.534
 -65.534
 -65.534
 -65.534
 -65.534
 -65.534
 -65.534
 -65.534
   0.869
   0.936
   0.938
   0.881
   0.671
   0.416
 -65.534
 -65.534
 -65.534
 -65.534
 -65.534
 -65.534
 -65.534
 -65.534
 -65.534
 -65.534
 -65.534
   0.781
   0.912
   0.965
   1.012
   1.022
   1.018
   1.004
   0.994
   0.985
   0.975
   0.961
   0.946
   0.920
   0.891
   0.855
   0.823
   0.792
   0.770
   0.721
   0.000
 -65.534
 -65.534
 -65.534
 -65.534
 -65.534
 -65.534
 -65.534
 -65.534
 -65.534
 -65.534
 -65.534
 -65.534
 -65.534
 -65.534
 -65.534
 -65.534
 -65.534
 -65.534
 -65.534
 -65.534
 -65.534
 -65.534
 -65.534
 -65.534
 -65.534
 -65.534
 -65.534
 -65.534
 -65.534
 -65.534
 -65.534
 -65.534
   0.778
   0.848
   0.858
   0.808
   0.690
   0.534
   0.373
   0.268
 -65.534
 -65.534
 -65.534
 -65.534
 -65.534
 -65.534
 -65.534
 -65.534
 -65.534
 -65.534
 -65.534
 -65.534
   0.754
   0.879
   0.907
   0.929
   0.927
   0.913
   0.901
   0.887
   0.870
   0.844
   0.810
   0.772
   0.737
   0.708
   0.683
   0.632
   0.000
 -65.534
 -65.534
 -65.534
 -65.534
 -65.534
 -65.534
 -65.534
 -65.534
 -65.534
 -65.534
 -65.534
 -65.534
 -65.534
 -65.534
 -65.534
 -65.534
 -65.534
 -65.534
 -65.534
 -65.534
 -65.534
 -65.534
 -65.534
 -65.534
 -65.534
 -65.534
 -65.534
 -65.534
 -65.534
 -65.534
 -65.534
 -65.534
 -65.534
 -65.534
 -65.534
 -65.534
   0.530
   0.500
   0.426
   0.351
   0.269
   0.223
   0.197
   0.189
   0.187
 -65.534
 -65.534
 -65.534
 -65.534
 -65.534
 -65.534
 -65.534
 -65.534
 -65.534
 -65.534
   0.653
   0.779
   0.814
   0.821
   0.813
   0.799
   0.774
   0.742
   0.705
   0.673
   0.640
   0.614
   0.560
   0.000
 -65.534
 -65.534
 -65.534
 -65.534
 -65.534
 -65.534
 -65.534
 -65.534
 -65.534
 -65.534
 -65.534
 -65.534
 -65.534
 -65.534
 -65.534
 -65.534
 -65.534
 -65.534
 -65.534
 -65.534
 -65.534
 -65.534
 -65.534
 -65.534
 -65.534
 -65.534
 -65.534
 -65.534
 -65.534
 -65.534
 -65.534
 -65.534
 -65.534
 -65.534
 -65.534
 -65.534
 -65.534
 -65.534
 -65.534
 -65.534
   0.224
 -65.534
 -65.534
 -65.534
 -65.534
 -65.534
 -65.534
 -65.534
 -65.534
 -65.534
 -65.534
 -65.534
 -65.534
 -65.534
 -65.534
   0.486
   0.619
   0.685
   0.713
   0.730
   0.727
   0.701
   0.670
   0.640
   0.611
   0.586
   0.559
   0.500
   0.000
 -65.534
 -65.534
 -65.534
 -65.534
 -65.534
 -65.534
 -65.534
 -65.534
 -65.534
 -65.534
 -65.534
 -65.534
 -65.534
 -65.534
 -65.534
 -65.534
 -65.534
 -65.534
 -65.534
 -65.534
 -65.534
 -65.534
 -65.534
 -65.534
 -65.534
 -65.534
 -65.534
 -65.534
 -65.534
 -65.534
 -65.534
 -65.534
 -65.534
 -65.534
 -65.534
 -65.534
 -65.534
 -65.534
 -65.534
 -65.534
 -65.534
 -65.534
 -65.534
 -65.534
 -65.534
 -65.534
 -65.534
 -65.534
 -65.534
 -65.534
 -65.534
 -65.534
 -65.534
 -65.534
 -65.534
 -65.534
 -65.534
 -65.534
 -65.534
   0.526
   0.595
   0.605
   0.587
   0.567
   0.553
   0.535
   0.516
   0.454
   0.000
 -65.534
 -65.534
 -65.534
 -65.534
 -65.534
 -65.534
 -65.534
 -65.534
 -65.534
 -65.534
 -65.534
 -65.534
 -65.534
 -65.534
 -65.534
 -65.534
 -65.534
 -65.534
 -65.534
 -65.534
 -65.534
 -65.534
 -65.534
 -65.534
 -65.534
 -65.534
 -65.534
 -65.534
 -65.534
 -65.534
 -65.534
 -65.534
 -65.534
 -65.534
 -65.534
 -65.534
 -65.534
 -65.534
 -65.534
 -65.534
 -65.534
 -65.534
 -65.534
 -65.534
 -65.534
 -65.534
 -65.534
 -65.534
 -65.534
 -65.534
 -65.534
 -65.534
 -65.534
 -65.534
 -65.534
 -65.534
 -65.534
 -65.534
 -65.534
 -65.534
 -65.534
   0.000
   0.000
   0.000
   0.000
   0.000
   0.000
   0.000
 -65.534
