 -65.534
   0.000
   0.000
   0.000
   0.000
   0.000
   0.000
   0.000
   0.000
   0.000
   0.000
   0.000
   0.000
   0.000
   0.000
   0.000
   0.000
   0.000
   0.000
   0.000
   0.000
   0.000
   0.000
   0.000
   0.000
   0.000
   0.000
   0.000
   0.000
   0.000
   0.000
   0.000
   0.000
   0.000
   0.000
   0.000
   0.000
   0.000
   0.000
   0.000
   0.000
   0.000
   0.000
   0.000
   0.000
   0.000
   0.000
   0.000
   0.000
   0.000
   0.000
   0.000
   0.000
   0.000
   0.000
   0.000
   0.000
   0.000
   0.000
   0.000
   0.000
   0.000
   0.000
   0.000
   0.000
   0.000
   0.000
   0.000
 -65.534
   0.000
   1.605
   1.818
   1.908
   1.995
   2.066
   2.125
   2.177
   2.235
   2.293
   2.360
   2.434
   2.509
   2.586
   2.649
   2.712
   2.767
   2.824
   2.875
   2.913
   2.940
   2.948
   2.962
   2.961
   3.010
   3.072
   3.127
   3.165
   3.173
   3.168
   3.162
   3.175
   3.181
   3.178
   3.198
   3.185
   3.186
   3.176
   3.146
   3.107
   3.071
   3.050
   3.035
   3.001
   2.975
   2.955
   2.938
   2.912
   2.913
   2.942
   2.993
   3.060
   3.168
   3.285
   3.452
   3.634
   3.820
   4.014
   4.203
   4.373
   4.517
   4.615
   4.671
   4.676
   4.620
   4.516
   4.422
   4.089
   0.000
   0.000
   1.721
   1.913
   1.989
   2.067
   2.130
   2.184
   2.235
   2.290
   2.356
   2.429
   2.505
   2.583
   2.662
   2.734
   2.802
   2.870
   2.944
   3.019
   3.088
   3.150
   3.200
   3.258
   3.308
   3.377
   3.436
   3.481
   3.511
   3.524
   3.527
   3.537
   3.553
   3.577
   3.596
   3.612
   3.617
   3.609
   3.604
   3.570
   3.526
   3.497
   3.471
   3.440
   3.400
   3.364
   3.349
   3.341
   3.324
   3.320
   3.341
   3.384
   3.469
   3.600
   3.755
   3.934
   4.130
   4.347
   4.573
   4.809
   5.047
   5.264
   5.440
   5.573
   5.650
   5.665
   5.596
   5.507
   5.100
   0.000
   0.000
   1.704
   1.878
   1.941
   2.005
   2.061
   2.111
   2.167
   2.223
   2.293
   2.373
   2.458
   2.549
   2.632
   2.707
   2.784
   2.859
   2.942
   3.029
   3.121
   3.205
   3.290
   3.385
   3.478
   3.541
   3.594
   3.630
   3.653
   3.657
   3.662
   3.682
   3.712
   3.751
   3.806
   3.843
   3.856
   3.856
   3.833
   3.795
   3.740
   3.692
   3.635
   3.584
   3.529
   3.486
   3.474
   3.486
   3.491
   3.494
   3.512
   3.553
   3.640
   3.770
   3.935
   4.136
   4.347
   4.574
   4.817
   5.073
   5.336
   5.577
   5.799
   5.979
   6.122
   6.180
   6.160
   6.104
   5.683
   0.000
   0.000
   1.682
   1.835
   1.881
   1.931
   1.977
   2.022
   2.075
   2.134
   2.210
   2.299
   2.389
   2.484
   2.577
   2.660
   2.741
   2.823
   2.911
   3.014
   3.122
   3.228
   3.335
   3.454
   3.572
   3.649
   3.698
   3.729
   3.731
   3.714
   3.717
   3.743
   3.783
   3.838
   3.914
   3.984
   4.019
   4.033
   4.026
   3.974
   3.920
   3.861
   3.791
   3.719
   3.655
   3.604
   3.590
   3.603
   3.620
   3.635
   3.646
   3.687
   3.779
   3.913
   4.086
   4.292
   4.532
   4.764
   5.003
   5.269
   5.553
   5.833
   6.086
   6.322
   6.495
   6.618
   6.645
   6.635
   6.226
   0.000
   0.000
   1.650
   1.787
   1.821
   1.863
   1.900
   1.938
   1.988
   2.049
   2.128
   2.218
   2.314
   2.408
   2.499
   2.589
   2.674
   2.762
   2.860
   2.970
   3.089
   3.207
   3.323
   3.462
   3.585
   3.683
   3.738
   3.749
   3.724
   3.684
   3.676
   3.704
   3.752
   3.830
   3.933
   4.027
   4.084
   4.113
   4.123
   4.089
   4.041
   3.986
   3.922
   3.852
   3.784
   3.727
   3.698
   3.693
   3.711
   3.722
   3.729
   3.761
   3.860
   3.998
   4.179
   4.391
   4.632
   4.881
   5.144
   5.430
   5.725
   6.035
   6.345
   6.614
   6.844
   7.014
   7.080
   7.124
   6.743
   0.000
   0.000
   1.606
   1.737
   1.768
   1.805
   1.837
   1.870
   1.919
   1.982
   2.057
   2.143
   2.235
   2.328
   2.420
   2.504
   2.591
   2.685
   2.780
   2.893
   3.016
   3.143
   3.276
   3.423
   3.557
   3.648
   3.677
   3.669
   3.625
   3.565
   3.543
   3.579
   3.638
   3.736
   3.849
   3.967
   4.051
   4.115
   4.132
   4.127
   4.107
   4.079
   4.039
   3.981
   3.908
   3.838
   3.800
   3.774
   3.763
   3.758
   3.750
   3.772
   3.857
   3.995
   4.179
   4.409
   4.659
   4.934
   5.214
   5.506
   5.828
   6.180
   6.526
   6.847
   7.106
   7.324
   7.455
   7.545
   7.198
   0.000
   0.000
   1.549
   1.678
   1.716
   1.754
   1.782
   1.817
   1.860
   1.918
   1.992
   2.077
   2.163
   2.251
   2.335
   2.421
   2.504
   2.593
   2.690
   2.798
   2.917
   3.042
   3.168
   3.307
   3.430
   3.499
   3.511
   3.487
   3.425
   3.357
   3.333
   3.381
   3.456
   3.568
   3.692
   3.831
   3.928
   4.007
   4.063
   4.094
   4.111
   4.118
   4.107
   4.072
   4.018
   3.946
   3.869
   3.818
   3.775
   3.728
   3.702
   3.712
   3.786
   3.916
   4.095
   4.326
   4.592
   4.882
   5.187
   5.514
   5.866
   6.227
   6.622
   6.993
   7.319
   7.580
   7.752
   7.879
   7.596
   0.000
   0.000
   1.458
   1.598
   1.648
   1.694
   1.729
   1.763
   1.801
   1.858
   1.929
   2.010
   2.092
   2.172
   2.255
   2.331
   2.411
   2.493
   2.588
   2.689
   2.799
   2.914
   3.027
   3.141
   3.247
   3.296
   3.279
   3.239
   3.175
   3.103
   3.087
   3.152
   3.246
   3.365
   3.510
   3.649
   3.759
   3.854
   3.922
   3.984
   4.049
   4.106
   4.132
   4.121
   4.082
   4.019
   3.927
   3.841
   3.756
   3.685
   3.631
   3.623
   3.675
   3.796
   3.962
   4.182
   4.441
   4.743
   5.063
   5.387
   5.787
   6.190
   6.628
   7.049
   7.424
   7.743
   7.966
   8.141
   7.890
   0.000
   0.000
   1.331
   1.482
   1.548
   1.610
   1.651
   1.691
   1.736
   1.794
   1.863
   1.940
   2.018
   2.095
   2.169
   2.243
   2.316
   2.394
   2.480
   2.573
   2.672
   2.775
   2.873
   2.964
   3.043
   3.066
   3.034
   2.982
   2.910
   2.854
   2.867
   2.945
   3.055
   3.185
   3.345
   3.483
   3.596
   3.694
   3.775
   3.847
   3.944
   4.048
   4.114
   4.136
   4.108
   4.048
   3.955
   3.841
   3.738
   3.648
   3.574
   3.511
   3.566
   3.662
   3.796
   3.992
   4.238
   4.541
   4.873
   5.236
   5.636
   6.091
   6.566
   7.030
   7.460
   7.824
   8.103
   8.333
   8.128
   0.000
   0.000
   1.195
   1.350
   1.426
   1.501
   1.556
   1.602
   1.653
   1.716
   1.786
   1.864
   1.941
   2.013
   2.085
   2.154
   2.224
   2.297
   2.375
   2.457
   2.543
   2.624
   2.702
   2.779
   2.838
   2.842
   2.806
   2.746
   2.683
   2.663
   2.699
   2.792
   2.907
   3.045
   3.212
   3.361
   3.469
   3.561
   3.639
   3.713
   3.820
   3.954
   4.057
   4.104
   4.099
   4.037
   3.931
   3.815
   3.705
   3.603
   3.486
   3.386
   3.466
   3.517
   3.606
   3.747
   4.017
   4.332
   4.668
   5.039
   5.463
   5.951
   6.474
   6.974
   7.448
   7.866
   8.197
   8.472
   8.319
   0.000
   0.000
   1.075
   1.217
   1.300
   1.378
   1.442
   1.501
   1.560
   1.620
   1.695
   1.775
   1.855
   1.929
   1.999
   2.071
   2.140
   2.207
   2.276
   2.346
   2.413
   2.479
   2.537
   2.597
   2.649
   2.655
   2.630
   2.593
   2.554
   2.554
   2.606
   2.701
   2.822
   2.969
   3.136
   3.296
   3.409
   3.477
   3.540
   3.601
   3.700
   3.835
   3.964
   4.036
   4.034
   3.976
   3.874
   3.749
   3.626
   3.523
   3.387
   3.285
   3.325
   3.347
   3.423
   3.556
   3.774
   4.075
   4.442
   4.831
   5.291
   5.820
   6.375
   6.921
   7.429
   7.890
   8.267
   8.569
   8.467
   0.000
   0.000
   0.956
   1.112
   1.186
   1.258
   1.323
   1.386
   1.450
   1.515
   1.590
   1.671
   1.751
   1.832
   1.911
   1.983
   2.052
   2.117
   2.182
   2.236
   2.291
   2.339
   2.384
   2.437
   2.491
   2.512
   2.514
   2.512
   2.500
   2.511
   2.560
   2.667
   2.787
   2.935
   3.105
   3.260
   3.373
   3.437
   3.470
   3.511
   3.588
   3.718
   3.856
   3.949
   3.950
   3.884
   3.775
   3.644
   3.498
   3.378
   3.263
   3.195
   3.222
   3.254
   3.300
   3.410
   3.588
   3.843
   4.217
   4.641
   5.142
   5.713
   6.306
   6.887
   7.436
   7.938
   8.344
   8.660
   8.542
   0.000
 -65.534
 -65.534
   0.964
   1.082
   1.139
   1.206
   1.269
   1.334
   1.403
   1.475
   1.554
   1.633
   1.714
   1.795
   1.876
   1.952
   2.016
   2.075
   2.122
   2.166
   2.199
   2.236
   2.288
   2.347
   2.389
   2.427
   2.459
   2.481
   2.503
   2.561
   2.657
   2.765
   2.920
   3.088
   3.228
   3.319
   3.376
   3.401
   3.429
   3.499
   3.614
   3.756
   3.860
   3.861
   3.797
   3.673
   3.514
   3.362
   3.227
   3.131
   3.082
   3.077
   3.126
   3.160
   3.278
   3.441
   3.676
   4.031
   4.491
   5.042
   5.650
   6.281
   6.905
   7.497
   8.022
   8.425
   8.763
   8.635
   0.000
 -65.534
 -65.534
 -65.534
   0.924
   1.024
   1.087
   1.154
   1.221
   1.283
   1.348
   1.422
   1.498
   1.575
   1.655
   1.740
   1.823
   1.893
   1.952
   1.996
   2.033
   2.062
   2.095
   2.146
   2.213
   2.279
   2.347
   2.413
   2.466
   2.507
   2.560
   2.643
   2.751
   2.890
   3.013
   3.098
   3.233
   3.288
   3.303
   3.339
   3.414
   3.522
   3.665
   3.761
   3.763
   3.693
   3.553
   3.369
   3.199
   3.069
   2.977
   2.950
   2.936
   2.984
   3.024
   3.123
   3.312
   3.604
   3.950
   4.420
   5.001
   5.641
   6.298
   6.943
   7.555
   8.089
   8.496
   8.833
   8.716
   0.000
 -65.534
 -65.534
 -65.534
 -65.534
   0.880
   0.971
   1.037
   1.095
   1.153
   1.214
   1.278
   1.346
   1.422
   1.503
   1.591
   1.672
   1.747
   1.804
   1.847
   1.877
   1.901
   1.936
   1.990
   2.065
   2.151
   2.243
   2.339
   2.419
   2.475
   2.531
   2.602
   2.690
   2.794
   2.885
   2.962
   3.048
   3.074
   3.162
   3.216
   3.298
   3.427
   3.565
   3.641
   3.645
   3.577
   3.442
   3.239
   3.050
   2.912
   2.824
   2.811
   2.801
   2.811
   2.899
   3.029
   3.236
   3.540
   3.929
   4.424
   5.015
   5.674
   6.349
   7.006
   7.621
   8.149
   8.559
   8.874
   8.740
   0.000
 -65.534
 -65.534
 -65.534
 -65.534
   0.779
   0.859
   0.920
   0.971
   1.018
   1.071
   1.129
   1.194
   1.268
   1.349
   1.434
   1.515
   1.585
   1.637
   1.670
   1.697
   1.719
   1.751
   1.801
   1.877
   1.973
   2.082
   2.191
   2.289
   2.364
   2.432
   2.498
   2.564
   2.638
   2.708
   2.765
   2.813
   2.850
   2.916
   2.950
   3.061
   3.213
   3.362
   3.442
   3.448
   3.387
   3.296
   3.128
   2.954
   2.823
   2.752
   2.714
   2.698
   2.753
   2.848
   3.030
   3.274
   3.612
   4.019
   4.504
   5.084
   5.736
   6.399
   7.055
   7.652
   8.151
   8.550
   8.843
   8.693
   0.000
 -65.534
 -65.534
 -65.534
 -65.534
   0.704
   0.769
   0.817
   0.859
   0.895
   0.945
   0.996
   1.054
   1.121
   1.200
   1.282
   1.354
   1.412
   1.456
   1.486
   1.503
   1.516
   1.539
   1.579
   1.647
   1.734
   1.840
   1.960
   2.069
   2.162
   2.242
   2.310
   2.360
   2.412
   2.457
   2.501
   2.538
   2.575
   2.610
   2.638
   2.708
   2.812
   2.923
   3.083
   3.124
   3.111
   3.069
   2.959
   2.829
   2.745
   2.687
   2.659
   2.676
   2.769
   2.912
   3.125
   3.397
   3.722
   4.132
   4.621
   5.185
   5.800
   6.447
   7.064
   7.624
   8.109
   8.486
   8.756
   8.602
   0.000
 -65.534
 -65.534
 -65.534
 -65.534
   0.647
   0.688
   0.731
   0.764
   0.806
   0.843
   0.890
   0.942
   0.997
   1.066
   1.136
   1.200
   1.250
   1.287
   1.309
   1.316
   1.317
   1.325
   1.349
   1.397
   1.469
   1.561
   1.668
   1.775
   1.874
   1.964
   2.036
   2.083
   2.124
   2.158
   2.189
   2.214
   2.243
   2.269
   2.293
   2.322
   2.364
   2.443
   2.558
   2.631
   2.695
   2.749
   2.735
   2.673
   2.624
   2.592
   2.596
   2.661
   2.796
   2.981
   3.181
   3.439
   3.779
   4.201
   4.709
   5.286
   5.887
   6.485
   7.038
   7.544
   8.019
   8.385
   8.670
   8.418
   0.000
 -65.534
 -65.534
 -65.534
 -65.534
 -65.534
 -65.534
 -65.534
 -65.534
   0.713
   0.767
   0.807
   0.847
   0.895
   0.954
   1.015
   1.068
   1.112
   1.144
   1.162
   1.165
   1.156
   1.147
   1.148
   1.171
   1.218
   1.289
   1.374
   1.464
   1.555
   1.640
   1.707
   1.758
   1.792
   1.818
   1.835
   1.867
   1.893
   1.909
   1.926
   1.949
   1.985
   2.049
   2.107
   2.195
   2.320
   2.404
   2.417
   2.437
   2.488
   2.505
   2.556
   2.654
   2.803
   2.987
   3.214
   3.478
   3.808
   4.235
   4.782
   5.371
   5.954
   6.497
   6.974
   7.446
   7.890
   8.240
   8.487
   8.178
   0.000
 -65.534
 -65.534
 -65.534
 -65.534
 -65.534
 -65.534
   0.384
   0.499
   0.681
   0.722
   0.758
   0.793
   0.832
   0.879
   0.927
   0.975
   1.017
   1.051
   1.067
   1.070
   1.055
   1.032
   1.012
   1.005
   1.021
   1.067
   1.128
   1.200
   1.276
   1.348
   1.406
   1.447
   1.475
   1.493
   1.505
   1.522
   1.550
   1.580
   1.602
   1.629
   1.670
   1.733
   1.810
   1.905
   2.019
   2.095
   2.174
   2.287
   2.352
   2.394
   2.493
   2.627
   2.814
   3.031
   3.282
   3.545
   3.847
   4.291
   4.876
   5.452
   5.987
   6.452
   6.862
   7.298
   7.733
   8.051
   8.242
   7.892
   0.000
 -65.534
 -65.534
 -65.534
 -65.534
 -65.534
 -65.534
 -65.534
 -65.534
 -65.534
   0.683
   0.721
   0.759
   0.795
   0.832
   0.868
   0.922
   0.968
   1.010
   1.036
   1.039
   1.019
   0.984
   0.952
   0.930
   0.925
   0.940
   0.973
   1.023
   1.078
   1.135
   1.179
   1.213
   1.237
   1.251
   1.259
   1.276
   1.302
   1.328
   1.360
   1.406
   1.470
   1.540
   1.617
   1.709
   1.812
   1.914
   2.020
   2.154
   2.272
   2.400
   2.564
   2.773
   2.992
   3.243
   3.511
   3.779
   4.042
   4.497
   5.062
   5.544
   5.994
   6.376
   6.758
   7.163
   7.542
   7.803
   7.939
   7.472
   0.000
 -65.534
 -65.534
 -65.534
 -65.534
 -65.534
 -65.534
 -65.534
 -65.534
 -65.534
 -65.534
 -65.534
 -65.534
 -65.534
 -65.534
 -65.534
   0.877
   0.960
   1.006
   1.028
   1.037
   1.034
   1.006
   0.971
   0.938
   0.918
   0.918
   0.933
   0.957
   0.994
   1.031
   1.066
   1.092
   1.111
   1.124
   1.138
   1.150
   1.175
   1.208
   1.262
   1.320
   1.388
   1.463
   1.540
   1.629
   1.731
   1.837
   1.965
   2.127
   2.299
   2.473
   2.670
   2.906
   3.176
   3.472
   3.807
   4.136
   4.439
   4.818
   5.193
   5.623
   6.033
   6.374
   6.715
   7.044
   7.308
   7.483
   7.519
   7.014
   0.000
 -65.534
 -65.534
 -65.534
 -65.534
 -65.534
 -65.534
 -65.534
 -65.534
 -65.534
 -65.534
 -65.534
 -65.534
 -65.534
 -65.534
 -65.534
 -65.534
 -65.534
 -65.534
 -65.534
   1.024
   1.071
   1.072
   1.056
   1.031
   1.007
   0.990
   0.994
   1.005
   1.026
   1.041
   1.064
   1.085
   1.105
   1.121
   1.141
   1.160
   1.188
   1.227
   1.282
   1.355
   1.437
   1.518
   1.594
   1.681
   1.778
   1.893
   2.031
   2.206
   2.418
   2.622
   2.844
   3.100
   3.400
   3.737
   4.111
   4.507
   4.862
   5.186
   5.494
   5.783
   6.004
   6.219
   6.363
   6.472
   6.432
   6.694
   6.972
   6.535
   0.000
 -65.534
 -65.534
 -65.534
 -65.534
 -65.534
 -65.534
 -65.534
 -65.534
 -65.534
 -65.534
 -65.534
 -65.534
 -65.534
 -65.534
 -65.534
 -65.534
 -65.534
 -65.534
   0.792
   1.117
   1.152
   1.168
   1.172
   1.169
   1.153
   1.140
   1.133
   1.134
   1.139
   1.148
   1.162
   1.175
   1.196
   1.220
   1.246
   1.277
   1.319
   1.369
   1.436
   1.515
   1.610
   1.702
   1.796
   1.885
   1.976
   2.084
   2.222
   2.402
   2.605
   2.839
   3.078
   3.340
   3.643
   3.993
   4.374
   4.793
   5.177
   5.470
   5.653
   5.761
   5.846
   5.923
   5.935
   5.957
   5.950
   6.011
   5.967
   5.384
   0.000
 -65.534
 -65.534
 -65.534
 -65.534
 -65.534
 -65.534
 -65.534
 -65.534
 -65.534
 -65.534
 -65.534
 -65.534
 -65.534
 -65.534
 -65.534
 -65.534
 -65.534
   0.771
   1.084
   1.203
   1.243
   1.270
   1.296
   1.320
   1.323
   1.316
   1.312
   1.308
   1.307
   1.311
   1.319
   1.331
   1.357
   1.391
   1.429
   1.471
   1.516
   1.573
   1.652
   1.745
   1.856
   1.976
   2.092
   2.200
   2.299
   2.404
   2.520
   2.680
   2.889
   3.101
   3.324
   3.575
   3.849
   4.182
   4.545
   4.952
   5.324
   5.570
   5.654
   5.633
   5.605
   5.562
   5.519
   5.475
   5.414
   5.395
   5.260
   4.625
   0.000
 -65.534
 -65.534
 -65.534
 -65.534
 -65.534
 -65.534
 -65.534
 -65.534
 -65.534
 -65.534
 -65.534
 -65.534
 -65.534
 -65.534
 -65.534
 -65.534
 -65.534
   1.034
   1.196
   1.257
   1.309
   1.355
   1.403
   1.452
   1.483
   1.491
   1.494
   1.494
   1.496
   1.503
   1.514
   1.529
   1.559
   1.595
   1.634
   1.679
   1.733
   1.791
   1.873
   1.977
   2.100
   2.240
   2.383
   2.521
   2.647
   2.757
   2.875
   3.018
   3.191
   3.383
   3.577
   3.728
   3.912
   4.180
   4.478
   4.824
   5.185
   5.409
   5.440
   5.367
   5.255
   5.136
   5.007
   4.939
   4.874
   4.831
   4.687
   4.123
   0.000
 -65.534
 -65.534
 -65.534
 -65.534
 -65.534
 -65.534
 -65.534
 -65.534
 -65.534
 -65.534
 -65.534
 -65.534
 -65.534
 -65.534
 -65.534
 -65.534
 -65.534
   1.141
   1.242
   1.287
   1.350
   1.415
   1.488
   1.557
   1.619
   1.648
   1.659
   1.666
   1.676
   1.694
   1.713
   1.732
   1.762
   1.797
   1.837
   1.882
   1.933
   1.997
   2.074
   2.176
   2.302
   2.450
   2.613
   2.770
   2.917
   3.048
   3.182
   3.325
   3.473
   3.640
   3.795
   3.893
   4.033
   4.180
   4.348
   4.565
   4.820
   4.986
   5.014
   4.921
   4.779
   4.621
   4.459
   4.387
   4.343
   4.332
   4.233
   3.772
   0.000
 -65.534
 -65.534
 -65.534
 -65.534
 -65.534
 -65.534
 -65.534
 -65.534
 -65.534
 -65.534
 -65.534
 -65.534
 -65.534
 -65.534
 -65.534
 -65.534
 -65.534
   1.222
   1.258
   1.320
   1.394
   1.478
   1.570
   1.650
   1.719
   1.776
   1.804
   1.823
   1.842
   1.865
   1.896
   1.919
   1.950
   1.989
   2.035
   2.085
   2.135
   2.196
   2.272
   2.364
   2.484
   2.627
   2.787
   2.945
   3.093
   3.243
   3.393
   3.532
   3.665
   3.798
   3.901
   3.955
   4.008
   4.046
   4.070
   4.133
   4.222
   4.334
   4.341
   4.282
   4.159
   4.010
   3.893
   3.853
   3.856
   3.913
   3.901
   3.573
   0.000
 -65.534
 -65.534
 -65.534
 -65.534
 -65.534
 -65.534
 -65.534
 -65.534
 -65.534
 -65.534
 -65.534
 -65.534
 -65.534
 -65.534
 -65.534
 -65.534
 -65.534
 -65.534
   1.309
   1.348
   1.435
   1.531
   1.628
   1.716
   1.789
   1.851
   1.898
   1.933
   1.971
   2.012
   2.052
   2.082
   2.124
   2.171
   2.225
   2.277
   2.327
   2.380
   2.443
   2.524
   2.629
   2.761
   2.909
   3.057
   3.199
   3.341
   3.481
   3.605
   3.730
   3.818
   3.881
   3.874
   3.857
   3.802
   3.732
   3.646
   3.618
   3.602
   3.578
   3.544
   3.467
   3.394
   3.343
   3.361
   3.427
   3.514
   3.521
   3.281
   0.000
 -65.534
 -65.534
 -65.534
 -65.534
 -65.534
 -65.534
 -65.534
 -65.534
 -65.534
 -65.534
 -65.534
 -65.534
 -65.534
 -65.534
 -65.534
 -65.534
 -65.534
 -65.534
 -65.534
   1.412
   1.476
   1.571
   1.664
   1.745
   1.817
   1.884
   1.941
   1.997
   2.057
   2.119
   2.174
   2.223
   2.270
   2.321
   2.384
   2.456
   2.495
   2.536
   2.592
   2.672
   2.764
   2.859
   2.960
   3.089
   3.219
   3.341
   3.450
   3.535
   3.610
   3.662
   3.723
   3.676
   3.623
   3.546
   3.434
   3.299
   3.166
   3.052
   2.973
   2.927
   2.882
   2.860
   2.863
   2.905
   2.979
   3.060
   3.069
   2.872
   0.000
 -65.534
 -65.534
 -65.534
 -65.534
 -65.534
 -65.534
 -65.534
 -65.534
 -65.534
 -65.534
 -65.534
 -65.534
 -65.534
 -65.534
 -65.534
 -65.534
 -65.534
 -65.534
 -65.534
 -65.534
   1.552
   1.636
   1.713
   1.777
   1.837
   1.901
   1.963
   2.032
   2.104
   2.186
   2.257
   2.322
   2.374
   2.422
   2.453
   2.357
 -65.534
 -65.534
 -65.534
 -65.534
   2.612
   2.801
   2.974
   3.074
   3.190
   3.283
   3.345
   3.403
   3.431
   3.448
   3.438
   3.368
   3.287
   3.187
   3.046
   2.915
   2.787
   2.679
   2.577
   2.513
   2.487
   2.504
   2.525
   2.557
   2.580
   2.609
   2.636
   2.457
   0.000
 -65.534
 -65.534
 -65.534
 -65.534
 -65.534
 -65.534
 -65.534
 -65.534
 -65.534
 -65.534
 -65.534
 -65.534
 -65.534
 -65.534
 -65.534
 -65.534
 -65.534
 -65.534
 -65.534
 -65.534
 -65.534
 -65.534
 -65.534
 -65.534
   1.789
   1.881
   1.952
   2.026
   2.109
   2.200
   2.283
   2.359
   2.414
   2.451
   2.438
   2.281
 -65.534
 -65.534
 -65.534
 -65.534
 -65.534
 -65.534
   2.659
   2.983
   3.086
   3.154
   3.175
   3.165
   3.150
   3.092
   3.018
   2.947
   2.848
   2.723
   2.610
   2.488
   2.373
   2.284
   2.218
   2.205
   2.216
   2.229
   2.240
   2.264
   2.283
   2.265
   2.237
   2.065
   0.000
 -65.534
 -65.534
 -65.534
 -65.534
 -65.534
 -65.534
 -65.534
 -65.534
 -65.534
 -65.534
 -65.534
 -65.534
 -65.534
 -65.534
 -65.534
 -65.534
 -65.534
 -65.534
 -65.534
 -65.534
 -65.534
 -65.534
 -65.534
 -65.534
   1.752
   1.832
   1.904
   1.990
   2.097
   2.189
   2.274
   2.349
   2.398
   2.414
   2.375
   2.240
 -65.534
 -65.534
 -65.534
 -65.534
 -65.534
 -65.534
 -65.534
   2.643
   2.878
   2.870
   2.959
   2.908
   2.842
   2.773
   2.706
   2.623
   2.517
   2.416
   2.298
   2.179
   2.089
   2.049
   2.036
   2.031
   2.031
   2.042
   2.043
   2.014
   1.954
   1.903
   1.841
   1.645
   0.000
 -65.534
 -65.534
 -65.534
 -65.534
 -65.534
 -65.534
 -65.534
 -65.534
 -65.534
 -65.534
 -65.534
 -65.534
 -65.534
 -65.534
 -65.534
 -65.534
 -65.534
 -65.534
 -65.534
 -65.534
 -65.534
 -65.534
 -65.534
 -65.534
 -65.534
 -65.534
 -65.534
 -65.534
 -65.534
   2.079
   2.189
   2.258
   2.320
   2.325
   2.271
   2.116
   0.968
 -65.534
 -65.534
 -65.534
 -65.534
 -65.534
 -65.534
   2.090
   2.395
 -65.534
   2.228
   2.441
   2.445
   2.483
   2.424
   2.350
   2.259
   2.171
   2.083
   2.015
   1.965
   1.930
   1.902
   1.877
   1.853
   1.832
   1.788
   1.745
   1.694
   1.627
   1.542
   1.346
   0.000
 -65.534
 -65.534
 -65.534
 -65.534
 -65.534
 -65.534
 -65.534
 -65.534
 -65.534
 -65.534
 -65.534
 -65.534
 -65.534
 -65.534
 -65.534
 -65.534
 -65.534
 -65.534
 -65.534
 -65.534
 -65.534
 -65.534
 -65.534
 -65.534
 -65.534
 -65.534
 -65.534
 -65.534
 -65.534
 -65.534
 -65.534
 -65.534
   2.161
   2.203
   2.156
   1.980
   1.272
   0.710
 -65.534
 -65.534
 -65.534
 -65.534
 -65.534
 -65.534
 -65.534
 -65.534
 -65.534
 -65.534
 -65.534
   1.815
   2.038
   2.044
   2.082
   2.021
   1.964
   1.907
   1.859
   1.813
   1.767
   1.733
   1.693
   1.647
   1.594
   1.529
   1.455
   1.363
   1.261
   1.084
   0.000
 -65.534
 -65.534
 -65.534
 -65.534
 -65.534
 -65.534
 -65.534
 -65.534
 -65.534
 -65.534
 -65.534
 -65.534
 -65.534
 -65.534
 -65.534
 -65.534
 -65.534
 -65.534
 -65.534
 -65.534
 -65.534
 -65.534
 -65.534
 -65.534
 -65.534
 -65.534
 -65.534
 -65.534
 -65.534
 -65.534
 -65.534
 -65.534
   1.962
   1.986
   1.941
   1.768
   1.360
   0.934
   0.623
   0.503
 -65.534
 -65.534
 -65.534
 -65.534
 -65.534
 -65.534
 -65.534
 -65.534
 -65.534
 -65.534
 -65.534
 -65.534
   1.541
   1.710
   1.712
   1.741
   1.705
   1.650
   1.596
   1.547
   1.500
   1.450
   1.391
   1.323
   1.245
   1.158
   1.058
   0.897
   0.000
 -65.534
 -65.534
 -65.534
 -65.534
 -65.534
 -65.534
 -65.534
 -65.534
 -65.534
 -65.534
 -65.534
 -65.534
 -65.534
 -65.534
 -65.534
 -65.534
 -65.534
 -65.534
 -65.534
 -65.534
 -65.534
 -65.534
 -65.534
 -65.534
 -65.534
 -65.534
 -65.534
 -65.534
 -65.534
 -65.534
 -65.534
 -65.534
 -65.534
 -65.534
 -65.534
 -65.534
   1.125
   0.950
   0.745
   0.592
   0.480
   0.421
   0.393
   0.322
   0.274
 -65.534
 -65.534
 -65.534
 -65.534
 -65.534
 -65.534
 -65.534
 -65.534
 -65.534
 -65.534
   1.314
   1.467
   1.465
   1.419
   1.362
   1.312
   1.254
   1.191
   1.132
   1.065
   0.987
   0.897
   0.757
   0.000
 -65.534
 -65.534
 -65.534
 -65.534
 -65.534
 -65.534
 -65.534
 -65.534
 -65.534
 -65.534
 -65.534
 -65.534
 -65.534
 -65.534
 -65.534
 -65.534
 -65.534
 -65.534
 -65.534
 -65.534
 -65.534
 -65.534
 -65.534
 -65.534
 -65.534
 -65.534
 -65.534
 -65.534
 -65.534
 -65.534
 -65.534
 -65.534
 -65.534
 -65.534
 -65.534
 -65.534
 -65.534
 -65.534
 -65.534
 -65.534
   0.400
 -65.534
 -65.534
 -65.534
 -65.534
 -65.534
 -65.534
 -65.534
 -65.534
 -65.534
 -65.534
 -65.534
 -65.534
 -65.534
 -65.534
   0.913
   1.122
   1.164
   1.151
   1.170
   1.126
   1.057
   0.992
   0.939
   0.893
   0.837
   0.766
   0.643
   0.000
 -65.534
 -65.534
 -65.534
 -65.534
 -65.534
 -65.534
 -65.534
 -65.534
 -65.534
 -65.534
 -65.534
 -65.534
 -65.534
 -65.534
 -65.534
 -65.534
 -65.534
 -65.534
 -65.534
 -65.534
 -65.534
 -65.534
 -65.534
 -65.534
 -65.534
 -65.534
 -65.534
 -65.534
 -65.534
 -65.534
 -65.534
 -65.534
 -65.534
 -65.534
 -65.534
 -65.534
 -65.534
 -65.534
 -65.534
 -65.534
 -65.534
 -65.534
 -65.534
 -65.534
 -65.534
 -65.534
 -65.534
 -65.534
 -65.534
 -65.534
 -65.534
 -65.534
 -65.534
 -65.534
 -65.534
 -65.534
 -65.534
 -65.534
 -65.534
   0.811
   0.872
   0.829
   0.758
   0.721
   0.691
   0.665
   0.632
   0.527
   0.000
 -65.534
 -65.534
 -65.534
 -65.534
 -65.534
 -65.534
 -65.534
 -65.534
 -65.534
 -65.534
 -65.534
 -65.534
 -65.534
 -65.534
 -65.534
 -65.534
 -65.534
 -65.534
 -65.534
 -65.534
 -65.534
 -65.534
 -65.534
 -65.534
 -65.534
 -65.534
 -65.534
 -65.534
 -65.534
 -65.534
 -65.534
 -65.534
 -65.534
 -65.534
 -65.534
 -65.534
 -65.534
 -65.534
 -65.534
 -65.534
 -65.534
 -65.534
 -65.534
 -65.534
 -65.534
 -65.534
 -65.534
 -65.534
 -65.534
 -65.534
 -65.534
 -65.534
 -65.534
 -65.534
 -65.534
 -65.534
 -65.534
 -65.534
 -65.534
 -65.534
 -65.534
   0.000
   0.000
   0.000
   0.000
   0.000
   0.000
   0.000
 -65.534
