 -65.534
   0.000
   0.000
   0.000
   0.000
   0.000
   0.000
   0.000
   0.000
   0.000
   0.000
   0.000
   0.000
   0.000
   0.000
   0.000
   0.000
   0.000
   0.000
   0.000
   0.000
   0.000
   0.000
   0.000
   0.000
   0.000
   0.000
   0.000
   0.000
   0.000
   0.000
   0.000
   0.000
   0.000
   0.000
   0.000
   0.000
   0.000
   0.000
   0.000
   0.000
   0.000
   0.000
   0.000
   0.000
   0.000
   0.000
   0.000
   0.000
   0.000
   0.000
   0.000
   0.000
   0.000
   0.000
   0.000
   0.000
   0.000
   0.000
   0.000
   0.000
   0.000
   0.000
   0.000
   0.000
   0.000
   0.000
   0.000
 -65.534
   0.000
   1.352
   1.510
   1.585
   1.654
   1.707
   1.746
   1.772
   1.787
   1.802
   1.817
   1.826
   1.836
   1.846
   1.854
   1.863
   1.875
   1.903
   1.954
   2.033
   2.135
   2.254
   2.367
   2.502
   2.522
   2.483
   2.443
   2.408
   2.369
   2.346
   2.328
   2.311
   2.312
   2.338
   2.330
   2.338
   2.332
   2.330
   2.332
   2.319
   2.313
   2.313
   2.308
   2.308
   2.309
   2.307
   2.301
   2.315
   2.349
   2.402
   2.469
   2.544
   2.623
   2.701
   2.798
   2.869
   2.916
   2.939
   2.942
   2.938
   2.928
   2.909
   2.888
   2.862
   2.829
   2.811
   2.801
   2.716
   0.000
   0.000
   1.446
   1.581
   1.631
   1.688
   1.733
   1.773
   1.804
   1.831
   1.854
   1.876
   1.890
   1.901
   1.907
   1.904
   1.903
   1.906
   1.921
   1.956
   2.015
   2.099
   2.197
   2.291
   2.394
   2.417
   2.402
   2.378
   2.353
   2.338
   2.335
   2.343
   2.355
   2.377
   2.414
   2.436
   2.446
   2.454
   2.450
   2.445
   2.439
   2.434
   2.435
   2.428
   2.426
   2.428
   2.435
   2.456
   2.494
   2.547
   2.627
   2.718
   2.820
   2.925
   3.030
   3.126
   3.211
   3.282
   3.329
   3.349
   3.352
   3.349
   3.331
   3.303
   3.272
   3.243
   3.216
   3.193
   3.081
   0.000
   0.000
   1.430
   1.552
   1.589
   1.632
   1.669
   1.705
   1.742
   1.774
   1.804
   1.828
   1.847
   1.855
   1.854
   1.847
   1.837
   1.834
   1.844
   1.872
   1.923
   1.995
   2.077
   2.159
   2.228
   2.273
   2.272
   2.265
   2.256
   2.254
   2.266
   2.289
   2.322
   2.365
   2.416
   2.454
   2.485
   2.499
   2.494
   2.490
   2.482
   2.478
   2.477
   2.471
   2.465
   2.459
   2.465
   2.493
   2.546
   2.623
   2.717
   2.817
   2.922
   3.029
   3.139
   3.240
   3.333
   3.408
   3.460
   3.486
   3.495
   3.497
   3.477
   3.448
   3.414
   3.381
   3.355
   3.328
   3.201
   0.000
   0.000
   1.416
   1.524
   1.549
   1.583
   1.616
   1.649
   1.684
   1.719
   1.751
   1.778
   1.796
   1.806
   1.805
   1.795
   1.781
   1.773
   1.781
   1.807
   1.850
   1.911
   1.988
   2.063
   2.119
   2.160
   2.173
   2.185
   2.193
   2.206
   2.232
   2.270
   2.318
   2.375
   2.439
   2.498
   2.541
   2.563
   2.566
   2.556
   2.549
   2.544
   2.539
   2.531
   2.527
   2.523
   2.529
   2.557
   2.616
   2.700
   2.799
   2.905
   3.010
   3.113
   3.220
   3.323
   3.415
   3.494
   3.549
   3.578
   3.587
   3.587
   3.573
   3.543
   3.514
   3.485
   3.456
   3.423
   3.276
   0.000
   0.000
   1.395
   1.493
   1.513
   1.546
   1.572
   1.604
   1.637
   1.671
   1.701
   1.728
   1.743
   1.749
   1.745
   1.734
   1.719
   1.710
   1.716
   1.740
   1.782
   1.842
   1.911
   1.978
   2.038
   2.068
   2.095
   2.131
   2.160
   2.188
   2.230
   2.279
   2.334
   2.402
   2.477
   2.546
   2.601
   2.631
   2.642
   2.636
   2.627
   2.620
   2.612
   2.604
   2.599
   2.601
   2.607
   2.633
   2.692
   2.776
   2.876
   2.984
   3.089
   3.188
   3.291
   3.389
   3.479
   3.557
   3.611
   3.639
   3.648
   3.650
   3.634
   3.614
   3.592
   3.564
   3.529
   3.489
   3.329
   0.000
   0.000
   1.374
   1.465
   1.483
   1.514
   1.542
   1.571
   1.601
   1.632
   1.661
   1.681
   1.692
   1.696
   1.690
   1.679
   1.663
   1.658
   1.663
   1.687
   1.725
   1.776
   1.838
   1.899
   1.952
   1.994
   2.049
   2.103
   2.149
   2.192
   2.243
   2.304
   2.369
   2.443
   2.521
   2.600
   2.664
   2.709
   2.725
   2.726
   2.723
   2.715
   2.704
   2.695
   2.690
   2.688
   2.691
   2.707
   2.755
   2.833
   2.931
   3.045
   3.154
   3.253
   3.352
   3.446
   3.534
   3.612
   3.667
   3.692
   3.702
   3.701
   3.687
   3.669
   3.649
   3.622
   3.583
   3.537
   3.365
   0.000
   0.000
   1.341
   1.432
   1.454
   1.486
   1.513
   1.543
   1.571
   1.601
   1.626
   1.645
   1.654
   1.653
   1.645
   1.634
   1.624
   1.619
   1.626
   1.647
   1.682
   1.728
   1.786
   1.847
   1.908
   1.964
   2.027
   2.093
   2.149
   2.205
   2.266
   2.338
   2.414
   2.496
   2.580
   2.664
   2.737
   2.791
   2.818
   2.827
   2.829
   2.827
   2.820
   2.807
   2.798
   2.786
   2.773
   2.778
   2.807
   2.864
   2.957
   3.070
   3.185
   3.294
   3.396
   3.492
   3.582
   3.661
   3.716
   3.741
   3.748
   3.745
   3.729
   3.712
   3.690
   3.659
   3.614
   3.565
   3.388
   0.000
   0.000
   1.293
   1.385
   1.413
   1.451
   1.481
   1.509
   1.539
   1.568
   1.591
   1.609
   1.618
   1.617
   1.612
   1.605
   1.595
   1.594
   1.606
   1.626
   1.658
   1.703
   1.757
   1.822
   1.889
   1.956
   2.024
   2.091
   2.159
   2.224
   2.297
   2.381
   2.466
   2.554
   2.646
   2.734
   2.811
   2.874
   2.912
   2.926
   2.938
   2.943
   2.941
   2.936
   2.924
   2.903
   2.874
   2.856
   2.870
   2.902
   2.967
   3.067
   3.185
   3.303
   3.416
   3.524
   3.622
   3.705
   3.764
   3.790
   3.795
   3.786
   3.768
   3.745
   3.721
   3.688
   3.639
   3.586
   3.402
   0.000
   0.000
   1.218
   1.316
   1.356
   1.401
   1.437
   1.468
   1.503
   1.531
   1.557
   1.575
   1.584
   1.585
   1.582
   1.577
   1.572
   1.578
   1.591
   1.616
   1.648
   1.691
   1.747
   1.813
   1.885
   1.956
   2.024
   2.098
   2.170
   2.245
   2.330
   2.420
   2.512
   2.605
   2.701
   2.791
   2.874
   2.945
   2.995
   3.017
   3.031
   3.041
   3.047
   3.054
   3.049
   3.027
   2.991
   2.953
   2.943
   2.957
   2.991
   3.065
   3.168
   3.288
   3.409
   3.522
   3.629
   3.721
   3.787
   3.818
   3.828
   3.821
   3.800
   3.775
   3.750
   3.713
   3.659
   3.599
   3.410
   0.000
   0.000
   1.134
   1.233
   1.281
   1.334
   1.381
   1.418
   1.453
   1.485
   1.514
   1.535
   1.546
   1.550
   1.552
   1.550
   1.554
   1.566
   1.585
   1.613
   1.647
   1.688
   1.745
   1.814
   1.889
   1.960
   2.033
   2.105
   2.181
   2.266
   2.356
   2.448
   2.546
   2.644
   2.741
   2.834
   2.919
   2.997
   3.055
   3.090
   3.112
   3.126
   3.134
   3.144
   3.150
   3.138
   3.105
   3.061
   3.021
   3.012
   3.029
   3.078
   3.151
   3.256
   3.375
   3.490
   3.594
   3.694
   3.770
   3.815
   3.837
   3.838
   3.826
   3.806
   3.780
   3.740
   3.681
   3.612
   3.413
   0.000
   0.000
   1.049
   1.154
   1.199
   1.258
   1.308
   1.354
   1.392
   1.425
   1.458
   1.483
   1.501
   1.512
   1.521
   1.527
   1.539
   1.554
   1.580
   1.611
   1.647
   1.693
   1.749
   1.815
   1.888
   1.965
   2.038
   2.110
   2.189
   2.276
   2.369
   2.467
   2.565
   2.666
   2.768
   2.863
   2.950
   3.030
   3.099
   3.147
   3.183
   3.203
   3.211
   3.220
   3.229
   3.221
   3.200
   3.160
   3.113
   3.078
   3.076
   3.101
   3.150
   3.228
   3.330
   3.439
   3.547
   3.649
   3.734
   3.795
   3.835
   3.854
   3.859
   3.851
   3.832
   3.789
   3.720
   3.643
   3.422
   0.000
   0.000
   0.953
   1.082
   1.123
   1.177
   1.227
   1.273
   1.314
   1.347
   1.378
   1.408
   1.433
   1.457
   1.475
   1.493
   1.512
   1.535
   1.565
   1.602
   1.642
   1.690
   1.747
   1.813
   1.885
   1.962
   2.039
   2.111
   2.189
   2.273
   2.367
   2.470
   2.572
   2.677
   2.781
   2.879
   2.973
   3.054
   3.124
   3.176
   3.225
   3.260
   3.273
   3.280
   3.284
   3.280
   3.261
   3.233
   3.187
   3.145
   3.123
   3.124
   3.148
   3.202
   3.285
   3.383
   3.493
   3.601
   3.697
   3.777
   3.838
   3.881
   3.909
   3.917
   3.901
   3.855
   3.780
   3.690
   3.439
   0.000
 -65.534
 -65.534
   0.949
   1.056
   1.091
   1.138
   1.178
   1.219
   1.253
   1.284
   1.312
   1.339
   1.369
   1.400
   1.428
   1.461
   1.493
   1.532
   1.576
   1.625
   1.678
   1.738
   1.802
   1.876
   1.952
   2.028
   2.103
   2.181
   2.263
   2.356
   2.458
   2.564
   2.673
   2.782
   2.880
   2.972
   3.060
   3.131
   3.186
   3.237
   3.278
   3.301
   3.311
   3.314
   3.308
   3.291
   3.268
   3.228
   3.183
   3.150
   3.133
   3.138
   3.169
   3.234
   3.324
   3.434
   3.547
   3.661
   3.759
   3.841
   3.906
   3.952
   3.979
   3.970
   3.925
   3.847
   3.747
   3.455
   0.000
 -65.534
 -65.534
 -65.534
   0.929
   1.006
   1.037
   1.076
   1.110
   1.143
   1.174
   1.205
   1.232
   1.263
   1.299
   1.337
   1.377
   1.423
   1.471
   1.525
   1.584
   1.647
   1.712
   1.782
   1.856
   1.930
   2.005
   2.082
   2.160
   2.242
   2.333
   2.432
   2.539
   2.654
   2.763
   2.859
   2.961
   3.052
   3.123
   3.179
   3.225
   3.263
   3.293
   3.307
   3.314
   3.307
   3.286
   3.264
   3.231
   3.193
   3.156
   3.127
   3.122
   3.140
   3.194
   3.277
   3.384
   3.501
   3.625
   3.737
   3.834
   3.911
   3.968
   3.998
   3.995
   3.956
   3.882
   3.780
   3.467
   0.000
 -65.534
 -65.534
 -65.534
 -65.534
   0.893
   0.948
   0.975
   1.002
   1.026
   1.052
   1.083
   1.112
   1.148
   1.187
   1.229
   1.276
   1.327
   1.383
   1.446
   1.512
   1.583
   1.658
   1.732
   1.807
   1.883
   1.962
   2.038
   2.116
   2.200
   2.290
   2.388
   2.491
   2.599
   2.711
   2.815
   2.916
   3.002
   3.083
   3.144
   3.185
   3.219
   3.245
   3.269
   3.277
   3.269
   3.253
   3.231
   3.203
   3.168
   3.138
   3.111
   3.096
   3.112
   3.163
   3.246
   3.351
   3.474
   3.600
   3.714
   3.813
   3.893
   3.949
   3.972
   3.969
   3.935
   3.874
   3.781
   3.464
   0.000
 -65.534
 -65.534
 -65.534
 -65.534
   0.812
   0.861
   0.884
   0.898
   0.912
   0.932
   0.958
   0.987
   1.024
   1.068
   1.114
   1.162
   1.219
   1.278
   1.341
   1.412
   1.486
   1.564
   1.641
   1.718
   1.797
   1.876
   1.959
   2.040
   2.124
   2.215
   2.310
   2.412
   2.521
   2.627
   2.735
   2.835
   2.925
   3.005
   3.062
   3.113
   3.145
   3.165
   3.187
   3.203
   3.200
   3.185
   3.169
   3.148
   3.119
   3.089
   3.067
   3.059
   3.078
   3.131
   3.214
   3.319
   3.435
   3.558
   3.671
   3.764
   3.839
   3.892
   3.912
   3.909
   3.883
   3.827
   3.756
   3.447
   0.000
 -65.534
 -65.534
 -65.534
 -65.534
   0.749
   0.791
   0.807
   0.812
   0.818
   0.828
   0.848
   0.874
   0.906
   0.948
   0.996
   1.049
   1.102
   1.160
   1.227
   1.296
   1.368
   1.441
   1.516
   1.592
   1.672
   1.754
   1.839
   1.924
   2.014
   2.105
   2.200
   2.299
   2.408
   2.519
   2.623
   2.728
   2.825
   2.902
   2.962
   3.014
   3.054
   3.079
   3.095
   3.110
   3.113
   3.104
   3.094
   3.080
   3.056
   3.037
   3.023
   3.025
   3.046
   3.095
   3.175
   3.272
   3.382
   3.492
   3.594
   3.680
   3.749
   3.800
   3.825
   3.830
   3.809
   3.764
   3.707
   3.415
   0.000
 -65.534
 -65.534
 -65.534
 -65.534
   0.709
   0.747
   0.760
   0.764
   0.755
   0.752
   0.762
   0.780
   0.805
   0.840
   0.884
   0.933
   0.989
   1.054
   1.118
   1.183
   1.249
   1.315
   1.382
   1.458
   1.534
   1.616
   1.701
   1.789
   1.880
   1.972
   2.067
   2.165
   2.270
   2.380
   2.489
   2.596
   2.693
   2.778
   2.845
   2.900
   2.946
   2.980
   3.004
   3.020
   3.027
   3.022
   3.019
   3.014
   3.000
   2.989
   2.986
   2.992
   3.020
   3.067
   3.136
   3.224
   3.317
   3.414
   3.499
   3.571
   3.634
   3.684
   3.716
   3.726
   3.711
   3.674
   3.629
   3.363
   0.000
 -65.534
 -65.534
 -65.534
 -65.534
 -65.534
 -65.534
 -65.534
 -65.534
   0.717
   0.705
   0.703
   0.707
   0.722
   0.747
   0.783
   0.827
   0.885
   0.952
   1.023
   1.093
   1.153
   1.212
   1.270
   1.339
   1.416
   1.494
   1.579
   1.664
   1.749
   1.835
   1.923
   2.017
   2.117
   2.223
   2.333
   2.440
   2.544
   2.636
   2.711
   2.773
   2.827
   2.869
   2.908
   2.931
   2.942
   2.944
   2.949
   2.952
   2.947
   2.945
   2.952
   2.966
   2.994
   3.039
   3.100
   3.171
   3.250
   3.328
   3.399
   3.458
   3.510
   3.551
   3.589
   3.608
   3.597
   3.568
   3.531
   3.302
   0.000
 -65.534
 -65.534
 -65.534
 -65.534
 -65.534
 -65.534
   0.530
   0.632
   0.699
   0.675
   0.659
   0.653
   0.660
   0.676
   0.703
   0.744
   0.804
   0.874
   0.948
   1.020
   1.081
   1.134
   1.193
   1.254
   1.320
   1.397
   1.478
   1.558
   1.639
   1.719
   1.795
   1.879
   1.969
   2.068
   2.174
   2.282
   2.387
   2.482
   2.565
   2.639
   2.702
   2.755
   2.798
   2.833
   2.855
   2.866
   2.876
   2.880
   2.888
   2.898
   2.911
   2.934
   2.960
   3.000
   3.049
   3.110
   3.176
   3.243
   3.301
   3.351
   3.396
   3.436
   3.465
   3.485
   3.479
   3.452
   3.429
   3.213
   0.000
 -65.534
 -65.534
 -65.534
 -65.534
 -65.534
 -65.534
 -65.534
 -65.534
 -65.534
   0.662
   0.633
   0.622
   0.619
   0.625
   0.645
   0.694
   0.751
   0.821
   0.897
   0.973
   1.030
   1.085
   1.141
   1.207
   1.274
   1.341
   1.407
   1.479
   1.547
   1.614
   1.680
   1.751
   1.834
   1.927
   2.024
   2.127
   2.229
   2.323
   2.410
   2.489
   2.560
   2.623
   2.677
   2.716
   2.750
   2.770
   2.787
   2.800
   2.810
   2.821
   2.836
   2.857
   2.886
   2.924
   2.971
   3.023
   3.080
   3.140
   3.192
   3.242
   3.284
   3.322
   3.344
   3.354
   3.351
   3.333
   3.314
   3.109
   0.000
 -65.534
 -65.534
 -65.534
 -65.534
 -65.534
 -65.534
 -65.534
 -65.534
 -65.534
 -65.534
 -65.534
 -65.534
 -65.534
 -65.534
 -65.534
   0.655
   0.712
   0.767
   0.842
   0.949
   1.010
   1.066
   1.124
   1.185
   1.252
   1.317
   1.376
   1.429
   1.482
   1.535
   1.589
   1.647
   1.714
   1.794
   1.885
   1.981
   2.075
   2.167
   2.264
   2.346
   2.417
   2.478
   2.533
   2.583
   2.626
   2.660
   2.683
   2.702
   2.716
   2.727
   2.738
   2.758
   2.787
   2.821
   2.864
   2.913
   2.965
   3.019
   3.069
   3.119
   3.163
   3.192
   3.208
   3.216
   3.221
   3.201
   3.181
   2.993
   0.000
 -65.534
 -65.534
 -65.534
 -65.534
 -65.534
 -65.534
 -65.534
 -65.534
 -65.534
 -65.534
 -65.534
 -65.534
 -65.534
 -65.534
 -65.534
 -65.534
 -65.534
 -65.534
 -65.534
   0.942
   1.016
   1.072
   1.133
   1.196
   1.255
   1.313
   1.366
   1.413
   1.455
   1.488
   1.526
   1.569
   1.624
   1.694
   1.774
   1.860
   1.946
   2.030
   2.114
   2.193
   2.263
   2.327
   2.387
   2.441
   2.494
   2.535
   2.568
   2.592
   2.608
   2.615
   2.624
   2.642
   2.667
   2.698
   2.735
   2.776
   2.822
   2.874
   2.928
   2.977
   3.024
   3.053
   3.068
   3.074
   3.075
   3.065
   3.048
   2.873
   0.000
 -65.534
 -65.534
 -65.534
 -65.534
 -65.534
 -65.534
 -65.534
 -65.534
 -65.534
 -65.534
 -65.534
 -65.534
 -65.534
 -65.534
 -65.534
 -65.534
 -65.534
 -65.534
   0.783
   0.990
   1.030
   1.090
   1.151
   1.213
   1.269
   1.320
   1.369
   1.411
   1.445
   1.472
   1.496
   1.528
   1.566
   1.621
   1.689
   1.764
   1.838
   1.909
   1.977
   2.044
   2.111
   2.177
   2.239
   2.299
   2.354
   2.396
   2.427
   2.451
   2.471
   2.483
   2.495
   2.513
   2.535
   2.562
   2.586
   2.615
   2.654
   2.703
   2.760
   2.815
   2.862
   2.896
   2.918
   2.931
   2.937
   2.933
   2.924
   2.761
   0.000
 -65.534
 -65.534
 -65.534
 -65.534
 -65.534
 -65.534
 -65.534
 -65.534
 -65.534
 -65.534
 -65.534
 -65.534
 -65.534
 -65.534
 -65.534
 -65.534
 -65.534
   0.719
   0.929
   0.992
   1.038
   1.091
   1.152
   1.214
   1.268
   1.317
   1.363
   1.404
   1.439
   1.465
   1.484
   1.500
   1.529
   1.565
   1.614
   1.670
   1.728
   1.784
   1.839
   1.895
   1.957
   2.026
   2.094
   2.160
   2.215
   2.257
   2.286
   2.309
   2.323
   2.337
   2.350
   2.364
   2.383
   2.401
   2.425
   2.455
   2.487
   2.533
   2.587
   2.647
   2.696
   2.737
   2.772
   2.795
   2.814
   2.820
   2.824
   2.665
   0.000
 -65.534
 -65.534
 -65.534
 -65.534
 -65.534
 -65.534
 -65.534
 -65.534
 -65.534
 -65.534
 -65.534
 -65.534
 -65.534
 -65.534
 -65.534
 -65.534
 -65.534
   0.819
   0.934
   0.978
   1.028
   1.074
   1.124
   1.177
   1.229
   1.281
   1.330
   1.375
   1.416
   1.445
   1.464
   1.472
   1.487
   1.507
   1.533
   1.567
   1.605
   1.647
   1.691
   1.741
   1.798
   1.867
   1.943
   2.014
   2.071
   2.114
   2.142
   2.166
   2.182
   2.194
   2.206
   2.228
   2.248
   2.268
   2.290
   2.312
   2.338
   2.376
   2.424
   2.481
   2.535
   2.589
   2.636
   2.676
   2.706
   2.732
   2.747
   2.598
   0.000
 -65.534
 -65.534
 -65.534
 -65.534
 -65.534
 -65.534
 -65.534
 -65.534
 -65.534
 -65.534
 -65.534
 -65.534
 -65.534
 -65.534
 -65.534
 -65.534
 -65.534
   0.829
   0.913
   0.957
   1.000
   1.038
   1.079
   1.120
   1.166
   1.213
   1.265
   1.317
   1.363
   1.401
   1.425
   1.429
   1.435
   1.443
   1.453
   1.464
   1.481
   1.505
   1.540
   1.584
   1.639
   1.707
   1.785
   1.858
   1.922
   1.967
   2.002
   2.028
   2.046
   2.057
   2.074
   2.097
   2.122
   2.146
   2.175
   2.201
   2.224
   2.258
   2.300
   2.349
   2.403
   2.461
   2.518
   2.576
   2.625
   2.662
   2.687
   2.556
   0.000
 -65.534
 -65.534
 -65.534
 -65.534
 -65.534
 -65.534
 -65.534
 -65.534
 -65.534
 -65.534
 -65.534
 -65.534
 -65.534
 -65.534
 -65.534
 -65.534
 -65.534
   0.826
   0.887
   0.931
   0.967
   0.998
   1.028
   1.057
   1.089
   1.133
   1.182
   1.236
   1.289
   1.334
   1.364
   1.372
   1.377
   1.379
   1.378
   1.376
   1.378
   1.390
   1.413
   1.449
   1.499
   1.560
   1.635
   1.714
   1.784
   1.837
   1.878
   1.906
   1.926
   1.939
   1.953
   1.981
   2.010
   2.045
   2.086
   2.120
   2.151
   2.180
   2.219
   2.264
   2.318
   2.373
   2.432
   2.493
   2.550
   2.599
   2.641
   2.510
   0.000
 -65.534
 -65.534
 -65.534
 -65.534
 -65.534
 -65.534
 -65.534
 -65.534
 -65.534
 -65.534
 -65.534
 -65.534
 -65.534
 -65.534
 -65.534
 -65.534
 -65.534
 -65.534
   0.858
   0.900
   0.935
   0.961
   0.981
   0.999
   1.018
   1.051
   1.093
   1.144
   1.196
   1.248
   1.286
   1.299
   1.310
   1.311
   1.309
   1.302
   1.287
   1.282
   1.295
   1.325
   1.371
   1.428
   1.499
   1.578
   1.657
   1.722
   1.770
   1.805
   1.829
   1.845
   1.864
   1.889
   1.920
   1.961
   2.006
   2.050
   2.091
   2.130
   2.171
   2.217
   2.268
   2.325
   2.383
   2.441
   2.498
   2.549
   2.595
   2.483
   0.000
 -65.534
 -65.534
 -65.534
 -65.534
 -65.534
 -65.534
 -65.534
 -65.534
 -65.534
 -65.534
 -65.534
 -65.534
 -65.534
 -65.534
 -65.534
 -65.534
 -65.534
 -65.534
 -65.534
   0.869
   0.895
   0.913
   0.931
   0.941
   0.958
   0.977
   1.006
   1.044
   1.091
   1.139
   1.175
   1.200
   1.216
   1.225
   1.229
   1.230
   1.187
   1.174
   1.182
   1.213
   1.257
   1.301
   1.374
   1.456
   1.541
   1.618
   1.679
   1.726
   1.761
   1.788
   1.808
   1.836
   1.865
   1.899
   1.939
   1.985
   2.031
   2.081
   2.131
   2.184
   2.242
   2.305
   2.363
   2.421
   2.480
   2.531
   2.585
   2.472
   0.000
 -65.534
 -65.534
 -65.534
 -65.534
 -65.534
 -65.534
 -65.534
 -65.534
 -65.534
 -65.534
 -65.534
 -65.534
 -65.534
 -65.534
 -65.534
 -65.534
 -65.534
 -65.534
 -65.534
 -65.534
   0.875
   0.888
   0.898
   0.906
   0.915
   0.926
   0.943
   0.966
   0.996
   1.028
   1.055
   1.081
   1.088
   1.077
   1.033
   0.904
 -65.534
 -65.534
 -65.534
 -65.534
   1.096
   1.203
   1.280
   1.360
   1.448
   1.536
   1.609
   1.668
   1.713
   1.748
   1.782
   1.811
   1.837
   1.866
   1.901
   1.941
   1.987
   2.040
   2.098
   2.157
   2.221
   2.286
   2.349
   2.412
   2.477
   2.539
   2.600
   2.489
   0.000
 -65.534
 -65.534
 -65.534
 -65.534
 -65.534
 -65.534
 -65.534
 -65.534
 -65.534
 -65.534
 -65.534
 -65.534
 -65.534
 -65.534
 -65.534
 -65.534
 -65.534
 -65.534
 -65.534
 -65.534
 -65.534
 -65.534
 -65.534
 -65.534
   0.861
   0.873
   0.885
   0.899
   0.926
   0.954
   0.970
   0.981
   0.974
   0.940
   0.869
   0.730
 -65.534
 -65.534
 -65.534
 -65.534
 -65.534
 -65.534
   1.156
   1.299
   1.388
   1.467
   1.545
   1.614
   1.674
   1.724
   1.765
   1.801
   1.829
   1.854
   1.882
   1.914
   1.958
   2.011
   2.068
   2.131
   2.196
   2.267
   2.338
   2.405
   2.476
   2.546
   2.619
   2.501
   0.000
 -65.534
 -65.534
 -65.534
 -65.534
 -65.534
 -65.534
 -65.534
 -65.534
 -65.534
 -65.534
 -65.534
 -65.534
 -65.534
 -65.534
 -65.534
 -65.534
 -65.534
 -65.534
 -65.534
 -65.534
 -65.534
 -65.534
 -65.534
 -65.534
   0.882
   0.880
   0.884
   0.891
   0.899
   0.894
   0.896
   0.898
   0.886
   0.842
   0.777
   0.694
 -65.534
 -65.534
 -65.534
 -65.534
 -65.534
 -65.534
 -65.534
   1.169
   1.319
   1.431
   1.502
   1.558
   1.616
   1.678
   1.733
   1.777
   1.815
   1.842
   1.871
   1.906
   1.947
   1.998
   2.053
   2.118
   2.187
   2.261
   2.333
   2.408
   2.481
   2.550
   2.625
   2.499
   0.000
 -65.534
 -65.534
 -65.534
 -65.534
 -65.534
 -65.534
 -65.534
 -65.534
 -65.534
 -65.534
 -65.534
 -65.534
 -65.534
 -65.534
 -65.534
 -65.534
 -65.534
 -65.534
 -65.534
 -65.534
 -65.534
 -65.534
 -65.534
 -65.534
 -65.534
 -65.534
 -65.534
 -65.534
 -65.534
   0.910
   0.889
   0.871
   0.843
   0.806
   0.757
   0.688
   0.432
 -65.534
 -65.534
 -65.534
 -65.534
 -65.534
 -65.534
   1.034
   1.113
 -65.534
   1.305
   1.485
   1.593
   1.668
   1.715
   1.762
   1.806
   1.845
   1.881
   1.925
   1.968
   2.015
   2.071
   2.134
   2.200
   2.269
   2.341
   2.415
   2.489
   2.552
   2.624
   2.474
   0.000
 -65.534
 -65.534
 -65.534
 -65.534
 -65.534
 -65.534
 -65.534
 -65.534
 -65.534
 -65.534
 -65.534
 -65.534
 -65.534
 -65.534
 -65.534
 -65.534
 -65.534
 -65.534
 -65.534
 -65.534
 -65.534
 -65.534
 -65.534
 -65.534
 -65.534
 -65.534
 -65.534
 -65.534
 -65.534
 -65.534
 -65.534
 -65.534
   0.826
   0.800
   0.762
   0.691
   0.479
   0.349
 -65.534
 -65.534
 -65.534
 -65.534
 -65.534
 -65.534
 -65.534
 -65.534
 -65.534
 -65.534
 -65.534
   1.463
   1.685
   1.796
   1.861
   1.882
   1.913
   1.955
   1.999
   2.049
   2.102
   2.162
   2.223
   2.286
   2.348
   2.410
   2.470
   2.520
   2.573
   2.387
   0.000
 -65.534
 -65.534
 -65.534
 -65.534
 -65.534
 -65.534
 -65.534
 -65.534
 -65.534
 -65.534
 -65.534
 -65.534
 -65.534
 -65.534
 -65.534
 -65.534
 -65.534
 -65.534
 -65.534
 -65.534
 -65.534
 -65.534
 -65.534
 -65.534
 -65.534
 -65.534
 -65.534
 -65.534
 -65.534
 -65.534
 -65.534
 -65.534
   0.917
   0.879
   0.835
   0.739
   0.536
   0.367
   0.295
   0.282
 -65.534
 -65.534
 -65.534
 -65.534
 -65.534
 -65.534
 -65.534
 -65.534
 -65.534
 -65.534
 -65.534
 -65.534
   1.658
   1.889
   1.978
   2.026
   2.044
   2.083
   2.133
   2.187
   2.240
   2.291
   2.340
   2.384
   2.423
   2.459
   2.494
   2.277
   0.000
 -65.534
 -65.534
 -65.534
 -65.534
 -65.534
 -65.534
 -65.534
 -65.534
 -65.534
 -65.534
 -65.534
 -65.534
 -65.534
 -65.534
 -65.534
 -65.534
 -65.534
 -65.534
 -65.534
 -65.534
 -65.534
 -65.534
 -65.534
 -65.534
 -65.534
 -65.534
 -65.534
 -65.534
 -65.534
 -65.534
 -65.534
 -65.534
 -65.534
 -65.534
 -65.534
 -65.534
   0.507
   0.378
   0.285
   0.246
   0.258
   0.245
   0.246
   0.248
   0.250
 -65.534
 -65.534
 -65.534
 -65.534
 -65.534
 -65.534
 -65.534
 -65.534
 -65.534
 -65.534
   1.813
   2.047
   2.122
   2.169
   2.198
   2.233
   2.273
   2.304
   2.327
   2.348
   2.369
   2.386
   2.144
   0.000
 -65.534
 -65.534
 -65.534
 -65.534
 -65.534
 -65.534
 -65.534
 -65.534
 -65.534
 -65.534
 -65.534
 -65.534
 -65.534
 -65.534
 -65.534
 -65.534
 -65.534
 -65.534
 -65.534
 -65.534
 -65.534
 -65.534
 -65.534
 -65.534
 -65.534
 -65.534
 -65.534
 -65.534
 -65.534
 -65.534
 -65.534
 -65.534
 -65.534
 -65.534
 -65.534
 -65.534
 -65.534
 -65.534
 -65.534
 -65.534
   0.202
 -65.534
 -65.534
 -65.534
 -65.534
 -65.534
 -65.534
 -65.534
 -65.534
 -65.534
 -65.534
 -65.534
 -65.534
 -65.534
 -65.534
   1.483
   1.893
   2.093
   2.187
   2.258
   2.261
   2.249
   2.262
   2.271
   2.278
   2.279
   2.276
   2.003
   0.000
 -65.534
 -65.534
 -65.534
 -65.534
 -65.534
 -65.534
 -65.534
 -65.534
 -65.534
 -65.534
 -65.534
 -65.534
 -65.534
 -65.534
 -65.534
 -65.534
 -65.534
 -65.534
 -65.534
 -65.534
 -65.534
 -65.534
 -65.534
 -65.534
 -65.534
 -65.534
 -65.534
 -65.534
 -65.534
 -65.534
 -65.534
 -65.534
 -65.534
 -65.534
 -65.534
 -65.534
 -65.534
 -65.534
 -65.534
 -65.534
 -65.534
 -65.534
 -65.534
 -65.534
 -65.534
 -65.534
 -65.534
 -65.534
 -65.534
 -65.534
 -65.534
 -65.534
 -65.534
 -65.534
 -65.534
 -65.534
 -65.534
 -65.534
 -65.534
   1.747
   2.045
   2.135
   2.112
   2.083
   2.054
   2.016
   1.973
   1.659
   0.000
 -65.534
 -65.534
 -65.534
 -65.534
 -65.534
 -65.534
 -65.534
 -65.534
 -65.534
 -65.534
 -65.534
 -65.534
 -65.534
 -65.534
 -65.534
 -65.534
 -65.534
 -65.534
 -65.534
 -65.534
 -65.534
 -65.534
 -65.534
 -65.534
 -65.534
 -65.534
 -65.534
 -65.534
 -65.534
 -65.534
 -65.534
 -65.534
 -65.534
 -65.534
 -65.534
 -65.534
 -65.534
 -65.534
 -65.534
 -65.534
 -65.534
 -65.534
 -65.534
 -65.534
 -65.534
 -65.534
 -65.534
 -65.534
 -65.534
 -65.534
 -65.534
 -65.534
 -65.534
 -65.534
 -65.534
 -65.534
 -65.534
 -65.534
 -65.534
 -65.534
 -65.534
   0.000
   0.000
   0.000
   0.000
   0.000
   0.000
   0.000
 -65.534
