 -65.534
   0.000
   0.000
   0.000
   0.000
   0.000
   0.000
   0.000
   0.000
   0.000
   0.000
   0.000
   0.000
   0.000
   0.000
   0.000
   0.000
   0.000
   0.000
   0.000
   0.000
   0.000
   0.000
   0.000
   0.000
   0.000
   0.000
   0.000
   0.000
   0.000
   0.000
   0.000
   0.000
   0.000
   0.000
   0.000
   0.000
   0.000
   0.000
   0.000
   0.000
   0.000
   0.000
   0.000
   0.000
   0.000
   0.000
   0.000
   0.000
   0.000
   0.000
   0.000
   0.000
   0.000
   0.000
   0.000
   0.000
   0.000
   0.000
   0.000
   0.000
   0.000
   0.000
   0.000
   0.000
   0.000
   0.000
   0.000
 -65.534
   0.000
   2.362
   2.809
   3.102
   3.404
   3.709
   4.008
   4.315
   4.622
   4.933
   5.252
   5.555
   5.860
   6.157
   6.418
   6.650
   6.852
   7.004
   7.031
   6.958
   6.795
   6.548
   6.238
   5.573
   5.474
   5.805
   6.107
   6.345
   6.448
   6.478
   6.466
   6.416
   6.230
   6.063
   5.943
   5.762
   5.609
   5.415
   5.067
   4.870
   4.593
   4.415
   4.238
   4.123
   4.025
   3.973
   3.965
   3.995
   4.024
   4.069
   4.158
   4.263
   4.376
   4.503
   4.650
   4.755
   4.824
   4.844
   4.828
   4.788
   4.729
   4.656
   4.584
   4.518
   4.432
   4.361
   4.303
   4.112
   0.000
   0.000
   2.462
   2.879
   3.145
   3.440
   3.738
   4.047
   4.371
   4.689
   5.021
   5.346
   5.670
   5.987
   6.288
   6.546
   6.778
   6.977
   7.133
   7.177
   7.136
   7.026
   6.828
   6.610
   6.282
   6.199
   6.485
   6.797
   7.043
   7.152
   7.186
   7.178
   7.104
   6.962
   6.760
   6.624
   6.447
   6.229
   5.997
   5.748
   5.475
   5.212
   4.936
   4.723
   4.567
   4.445
   4.418
   4.486
   4.585
   4.695
   4.814
   4.955
   5.114
   5.274
   5.435
   5.579
   5.697
   5.787
   5.825
   5.815
   5.762
   5.688
   5.600
   5.493
   5.377
   5.266
   5.166
   5.078
   4.849
   0.000
   0.000
   2.392
   2.765
   2.998
   3.264
   3.540
   3.836
   4.149
   4.472
   4.807
   5.150
   5.486
   5.816
   6.124
   6.398
   6.635
   6.830
   6.995
   7.068
   7.073
   6.998
   6.858
   6.751
   6.683
   6.648
   6.892
   7.146
   7.357
   7.473
   7.510
   7.478
   7.394
   7.259
   7.102
   6.961
   6.756
   6.539
   6.306
   6.026
   5.743
   5.472
   5.191
   4.940
   4.736
   4.608
   4.585
   4.676
   4.826
   4.985
   5.159
   5.333
   5.516
   5.701
   5.880
   6.031
   6.162
   6.259
   6.308
   6.301
   6.253
   6.185
   6.089
   5.964
   5.830
   5.708
   5.580
   5.474
   5.211
   0.000
   0.000
   2.319
   2.646
   2.846
   3.085
   3.338
   3.610
   3.905
   4.217
   4.550
   4.896
   5.245
   5.588
   5.908
   6.195
   6.428
   6.621
   6.795
   6.900
   6.937
   6.910
   6.840
   6.776
   6.824
   6.920
   7.145
   7.354
   7.535
   7.675
   7.733
   7.733
   7.656
   7.553
   7.425
   7.252
   7.033
   6.808
   6.559
   6.285
   6.012
   5.722
   5.452
   5.169
   4.945
   4.802
   4.767
   4.859
   5.020
   5.217
   5.431
   5.648
   5.856
   6.056
   6.248
   6.412
   6.543
   6.649
   6.714
   6.714
   6.666
   6.588
   6.487
   6.350
   6.209
   6.062
   5.918
   5.792
   5.502
   0.000
   0.000
   2.249
   2.530
   2.708
   2.923
   3.152
   3.403
   3.668
   3.968
   4.287
   4.627
   4.974
   5.318
   5.646
   5.936
   6.177
   6.398
   6.560
   6.701
   6.792
   6.838
   6.836
   6.833
   6.880
   7.079
   7.329
   7.525
   7.697
   7.823
   7.907
   7.926
   7.878
   7.774
   7.633
   7.475
   7.252
   7.004
   6.754
   6.481
   6.216
   5.938
   5.670
   5.398
   5.163
   5.021
   4.978
   5.044
   5.206
   5.421
   5.671
   5.923
   6.163
   6.385
   6.598
   6.777
   6.920
   7.031
   7.090
   7.084
   7.039
   6.958
   6.832
   6.688
   6.525
   6.361
   6.203
   6.055
   5.746
   0.000
   0.000
   2.164
   2.413
   2.576
   2.769
   2.977
   3.206
   3.461
   3.740
   4.041
   4.360
   4.692
   5.027
   5.347
   5.635
   5.900
   6.116
   6.312
   6.484
   6.634
   6.750
   6.826
   6.905
   7.028
   7.215
   7.403
   7.576
   7.746
   7.884
   7.981
   8.007
   7.963
   7.867
   7.747
   7.579
   7.355
   7.120
   6.873
   6.623
   6.367
   6.111
   5.866
   5.629
   5.413
   5.276
   5.210
   5.249
   5.392
   5.608
   5.876
   6.162
   6.434
   6.685
   6.923
   7.119
   7.268
   7.382
   7.445
   7.443
   7.390
   7.291
   7.151
   6.981
   6.803
   6.619
   6.431
   6.258
   5.932
   0.000
   0.000
   2.052
   2.279
   2.427
   2.609
   2.800
   3.016
   3.255
   3.517
   3.793
   4.092
   4.405
   4.721
   5.033
   5.321
   5.581
   5.820
   6.024
   6.218
   6.403
   6.568
   6.706
   6.849
   7.022
   7.201
   7.358
   7.516
   7.687
   7.826
   7.933
   7.959
   7.923
   7.834
   7.726
   7.559
   7.361
   7.148
   6.934
   6.701
   6.481
   6.261
   6.059
   5.849
   5.670
   5.531
   5.451
   5.456
   5.568
   5.768
   6.038
   6.340
   6.635
   6.916
   7.181
   7.401
   7.571
   7.693
   7.755
   7.744
   7.679
   7.572
   7.406
   7.213
   7.006
   6.805
   6.598
   6.406
   6.057
   0.000
   0.000
   1.882
   2.105
   2.254
   2.432
   2.616
   2.819
   3.040
   3.282
   3.543
   3.817
   4.108
   4.399
   4.691
   4.971
   5.238
   5.485
   5.715
   5.919
   6.119
   6.311
   6.473
   6.639
   6.817
   6.983
   7.143
   7.318
   7.492
   7.637
   7.742
   7.772
   7.736
   7.663
   7.565
   7.431
   7.270
   7.102
   6.929
   6.734
   6.551
   6.380
   6.223
   6.061
   5.918
   5.786
   5.696
   5.678
   5.760
   5.928
   6.172
   6.463
   6.770
   7.072
   7.363
   7.618
   7.813
   7.953
   8.015
   8.007
   7.918
   7.789
   7.603
   7.383
   7.159
   6.932
   6.707
   6.493
   6.135
   0.000
   0.000
   1.646
   1.853
   2.010
   2.195
   2.380
   2.580
   2.798
   3.031
   3.275
   3.534
   3.797
   4.069
   4.339
   4.603
   4.865
   5.122
   5.351
   5.567
   5.784
   5.988
   6.157
   6.332
   6.501
   6.668
   6.842
   7.024
   7.204
   7.350
   7.445
   7.471
   7.439
   7.380
   7.294
   7.184
   7.075
   6.970
   6.848
   6.704
   6.563
   6.440
   6.318
   6.201
   6.104
   6.006
   5.922
   5.892
   5.942
   6.083
   6.293
   6.573
   6.861
   7.169
   7.480
   7.751
   7.966
   8.120
   8.187
   8.164
   8.078
   7.930
   7.723
   7.489
   7.247
   7.012
   6.771
   6.541
   6.167
   0.000
   0.000
   1.393
   1.569
   1.717
   1.897
   2.092
   2.295
   2.510
   2.743
   2.984
   3.229
   3.475
   3.726
   3.972
   4.217
   4.468
   4.712
   4.951
   5.171
   5.382
   5.584
   5.764
   5.937
   6.103
   6.276
   6.456
   6.644
   6.818
   6.941
   7.026
   7.055
   7.032
   6.989
   6.926
   6.858
   6.798
   6.747
   6.687
   6.604
   6.516
   6.427
   6.334
   6.258
   6.192
   6.132
   6.086
   6.061
   6.091
   6.204
   6.410
   6.683
   6.921
   7.220
   7.534
   7.819
   8.017
   8.158
   8.223
   8.198
   8.101
   7.945
   7.732
   7.494
   7.248
   7.009
   6.762
   6.531
   6.152
   0.000
   0.000
   1.179
   1.308
   1.430
   1.600
   1.783
   1.978
   2.189
   2.419
   2.656
   2.895
   3.136
   3.365
   3.597
   3.826
   4.056
   4.288
   4.518
   4.733
   4.943
   5.144
   5.317
   5.488
   5.655
   5.829
   6.003
   6.177
   6.340
   6.459
   6.538
   6.568
   6.564
   6.544
   6.515
   6.479
   6.469
   6.473
   6.468
   6.444
   6.412
   6.355
   6.292
   6.247
   6.217
   6.189
   6.172
   6.182
   6.227
   6.323
   6.527
   6.782
   7.013
   7.284
   7.570
   7.828
   8.026
   8.148
   8.185
   8.148
   8.035
   7.867
   7.657
   7.419
   7.183
   6.942
   6.699
   6.471
   6.088
   0.000
   0.000
   1.028
   1.106
   1.184
   1.318
   1.481
   1.664
   1.858
   2.070
   2.291
   2.520
   2.748
   2.974
   3.194
   3.404
   3.621
   3.840
   4.056
   4.267
   4.474
   4.669
   4.846
   5.009
   5.170
   5.340
   5.511
   5.671
   5.815
   5.928
   6.021
   6.061
   6.079
   6.089
   6.092
   6.099
   6.125
   6.164
   6.205
   6.231
   6.241
   6.229
   6.195
   6.167
   6.172
   6.180
   6.197
   6.243
   6.328
   6.449
   6.635
   6.872
   7.090
   7.332
   7.584
   7.809
   7.986
   8.098
   8.108
   8.047
   7.913
   7.732
   7.517
   7.286
   7.060
   6.823
   6.593
   6.369
   5.998
   0.000
 -65.534
 -65.534
   0.931
   0.985
   1.067
   1.201
   1.357
   1.533
   1.717
   1.918
   2.122
   2.325
   2.535
   2.740
   2.939
   3.147
   3.352
   3.562
   3.766
   3.968
   4.164
   4.343
   4.508
   4.661
   4.820
   4.984
   5.134
   5.273
   5.397
   5.489
   5.558
   5.611
   5.641
   5.674
   5.714
   5.778
   5.848
   5.915
   5.973
   6.014
   6.033
   6.026
   6.030
   6.064
   6.108
   6.159
   6.246
   6.363
   6.512
   6.705
   6.928
   7.148
   7.352
   7.576
   7.765
   7.912
   8.001
   7.995
   7.903
   7.748
   7.548
   7.329
   7.100
   6.879
   6.658
   6.446
   6.237
   5.863
   0.000
 -65.534
 -65.534
 -65.534
   0.807
   0.842
   0.937
   1.066
   1.214
   1.377
   1.553
   1.734
   1.909
   2.088
   2.272
   2.457
   2.645
   2.843
   3.044
   3.244
   3.448
   3.646
   3.831
   4.003
   4.160
   4.313
   4.466
   4.607
   4.740
   4.867
   4.982
   5.075
   5.152
   5.221
   5.296
   5.387
   5.449
   5.542
   5.636
   5.699
   5.751
   5.789
   5.817
   5.855
   5.929
   6.004
   6.088
   6.197
   6.339
   6.514
   6.720
   6.932
   7.147
   7.335
   7.534
   7.702
   7.810
   7.851
   7.834
   7.725
   7.552
   7.346
   7.117
   6.888
   6.670
   6.466
   6.284
   6.092
   5.722
   0.000
 -65.534
 -65.534
 -65.534
 -65.534
   0.638
   0.726
   0.816
   0.931
   1.064
   1.211
   1.365
   1.519
   1.676
   1.833
   1.997
   2.164
   2.343
   2.526
   2.715
   2.915
   3.115
   3.312
   3.490
   3.659
   3.818
   3.970
   4.111
   4.243
   4.375
   4.501
   4.612
   4.717
   4.822
   4.938
   5.054
   5.160
   5.290
   5.361
   5.433
   5.485
   5.524
   5.566
   5.649
   5.751
   5.862
   5.973
   6.110
   6.265
   6.442
   6.656
   6.861
   7.063
   7.257
   7.427
   7.564
   7.641
   7.655
   7.616
   7.506
   7.338
   7.132
   6.904
   6.681
   6.473
   6.296
   6.140
   5.990
   5.625
   0.000
 -65.534
 -65.534
 -65.534
 -65.534
   0.535
   0.570
   0.632
   0.706
   0.801
   0.911
   1.034
   1.161
   1.299
   1.438
   1.585
   1.732
   1.886
   2.048
   2.215
   2.397
   2.588
   2.777
   2.961
   3.136
   3.305
   3.464
   3.615
   3.758
   3.903
   4.042
   4.177
   4.304
   4.437
   4.578
   4.728
   4.872
   5.007
   5.107
   5.194
   5.232
   5.261
   5.304
   5.407
   5.541
   5.684
   5.813
   5.965
   6.122
   6.289
   6.483
   6.692
   6.893
   7.066
   7.221
   7.321
   7.372
   7.365
   7.313
   7.215
   7.068
   6.888
   6.688
   6.486
   6.312
   6.179
   6.058
   5.943
   5.603
   0.000
 -65.534
 -65.534
 -65.534
 -65.534
   0.490
   0.483
   0.509
   0.551
   0.605
   0.678
   0.766
   0.862
   0.973
   1.094
   1.223
   1.359
   1.489
   1.630
   1.773
   1.933
   2.095
   2.267
   2.440
   2.617
   2.788
   2.957
   3.117
   3.278
   3.439
   3.597
   3.755
   3.910
   4.069
   4.232
   4.396
   4.557
   4.705
   4.825
   4.924
   4.987
   5.041
   5.109
   5.180
   5.320
   5.473
   5.619
   5.781
   5.944
   6.101
   6.286
   6.484
   6.669
   6.818
   6.932
   7.001
   7.024
   7.007
   6.955
   6.875
   6.756
   6.618
   6.463
   6.312
   6.200
   6.104
   6.020
   5.921
   5.589
   0.000
 -65.534
 -65.534
 -65.534
 -65.534
   0.584
   0.560
   0.552
   0.540
   0.519
   0.544
   0.595
   0.654
   0.728
   0.825
   0.935
   1.047
   1.165
   1.290
   1.419
   1.557
   1.693
   1.843
   1.995
   2.163
   2.329
   2.500
   2.672
   2.844
   3.025
   3.196
   3.368
   3.542
   3.715
   3.883
   4.055
   4.224
   4.379
   4.510
   4.624
   4.715
   4.811
   4.905
   5.016
   5.154
   5.299
   5.435
   5.589
   5.751
   5.912
   6.081
   6.259
   6.415
   6.539
   6.621
   6.667
   6.681
   6.644
   6.591
   6.512
   6.425
   6.340
   6.249
   6.168
   6.103
   6.041
   5.980
   5.861
   5.524
   0.000
 -65.534
 -65.534
 -65.534
 -65.534
 -65.534
 -65.534
 -65.534
 -65.534
   0.566
   0.548
   0.538
   0.546
   0.578
   0.637
   0.717
   0.808
   0.911
   1.029
   1.158
   1.285
   1.401
   1.525
   1.662
   1.817
   1.980
   2.149
   2.320
   2.496
   2.674
   2.855
   3.029
   3.202
   3.373
   3.540
   3.709
   3.873
   4.034
   4.185
   4.316
   4.438
   4.561
   4.686
   4.842
   4.995
   5.129
   5.273
   5.438
   5.596
   5.724
   5.877
   6.029
   6.163
   6.257
   6.318
   6.343
   6.326
   6.284
   6.226
   6.154
   6.091
   6.054
   6.032
   6.018
   5.979
   5.933
   5.867
   5.741
   5.390
   0.000
 -65.534
 -65.534
 -65.534
 -65.534
 -65.534
 -65.534
   0.443
   0.672
   0.714
   0.594
   0.543
   0.510
   0.502
   0.521
   0.573
   0.645
   0.738
   0.856
   0.980
   1.097
   1.206
   1.310
   1.436
   1.577
   1.735
   1.905
   2.077
   2.254
   2.425
   2.594
   2.754
   2.916
   3.071
   3.226
   3.385
   3.545
   3.700
   3.854
   4.006
   4.159
   4.312
   4.474
   4.642
   4.808
   4.959
   5.112
   5.260
   5.386
   5.529
   5.682
   5.812
   5.921
   5.979
   6.010
   5.998
   5.963
   5.912
   5.845
   5.769
   5.731
   5.739
   5.784
   5.819
   5.806
   5.762
   5.685
   5.562
   5.164
   0.000
 -65.534
 -65.534
 -65.534
 -65.534
 -65.534
 -65.534
 -65.534
 -65.534
 -65.534
   0.748
   0.673
   0.621
   0.590
   0.569
   0.559
   0.562
   0.647
   0.762
   0.890
   1.001
   1.090
   1.184
   1.299
   1.436
   1.592
   1.760
   1.933
   2.103
   2.265
   2.420
   2.563
   2.705
   2.843
   2.984
   3.122
   3.265
   3.412
   3.562
   3.718
   3.880
   4.050
   4.231
   4.414
   4.581
   4.739
   4.888
   5.034
   5.159
   5.287
   5.403
   5.506
   5.578
   5.615
   5.619
   5.582
   5.528
   5.459
   5.380
   5.312
   5.302
   5.355
   5.446
   5.510
   5.506
   5.467
   5.405
   5.271
   4.845
   0.000
 -65.534
 -65.534
 -65.534
 -65.534
 -65.534
 -65.534
 -65.534
 -65.534
 -65.534
 -65.534
 -65.534
 -65.534
 -65.534
 -65.534
 -65.534
   0.718
   0.753
   0.818
   0.904
   0.965
   1.046
   1.139
   1.246
   1.374
   1.527
   1.689
   1.857
   2.019
   2.171
   2.314
   2.444
   2.565
   2.684
   2.808
   2.932
   3.054
   3.184
   3.317
   3.461
   3.622
   3.791
   3.972
   4.154
   4.328
   4.487
   4.628
   4.762
   4.884
   4.998
   5.100
   5.182
   5.231
   5.243
   5.213
   5.142
   5.046
   4.950
   4.862
   4.809
   4.836
   4.932
   5.041
   5.112
   5.127
   5.106
   5.031
   4.894
   4.442
   0.000
 -65.534
 -65.534
 -65.534
 -65.534
 -65.534
 -65.534
 -65.534
 -65.534
 -65.534
 -65.534
 -65.534
 -65.534
 -65.534
 -65.534
 -65.534
 -65.534
 -65.534
 -65.534
 -65.534
   1.032
   1.084
   1.162
   1.258
   1.378
   1.518
   1.672
   1.827
   1.981
   2.120
   2.249
   2.364
   2.471
   2.576
   2.685
   2.795
   2.904
   3.015
   3.130
   3.253
   3.395
   3.552
   3.723
   3.897
   4.060
   4.208
   4.340
   4.464
   4.579
   4.675
   4.760
   4.826
   4.861
   4.849
   4.787
   4.684
   4.549
   4.419
   4.331
   4.307
   4.372
   4.500
   4.612
   4.696
   4.721
   4.685
   4.607
   4.468
   4.001
   0.000
 -65.534
 -65.534
 -65.534
 -65.534
 -65.534
 -65.534
 -65.534
 -65.534
 -65.534
 -65.534
 -65.534
 -65.534
 -65.534
 -65.534
 -65.534
 -65.534
 -65.534
 -65.534
   0.847
   1.190
   1.187
   1.241
   1.326
   1.438
   1.564
   1.699
   1.837
   1.975
   2.099
   2.212
   2.316
   2.413
   2.504
   2.600
   2.696
   2.793
   2.888
   2.982
   3.084
   3.207
   3.343
   3.495
   3.650
   3.793
   3.924
   4.032
   4.134
   4.230
   4.321
   4.393
   4.446
   4.470
   4.443
   4.353
   4.218
   4.053
   3.906
   3.824
   3.829
   3.924
   4.056
   4.167
   4.248
   4.266
   4.224
   4.137
   3.998
   3.533
   0.000
 -65.534
 -65.534
 -65.534
 -65.534
 -65.534
 -65.534
 -65.534
 -65.534
 -65.534
 -65.534
 -65.534
 -65.534
 -65.534
 -65.534
 -65.534
 -65.534
 -65.534
   0.821
   1.231
   1.307
   1.315
   1.339
   1.403
   1.506
   1.616
   1.733
   1.855
   1.974
   2.085
   2.186
   2.278
   2.363
   2.440
   2.516
   2.590
   2.669
   2.746
   2.826
   2.909
   3.008
   3.129
   3.267
   3.406
   3.530
   3.633
   3.718
   3.797
   3.867
   3.931
   3.997
   4.045
   4.066
   4.034
   3.928
   3.782
   3.611
   3.462
   3.398
   3.425
   3.529
   3.652
   3.754
   3.816
   3.812
   3.761
   3.662
   3.521
   3.079
   0.000
 -65.534
 -65.534
 -65.534
 -65.534
 -65.534
 -65.534
 -65.534
 -65.534
 -65.534
 -65.534
 -65.534
 -65.534
 -65.534
 -65.534
 -65.534
 -65.534
 -65.534
   1.184
   1.384
   1.419
   1.428
   1.439
   1.478
   1.556
   1.656
   1.752
   1.856
   1.958
   2.055
   2.144
   2.226
   2.298
   2.360
   2.415
   2.467
   2.525
   2.581
   2.642
   2.708
   2.790
   2.895
   3.015
   3.136
   3.239
   3.319
   3.389
   3.447
   3.504
   3.551
   3.601
   3.643
   3.695
   3.689
   3.602
   3.473
   3.316
   3.159
   3.086
   3.110
   3.190
   3.288
   3.365
   3.401
   3.387
   3.324
   3.230
   3.088
   2.639
   0.000
 -65.534
 -65.534
 -65.534
 -65.534
 -65.534
 -65.534
 -65.534
 -65.534
 -65.534
 -65.534
 -65.534
 -65.534
 -65.534
 -65.534
 -65.534
 -65.534
 -65.534
   1.385
   1.503
   1.537
   1.537
   1.544
   1.561
   1.607
   1.690
   1.765
   1.842
   1.929
   2.013
   2.090
   2.160
   2.218
   2.266
   2.302
   2.340
   2.377
   2.416
   2.459
   2.514
   2.582
   2.671
   2.767
   2.863
   2.938
   2.993
   3.046
   3.092
   3.134
   3.173
   3.206
   3.245
   3.302
   3.312
   3.275
   3.207
   3.094
   2.964
   2.886
   2.878
   2.912
   2.957
   2.988
   2.997
   2.965
   2.870
   2.766
   2.624
   2.233
   0.000
 -65.534
 -65.534
 -65.534
 -65.534
 -65.534
 -65.534
 -65.534
 -65.534
 -65.534
 -65.534
 -65.534
 -65.534
 -65.534
 -65.534
 -65.534
 -65.534
 -65.534
   1.576
   1.612
   1.639
   1.640
   1.642
   1.653
   1.676
   1.719
   1.785
   1.837
   1.899
   1.968
   2.034
   2.092
   2.137
   2.169
   2.199
   2.222
   2.248
   2.275
   2.311
   2.353
   2.415
   2.486
   2.552
   2.614
   2.660
   2.691
   2.719
   2.743
   2.771
   2.800
   2.823
   2.864
   2.921
   2.957
   2.970
   2.962
   2.914
   2.837
   2.744
   2.707
   2.690
   2.680
   2.661
   2.620
   2.554
   2.447
   2.337
   2.197
   1.823
   0.000
 -65.534
 -65.534
 -65.534
 -65.534
 -65.534
 -65.534
 -65.534
 -65.534
 -65.534
 -65.534
 -65.534
 -65.534
 -65.534
 -65.534
 -65.534
 -65.534
 -65.534
 -65.534
   1.709
   1.713
   1.726
   1.735
   1.740
   1.747
   1.759
   1.790
   1.830
   1.880
   1.933
   1.988
   2.036
   2.065
   2.081
   2.097
   2.113
   2.134
   2.159
   2.193
   2.238
   2.286
   2.330
   2.370
   2.396
   2.412
   2.420
   2.426
   2.429
   2.436
   2.441
   2.465
   2.502
   2.565
   2.613
   2.654
   2.679
   2.685
   2.642
   2.586
   2.536
   2.490
   2.446
   2.388
   2.309
   2.208
   2.089
   1.942
   1.783
   1.421
   0.000
 -65.534
 -65.534
 -65.534
 -65.534
 -65.534
 -65.534
 -65.534
 -65.534
 -65.534
 -65.534
 -65.534
 -65.534
 -65.534
 -65.534
 -65.534
 -65.534
 -65.534
 -65.534
 -65.534
   1.773
   1.783
   1.799
   1.805
   1.796
   1.794
   1.803
   1.827
   1.860
   1.905
   1.947
   1.981
   1.995
   1.999
   2.002
   2.019
   2.048
   2.060
   2.095
   2.130
   2.166
   2.209
   2.221
   2.220
   2.212
   2.197
   2.184
   2.176
   2.165
   2.155
   2.170
   2.175
   2.230
   2.274
   2.306
   2.334
   2.351
   2.347
   2.330
   2.296
   2.251
   2.207
   2.145
   2.051
   1.923
   1.778
   1.605
   1.407
   1.043
   0.000
 -65.534
 -65.534
 -65.534
 -65.534
 -65.534
 -65.534
 -65.534
 -65.534
 -65.534
 -65.534
 -65.534
 -65.534
 -65.534
 -65.534
 -65.534
 -65.534
 -65.534
 -65.534
 -65.534
 -65.534
   1.794
   1.818
   1.825
   1.823
   1.810
   1.816
   1.834
   1.855
   1.881
   1.905
   1.921
   1.916
   1.888
   1.844
   1.774
   1.569
 -65.534
 -65.534
 -65.534
 -65.534
   2.039
   2.113
   2.109
   2.069
   2.030
   2.004
   1.979
   1.949
   1.923
   1.911
   1.920
   1.956
   1.985
   2.009
   2.037
   2.043
   2.038
   2.027
   2.013
   1.981
   1.936
   1.861
   1.755
   1.615
   1.470
   1.292
   1.087
   0.723
   0.000
 -65.534
 -65.534
 -65.534
 -65.534
 -65.534
 -65.534
 -65.534
 -65.534
 -65.534
 -65.534
 -65.534
 -65.534
 -65.534
 -65.534
 -65.534
 -65.534
 -65.534
 -65.534
 -65.534
 -65.534
 -65.534
 -65.534
 -65.534
 -65.534
   1.795
   1.817
   1.837
   1.858
   1.873
   1.876
   1.863
   1.830
   1.773
   1.688
   1.551
   1.308
 -65.534
 -65.534
 -65.534
 -65.534
 -65.534
 -65.534
   1.942
   1.979
   1.940
   1.898
   1.838
   1.800
   1.768
   1.756
   1.762
   1.764
   1.776
   1.788
   1.789
   1.777
   1.760
   1.734
   1.705
   1.658
   1.583
   1.497
   1.385
   1.243
   1.090
   0.937
   0.742
   0.418
   0.000
 -65.534
 -65.534
 -65.534
 -65.534
 -65.534
 -65.534
 -65.534
 -65.534
 -65.534
 -65.534
 -65.534
 -65.534
 -65.534
 -65.534
 -65.534
 -65.534
 -65.534
 -65.534
 -65.534
 -65.534
 -65.534
 -65.534
 -65.534
 -65.534
   1.741
   1.772
   1.797
   1.821
   1.834
   1.827
   1.793
   1.738
   1.658
   1.553
   1.416
   1.229
 -65.534
 -65.534
 -65.534
 -65.534
 -65.534
 -65.534
 -65.534
   1.838
   1.862
   1.823
   1.766
   1.713
   1.672
   1.623
   1.603
   1.597
   1.596
   1.583
   1.565
   1.527
   1.474
   1.416
   1.360
   1.295
   1.215
   1.114
   0.996
   0.855
   0.699
   0.534
   0.358
   0.075
   0.000
 -65.534
 -65.534
 -65.534
 -65.534
 -65.534
 -65.534
 -65.534
 -65.534
 -65.534
 -65.534
 -65.534
 -65.534
 -65.534
 -65.534
 -65.534
 -65.534
 -65.534
 -65.534
 -65.534
 -65.534
 -65.534
 -65.534
 -65.534
 -65.534
 -65.534
 -65.534
 -65.534
 -65.534
 -65.534
   1.736
   1.689
   1.629
   1.561
   1.456
   1.333
   1.153
   0.386
 -65.534
 -65.534
 -65.534
 -65.534
 -65.534
 -65.534
   1.533
   1.466
 -65.534
   1.563
   1.618
   1.600
   1.593
   1.561
   1.529
   1.481
   1.431
   1.366
   1.291
   1.205
   1.122
   1.043
   0.962
   0.861
   0.749
   0.612
   0.459
   0.296
   0.125
  -0.048
  -0.294
   0.000
 -65.534
 -65.534
 -65.534
 -65.534
 -65.534
 -65.534
 -65.534
 -65.534
 -65.534
 -65.534
 -65.534
 -65.534
 -65.534
 -65.534
 -65.534
 -65.534
 -65.534
 -65.534
 -65.534
 -65.534
 -65.534
 -65.534
 -65.534
 -65.534
 -65.534
 -65.534
 -65.534
 -65.534
 -65.534
 -65.534
 -65.534
 -65.534
   1.503
   1.401
   1.288
   1.104
   0.551
   0.186
 -65.534
 -65.534
 -65.534
 -65.534
 -65.534
 -65.534
 -65.534
 -65.534
 -65.534
 -65.534
 -65.534
   1.363
   1.439
   1.414
   1.413
   1.333
   1.230
   1.095
   0.978
   0.871
   0.766
   0.656
   0.534
   0.398
   0.247
   0.082
  -0.085
  -0.259
  -0.430
  -0.644
   0.000
 -65.534
 -65.534
 -65.534
 -65.534
 -65.534
 -65.534
 -65.534
 -65.534
 -65.534
 -65.534
 -65.534
 -65.534
 -65.534
 -65.534
 -65.534
 -65.534
 -65.534
 -65.534
 -65.534
 -65.534
 -65.534
 -65.534
 -65.534
 -65.534
 -65.534
 -65.534
 -65.534
 -65.534
 -65.534
 -65.534
 -65.534
 -65.534
   1.391
   1.310
   1.197
   1.012
   0.635
   0.287
   0.094
   0.029
 -65.534
 -65.534
 -65.534
 -65.534
 -65.534
 -65.534
 -65.534
 -65.534
 -65.534
 -65.534
 -65.534
 -65.534
   1.075
   1.108
   1.016
   0.914
   0.776
   0.639
   0.507
   0.374
   0.226
   0.071
  -0.089
  -0.263
  -0.436
  -0.586
  -0.735
  -0.917
   0.000
 -65.534
 -65.534
 -65.534
 -65.534
 -65.534
 -65.534
 -65.534
 -65.534
 -65.534
 -65.534
 -65.534
 -65.534
 -65.534
 -65.534
 -65.534
 -65.534
 -65.534
 -65.534
 -65.534
 -65.534
 -65.534
 -65.534
 -65.534
 -65.534
 -65.534
 -65.534
 -65.534
 -65.534
 -65.534
 -65.534
 -65.534
 -65.534
 -65.534
 -65.534
 -65.534
 -65.534
   0.595
   0.351
   0.161
   0.043
  -0.007
  -0.024
  -0.055
  -0.084
  -0.132
 -65.534
 -65.534
 -65.534
 -65.534
 -65.534
 -65.534
 -65.534
 -65.534
 -65.534
 -65.534
   0.567
   0.552
   0.435
   0.292
   0.117
  -0.055
  -0.220
  -0.392
  -0.565
  -0.728
  -0.865
  -0.990
  -1.139
   0.000
 -65.534
 -65.534
 -65.534
 -65.534
 -65.534
 -65.534
 -65.534
 -65.534
 -65.534
 -65.534
 -65.534
 -65.534
 -65.534
 -65.534
 -65.534
 -65.534
 -65.534
 -65.534
 -65.534
 -65.534
 -65.534
 -65.534
 -65.534
 -65.534
 -65.534
 -65.534
 -65.534
 -65.534
 -65.534
 -65.534
 -65.534
 -65.534
 -65.534
 -65.534
 -65.534
 -65.534
 -65.534
 -65.534
 -65.534
 -65.534
   0.050
 -65.534
 -65.534
 -65.534
 -65.534
 -65.534
 -65.534
 -65.534
 -65.534
 -65.534
 -65.534
 -65.534
 -65.534
 -65.534
 -65.534
   0.106
   0.195
   0.159
   0.049
  -0.095
  -0.279
  -0.485
  -0.660
  -0.820
  -0.971
  -1.088
  -1.191
  -1.313
   0.000
 -65.534
 -65.534
 -65.534
 -65.534
 -65.534
 -65.534
 -65.534
 -65.534
 -65.534
 -65.534
 -65.534
 -65.534
 -65.534
 -65.534
 -65.534
 -65.534
 -65.534
 -65.534
 -65.534
 -65.534
 -65.534
 -65.534
 -65.534
 -65.534
 -65.534
 -65.534
 -65.534
 -65.534
 -65.534
 -65.534
 -65.534
 -65.534
 -65.534
 -65.534
 -65.534
 -65.534
 -65.534
 -65.534
 -65.534
 -65.534
 -65.534
 -65.534
 -65.534
 -65.534
 -65.534
 -65.534
 -65.534
 -65.534
 -65.534
 -65.534
 -65.534
 -65.534
 -65.534
 -65.534
 -65.534
 -65.534
 -65.534
 -65.534
 -65.534
  -0.291
  -0.472
  -0.665
  -0.848
  -0.990
  -1.114
  -1.217
  -1.285
  -1.404
   0.000
 -65.534
 -65.534
 -65.534
 -65.534
 -65.534
 -65.534
 -65.534
 -65.534
 -65.534
 -65.534
 -65.534
 -65.534
 -65.534
 -65.534
 -65.534
 -65.534
 -65.534
 -65.534
 -65.534
 -65.534
 -65.534
 -65.534
 -65.534
 -65.534
 -65.534
 -65.534
 -65.534
 -65.534
 -65.534
 -65.534
 -65.534
 -65.534
 -65.534
 -65.534
 -65.534
 -65.534
 -65.534
 -65.534
 -65.534
 -65.534
 -65.534
 -65.534
 -65.534
 -65.534
 -65.534
 -65.534
 -65.534
 -65.534
 -65.534
 -65.534
 -65.534
 -65.534
 -65.534
 -65.534
 -65.534
 -65.534
 -65.534
 -65.534
 -65.534
 -65.534
 -65.534
   0.000
   0.000
   0.000
   0.000
   0.000
   0.000
   0.000
 -65.534
