 -65.534
   0.000
   0.000
   0.000
   0.000
   0.000
   0.000
   0.000
   0.000
   0.000
   0.000
   0.000
   0.000
   0.000
   0.000
   0.000
   0.000
   0.000
   0.000
   0.000
   0.000
   0.000
   0.000
   0.000
   0.000
   0.000
   0.000
   0.000
   0.000
   0.000
   0.000
   0.000
   0.000
   0.000
   0.000
   0.000
   0.000
   0.000
   0.000
   0.000
   0.000
   0.000
   0.000
   0.000
   0.000
   0.000
   0.000
   0.000
   0.000
   0.000
   0.000
   0.000
   0.000
   0.000
   0.000
   0.000
   0.000
   0.000
   0.000
   0.000
   0.000
   0.000
   0.000
   0.000
   0.000
   0.000
   0.000
   0.000
 -65.534
   0.000
   1.235
   1.368
   1.452
   1.538
   1.613
   1.674
   1.724
   1.762
   1.792
   1.824
   1.851
   1.871
   1.882
   1.878
   1.869
   1.853
   1.851
   1.875
   1.922
   1.991
   2.072
   2.147
   2.248
   2.209
   2.113
   2.021
   1.953
   1.893
   1.864
   1.835
   1.792
   1.770
   1.759
   1.707
   1.671
   1.610
   1.562
   1.537
   1.500
   1.475
   1.448
   1.409
   1.369
   1.316
   1.242
   1.175
   1.125
   1.095
   1.094
   1.116
   1.155
   1.219
   1.292
   1.393
   1.488
   1.579
   1.665
   1.750
   1.840
   1.921
   1.982
   2.042
   2.098
   2.128
   2.141
   2.148
   2.110
   0.000
   0.000
   1.367
   1.489
   1.555
   1.635
   1.714
   1.787
   1.852
   1.902
   1.948
   1.989
   2.026
   2.054
   2.065
   2.060
   2.044
   2.024
   2.013
   2.016
   2.034
   2.069
   2.113
   2.146
   2.197
   2.157
   2.083
   2.014
   1.959
   1.924
   1.906
   1.893
   1.881
   1.869
   1.867
   1.839
   1.798
   1.745
   1.685
   1.635
   1.594
   1.555
   1.524
   1.480
   1.440
   1.386
   1.321
   1.271
   1.242
   1.233
   1.246
   1.283
   1.339
   1.417
   1.516
   1.629
   1.743
   1.858
   1.968
   2.074
   2.173
   2.271
   2.353
   2.431
   2.497
   2.538
   2.564
   2.585
   2.540
   0.000
   0.000
   1.389
   1.500
   1.553
   1.619
   1.691
   1.765
   1.836
   1.898
   1.953
   2.002
   2.044
   2.072
   2.081
   2.072
   2.053
   2.027
   2.007
   2.000
   2.004
   2.018
   2.036
   2.047
   2.046
   2.028
   1.975
   1.927
   1.893
   1.874
   1.868
   1.866
   1.869
   1.879
   1.880
   1.866
   1.843
   1.800
   1.746
   1.694
   1.647
   1.606
   1.567
   1.521
   1.469
   1.411
   1.353
   1.315
   1.302
   1.310
   1.338
   1.385
   1.448
   1.530
   1.633
   1.747
   1.872
   1.997
   2.115
   2.224
   2.329
   2.431
   2.520
   2.602
   2.673
   2.727
   2.758
   2.787
   2.739
   0.000
   0.000
   1.407
   1.511
   1.550
   1.600
   1.657
   1.723
   1.789
   1.852
   1.907
   1.960
   2.001
   2.030
   2.042
   2.036
   2.013
   1.985
   1.965
   1.952
   1.945
   1.949
   1.962
   1.963
   1.944
   1.925
   1.889
   1.866
   1.852
   1.855
   1.861
   1.871
   1.883
   1.900
   1.913
   1.913
   1.903
   1.874
   1.831
   1.781
   1.738
   1.695
   1.653
   1.603
   1.548
   1.487
   1.436
   1.406
   1.403
   1.420
   1.452
   1.502
   1.565
   1.642
   1.739
   1.846
   1.969
   2.093
   2.214
   2.330
   2.438
   2.539
   2.628
   2.710
   2.786
   2.851
   2.894
   2.931
   2.880
   0.000
   0.000
   1.427
   1.523
   1.555
   1.592
   1.632
   1.681
   1.735
   1.792
   1.844
   1.890
   1.928
   1.951
   1.960
   1.959
   1.940
   1.916
   1.896
   1.885
   1.875
   1.877
   1.884
   1.882
   1.870
   1.839
   1.820
   1.829
   1.844
   1.866
   1.888
   1.903
   1.921
   1.943
   1.956
   1.963
   1.964
   1.950
   1.919
   1.879
   1.843
   1.804
   1.762
   1.711
   1.656
   1.600
   1.553
   1.527
   1.531
   1.558
   1.596
   1.646
   1.706
   1.773
   1.854
   1.949
   2.056
   2.175
   2.295
   2.406
   2.515
   2.620
   2.710
   2.792
   2.872
   2.940
   2.990
   3.035
   2.986
   0.000
   0.000
   1.435
   1.535
   1.564
   1.593
   1.621
   1.654
   1.696
   1.743
   1.788
   1.828
   1.858
   1.879
   1.889
   1.886
   1.870
   1.853
   1.837
   1.823
   1.812
   1.808
   1.807
   1.796
   1.782
   1.773
   1.798
   1.834
   1.875
   1.916
   1.947
   1.965
   1.985
   1.998
   2.009
   2.021
   2.032
   2.029
   2.017
   1.991
   1.963
   1.929
   1.892
   1.848
   1.795
   1.741
   1.688
   1.658
   1.662
   1.691
   1.735
   1.790
   1.846
   1.902
   1.970
   2.047
   2.143
   2.257
   2.371
   2.473
   2.580
   2.685
   2.776
   2.852
   2.935
   3.009
   3.066
   3.109
   3.067
   0.000
   0.000
   1.430
   1.540
   1.569
   1.596
   1.618
   1.643
   1.676
   1.713
   1.751
   1.789
   1.816
   1.833
   1.841
   1.837
   1.825
   1.810
   1.797
   1.784
   1.772
   1.765
   1.764
   1.760
   1.761
   1.777
   1.819
   1.875
   1.933
   1.988
   2.026
   2.047
   2.059
   2.064
   2.074
   2.083
   2.102
   2.115
   2.116
   2.105
   2.090
   2.068
   2.043
   2.006
   1.957
   1.901
   1.839
   1.795
   1.785
   1.804
   1.849
   1.904
   1.958
   2.010
   2.065
   2.136
   2.225
   2.331
   2.436
   2.536
   2.641
   2.739
   2.823
   2.903
   2.988
   3.064
   3.123
   3.170
   3.140
   0.000
   0.000
   1.404
   1.528
   1.565
   1.596
   1.617
   1.640
   1.664
   1.695
   1.735
   1.770
   1.794
   1.810
   1.818
   1.817
   1.805
   1.792
   1.780
   1.767
   1.757
   1.750
   1.753
   1.762
   1.776
   1.810
   1.864
   1.933
   2.003
   2.066
   2.108
   2.128
   2.137
   2.138
   2.142
   2.149
   2.170
   2.193
   2.207
   2.213
   2.214
   2.212
   2.197
   2.178
   2.140
   2.083
   2.011
   1.955
   1.932
   1.929
   1.950
   1.990
   2.037
   2.084
   2.140
   2.207
   2.293
   2.394
   2.495
   2.592
   2.694
   2.787
   2.870
   2.952
   3.038
   3.115
   3.171
   3.220
   3.199
   0.000
   0.000
   1.348
   1.483
   1.537
   1.579
   1.606
   1.629
   1.654
   1.688
   1.724
   1.759
   1.782
   1.800
   1.807
   1.808
   1.800
   1.790
   1.780
   1.770
   1.763
   1.763
   1.769
   1.783
   1.809
   1.852
   1.916
   1.989
   2.070
   2.140
   2.182
   2.201
   2.208
   2.210
   2.207
   2.215
   2.235
   2.265
   2.289
   2.307
   2.326
   2.338
   2.340
   2.332
   2.315
   2.271
   2.207
   2.139
   2.097
   2.078
   2.072
   2.078
   2.104
   2.144
   2.195
   2.254
   2.331
   2.425
   2.523
   2.619
   2.718
   2.820
   2.908
   2.994
   3.079
   3.155
   3.215
   3.269
   3.249
   0.000
   0.000
   1.280
   1.414
   1.479
   1.536
   1.574
   1.602
   1.633
   1.668
   1.706
   1.743
   1.770
   1.789
   1.801
   1.805
   1.801
   1.795
   1.791
   1.787
   1.783
   1.787
   1.800
   1.820
   1.850
   1.898
   1.966
   2.045
   2.128
   2.195
   2.241
   2.263
   2.275
   2.278
   2.279
   2.288
   2.311
   2.339
   2.368
   2.393
   2.424
   2.445
   2.459
   2.465
   2.460
   2.437
   2.391
   2.330
   2.273
   2.234
   2.207
   2.188
   2.188
   2.204
   2.237
   2.279
   2.339
   2.414
   2.500
   2.594
   2.701
   2.814
   2.915
   3.008
   3.102
   3.183
   3.252
   3.311
   3.293
   0.000
   0.000
   1.215
   1.341
   1.406
   1.470
   1.517
   1.561
   1.597
   1.632
   1.672
   1.710
   1.745
   1.773
   1.792
   1.802
   1.805
   1.806
   1.805
   1.805
   1.808
   1.817
   1.835
   1.857
   1.885
   1.937
   2.002
   2.079
   2.164
   2.235
   2.284
   2.315
   2.336
   2.348
   2.356
   2.370
   2.394
   2.424
   2.450
   2.478
   2.510
   2.537
   2.563
   2.579
   2.581
   2.571
   2.546
   2.503
   2.453
   2.401
   2.360
   2.326
   2.303
   2.290
   2.296
   2.314
   2.339
   2.383
   2.455
   2.546
   2.656
   2.781
   2.895
   3.006
   3.116
   3.211
   3.293
   3.357
   3.331
   0.000
   0.000
   1.149
   1.283
   1.340
   1.394
   1.442
   1.493
   1.538
   1.581
   1.623
   1.665
   1.701
   1.736
   1.765
   1.785
   1.798
   1.808
   1.817
   1.824
   1.832
   1.846
   1.865
   1.886
   1.918
   1.967
   2.031
   2.105
   2.184
   2.258
   2.318
   2.358
   2.392
   2.416
   2.432
   2.453
   2.480
   2.509
   2.535
   2.561
   2.589
   2.621
   2.648
   2.673
   2.685
   2.682
   2.667
   2.643
   2.606
   2.560
   2.517
   2.474
   2.438
   2.403
   2.379
   2.360
   2.351
   2.363
   2.410
   2.493
   2.605
   2.734
   2.861
   2.991
   3.121
   3.239
   3.330
   3.395
   3.362
   0.000
 -65.534
 -65.534
   1.171
   1.269
   1.314
   1.361
   1.408
   1.460
   1.506
   1.553
   1.596
   1.640
   1.678
   1.717
   1.746
   1.772
   1.791
   1.811
   1.827
   1.845
   1.863
   1.887
   1.912
   1.946
   1.995
   2.059
   2.131
   2.207
   2.282
   2.345
   2.397
   2.444
   2.479
   2.504
   2.531
   2.560
   2.589
   2.613
   2.635
   2.664
   2.693
   2.725
   2.754
   2.770
   2.778
   2.770
   2.754
   2.729
   2.692
   2.654
   2.615
   2.563
   2.511
   2.457
   2.409
   2.372
   2.354
   2.377
   2.445
   2.555
   2.689
   2.829
   2.983
   3.130
   3.263
   3.367
   3.437
   3.392
   0.000
 -65.534
 -65.534
 -65.534
   1.143
   1.225
   1.271
   1.319
   1.365
   1.413
   1.460
   1.506
   1.553
   1.594
   1.638
   1.677
   1.713
   1.743
   1.776
   1.802
   1.832
   1.857
   1.887
   1.922
   1.966
   2.020
   2.086
   2.156
   2.229
   2.305
   2.369
   2.429
   2.482
   2.526
   2.567
   2.608
   2.634
   2.664
   2.688
   2.708
   2.732
   2.760
   2.796
   2.827
   2.847
   2.857
   2.854
   2.838
   2.820
   2.800
   2.772
   2.738
   2.682
   2.617
   2.539
   2.462
   2.404
   2.367
   2.362
   2.411
   2.517
   2.658
   2.813
   2.971
   3.135
   3.279
   3.390
   3.474
   3.427
   0.000
 -65.534
 -65.534
 -65.534
 -65.534
   1.108
   1.179
   1.221
   1.263
   1.304
   1.349
   1.399
   1.444
   1.490
   1.535
   1.581
   1.623
   1.664
   1.702
   1.739
   1.774
   1.813
   1.853
   1.899
   1.954
   2.020
   2.093
   2.167
   2.240
   2.313
   2.378
   2.441
   2.498
   2.551
   2.606
   2.655
   2.697
   2.737
   2.754
   2.774
   2.795
   2.824
   2.858
   2.889
   2.910
   2.922
   2.921
   2.911
   2.894
   2.881
   2.865
   2.839
   2.784
   2.711
   2.629
   2.537
   2.460
   2.410
   2.394
   2.423
   2.517
   2.657
   2.815
   2.978
   3.140
   3.286
   3.405
   3.494
   3.440
   0.000
 -65.534
 -65.534
 -65.534
 -65.534
   1.026
   1.088
   1.125
   1.155
   1.189
   1.230
   1.278
   1.323
   1.373
   1.420
   1.468
   1.512
   1.555
   1.600
   1.641
   1.679
   1.722
   1.774
   1.829
   1.893
   1.970
   2.053
   2.135
   2.216
   2.291
   2.361
   2.426
   2.487
   2.547
   2.609
   2.672
   2.730
   2.778
   2.807
   2.831
   2.843
   2.868
   2.899
   2.929
   2.951
   2.965
   2.966
   2.963
   2.951
   2.939
   2.929
   2.906
   2.862
   2.796
   2.716
   2.628
   2.545
   2.491
   2.464
   2.476
   2.554
   2.688
   2.844
   3.003
   3.155
   3.288
   3.399
   3.486
   3.421
   0.000
 -65.534
 -65.534
 -65.534
 -65.534
   0.971
   1.011
   1.036
   1.059
   1.079
   1.116
   1.159
   1.202
   1.250
   1.296
   1.344
   1.393
   1.432
   1.474
   1.517
   1.561
   1.608
   1.659
   1.718
   1.786
   1.867
   1.954
   2.046
   2.136
   2.222
   2.300
   2.374
   2.441
   2.508
   2.577
   2.651
   2.721
   2.782
   2.824
   2.853
   2.866
   2.882
   2.907
   2.940
   2.964
   2.979
   2.984
   2.986
   2.983
   2.978
   2.971
   2.957
   2.926
   2.872
   2.804
   2.723
   2.643
   2.582
   2.548
   2.549
   2.609
   2.732
   2.884
   3.035
   3.172
   3.287
   3.383
   3.455
   3.372
   0.000
 -65.534
 -65.534
 -65.534
 -65.534
   0.947
   0.965
   0.978
   0.982
   0.998
   1.021
   1.055
   1.092
   1.131
   1.175
   1.218
   1.262
   1.303
   1.349
   1.393
   1.432
   1.477
   1.525
   1.581
   1.650
   1.728
   1.817
   1.911
   2.009
   2.104
   2.191
   2.274
   2.349
   2.424
   2.500
   2.579
   2.664
   2.735
   2.792
   2.830
   2.850
   2.865
   2.889
   2.920
   2.942
   2.961
   2.979
   2.989
   2.993
   2.999
   3.000
   2.998
   2.981
   2.945
   2.892
   2.819
   2.741
   2.674
   2.632
   2.619
   2.660
   2.773
   2.921
   3.061
   3.185
   3.286
   3.366
   3.419
   3.312
   0.000
 -65.534
 -65.534
 -65.534
 -65.534
 -65.534
 -65.534
 -65.534
 -65.534
   0.919
   0.953
   0.977
   1.003
   1.033
   1.066
   1.099
   1.134
   1.176
   1.222
   1.271
   1.318
   1.357
   1.398
   1.442
   1.505
   1.584
   1.671
   1.764
   1.860
   1.957
   2.050
   2.137
   2.219
   2.299
   2.381
   2.468
   2.556
   2.638
   2.708
   2.759
   2.793
   2.818
   2.845
   2.876
   2.908
   2.932
   2.953
   2.970
   2.989
   3.007
   3.023
   3.031
   3.032
   3.016
   2.977
   2.919
   2.842
   2.764
   2.705
   2.680
   2.702
   2.796
   2.930
   3.066
   3.184
   3.279
   3.352
   3.386
   3.254
   0.000
 -65.534
 -65.534
 -65.534
 -65.534
 -65.534
 -65.534
   0.607
   0.736
   0.884
   0.911
   0.928
   0.942
   0.960
   0.980
   1.004
   1.033
   1.071
   1.117
   1.167
   1.208
   1.248
   1.287
   1.332
   1.384
   1.448
   1.534
   1.626
   1.723
   1.816
   1.911
   1.995
   2.077
   2.158
   2.241
   2.327
   2.416
   2.504
   2.581
   2.646
   2.699
   2.740
   2.779
   2.817
   2.857
   2.893
   2.919
   2.944
   2.977
   3.007
   3.035
   3.059
   3.078
   3.077
   3.055
   3.016
   2.941
   2.850
   2.774
   2.732
   2.730
   2.792
   2.902
   3.031
   3.149
   3.250
   3.321
   3.348
   3.180
   0.000
 -65.534
 -65.534
 -65.534
 -65.534
 -65.534
 -65.534
 -65.534
 -65.534
 -65.534
   0.882
   0.898
   0.910
   0.917
   0.927
   0.937
   0.965
   1.000
   1.045
   1.092
   1.134
   1.164
   1.196
   1.238
   1.294
   1.362
   1.434
   1.514
   1.604
   1.693
   1.777
   1.857
   1.939
   2.018
   2.100
   2.184
   2.270
   2.354
   2.431
   2.505
   2.573
   2.633
   2.692
   2.746
   2.790
   2.835
   2.874
   2.914
   2.957
   2.999
   3.040
   3.080
   3.120
   3.136
   3.126
   3.092
   3.027
   2.932
   2.837
   2.775
   2.744
   2.776
   2.855
   2.964
   3.075
   3.174
   3.248
   3.273
   3.075
   0.000
 -65.534
 -65.534
 -65.534
 -65.534
 -65.534
 -65.534
 -65.534
 -65.534
 -65.534
 -65.534
 -65.534
 -65.534
 -65.534
 -65.534
 -65.534
   0.895
   0.958
   1.002
   1.045
   1.087
   1.114
   1.143
   1.180
   1.231
   1.296
   1.370
   1.446
   1.516
   1.591
   1.670
   1.745
   1.816
   1.887
   1.962
   2.042
   2.121
   2.202
   2.283
   2.376
   2.456
   2.526
   2.594
   2.652
   2.712
   2.768
   2.820
   2.873
   2.928
   2.978
   3.032
   3.085
   3.135
   3.167
   3.168
   3.145
   3.086
   2.992
   2.891
   2.806
   2.752
   2.751
   2.802
   2.884
   2.977
   3.066
   3.136
   3.156
   2.937
   0.000
 -65.534
 -65.534
 -65.534
 -65.534
 -65.534
 -65.534
 -65.534
 -65.534
 -65.534
 -65.534
 -65.534
 -65.534
 -65.534
 -65.534
 -65.534
 -65.534
 -65.534
 -65.534
 -65.534
   1.025
   1.085
   1.118
   1.156
   1.201
   1.257
   1.324
   1.394
   1.466
   1.533
   1.591
   1.654
   1.719
   1.786
   1.855
   1.928
   2.004
   2.081
   2.160
   2.243
   2.333
   2.413
   2.489
   2.559
   2.626
   2.688
   2.747
   2.805
   2.867
   2.933
   2.989
   3.045
   3.108
   3.150
   3.164
   3.148
   3.100
   3.015
   2.916
   2.821
   2.748
   2.721
   2.744
   2.802
   2.865
   2.929
   2.985
   2.996
   2.761
   0.000
 -65.534
 -65.534
 -65.534
 -65.534
 -65.534
 -65.534
 -65.534
 -65.534
 -65.534
 -65.534
 -65.534
 -65.534
 -65.534
 -65.534
 -65.534
 -65.534
 -65.534
 -65.534
   0.883
   1.072
   1.101
   1.134
   1.164
   1.205
   1.253
   1.307
   1.370
   1.435
   1.498
   1.553
   1.603
   1.657
   1.715
   1.778
   1.848
   1.918
   1.992
   2.064
   2.139
   2.220
   2.308
   2.393
   2.470
   2.540
   2.598
   2.651
   2.703
   2.765
   2.830
   2.896
   2.969
   3.038
   3.092
   3.110
   3.097
   3.054
   2.990
   2.906
   2.817
   2.731
   2.682
   2.682
   2.707
   2.748
   2.779
   2.804
   2.798
   2.549
   0.000
 -65.534
 -65.534
 -65.534
 -65.534
 -65.534
 -65.534
 -65.534
 -65.534
 -65.534
 -65.534
 -65.534
 -65.534
 -65.534
 -65.534
 -65.534
 -65.534
 -65.534
   0.872
   1.086
   1.122
   1.146
   1.169
   1.200
   1.236
   1.272
   1.317
   1.370
   1.429
   1.484
   1.538
   1.583
   1.626
   1.678
   1.732
   1.790
   1.853
   1.912
   1.978
   2.046
   2.121
   2.207
   2.298
   2.383
   2.458
   2.515
   2.559
   2.600
   2.649
   2.711
   2.776
   2.848
   2.925
   2.978
   3.003
   3.004
   2.986
   2.943
   2.875
   2.798
   2.715
   2.636
   2.598
   2.601
   2.612
   2.621
   2.618
   2.586
   2.319
   0.000
 -65.534
 -65.534
 -65.534
 -65.534
 -65.534
 -65.534
 -65.534
 -65.534
 -65.534
 -65.534
 -65.534
 -65.534
 -65.534
 -65.534
 -65.534
 -65.534
 -65.534
   1.036
   1.139
   1.168
   1.194
   1.213
   1.240
   1.267
   1.300
   1.337
   1.381
   1.433
   1.486
   1.536
   1.579
   1.610
   1.654
   1.700
   1.746
   1.795
   1.844
   1.898
   1.955
   2.023
   2.104
   2.192
   2.284
   2.362
   2.420
   2.460
   2.490
   2.531
   2.581
   2.642
   2.712
   2.782
   2.839
   2.873
   2.887
   2.876
   2.851
   2.803
   2.741
   2.662
   2.579
   2.521
   2.490
   2.476
   2.462
   2.444
   2.387
   2.109
   0.000
 -65.534
 -65.534
 -65.534
 -65.534
 -65.534
 -65.534
 -65.534
 -65.534
 -65.534
 -65.534
 -65.534
 -65.534
 -65.534
 -65.534
 -65.534
 -65.534
 -65.534
   1.075
   1.159
   1.195
   1.223
   1.246
   1.274
   1.296
   1.322
   1.353
   1.390
   1.436
   1.486
   1.536
   1.579
   1.603
   1.639
   1.674
   1.711
   1.750
   1.790
   1.832
   1.883
   1.942
   2.013
   2.094
   2.176
   2.248
   2.305
   2.341
   2.369
   2.404
   2.450
   2.505
   2.568
   2.631
   2.687
   2.726
   2.751
   2.756
   2.742
   2.710
   2.666
   2.605
   2.528
   2.456
   2.404
   2.365
   2.331
   2.285
   2.211
   1.935
   0.000
 -65.534
 -65.534
 -65.534
 -65.534
 -65.534
 -65.534
 -65.534
 -65.534
 -65.534
 -65.534
 -65.534
 -65.534
 -65.534
 -65.534
 -65.534
 -65.534
 -65.534
   1.082
   1.156
   1.199
   1.234
   1.264
   1.294
   1.315
   1.332
   1.358
   1.393
   1.432
   1.481
   1.533
   1.574
   1.595
   1.626
   1.659
   1.693
   1.725
   1.758
   1.796
   1.837
   1.889
   1.947
   2.013
   2.079
   2.138
   2.183
   2.219
   2.246
   2.277
   2.315
   2.361
   2.415
   2.475
   2.529
   2.572
   2.598
   2.614
   2.612
   2.598
   2.573
   2.533
   2.475
   2.406
   2.336
   2.278
   2.220
   2.160
   2.072
   1.776
   0.000
 -65.534
 -65.534
 -65.534
 -65.534
 -65.534
 -65.534
 -65.534
 -65.534
 -65.534
 -65.534
 -65.534
 -65.534
 -65.534
 -65.534
 -65.534
 -65.534
 -65.534
 -65.534
   1.120
   1.187
   1.232
   1.267
   1.296
   1.318
   1.329
   1.349
   1.378
   1.417
   1.459
   1.511
   1.557
   1.579
   1.612
   1.643
   1.676
   1.707
   1.737
   1.768
   1.807
   1.851
   1.903
   1.952
   2.002
   2.044
   2.078
   2.106
   2.130
   2.157
   2.188
   2.224
   2.270
   2.319
   2.364
   2.399
   2.433
   2.451
   2.462
   2.464
   2.457
   2.438
   2.394
   2.340
   2.270
   2.195
   2.121
   2.034
   1.916
   1.619
   0.000
 -65.534
 -65.534
 -65.534
 -65.534
 -65.534
 -65.534
 -65.534
 -65.534
 -65.534
 -65.534
 -65.534
 -65.534
 -65.534
 -65.534
 -65.534
 -65.534
 -65.534
 -65.534
 -65.534
   1.141
   1.206
   1.244
   1.274
   1.292
   1.306
   1.320
   1.347
   1.381
   1.421
   1.469
   1.507
   1.541
   1.573
   1.606
   1.649
   1.690
   1.725
   1.758
   1.792
   1.833
   1.861
   1.891
   1.924
   1.955
   1.978
   2.000
   2.018
   2.040
   2.068
   2.101
   2.138
   2.174
   2.207
   2.237
   2.264
   2.288
   2.304
   2.317
   2.321
   2.317
   2.294
   2.248
   2.182
   2.102
   2.012
   1.903
   1.754
   1.431
   0.000
 -65.534
 -65.534
 -65.534
 -65.534
 -65.534
 -65.534
 -65.534
 -65.534
 -65.534
 -65.534
 -65.534
 -65.534
 -65.534
 -65.534
 -65.534
 -65.534
 -65.534
 -65.534
 -65.534
 -65.534
   1.146
   1.205
   1.243
   1.265
   1.280
   1.292
   1.313
   1.341
   1.375
   1.411
   1.433
   1.460
   1.468
   1.450
   1.386
   1.172
 -65.534
 -65.534
 -65.534
 -65.534
   1.681
   1.774
   1.824
   1.856
   1.882
   1.901
   1.919
   1.939
   1.960
   1.985
   2.014
   2.039
   2.065
   2.085
   2.104
   2.125
   2.139
   2.157
   2.169
   2.172
   2.158
   2.120
   2.059
   1.973
   1.874
   1.752
   1.588
   1.251
   0.000
 -65.534
 -65.534
 -65.534
 -65.534
 -65.534
 -65.534
 -65.534
 -65.534
 -65.534
 -65.534
 -65.534
 -65.534
 -65.534
 -65.534
 -65.534
 -65.534
 -65.534
 -65.534
 -65.534
 -65.534
 -65.534
 -65.534
 -65.534
 -65.534
   1.200
   1.247
   1.271
   1.295
   1.320
   1.340
   1.340
   1.340
   1.315
   1.253
   1.124
   0.885
 -65.534
 -65.534
 -65.534
 -65.534
 -65.534
 -65.534
   1.666
   1.756
   1.793
   1.817
   1.831
   1.845
   1.861
   1.877
   1.900
   1.921
   1.938
   1.949
   1.963
   1.972
   1.980
   1.988
   1.999
   2.000
   1.986
   1.953
   1.896
   1.810
   1.703
   1.573
   1.398
   1.081
   0.000
 -65.534
 -65.534
 -65.534
 -65.534
 -65.534
 -65.534
 -65.534
 -65.534
 -65.534
 -65.534
 -65.534
 -65.534
 -65.534
 -65.534
 -65.534
 -65.534
 -65.534
 -65.534
 -65.534
 -65.534
 -65.534
 -65.534
 -65.534
 -65.534
   1.116
   1.171
   1.196
   1.222
   1.247
   1.253
   1.238
   1.206
   1.158
   1.079
   0.959
   0.802
 -65.534
 -65.534
 -65.534
 -65.534
 -65.534
 -65.534
 -65.534
   1.619
   1.696
   1.722
   1.748
   1.752
   1.765
   1.775
   1.790
   1.807
   1.819
   1.829
   1.835
   1.838
   1.840
   1.837
   1.834
   1.824
   1.800
   1.759
   1.698
   1.611
   1.500
   1.366
   1.198
   0.906
   0.000
 -65.534
 -65.534
 -65.534
 -65.534
 -65.534
 -65.534
 -65.534
 -65.534
 -65.534
 -65.534
 -65.534
 -65.534
 -65.534
 -65.534
 -65.534
 -65.534
 -65.534
 -65.534
 -65.534
 -65.534
 -65.534
 -65.534
 -65.534
 -65.534
 -65.534
 -65.534
 -65.534
 -65.534
 -65.534
   1.088
   1.086
   1.059
   1.029
   0.957
   0.871
   0.763
   0.416
 -65.534
 -65.534
 -65.534
 -65.534
 -65.534
 -65.534
   1.304
   1.190
 -65.534
   1.521
   1.599
   1.636
   1.677
   1.694
   1.711
   1.718
   1.720
   1.720
   1.716
   1.712
   1.700
   1.686
   1.665
   1.628
   1.574
   1.500
   1.406
   1.291
   1.156
   0.996
   0.745
   0.000
 -65.534
 -65.534
 -65.534
 -65.534
 -65.534
 -65.534
 -65.534
 -65.534
 -65.534
 -65.534
 -65.534
 -65.534
 -65.534
 -65.534
 -65.534
 -65.534
 -65.534
 -65.534
 -65.534
 -65.534
 -65.534
 -65.534
 -65.534
 -65.534
 -65.534
 -65.534
 -65.534
 -65.534
 -65.534
 -65.534
 -65.534
 -65.534
   0.883
   0.860
   0.814
   0.730
   0.521
   0.335
 -65.534
 -65.534
 -65.534
 -65.534
 -65.534
 -65.534
 -65.534
 -65.534
 -65.534
 -65.534
 -65.534
   1.417
   1.540
   1.585
   1.630
   1.624
   1.613
   1.588
   1.570
   1.551
   1.528
   1.500
   1.455
   1.393
   1.315
   1.221
   1.109
   0.977
   0.822
   0.593
   0.000
 -65.534
 -65.534
 -65.534
 -65.534
 -65.534
 -65.534
 -65.534
 -65.534
 -65.534
 -65.534
 -65.534
 -65.534
 -65.534
 -65.534
 -65.534
 -65.534
 -65.534
 -65.534
 -65.534
 -65.534
 -65.534
 -65.534
 -65.534
 -65.534
 -65.534
 -65.534
 -65.534
 -65.534
 -65.534
 -65.534
 -65.534
 -65.534
   0.779
   0.775
   0.755
   0.688
   0.553
   0.416
   0.307
   0.246
 -65.534
 -65.534
 -65.534
 -65.534
 -65.534
 -65.534
 -65.534
 -65.534
 -65.534
 -65.534
 -65.534
 -65.534
   1.323
   1.417
   1.428
   1.436
   1.406
   1.378
   1.351
   1.318
   1.270
   1.209
   1.137
   1.049
   0.944
   0.827
   0.686
   0.484
   0.000
 -65.534
 -65.534
 -65.534
 -65.534
 -65.534
 -65.534
 -65.534
 -65.534
 -65.534
 -65.534
 -65.534
 -65.534
 -65.534
 -65.534
 -65.534
 -65.534
 -65.534
 -65.534
 -65.534
 -65.534
 -65.534
 -65.534
 -65.534
 -65.534
 -65.534
 -65.534
 -65.534
 -65.534
 -65.534
 -65.534
 -65.534
 -65.534
 -65.534
 -65.534
 -65.534
 -65.534
   0.424
   0.391
   0.337
   0.297
   0.246
   0.209
   0.183
   0.182
   0.186
 -65.534
 -65.534
 -65.534
 -65.534
 -65.534
 -65.534
 -65.534
 -65.534
 -65.534
 -65.534
   1.133
   1.209
   1.202
   1.176
   1.139
   1.092
   1.035
   0.969
   0.893
   0.807
   0.707
   0.584
   0.412
   0.000
 -65.534
 -65.534
 -65.534
 -65.534
 -65.534
 -65.534
 -65.534
 -65.534
 -65.534
 -65.534
 -65.534
 -65.534
 -65.534
 -65.534
 -65.534
 -65.534
 -65.534
 -65.534
 -65.534
 -65.534
 -65.534
 -65.534
 -65.534
 -65.534
 -65.534
 -65.534
 -65.534
 -65.534
 -65.534
 -65.534
 -65.534
 -65.534
 -65.534
 -65.534
 -65.534
 -65.534
 -65.534
 -65.534
 -65.534
 -65.534
   0.179
 -65.534
 -65.534
 -65.534
 -65.534
 -65.534
 -65.534
 -65.534
 -65.534
 -65.534
 -65.534
 -65.534
 -65.534
 -65.534
 -65.534
   0.838
   0.960
   0.981
   0.979
   0.976
   0.928
   0.856
   0.793
   0.736
   0.675
   0.602
   0.500
   0.346
   0.000
 -65.534
 -65.534
 -65.534
 -65.534
 -65.534
 -65.534
 -65.534
 -65.534
 -65.534
 -65.534
 -65.534
 -65.534
 -65.534
 -65.534
 -65.534
 -65.534
 -65.534
 -65.534
 -65.534
 -65.534
 -65.534
 -65.534
 -65.534
 -65.534
 -65.534
 -65.534
 -65.534
 -65.534
 -65.534
 -65.534
 -65.534
 -65.534
 -65.534
 -65.534
 -65.534
 -65.534
 -65.534
 -65.534
 -65.534
 -65.534
 -65.534
 -65.534
 -65.534
 -65.534
 -65.534
 -65.534
 -65.534
 -65.534
 -65.534
 -65.534
 -65.534
 -65.534
 -65.534
 -65.534
 -65.534
 -65.534
 -65.534
 -65.534
 -65.534
   0.699
   0.712
   0.667
   0.614
   0.581
   0.551
   0.516
   0.456
   0.331
   0.000
 -65.534
 -65.534
 -65.534
 -65.534
 -65.534
 -65.534
 -65.534
 -65.534
 -65.534
 -65.534
 -65.534
 -65.534
 -65.534
 -65.534
 -65.534
 -65.534
 -65.534
 -65.534
 -65.534
 -65.534
 -65.534
 -65.534
 -65.534
 -65.534
 -65.534
 -65.534
 -65.534
 -65.534
 -65.534
 -65.534
 -65.534
 -65.534
 -65.534
 -65.534
 -65.534
 -65.534
 -65.534
 -65.534
 -65.534
 -65.534
 -65.534
 -65.534
 -65.534
 -65.534
 -65.534
 -65.534
 -65.534
 -65.534
 -65.534
 -65.534
 -65.534
 -65.534
 -65.534
 -65.534
 -65.534
 -65.534
 -65.534
 -65.534
 -65.534
 -65.534
 -65.534
   0.000
   0.000
   0.000
   0.000
   0.000
   0.000
   0.000
 -65.534
