 -65.534
   0.000
   0.000
   0.000
   0.000
   0.000
   0.000
   0.000
   0.000
   0.000
   0.000
   0.000
   0.000
   0.000
   0.000
   0.000
   0.000
   0.000
   0.000
   0.000
   0.000
   0.000
   0.000
   0.000
   0.000
   0.000
   0.000
   0.000
   0.000
   0.000
   0.000
   0.000
   0.000
   0.000
   0.000
   0.000
   0.000
   0.000
   0.000
   0.000
   0.000
   0.000
   0.000
   0.000
   0.000
   0.000
   0.000
   0.000
   0.000
   0.000
   0.000
   0.000
   0.000
   0.000
   0.000
   0.000
   0.000
   0.000
   0.000
   0.000
   0.000
   0.000
   0.000
   0.000
   0.000
   0.000
   0.000
   0.000
 -65.534
   0.000
   1.666
   1.799
   1.843
   1.877
   1.902
   1.915
   1.923
   1.927
   1.928
   1.935
   1.944
   1.960
   1.983
   2.003
   2.023
   2.041
   2.067
   2.105
   2.146
   2.187
   2.230
   2.273
   2.314
   2.353
   2.382
   2.400
   2.408
   2.410
   2.413
   2.411
   2.419
   2.424
   2.429
   2.431
   2.424
   2.425
   2.413
   2.374
   2.310
   2.222
   2.127
   2.023
   1.912
   1.815
   1.735
   1.672
   1.615
   1.577
   1.554
   1.545
   1.544
   1.550
   1.564
   1.597
   1.625
   1.650
   1.668
   1.683
   1.702
   1.724
   1.743
   1.764
   1.782
   1.784
   1.785
   1.785
   1.755
   0.000
   0.000
   1.833
   1.974
   2.011
   2.043
   2.062
   2.079
   2.093
   2.103
   2.116
   2.129
   2.142
   2.155
   2.173
   2.191
   2.213
   2.235
   2.266
   2.307
   2.357
   2.414
   2.471
   2.531
   2.585
   2.629
   2.659
   2.677
   2.687
   2.692
   2.696
   2.707
   2.721
   2.741
   2.765
   2.784
   2.795
   2.803
   2.799
   2.763
   2.699
   2.613
   2.507
   2.382
   2.248
   2.126
   2.039
   1.980
   1.929
   1.893
   1.874
   1.863
   1.866
   1.880
   1.902
   1.925
   1.953
   1.979
   2.001
   2.024
   2.048
   2.075
   2.101
   2.125
   2.142
   2.151
   2.151
   2.147
   2.102
   0.000
   0.000
   1.824
   1.969
   2.016
   2.057
   2.082
   2.105
   2.124
   2.144
   2.163
   2.184
   2.203
   2.221
   2.237
   2.255
   2.278
   2.303
   2.339
   2.387
   2.447
   2.515
   2.585
   2.661
   2.729
   2.775
   2.803
   2.817
   2.822
   2.823
   2.831
   2.847
   2.869
   2.902
   2.950
   2.987
   3.015
   3.030
   3.022
   2.990
   2.927
   2.837
   2.721
   2.586
   2.440
   2.310
   2.214
   2.151
   2.104
   2.069
   2.052
   2.040
   2.045
   2.059
   2.079
   2.101
   2.124
   2.151
   2.173
   2.195
   2.219
   2.244
   2.270
   2.294
   2.315
   2.327
   2.329
   2.329
   2.271
   0.000
   0.000
   1.773
   1.925
   1.979
   2.027
   2.061
   2.092
   2.123
   2.150
   2.177
   2.205
   2.231
   2.256
   2.279
   2.302
   2.329
   2.359
   2.399
   2.454
   2.520
   2.595
   2.676
   2.759
   2.836
   2.884
   2.909
   2.924
   2.919
   2.910
   2.914
   2.936
   2.968
   3.013
   3.076
   3.139
   3.182
   3.209
   3.212
   3.177
   3.120
   3.035
   2.918
   2.779
   2.636
   2.497
   2.390
   2.317
   2.265
   2.231
   2.204
   2.191
   2.191
   2.203
   2.217
   2.234
   2.256
   2.281
   2.304
   2.321
   2.340
   2.364
   2.389
   2.414
   2.435
   2.450
   2.454
   2.454
   2.385
   0.000
   0.000
   1.702
   1.859
   1.919
   1.978
   2.025
   2.064
   2.100
   2.135
   2.171
   2.209
   2.240
   2.270
   2.300
   2.331
   2.360
   2.396
   2.441
   2.500
   2.568
   2.645
   2.726
   2.818
   2.895
   2.947
   2.975
   2.983
   2.969
   2.949
   2.952
   2.981
   3.020
   3.084
   3.167
   3.247
   3.307
   3.343
   3.359
   3.336
   3.285
   3.205
   3.099
   2.973
   2.832
   2.695
   2.571
   2.478
   2.422
   2.378
   2.344
   2.322
   2.315
   2.318
   2.332
   2.348
   2.367
   2.386
   2.407
   2.420
   2.437
   2.460
   2.483
   2.506
   2.529
   2.542
   2.546
   2.539
   2.465
   0.000
   0.000
   1.631
   1.789
   1.856
   1.922
   1.976
   2.025
   2.068
   2.112
   2.159
   2.200
   2.238
   2.273
   2.306
   2.341
   2.377
   2.418
   2.467
   2.525
   2.591
   2.663
   2.745
   2.836
   2.912
   2.964
   2.987
   2.987
   2.969
   2.944
   2.946
   2.989
   3.044
   3.128
   3.217
   3.314
   3.390
   3.448
   3.467
   3.455
   3.416
   3.355
   3.267
   3.155
   3.020
   2.881
   2.755
   2.650
   2.573
   2.514
   2.470
   2.440
   2.425
   2.421
   2.430
   2.446
   2.461
   2.481
   2.496
   2.507
   2.519
   2.539
   2.557
   2.576
   2.593
   2.607
   2.607
   2.600
   2.519
   0.000
   0.000
   1.565
   1.723
   1.794
   1.865
   1.924
   1.979
   2.030
   2.082
   2.132
   2.179
   2.222
   2.261
   2.299
   2.337
   2.377
   2.422
   2.470
   2.528
   2.588
   2.655
   2.728
   2.807
   2.881
   2.925
   2.939
   2.939
   2.919
   2.894
   2.905
   2.964
   3.043
   3.143
   3.252
   3.365
   3.451
   3.518
   3.552
   3.549
   3.523
   3.477
   3.409
   3.313
   3.201
   3.068
   2.930
   2.815
   2.720
   2.640
   2.585
   2.546
   2.520
   2.512
   2.515
   2.526
   2.541
   2.556
   2.565
   2.571
   2.577
   2.589
   2.603
   2.617
   2.633
   2.646
   2.646
   2.637
   2.556
   0.000
   0.000
   1.508
   1.667
   1.738
   1.814
   1.877
   1.932
   1.986
   2.041
   2.096
   2.147
   2.196
   2.239
   2.284
   2.324
   2.366
   2.411
   2.462
   2.513
   2.570
   2.630
   2.690
   2.758
   2.825
   2.863
   2.869
   2.862
   2.845
   2.830
   2.852
   2.931
   3.032
   3.144
   3.273
   3.394
   3.491
   3.566
   3.607
   3.614
   3.601
   3.570
   3.516
   3.442
   3.348
   3.235
   3.104
   2.974
   2.865
   2.771
   2.696
   2.644
   2.609
   2.591
   2.589
   2.597
   2.609
   2.615
   2.616
   2.610
   2.610
   2.615
   2.623
   2.635
   2.650
   2.665
   2.669
   2.662
   2.580
   0.000
   0.000
   1.490
   1.642
   1.713
   1.786
   1.841
   1.892
   1.943
   1.996
   2.053
   2.108
   2.160
   2.212
   2.258
   2.302
   2.348
   2.393
   2.444
   2.492
   2.542
   2.597
   2.652
   2.712
   2.767
   2.794
   2.795
   2.786
   2.768
   2.763
   2.806
   2.897
   3.009
   3.133
   3.278
   3.403
   3.506
   3.590
   3.640
   3.652
   3.648
   3.631
   3.595
   3.540
   3.465
   3.369
   3.255
   3.128
   3.008
   2.904
   2.814
   2.744
   2.698
   2.670
   2.655
   2.653
   2.652
   2.649
   2.637
   2.623
   2.615
   2.617
   2.623
   2.633
   2.653
   2.670
   2.679
   2.677
   2.600
   0.000
   0.000
   1.501
   1.652
   1.725
   1.791
   1.839
   1.878
   1.919
   1.965
   2.016
   2.071
   2.124
   2.178
   2.229
   2.275
   2.325
   2.371
   2.419
   2.465
   2.512
   2.560
   2.610
   2.666
   2.715
   2.734
   2.729
   2.712
   2.696
   2.711
   2.770
   2.866
   2.983
   3.110
   3.254
   3.387
   3.494
   3.579
   3.637
   3.659
   3.664
   3.658
   3.635
   3.597
   3.545
   3.464
   3.365
   3.258
   3.137
   3.028
   2.928
   2.845
   2.783
   2.736
   2.704
   2.683
   2.664
   2.645
   2.622
   2.599
   2.588
   2.589
   2.595
   2.610
   2.634
   2.658
   2.674
   2.681
   2.610
   0.000
   0.000
   1.513
   1.668
   1.742
   1.811
   1.855
   1.887
   1.913
   1.946
   1.985
   2.030
   2.082
   2.136
   2.190
   2.242
   2.294
   2.342
   2.387
   2.433
   2.477
   2.525
   2.572
   2.624
   2.670
   2.688
   2.685
   2.672
   2.665
   2.685
   2.748
   2.845
   2.959
   3.088
   3.231
   3.361
   3.469
   3.552
   3.614
   3.641
   3.654
   3.659
   3.644
   3.620
   3.583
   3.522
   3.443
   3.353
   3.244
   3.133
   3.031
   2.937
   2.863
   2.796
   2.740
   2.693
   2.652
   2.612
   2.579
   2.554
   2.543
   2.545
   2.557
   2.580
   2.610
   2.640
   2.664
   2.676
   2.609
   0.000
   0.000
   1.475
   1.660
   1.743
   1.814
   1.862
   1.895
   1.920
   1.939
   1.964
   2.000
   2.042
   2.091
   2.145
   2.199
   2.253
   2.302
   2.350
   2.394
   2.440
   2.488
   2.536
   2.587
   2.633
   2.658
   2.663
   2.662
   2.660
   2.679
   2.731
   2.829
   2.938
   3.062
   3.202
   3.328
   3.429
   3.510
   3.567
   3.598
   3.616
   3.627
   3.623
   3.609
   3.586
   3.542
   3.478
   3.407
   3.315
   3.213
   3.106
   3.011
   2.926
   2.846
   2.766
   2.693
   2.625
   2.566
   2.525
   2.498
   2.487
   2.496
   2.517
   2.544
   2.585
   2.623
   2.655
   2.668
   2.602
   0.000
 -65.534
 -65.534
   1.553
   1.711
   1.785
   1.844
   1.887
   1.917
   1.935
   1.958
   1.986
   2.015
   2.054
   2.100
   2.148
   2.197
   2.245
   2.293
   2.340
   2.389
   2.437
   2.486
   2.539
   2.591
   2.625
   2.645
   2.657
   2.663
   2.679
   2.726
   2.810
   2.904
   3.029
   3.165
   3.280
   3.365
   3.440
   3.493
   3.524
   3.548
   3.563
   3.566
   3.563
   3.552
   3.523
   3.475
   3.418
   3.340
   3.246
   3.149
   3.054
   2.959
   2.864
   2.767
   2.674
   2.587
   2.513
   2.467
   2.444
   2.440
   2.454
   2.482
   2.523
   2.571
   2.618
   2.650
   2.668
   2.598
   0.000
 -65.534
 -65.534
 -65.534
   1.571
   1.732
   1.796
   1.854
   1.896
   1.923
   1.947
   1.975
   1.996
   2.026
   2.061
   2.099
   2.138
   2.177
   2.218
   2.262
   2.312
   2.361
   2.412
   2.467
   2.524
   2.571
   2.607
   2.637
   2.658
   2.679
   2.717
   2.783
   2.871
   2.985
   3.090
   3.172
   3.288
   3.360
   3.402
   3.435
   3.462
   3.482
   3.492
   3.492
   3.488
   3.471
   3.433
   3.387
   3.323
   3.243
   3.153
   3.064
   2.967
   2.864
   2.755
   2.646
   2.550
   2.474
   2.426
   2.407
   2.411
   2.434
   2.469
   2.516
   2.570
   2.618
   2.656
   2.677
   2.608
   0.000
 -65.534
 -65.534
 -65.534
 -65.534
   1.613
   1.728
   1.795
   1.846
   1.885
   1.917
   1.945
   1.971
   1.996
   2.023
   2.053
   2.083
   2.114
   2.146
   2.183
   2.222
   2.265
   2.315
   2.371
   2.426
   2.482
   2.533
   2.579
   2.619
   2.651
   2.692
   2.747
   2.819
   2.908
   2.996
   3.077
   3.163
   3.211
   3.295
   3.334
   3.360
   3.384
   3.395
   3.397
   3.396
   3.378
   3.351
   3.315
   3.263
   3.196
   3.119
   3.042
   2.945
   2.843
   2.736
   2.627
   2.529
   2.458
   2.417
   2.406
   2.421
   2.451
   2.493
   2.540
   2.592
   2.641
   2.683
   2.712
   2.642
   0.000
 -65.534
 -65.534
 -65.534
 -65.534
   1.504
   1.632
   1.703
   1.764
   1.816
   1.860
   1.896
   1.926
   1.957
   1.986
   2.011
   2.034
   2.057
   2.080
   2.102
   2.130
   2.162
   2.205
   2.254
   2.308
   2.365
   2.419
   2.476
   2.526
   2.572
   2.622
   2.677
   2.741
   2.815
   2.891
   2.962
   3.026
   3.078
   3.144
   3.172
   3.225
   3.254
   3.264
   3.269
   3.266
   3.252
   3.227
   3.197
   3.159
   3.106
   3.049
   2.984
   2.902
   2.817
   2.717
   2.617
   2.533
   2.470
   2.437
   2.436
   2.457
   2.494
   2.536
   2.583
   2.629
   2.672
   2.714
   2.746
   2.678
   0.000
 -65.534
 -65.534
 -65.534
 -65.534
   1.390
   1.521
   1.597
   1.663
   1.723
   1.782
   1.830
   1.868
   1.903
   1.937
   1.965
   1.985
   2.002
   2.013
   2.032
   2.047
   2.064
   2.093
   2.128
   2.175
   2.222
   2.276
   2.332
   2.388
   2.445
   2.503
   2.563
   2.622
   2.689
   2.757
   2.818
   2.873
   2.925
   2.970
   3.001
   3.044
   3.080
   3.092
   3.097
   3.094
   3.080
   3.057
   3.034
   3.010
   2.979
   2.943
   2.899
   2.845
   2.775
   2.694
   2.616
   2.543
   2.491
   2.466
   2.474
   2.499
   2.537
   2.577
   2.618
   2.656
   2.695
   2.731
   2.759
   2.687
   0.000
 -65.534
 -65.534
 -65.534
 -65.534
   1.217
   1.338
   1.419
   1.499
   1.596
   1.660
   1.723
   1.774
   1.818
   1.862
   1.897
   1.919
   1.938
   1.952
   1.965
   1.969
   1.976
   1.984
   2.006
   2.038
   2.075
   2.120
   2.172
   2.226
   2.284
   2.345
   2.405
   2.463
   2.522
   2.578
   2.629
   2.678
   2.723
   2.758
   2.789
   2.817
   2.846
   2.860
   2.866
   2.866
   2.859
   2.844
   2.831
   2.816
   2.804
   2.791
   2.776
   2.748
   2.709
   2.656
   2.597
   2.545
   2.505
   2.491
   2.498
   2.526
   2.566
   2.603
   2.639
   2.669
   2.700
   2.729
   2.747
   2.666
   0.000
 -65.534
 -65.534
 -65.534
 -65.534
 -65.534
 -65.534
 -65.534
 -65.534
   1.373
   1.487
   1.561
   1.634
   1.698
   1.752
   1.795
   1.834
   1.862
   1.881
   1.891
   1.895
   1.892
   1.891
   1.897
   1.908
   1.934
   1.967
   2.011
   2.058
   2.112
   2.167
   2.220
   2.269
   2.315
   2.360
   2.396
   2.433
   2.470
   2.502
   2.526
   2.552
   2.576
   2.594
   2.606
   2.612
   2.614
   2.608
   2.602
   2.603
   2.607
   2.614
   2.625
   2.629
   2.621
   2.597
   2.568
   2.535
   2.513
   2.502
   2.511
   2.536
   2.572
   2.608
   2.640
   2.666
   2.690
   2.715
   2.726
   2.633
   0.000
 -65.534
 -65.534
 -65.534
 -65.534
 -65.534
 -65.534
   0.721
   0.921
   1.172
   1.298
   1.390
   1.478
   1.557
   1.621
   1.678
   1.731
   1.770
   1.795
   1.803
   1.802
   1.801
   1.800
   1.801
   1.802
   1.809
   1.833
   1.866
   1.907
   1.953
   2.000
   2.040
   2.072
   2.101
   2.127
   2.152
   2.175
   2.204
   2.228
   2.253
   2.279
   2.311
   2.335
   2.354
   2.369
   2.381
   2.383
   2.385
   2.395
   2.414
   2.436
   2.467
   2.500
   2.518
   2.527
   2.524
   2.516
   2.505
   2.501
   2.512
   2.530
   2.559
   2.591
   2.618
   2.640
   2.669
   2.689
   2.698
   2.586
   0.000
 -65.534
 -65.534
 -65.534
 -65.534
 -65.534
 -65.534
 -65.534
 -65.534
 -65.534
   1.076
   1.179
   1.265
   1.342
   1.419
   1.498
   1.596
   1.641
   1.672
   1.683
   1.688
   1.692
   1.698
   1.703
   1.711
   1.721
   1.732
   1.753
   1.783
   1.813
   1.845
   1.871
   1.888
   1.901
   1.915
   1.925
   1.935
   1.953
   1.971
   1.997
   2.028
   2.067
   2.104
   2.134
   2.155
   2.172
   2.182
   2.193
   2.211
   2.235
   2.269
   2.313
   2.363
   2.405
   2.437
   2.459
   2.469
   2.470
   2.470
   2.481
   2.496
   2.515
   2.538
   2.566
   2.588
   2.613
   2.636
   2.642
   2.520
   0.000
 -65.534
 -65.534
 -65.534
 -65.534
 -65.534
 -65.534
 -65.534
 -65.534
 -65.534
 -65.534
 -65.534
 -65.534
 -65.534
 -65.534
 -65.534
   1.316
   1.393
   1.432
   1.467
   1.537
   1.564
   1.585
   1.606
   1.625
   1.639
   1.654
   1.671
   1.687
   1.706
   1.723
   1.733
   1.735
   1.734
   1.734
   1.732
   1.733
   1.741
   1.753
   1.783
   1.821
   1.865
   1.913
   1.952
   1.983
   2.007
   2.022
   2.035
   2.057
   2.086
   2.124
   2.172
   2.230
   2.284
   2.332
   2.372
   2.395
   2.408
   2.411
   2.420
   2.430
   2.444
   2.462
   2.483
   2.507
   2.530
   2.549
   2.556
   2.426
   0.000
 -65.534
 -65.534
 -65.534
 -65.534
 -65.534
 -65.534
 -65.534
 -65.534
 -65.534
 -65.534
 -65.534
 -65.534
 -65.534
 -65.534
 -65.534
 -65.534
 -65.534
 -65.534
 -65.534
   1.298
   1.393
   1.449
   1.494
   1.533
   1.560
   1.582
   1.602
   1.615
   1.626
   1.630
   1.627
   1.617
   1.606
   1.598
   1.593
   1.589
   1.592
   1.601
   1.623
   1.663
   1.715
   1.767
   1.815
   1.858
   1.889
   1.908
   1.920
   1.941
   1.968
   2.002
   2.047
   2.104
   2.165
   2.219
   2.270
   2.305
   2.321
   2.324
   2.329
   2.335
   2.346
   2.361
   2.380
   2.402
   2.422
   2.441
   2.449
   2.318
   0.000
 -65.534
 -65.534
 -65.534
 -65.534
 -65.534
 -65.534
 -65.534
 -65.534
 -65.534
 -65.534
 -65.534
 -65.534
 -65.534
 -65.534
 -65.534
 -65.534
 -65.534
 -65.534
   0.830
   1.127
   1.216
   1.289
   1.357
   1.418
   1.466
   1.501
   1.529
   1.546
   1.554
   1.555
   1.545
   1.535
   1.523
   1.513
   1.506
   1.501
   1.504
   1.511
   1.530
   1.565
   1.615
   1.672
   1.729
   1.780
   1.817
   1.836
   1.843
   1.853
   1.872
   1.900
   1.937
   1.988
   2.048
   2.104
   2.151
   2.186
   2.205
   2.209
   2.209
   2.214
   2.225
   2.240
   2.258
   2.280
   2.298
   2.320
   2.329
   2.198
   0.000
 -65.534
 -65.534
 -65.534
 -65.534
 -65.534
 -65.534
 -65.534
 -65.534
 -65.534
 -65.534
 -65.534
 -65.534
 -65.534
 -65.534
 -65.534
 -65.534
 -65.534
   0.658
   0.839
   0.986
   1.068
   1.140
   1.216
   1.294
   1.357
   1.406
   1.443
   1.466
   1.480
   1.484
   1.480
   1.468
   1.462
   1.453
   1.448
   1.444
   1.444
   1.449
   1.468
   1.503
   1.554
   1.620
   1.686
   1.750
   1.795
   1.811
   1.811
   1.811
   1.816
   1.828
   1.851
   1.888
   1.933
   1.983
   2.033
   2.073
   2.092
   2.095
   2.094
   2.094
   2.097
   2.112
   2.134
   2.157
   2.177
   2.197
   2.209
   2.081
   0.000
 -65.534
 -65.534
 -65.534
 -65.534
 -65.534
 -65.534
 -65.534
 -65.534
 -65.534
 -65.534
 -65.534
 -65.534
 -65.534
 -65.534
 -65.534
 -65.534
 -65.534
   0.698
   0.800
   0.890
   0.959
   1.023
   1.092
   1.171
   1.243
   1.297
   1.340
   1.369
   1.391
   1.405
   1.410
   1.406
   1.402
   1.398
   1.391
   1.387
   1.385
   1.389
   1.406
   1.442
   1.499
   1.574
   1.653
   1.728
   1.781
   1.798
   1.800
   1.798
   1.796
   1.796
   1.801
   1.819
   1.847
   1.890
   1.935
   1.977
   1.999
   2.006
   2.003
   1.997
   1.995
   2.004
   2.023
   2.043
   2.064
   2.089
   2.103
   1.963
   0.000
 -65.534
 -65.534
 -65.534
 -65.534
 -65.534
 -65.534
 -65.534
 -65.534
 -65.534
 -65.534
 -65.534
 -65.534
 -65.534
 -65.534
 -65.534
 -65.534
 -65.534
   0.715
   0.774
   0.834
   0.884
   0.935
   0.991
   1.057
   1.128
   1.179
   1.223
   1.258
   1.289
   1.315
   1.332
   1.336
   1.338
   1.337
   1.332
   1.325
   1.323
   1.322
   1.340
   1.376
   1.439
   1.516
   1.604
   1.683
   1.741
   1.766
   1.774
   1.777
   1.777
   1.778
   1.777
   1.783
   1.799
   1.827
   1.866
   1.904
   1.933
   1.946
   1.947
   1.940
   1.930
   1.925
   1.935
   1.947
   1.950
   1.969
   1.978
   1.868
   0.000
 -65.534
 -65.534
 -65.534
 -65.534
 -65.534
 -65.534
 -65.534
 -65.534
 -65.534
 -65.534
 -65.534
 -65.534
 -65.534
 -65.534
 -65.534
 -65.534
 -65.534
   0.732
   0.766
   0.802
   0.839
   0.878
   0.923
   0.972
   1.024
   1.077
   1.115
   1.153
   1.192
   1.226
   1.255
   1.266
   1.271
   1.274
   1.273
   1.270
   1.268
   1.270
   1.286
   1.322
   1.383
   1.460
   1.542
   1.620
   1.682
   1.719
   1.733
   1.740
   1.746
   1.748
   1.749
   1.754
   1.765
   1.781
   1.807
   1.843
   1.874
   1.894
   1.904
   1.905
   1.895
   1.882
   1.875
   1.870
   1.865
   1.874
   1.885
   1.772
   0.000
 -65.534
 -65.534
 -65.534
 -65.534
 -65.534
 -65.534
 -65.534
 -65.534
 -65.534
 -65.534
 -65.534
 -65.534
 -65.534
 -65.534
 -65.534
 -65.534
 -65.534
 -65.534
   0.759
   0.783
   0.813
   0.847
   0.879
   0.916
   0.952
   0.989
   1.026
   1.063
   1.106
   1.150
   1.185
   1.201
   1.214
   1.222
   1.227
   1.230
   1.232
   1.233
   1.250
   1.285
   1.335
   1.399
   1.477
   1.559
   1.625
   1.667
   1.690
   1.702
   1.706
   1.710
   1.715
   1.720
   1.727
   1.739
   1.758
   1.785
   1.816
   1.840
   1.858
   1.865
   1.860
   1.849
   1.832
   1.815
   1.801
   1.790
   1.782
   1.666
   0.000
 -65.534
 -65.534
 -65.534
 -65.534
 -65.534
 -65.534
 -65.534
 -65.534
 -65.534
 -65.534
 -65.534
 -65.534
 -65.534
 -65.534
 -65.534
 -65.534
 -65.534
 -65.534
 -65.534
   0.765
   0.794
   0.826
   0.853
   0.878
   0.903
   0.928
   0.955
   0.988
   1.031
   1.076
   1.118
   1.146
   1.167
   1.180
   1.197
   1.215
   1.212
   1.214
   1.223
   1.245
   1.290
   1.343
   1.409
   1.488
   1.565
   1.620
   1.653
   1.667
   1.670
   1.671
   1.675
   1.681
   1.690
   1.699
   1.713
   1.735
   1.758
   1.781
   1.801
   1.812
   1.812
   1.804
   1.788
   1.762
   1.738
   1.710
   1.667
   1.527
   0.000
 -65.534
 -65.534
 -65.534
 -65.534
 -65.534
 -65.534
 -65.534
 -65.534
 -65.534
 -65.534
 -65.534
 -65.534
 -65.534
 -65.534
 -65.534
 -65.534
 -65.534
 -65.534
 -65.534
 -65.534
   0.768
   0.798
   0.823
   0.843
   0.869
   0.889
   0.909
   0.936
   0.968
   1.009
   1.046
   1.075
   1.086
   1.078
   1.048
   0.945
 -65.534
 -65.534
 -65.534
 -65.534
   1.129
   1.221
   1.322
   1.412
   1.500
   1.567
   1.603
   1.625
   1.634
   1.634
   1.637
   1.642
   1.648
   1.658
   1.671
   1.687
   1.704
   1.725
   1.743
   1.758
   1.762
   1.755
   1.743
   1.714
   1.679
   1.626
   1.564
   1.390
   0.000
 -65.534
 -65.534
 -65.534
 -65.534
 -65.534
 -65.534
 -65.534
 -65.534
 -65.534
 -65.534
 -65.534
 -65.534
 -65.534
 -65.534
 -65.534
 -65.534
 -65.534
 -65.534
 -65.534
 -65.534
 -65.534
 -65.534
 -65.534
 -65.534
   0.799
   0.842
   0.869
   0.893
   0.923
   0.951
   0.977
   0.994
   0.990
   0.963
   0.904
   0.790
 -65.534
 -65.534
 -65.534
 -65.534
 -65.534
 -65.534
   1.174
   1.316
   1.421
   1.487
   1.530
   1.559
   1.576
   1.584
   1.588
   1.590
   1.597
   1.603
   1.618
   1.635
   1.654
   1.673
   1.691
   1.705
   1.713
   1.713
   1.699
   1.670
   1.620
   1.552
   1.457
   1.254
   0.000
 -65.534
 -65.534
 -65.534
 -65.534
 -65.534
 -65.534
 -65.534
 -65.534
 -65.534
 -65.534
 -65.534
 -65.534
 -65.534
 -65.534
 -65.534
 -65.534
 -65.534
 -65.534
 -65.534
 -65.534
 -65.534
 -65.534
 -65.534
 -65.534
   0.738
   0.782
   0.814
   0.839
   0.866
   0.895
   0.906
   0.908
   0.892
   0.860
   0.810
   0.728
 -65.534
 -65.534
 -65.534
 -65.534
 -65.534
 -65.534
 -65.534
   1.193
   1.321
   1.368
   1.431
   1.468
   1.494
   1.513
   1.524
   1.531
   1.536
   1.547
   1.562
   1.582
   1.604
   1.627
   1.646
   1.659
   1.666
   1.667
   1.653
   1.620
   1.563
   1.482
   1.372
   1.148
   0.000
 -65.534
 -65.534
 -65.534
 -65.534
 -65.534
 -65.534
 -65.534
 -65.534
 -65.534
 -65.534
 -65.534
 -65.534
 -65.534
 -65.534
 -65.534
 -65.534
 -65.534
 -65.534
 -65.534
 -65.534
 -65.534
 -65.534
 -65.534
 -65.534
 -65.534
 -65.534
 -65.534
 -65.534
 -65.534
   0.750
   0.782
   0.790
   0.801
   0.781
   0.749
   0.694
   0.410
 -65.534
 -65.534
 -65.534
 -65.534
 -65.534
 -65.534
   0.995
   0.997
 -65.534
   1.210
   1.291
   1.352
   1.418
   1.447
   1.465
   1.473
   1.488
   1.504
   1.528
   1.555
   1.577
   1.594
   1.607
   1.611
   1.607
   1.587
   1.554
   1.500
   1.419
   1.307
   1.098
   0.000
 -65.534
 -65.534
 -65.534
 -65.534
 -65.534
 -65.534
 -65.534
 -65.534
 -65.534
 -65.534
 -65.534
 -65.534
 -65.534
 -65.534
 -65.534
 -65.534
 -65.534
 -65.534
 -65.534
 -65.534
 -65.534
 -65.534
 -65.534
 -65.534
 -65.534
 -65.534
 -65.534
 -65.534
 -65.534
 -65.534
 -65.534
 -65.534
   0.663
   0.699
   0.698
   0.658
   0.506
   0.344
 -65.534
 -65.534
 -65.534
 -65.534
 -65.534
 -65.534
 -65.534
 -65.534
 -65.534
 -65.534
 -65.534
   1.139
   1.261
   1.323
   1.386
   1.409
   1.431
   1.455
   1.485
   1.508
   1.518
   1.526
   1.528
   1.523
   1.506
   1.482
   1.439
   1.375
   1.275
   1.091
   0.000
 -65.534
 -65.534
 -65.534
 -65.534
 -65.534
 -65.534
 -65.534
 -65.534
 -65.534
 -65.534
 -65.534
 -65.534
 -65.534
 -65.534
 -65.534
 -65.534
 -65.534
 -65.534
 -65.534
 -65.534
 -65.534
 -65.534
 -65.534
 -65.534
 -65.534
 -65.534
 -65.534
 -65.534
 -65.534
 -65.534
 -65.534
 -65.534
   0.534
   0.589
   0.609
   0.586
   0.517
   0.429
   0.328
   0.259
 -65.534
 -65.534
 -65.534
 -65.534
 -65.534
 -65.534
 -65.534
 -65.534
 -65.534
 -65.534
 -65.534
 -65.534
   1.078
   1.204
   1.264
   1.336
   1.384
   1.411
   1.419
   1.428
   1.434
   1.430
   1.427
   1.417
   1.391
   1.350
   1.278
   1.118
   0.000
 -65.534
 -65.534
 -65.534
 -65.534
 -65.534
 -65.534
 -65.534
 -65.534
 -65.534
 -65.534
 -65.534
 -65.534
 -65.534
 -65.534
 -65.534
 -65.534
 -65.534
 -65.534
 -65.534
 -65.534
 -65.534
 -65.534
 -65.534
 -65.534
 -65.534
 -65.534
 -65.534
 -65.534
 -65.534
 -65.534
 -65.534
 -65.534
 -65.534
 -65.534
 -65.534
 -65.534
   0.373
   0.393
   0.367
   0.334
   0.279
   0.246
   0.232
   0.222
   0.224
 -65.534
 -65.534
 -65.534
 -65.534
 -65.534
 -65.534
 -65.534
 -65.534
 -65.534
 -65.534
   1.068
   1.223
   1.292
   1.316
   1.326
   1.340
   1.353
   1.360
   1.370
   1.361
   1.336
   1.282
   1.156
   0.000
 -65.534
 -65.534
 -65.534
 -65.534
 -65.534
 -65.534
 -65.534
 -65.534
 -65.534
 -65.534
 -65.534
 -65.534
 -65.534
 -65.534
 -65.534
 -65.534
 -65.534
 -65.534
 -65.534
 -65.534
 -65.534
 -65.534
 -65.534
 -65.534
 -65.534
 -65.534
 -65.534
 -65.534
 -65.534
 -65.534
 -65.534
 -65.534
 -65.534
 -65.534
 -65.534
 -65.534
 -65.534
 -65.534
 -65.534
 -65.534
   0.213
 -65.534
 -65.534
 -65.534
 -65.534
 -65.534
 -65.534
 -65.534
 -65.534
 -65.534
 -65.534
 -65.534
 -65.534
 -65.534
 -65.534
   0.899
   1.039
   1.125
   1.161
   1.203
   1.244
   1.277
   1.302
   1.323
   1.329
   1.320
   1.281
   1.186
   0.000
 -65.534
 -65.534
 -65.534
 -65.534
 -65.534
 -65.534
 -65.534
 -65.534
 -65.534
 -65.534
 -65.534
 -65.534
 -65.534
 -65.534
 -65.534
 -65.534
 -65.534
 -65.534
 -65.534
 -65.534
 -65.534
 -65.534
 -65.534
 -65.534
 -65.534
 -65.534
 -65.534
 -65.534
 -65.534
 -65.534
 -65.534
 -65.534
 -65.534
 -65.534
 -65.534
 -65.534
 -65.534
 -65.534
 -65.534
 -65.534
 -65.534
 -65.534
 -65.534
 -65.534
 -65.534
 -65.534
 -65.534
 -65.534
 -65.534
 -65.534
 -65.534
 -65.534
 -65.534
 -65.534
 -65.534
 -65.534
 -65.534
 -65.534
 -65.534
   0.891
   1.047
   1.142
   1.193
   1.223
   1.256
   1.272
   1.254
   1.200
   0.000
 -65.534
 -65.534
 -65.534
 -65.534
 -65.534
 -65.534
 -65.534
 -65.534
 -65.534
 -65.534
 -65.534
 -65.534
 -65.534
 -65.534
 -65.534
 -65.534
 -65.534
 -65.534
 -65.534
 -65.534
 -65.534
 -65.534
 -65.534
 -65.534
 -65.534
 -65.534
 -65.534
 -65.534
 -65.534
 -65.534
 -65.534
 -65.534
 -65.534
 -65.534
 -65.534
 -65.534
 -65.534
 -65.534
 -65.534
 -65.534
 -65.534
 -65.534
 -65.534
 -65.534
 -65.534
 -65.534
 -65.534
 -65.534
 -65.534
 -65.534
 -65.534
 -65.534
 -65.534
 -65.534
 -65.534
 -65.534
 -65.534
 -65.534
 -65.534
 -65.534
 -65.534
   0.000
   0.000
   0.000
   0.000
   0.000
   0.000
   0.000
 -65.534
