 -65.534
   0.000
   0.000
   0.000
   0.000
   0.000
   0.000
   0.000
   0.000
   0.000
   0.000
   0.000
   0.000
   0.000
   0.000
   0.000
   0.000
   0.000
   0.000
   0.000
   0.000
   0.000
   0.000
   0.000
   0.000
   0.000
   0.000
   0.000
   0.000
   0.000
   0.000
   0.000
   0.000
   0.000
   0.000
   0.000
   0.000
   0.000
   0.000
   0.000
   0.000
   0.000
   0.000
   0.000
   0.000
   0.000
   0.000
   0.000
   0.000
   0.000
   0.000
   0.000
   0.000
   0.000
   0.000
   0.000
   0.000
   0.000
   0.000
   0.000
   0.000
   0.000
   0.000
   0.000
   0.000
   0.000
   0.000
   0.000
 -65.534
   0.000
   1.243
   1.410
   1.501
   1.589
   1.657
   1.708
   1.739
   1.757
   1.767
   1.776
   1.790
   1.803
   1.809
   1.805
   1.786
   1.758
   1.721
   1.687
   1.669
   1.661
   1.658
   1.655
   1.666
   1.636
   1.591
   1.553
   1.536
   1.511
   1.496
   1.471
   1.442
   1.415
   1.395
   1.352
   1.314
   1.261
   1.207
   1.157
   1.105
   1.048
   0.986
   0.916
   0.841
   0.768
   0.695
   0.628
   0.571
   0.532
   0.499
   0.464
   0.432
   0.408
   0.390
   0.396
   0.420
   0.452
   0.495
   0.547
   0.605
   0.654
   0.685
   0.716
   0.741
   0.754
   0.764
   0.771
   0.773
   0.000
   0.000
   1.441
   1.602
   1.693
   1.784
   1.862
   1.927
   1.971
   2.000
   2.021
   2.038
   2.055
   2.069
   2.077
   2.069
   2.047
   2.015
   1.971
   1.922
   1.882
   1.854
   1.832
   1.819
   1.816
   1.790
   1.754
   1.724
   1.704
   1.689
   1.681
   1.673
   1.661
   1.647
   1.628
   1.595
   1.552
   1.503
   1.445
   1.383
   1.317
   1.248
   1.173
   1.086
   0.988
   0.893
   0.801
   0.723
   0.654
   0.597
   0.550
   0.506
   0.468
   0.443
   0.430
   0.433
   0.452
   0.492
   0.542
   0.604
   0.671
   0.733
   0.788
   0.840
   0.885
   0.919
   0.941
   0.956
   0.951
   0.000
   0.000
   1.533
   1.695
   1.772
   1.847
   1.910
   1.971
   2.022
   2.059
   2.088
   2.114
   2.138
   2.154
   2.161
   2.149
   2.117
   2.072
   2.023
   1.972
   1.928
   1.892
   1.865
   1.847
   1.834
   1.816
   1.789
   1.766
   1.750
   1.739
   1.732
   1.730
   1.731
   1.734
   1.733
   1.714
   1.682
   1.635
   1.577
   1.511
   1.436
   1.354
   1.265
   1.162
   1.052
   0.939
   0.834
   0.747
   0.671
   0.606
   0.552
   0.503
   0.463
   0.434
   0.421
   0.429
   0.450
   0.487
   0.538
   0.599
   0.669
   0.738
   0.805
   0.871
   0.933
   0.979
   1.013
   1.035
   1.027
   0.000
   0.000
   1.598
   1.765
   1.830
   1.886
   1.935
   1.983
   2.025
   2.062
   2.093
   2.123
   2.149
   2.164
   2.167
   2.146
   2.109
   2.059
   2.009
   1.965
   1.924
   1.890
   1.868
   1.854
   1.841
   1.827
   1.807
   1.795
   1.783
   1.775
   1.769
   1.770
   1.780
   1.793
   1.804
   1.801
   1.778
   1.738
   1.683
   1.608
   1.527
   1.437
   1.336
   1.224
   1.100
   0.976
   0.859
   0.758
   0.671
   0.598
   0.534
   0.483
   0.442
   0.411
   0.397
   0.402
   0.426
   0.461
   0.504
   0.564
   0.633
   0.711
   0.785
   0.865
   0.935
   0.995
   1.042
   1.073
   1.067
   0.000
   0.000
   1.642
   1.822
   1.884
   1.931
   1.962
   1.990
   2.018
   2.046
   2.071
   2.095
   2.111
   2.118
   2.111
   2.087
   2.044
   1.998
   1.954
   1.918
   1.889
   1.863
   1.846
   1.840
   1.835
   1.823
   1.815
   1.817
   1.813
   1.807
   1.803
   1.808
   1.820
   1.838
   1.859
   1.865
   1.848
   1.812
   1.759
   1.681
   1.593
   1.498
   1.389
   1.271
   1.142
   1.009
   0.880
   0.763
   0.665
   0.585
   0.514
   0.454
   0.411
   0.379
   0.362
   0.366
   0.385
   0.414
   0.457
   0.516
   0.584
   0.665
   0.752
   0.838
   0.925
   0.997
   1.052
   1.094
   1.092
   0.000
   0.000
   1.661
   1.865
   1.934
   1.976
   1.998
   2.011
   2.025
   2.039
   2.054
   2.065
   2.070
   2.067
   2.051
   2.019
   1.976
   1.933
   1.897
   1.867
   1.841
   1.824
   1.814
   1.813
   1.814
   1.815
   1.822
   1.833
   1.838
   1.835
   1.831
   1.839
   1.852
   1.872
   1.887
   1.897
   1.888
   1.859
   1.805
   1.733
   1.647
   1.549
   1.443
   1.318
   1.184
   1.042
   0.906
   0.780
   0.666
   0.571
   0.489
   0.425
   0.373
   0.338
   0.320
   0.323
   0.339
   0.366
   0.404
   0.456
   0.521
   0.608
   0.699
   0.797
   0.890
   0.978
   1.050
   1.109
   1.114
   0.000
   0.000
   1.646
   1.874
   1.962
   2.012
   2.033
   2.039
   2.043
   2.047
   2.053
   2.058
   2.052
   2.034
   2.006
   1.970
   1.928
   1.888
   1.854
   1.826
   1.802
   1.786
   1.781
   1.786
   1.797
   1.810
   1.824
   1.842
   1.853
   1.850
   1.848
   1.854
   1.867
   1.885
   1.896
   1.904
   1.895
   1.872
   1.829
   1.765
   1.688
   1.599
   1.493
   1.371
   1.238
   1.095
   0.945
   0.806
   0.676
   0.562
   0.468
   0.391
   0.331
   0.292
   0.272
   0.274
   0.288
   0.311
   0.344
   0.393
   0.459
   0.539
   0.639
   0.747
   0.856
   0.956
   1.044
   1.115
   1.137
   0.000
   0.000
   1.593
   1.848
   1.958
   2.030
   2.059
   2.068
   2.070
   2.072
   2.075
   2.073
   2.056
   2.028
   1.992
   1.948
   1.902
   1.861
   1.827
   1.797
   1.776
   1.763
   1.759
   1.764
   1.783
   1.802
   1.822
   1.841
   1.853
   1.851
   1.849
   1.857
   1.869
   1.883
   1.894
   1.899
   1.893
   1.878
   1.843
   1.788
   1.725
   1.645
   1.545
   1.428
   1.297
   1.156
   1.004
   0.855
   0.712
   0.581
   0.466
   0.371
   0.296
   0.247
   0.222
   0.220
   0.230
   0.249
   0.276
   0.314
   0.387
   0.470
   0.576
   0.692
   0.814
   0.931
   1.036
   1.123
   1.153
   0.000
   0.000
   1.498
   1.769
   1.905
   2.002
   2.054
   2.079
   2.094
   2.100
   2.102
   2.097
   2.075
   2.039
   1.997
   1.947
   1.896
   1.853
   1.815
   1.784
   1.762
   1.752
   1.750
   1.759
   1.775
   1.791
   1.807
   1.829
   1.839
   1.842
   1.844
   1.853
   1.866
   1.878
   1.893
   1.900
   1.899
   1.887
   1.859
   1.813
   1.759
   1.691
   1.601
   1.494
   1.367
   1.230
   1.079
   0.924
   0.775
   0.633
   0.497
   0.371
   0.283
   0.218
   0.178
   0.163
   0.164
   0.179
   0.203
   0.247
   0.315
   0.411
   0.524
   0.648
   0.784
   0.913
   1.032
   1.136
   1.179
   0.000
   0.000
   1.375
   1.647
   1.794
   1.911
   1.991
   2.045
   2.082
   2.105
   2.119
   2.116
   2.092
   2.056
   2.016
   1.967
   1.915
   1.864
   1.824
   1.790
   1.765
   1.752
   1.749
   1.755
   1.764
   1.777
   1.791
   1.805
   1.820
   1.831
   1.842
   1.855
   1.871
   1.886
   1.902
   1.915
   1.915
   1.905
   1.881
   1.840
   1.792
   1.736
   1.658
   1.556
   1.439
   1.305
   1.158
   1.005
   0.853
   0.703
   0.547
   0.396
   0.297
   0.209
   0.143
   0.103
   0.098
   0.109
   0.135
   0.184
   0.264
   0.368
   0.492
   0.628
   0.774
   0.915
   1.047
   1.159
   1.212
   0.000
   0.000
   1.259
   1.510
   1.659
   1.787
   1.885
   1.967
   2.031
   2.078
   2.112
   2.126
   2.112
   2.086
   2.049
   2.006
   1.953
   1.897
   1.849
   1.810
   1.780
   1.764
   1.756
   1.755
   1.758
   1.764
   1.775
   1.792
   1.811
   1.831
   1.849
   1.870
   1.889
   1.908
   1.926
   1.942
   1.946
   1.934
   1.911
   1.872
   1.829
   1.780
   1.713
   1.621
   1.507
   1.378
   1.236
   1.084
   0.928
   0.773
   0.608
   0.447
   0.327
   0.217
   0.129
   0.066
   0.030
   0.031
   0.064
   0.126
   0.220
   0.342
   0.480
   0.631
   0.787
   0.940
   1.080
   1.196
   1.251
   0.000
   0.000
   1.122
   1.391
   1.533
   1.661
   1.767
   1.862
   1.948
   2.018
   2.071
   2.107
   2.110
   2.099
   2.076
   2.041
   1.990
   1.932
   1.881
   1.835
   1.800
   1.778
   1.765
   1.759
   1.760
   1.762
   1.773
   1.792
   1.815
   1.838
   1.862
   1.889
   1.913
   1.940
   1.964
   1.979
   1.984
   1.974
   1.950
   1.911
   1.871
   1.830
   1.772
   1.690
   1.581
   1.451
   1.310
   1.161
   1.000
   0.836
   0.670
   0.511
   0.383
   0.256
   0.140
   0.044
  -0.018
  -0.043
  -0.004
   0.075
   0.188
   0.332
   0.487
   0.652
   0.820
   0.985
   1.131
   1.247
   1.292
   0.000
 -65.534
 -65.534
   1.186
   1.404
   1.525
   1.640
   1.742
   1.838
   1.921
   1.990
   2.039
   2.061
   2.060
   2.052
   2.030
   1.993
   1.945
   1.896
   1.848
   1.811
   1.785
   1.770
   1.762
   1.762
   1.769
   1.784
   1.806
   1.831
   1.857
   1.885
   1.916
   1.943
   1.977
   2.005
   2.021
   2.023
   2.012
   1.988
   1.954
   1.919
   1.880
   1.829
   1.755
   1.651
   1.529
   1.390
   1.237
   1.075
   0.906
   0.741
   0.583
   0.436
   0.300
   0.157
   0.036
  -0.049
  -0.086
  -0.051
   0.041
   0.179
   0.341
   0.512
   0.696
   0.879
   1.050
   1.194
   1.307
   1.347
   0.000
 -65.534
 -65.534
 -65.534
   1.184
   1.381
   1.499
   1.613
   1.714
   1.799
   1.871
   1.931
   1.963
   1.977
   1.979
   1.971
   1.950
   1.919
   1.880
   1.839
   1.804
   1.779
   1.765
   1.761
   1.767
   1.782
   1.806
   1.833
   1.860
   1.884
   1.907
   1.936
   1.970
   2.004
   2.028
   2.035
   2.050
   2.040
   2.016
   1.987
   1.957
   1.924
   1.880
   1.815
   1.717
   1.598
   1.462
   1.311
   1.150
   0.983
   0.816
   0.656
   0.497
   0.345
   0.183
   0.040
  -0.055
  -0.087
  -0.056
   0.045
   0.195
   0.374
   0.560
   0.750
   0.941
   1.114
   1.256
   1.372
   1.405
   0.000
 -65.534
 -65.534
 -65.534
 -65.534
   1.195
   1.357
   1.479
   1.580
   1.662
   1.732
   1.790
   1.828
   1.851
   1.864
   1.871
   1.865
   1.850
   1.825
   1.791
   1.763
   1.742
   1.737
   1.742
   1.758
   1.785
   1.821
   1.855
   1.883
   1.901
   1.921
   1.943
   1.971
   1.999
   2.021
   2.032
   2.041
   2.028
   2.025
   2.007
   1.987
   1.964
   1.928
   1.864
   1.772
   1.658
   1.527
   1.384
   1.227
   1.062
   0.891
   0.728
   0.558
   0.390
   0.227
   0.084
  -0.012
  -0.040
  -0.004
   0.101
   0.257
   0.436
   0.627
   0.818
   1.001
   1.166
   1.306
   1.413
   1.438
   0.000
 -65.534
 -65.534
 -65.534
 -65.534
   1.076
   1.232
   1.351
   1.443
   1.516
   1.580
   1.634
   1.675
   1.702
   1.723
   1.739
   1.744
   1.741
   1.727
   1.702
   1.680
   1.670
   1.671
   1.684
   1.708
   1.743
   1.784
   1.827
   1.856
   1.878
   1.899
   1.917
   1.935
   1.957
   1.977
   1.994
   2.004
   2.002
   2.004
   1.986
   1.979
   1.968
   1.942
   1.888
   1.801
   1.691
   1.571
   1.440
   1.294
   1.139
   0.972
   0.795
   0.617
   0.451
   0.295
   0.173
   0.093
   0.075
   0.117
   0.214
   0.361
   0.530
   0.710
   0.887
   1.052
   1.195
   1.321
   1.418
   1.431
   0.000
 -65.534
 -65.534
 -65.534
 -65.534
   0.993
   1.130
   1.236
   1.314
   1.371
   1.429
   1.483
   1.522
   1.553
   1.577
   1.597
   1.604
   1.602
   1.593
   1.578
   1.567
   1.561
   1.567
   1.580
   1.603
   1.638
   1.683
   1.730
   1.772
   1.804
   1.830
   1.852
   1.865
   1.882
   1.898
   1.917
   1.935
   1.948
   1.954
   1.945
   1.933
   1.917
   1.888
   1.860
   1.786
   1.685
   1.578
   1.457
   1.324
   1.177
   1.019
   0.846
   0.677
   0.522
   0.390
   0.293
   0.239
   0.231
   0.276
   0.371
   0.497
   0.647
   0.805
   0.954
   1.087
   1.206
   1.310
   1.395
   1.396
   0.000
 -65.534
 -65.534
 -65.534
 -65.534
   0.914
   1.018
   1.103
   1.170
   1.246
   1.287
   1.336
   1.376
   1.411
   1.437
   1.453
   1.459
   1.456
   1.448
   1.436
   1.427
   1.424
   1.424
   1.432
   1.451
   1.482
   1.523
   1.572
   1.619
   1.663
   1.701
   1.731
   1.749
   1.767
   1.786
   1.806
   1.834
   1.852
   1.862
   1.860
   1.844
   1.817
   1.785
   1.751
   1.691
   1.614
   1.529
   1.425
   1.301
   1.168
   1.026
   0.876
   0.729
   0.598
   0.491
   0.413
   0.378
   0.389
   0.441
   0.531
   0.646
   0.769
   0.894
   1.009
   1.107
   1.202
   1.286
   1.367
   1.355
   0.000
 -65.534
 -65.534
 -65.534
 -65.534
 -65.534
 -65.534
 -65.534
 -65.534
   1.048
   1.139
   1.193
   1.235
   1.270
   1.299
   1.317
   1.321
   1.316
   1.307
   1.295
   1.289
   1.282
   1.276
   1.273
   1.284
   1.308
   1.345
   1.390
   1.438
   1.484
   1.526
   1.563
   1.590
   1.614
   1.636
   1.658
   1.686
   1.708
   1.722
   1.722
   1.707
   1.681
   1.646
   1.602
   1.549
   1.493
   1.416
   1.315
   1.213
   1.111
   0.996
   0.882
   0.769
   0.666
   0.582
   0.533
   0.519
   0.544
   0.598
   0.684
   0.783
   0.881
   0.971
   1.045
   1.119
   1.193
   1.267
   1.339
   1.323
   0.000
 -65.534
 -65.534
 -65.534
 -65.534
 -65.534
 -65.534
   0.520
   0.640
   0.914
   1.029
   1.079
   1.122
   1.158
   1.185
   1.197
   1.197
   1.196
   1.191
   1.185
   1.176
   1.165
   1.149
   1.142
   1.141
   1.149
   1.180
   1.217
   1.262
   1.305
   1.348
   1.383
   1.411
   1.436
   1.460
   1.484
   1.506
   1.526
   1.535
   1.534
   1.521
   1.496
   1.463
   1.422
   1.378
   1.327
   1.255
   1.178
   1.103
   1.018
   0.927
   0.850
   0.777
   0.716
   0.670
   0.651
   0.658
   0.689
   0.746
   0.828
   0.905
   0.972
   1.023
   1.067
   1.118
   1.183
   1.247
   1.310
   1.295
   0.000
 -65.534
 -65.534
 -65.534
 -65.534
 -65.534
 -65.534
 -65.534
 -65.534
 -65.534
   0.870
   0.940
   0.981
   1.015
   1.039
   1.055
   1.099
   1.107
   1.113
   1.115
   1.101
   1.082
   1.063
   1.048
   1.041
   1.043
   1.060
   1.084
   1.120
   1.152
   1.185
   1.216
   1.242
   1.264
   1.287
   1.305
   1.323
   1.335
   1.337
   1.332
   1.319
   1.298
   1.267
   1.231
   1.192
   1.149
   1.092
   1.028
   0.973
   0.911
   0.864
   0.831
   0.809
   0.789
   0.777
   0.782
   0.803
   0.841
   0.895
   0.959
   1.010
   1.043
   1.060
   1.083
   1.126
   1.176
   1.233
   1.291
   1.268
   0.000
 -65.534
 -65.534
 -65.534
 -65.534
 -65.534
 -65.534
 -65.534
 -65.534
 -65.534
 -65.534
 -65.534
 -65.534
 -65.534
 -65.534
 -65.534
   0.856
   0.957
   0.998
   1.023
   1.047
   1.033
   1.013
   0.998
   0.987
   0.986
   0.996
   1.015
   1.032
   1.051
   1.071
   1.090
   1.106
   1.121
   1.134
   1.148
   1.159
   1.165
   1.161
   1.157
   1.145
   1.122
   1.093
   1.055
   1.019
   0.984
   0.943
   0.901
   0.863
   0.835
   0.821
   0.822
   0.836
   0.849
   0.870
   0.899
   0.938
   0.979
   1.026
   1.068
   1.086
   1.088
   1.089
   1.101
   1.132
   1.172
   1.226
   1.283
   1.248
   0.000
 -65.534
 -65.534
 -65.534
 -65.534
 -65.534
 -65.534
 -65.534
 -65.534
 -65.534
 -65.534
 -65.534
 -65.534
 -65.534
 -65.534
 -65.534
 -65.534
 -65.534
 -65.534
 -65.534
   0.899
   0.971
   0.985
   0.983
   0.982
   0.979
   0.983
   0.993
   1.001
   1.009
   1.010
   1.014
   1.015
   1.022
   1.028
   1.035
   1.043
   1.043
   1.036
   1.026
   1.014
   0.993
   0.968
   0.937
   0.906
   0.877
   0.849
   0.826
   0.812
   0.813
   0.822
   0.847
   0.881
   0.919
   0.957
   1.002
   1.052
   1.096
   1.131
   1.151
   1.142
   1.121
   1.111
   1.113
   1.134
   1.172
   1.225
   1.278
   1.228
   0.000
 -65.534
 -65.534
 -65.534
 -65.534
 -65.534
 -65.534
 -65.534
 -65.534
 -65.534
 -65.534
 -65.534
 -65.534
 -65.534
 -65.534
 -65.534
 -65.534
 -65.534
 -65.534
   0.718
   0.889
   0.950
   0.983
   0.997
   1.005
   1.005
   1.005
   1.010
   1.012
   1.011
   1.003
   0.993
   0.986
   0.979
   0.980
   0.981
   0.987
   0.988
   0.979
   0.966
   0.951
   0.935
   0.917
   0.899
   0.879
   0.862
   0.844
   0.832
   0.834
   0.845
   0.872
   0.909
   0.953
   1.000
   1.044
   1.091
   1.140
   1.183
   1.210
   1.209
   1.185
   1.156
   1.144
   1.136
   1.150
   1.180
   1.222
   1.262
   1.191
   0.000
 -65.534
 -65.534
 -65.534
 -65.534
 -65.534
 -65.534
 -65.534
 -65.534
 -65.534
 -65.534
 -65.534
 -65.534
 -65.534
 -65.534
 -65.534
 -65.534
 -65.534
   0.742
   0.870
   0.929
   0.978
   1.004
   1.024
   1.041
   1.048
   1.049
   1.053
   1.053
   1.050
   1.039
   1.022
   1.006
   0.993
   0.987
   0.987
   0.988
   0.985
   0.974
   0.962
   0.951
   0.942
   0.940
   0.939
   0.941
   0.938
   0.930
   0.918
   0.919
   0.933
   0.956
   0.991
   1.037
   1.080
   1.120
   1.157
   1.203
   1.239
   1.257
   1.247
   1.217
   1.187
   1.168
   1.161
   1.170
   1.190
   1.215
   1.235
   1.138
   0.000
 -65.534
 -65.534
 -65.534
 -65.534
 -65.534
 -65.534
 -65.534
 -65.534
 -65.534
 -65.534
 -65.534
 -65.534
 -65.534
 -65.534
 -65.534
 -65.534
 -65.534
   0.832
   0.913
   0.961
   1.003
   1.030
   1.053
   1.075
   1.088
   1.096
   1.103
   1.104
   1.101
   1.093
   1.080
   1.057
   1.042
   1.028
   1.020
   1.015
   1.010
   1.002
   0.990
   0.984
   0.986
   0.998
   1.017
   1.042
   1.056
   1.051
   1.040
   1.037
   1.043
   1.059
   1.082
   1.102
   1.123
   1.148
   1.170
   1.200
   1.238
   1.260
   1.253
   1.228
   1.205
   1.192
   1.185
   1.182
   1.191
   1.197
   1.192
   1.062
   0.000
 -65.534
 -65.534
 -65.534
 -65.534
 -65.534
 -65.534
 -65.534
 -65.534
 -65.534
 -65.534
 -65.534
 -65.534
 -65.534
 -65.534
 -65.534
 -65.534
 -65.534
   0.835
   0.907
   0.959
   1.003
   1.040
   1.074
   1.101
   1.120
   1.131
   1.140
   1.146
   1.147
   1.145
   1.136
   1.116
   1.095
   1.077
   1.064
   1.051
   1.045
   1.041
   1.037
   1.040
   1.050
   1.068
   1.098
   1.130
   1.153
   1.155
   1.151
   1.150
   1.152
   1.163
   1.177
   1.181
   1.188
   1.190
   1.188
   1.194
   1.216
   1.234
   1.239
   1.230
   1.220
   1.211
   1.201
   1.195
   1.183
   1.167
   1.132
   0.985
   0.000
 -65.534
 -65.534
 -65.534
 -65.534
 -65.534
 -65.534
 -65.534
 -65.534
 -65.534
 -65.534
 -65.534
 -65.534
 -65.534
 -65.534
 -65.534
 -65.534
 -65.534
   0.819
   0.873
   0.936
   0.992
   1.039
   1.086
   1.120
   1.139
   1.155
   1.165
   1.176
   1.184
   1.186
   1.184
   1.170
   1.152
   1.133
   1.119
   1.104
   1.097
   1.097
   1.103
   1.113
   1.129
   1.150
   1.175
   1.201
   1.221
   1.232
   1.237
   1.240
   1.247
   1.253
   1.258
   1.256
   1.248
   1.227
   1.200
   1.180
   1.174
   1.189
   1.195
   1.200
   1.205
   1.205
   1.197
   1.186
   1.162
   1.129
   1.077
   0.910
   0.000
 -65.534
 -65.534
 -65.534
 -65.534
 -65.534
 -65.534
 -65.534
 -65.534
 -65.534
 -65.534
 -65.534
 -65.534
 -65.534
 -65.534
 -65.534
 -65.534
 -65.534
 -65.534
   0.828
   0.892
   0.963
   1.019
   1.072
   1.110
   1.131
   1.149
   1.166
   1.181
   1.196
   1.208
   1.218
   1.212
   1.202
   1.190
   1.176
   1.162
   1.154
   1.161
   1.175
   1.190
   1.211
   1.227
   1.244
   1.260
   1.275
   1.290
   1.303
   1.315
   1.330
   1.335
   1.337
   1.324
   1.299
   1.262
   1.217
   1.173
   1.151
   1.148
   1.150
   1.156
   1.163
   1.167
   1.163
   1.149
   1.122
   1.079
   1.010
   0.838
   0.000
 -65.534
 -65.534
 -65.534
 -65.534
 -65.534
 -65.534
 -65.534
 -65.534
 -65.534
 -65.534
 -65.534
 -65.534
 -65.534
 -65.534
 -65.534
 -65.534
 -65.534
 -65.534
 -65.534
   0.842
   0.909
   0.971
   1.026
   1.066
   1.093
   1.115
   1.137
   1.156
   1.181
   1.205
   1.222
   1.229
   1.225
   1.220
   1.216
   1.214
   1.226
   1.228
   1.232
   1.245
   1.245
   1.253
   1.269
   1.286
   1.308
   1.331
   1.351
   1.370
   1.388
   1.394
   1.403
   1.383
   1.354
   1.311
   1.258
   1.209
   1.169
   1.147
   1.137
   1.136
   1.133
   1.127
   1.119
   1.100
   1.072
   1.029
   0.953
   0.780
   0.000
 -65.534
 -65.534
 -65.534
 -65.534
 -65.534
 -65.534
 -65.534
 -65.534
 -65.534
 -65.534
 -65.534
 -65.534
 -65.534
 -65.534
 -65.534
 -65.534
 -65.534
 -65.534
 -65.534
 -65.534
   0.859
   0.919
   0.975
   1.019
   1.056
   1.078
   1.099
   1.117
   1.138
   1.165
   1.185
   1.193
   1.177
   1.140
   1.074
   0.916
 -65.534
 -65.534
 -65.534
 -65.534
   1.098
   1.190
   1.233
   1.278
   1.323
   1.362
   1.390
   1.415
   1.431
   1.438
   1.438
   1.415
   1.381
   1.335
   1.278
   1.227
   1.184
   1.153
   1.131
   1.121
   1.114
   1.109
   1.095
   1.074
   1.037
   0.991
   0.924
   0.756
   0.000
 -65.534
 -65.534
 -65.534
 -65.534
 -65.534
 -65.534
 -65.534
 -65.534
 -65.534
 -65.534
 -65.534
 -65.534
 -65.534
 -65.534
 -65.534
 -65.534
 -65.534
 -65.534
 -65.534
 -65.534
 -65.534
 -65.534
 -65.534
 -65.534
   0.920
   0.999
   1.033
   1.052
   1.073
   1.098
   1.119
   1.124
   1.099
   1.047
   0.961
   0.810
 -65.534
 -65.534
 -65.534
 -65.534
 -65.534
 -65.534
   1.157
   1.254
   1.329
   1.382
   1.413
   1.429
   1.440
   1.436
   1.422
   1.406
   1.373
   1.325
   1.275
   1.224
   1.176
   1.142
   1.122
   1.113
   1.115
   1.109
   1.096
   1.074
   1.041
   0.990
   0.920
   0.761
   0.000
 -65.534
 -65.534
 -65.534
 -65.534
 -65.534
 -65.534
 -65.534
 -65.534
 -65.534
 -65.534
 -65.534
 -65.534
 -65.534
 -65.534
 -65.534
 -65.534
 -65.534
 -65.534
 -65.534
 -65.534
 -65.534
 -65.534
 -65.534
 -65.534
   0.819
   0.888
   0.926
   0.954
   0.982
   1.015
   1.031
   1.035
   1.011
   0.965
   0.900
   0.792
 -65.534
 -65.534
 -65.534
 -65.534
 -65.534
 -65.534
 -65.534
   1.191
   1.303
   1.377
   1.409
   1.421
   1.425
   1.419
   1.410
   1.393
   1.362
   1.321
   1.274
   1.227
   1.186
   1.155
   1.135
   1.124
   1.116
   1.107
   1.093
   1.070
   1.037
   0.992
   0.924
   0.770
   0.000
 -65.534
 -65.534
 -65.534
 -65.534
 -65.534
 -65.534
 -65.534
 -65.534
 -65.534
 -65.534
 -65.534
 -65.534
 -65.534
 -65.534
 -65.534
 -65.534
 -65.534
 -65.534
 -65.534
 -65.534
 -65.534
 -65.534
 -65.534
 -65.534
 -65.534
 -65.534
 -65.534
 -65.534
 -65.534
   0.789
   0.869
   0.899
   0.914
   0.899
   0.864
   0.812
   0.621
 -65.534
 -65.534
 -65.534
 -65.534
 -65.534
 -65.534
   0.989
   0.976
 -65.534
   1.239
   1.335
   1.370
   1.381
   1.376
   1.363
   1.343
   1.315
   1.281
   1.246
   1.211
   1.181
   1.156
   1.138
   1.125
   1.110
   1.086
   1.056
   1.018
   0.969
   0.901
   0.755
   0.000
 -65.534
 -65.534
 -65.534
 -65.534
 -65.534
 -65.534
 -65.534
 -65.534
 -65.534
 -65.534
 -65.534
 -65.534
 -65.534
 -65.534
 -65.534
 -65.534
 -65.534
 -65.534
 -65.534
 -65.534
 -65.534
 -65.534
 -65.534
 -65.534
 -65.534
 -65.534
 -65.534
 -65.534
 -65.534
 -65.534
 -65.534
 -65.534
   0.704
   0.791
   0.816
   0.795
   0.731
   0.569
 -65.534
 -65.534
 -65.534
 -65.534
 -65.534
 -65.534
 -65.534
 -65.534
 -65.534
 -65.534
 -65.534
   1.217
   1.312
   1.337
   1.334
   1.310
   1.285
   1.252
   1.217
   1.185
   1.161
   1.141
   1.119
   1.097
   1.067
   1.030
   0.985
   0.928
   0.856
   0.711
   0.000
 -65.534
 -65.534
 -65.534
 -65.534
 -65.534
 -65.534
 -65.534
 -65.534
 -65.534
 -65.534
 -65.534
 -65.534
 -65.534
 -65.534
 -65.534
 -65.534
 -65.534
 -65.534
 -65.534
 -65.534
 -65.534
 -65.534
 -65.534
 -65.534
 -65.534
 -65.534
 -65.534
 -65.534
 -65.534
 -65.534
 -65.534
 -65.534
   0.557
   0.661
   0.719
   0.725
   0.717
   0.664
   0.549
   0.445
 -65.534
 -65.534
 -65.534
 -65.534
 -65.534
 -65.534
 -65.534
 -65.534
 -65.534
 -65.534
 -65.534
 -65.534
   1.213
   1.260
   1.259
   1.228
   1.190
   1.159
   1.138
   1.115
   1.090
   1.062
   1.029
   0.987
   0.938
   0.881
   0.809
   0.668
   0.000
 -65.534
 -65.534
 -65.534
 -65.534
 -65.534
 -65.534
 -65.534
 -65.534
 -65.534
 -65.534
 -65.534
 -65.534
 -65.534
 -65.534
 -65.534
 -65.534
 -65.534
 -65.534
 -65.534
 -65.534
 -65.534
 -65.534
 -65.534
 -65.534
 -65.534
 -65.534
 -65.534
 -65.534
 -65.534
 -65.534
 -65.534
 -65.534
 -65.534
 -65.534
 -65.534
 -65.534
   0.465
   0.555
   0.563
   0.541
   0.456
   0.393
   0.362
   0.342
   0.341
 -65.534
 -65.534
 -65.534
 -65.534
 -65.534
 -65.534
 -65.534
 -65.534
 -65.534
 -65.534
   1.085
   1.122
   1.111
   1.097
   1.075
   1.045
   1.014
   0.978
   0.936
   0.890
   0.835
   0.764
   0.635
   0.000
 -65.534
 -65.534
 -65.534
 -65.534
 -65.534
 -65.534
 -65.534
 -65.534
 -65.534
 -65.534
 -65.534
 -65.534
 -65.534
 -65.534
 -65.534
 -65.534
 -65.534
 -65.534
 -65.534
 -65.534
 -65.534
 -65.534
 -65.534
 -65.534
 -65.534
 -65.534
 -65.534
 -65.534
 -65.534
 -65.534
 -65.534
 -65.534
 -65.534
 -65.534
 -65.534
 -65.534
 -65.534
 -65.534
 -65.534
 -65.534
   0.318
 -65.534
 -65.534
 -65.534
 -65.534
 -65.534
 -65.534
 -65.534
 -65.534
 -65.534
 -65.534
 -65.534
 -65.534
 -65.534
 -65.534
   1.055
   1.095
   1.089
   1.072
   1.048
   1.003
   0.953
   0.912
   0.872
   0.834
   0.787
   0.725
   0.607
   0.000
 -65.534
 -65.534
 -65.534
 -65.534
 -65.534
 -65.534
 -65.534
 -65.534
 -65.534
 -65.534
 -65.534
 -65.534
 -65.534
 -65.534
 -65.534
 -65.534
 -65.534
 -65.534
 -65.534
 -65.534
 -65.534
 -65.534
 -65.534
 -65.534
 -65.534
 -65.534
 -65.534
 -65.534
 -65.534
 -65.534
 -65.534
 -65.534
 -65.534
 -65.534
 -65.534
 -65.534
 -65.534
 -65.534
 -65.534
 -65.534
 -65.534
 -65.534
 -65.534
 -65.534
 -65.534
 -65.534
 -65.534
 -65.534
 -65.534
 -65.534
 -65.534
 -65.534
 -65.534
 -65.534
 -65.534
 -65.534
 -65.534
 -65.534
 -65.534
   0.927
   0.936
   0.900
   0.843
   0.807
   0.779
   0.749
   0.704
   0.589
   0.000
 -65.534
 -65.534
 -65.534
 -65.534
 -65.534
 -65.534
 -65.534
 -65.534
 -65.534
 -65.534
 -65.534
 -65.534
 -65.534
 -65.534
 -65.534
 -65.534
 -65.534
 -65.534
 -65.534
 -65.534
 -65.534
 -65.534
 -65.534
 -65.534
 -65.534
 -65.534
 -65.534
 -65.534
 -65.534
 -65.534
 -65.534
 -65.534
 -65.534
 -65.534
 -65.534
 -65.534
 -65.534
 -65.534
 -65.534
 -65.534
 -65.534
 -65.534
 -65.534
 -65.534
 -65.534
 -65.534
 -65.534
 -65.534
 -65.534
 -65.534
 -65.534
 -65.534
 -65.534
 -65.534
 -65.534
 -65.534
 -65.534
 -65.534
 -65.534
 -65.534
 -65.534
   0.000
   0.000
   0.000
   0.000
   0.000
   0.000
   0.000
 -65.534
