 -65.534
   0.000
   0.000
   0.000
   0.000
   0.000
   0.000
   0.000
   0.000
   0.000
   0.000
   0.000
   0.000
   0.000
   0.000
   0.000
   0.000
   0.000
   0.000
   0.000
   0.000
   0.000
   0.000
   0.000
   0.000
   0.000
   0.000
   0.000
   0.000
   0.000
   0.000
   0.000
   0.000
   0.000
   0.000
   0.000
   0.000
   0.000
   0.000
   0.000
   0.000
   0.000
   0.000
   0.000
   0.000
   0.000
   0.000
   0.000
   0.000
   0.000
   0.000
   0.000
   0.000
   0.000
   0.000
   0.000
   0.000
   0.000
   0.000
   0.000
   0.000
   0.000
   0.000
   0.000
   0.000
   0.000
   0.000
   0.000
 -65.534
   0.000
   1.213
   1.411
   1.561
   1.721
   1.866
   1.985
   2.073
   2.133
   2.177
   2.213
   2.248
   2.292
   2.345
   2.405
   2.478
   2.552
   2.629
   2.697
   2.759
   2.811
   2.851
   2.879
   2.873
   2.894
   2.901
   2.871
   2.806
   2.719
   2.631
   2.547
   2.468
   2.387
   2.298
   2.224
   2.126
   2.031
   1.927
   1.818
   1.720
   1.629
   1.553
   1.498
   1.456
   1.417
   1.398
   1.398
   1.427
   1.481
   1.570
   1.655
   1.734
   1.819
   1.910
   2.008
   2.063
   2.085
   2.084
   2.057
   2.029
   1.991
   1.948
   1.883
   1.811
   1.751
   1.698
   1.644
   1.542
   0.000
   0.000
   1.278
   1.453
   1.577
   1.725
   1.873
   2.012
   2.129
   2.220
   2.292
   2.348
   2.400
   2.453
   2.505
   2.562
   2.627
   2.701
   2.780
   2.855
   2.929
   2.994
   3.046
   3.083
   3.087
   3.107
   3.110
   3.086
   3.030
   2.951
   2.869
   2.783
   2.698
   2.612
   2.522
   2.428
   2.321
   2.203
   2.081
   1.956
   1.837
   1.729
   1.637
   1.564
   1.508
   1.466
   1.452
   1.485
   1.561
   1.666
   1.805
   1.940
   2.075
   2.209
   2.322
   2.419
   2.485
   2.531
   2.546
   2.528
   2.497
   2.453
   2.385
   2.300
   2.219
   2.142
   2.064
   1.986
   1.832
   0.000
   0.000
   1.264
   1.417
   1.519
   1.648
   1.785
   1.923
   2.048
   2.155
   2.247
   2.324
   2.390
   2.451
   2.510
   2.566
   2.627
   2.698
   2.774
   2.853
   2.935
   3.011
   3.075
   3.126
   3.155
   3.163
   3.166
   3.147
   3.099
   3.030
   2.956
   2.881
   2.801
   2.717
   2.631
   2.535
   2.420
   2.295
   2.161
   2.021
   1.888
   1.766
   1.658
   1.566
   1.496
   1.448
   1.436
   1.484
   1.590
   1.744
   1.916
   2.100
   2.268
   2.421
   2.559
   2.673
   2.756
   2.807
   2.814
   2.779
   2.727
   2.659
   2.571
   2.475
   2.380
   2.295
   2.219
   2.140
   1.973
   0.000
   0.000
   1.246
   1.383
   1.465
   1.571
   1.691
   1.819
   1.945
   2.063
   2.166
   2.259
   2.337
   2.408
   2.471
   2.531
   2.591
   2.659
   2.732
   2.812
   2.899
   2.988
   3.065
   3.128
   3.171
   3.192
   3.204
   3.192
   3.158
   3.104
   3.044
   2.978
   2.901
   2.823
   2.742
   2.645
   2.531
   2.402
   2.260
   2.110
   1.964
   1.827
   1.705
   1.598
   1.512
   1.452
   1.439
   1.493
   1.616
   1.796
   1.997
   2.211
   2.405
   2.576
   2.722
   2.846
   2.928
   2.972
   2.971
   2.929
   2.861
   2.776
   2.673
   2.565
   2.472
   2.391
   2.317
   2.245
   2.073
   0.000
   0.000
   1.228
   1.354
   1.424
   1.517
   1.620
   1.734
   1.855
   1.974
   2.082
   2.181
   2.265
   2.339
   2.405
   2.469
   2.532
   2.597
   2.671
   2.750
   2.840
   2.936
   3.021
   3.092
   3.145
   3.190
   3.215
   3.215
   3.197
   3.158
   3.114
   3.057
   2.987
   2.915
   2.837
   2.746
   2.636
   2.514
   2.371
   2.217
   2.065
   1.922
   1.791
   1.673
   1.572
   1.496
   1.466
   1.511
   1.638
   1.830
   2.055
   2.286
   2.499
   2.675
   2.825
   2.940
   3.013
   3.046
   3.034
   2.986
   2.911
   2.824
   2.718
   2.614
   2.529
   2.456
   2.393
   2.321
   2.149
   0.000
   0.000
   1.203
   1.328
   1.394
   1.476
   1.569
   1.674
   1.787
   1.903
   2.011
   2.109
   2.192
   2.268
   2.337
   2.402
   2.465
   2.532
   2.605
   2.687
   2.775
   2.872
   2.966
   3.049
   3.116
   3.166
   3.195
   3.211
   3.214
   3.197
   3.167
   3.123
   3.064
   2.997
   2.924
   2.841
   2.746
   2.634
   2.504
   2.358
   2.209
   2.065
   1.931
   1.806
   1.690
   1.581
   1.506
   1.511
   1.616
   1.805
   2.048
   2.296
   2.521
   2.704
   2.853
   2.965
   3.029
   3.057
   3.040
   2.983
   2.913
   2.826
   2.723
   2.624
   2.547
   2.483
   2.428
   2.358
   2.187
   0.000
   0.000
   1.170
   1.299
   1.361
   1.442
   1.528
   1.630
   1.737
   1.847
   1.954
   2.053
   2.134
   2.210
   2.280
   2.344
   2.409
   2.477
   2.549
   2.630
   2.716
   2.809
   2.903
   2.990
   3.063
   3.119
   3.157
   3.191
   3.211
   3.217
   3.206
   3.173
   3.122
   3.063
   2.997
   2.925
   2.846
   2.758
   2.651
   2.529
   2.397
   2.267
   2.135
   2.004
   1.869
   1.719
   1.578
   1.522
   1.563
   1.706
   1.942
   2.201
   2.440
   2.638
   2.804
   2.922
   2.994
   3.021
   3.007
   2.947
   2.875
   2.793
   2.693
   2.604
   2.533
   2.475
   2.418
   2.347
   2.184
   0.000
   0.000
   1.127
   1.260
   1.326
   1.405
   1.491
   1.586
   1.691
   1.799
   1.906
   2.006
   2.090
   2.165
   2.233
   2.296
   2.362
   2.429
   2.504
   2.582
   2.666
   2.756
   2.848
   2.935
   3.010
   3.071
   3.116
   3.161
   3.197
   3.221
   3.225
   3.206
   3.166
   3.112
   3.057
   2.995
   2.935
   2.871
   2.796
   2.706
   2.608
   2.501
   2.380
   2.259
   2.121
   1.948
   1.750
   1.613
   1.593
   1.655
   1.801
   2.026
   2.268
   2.488
   2.682
   2.824
   2.914
   2.957
   2.946
   2.890
   2.826
   2.748
   2.658
   2.575
   2.511
   2.455
   2.393
   2.315
   2.153
   0.000
   0.000
   1.067
   1.202
   1.275
   1.359
   1.441
   1.536
   1.638
   1.748
   1.860
   1.962
   2.048
   2.124
   2.191
   2.255
   2.316
   2.386
   2.461
   2.540
   2.623
   2.713
   2.802
   2.892
   2.971
   3.034
   3.086
   3.135
   3.180
   3.215
   3.232
   3.224
   3.191
   3.148
   3.101
   3.052
   3.005
   2.966
   2.918
   2.861
   2.797
   2.718
   2.623
   2.522
   2.404
   2.238
   2.021
   1.817
   1.717
   1.717
   1.776
   1.903
   2.099
   2.320
   2.529
   2.689
   2.799
   2.858
   2.860
   2.817
   2.762
   2.697
   2.618
   2.542
   2.483
   2.428
   2.359
   2.276
   2.114
   0.000
   0.000
   1.003
   1.136
   1.210
   1.295
   1.381
   1.472
   1.574
   1.684
   1.799
   1.907
   2.001
   2.080
   2.149
   2.210
   2.272
   2.341
   2.417
   2.499
   2.586
   2.675
   2.767
   2.857
   2.940
   3.007
   3.062
   3.115
   3.163
   3.202
   3.220
   3.219
   3.201
   3.171
   3.136
   3.099
   3.065
   3.041
   3.014
   2.984
   2.946
   2.895
   2.826
   2.749
   2.658
   2.526
   2.336
   2.115
   1.937
   1.857
   1.853
   1.908
   2.032
   2.204
   2.392
   2.546
   2.659
   2.726
   2.742
   2.714
   2.675
   2.628
   2.561
   2.497
   2.443
   2.383
   2.312
   2.232
   2.071
   0.000
   0.000
   0.941
   1.067
   1.139
   1.220
   1.301
   1.394
   1.494
   1.603
   1.719
   1.832
   1.933
   2.019
   2.094
   2.160
   2.222
   2.291
   2.370
   2.453
   2.543
   2.636
   2.731
   2.823
   2.911
   2.984
   3.043
   3.093
   3.141
   3.178
   3.203
   3.209
   3.202
   3.189
   3.168
   3.141
   3.122
   3.109
   3.097
   3.082
   3.064
   3.036
   2.992
   2.937
   2.862
   2.758
   2.613
   2.426
   2.236
   2.091
   2.020
   2.018
   2.080
   2.190
   2.326
   2.453
   2.546
   2.606
   2.626
   2.608
   2.582
   2.557
   2.503
   2.449
   2.399
   2.341
   2.272
   2.191
   2.031
   0.000
   0.000
   0.895
   1.005
   1.067
   1.138
   1.214
   1.302
   1.397
   1.505
   1.621
   1.735
   1.839
   1.932
   2.016
   2.085
   2.153
   2.225
   2.307
   2.395
   2.491
   2.587
   2.684
   2.777
   2.867
   2.948
   3.012
   3.065
   3.113
   3.151
   3.180
   3.196
   3.203
   3.203
   3.196
   3.184
   3.174
   3.166
   3.159
   3.150
   3.146
   3.136
   3.110
   3.074
   3.013
   2.924
   2.813
   2.677
   2.515
   2.359
   2.244
   2.191
   2.198
   2.245
   2.322
   2.399
   2.463
   2.506
   2.521
   2.512
   2.500
   2.479
   2.443
   2.399
   2.358
   2.303
   2.237
   2.151
   1.985
   0.000
 -65.534
 -65.534
   0.916
   0.995
   1.056
   1.126
   1.205
   1.294
   1.395
   1.504
   1.616
   1.723
   1.820
   1.907
   1.984
   2.057
   2.134
   2.219
   2.312
   2.412
   2.515
   2.616
   2.712
   2.803
   2.889
   2.965
   3.026
   3.077
   3.116
   3.151
   3.177
   3.195
   3.208
   3.215
   3.213
   3.213
   3.210
   3.203
   3.192
   3.188
   3.185
   3.175
   3.157
   3.111
   3.043
   2.951
   2.848
   2.724
   2.585
   2.464
   2.376
   2.332
   2.324
   2.338
   2.363
   2.392
   2.412
   2.416
   2.409
   2.406
   2.394
   2.366
   2.337
   2.305
   2.256
   2.189
   2.105
   1.929
   0.000
 -65.534
 -65.534
 -65.534
   0.894
   0.970
   1.034
   1.105
   1.183
   1.273
   1.376
   1.484
   1.589
   1.686
   1.773
   1.857
   1.936
   2.016
   2.105
   2.200
   2.305
   2.411
   2.516
   2.618
   2.720
   2.816
   2.902
   2.975
   3.033
   3.076
   3.113
   3.146
   3.175
   3.199
   3.218
   3.233
   3.241
   3.242
   3.232
   3.219
   3.213
   3.215
   3.218
   3.209
   3.181
   3.128
   3.051
   2.962
   2.864
   2.754
   2.637
   2.539
   2.465
   2.417
   2.384
   2.366
   2.360
   2.355
   2.346
   2.336
   2.331
   2.323
   2.301
   2.271
   2.244
   2.200
   2.141
   2.056
   1.872
   0.000
 -65.534
 -65.534
 -65.534
 -65.534
   0.854
   0.942
   1.000
   1.067
   1.149
   1.245
   1.348
   1.447
   1.540
   1.630
   1.713
   1.795
   1.878
   1.963
   2.057
   2.160
   2.267
   2.379
   2.490
   2.599
   2.706
   2.808
   2.896
   2.963
   3.015
   3.059
   3.098
   3.135
   3.169
   3.203
   3.231
   3.250
   3.264
   3.260
   3.246
   3.235
   3.238
   3.243
   3.241
   3.221
   3.177
   3.115
   3.035
   2.942
   2.850
   2.749
   2.658
   2.573
   2.507
   2.451
   2.407
   2.377
   2.355
   2.335
   2.317
   2.306
   2.292
   2.266
   2.231
   2.197
   2.153
   2.097
   2.016
   1.819
   0.000
 -65.534
 -65.534
 -65.534
 -65.534
   0.760
   0.841
   0.891
   0.951
   1.023
   1.109
   1.202
   1.297
   1.391
   1.480
   1.562
   1.639
   1.718
   1.802
   1.887
   1.983
   2.086
   2.197
   2.314
   2.432
   2.549
   2.663
   2.765
   2.851
   2.919
   2.974
   3.023
   3.069
   3.115
   3.160
   3.202
   3.237
   3.262
   3.268
   3.258
   3.246
   3.246
   3.250
   3.248
   3.232
   3.192
   3.137
   3.065
   2.977
   2.885
   2.799
   2.713
   2.636
   2.571
   2.512
   2.460
   2.423
   2.392
   2.363
   2.339
   2.318
   2.295
   2.262
   2.222
   2.177
   2.123
   2.064
   1.980
   1.771
   0.000
 -65.534
 -65.534
 -65.534
 -65.534
   0.673
   0.744
   0.783
   0.833
   0.895
   0.971
   1.056
   1.145
   1.233
   1.319
   1.397
   1.474
   1.547
   1.623
   1.702
   1.789
   1.883
   1.989
   2.102
   2.221
   2.345
   2.472
   2.589
   2.689
   2.778
   2.852
   2.917
   2.975
   3.031
   3.086
   3.138
   3.183
   3.220
   3.236
   3.232
   3.225
   3.220
   3.222
   3.224
   3.211
   3.179
   3.129
   3.064
   2.985
   2.898
   2.818
   2.745
   2.681
   2.624
   2.569
   2.521
   2.482
   2.449
   2.420
   2.394
   2.365
   2.334
   2.292
   2.244
   2.190
   2.128
   2.053
   1.957
   1.724
   0.000
 -65.534
 -65.534
 -65.534
 -65.534
   0.592
   0.658
   0.691
   0.728
   0.774
   0.837
   0.911
   0.992
   1.075
   1.153
   1.226
   1.294
   1.364
   1.436
   1.511
   1.588
   1.672
   1.768
   1.870
   1.988
   2.115
   2.246
   2.373
   2.493
   2.603
   2.694
   2.773
   2.842
   2.905
   2.964
   3.021
   3.070
   3.115
   3.142
   3.151
   3.150
   3.152
   3.157
   3.163
   3.158
   3.135
   3.097
   3.043
   2.972
   2.898
   2.825
   2.763
   2.709
   2.662
   2.621
   2.580
   2.545
   2.516
   2.491
   2.465
   2.438
   2.406
   2.363
   2.310
   2.242
   2.164
   2.077
   1.952
   1.698
   0.000
 -65.534
 -65.534
 -65.534
 -65.534
 -65.534
 -65.534
 -65.534
 -65.534
   0.655
   0.723
   0.781
   0.851
   0.922
   0.991
   1.055
   1.115
   1.180
   1.249
   1.323
   1.396
   1.471
   1.552
   1.644
   1.755
   1.883
   2.018
   2.154
   2.285
   2.403
   2.507
   2.595
   2.670
   2.738
   2.797
   2.855
   2.910
   2.955
   2.987
   3.005
   3.019
   3.040
   3.063
   3.084
   3.093
   3.080
   3.051
   3.005
   2.949
   2.884
   2.825
   2.768
   2.725
   2.689
   2.660
   2.630
   2.605
   2.581
   2.560
   2.542
   2.521
   2.494
   2.453
   2.393
   2.319
   2.231
   2.127
   1.989
   1.737
   0.000
 -65.534
 -65.534
 -65.534
 -65.534
 -65.534
 -65.534
   0.229
   0.438
   0.592
   0.625
   0.671
   0.725
   0.785
   0.843
   0.899
   0.957
   1.013
   1.078
   1.146
   1.213
   1.280
   1.354
   1.442
   1.546
   1.668
   1.807
   1.949
   2.087
   2.211
   2.318
   2.407
   2.480
   2.545
   2.604
   2.659
   2.713
   2.760
   2.801
   2.835
   2.871
   2.913
   2.956
   2.994
   3.019
   3.024
   3.003
   2.965
   2.921
   2.867
   2.811
   2.763
   2.725
   2.700
   2.681
   2.666
   2.648
   2.631
   2.617
   2.600
   2.581
   2.557
   2.519
   2.460
   2.379
   2.293
   2.177
   2.025
   1.749
   0.000
 -65.534
 -65.534
 -65.534
 -65.534
 -65.534
 -65.534
 -65.534
 -65.534
 -65.534
   0.531
   0.578
   0.614
   0.660
   0.707
   0.756
   0.811
   0.862
   0.922
   0.987
   1.053
   1.113
   1.182
   1.266
   1.373
   1.495
   1.631
   1.770
   1.909
   2.033
   2.133
   2.218
   2.289
   2.350
   2.406
   2.459
   2.511
   2.563
   2.615
   2.665
   2.719
   2.781
   2.842
   2.900
   2.934
   2.950
   2.937
   2.910
   2.872
   2.829
   2.782
   2.744
   2.715
   2.696
   2.687
   2.679
   2.672
   2.659
   2.648
   2.632
   2.608
   2.583
   2.547
   2.493
   2.413
   2.322
   2.214
   2.049
   1.744
   0.000
 -65.534
 -65.534
 -65.534
 -65.534
 -65.534
 -65.534
 -65.534
 -65.534
 -65.534
 -65.534
 -65.534
 -65.534
 -65.534
 -65.534
 -65.534
   0.655
   0.715
   0.766
   0.832
   0.917
   0.977
   1.045
   1.125
   1.224
   1.346
   1.481
   1.620
   1.748
   1.865
   1.964
   2.047
   2.111
   2.170
   2.223
   2.279
   2.333
   2.391
   2.452
   2.524
   2.592
   2.663
   2.734
   2.792
   2.840
   2.862
   2.860
   2.842
   2.814
   2.778
   2.740
   2.707
   2.686
   2.676
   2.675
   2.674
   2.671
   2.663
   2.651
   2.632
   2.606
   2.576
   2.541
   2.495
   2.420
   2.331
   2.225
   2.060
   1.721
   0.000
 -65.534
 -65.534
 -65.534
 -65.534
 -65.534
 -65.534
 -65.534
 -65.534
 -65.534
 -65.534
 -65.534
 -65.534
 -65.534
 -65.534
 -65.534
 -65.534
 -65.534
 -65.534
 -65.534
   0.799
   0.876
   0.936
   1.011
   1.103
   1.213
   1.340
   1.471
   1.599
   1.713
   1.807
   1.888
   1.957
   2.016
   2.071
   2.129
   2.189
   2.252
   2.320
   2.391
   2.468
   2.544
   2.617
   2.683
   2.734
   2.763
   2.764
   2.751
   2.730
   2.705
   2.673
   2.645
   2.630
   2.625
   2.629
   2.632
   2.629
   2.618
   2.607
   2.589
   2.561
   2.529
   2.499
   2.458
   2.393
   2.303
   2.201
   2.039
   1.694
   0.000
 -65.534
 -65.534
 -65.534
 -65.534
 -65.534
 -65.534
 -65.534
 -65.534
 -65.534
 -65.534
 -65.534
 -65.534
 -65.534
 -65.534
 -65.534
 -65.534
 -65.534
 -65.534
   0.560
   0.774
   0.802
   0.857
   0.921
   0.999
   1.096
   1.207
   1.331
   1.453
   1.569
   1.669
   1.751
   1.820
   1.881
   1.938
   1.998
   2.060
   2.126
   2.192
   2.260
   2.334
   2.416
   2.495
   2.564
   2.616
   2.644
   2.644
   2.627
   2.606
   2.583
   2.562
   2.548
   2.537
   2.534
   2.533
   2.527
   2.514
   2.508
   2.496
   2.478
   2.453
   2.425
   2.400
   2.363
   2.308
   2.232
   2.127
   1.973
   1.630
   0.000
 -65.534
 -65.534
 -65.534
 -65.534
 -65.534
 -65.534
 -65.534
 -65.534
 -65.534
 -65.534
 -65.534
 -65.534
 -65.534
 -65.534
 -65.534
 -65.534
 -65.534
   0.470
   0.672
   0.724
   0.754
   0.796
   0.847
   0.912
   0.991
   1.086
   1.195
   1.311
   1.428
   1.534
   1.623
   1.693
   1.757
   1.810
   1.864
   1.923
   1.981
   2.044
   2.110
   2.184
   2.266
   2.354
   2.432
   2.490
   2.516
   2.511
   2.488
   2.460
   2.435
   2.413
   2.402
   2.394
   2.388
   2.380
   2.371
   2.361
   2.351
   2.336
   2.320
   2.303
   2.280
   2.255
   2.230
   2.188
   2.117
   2.016
   1.877
   1.547
   0.000
 -65.534
 -65.534
 -65.534
 -65.534
 -65.534
 -65.534
 -65.534
 -65.534
 -65.534
 -65.534
 -65.534
 -65.534
 -65.534
 -65.534
 -65.534
 -65.534
 -65.534
   0.543
   0.655
   0.685
   0.716
   0.745
   0.785
   0.833
   0.890
   0.963
   1.053
   1.163
   1.277
   1.390
   1.486
   1.559
   1.619
   1.671
   1.718
   1.768
   1.821
   1.875
   1.938
   2.010
   2.093
   2.182
   2.266
   2.328
   2.358
   2.350
   2.321
   2.290
   2.265
   2.243
   2.228
   2.218
   2.212
   2.208
   2.200
   2.185
   2.170
   2.152
   2.132
   2.115
   2.101
   2.089
   2.071
   2.035
   1.972
   1.888
   1.764
   1.464
   0.000
 -65.534
 -65.534
 -65.534
 -65.534
 -65.534
 -65.534
 -65.534
 -65.534
 -65.534
 -65.534
 -65.534
 -65.534
 -65.534
 -65.534
 -65.534
 -65.534
 -65.534
   0.534
   0.618
   0.649
   0.678
   0.701
   0.729
   0.760
   0.796
   0.844
   0.912
   1.005
   1.116
   1.230
   1.333
   1.408
   1.475
   1.525
   1.568
   1.610
   1.655
   1.706
   1.765
   1.833
   1.912
   1.996
   2.074
   2.132
   2.160
   2.153
   2.131
   2.101
   2.072
   2.047
   2.031
   2.022
   2.021
   2.020
   2.015
   2.000
   1.981
   1.958
   1.938
   1.919
   1.905
   1.894
   1.877
   1.848
   1.799
   1.727
   1.625
   1.361
   0.000
 -65.534
 -65.534
 -65.534
 -65.534
 -65.534
 -65.534
 -65.534
 -65.534
 -65.534
 -65.534
 -65.534
 -65.534
 -65.534
 -65.534
 -65.534
 -65.534
 -65.534
   0.491
   0.576
   0.612
   0.640
   0.661
   0.680
   0.698
   0.716
   0.744
   0.789
   0.862
   0.959
   1.069
   1.172
   1.252
   1.323
   1.377
   1.423
   1.466
   1.509
   1.557
   1.611
   1.675
   1.745
   1.816
   1.881
   1.928
   1.947
   1.946
   1.923
   1.896
   1.869
   1.842
   1.826
   1.815
   1.814
   1.814
   1.811
   1.798
   1.777
   1.754
   1.735
   1.720
   1.707
   1.692
   1.670
   1.636
   1.589
   1.530
   1.444
   1.210
   0.000
 -65.534
 -65.534
 -65.534
 -65.534
 -65.534
 -65.534
 -65.534
 -65.534
 -65.534
 -65.534
 -65.534
 -65.534
 -65.534
 -65.534
 -65.534
 -65.534
 -65.534
 -65.534
   0.499
   0.565
   0.595
   0.616
   0.630
   0.639
   0.646
   0.661
   0.691
   0.741
   0.817
   0.911
   1.006
   1.088
   1.164
   1.224
   1.278
   1.326
   1.373
   1.421
   1.474
   1.533
   1.591
   1.651
   1.699
   1.733
   1.749
   1.742
   1.721
   1.694
   1.666
   1.643
   1.624
   1.612
   1.606
   1.599
   1.591
   1.577
   1.557
   1.537
   1.524
   1.516
   1.508
   1.493
   1.465
   1.424
   1.372
   1.310
   1.227
   1.032
   0.000
 -65.534
 -65.534
 -65.534
 -65.534
 -65.534
 -65.534
 -65.534
 -65.534
 -65.534
 -65.534
 -65.534
 -65.534
 -65.534
 -65.534
 -65.534
 -65.534
 -65.534
 -65.534
 -65.534
   0.483
   0.537
   0.556
   0.569
   0.574
   0.579
   0.587
   0.606
   0.640
   0.693
   0.763
   0.840
   0.919
   0.994
   1.060
   1.120
   1.166
   1.193
   1.252
   1.308
   1.374
   1.446
   1.488
   1.525
   1.553
   1.561
   1.551
   1.528
   1.501
   1.476
   1.453
   1.437
   1.420
   1.406
   1.392
   1.374
   1.354
   1.334
   1.319
   1.312
   1.309
   1.307
   1.294
   1.265
   1.219
   1.161
   1.095
   1.012
   0.832
   0.000
 -65.534
 -65.534
 -65.534
 -65.534
 -65.534
 -65.534
 -65.534
 -65.534
 -65.534
 -65.534
 -65.534
 -65.534
 -65.534
 -65.534
 -65.534
 -65.534
 -65.534
 -65.534
 -65.534
 -65.534
   0.442
   0.477
   0.492
   0.504
   0.514
   0.522
   0.539
   0.562
   0.597
   0.643
   0.691
   0.755
   0.814
   0.863
   0.877
   0.777
 -65.534
 -65.534
 -65.534
 -65.534
   1.191
   1.292
   1.361
   1.384
   1.394
   1.384
   1.359
   1.331
   1.304
   1.281
   1.261
   1.240
   1.220
   1.198
   1.172
   1.146
   1.120
   1.105
   1.098
   1.097
   1.094
   1.083
   1.053
   1.008
   0.957
   0.895
   0.815
   0.648
   0.000
 -65.534
 -65.534
 -65.534
 -65.534
 -65.534
 -65.534
 -65.534
 -65.534
 -65.534
 -65.534
 -65.534
 -65.534
 -65.534
 -65.534
 -65.534
 -65.534
 -65.534
 -65.534
 -65.534
 -65.534
 -65.534
 -65.534
 -65.534
 -65.534
   0.441
   0.459
   0.477
   0.500
   0.527
   0.554
   0.582
   0.624
   0.662
   0.684
   0.660
   0.539
 -65.534
 -65.534
 -65.534
 -65.534
 -65.534
 -65.534
   1.113
   1.217
   1.241
   1.235
   1.204
   1.174
   1.147
   1.124
   1.102
   1.078
   1.051
   1.022
   0.992
   0.960
   0.930
   0.905
   0.892
   0.884
   0.875
   0.860
   0.833
   0.793
   0.747
   0.696
   0.623
   0.482
   0.000
 -65.534
 -65.534
 -65.534
 -65.534
 -65.534
 -65.534
 -65.534
 -65.534
 -65.534
 -65.534
 -65.534
 -65.534
 -65.534
 -65.534
 -65.534
 -65.534
 -65.534
 -65.534
 -65.534
 -65.534
 -65.534
 -65.534
 -65.534
 -65.534
   0.363
   0.392
   0.412
   0.442
   0.474
   0.495
   0.513
   0.536
   0.555
   0.557
   0.528
   0.456
 -65.534
 -65.534
 -65.534
 -65.534
 -65.534
 -65.534
 -65.534
   0.994
   1.052
   1.044
   1.046
   1.018
   0.998
   0.975
   0.956
   0.933
   0.905
   0.873
   0.841
   0.805
   0.771
   0.739
   0.715
   0.693
   0.671
   0.643
   0.609
   0.568
   0.525
   0.479
   0.421
   0.312
   0.000
 -65.534
 -65.534
 -65.534
 -65.534
 -65.534
 -65.534
 -65.534
 -65.534
 -65.534
 -65.534
 -65.534
 -65.534
 -65.534
 -65.534
 -65.534
 -65.534
 -65.534
 -65.534
 -65.534
 -65.534
 -65.534
 -65.534
 -65.534
 -65.534
 -65.534
 -65.534
 -65.534
 -65.534
 -65.534
   0.434
   0.467
   0.483
   0.495
   0.487
   0.463
   0.411
   0.163
 -65.534
 -65.534
 -65.534
 -65.534
 -65.534
 -65.534
   0.714
   0.742
 -65.534
   0.765
   0.794
   0.810
   0.845
   0.842
   0.828
   0.798
   0.764
   0.725
   0.686
   0.644
   0.604
   0.567
   0.530
   0.490
   0.446
   0.396
   0.344
   0.297
   0.250
   0.200
   0.122
   0.000
 -65.534
 -65.534
 -65.534
 -65.534
 -65.534
 -65.534
 -65.534
 -65.534
 -65.534
 -65.534
 -65.534
 -65.534
 -65.534
 -65.534
 -65.534
 -65.534
 -65.534
 -65.534
 -65.534
 -65.534
 -65.534
 -65.534
 -65.534
 -65.534
 -65.534
 -65.534
 -65.534
 -65.534
 -65.534
 -65.534
 -65.534
 -65.534
   0.452
   0.456
   0.435
   0.388
   0.230
   0.104
 -65.534
 -65.534
 -65.534
 -65.534
 -65.534
 -65.534
 -65.534
 -65.534
 -65.534
 -65.534
 -65.534
   0.593
   0.679
   0.700
   0.716
   0.683
   0.640
   0.581
   0.526
   0.476
   0.425
   0.373
   0.315
   0.251
   0.185
   0.124
   0.073
   0.027
  -0.015
  -0.061
   0.000
 -65.534
 -65.534
 -65.534
 -65.534
 -65.534
 -65.534
 -65.534
 -65.534
 -65.534
 -65.534
 -65.534
 -65.534
 -65.534
 -65.534
 -65.534
 -65.534
 -65.534
 -65.534
 -65.534
 -65.534
 -65.534
 -65.534
 -65.534
 -65.534
 -65.534
 -65.534
 -65.534
 -65.534
 -65.534
 -65.534
 -65.534
 -65.534
   0.424
   0.429
   0.414
   0.370
   0.262
   0.155
   0.086
   0.056
 -65.534
 -65.534
 -65.534
 -65.534
 -65.534
 -65.534
 -65.534
 -65.534
 -65.534
 -65.534
 -65.534
 -65.534
   0.475
   0.501
   0.473
   0.447
   0.394
   0.336
   0.275
   0.208
   0.136
   0.055
  -0.019
  -0.084
  -0.137
  -0.177
  -0.204
  -0.211
   0.000
 -65.534
 -65.534
 -65.534
 -65.534
 -65.534
 -65.534
 -65.534
 -65.534
 -65.534
 -65.534
 -65.534
 -65.534
 -65.534
 -65.534
 -65.534
 -65.534
 -65.534
 -65.534
 -65.534
 -65.534
 -65.534
 -65.534
 -65.534
 -65.534
 -65.534
 -65.534
 -65.534
 -65.534
 -65.534
 -65.534
 -65.534
 -65.534
 -65.534
 -65.534
 -65.534
 -65.534
   0.224
   0.169
   0.119
   0.083
   0.053
   0.037
   0.023
   0.019
   0.015
 -65.534
 -65.534
 -65.534
 -65.534
 -65.534
 -65.534
 -65.534
 -65.534
 -65.534
 -65.534
   0.220
   0.236
   0.192
   0.130
   0.056
  -0.023
  -0.101
  -0.176
  -0.259
  -0.317
  -0.353
  -0.369
  -0.345
   0.000
 -65.534
 -65.534
 -65.534
 -65.534
 -65.534
 -65.534
 -65.534
 -65.534
 -65.534
 -65.534
 -65.534
 -65.534
 -65.534
 -65.534
 -65.534
 -65.534
 -65.534
 -65.534
 -65.534
 -65.534
 -65.534
 -65.534
 -65.534
 -65.534
 -65.534
 -65.534
 -65.534
 -65.534
 -65.534
 -65.534
 -65.534
 -65.534
 -65.534
 -65.534
 -65.534
 -65.534
 -65.534
 -65.534
 -65.534
 -65.534
   0.046
 -65.534
 -65.534
 -65.534
 -65.534
 -65.534
 -65.534
 -65.534
 -65.534
 -65.534
 -65.534
 -65.534
 -65.534
 -65.534
 -65.534
  -0.002
   0.044
   0.021
  -0.024
  -0.076
  -0.152
  -0.266
  -0.340
  -0.400
  -0.445
  -0.473
  -0.484
  -0.448
   0.000
 -65.534
 -65.534
 -65.534
 -65.534
 -65.534
 -65.534
 -65.534
 -65.534
 -65.534
 -65.534
 -65.534
 -65.534
 -65.534
 -65.534
 -65.534
 -65.534
 -65.534
 -65.534
 -65.534
 -65.534
 -65.534
 -65.534
 -65.534
 -65.534
 -65.534
 -65.534
 -65.534
 -65.534
 -65.534
 -65.534
 -65.534
 -65.534
 -65.534
 -65.534
 -65.534
 -65.534
 -65.534
 -65.534
 -65.534
 -65.534
 -65.534
 -65.534
 -65.534
 -65.534
 -65.534
 -65.534
 -65.534
 -65.534
 -65.534
 -65.534
 -65.534
 -65.534
 -65.534
 -65.534
 -65.534
 -65.534
 -65.534
 -65.534
 -65.534
  -0.235
  -0.289
  -0.356
  -0.411
  -0.452
  -0.482
  -0.500
  -0.497
  -0.460
   0.000
 -65.534
 -65.534
 -65.534
 -65.534
 -65.534
 -65.534
 -65.534
 -65.534
 -65.534
 -65.534
 -65.534
 -65.534
 -65.534
 -65.534
 -65.534
 -65.534
 -65.534
 -65.534
 -65.534
 -65.534
 -65.534
 -65.534
 -65.534
 -65.534
 -65.534
 -65.534
 -65.534
 -65.534
 -65.534
 -65.534
 -65.534
 -65.534
 -65.534
 -65.534
 -65.534
 -65.534
 -65.534
 -65.534
 -65.534
 -65.534
 -65.534
 -65.534
 -65.534
 -65.534
 -65.534
 -65.534
 -65.534
 -65.534
 -65.534
 -65.534
 -65.534
 -65.534
 -65.534
 -65.534
 -65.534
 -65.534
 -65.534
 -65.534
 -65.534
 -65.534
 -65.534
   0.000
   0.000
   0.000
   0.000
   0.000
   0.000
   0.000
 -65.534
