 -65.534
   0.000
   0.000
   0.000
   0.000
   0.000
   0.000
   0.000
   0.000
   0.000
   0.000
   0.000
   0.000
   0.000
   0.000
   0.000
   0.000
   0.000
   0.000
   0.000
   0.000
   0.000
   0.000
   0.000
   0.000
   0.000
   0.000
   0.000
   0.000
   0.000
   0.000
   0.000
   0.000
   0.000
   0.000
   0.000
   0.000
   0.000
   0.000
   0.000
   0.000
   0.000
   0.000
   0.000
   0.000
   0.000
   0.000
   0.000
   0.000
   0.000
   0.000
   0.000
   0.000
   0.000
   0.000
   0.000
   0.000
   0.000
   0.000
   0.000
   0.000
   0.000
   0.000
   0.000
   0.000
   0.000
   0.000
   0.000
 -65.534
   0.000
   1.168
   1.287
   1.347
   1.411
   1.459
   1.490
   1.506
   1.507
   1.506
   1.505
   1.504
   1.499
   1.487
   1.457
   1.421
   1.381
   1.363
   1.358
   1.359
   1.365
   1.377
   1.395
   1.417
   1.436
   1.456
   1.479
   1.509
   1.531
   1.563
   1.589
   1.598
   1.593
   1.585
   1.567
   1.526
   1.482
   1.434
   1.383
   1.330
   1.279
   1.236
   1.194
   1.154
   1.118
   1.092
   1.077
   1.071
   1.076
   1.092
   1.117
   1.149
   1.179
   1.201
   1.225
   1.241
   1.261
   1.275
   1.289
   1.304
   1.312
   1.320
   1.331
   1.347
   1.358
   1.369
   1.385
   1.356
   0.000
   0.000
   1.326
   1.450
   1.510
   1.571
   1.623
   1.662
   1.687
   1.701
   1.710
   1.722
   1.732
   1.734
   1.725
   1.700
   1.661
   1.621
   1.591
   1.577
   1.574
   1.577
   1.587
   1.607
   1.635
   1.661
   1.686
   1.714
   1.746
   1.774
   1.799
   1.824
   1.840
   1.854
   1.862
   1.854
   1.823
   1.779
   1.728
   1.669
   1.605
   1.547
   1.495
   1.439
   1.379
   1.325
   1.289
   1.269
   1.263
   1.272
   1.296
   1.327
   1.363
   1.403
   1.437
   1.464
   1.486
   1.508
   1.527
   1.541
   1.552
   1.559
   1.568
   1.580
   1.597
   1.616
   1.633
   1.653
   1.623
   0.000
   0.000
   1.367
   1.485
   1.540
   1.595
   1.652
   1.700
   1.737
   1.760
   1.782
   1.804
   1.824
   1.837
   1.833
   1.811
   1.772
   1.730
   1.696
   1.676
   1.670
   1.668
   1.678
   1.700
   1.730
   1.762
   1.794
   1.829
   1.861
   1.891
   1.919
   1.945
   1.967
   1.990
   2.012
   2.012
   1.993
   1.959
   1.906
   1.847
   1.784
   1.721
   1.655
   1.586
   1.516
   1.450
   1.401
   1.372
   1.355
   1.355
   1.374
   1.400
   1.436
   1.475
   1.514
   1.549
   1.581
   1.610
   1.633
   1.653
   1.670
   1.683
   1.694
   1.707
   1.725
   1.744
   1.762
   1.783
   1.752
   0.000
   0.000
   1.389
   1.498
   1.542
   1.590
   1.641
   1.692
   1.737
   1.772
   1.804
   1.836
   1.863
   1.883
   1.883
   1.865
   1.827
   1.784
   1.750
   1.734
   1.723
   1.721
   1.730
   1.752
   1.784
   1.823
   1.863
   1.908
   1.947
   1.977
   2.006
   2.034
   2.063
   2.093
   2.122
   2.134
   2.124
   2.096
   2.055
   1.995
   1.930
   1.866
   1.796
   1.719
   1.637
   1.561
   1.500
   1.456
   1.432
   1.424
   1.429
   1.449
   1.476
   1.513
   1.550
   1.587
   1.625
   1.660
   1.688
   1.713
   1.734
   1.754
   1.772
   1.790
   1.810
   1.833
   1.852
   1.874
   1.842
   0.000
   0.000
   1.402
   1.503
   1.539
   1.579
   1.618
   1.661
   1.705
   1.744
   1.781
   1.816
   1.844
   1.865
   1.871
   1.855
   1.824
   1.791
   1.764
   1.747
   1.738
   1.736
   1.743
   1.767
   1.802
   1.849
   1.902
   1.959
   2.004
   2.038
   2.071
   2.106
   2.141
   2.180
   2.215
   2.234
   2.230
   2.203
   2.164
   2.107
   2.048
   1.983
   1.913
   1.835
   1.749
   1.666
   1.591
   1.535
   1.501
   1.486
   1.480
   1.488
   1.511
   1.538
   1.573
   1.609
   1.646
   1.680
   1.711
   1.737
   1.763
   1.791
   1.818
   1.844
   1.871
   1.896
   1.919
   1.943
   1.912
   0.000
   0.000
   1.403
   1.506
   1.539
   1.566
   1.595
   1.625
   1.662
   1.697
   1.737
   1.769
   1.799
   1.817
   1.824
   1.813
   1.791
   1.768
   1.748
   1.734
   1.724
   1.720
   1.730
   1.756
   1.798
   1.852
   1.914
   1.979
   2.034
   2.072
   2.109
   2.156
   2.201
   2.251
   2.289
   2.313
   2.312
   2.294
   2.250
   2.198
   2.138
   2.079
   2.016
   1.939
   1.851
   1.761
   1.682
   1.616
   1.572
   1.548
   1.537
   1.536
   1.548
   1.568
   1.594
   1.625
   1.656
   1.689
   1.716
   1.739
   1.768
   1.802
   1.836
   1.868
   1.902
   1.936
   1.965
   1.993
   1.967
   0.000
   0.000
   1.392
   1.500
   1.538
   1.564
   1.581
   1.598
   1.622
   1.654
   1.688
   1.720
   1.746
   1.764
   1.771
   1.766
   1.752
   1.736
   1.723
   1.709
   1.697
   1.693
   1.703
   1.732
   1.777
   1.833
   1.898
   1.969
   2.028
   2.070
   2.115
   2.172
   2.232
   2.291
   2.338
   2.370
   2.371
   2.355
   2.319
   2.268
   2.212
   2.158
   2.098
   2.029
   1.948
   1.858
   1.768
   1.696
   1.644
   1.611
   1.594
   1.588
   1.590
   1.600
   1.616
   1.637
   1.662
   1.687
   1.707
   1.729
   1.758
   1.788
   1.825
   1.865
   1.908
   1.951
   1.989
   2.023
   2.007
   0.000
   0.000
   1.363
   1.489
   1.536
   1.567
   1.577
   1.584
   1.599
   1.622
   1.654
   1.682
   1.705
   1.721
   1.730
   1.727
   1.720
   1.709
   1.698
   1.685
   1.671
   1.667
   1.677
   1.705
   1.751
   1.808
   1.867
   1.935
   1.993
   2.042
   2.093
   2.161
   2.230
   2.297
   2.357
   2.396
   2.407
   2.398
   2.365
   2.316
   2.268
   2.223
   2.169
   2.107
   2.032
   1.949
   1.861
   1.781
   1.720
   1.680
   1.652
   1.636
   1.628
   1.628
   1.635
   1.648
   1.661
   1.676
   1.688
   1.703
   1.728
   1.760
   1.798
   1.840
   1.890
   1.943
   1.990
   2.033
   2.025
   0.000
   0.000
   1.316
   1.459
   1.524
   1.561
   1.570
   1.573
   1.584
   1.606
   1.632
   1.660
   1.679
   1.694
   1.703
   1.704
   1.698
   1.690
   1.680
   1.666
   1.652
   1.650
   1.660
   1.686
   1.727
   1.774
   1.827
   1.887
   1.941
   1.990
   2.053
   2.129
   2.204
   2.279
   2.350
   2.398
   2.421
   2.422
   2.397
   2.354
   2.313
   2.277
   2.232
   2.178
   2.111
   2.035
   1.951
   1.871
   1.801
   1.753
   1.712
   1.680
   1.664
   1.654
   1.652
   1.650
   1.651
   1.653
   1.656
   1.666
   1.687
   1.719
   1.757
   1.802
   1.858
   1.918
   1.974
   2.028
   2.033
   0.000
   0.000
   1.250
   1.408
   1.492
   1.542
   1.557
   1.561
   1.569
   1.589
   1.617
   1.641
   1.660
   1.675
   1.687
   1.690
   1.686
   1.679
   1.670
   1.654
   1.641
   1.635
   1.646
   1.670
   1.703
   1.740
   1.783
   1.829
   1.876
   1.932
   2.002
   2.082
   2.163
   2.242
   2.322
   2.383
   2.416
   2.426
   2.410
   2.377
   2.345
   2.318
   2.285
   2.238
   2.179
   2.107
   2.028
   1.952
   1.878
   1.818
   1.764
   1.714
   1.690
   1.670
   1.653
   1.638
   1.624
   1.613
   1.608
   1.611
   1.630
   1.663
   1.705
   1.756
   1.817
   1.883
   1.949
   2.011
   2.026
   0.000
   0.000
   1.181
   1.351
   1.449
   1.512
   1.536
   1.543
   1.551
   1.568
   1.592
   1.619
   1.640
   1.657
   1.673
   1.679
   1.680
   1.674
   1.662
   1.647
   1.631
   1.627
   1.633
   1.651
   1.679
   1.706
   1.742
   1.786
   1.832
   1.889
   1.959
   2.039
   2.121
   2.205
   2.288
   2.356
   2.401
   2.421
   2.415
   2.388
   2.365
   2.346
   2.320
   2.283
   2.228
   2.163
   2.087
   2.013
   1.938
   1.867
   1.802
   1.741
   1.704
   1.672
   1.642
   1.610
   1.575
   1.547
   1.534
   1.537
   1.558
   1.596
   1.647
   1.708
   1.778
   1.852
   1.925
   1.991
   2.012
   0.000
   0.000
   1.091
   1.292
   1.398
   1.471
   1.503
   1.518
   1.525
   1.538
   1.556
   1.582
   1.604
   1.625
   1.647
   1.658
   1.664
   1.660
   1.652
   1.637
   1.623
   1.615
   1.620
   1.634
   1.654
   1.683
   1.717
   1.761
   1.808
   1.864
   1.930
   2.011
   2.090
   2.174
   2.258
   2.327
   2.376
   2.404
   2.404
   2.386
   2.367
   2.356
   2.336
   2.305
   2.258
   2.195
   2.123
   2.048
   1.970
   1.895
   1.822
   1.756
   1.708
   1.661
   1.610
   1.555
   1.503
   1.460
   1.445
   1.450
   1.479
   1.527
   1.591
   1.665
   1.747
   1.832
   1.911
   1.977
   1.995
   0.000
 -65.534
 -65.534
   1.139
   1.315
   1.391
   1.440
   1.472
   1.490
   1.499
   1.511
   1.532
   1.551
   1.569
   1.588
   1.603
   1.615
   1.619
   1.617
   1.607
   1.598
   1.592
   1.595
   1.608
   1.629
   1.660
   1.703
   1.751
   1.802
   1.855
   1.921
   1.996
   2.069
   2.153
   2.232
   2.293
   2.335
   2.364
   2.371
   2.359
   2.350
   2.339
   2.324
   2.297
   2.255
   2.198
   2.130
   2.054
   1.976
   1.896
   1.822
   1.753
   1.689
   1.626
   1.553
   1.480
   1.416
   1.368
   1.355
   1.369
   1.409
   1.469
   1.546
   1.635
   1.731
   1.823
   1.903
   1.972
   1.984
   0.000
 -65.534
 -65.534
 -65.534
   1.124
   1.279
   1.360
   1.416
   1.449
   1.457
   1.462
   1.473
   1.483
   1.490
   1.502
   1.516
   1.531
   1.541
   1.547
   1.547
   1.547
   1.545
   1.553
   1.571
   1.600
   1.643
   1.694
   1.750
   1.805
   1.860
   1.920
   1.991
   2.065
   2.141
   2.201
   2.244
   2.296
   2.324
   2.327
   2.320
   2.313
   2.304
   2.291
   2.265
   2.226
   2.172
   2.104
   2.031
   1.952
   1.877
   1.799
   1.728
   1.654
   1.575
   1.487
   1.402
   1.337
   1.299
   1.293
   1.318
   1.369
   1.441
   1.528
   1.625
   1.726
   1.821
   1.903
   1.972
   1.979
   0.000
 -65.534
 -65.534
 -65.534
 -65.534
   1.112
   1.271
   1.353
   1.391
   1.402
   1.405
   1.407
   1.405
   1.400
   1.405
   1.414
   1.425
   1.438
   1.448
   1.457
   1.462
   1.468
   1.483
   1.510
   1.550
   1.603
   1.667
   1.731
   1.791
   1.849
   1.908
   1.976
   2.045
   2.111
   2.166
   2.209
   2.248
   2.265
   2.289
   2.284
   2.273
   2.262
   2.244
   2.212
   2.166
   2.110
   2.043
   1.970
   1.896
   1.824
   1.750
   1.676
   1.591
   1.504
   1.419
   1.340
   1.286
   1.263
   1.271
   1.311
   1.374
   1.450
   1.541
   1.638
   1.735
   1.825
   1.907
   1.971
   1.973
   0.000
 -65.534
 -65.534
 -65.534
 -65.534
   1.006
   1.186
   1.270
   1.310
   1.325
   1.334
   1.337
   1.331
   1.320
   1.315
   1.316
   1.318
   1.324
   1.335
   1.343
   1.352
   1.363
   1.383
   1.415
   1.459
   1.521
   1.590
   1.662
   1.728
   1.791
   1.858
   1.924
   1.985
   2.048
   2.102
   2.147
   2.181
   2.207
   2.225
   2.214
   2.208
   2.189
   2.159
   2.119
   2.067
   2.002
   1.936
   1.866
   1.799
   1.730
   1.660
   1.586
   1.505
   1.427
   1.355
   1.300
   1.269
   1.267
   1.292
   1.344
   1.412
   1.490
   1.573
   1.660
   1.745
   1.824
   1.896
   1.959
   1.953
   0.000
 -65.534
 -65.534
 -65.534
 -65.534
   0.945
   1.110
   1.188
   1.224
   1.238
   1.255
   1.266
   1.259
   1.247
   1.237
   1.227
   1.218
   1.213
   1.217
   1.224
   1.232
   1.240
   1.261
   1.291
   1.332
   1.385
   1.451
   1.523
   1.598
   1.670
   1.743
   1.814
   1.876
   1.933
   1.988
   2.037
   2.074
   2.105
   2.118
   2.108
   2.089
   2.060
   2.015
   1.974
   1.915
   1.847
   1.782
   1.715
   1.651
   1.593
   1.533
   1.468
   1.406
   1.350
   1.304
   1.279
   1.272
   1.291
   1.333
   1.397
   1.468
   1.541
   1.613
   1.682
   1.746
   1.811
   1.876
   1.931
   1.921
   0.000
 -65.534
 -65.534
 -65.534
 -65.534
   0.849
   0.987
   1.059
   1.095
   1.136
   1.153
   1.164
   1.164
   1.159
   1.149
   1.135
   1.118
   1.108
   1.108
   1.111
   1.116
   1.123
   1.135
   1.155
   1.186
   1.229
   1.285
   1.350
   1.421
   1.498
   1.576
   1.646
   1.709
   1.767
   1.819
   1.866
   1.910
   1.945
   1.957
   1.949
   1.921
   1.878
   1.824
   1.769
   1.707
   1.644
   1.581
   1.520
   1.463
   1.415
   1.371
   1.332
   1.298
   1.274
   1.260
   1.257
   1.275
   1.311
   1.368
   1.436
   1.512
   1.582
   1.644
   1.697
   1.746
   1.798
   1.853
   1.904
   1.882
   0.000
 -65.534
 -65.534
 -65.534
 -65.534
 -65.534
 -65.534
 -65.534
 -65.534
   0.922
   1.009
   1.040
   1.047
   1.047
   1.044
   1.034
   1.023
   1.017
   1.016
   1.020
   1.023
   1.021
   1.024
   1.032
   1.049
   1.082
   1.123
   1.178
   1.238
   1.306
   1.375
   1.441
   1.500
   1.552
   1.598
   1.643
   1.682
   1.714
   1.732
   1.724
   1.693
   1.646
   1.590
   1.531
   1.473
   1.418
   1.361
   1.304
   1.258
   1.229
   1.209
   1.200
   1.199
   1.204
   1.214
   1.236
   1.272
   1.321
   1.382
   1.455
   1.533
   1.603
   1.662
   1.703
   1.744
   1.789
   1.837
   1.881
   1.851
   0.000
 -65.534
 -65.534
 -65.534
 -65.534
 -65.534
 -65.534
   0.243
   0.409
   0.744
   0.871
   0.916
   0.936
   0.948
   0.950
   0.945
   0.942
   0.947
   0.952
   0.956
   0.955
   0.949
   0.939
   0.936
   0.940
   0.958
   0.988
   1.027
   1.076
   1.129
   1.185
   1.234
   1.281
   1.320
   1.358
   1.389
   1.418
   1.445
   1.455
   1.450
   1.426
   1.388
   1.342
   1.294
   1.248
   1.203
   1.156
   1.116
   1.087
   1.071
   1.066
   1.080
   1.108
   1.138
   1.175
   1.214
   1.262
   1.318
   1.383
   1.455
   1.527
   1.593
   1.648
   1.690
   1.727
   1.773
   1.819
   1.857
   1.814
   0.000
 -65.534
 -65.534
 -65.534
 -65.534
 -65.534
 -65.534
 -65.534
 -65.534
 -65.534
   0.673
   0.752
   0.793
   0.819
   0.837
   0.853
   0.887
   0.901
   0.915
   0.918
   0.913
   0.904
   0.890
   0.880
   0.875
   0.881
   0.898
   0.921
   0.951
   0.986
   1.022
   1.055
   1.085
   1.110
   1.133
   1.148
   1.164
   1.178
   1.184
   1.180
   1.167
   1.145
   1.117
   1.088
   1.060
   1.035
   1.007
   0.983
   0.969
   0.960
   0.973
   1.003
   1.045
   1.091
   1.140
   1.192
   1.248
   1.307
   1.368
   1.430
   1.492
   1.551
   1.600
   1.647
   1.689
   1.733
   1.776
   1.810
   1.753
   0.000
 -65.534
 -65.534
 -65.534
 -65.534
 -65.534
 -65.534
 -65.534
 -65.534
 -65.534
 -65.534
 -65.534
 -65.534
 -65.534
 -65.534
 -65.534
   0.719
   0.808
   0.847
   0.861
   0.874
   0.877
   0.871
   0.865
   0.858
   0.851
   0.853
   0.858
   0.871
   0.889
   0.906
   0.921
   0.934
   0.942
   0.950
   0.953
   0.958
   0.962
   0.963
   0.964
   0.962
   0.957
   0.952
   0.945
   0.937
   0.930
   0.919
   0.908
   0.900
   0.901
   0.916
   0.949
   0.994
   1.045
   1.101
   1.161
   1.220
   1.278
   1.333
   1.384
   1.432
   1.478
   1.529
   1.579
   1.623
   1.664
   1.704
   1.736
   1.665
   0.000
 -65.534
 -65.534
 -65.534
 -65.534
 -65.534
 -65.534
 -65.534
 -65.534
 -65.534
 -65.534
 -65.534
 -65.534
 -65.534
 -65.534
 -65.534
 -65.534
 -65.534
 -65.534
 -65.534
   0.728
   0.829
   0.862
   0.875
   0.878
   0.870
   0.859
   0.850
   0.847
   0.846
   0.846
   0.846
   0.842
   0.838
   0.834
   0.829
   0.825
   0.823
   0.826
   0.830
   0.842
   0.856
   0.867
   0.878
   0.883
   0.887
   0.885
   0.876
   0.873
   0.878
   0.893
   0.922
   0.963
   1.010
   1.064
   1.122
   1.177
   1.228
   1.274
   1.317
   1.352
   1.391
   1.440
   1.487
   1.534
   1.574
   1.609
   1.637
   1.559
   0.000
 -65.534
 -65.534
 -65.534
 -65.534
 -65.534
 -65.534
 -65.534
 -65.534
 -65.534
 -65.534
 -65.534
 -65.534
 -65.534
 -65.534
 -65.534
 -65.534
 -65.534
 -65.534
   0.437
   0.725
   0.819
   0.872
   0.909
   0.927
   0.925
   0.908
   0.893
   0.880
   0.867
   0.854
   0.839
   0.826
   0.812
   0.796
   0.787
   0.778
   0.777
   0.777
   0.786
   0.801
   0.826
   0.852
   0.872
   0.888
   0.894
   0.890
   0.882
   0.876
   0.880
   0.895
   0.922
   0.954
   0.992
   1.033
   1.078
   1.123
   1.167
   1.205
   1.236
   1.265
   1.298
   1.341
   1.383
   1.427
   1.465
   1.500
   1.525
   1.442
   0.000
 -65.534
 -65.534
 -65.534
 -65.534
 -65.534
 -65.534
 -65.534
 -65.534
 -65.534
 -65.534
 -65.534
 -65.534
 -65.534
 -65.534
 -65.534
 -65.534
 -65.534
   0.412
   0.645
   0.777
   0.849
   0.908
   0.959
   0.993
   1.001
   0.988
   0.972
   0.953
   0.935
   0.915
   0.896
   0.875
   0.854
   0.835
   0.818
   0.804
   0.793
   0.786
   0.791
   0.806
   0.833
   0.867
   0.901
   0.931
   0.944
   0.936
   0.921
   0.909
   0.910
   0.920
   0.938
   0.962
   0.984
   1.007
   1.033
   1.065
   1.099
   1.129
   1.151
   1.171
   1.197
   1.234
   1.270
   1.310
   1.349
   1.382
   1.404
   1.322
   0.000
 -65.534
 -65.534
 -65.534
 -65.534
 -65.534
 -65.534
 -65.534
 -65.534
 -65.534
 -65.534
 -65.534
 -65.534
 -65.534
 -65.534
 -65.534
 -65.534
 -65.534
   0.594
   0.740
   0.828
   0.892
   0.948
   1.007
   1.054
   1.075
   1.072
   1.059
   1.041
   1.019
   1.000
   0.980
   0.957
   0.934
   0.910
   0.886
   0.862
   0.840
   0.825
   0.819
   0.827
   0.855
   0.894
   0.939
   0.981
   1.002
   0.996
   0.975
   0.961
   0.954
   0.955
   0.962
   0.965
   0.969
   0.976
   0.981
   0.997
   1.024
   1.047
   1.060
   1.073
   1.090
   1.117
   1.149
   1.184
   1.223
   1.260
   1.282
   1.205
   0.000
 -65.534
 -65.534
 -65.534
 -65.534
 -65.534
 -65.534
 -65.534
 -65.534
 -65.534
 -65.534
 -65.534
 -65.534
 -65.534
 -65.534
 -65.534
 -65.534
 -65.534
   0.678
   0.792
   0.861
   0.923
   0.985
   1.048
   1.100
   1.130
   1.135
   1.129
   1.115
   1.096
   1.081
   1.063
   1.040
   1.014
   0.988
   0.960
   0.928
   0.899
   0.874
   0.862
   0.865
   0.888
   0.927
   0.972
   1.016
   1.041
   1.041
   1.023
   1.008
   0.995
   0.989
   0.984
   0.975
   0.969
   0.959
   0.952
   0.949
   0.959
   0.971
   0.979
   0.983
   0.994
   1.010
   1.033
   1.065
   1.094
   1.128
   1.150
   1.095
   0.000
 -65.534
 -65.534
 -65.534
 -65.534
 -65.534
 -65.534
 -65.534
 -65.534
 -65.534
 -65.534
 -65.534
 -65.534
 -65.534
 -65.534
 -65.534
 -65.534
 -65.534
   0.735
   0.817
   0.888
   0.953
   1.017
   1.081
   1.135
   1.168
   1.184
   1.182
   1.174
   1.163
   1.152
   1.141
   1.119
   1.091
   1.066
   1.035
   1.003
   0.968
   0.939
   0.925
   0.927
   0.947
   0.981
   1.020
   1.054
   1.075
   1.077
   1.066
   1.048
   1.031
   1.017
   1.002
   0.988
   0.972
   0.954
   0.932
   0.918
   0.912
   0.914
   0.915
   0.916
   0.919
   0.925
   0.938
   0.959
   0.984
   1.010
   1.027
   0.981
   0.000
 -65.534
 -65.534
 -65.534
 -65.534
 -65.534
 -65.534
 -65.534
 -65.534
 -65.534
 -65.534
 -65.534
 -65.534
 -65.534
 -65.534
 -65.534
 -65.534
 -65.534
 -65.534
   0.815
   0.898
   0.972
   1.043
   1.107
   1.160
   1.187
   1.203
   1.211
   1.211
   1.208
   1.212
   1.210
   1.195
   1.167
   1.143
   1.117
   1.086
   1.048
   1.017
   1.001
   1.005
   1.025
   1.049
   1.078
   1.105
   1.122
   1.125
   1.116
   1.098
   1.078
   1.055
   1.035
   1.012
   0.989
   0.963
   0.939
   0.917
   0.909
   0.903
   0.899
   0.896
   0.893
   0.895
   0.895
   0.903
   0.912
   0.917
   0.922
   0.867
   0.000
 -65.534
 -65.534
 -65.534
 -65.534
 -65.534
 -65.534
 -65.534
 -65.534
 -65.534
 -65.534
 -65.534
 -65.534
 -65.534
 -65.534
 -65.534
 -65.534
 -65.534
 -65.534
 -65.534
   0.874
   0.975
   1.056
   1.117
   1.159
   1.182
   1.198
   1.205
   1.215
   1.228
   1.255
   1.277
   1.275
   1.253
   1.234
   1.215
   1.193
   1.172
   1.133
   1.112
   1.106
   1.095
   1.102
   1.119
   1.146
   1.169
   1.183
   1.179
   1.162
   1.138
   1.112
   1.089
   1.059
   1.033
   1.008
   0.984
   0.965
   0.952
   0.941
   0.936
   0.929
   0.921
   0.911
   0.902
   0.892
   0.879
   0.864
   0.840
   0.760
   0.000
 -65.534
 -65.534
 -65.534
 -65.534
 -65.534
 -65.534
 -65.534
 -65.534
 -65.534
 -65.534
 -65.534
 -65.534
 -65.534
 -65.534
 -65.534
 -65.534
 -65.534
 -65.534
 -65.534
 -65.534
   0.935
   1.029
   1.097
   1.136
   1.172
   1.184
   1.196
   1.213
   1.243
   1.293
   1.342
   1.355
   1.340
   1.316
   1.286
   1.205
 -65.534
 -65.534
 -65.534
 -65.534
   0.902
   1.007
   1.074
   1.134
   1.191
   1.228
   1.238
   1.232
   1.213
   1.189
   1.159
   1.129
   1.100
   1.073
   1.048
   1.029
   1.014
   1.001
   0.986
   0.976
   0.964
   0.951
   0.935
   0.908
   0.875
   0.832
   0.785
   0.672
   0.000
 -65.534
 -65.534
 -65.534
 -65.534
 -65.534
 -65.534
 -65.534
 -65.534
 -65.534
 -65.534
 -65.534
 -65.534
 -65.534
 -65.534
 -65.534
 -65.534
 -65.534
 -65.534
 -65.534
 -65.534
 -65.534
 -65.534
 -65.534
 -65.534
   1.035
   1.132
   1.177
   1.212
   1.260
   1.322
   1.381
   1.404
   1.395
   1.372
   1.331
   1.227
 -65.534
 -65.534
 -65.534
 -65.534
 -65.534
 -65.534
   0.959
   1.097
   1.199
   1.257
   1.282
   1.284
   1.277
   1.255
   1.227
   1.199
   1.169
   1.141
   1.118
   1.100
   1.080
   1.064
   1.046
   1.031
   1.017
   1.000
   0.976
   0.937
   0.884
   0.820
   0.742
   0.610
   0.000
 -65.534
 -65.534
 -65.534
 -65.534
 -65.534
 -65.534
 -65.534
 -65.534
 -65.534
 -65.534
 -65.534
 -65.534
 -65.534
 -65.534
 -65.534
 -65.534
 -65.534
 -65.534
 -65.534
 -65.534
 -65.534
 -65.534
 -65.534
 -65.534
   0.943
   1.058
   1.128
   1.191
   1.261
   1.336
   1.385
   1.406
   1.404
   1.390
   1.359
   1.259
 -65.534
 -65.534
 -65.534
 -65.534
 -65.534
 -65.534
 -65.534
   1.047
   1.200
   1.283
   1.314
   1.318
   1.314
   1.302
   1.285
   1.265
   1.238
   1.217
   1.195
   1.179
   1.166
   1.148
   1.128
   1.107
   1.082
   1.055
   1.015
   0.961
   0.891
   0.808
   0.714
   0.562
   0.000
 -65.534
 -65.534
 -65.534
 -65.534
 -65.534
 -65.534
 -65.534
 -65.534
 -65.534
 -65.534
 -65.534
 -65.534
 -65.534
 -65.534
 -65.534
 -65.534
 -65.534
 -65.534
 -65.534
 -65.534
 -65.534
 -65.534
 -65.534
 -65.534
 -65.534
 -65.534
 -65.534
 -65.534
 -65.534
   1.120
   1.261
   1.324
   1.372
   1.386
   1.368
   1.296
   0.860
 -65.534
 -65.534
 -65.534
 -65.534
 -65.534
 -65.534
   0.995
   1.126
 -65.534
   1.144
   1.261
   1.302
   1.329
   1.327
   1.316
   1.297
   1.282
   1.272
   1.265
   1.256
   1.240
   1.215
   1.183
   1.146
   1.101
   1.043
   0.970
   0.883
   0.786
   0.680
   0.524
   0.000
 -65.534
 -65.534
 -65.534
 -65.534
 -65.534
 -65.534
 -65.534
 -65.534
 -65.534
 -65.534
 -65.534
 -65.534
 -65.534
 -65.534
 -65.534
 -65.534
 -65.534
 -65.534
 -65.534
 -65.534
 -65.534
 -65.534
 -65.534
 -65.534
 -65.534
 -65.534
 -65.534
 -65.534
 -65.534
 -65.534
 -65.534
 -65.534
   1.155
   1.310
   1.341
   1.284
   1.067
   0.768
 -65.534
 -65.534
 -65.534
 -65.534
 -65.534
 -65.534
 -65.534
 -65.534
 -65.534
 -65.534
 -65.534
   1.114
   1.262
   1.307
   1.336
   1.330
   1.327
   1.320
   1.313
   1.296
   1.265
   1.228
   1.181
   1.123
   1.051
   0.969
   0.878
   0.776
   0.669
   0.519
   0.000
 -65.534
 -65.534
 -65.534
 -65.534
 -65.534
 -65.534
 -65.534
 -65.534
 -65.534
 -65.534
 -65.534
 -65.534
 -65.534
 -65.534
 -65.534
 -65.534
 -65.534
 -65.534
 -65.534
 -65.534
 -65.534
 -65.534
 -65.534
 -65.534
 -65.534
 -65.534
 -65.534
 -65.534
 -65.534
 -65.534
 -65.534
 -65.534
   0.989
   1.157
   1.222
   1.191
   1.092
   0.946
   0.748
   0.591
 -65.534
 -65.534
 -65.534
 -65.534
 -65.534
 -65.534
 -65.534
 -65.534
 -65.534
 -65.534
 -65.534
 -65.534
   1.087
   1.229
   1.276
   1.307
   1.306
   1.289
   1.263
   1.227
   1.184
   1.125
   1.056
   0.974
   0.888
   0.794
   0.695
   0.557
   0.000
 -65.534
 -65.534
 -65.534
 -65.534
 -65.534
 -65.534
 -65.534
 -65.534
 -65.534
 -65.534
 -65.534
 -65.534
 -65.534
 -65.534
 -65.534
 -65.534
 -65.534
 -65.534
 -65.534
 -65.534
 -65.534
 -65.534
 -65.534
 -65.534
 -65.534
 -65.534
 -65.534
 -65.534
 -65.534
 -65.534
 -65.534
 -65.534
 -65.534
 -65.534
 -65.534
 -65.534
   0.782
   0.846
   0.813
   0.750
   0.624
   0.533
   0.474
   0.443
   0.421
 -65.534
 -65.534
 -65.534
 -65.534
 -65.534
 -65.534
 -65.534
 -65.534
 -65.534
 -65.534
   1.045
   1.202
   1.235
   1.230
   1.206
   1.172
   1.122
   1.060
   0.995
   0.924
   0.844
   0.758
   0.637
   0.000
 -65.534
 -65.534
 -65.534
 -65.534
 -65.534
 -65.534
 -65.534
 -65.534
 -65.534
 -65.534
 -65.534
 -65.534
 -65.534
 -65.534
 -65.534
 -65.534
 -65.534
 -65.534
 -65.534
 -65.534
 -65.534
 -65.534
 -65.534
 -65.534
 -65.534
 -65.534
 -65.534
 -65.534
 -65.534
 -65.534
 -65.534
 -65.534
 -65.534
 -65.534
 -65.534
 -65.534
 -65.534
 -65.534
 -65.534
 -65.534
   0.470
 -65.534
 -65.534
 -65.534
 -65.534
 -65.534
 -65.534
 -65.534
 -65.534
 -65.534
 -65.534
 -65.534
 -65.534
 -65.534
 -65.534
   0.913
   1.100
   1.159
   1.171
   1.170
   1.141
   1.095
   1.045
   0.996
   0.948
   0.893
   0.827
   0.729
   0.000
 -65.534
 -65.534
 -65.534
 -65.534
 -65.534
 -65.534
 -65.534
 -65.534
 -65.534
 -65.534
 -65.534
 -65.534
 -65.534
 -65.534
 -65.534
 -65.534
 -65.534
 -65.534
 -65.534
 -65.534
 -65.534
 -65.534
 -65.534
 -65.534
 -65.534
 -65.534
 -65.534
 -65.534
 -65.534
 -65.534
 -65.534
 -65.534
 -65.534
 -65.534
 -65.534
 -65.534
 -65.534
 -65.534
 -65.534
 -65.534
 -65.534
 -65.534
 -65.534
 -65.534
 -65.534
 -65.534
 -65.534
 -65.534
 -65.534
 -65.534
 -65.534
 -65.534
 -65.534
 -65.534
 -65.534
 -65.534
 -65.534
 -65.534
 -65.534
   0.940
   1.053
   1.055
   1.021
   0.998
   0.987
   0.974
   0.946
   0.862
   0.000
 -65.534
 -65.534
 -65.534
 -65.534
 -65.534
 -65.534
 -65.534
 -65.534
 -65.534
 -65.534
 -65.534
 -65.534
 -65.534
 -65.534
 -65.534
 -65.534
 -65.534
 -65.534
 -65.534
 -65.534
 -65.534
 -65.534
 -65.534
 -65.534
 -65.534
 -65.534
 -65.534
 -65.534
 -65.534
 -65.534
 -65.534
 -65.534
 -65.534
 -65.534
 -65.534
 -65.534
 -65.534
 -65.534
 -65.534
 -65.534
 -65.534
 -65.534
 -65.534
 -65.534
 -65.534
 -65.534
 -65.534
 -65.534
 -65.534
 -65.534
 -65.534
 -65.534
 -65.534
 -65.534
 -65.534
 -65.534
 -65.534
 -65.534
 -65.534
 -65.534
 -65.534
   0.000
   0.000
   0.000
   0.000
   0.000
   0.000
   0.000
 -65.534
