 -65.534
   0.000
   0.000
   0.000
   0.000
   0.000
   0.000
   0.000
   0.000
   0.000
   0.000
   0.000
   0.000
   0.000
   0.000
   0.000
   0.000
   0.000
   0.000
   0.000
   0.000
   0.000
   0.000
   0.000
   0.000
   0.000
   0.000
   0.000
   0.000
   0.000
   0.000
   0.000
   0.000
   0.000
   0.000
   0.000
   0.000
   0.000
   0.000
   0.000
   0.000
   0.000
   0.000
   0.000
   0.000
   0.000
   0.000
   0.000
   0.000
   0.000
   0.000
   0.000
   0.000
   0.000
   0.000
   0.000
   0.000
   0.000
   0.000
   0.000
   0.000
   0.000
   0.000
   0.000
   0.000
   0.000
   0.000
   0.000
 -65.534
   0.000
   1.145
   1.293
   1.383
   1.482
   1.575
   1.657
   1.730
   1.793
   1.844
   1.886
   1.919
   1.952
   1.987
   2.020
   2.056
   2.090
   2.126
   2.159
   2.189
   2.208
   2.222
   2.234
   2.228
   2.254
   2.280
   2.291
   2.282
   2.254
   2.223
   2.190
   2.153
   2.113
   2.062
   2.011
   1.938
   1.859
   1.765
   1.665
   1.565
   1.465
   1.363
   1.265
   1.159
   1.042
   0.924
   0.819
   0.733
   0.684
   0.662
   0.667
   0.689
   0.724
   0.762
   0.815
   0.842
   0.858
   0.856
   0.821
   0.798
   0.782
   0.756
   0.734
   0.724
   0.705
   0.678
   0.655
   0.612
   0.000
   0.000
   1.223
   1.365
   1.446
   1.543
   1.641
   1.735
   1.823
   1.899
   1.965
   2.023
   2.070
   2.107
   2.140
   2.169
   2.198
   2.228
   2.258
   2.290
   2.318
   2.339
   2.354
   2.369
   2.370
   2.391
   2.410
   2.422
   2.418
   2.403
   2.380
   2.353
   2.323
   2.288
   2.244
   2.189
   2.109
   2.005
   1.888
   1.763
   1.640
   1.527
   1.415
   1.305
   1.192
   1.073
   0.956
   0.862
   0.802
   0.777
   0.784
   0.807
   0.845
   0.899
   0.952
   0.991
   1.012
   1.026
   1.021
   1.000
   0.964
   0.934
   0.913
   0.891
   0.870
   0.841
   0.814
   0.789
   0.744
   0.000
   0.000
   1.203
   1.340
   1.414
   1.507
   1.599
   1.695
   1.789
   1.876
   1.956
   2.024
   2.076
   2.114
   2.143
   2.167
   2.189
   2.213
   2.237
   2.266
   2.298
   2.326
   2.348
   2.370
   2.385
   2.402
   2.423
   2.436
   2.437
   2.428
   2.415
   2.397
   2.372
   2.344
   2.306
   2.252
   2.168
   2.059
   1.927
   1.786
   1.649
   1.524
   1.402
   1.283
   1.171
   1.063
   0.967
   0.892
   0.848
   0.835
   0.848
   0.882
   0.924
   0.974
   1.029
   1.063
   1.083
   1.095
   1.085
   1.053
   1.021
   0.993
   0.970
   0.945
   0.920
   0.900
   0.885
   0.864
   0.815
   0.000
   0.000
   1.172
   1.301
   1.371
   1.455
   1.542
   1.634
   1.728
   1.819
   1.907
   1.982
   2.039
   2.081
   2.110
   2.129
   2.143
   2.159
   2.179
   2.208
   2.240
   2.275
   2.308
   2.340
   2.371
   2.396
   2.421
   2.442
   2.450
   2.448
   2.442
   2.429
   2.406
   2.381
   2.347
   2.291
   2.206
   2.092
   1.953
   1.803
   1.662
   1.532
   1.408
   1.286
   1.176
   1.083
   1.005
   0.949
   0.916
   0.904
   0.912
   0.937
   0.973
   1.018
   1.060
   1.089
   1.108
   1.115
   1.107
   1.078
   1.044
   1.014
   0.985
   0.966
   0.951
   0.943
   0.937
   0.922
   0.864
   0.000
   0.000
   1.139
   1.264
   1.328
   1.408
   1.489
   1.574
   1.664
   1.755
   1.842
   1.917
   1.976
   2.019
   2.046
   2.063
   2.075
   2.087
   2.107
   2.133
   2.166
   2.204
   2.245
   2.287
   2.329
   2.373
   2.411
   2.435
   2.452
   2.459
   2.458
   2.448
   2.423
   2.395
   2.360
   2.304
   2.220
   2.104
   1.962
   1.808
   1.666
   1.538
   1.419
   1.307
   1.210
   1.128
   1.066
   1.018
   0.990
   0.975
   0.973
   0.986
   1.012
   1.048
   1.080
   1.098
   1.110
   1.115
   1.101
   1.068
   1.038
   1.013
   0.992
   0.979
   0.975
   0.978
   0.973
   0.960
   0.897
   0.000
   0.000
   1.103
   1.227
   1.289
   1.363
   1.440
   1.521
   1.607
   1.694
   1.777
   1.849
   1.907
   1.948
   1.977
   1.992
   2.002
   2.017
   2.034
   2.059
   2.091
   2.132
   2.179
   2.232
   2.287
   2.339
   2.379
   2.414
   2.440
   2.455
   2.462
   2.454
   2.432
   2.398
   2.359
   2.301
   2.217
   2.107
   1.969
   1.818
   1.674
   1.548
   1.438
   1.340
   1.254
   1.187
   1.135
   1.095
   1.065
   1.046
   1.035
   1.034
   1.047
   1.067
   1.089
   1.104
   1.112
   1.111
   1.095
   1.061
   1.030
   1.012
   0.997
   0.991
   0.989
   0.996
   0.998
   0.984
   0.912
   0.000
   0.000
   1.064
   1.189
   1.252
   1.323
   1.397
   1.474
   1.556
   1.640
   1.721
   1.791
   1.844
   1.885
   1.915
   1.930
   1.941
   1.956
   1.974
   1.998
   2.031
   2.068
   2.115
   2.170
   2.226
   2.285
   2.334
   2.377
   2.410
   2.432
   2.445
   2.445
   2.424
   2.392
   2.350
   2.293
   2.212
   2.106
   1.980
   1.839
   1.699
   1.575
   1.467
   1.378
   1.304
   1.246
   1.198
   1.163
   1.134
   1.110
   1.090
   1.080
   1.080
   1.088
   1.097
   1.102
   1.106
   1.105
   1.089
   1.060
   1.033
   1.011
   1.000
   0.994
   0.999
   1.009
   1.013
   0.999
   0.928
   0.000
   0.000
   1.020
   1.150
   1.213
   1.285
   1.357
   1.432
   1.511
   1.593
   1.672
   1.740
   1.795
   1.835
   1.865
   1.881
   1.894
   1.910
   1.929
   1.952
   1.982
   2.018
   2.061
   2.112
   2.168
   2.227
   2.280
   2.327
   2.367
   2.396
   2.414
   2.420
   2.406
   2.380
   2.344
   2.290
   2.217
   2.124
   2.005
   1.873
   1.742
   1.620
   1.512
   1.423
   1.352
   1.301
   1.259
   1.226
   1.196
   1.170
   1.149
   1.132
   1.122
   1.118
   1.116
   1.114
   1.114
   1.108
   1.088
   1.054
   1.032
   1.013
   1.001
   0.997
   1.001
   1.011
   1.017
   1.007
   0.936
   0.000
   0.000
   0.966
   1.100
   1.168
   1.243
   1.314
   1.388
   1.466
   1.546
   1.625
   1.696
   1.751
   1.794
   1.825
   1.842
   1.857
   1.873
   1.892
   1.915
   1.944
   1.978
   2.021
   2.066
   2.117
   2.172
   2.226
   2.274
   2.318
   2.351
   2.378
   2.390
   2.386
   2.369
   2.344
   2.300
   2.239
   2.163
   2.057
   1.934
   1.809
   1.689
   1.579
   1.486
   1.412
   1.360
   1.320
   1.289
   1.261
   1.236
   1.209
   1.183
   1.171
   1.161
   1.150
   1.138
   1.130
   1.118
   1.091
   1.056
   1.029
   1.012
   1.000
   0.997
   1.002
   1.011
   1.015
   1.011
   0.944
   0.000
   0.000
   0.903
   1.039
   1.114
   1.193
   1.265
   1.339
   1.416
   1.497
   1.575
   1.647
   1.707
   1.752
   1.787
   1.810
   1.825
   1.840
   1.860
   1.883
   1.911
   1.944
   1.985
   2.027
   2.075
   2.125
   2.174
   2.224
   2.268
   2.309
   2.343
   2.367
   2.374
   2.369
   2.357
   2.329
   2.284
   2.224
   2.132
   2.020
   1.903
   1.785
   1.676
   1.576
   1.494
   1.434
   1.389
   1.354
   1.326
   1.300
   1.268
   1.236
   1.226
   1.208
   1.183
   1.159
   1.141
   1.120
   1.086
   1.050
   1.023
   1.008
   1.001
   0.996
   1.002
   1.011
   1.018
   1.015
   0.952
   0.000
   0.000
   0.840
   0.976
   1.052
   1.132
   1.205
   1.281
   1.358
   1.435
   1.514
   1.588
   1.652
   1.705
   1.746
   1.774
   1.793
   1.810
   1.826
   1.848
   1.873
   1.907
   1.946
   1.990
   2.034
   2.083
   2.131
   2.181
   2.230
   2.275
   2.319
   2.355
   2.375
   2.385
   2.384
   2.371
   2.344
   2.296
   2.222
   2.121
   2.012
   1.903
   1.793
   1.689
   1.599
   1.527
   1.472
   1.429
   1.396
   1.368
   1.332
   1.297
   1.274
   1.247
   1.214
   1.174
   1.140
   1.107
   1.072
   1.038
   1.019
   1.010
   1.009
   1.011
   1.020
   1.027
   1.034
   1.029
   0.964
   0.000
   0.000
   0.759
   0.912
   0.987
   1.062
   1.136
   1.212
   1.288
   1.365
   1.441
   1.513
   1.578
   1.636
   1.686
   1.722
   1.749
   1.767
   1.784
   1.804
   1.829
   1.859
   1.898
   1.940
   1.989
   2.038
   2.088
   2.142
   2.195
   2.247
   2.298
   2.346
   2.380
   2.403
   2.418
   2.414
   2.398
   2.361
   2.297
   2.211
   2.119
   2.020
   1.914
   1.813
   1.716
   1.631
   1.561
   1.510
   1.467
   1.431
   1.392
   1.353
   1.323
   1.288
   1.241
   1.187
   1.136
   1.093
   1.061
   1.037
   1.025
   1.026
   1.036
   1.048
   1.062
   1.074
   1.078
   1.063
   0.983
   0.000
 -65.534
 -65.534
   0.779
   0.915
   0.984
   1.058
   1.131
   1.204
   1.276
   1.348
   1.419
   1.483
   1.543
   1.600
   1.644
   1.676
   1.702
   1.723
   1.743
   1.767
   1.796
   1.834
   1.877
   1.929
   1.983
   2.040
   2.096
   2.155
   2.212
   2.271
   2.326
   2.368
   2.408
   2.430
   2.436
   2.421
   2.394
   2.343
   2.274
   2.195
   2.109
   2.015
   1.921
   1.822
   1.730
   1.645
   1.578
   1.525
   1.477
   1.433
   1.388
   1.346
   1.304
   1.244
   1.184
   1.126
   1.076
   1.049
   1.037
   1.041
   1.058
   1.084
   1.113
   1.135
   1.151
   1.150
   1.124
   1.023
   0.000
 -65.534
 -65.534
 -65.534
   0.771
   0.904
   0.973
   1.046
   1.113
   1.178
   1.245
   1.311
   1.373
   1.433
   1.487
   1.536
   1.576
   1.609
   1.636
   1.660
   1.687
   1.716
   1.754
   1.801
   1.855
   1.915
   1.977
   2.041
   2.104
   2.167
   2.229
   2.290
   2.339
   2.383
   2.412
   2.420
   2.421
   2.403
   2.362
   2.306
   2.241
   2.172
   2.093
   2.005
   1.908
   1.808
   1.713
   1.633
   1.567
   1.509
   1.453
   1.402
   1.352
   1.299
   1.233
   1.166
   1.110
   1.073
   1.048
   1.050
   1.070
   1.104
   1.142
   1.179
   1.212
   1.232
   1.231
   1.199
   1.073
   0.000
 -65.534
 -65.534
 -65.534
 -65.534
   0.777
   0.885
   0.952
   1.013
   1.073
   1.135
   1.198
   1.255
   1.311
   1.363
   1.415
   1.460
   1.500
   1.530
   1.558
   1.586
   1.617
   1.655
   1.703
   1.762
   1.825
   1.896
   1.966
   2.037
   2.103
   2.166
   2.227
   2.278
   2.325
   2.362
   2.379
   2.387
   2.379
   2.357
   2.313
   2.263
   2.208
   2.142
   2.063
   1.967
   1.864
   1.767
   1.676
   1.599
   1.532
   1.471
   1.410
   1.351
   1.289
   1.227
   1.164
   1.115
   1.088
   1.078
   1.090
   1.122
   1.166
   1.212
   1.251
   1.282
   1.297
   1.299
   1.264
   1.121
   0.000
 -65.534
 -65.534
 -65.534
 -65.534
   0.673
   0.786
   0.847
   0.905
   0.959
   1.019
   1.079
   1.134
   1.186
   1.240
   1.290
   1.336
   1.378
   1.412
   1.441
   1.468
   1.501
   1.537
   1.584
   1.640
   1.704
   1.778
   1.857
   1.931
   2.002
   2.066
   2.128
   2.182
   2.233
   2.277
   2.308
   2.325
   2.329
   2.318
   2.287
   2.248
   2.207
   2.153
   2.085
   1.998
   1.896
   1.795
   1.705
   1.621
   1.544
   1.476
   1.412
   1.348
   1.289
   1.233
   1.184
   1.150
   1.136
   1.139
   1.158
   1.196
   1.239
   1.284
   1.320
   1.342
   1.346
   1.341
   1.303
   1.152
   0.000
 -65.534
 -65.534
 -65.534
 -65.534
   0.576
   0.679
   0.735
   0.786
   0.840
   0.898
   0.958
   1.012
   1.064
   1.114
   1.163
   1.211
   1.252
   1.287
   1.317
   1.345
   1.373
   1.402
   1.443
   1.494
   1.553
   1.627
   1.705
   1.784
   1.856
   1.926
   1.995
   2.054
   2.111
   2.161
   2.202
   2.235
   2.255
   2.253
   2.234
   2.207
   2.169
   2.123
   2.074
   1.998
   1.906
   1.808
   1.715
   1.631
   1.554
   1.482
   1.413
   1.352
   1.300
   1.253
   1.223
   1.204
   1.199
   1.211
   1.238
   1.272
   1.312
   1.347
   1.373
   1.380
   1.372
   1.350
   1.308
   1.162
   0.000
 -65.534
 -65.534
 -65.534
 -65.534
   0.444
   0.530
   0.587
   0.646
   0.715
   0.768
   0.829
   0.886
   0.938
   0.986
   1.032
   1.076
   1.121
   1.160
   1.194
   1.215
   1.236
   1.256
   1.286
   1.329
   1.381
   1.449
   1.523
   1.602
   1.678
   1.753
   1.823
   1.889
   1.952
   2.010
   2.066
   2.110
   2.144
   2.158
   2.155
   2.138
   2.109
   2.074
   2.029
   1.967
   1.893
   1.812
   1.729
   1.644
   1.570
   1.498
   1.429
   1.373
   1.329
   1.294
   1.267
   1.259
   1.265
   1.282
   1.313
   1.346
   1.377
   1.402
   1.411
   1.403
   1.382
   1.350
   1.301
   1.163
   0.000
 -65.534
 -65.534
 -65.534
 -65.534
 -65.534
 -65.534
 -65.534
 -65.534
   0.552
   0.635
   0.697
   0.754
   0.806
   0.856
   0.900
   0.943
   0.991
   1.035
   1.070
   1.094
   1.104
   1.114
   1.131
   1.164
   1.211
   1.271
   1.337
   1.409
   1.485
   1.560
   1.632
   1.704
   1.772
   1.839
   1.903
   1.959
   2.006
   2.030
   2.043
   2.043
   2.033
   2.010
   1.974
   1.930
   1.878
   1.808
   1.731
   1.658
   1.592
   1.531
   1.471
   1.419
   1.381
   1.354
   1.337
   1.333
   1.343
   1.365
   1.395
   1.426
   1.450
   1.462
   1.455
   1.434
   1.398
   1.359
   1.313
   1.188
   0.000
 -65.534
 -65.534
 -65.534
 -65.534
 -65.534
 -65.534
   0.181
   0.274
   0.425
   0.513
   0.571
   0.627
   0.679
   0.727
   0.774
   0.821
   0.873
   0.919
   0.954
   0.971
   0.977
   0.981
   0.994
   1.017
   1.052
   1.105
   1.167
   1.231
   1.303
   1.375
   1.447
   1.517
   1.591
   1.661
   1.731
   1.795
   1.852
   1.890
   1.918
   1.934
   1.941
   1.931
   1.914
   1.887
   1.849
   1.791
   1.730
   1.672
   1.611
   1.551
   1.502
   1.461
   1.430
   1.410
   1.402
   1.407
   1.421
   1.444
   1.474
   1.501
   1.516
   1.517
   1.505
   1.478
   1.440
   1.401
   1.360
   1.214
   0.000
 -65.534
 -65.534
 -65.534
 -65.534
 -65.534
 -65.534
 -65.534
 -65.534
 -65.534
   0.359
   0.422
   0.472
   0.520
   0.572
   0.632
   0.708
   0.760
   0.807
   0.841
   0.855
   0.861
   0.865
   0.879
   0.905
   0.941
   0.981
   1.027
   1.085
   1.144
   1.206
   1.269
   1.340
   1.413
   1.490
   1.563
   1.633
   1.692
   1.740
   1.777
   1.808
   1.827
   1.840
   1.838
   1.823
   1.799
   1.758
   1.709
   1.660
   1.607
   1.559
   1.518
   1.490
   1.468
   1.456
   1.454
   1.460
   1.476
   1.496
   1.521
   1.538
   1.548
   1.542
   1.530
   1.509
   1.474
   1.443
   1.406
   1.232
   0.000
 -65.534
 -65.534
 -65.534
 -65.534
 -65.534
 -65.534
 -65.534
 -65.534
 -65.534
 -65.534
 -65.534
 -65.534
 -65.534
 -65.534
 -65.534
   0.507
   0.592
   0.649
   0.698
   0.748
   0.762
   0.779
   0.801
   0.830
   0.864
   0.900
   0.939
   0.977
   1.022
   1.067
   1.118
   1.175
   1.242
   1.320
   1.397
   1.472
   1.536
   1.590
   1.643
   1.683
   1.713
   1.734
   1.745
   1.746
   1.731
   1.703
   1.667
   1.628
   1.587
   1.547
   1.512
   1.488
   1.474
   1.469
   1.475
   1.488
   1.505
   1.523
   1.539
   1.544
   1.540
   1.533
   1.523
   1.508
   1.480
   1.449
   1.402
   1.231
   0.000
 -65.534
 -65.534
 -65.534
 -65.534
 -65.534
 -65.534
 -65.534
 -65.534
 -65.534
 -65.534
 -65.534
 -65.534
 -65.534
 -65.534
 -65.534
 -65.534
 -65.534
 -65.534
 -65.534
   0.618
   0.684
   0.722
   0.758
   0.794
   0.825
   0.854
   0.884
   0.910
   0.935
   0.958
   0.992
   1.034
   1.094
   1.169
   1.251
   1.332
   1.402
   1.460
   1.512
   1.560
   1.598
   1.625
   1.647
   1.657
   1.656
   1.636
   1.610
   1.581
   1.553
   1.520
   1.488
   1.466
   1.454
   1.455
   1.466
   1.483
   1.500
   1.514
   1.520
   1.513
   1.500
   1.492
   1.485
   1.472
   1.452
   1.412
   1.357
   1.205
   0.000
 -65.534
 -65.534
 -65.534
 -65.534
 -65.534
 -65.534
 -65.534
 -65.534
 -65.534
 -65.534
 -65.534
 -65.534
 -65.534
 -65.534
 -65.534
 -65.534
 -65.534
 -65.534
   0.461
   0.587
   0.643
   0.695
   0.742
   0.783
   0.813
   0.836
   0.855
   0.868
   0.881
   0.889
   0.902
   0.930
   0.978
   1.048
   1.131
   1.215
   1.291
   1.350
   1.402
   1.447
   1.490
   1.529
   1.555
   1.576
   1.574
   1.558
   1.536
   1.511
   1.489
   1.465
   1.442
   1.427
   1.415
   1.413
   1.417
   1.426
   1.444
   1.457
   1.455
   1.440
   1.427
   1.421
   1.414
   1.408
   1.388
   1.357
   1.304
   1.132
   0.000
 -65.534
 -65.534
 -65.534
 -65.534
 -65.534
 -65.534
 -65.534
 -65.534
 -65.534
 -65.534
 -65.534
 -65.534
 -65.534
 -65.534
 -65.534
 -65.534
 -65.534
   0.435
   0.528
   0.586
   0.639
   0.692
   0.746
   0.786
   0.816
   0.835
   0.848
   0.853
   0.853
   0.854
   0.856
   0.867
   0.902
   0.961
   1.037
   1.117
   1.187
   1.248
   1.298
   1.345
   1.389
   1.435
   1.474
   1.502
   1.506
   1.486
   1.456
   1.433
   1.416
   1.400
   1.381
   1.362
   1.345
   1.339
   1.338
   1.348
   1.361
   1.364
   1.352
   1.335
   1.319
   1.313
   1.311
   1.312
   1.307
   1.284
   1.237
   1.066
   0.000
 -65.534
 -65.534
 -65.534
 -65.534
 -65.534
 -65.534
 -65.534
 -65.534
 -65.534
 -65.534
 -65.534
 -65.534
 -65.534
 -65.534
 -65.534
 -65.534
 -65.534
   0.481
   0.543
   0.588
   0.640
   0.693
   0.745
   0.789
   0.815
   0.832
   0.839
   0.841
   0.835
   0.830
   0.825
   0.823
   0.846
   0.887
   0.946
   1.016
   1.081
   1.134
   1.183
   1.231
   1.280
   1.328
   1.378
   1.415
   1.425
   1.409
   1.380
   1.356
   1.338
   1.323
   1.306
   1.279
   1.256
   1.245
   1.239
   1.240
   1.249
   1.247
   1.229
   1.208
   1.194
   1.192
   1.196
   1.201
   1.202
   1.196
   1.157
   1.000
   0.000
 -65.534
 -65.534
 -65.534
 -65.534
 -65.534
 -65.534
 -65.534
 -65.534
 -65.534
 -65.534
 -65.534
 -65.534
 -65.534
 -65.534
 -65.534
 -65.534
 -65.534
   0.478
   0.537
   0.579
   0.626
   0.679
   0.730
   0.770
   0.794
   0.808
   0.813
   0.809
   0.803
   0.794
   0.788
   0.777
   0.788
   0.812
   0.854
   0.908
   0.962
   1.013
   1.060
   1.106
   1.153
   1.205
   1.258
   1.298
   1.315
   1.307
   1.287
   1.271
   1.255
   1.243
   1.228
   1.206
   1.186
   1.168
   1.155
   1.146
   1.146
   1.137
   1.118
   1.098
   1.082
   1.078
   1.083
   1.094
   1.106
   1.105
   1.075
   0.953
   0.000
 -65.534
 -65.534
 -65.534
 -65.534
 -65.534
 -65.534
 -65.534
 -65.534
 -65.534
 -65.534
 -65.534
 -65.534
 -65.534
 -65.534
 -65.534
 -65.534
 -65.534
   0.454
   0.514
   0.557
   0.603
   0.652
   0.699
   0.732
   0.751
   0.761
   0.764
   0.763
   0.756
   0.747
   0.740
   0.728
   0.733
   0.748
   0.777
   0.819
   0.862
   0.908
   0.951
   0.993
   1.037
   1.084
   1.132
   1.172
   1.193
   1.196
   1.185
   1.174
   1.164
   1.156
   1.143
   1.128
   1.112
   1.093
   1.075
   1.060
   1.048
   1.041
   1.027
   1.008
   0.992
   0.984
   0.984
   0.993
   1.002
   1.005
   0.989
   0.885
   0.000
 -65.534
 -65.534
 -65.534
 -65.534
 -65.534
 -65.534
 -65.534
 -65.534
 -65.534
 -65.534
 -65.534
 -65.534
 -65.534
 -65.534
 -65.534
 -65.534
 -65.534
 -65.534
   0.468
   0.528
   0.573
   0.615
   0.651
   0.676
   0.685
   0.690
   0.693
   0.690
   0.688
   0.682
   0.678
   0.670
   0.675
   0.691
   0.719
   0.753
   0.790
   0.829
   0.867
   0.904
   0.944
   0.982
   1.022
   1.057
   1.080
   1.087
   1.085
   1.079
   1.073
   1.066
   1.058
   1.044
   1.031
   1.014
   0.999
   0.979
   0.970
   0.962
   0.952
   0.939
   0.925
   0.913
   0.905
   0.902
   0.901
   0.899
   0.883
   0.793
   0.000
 -65.534
 -65.534
 -65.534
 -65.534
 -65.534
 -65.534
 -65.534
 -65.534
 -65.534
 -65.534
 -65.534
 -65.534
 -65.534
 -65.534
 -65.534
 -65.534
 -65.534
 -65.534
 -65.534
   0.470
   0.527
   0.564
   0.591
   0.603
   0.602
   0.600
   0.598
   0.596
   0.595
   0.597
   0.596
   0.598
   0.607
   0.625
   0.656
   0.693
   0.734
   0.766
   0.796
   0.833
   0.865
   0.891
   0.922
   0.951
   0.977
   0.989
   0.990
   0.987
   0.982
   0.975
   0.975
   0.966
   0.958
   0.948
   0.938
   0.926
   0.914
   0.905
   0.897
   0.888
   0.873
   0.857
   0.844
   0.829
   0.814
   0.800
   0.776
   0.682
   0.000
 -65.534
 -65.534
 -65.534
 -65.534
 -65.534
 -65.534
 -65.534
 -65.534
 -65.534
 -65.534
 -65.534
 -65.534
 -65.534
 -65.534
 -65.534
 -65.534
 -65.534
 -65.534
 -65.534
 -65.534
   0.465
   0.506
   0.529
   0.534
   0.536
   0.528
   0.521
   0.515
   0.510
   0.512
   0.509
   0.515
   0.515
   0.510
   0.494
   0.434
 -65.534
 -65.534
 -65.534
 -65.534
   0.732
   0.797
   0.835
   0.868
   0.897
   0.913
   0.914
   0.911
   0.906
   0.902
   0.899
   0.893
   0.888
   0.881
   0.873
   0.867
   0.857
   0.850
   0.840
   0.831
   0.815
   0.799
   0.780
   0.759
   0.734
   0.709
   0.677
   0.589
   0.000
 -65.534
 -65.534
 -65.534
 -65.534
 -65.534
 -65.534
 -65.534
 -65.534
 -65.534
 -65.534
 -65.534
 -65.534
 -65.534
 -65.534
 -65.534
 -65.534
 -65.534
 -65.534
 -65.534
 -65.534
 -65.534
 -65.534
 -65.534
 -65.534
   0.466
   0.480
   0.475
   0.468
   0.464
   0.459
   0.456
   0.457
   0.451
   0.438
   0.411
   0.352
 -65.534
 -65.534
 -65.534
 -65.534
 -65.534
 -65.534
   0.739
   0.797
   0.832
   0.851
   0.851
   0.839
   0.832
   0.824
   0.820
   0.818
   0.813
   0.809
   0.806
   0.799
   0.792
   0.783
   0.774
   0.764
   0.753
   0.738
   0.715
   0.688
   0.655
   0.620
   0.580
   0.497
   0.000
 -65.534
 -65.534
 -65.534
 -65.534
 -65.534
 -65.534
 -65.534
 -65.534
 -65.534
 -65.534
 -65.534
 -65.534
 -65.534
 -65.534
 -65.534
 -65.534
 -65.534
 -65.534
 -65.534
 -65.534
 -65.534
 -65.534
 -65.534
 -65.534
   0.403
   0.428
   0.433
   0.435
   0.438
   0.434
   0.426
   0.424
   0.418
   0.407
   0.390
   0.352
 -65.534
 -65.534
 -65.534
 -65.534
 -65.534
 -65.534
 -65.534
   0.704
   0.755
   0.776
   0.776
   0.761
   0.755
   0.750
   0.747
   0.747
   0.744
   0.742
   0.738
   0.733
   0.728
   0.719
   0.708
   0.696
   0.680
   0.658
   0.633
   0.599
   0.559
   0.519
   0.482
   0.411
   0.000
 -65.534
 -65.534
 -65.534
 -65.534
 -65.534
 -65.534
 -65.534
 -65.534
 -65.534
 -65.534
 -65.534
 -65.534
 -65.534
 -65.534
 -65.534
 -65.534
 -65.534
 -65.534
 -65.534
 -65.534
 -65.534
 -65.534
 -65.534
 -65.534
 -65.534
 -65.534
 -65.534
 -65.534
 -65.534
   0.372
   0.389
   0.395
   0.400
   0.398
   0.389
   0.362
   0.223
 -65.534
 -65.534
 -65.534
 -65.534
 -65.534
 -65.534
   0.530
   0.534
 -65.534
   0.617
   0.642
   0.655
   0.671
   0.675
   0.681
   0.680
   0.680
   0.678
   0.674
   0.667
   0.654
   0.640
   0.621
   0.599
   0.571
   0.535
   0.496
   0.452
   0.415
   0.383
   0.335
   0.000
 -65.534
 -65.534
 -65.534
 -65.534
 -65.534
 -65.534
 -65.534
 -65.534
 -65.534
 -65.534
 -65.534
 -65.534
 -65.534
 -65.534
 -65.534
 -65.534
 -65.534
 -65.534
 -65.534
 -65.534
 -65.534
 -65.534
 -65.534
 -65.534
 -65.534
 -65.534
 -65.534
 -65.534
 -65.534
 -65.534
 -65.534
 -65.534
   0.346
   0.378
   0.380
   0.355
   0.284
   0.193
 -65.534
 -65.534
 -65.534
 -65.534
 -65.534
 -65.534
 -65.534
 -65.534
 -65.534
 -65.534
 -65.534
   0.517
   0.582
   0.604
   0.624
   0.625
   0.623
   0.611
   0.595
   0.579
   0.557
   0.535
   0.509
   0.477
   0.440
   0.402
   0.362
   0.321
   0.275
   0.230
   0.000
 -65.534
 -65.534
 -65.534
 -65.534
 -65.534
 -65.534
 -65.534
 -65.534
 -65.534
 -65.534
 -65.534
 -65.534
 -65.534
 -65.534
 -65.534
 -65.534
 -65.534
 -65.534
 -65.534
 -65.534
 -65.534
 -65.534
 -65.534
 -65.534
 -65.534
 -65.534
 -65.534
 -65.534
 -65.534
 -65.534
 -65.534
 -65.534
   0.310
   0.344
   0.355
   0.338
   0.295
   0.245
   0.186
   0.145
 -65.534
 -65.534
 -65.534
 -65.534
 -65.534
 -65.534
 -65.534
 -65.534
 -65.534
 -65.534
 -65.534
 -65.534
   0.474
   0.516
   0.522
   0.521
   0.504
   0.483
   0.464
   0.441
   0.416
   0.389
   0.356
   0.319
   0.279
   0.243
   0.209
   0.173
   0.000
 -65.534
 -65.534
 -65.534
 -65.534
 -65.534
 -65.534
 -65.534
 -65.534
 -65.534
 -65.534
 -65.534
 -65.534
 -65.534
 -65.534
 -65.534
 -65.534
 -65.534
 -65.534
 -65.534
 -65.534
 -65.534
 -65.534
 -65.534
 -65.534
 -65.534
 -65.534
 -65.534
 -65.534
 -65.534
 -65.534
 -65.534
 -65.534
 -65.534
 -65.534
 -65.534
 -65.534
   0.218
   0.225
   0.210
   0.190
   0.151
   0.130
   0.115
   0.106
   0.100
 -65.534
 -65.534
 -65.534
 -65.534
 -65.534
 -65.534
 -65.534
 -65.534
 -65.534
 -65.534
   0.371
   0.401
   0.392
   0.376
   0.356
   0.332
   0.304
   0.274
   0.245
   0.213
   0.184
   0.151
   0.120
   0.000
 -65.534
 -65.534
 -65.534
 -65.534
 -65.534
 -65.534
 -65.534
 -65.534
 -65.534
 -65.534
 -65.534
 -65.534
 -65.534
 -65.534
 -65.534
 -65.534
 -65.534
 -65.534
 -65.534
 -65.534
 -65.534
 -65.534
 -65.534
 -65.534
 -65.534
 -65.534
 -65.534
 -65.534
 -65.534
 -65.534
 -65.534
 -65.534
 -65.534
 -65.534
 -65.534
 -65.534
 -65.534
 -65.534
 -65.534
 -65.534
   0.117
 -65.534
 -65.534
 -65.534
 -65.534
 -65.534
 -65.534
 -65.534
 -65.534
 -65.534
 -65.534
 -65.534
 -65.534
 -65.534
 -65.534
   0.275
   0.303
   0.298
   0.287
   0.276
   0.256
   0.228
   0.200
   0.171
   0.143
   0.117
   0.087
   0.064
   0.000
 -65.534
 -65.534
 -65.534
 -65.534
 -65.534
 -65.534
 -65.534
 -65.534
 -65.534
 -65.534
 -65.534
 -65.534
 -65.534
 -65.534
 -65.534
 -65.534
 -65.534
 -65.534
 -65.534
 -65.534
 -65.534
 -65.534
 -65.534
 -65.534
 -65.534
 -65.534
 -65.534
 -65.534
 -65.534
 -65.534
 -65.534
 -65.534
 -65.534
 -65.534
 -65.534
 -65.534
 -65.534
 -65.534
 -65.534
 -65.534
 -65.534
 -65.534
 -65.534
 -65.534
 -65.534
 -65.534
 -65.534
 -65.534
 -65.534
 -65.534
 -65.534
 -65.534
 -65.534
 -65.534
 -65.534
 -65.534
 -65.534
 -65.534
 -65.534
   0.205
   0.187
   0.156
   0.124
   0.098
   0.077
   0.060
   0.038
   0.021
   0.000
 -65.534
 -65.534
 -65.534
 -65.534
 -65.534
 -65.534
 -65.534
 -65.534
 -65.534
 -65.534
 -65.534
 -65.534
 -65.534
 -65.534
 -65.534
 -65.534
 -65.534
 -65.534
 -65.534
 -65.534
 -65.534
 -65.534
 -65.534
 -65.534
 -65.534
 -65.534
 -65.534
 -65.534
 -65.534
 -65.534
 -65.534
 -65.534
 -65.534
 -65.534
 -65.534
 -65.534
 -65.534
 -65.534
 -65.534
 -65.534
 -65.534
 -65.534
 -65.534
 -65.534
 -65.534
 -65.534
 -65.534
 -65.534
 -65.534
 -65.534
 -65.534
 -65.534
 -65.534
 -65.534
 -65.534
 -65.534
 -65.534
 -65.534
 -65.534
 -65.534
 -65.534
   0.000
   0.000
   0.000
   0.000
   0.000
   0.000
   0.000
 -65.534
