 -65.534
   0.000
   0.000
   0.000
   0.000
   0.000
   0.000
   0.000
   0.000
   0.000
   0.000
   0.000
   0.000
   0.000
   0.000
   0.000
   0.000
   0.000
   0.000
   0.000
   0.000
   0.000
   0.000
   0.000
   0.000
   0.000
   0.000
   0.000
   0.000
   0.000
   0.000
   0.000
   0.000
   0.000
   0.000
   0.000
   0.000
   0.000
   0.000
   0.000
   0.000
   0.000
   0.000
   0.000
   0.000
   0.000
   0.000
   0.000
   0.000
   0.000
   0.000
   0.000
   0.000
   0.000
   0.000
   0.000
   0.000
   0.000
   0.000
   0.000
   0.000
   0.000
   0.000
   0.000
   0.000
   0.000
   0.000
   0.000
 -65.534
   0.000
   1.343
   1.496
   1.587
   1.682
   1.761
   1.825
   1.876
   1.921
   1.963
   2.008
   2.060
   2.118
   2.172
   2.216
   2.259
   2.287
   2.314
   2.336
   2.351
   2.357
   2.351
   2.340
   2.319
   2.311
   2.298
   2.280
   2.250
   2.205
   2.155
   2.100
   2.047
   1.986
   1.925
   1.866
   1.793
   1.722
   1.637
   1.541
   1.434
   1.327
   1.230
   1.129
   1.010
   0.887
   0.811
   0.775
   0.747
   0.720
   0.699
   0.683
   0.685
   0.693
   0.717
   0.755
   0.794
   0.836
   0.869
   0.900
   0.930
   0.949
   0.951
   0.931
   0.898
   0.849
   0.808
   0.773
   0.721
   0.000
   0.000
   1.371
   1.515
   1.596
   1.687
   1.772
   1.847
   1.915
   1.976
   2.033
   2.093
   2.153
   2.212
   2.268
   2.317
   2.359
   2.396
   2.431
   2.466
   2.499
   2.523
   2.534
   2.544
   2.539
   2.536
   2.527
   2.510
   2.487
   2.452
   2.412
   2.367
   2.317
   2.263
   2.207
   2.144
   2.077
   2.003
   1.923
   1.818
   1.691
   1.541
   1.377
   1.219
   1.072
   0.942
   0.875
   0.860
   0.849
   0.831
   0.814
   0.804
   0.809
   0.830
   0.859
   0.900
   0.948
   1.002
   1.055
   1.100
   1.138
   1.167
   1.172
   1.150
   1.107
   1.055
   1.003
   0.956
   0.885
   0.000
   0.000
   1.320
   1.456
   1.528
   1.608
   1.686
   1.758
   1.831
   1.903
   1.979
   2.055
   2.126
   2.190
   2.243
   2.287
   2.326
   2.366
   2.407
   2.451
   2.500
   2.543
   2.576
   2.604
   2.620
   2.620
   2.614
   2.601
   2.582
   2.555
   2.524
   2.492
   2.449
   2.404
   2.361
   2.311
   2.255
   2.197
   2.132
   2.043
   1.924
   1.752
   1.522
   1.296
   1.131
   1.001
   0.910
   0.888
   0.887
   0.876
   0.864
   0.858
   0.866
   0.886
   0.923
   0.968
   1.024
   1.084
   1.139
   1.187
   1.229
   1.260
   1.267
   1.250
   1.209
   1.157
   1.102
   1.050
   0.969
   0.000
   0.000
   1.261
   1.388
   1.447
   1.516
   1.576
   1.637
   1.704
   1.780
   1.868
   1.958
   2.046
   2.117
   2.172
   2.213
   2.249
   2.288
   2.335
   2.391
   2.455
   2.515
   2.569
   2.616
   2.652
   2.663
   2.666
   2.660
   2.647
   2.625
   2.603
   2.580
   2.546
   2.515
   2.488
   2.455
   2.417
   2.378
   2.336
   2.268
   2.168
   2.002
   1.746
   1.460
   1.248
   1.111
   1.003
   0.949
   0.932
   0.920
   0.909
   0.901
   0.906
   0.924
   0.958
   1.005
   1.066
   1.133
   1.192
   1.239
   1.281
   1.311
   1.319
   1.303
   1.267
   1.216
   1.161
   1.105
   1.016
   0.000
   0.000
   1.193
   1.320
   1.372
   1.428
   1.475
   1.522
   1.574
   1.643
   1.732
   1.831
   1.925
   2.004
   2.064
   2.107
   2.145
   2.186
   2.241
   2.305
   2.376
   2.444
   2.511
   2.573
   2.623
   2.659
   2.677
   2.680
   2.669
   2.650
   2.634
   2.619
   2.600
   2.585
   2.575
   2.562
   2.540
   2.521
   2.497
   2.452
   2.375
   2.238
   2.002
   1.696
   1.421
   1.244
   1.128
   1.052
   1.011
   0.983
   0.960
   0.943
   0.940
   0.952
   0.981
   1.026
   1.087
   1.157
   1.214
   1.261
   1.302
   1.331
   1.338
   1.324
   1.294
   1.248
   1.190
   1.136
   1.042
   0.000
   0.000
   1.113
   1.244
   1.297
   1.350
   1.393
   1.428
   1.471
   1.531
   1.610
   1.703
   1.797
   1.879
   1.944
   1.991
   2.034
   2.082
   2.138
   2.205
   2.276
   2.350
   2.422
   2.497
   2.564
   2.616
   2.641
   2.650
   2.646
   2.629
   2.615
   2.612
   2.610
   2.615
   2.621
   2.623
   2.618
   2.621
   2.611
   2.584
   2.529
   2.425
   2.235
   1.950
   1.650
   1.421
   1.277
   1.181
   1.114
   1.065
   1.021
   0.990
   0.974
   0.977
   0.996
   1.036
   1.093
   1.158
   1.211
   1.253
   1.287
   1.316
   1.324
   1.317
   1.293
   1.253
   1.204
   1.152
   1.055
   0.000
   0.000
   1.017
   1.152
   1.215
   1.272
   1.315
   1.355
   1.394
   1.447
   1.516
   1.599
   1.685
   1.762
   1.830
   1.883
   1.932
   1.983
   2.039
   2.102
   2.170
   2.242
   2.316
   2.395
   2.468
   2.525
   2.559
   2.578
   2.579
   2.570
   2.567
   2.576
   2.590
   2.606
   2.626
   2.643
   2.658
   2.673
   2.673
   2.657
   2.617
   2.538
   2.393
   2.158
   1.877
   1.633
   1.452
   1.329
   1.236
   1.156
   1.092
   1.042
   1.010
   0.997
   1.004
   1.034
   1.080
   1.132
   1.176
   1.213
   1.245
   1.270
   1.282
   1.283
   1.272
   1.243
   1.206
   1.156
   1.062
   0.000
   0.000
   0.907
   1.045
   1.116
   1.185
   1.239
   1.283
   1.326
   1.377
   1.439
   1.515
   1.591
   1.664
   1.727
   1.780
   1.833
   1.886
   1.942
   2.001
   2.064
   2.132
   2.204
   2.279
   2.353
   2.410
   2.449
   2.474
   2.485
   2.486
   2.494
   2.512
   2.538
   2.567
   2.596
   2.625
   2.648
   2.678
   2.693
   2.683
   2.654
   2.591
   2.475
   2.288
   2.056
   1.834
   1.646
   1.499
   1.379
   1.272
   1.182
   1.110
   1.055
   1.023
   1.010
   1.019
   1.045
   1.081
   1.116
   1.141
   1.172
   1.196
   1.214
   1.228
   1.232
   1.224
   1.199
   1.159
   1.063
   0.000
   0.000
   0.796
   0.926
   1.006
   1.083
   1.147
   1.203
   1.252
   1.308
   1.369
   1.438
   1.509
   1.573
   1.630
   1.680
   1.732
   1.785
   1.842
   1.899
   1.959
   2.024
   2.088
   2.157
   2.226
   2.283
   2.324
   2.353
   2.370
   2.384
   2.404
   2.430
   2.462
   2.498
   2.539
   2.571
   2.608
   2.647
   2.668
   2.661
   2.636
   2.584
   2.495
   2.357
   2.176
   1.992
   1.819
   1.664
   1.527
   1.398
   1.285
   1.185
   1.109
   1.050
   1.010
   0.994
   0.998
   1.013
   1.028
   1.046
   1.071
   1.100
   1.127
   1.152
   1.175
   1.191
   1.185
   1.152
   1.060
   0.000
   0.000
   0.671
   0.791
   0.887
   0.972
   1.047
   1.108
   1.167
   1.225
   1.288
   1.357
   1.427
   1.488
   1.539
   1.585
   1.635
   1.685
   1.741
   1.797
   1.855
   1.911
   1.968
   2.031
   2.093
   2.145
   2.188
   2.223
   2.248
   2.275
   2.305
   2.337
   2.372
   2.413
   2.457
   2.501
   2.537
   2.577
   2.599
   2.599
   2.579
   2.537
   2.467
   2.368
   2.242
   2.092
   1.944
   1.794
   1.653
   1.516
   1.385
   1.261
   1.168
   1.080
   1.008
   0.957
   0.934
   0.923
   0.923
   0.931
   0.954
   0.990
   1.027
   1.066
   1.106
   1.137
   1.146
   1.125
   1.043
   0.000
   0.000
   0.607
   0.688
   0.751
   0.835
   0.928
   1.004
   1.069
   1.130
   1.196
   1.268
   1.338
   1.399
   1.448
   1.493
   1.538
   1.588
   1.641
   1.694
   1.748
   1.798
   1.846
   1.901
   1.957
   2.011
   2.058
   2.097
   2.132
   2.164
   2.199
   2.240
   2.280
   2.324
   2.372
   2.422
   2.464
   2.493
   2.513
   2.509
   2.494
   2.465
   2.413
   2.338
   2.245
   2.132
   2.007
   1.877
   1.744
   1.612
   1.474
   1.344
   1.227
   1.115
   1.013
   0.931
   0.868
   0.830
   0.814
   0.816
   0.839
   0.880
   0.924
   0.974
   1.020
   1.059
   1.079
   1.074
   1.006
   0.000
   0.000
   0.547
   0.629
   0.670
   0.730
   0.804
   0.882
   0.960
   1.028
   1.092
   1.162
   1.233
   1.297
   1.351
   1.397
   1.443
   1.491
   1.541
   1.592
   1.640
   1.684
   1.728
   1.778
   1.833
   1.885
   1.935
   1.985
   2.024
   2.060
   2.097
   2.143
   2.185
   2.234
   2.289
   2.334
   2.375
   2.400
   2.407
   2.402
   2.391
   2.369
   2.334
   2.288
   2.212
   2.121
   2.020
   1.910
   1.794
   1.672
   1.544
   1.415
   1.290
   1.160
   1.039
   0.925
   0.836
   0.774
   0.743
   0.741
   0.764
   0.805
   0.849
   0.895
   0.942
   0.985
   1.011
   1.008
   0.950
   0.000
 -65.534
 -65.534
   0.551
   0.616
   0.650
   0.708
   0.777
   0.847
   0.911
   0.979
   1.044
   1.110
   1.170
   1.228
   1.283
   1.334
   1.384
   1.436
   1.484
   1.531
   1.572
   1.613
   1.658
   1.712
   1.769
   1.823
   1.876
   1.923
   1.962
   2.001
   2.045
   2.089
   2.142
   2.193
   2.239
   2.266
   2.288
   2.297
   2.290
   2.277
   2.264
   2.243
   2.204
   2.148
   2.071
   1.982
   1.892
   1.801
   1.699
   1.584
   1.464
   1.338
   1.206
   1.073
   0.952
   0.854
   0.782
   0.749
   0.746
   0.770
   0.801
   0.840
   0.890
   0.931
   0.966
   0.987
   0.983
   0.921
   0.000
 -65.534
 -65.534
 -65.534
   0.540
   0.601
   0.634
   0.689
   0.748
   0.805
   0.860
   0.918
   0.977
   1.033
   1.091
   1.149
   1.208
   1.266
   1.322
   1.371
   1.418
   1.460
   1.500
   1.549
   1.604
   1.661
   1.720
   1.779
   1.831
   1.873
   1.911
   1.953
   1.993
   2.038
   2.079
   2.113
   2.158
   2.184
   2.185
   2.187
   2.181
   2.171
   2.147
   2.112
   2.059
   1.992
   1.913
   1.837
   1.765
   1.687
   1.592
   1.486
   1.368
   1.248
   1.116
   0.998
   0.906
   0.848
   0.818
   0.822
   0.846
   0.880
   0.916
   0.951
   0.991
   1.021
   1.033
   1.026
   0.953
   0.000
 -65.534
 -65.534
 -65.534
 -65.534
   0.550
   0.587
   0.619
   0.662
   0.708
   0.754
   0.798
   0.844
   0.898
   0.954
   1.014
   1.077
   1.139
   1.195
   1.247
   1.292
   1.337
   1.382
   1.434
   1.495
   1.554
   1.618
   1.683
   1.735
   1.778
   1.816
   1.852
   1.884
   1.913
   1.947
   1.981
   2.025
   2.044
   2.076
   2.080
   2.075
   2.067
   2.047
   2.009
   1.957
   1.890
   1.823
   1.761
   1.705
   1.645
   1.568
   1.480
   1.380
   1.273
   1.167
   1.066
   0.988
   0.941
   0.921
   0.930
   0.961
   0.998
   1.040
   1.076
   1.111
   1.138
   1.154
   1.142
   1.055
   0.000
 -65.534
 -65.534
 -65.534
 -65.534
   0.510
   0.552
   0.574
   0.598
   0.628
   0.663
   0.699
   0.734
   0.775
   0.829
   0.890
   0.951
   1.012
   1.067
   1.113
   1.154
   1.200
   1.248
   1.303
   1.362
   1.424
   1.491
   1.555
   1.616
   1.662
   1.701
   1.731
   1.753
   1.775
   1.800
   1.832
   1.865
   1.894
   1.921
   1.924
   1.938
   1.936
   1.920
   1.886
   1.841
   1.783
   1.728
   1.678
   1.635
   1.588
   1.531
   1.463
   1.384
   1.305
   1.222
   1.152
   1.093
   1.061
   1.048
   1.058
   1.089
   1.129
   1.167
   1.203
   1.235
   1.258
   1.267
   1.250
   1.149
   0.000
 -65.534
 -65.534
 -65.534
 -65.534
   0.470
   0.513
   0.537
   0.554
   0.569
   0.594
   0.620
   0.647
   0.673
   0.716
   0.778
   0.839
   0.893
   0.938
   0.978
   1.014
   1.053
   1.095
   1.144
   1.198
   1.259
   1.322
   1.393
   1.459
   1.514
   1.557
   1.583
   1.602
   1.618
   1.638
   1.660
   1.686
   1.712
   1.734
   1.747
   1.757
   1.763
   1.756
   1.749
   1.720
   1.679
   1.633
   1.591
   1.558
   1.526
   1.487
   1.438
   1.385
   1.330
   1.276
   1.230
   1.193
   1.169
   1.165
   1.181
   1.208
   1.241
   1.272
   1.300
   1.321
   1.335
   1.336
   1.313
   1.207
   0.000
 -65.534
 -65.534
 -65.534
 -65.534
   0.410
   0.448
   0.475
   0.501
   0.530
   0.542
   0.562
   0.581
   0.600
   0.625
   0.680
   0.734
   0.782
   0.824
   0.855
   0.879
   0.904
   0.935
   0.969
   1.014
   1.065
   1.122
   1.191
   1.260
   1.323
   1.378
   1.414
   1.433
   1.444
   1.455
   1.466
   1.479
   1.497
   1.513
   1.527
   1.541
   1.555
   1.569
   1.580
   1.577
   1.563
   1.539
   1.509
   1.483
   1.459
   1.436
   1.405
   1.371
   1.335
   1.303
   1.269
   1.243
   1.232
   1.233
   1.249
   1.275
   1.305
   1.329
   1.345
   1.353
   1.359
   1.353
   1.328
   1.217
   0.000
 -65.534
 -65.534
 -65.534
 -65.534
 -65.534
 -65.534
 -65.534
 -65.534
   0.467
   0.496
   0.516
   0.532
   0.549
   0.564
   0.590
   0.646
   0.688
   0.719
   0.744
   0.765
   0.778
   0.793
   0.808
   0.837
   0.878
   0.929
   0.990
   1.056
   1.121
   1.179
   1.218
   1.237
   1.245
   1.248
   1.246
   1.245
   1.252
   1.256
   1.267
   1.286
   1.316
   1.356
   1.394
   1.419
   1.433
   1.425
   1.405
   1.389
   1.380
   1.369
   1.357
   1.339
   1.318
   1.292
   1.271
   1.255
   1.249
   1.254
   1.272
   1.298
   1.321
   1.335
   1.338
   1.337
   1.335
   1.326
   1.302
   1.194
   0.000
 -65.534
 -65.534
 -65.534
 -65.534
 -65.534
 -65.534
   0.309
   0.347
   0.417
   0.450
   0.469
   0.488
   0.509
   0.523
   0.537
   0.553
   0.593
   0.642
   0.669
   0.680
   0.685
   0.688
   0.696
   0.707
   0.723
   0.765
   0.817
   0.881
   0.945
   0.999
   1.030
   1.040
   1.039
   1.033
   1.024
   1.014
   1.006
   0.998
   0.998
   1.017
   1.057
   1.120
   1.184
   1.242
   1.277
   1.283
   1.282
   1.280
   1.274
   1.271
   1.271
   1.269
   1.263
   1.253
   1.242
   1.233
   1.233
   1.242
   1.261
   1.282
   1.296
   1.301
   1.297
   1.291
   1.285
   1.272
   1.247
   1.150
   0.000
 -65.534
 -65.534
 -65.534
 -65.534
 -65.534
 -65.534
 -65.534
 -65.534
 -65.534
   0.388
   0.409
   0.426
   0.443
   0.461
   0.484
   0.514
   0.528
   0.552
   0.581
   0.605
   0.617
   0.621
   0.622
   0.627
   0.642
   0.666
   0.703
   0.758
   0.811
   0.849
   0.870
   0.876
   0.872
   0.863
   0.845
   0.820
   0.797
   0.771
   0.756
   0.769
   0.816
   0.887
   0.963
   1.033
   1.085
   1.111
   1.119
   1.128
   1.133
   1.144
   1.160
   1.177
   1.187
   1.189
   1.189
   1.186
   1.190
   1.198
   1.215
   1.230
   1.236
   1.234
   1.229
   1.219
   1.212
   1.198
   1.174
   1.086
   0.000
 -65.534
 -65.534
 -65.534
 -65.534
 -65.534
 -65.534
 -65.534
 -65.534
 -65.534
 -65.534
 -65.534
 -65.534
 -65.534
 -65.534
 -65.534
   0.434
   0.466
   0.491
   0.517
   0.550
   0.562
   0.583
   0.598
   0.602
   0.608
   0.625
   0.654
   0.682
   0.718
   0.748
   0.763
   0.760
   0.749
   0.736
   0.719
   0.693
   0.661
   0.624
   0.612
   0.609
   0.637
   0.696
   0.764
   0.832
   0.887
   0.923
   0.943
   0.958
   0.975
   0.993
   1.017
   1.046
   1.070
   1.087
   1.101
   1.111
   1.119
   1.131
   1.141
   1.146
   1.144
   1.137
   1.130
   1.123
   1.115
   1.107
   1.085
   1.011
   0.000
 -65.534
 -65.534
 -65.534
 -65.534
 -65.534
 -65.534
 -65.534
 -65.534
 -65.534
 -65.534
 -65.534
 -65.534
 -65.534
 -65.534
 -65.534
 -65.534
 -65.534
 -65.534
 -65.534
   0.519
   0.538
   0.552
   0.576
   0.595
   0.601
   0.611
   0.632
   0.659
   0.686
   0.701
   0.709
   0.703
   0.691
   0.680
   0.666
   0.647
   0.622
   0.591
   0.568
   0.556
   0.561
   0.591
   0.642
   0.694
   0.738
   0.768
   0.790
   0.808
   0.828
   0.849
   0.877
   0.912
   0.946
   0.975
   1.000
   1.020
   1.036
   1.047
   1.054
   1.046
   1.036
   1.026
   1.015
   1.012
   1.006
   1.004
   0.999
   0.932
   0.000
 -65.534
 -65.534
 -65.534
 -65.534
 -65.534
 -65.534
 -65.534
 -65.534
 -65.534
 -65.534
 -65.534
 -65.534
 -65.534
 -65.534
 -65.534
 -65.534
 -65.534
 -65.534
   0.470
   0.527
   0.542
   0.550
   0.557
   0.575
   0.599
   0.618
   0.634
   0.659
   0.683
   0.699
   0.699
   0.693
   0.687
   0.683
   0.675
   0.660
   0.637
   0.610
   0.585
   0.569
   0.571
   0.591
   0.625
   0.662
   0.683
   0.694
   0.697
   0.704
   0.718
   0.741
   0.778
   0.818
   0.859
   0.892
   0.914
   0.930
   0.949
   0.961
   0.962
   0.949
   0.934
   0.920
   0.909
   0.901
   0.900
   0.900
   0.900
   0.838
   0.000
 -65.534
 -65.534
 -65.534
 -65.534
 -65.534
 -65.534
 -65.534
 -65.534
 -65.534
 -65.534
 -65.534
 -65.534
 -65.534
 -65.534
 -65.534
 -65.534
 -65.534
   0.481
   0.524
   0.543
   0.555
   0.561
   0.568
   0.568
   0.589
   0.622
   0.646
   0.665
   0.690
   0.709
   0.711
   0.703
   0.705
   0.704
   0.699
   0.684
   0.662
   0.636
   0.610
   0.596
   0.599
   0.625
   0.673
   0.717
   0.737
   0.733
   0.713
   0.704
   0.705
   0.713
   0.733
   0.763
   0.791
   0.817
   0.840
   0.865
   0.882
   0.891
   0.888
   0.873
   0.847
   0.824
   0.809
   0.802
   0.797
   0.798
   0.805
   0.767
   0.000
 -65.534
 -65.534
 -65.534
 -65.534
 -65.534
 -65.534
 -65.534
 -65.534
 -65.534
 -65.534
 -65.534
 -65.534
 -65.534
 -65.534
 -65.534
 -65.534
 -65.534
   0.523
   0.542
   0.552
   0.564
   0.573
   0.581
   0.579
   0.579
   0.614
   0.646
   0.662
   0.683
   0.703
   0.710
   0.704
   0.712
   0.715
   0.714
   0.702
   0.681
   0.655
   0.631
   0.619
   0.624
   0.655
   0.717
   0.777
   0.806
   0.804
   0.783
   0.770
   0.763
   0.760
   0.764
   0.771
   0.782
   0.797
   0.812
   0.828
   0.844
   0.847
   0.831
   0.807
   0.785
   0.776
   0.772
   0.768
   0.751
   0.698
   0.697
   0.662
   0.000
 -65.534
 -65.534
 -65.534
 -65.534
 -65.534
 -65.534
 -65.534
 -65.534
 -65.534
 -65.534
 -65.534
 -65.534
 -65.534
 -65.534
 -65.534
 -65.534
 -65.534
   0.526
   0.543
   0.551
   0.563
   0.574
   0.589
   0.591
   0.581
   0.592
   0.628
   0.650
   0.662
   0.680
   0.692
   0.689
   0.700
   0.705
   0.706
   0.698
   0.682
   0.662
   0.648
   0.641
   0.652
   0.690
   0.751
   0.815
   0.855
   0.861
   0.851
   0.844
   0.840
   0.836
   0.834
   0.832
   0.834
   0.839
   0.844
   0.852
   0.859
   0.855
   0.840
   0.814
   0.790
   0.779
   0.726
   0.689
   0.705
   0.707
   0.696
   0.645
   0.000
 -65.534
 -65.534
 -65.534
 -65.534
 -65.534
 -65.534
 -65.534
 -65.534
 -65.534
 -65.534
 -65.534
 -65.534
 -65.534
 -65.534
 -65.534
 -65.534
 -65.534
   0.507
   0.534
   0.544
   0.558
   0.572
   0.589
   0.596
   0.586
   0.576
   0.598
   0.627
   0.643
   0.659
   0.674
   0.670
   0.676
   0.680
   0.682
   0.682
   0.675
   0.667
   0.667
   0.674
   0.697
   0.738
   0.794
   0.851
   0.888
   0.907
   0.912
   0.915
   0.915
   0.912
   0.906
   0.899
   0.894
   0.885
   0.881
   0.880
   0.881
   0.880
   0.867
   0.848
   0.820
   0.796
   0.763
   0.718
   0.719
   0.716
   0.702
   0.625
   0.000
 -65.534
 -65.534
 -65.534
 -65.534
 -65.534
 -65.534
 -65.534
 -65.534
 -65.534
 -65.534
 -65.534
 -65.534
 -65.534
 -65.534
 -65.534
 -65.534
 -65.534
 -65.534
   0.504
   0.529
   0.546
   0.564
   0.579
   0.586
   0.578
   0.571
   0.585
   0.610
   0.631
   0.652
   0.667
   0.655
   0.654
   0.651
   0.650
   0.653
   0.659
   0.669
   0.684
   0.708
   0.743
   0.785
   0.838
   0.888
   0.925
   0.948
   0.961
   0.973
   0.981
   0.980
   0.975
   0.962
   0.949
   0.932
   0.921
   0.913
   0.910
   0.908
   0.897
   0.881
   0.856
   0.829
   0.798
   0.757
   0.721
   0.711
   0.691
   0.614
   0.000
 -65.534
 -65.534
 -65.534
 -65.534
 -65.534
 -65.534
 -65.534
 -65.534
 -65.534
 -65.534
 -65.534
 -65.534
 -65.534
 -65.534
 -65.534
 -65.534
 -65.534
 -65.534
 -65.534
   0.496
   0.525
   0.544
   0.558
   0.561
   0.555
   0.555
   0.576
   0.603
   0.630
   0.655
   0.657
   0.644
   0.633
   0.621
   0.615
   0.619
   0.627
   0.647
   0.677
   0.720
   0.762
   0.805
   0.859
   0.910
   0.950
   0.977
   0.995
   1.010
   1.022
   1.028
   1.030
   1.019
   1.005
   0.987
   0.970
   0.958
   0.950
   0.945
   0.936
   0.922
   0.898
   0.866
   0.830
   0.789
   0.736
   0.693
   0.665
   0.585
   0.000
 -65.534
 -65.534
 -65.534
 -65.534
 -65.534
 -65.534
 -65.534
 -65.534
 -65.534
 -65.534
 -65.534
 -65.534
 -65.534
 -65.534
 -65.534
 -65.534
 -65.534
 -65.534
 -65.534
 -65.534
   0.492
   0.514
   0.528
   0.532
   0.532
   0.542
   0.572
   0.600
   0.629
   0.650
   0.635
   0.618
   0.587
   0.545
   0.497
   0.408
 -65.534
 -65.534
 -65.534
 -65.534
   0.695
   0.781
   0.857
   0.917
   0.964
   0.994
   1.010
   1.026
   1.036
   1.045
   1.051
   1.044
   1.031
   1.013
   0.991
   0.978
   0.969
   0.966
   0.958
   0.945
   0.926
   0.899
   0.863
   0.814
   0.761
   0.698
   0.638
   0.550
   0.000
 -65.534
 -65.534
 -65.534
 -65.534
 -65.534
 -65.534
 -65.534
 -65.534
 -65.534
 -65.534
 -65.534
 -65.534
 -65.534
 -65.534
 -65.534
 -65.534
 -65.534
 -65.534
 -65.534
 -65.534
 -65.534
 -65.534
 -65.534
 -65.534
   0.489
   0.527
   0.568
   0.593
   0.620
   0.631
   0.611
   0.583
   0.540
   0.490
   0.426
   0.337
 -65.534
 -65.534
 -65.534
 -65.534
 -65.534
 -65.534
   0.799
   0.899
   0.954
   0.981
   0.990
   0.993
   1.002
   1.011
   1.019
   1.021
   1.011
   0.994
   0.975
   0.959
   0.949
   0.943
   0.941
   0.940
   0.933
   0.916
   0.887
   0.844
   0.790
   0.722
   0.647
   0.528
   0.000
 -65.534
 -65.534
 -65.534
 -65.534
 -65.534
 -65.534
 -65.534
 -65.534
 -65.534
 -65.534
 -65.534
 -65.534
 -65.534
 -65.534
 -65.534
 -65.534
 -65.534
 -65.534
 -65.534
 -65.534
 -65.534
 -65.534
 -65.534
 -65.534
   0.447
   0.483
   0.525
   0.554
   0.584
   0.589
   0.564
   0.537
   0.498
   0.452
   0.396
   0.322
 -65.534
 -65.534
 -65.534
 -65.534
 -65.534
 -65.534
 -65.534
   0.818
   0.886
   0.909
   0.921
   0.922
   0.934
   0.946
   0.956
   0.960
   0.955
   0.945
   0.930
   0.915
   0.906
   0.904
   0.908
   0.912
   0.909
   0.901
   0.885
   0.855
   0.811
   0.748
   0.670
   0.545
   0.000
 -65.534
 -65.534
 -65.534
 -65.534
 -65.534
 -65.534
 -65.534
 -65.534
 -65.534
 -65.534
 -65.534
 -65.534
 -65.534
 -65.534
 -65.534
 -65.534
 -65.534
 -65.534
 -65.534
 -65.534
 -65.534
 -65.534
 -65.534
 -65.534
 -65.534
 -65.534
 -65.534
 -65.534
 -65.534
   0.493
   0.485
   0.468
   0.456
   0.422
   0.378
   0.328
   0.170
 -65.534
 -65.534
 -65.534
 -65.534
 -65.534
 -65.534
   0.615
   0.592
 -65.534
   0.758
   0.794
   0.824
   0.860
   0.875
   0.883
   0.884
   0.877
   0.868
   0.859
   0.853
   0.851
   0.857
   0.864
   0.869
   0.865
   0.857
   0.839
   0.806
   0.754
   0.682
   0.556
   0.000
 -65.534
 -65.534
 -65.534
 -65.534
 -65.534
 -65.534
 -65.534
 -65.534
 -65.534
 -65.534
 -65.534
 -65.534
 -65.534
 -65.534
 -65.534
 -65.534
 -65.534
 -65.534
 -65.534
 -65.534
 -65.534
 -65.534
 -65.534
 -65.534
 -65.534
 -65.534
 -65.534
 -65.534
 -65.534
 -65.534
 -65.534
 -65.534
   0.390
   0.385
   0.359
   0.334
   0.205
   0.134
 -65.534
 -65.534
 -65.534
 -65.534
 -65.534
 -65.534
 -65.534
 -65.534
 -65.534
 -65.534
 -65.534
   0.679
   0.748
   0.778
   0.804
   0.800
   0.793
   0.786
   0.780
   0.781
   0.789
   0.797
   0.803
   0.806
   0.803
   0.792
   0.769
   0.728
   0.667
   0.551
   0.000
 -65.534
 -65.534
 -65.534
 -65.534
 -65.534
 -65.534
 -65.534
 -65.534
 -65.534
 -65.534
 -65.534
 -65.534
 -65.534
 -65.534
 -65.534
 -65.534
 -65.534
 -65.534
 -65.534
 -65.534
 -65.534
 -65.534
 -65.534
 -65.534
 -65.534
 -65.534
 -65.534
 -65.534
 -65.534
 -65.534
 -65.534
 -65.534
   0.287
   0.292
   0.281
   0.253
   0.210
   0.167
   0.125
   0.093
 -65.534
 -65.534
 -65.534
 -65.534
 -65.534
 -65.534
 -65.534
 -65.534
 -65.534
 -65.534
 -65.534
 -65.534
   0.623
   0.657
   0.669
   0.692
   0.693
   0.698
   0.705
   0.714
   0.719
   0.724
   0.726
   0.724
   0.708
   0.675
   0.627
   0.527
   0.000
 -65.534
 -65.534
 -65.534
 -65.534
 -65.534
 -65.534
 -65.534
 -65.534
 -65.534
 -65.534
 -65.534
 -65.534
 -65.534
 -65.534
 -65.534
 -65.534
 -65.534
 -65.534
 -65.534
 -65.534
 -65.534
 -65.534
 -65.534
 -65.534
 -65.534
 -65.534
 -65.534
 -65.534
 -65.534
 -65.534
 -65.534
 -65.534
 -65.534
 -65.534
 -65.534
 -65.534
   0.167
   0.161
   0.145
   0.125
   0.096
   0.080
   0.069
   0.057
   0.046
 -65.534
 -65.534
 -65.534
 -65.534
 -65.534
 -65.534
 -65.534
 -65.534
 -65.534
 -65.534
   0.548
   0.591
   0.607
   0.620
   0.627
   0.632
   0.634
   0.638
   0.638
   0.632
   0.610
   0.570
   0.486
   0.000
 -65.534
 -65.534
 -65.534
 -65.534
 -65.534
 -65.534
 -65.534
 -65.534
 -65.534
 -65.534
 -65.534
 -65.534
 -65.534
 -65.534
 -65.534
 -65.534
 -65.534
 -65.534
 -65.534
 -65.534
 -65.534
 -65.534
 -65.534
 -65.534
 -65.534
 -65.534
 -65.534
 -65.534
 -65.534
 -65.534
 -65.534
 -65.534
 -65.534
 -65.534
 -65.534
 -65.534
 -65.534
 -65.534
 -65.534
 -65.534
   0.082
 -65.534
 -65.534
 -65.534
 -65.534
 -65.534
 -65.534
 -65.534
 -65.534
 -65.534
 -65.534
 -65.534
 -65.534
 -65.534
 -65.534
   0.422
   0.472
   0.493
   0.511
   0.539
   0.540
   0.535
   0.535
   0.538
   0.536
   0.527
   0.501
   0.432
   0.000
 -65.534
 -65.534
 -65.534
 -65.534
 -65.534
 -65.534
 -65.534
 -65.534
 -65.534
 -65.534
 -65.534
 -65.534
 -65.534
 -65.534
 -65.534
 -65.534
 -65.534
 -65.534
 -65.534
 -65.534
 -65.534
 -65.534
 -65.534
 -65.534
 -65.534
 -65.534
 -65.534
 -65.534
 -65.534
 -65.534
 -65.534
 -65.534
 -65.534
 -65.534
 -65.534
 -65.534
 -65.534
 -65.534
 -65.534
 -65.534
 -65.534
 -65.534
 -65.534
 -65.534
 -65.534
 -65.534
 -65.534
 -65.534
 -65.534
 -65.534
 -65.534
 -65.534
 -65.534
 -65.534
 -65.534
 -65.534
 -65.534
 -65.534
 -65.534
   0.404
   0.420
   0.415
   0.407
   0.408
   0.414
   0.412
   0.398
   0.343
   0.000
 -65.534
 -65.534
 -65.534
 -65.534
 -65.534
 -65.534
 -65.534
 -65.534
 -65.534
 -65.534
 -65.534
 -65.534
 -65.534
 -65.534
 -65.534
 -65.534
 -65.534
 -65.534
 -65.534
 -65.534
 -65.534
 -65.534
 -65.534
 -65.534
 -65.534
 -65.534
 -65.534
 -65.534
 -65.534
 -65.534
 -65.534
 -65.534
 -65.534
 -65.534
 -65.534
 -65.534
 -65.534
 -65.534
 -65.534
 -65.534
 -65.534
 -65.534
 -65.534
 -65.534
 -65.534
 -65.534
 -65.534
 -65.534
 -65.534
 -65.534
 -65.534
 -65.534
 -65.534
 -65.534
 -65.534
 -65.534
 -65.534
 -65.534
 -65.534
 -65.534
 -65.534
   0.000
   0.000
   0.000
   0.000
   0.000
   0.000
   0.000
 -65.534
