 -65.534
   0.000
   0.000
   0.000
   0.000
   0.000
   0.000
   0.000
   0.000
   0.000
   0.000
   0.000
   0.000
   0.000
   0.000
   0.000
   0.000
   0.000
   0.000
   0.000
   0.000
   0.000
   0.000
   0.000
   0.000
   0.000
   0.000
   0.000
   0.000
   0.000
   0.000
   0.000
   0.000
   0.000
   0.000
   0.000
   0.000
   0.000
   0.000
   0.000
   0.000
   0.000
   0.000
   0.000
   0.000
   0.000
   0.000
   0.000
   0.000
   0.000
   0.000
   0.000
   0.000
   0.000
   0.000
   0.000
   0.000
   0.000
   0.000
   0.000
   0.000
   0.000
   0.000
   0.000
   0.000
   0.000
   0.000
   0.000
 -65.534
   0.000
   1.303
   1.474
   1.559
   1.651
   1.740
   1.822
   1.904
   1.981
   2.054
   2.126
   2.192
   2.252
   2.307
   2.347
   2.383
   2.404
   2.427
   2.451
   2.480
   2.509
   2.538
   2.562
   2.589
   2.577
   2.540
   2.499
   2.456
   2.406
   2.363
   2.320
   2.274
   2.231
   2.188
   2.133
   2.070
   1.998
   1.929
   1.873
   1.818
   1.779
   1.754
   1.734
   1.704
   1.648
   1.571
   1.486
   1.408
   1.339
   1.290
   1.251
   1.225
   1.217
   1.219
   1.257
   1.303
   1.358
   1.420
   1.482
   1.559
   1.638
   1.716
   1.799
   1.878
   1.945
   2.005
   2.064
   2.066
   0.000
   0.000
   1.437
   1.589
   1.654
   1.741
   1.822
   1.906
   1.992
   2.067
   2.144
   2.216
   2.287
   2.351
   2.406
   2.445
   2.477
   2.502
   2.527
   2.548
   2.570
   2.591
   2.608
   2.620
   2.628
   2.608
   2.576
   2.542
   2.507
   2.472
   2.443
   2.416
   2.385
   2.353
   2.317
   2.269
   2.205
   2.126
   2.046
   1.966
   1.902
   1.853
   1.828
   1.806
   1.780
   1.727
   1.649
   1.579
   1.515
   1.474
   1.442
   1.416
   1.403
   1.403
   1.412
   1.434
   1.466
   1.519
   1.583
   1.662
   1.752
   1.853
   1.958
   2.067
   2.178
   2.285
   2.380
   2.463
   2.480
   0.000
   0.000
   1.447
   1.583
   1.638
   1.710
   1.784
   1.864
   1.944
   2.019
   2.092
   2.161
   2.227
   2.289
   2.338
   2.373
   2.400
   2.422
   2.440
   2.459
   2.481
   2.503
   2.520
   2.532
   2.531
   2.518
   2.491
   2.463
   2.436
   2.409
   2.388
   2.372
   2.355
   2.341
   2.317
   2.276
   2.219
   2.145
   2.059
   1.974
   1.902
   1.850
   1.815
   1.788
   1.759
   1.710
   1.642
   1.580
   1.535
   1.507
   1.490
   1.479
   1.473
   1.475
   1.484
   1.504
   1.533
   1.571
   1.623
   1.691
   1.780
   1.885
   2.000
   2.125
   2.261
   2.393
   2.514
   2.616
   2.649
   0.000
   0.000
   1.455
   1.575
   1.617
   1.677
   1.741
   1.811
   1.882
   1.951
   2.020
   2.084
   2.144
   2.199
   2.246
   2.277
   2.298
   2.310
   2.325
   2.343
   2.362
   2.385
   2.409
   2.425
   2.428
   2.418
   2.400
   2.386
   2.369
   2.353
   2.342
   2.331
   2.320
   2.310
   2.294
   2.265
   2.216
   2.149
   2.069
   1.982
   1.912
   1.857
   1.814
   1.780
   1.750
   1.707
   1.657
   1.613
   1.580
   1.562
   1.553
   1.547
   1.548
   1.550
   1.557
   1.571
   1.592
   1.614
   1.644
   1.691
   1.765
   1.864
   1.982
   2.122
   2.272
   2.430
   2.576
   2.699
   2.748
   0.000
   0.000
   1.453
   1.563
   1.599
   1.650
   1.703
   1.763
   1.824
   1.889
   1.951
   2.008
   2.058
   2.101
   2.136
   2.158
   2.169
   2.176
   2.185
   2.199
   2.219
   2.245
   2.273
   2.297
   2.309
   2.309
   2.305
   2.306
   2.306
   2.303
   2.299
   2.289
   2.279
   2.267
   2.253
   2.227
   2.187
   2.128
   2.053
   1.973
   1.904
   1.851
   1.807
   1.772
   1.740
   1.704
   1.668
   1.633
   1.616
   1.610
   1.607
   1.606
   1.613
   1.618
   1.623
   1.630
   1.637
   1.642
   1.653
   1.673
   1.726
   1.814
   1.935
   2.084
   2.252
   2.424
   2.586
   2.723
   2.789
   0.000
   0.000
   1.439
   1.545
   1.582
   1.626
   1.671
   1.721
   1.777
   1.836
   1.890
   1.936
   1.977
   2.009
   2.032
   2.039
   2.039
   2.041
   2.042
   2.054
   2.073
   2.098
   2.131
   2.159
   2.184
   2.200
   2.218
   2.233
   2.247
   2.255
   2.256
   2.247
   2.234
   2.217
   2.198
   2.175
   2.139
   2.089
   2.025
   1.955
   1.893
   1.841
   1.802
   1.769
   1.735
   1.700
   1.664
   1.636
   1.625
   1.632
   1.639
   1.647
   1.658
   1.665
   1.671
   1.674
   1.673
   1.668
   1.660
   1.658
   1.688
   1.765
   1.880
   2.027
   2.196
   2.380
   2.555
   2.705
   2.786
   0.000
   0.000
   1.415
   1.521
   1.562
   1.606
   1.645
   1.689
   1.737
   1.787
   1.834
   1.876
   1.906
   1.929
   1.940
   1.941
   1.933
   1.926
   1.925
   1.933
   1.948
   1.972
   2.002
   2.039
   2.073
   2.103
   2.135
   2.166
   2.190
   2.202
   2.208
   2.202
   2.185
   2.162
   2.138
   2.110
   2.078
   2.037
   1.989
   1.935
   1.881
   1.836
   1.802
   1.769
   1.737
   1.699
   1.653
   1.620
   1.610
   1.615
   1.636
   1.658
   1.678
   1.693
   1.698
   1.700
   1.693
   1.681
   1.662
   1.650
   1.668
   1.723
   1.827
   1.967
   2.140
   2.327
   2.505
   2.660
   2.760
   0.000
   0.000
   1.368
   1.484
   1.529
   1.578
   1.617
   1.657
   1.696
   1.738
   1.782
   1.819
   1.846
   1.861
   1.868
   1.862
   1.850
   1.840
   1.838
   1.841
   1.852
   1.872
   1.902
   1.938
   1.975
   2.019
   2.057
   2.093
   2.125
   2.146
   2.153
   2.149
   2.130
   2.107
   2.079
   2.048
   2.015
   1.981
   1.945
   1.904
   1.871
   1.838
   1.806
   1.775
   1.745
   1.703
   1.654
   1.612
   1.596
   1.598
   1.616
   1.641
   1.668
   1.692
   1.706
   1.707
   1.699
   1.681
   1.657
   1.634
   1.650
   1.698
   1.788
   1.920
   2.089
   2.279
   2.458
   2.620
   2.727
   0.000
   0.000
   1.298
   1.419
   1.475
   1.532
   1.575
   1.613
   1.651
   1.692
   1.729
   1.763
   1.787
   1.801
   1.803
   1.797
   1.784
   1.775
   1.771
   1.772
   1.782
   1.801
   1.828
   1.864
   1.902
   1.942
   1.983
   2.024
   2.062
   2.087
   2.098
   2.095
   2.079
   2.054
   2.027
   1.994
   1.966
   1.938
   1.907
   1.877
   1.856
   1.836
   1.811
   1.787
   1.759
   1.724
   1.677
   1.629
   1.602
   1.598
   1.604
   1.613
   1.645
   1.674
   1.690
   1.692
   1.682
   1.664
   1.637
   1.619
   1.633
   1.686
   1.770
   1.898
   2.066
   2.251
   2.433
   2.599
   2.718
   0.000
   0.000
   1.224
   1.340
   1.404
   1.468
   1.520
   1.559
   1.598
   1.636
   1.675
   1.707
   1.730
   1.746
   1.750
   1.746
   1.737
   1.727
   1.725
   1.727
   1.736
   1.753
   1.781
   1.813
   1.848
   1.888
   1.926
   1.967
   2.003
   2.034
   2.048
   2.049
   2.039
   2.017
   1.992
   1.967
   1.941
   1.914
   1.887
   1.862
   1.846
   1.831
   1.816
   1.795
   1.770
   1.742
   1.705
   1.662
   1.626
   1.612
   1.600
   1.594
   1.624
   1.644
   1.653
   1.647
   1.643
   1.630
   1.606
   1.597
   1.621
   1.682
   1.775
   1.903
   2.070
   2.253
   2.436
   2.607
   2.731
   0.000
   0.000
   1.166
   1.274
   1.329
   1.390
   1.442
   1.492
   1.534
   1.570
   1.609
   1.645
   1.673
   1.693
   1.702
   1.704
   1.700
   1.697
   1.693
   1.695
   1.703
   1.720
   1.744
   1.774
   1.807
   1.847
   1.883
   1.921
   1.962
   1.991
   2.013
   2.019
   2.015
   2.002
   1.984
   1.963
   1.943
   1.917
   1.890
   1.862
   1.845
   1.832
   1.820
   1.803
   1.777
   1.749
   1.723
   1.686
   1.657
   1.631
   1.610
   1.592
   1.605
   1.611
   1.613
   1.603
   1.588
   1.576
   1.570
   1.578
   1.619
   1.699
   1.801
   1.935
   2.099
   2.281
   2.469
   2.639
   2.762
   0.000
   0.000
   1.087
   1.217
   1.260
   1.311
   1.361
   1.413
   1.459
   1.497
   1.536
   1.574
   1.604
   1.631
   1.651
   1.660
   1.665
   1.665
   1.666
   1.670
   1.678
   1.695
   1.717
   1.744
   1.776
   1.813
   1.853
   1.894
   1.933
   1.967
   1.992
   2.005
   2.011
   2.008
   1.995
   1.981
   1.964
   1.938
   1.906
   1.874
   1.854
   1.840
   1.827
   1.813
   1.787
   1.758
   1.732
   1.705
   1.676
   1.652
   1.625
   1.605
   1.605
   1.602
   1.587
   1.564
   1.542
   1.526
   1.537
   1.568
   1.631
   1.729
   1.847
   1.985
   2.148
   2.332
   2.520
   2.684
   2.790
   0.000
 -65.534
 -65.534
   1.093
   1.194
   1.224
   1.270
   1.317
   1.366
   1.412
   1.453
   1.493
   1.524
   1.552
   1.580
   1.598
   1.612
   1.619
   1.628
   1.637
   1.649
   1.668
   1.690
   1.717
   1.749
   1.790
   1.834
   1.876
   1.918
   1.954
   1.984
   2.006
   2.019
   2.021
   2.015
   2.002
   1.985
   1.958
   1.926
   1.892
   1.868
   1.853
   1.840
   1.828
   1.800
   1.772
   1.744
   1.714
   1.689
   1.663
   1.639
   1.617
   1.598
   1.585
   1.558
   1.528
   1.506
   1.494
   1.516
   1.570
   1.660
   1.775
   1.905
   2.064
   2.228
   2.408
   2.585
   2.742
   2.829
   0.000
 -65.534
 -65.534
 -65.534
   1.048
   1.133
   1.175
   1.224
   1.271
   1.312
   1.353
   1.392
   1.428
   1.459
   1.483
   1.508
   1.532
   1.547
   1.565
   1.582
   1.605
   1.628
   1.654
   1.687
   1.726
   1.771
   1.820
   1.867
   1.910
   1.949
   1.980
   2.006
   2.024
   2.032
   2.027
   2.016
   2.000
   1.977
   1.941
   1.909
   1.882
   1.866
   1.860
   1.841
   1.810
   1.781
   1.747
   1.713
   1.689
   1.669
   1.644
   1.621
   1.598
   1.577
   1.539
   1.502
   1.488
   1.495
   1.525
   1.596
   1.700
   1.835
   1.982
   2.135
   2.302
   2.474
   2.638
   2.791
   2.865
   0.000
 -65.534
 -65.534
 -65.534
 -65.534
   1.001
   1.079
   1.127
   1.166
   1.203
   1.242
   1.281
   1.313
   1.347
   1.376
   1.405
   1.428
   1.452
   1.474
   1.499
   1.527
   1.557
   1.595
   1.637
   1.688
   1.739
   1.796
   1.847
   1.893
   1.932
   1.963
   1.988
   2.007
   2.016
   2.018
   2.011
   1.998
   1.979
   1.952
   1.923
   1.899
   1.884
   1.874
   1.854
   1.820
   1.785
   1.752
   1.713
   1.683
   1.664
   1.642
   1.626
   1.605
   1.578
   1.548
   1.521
   1.514
   1.539
   1.590
   1.669
   1.786
   1.919
   2.063
   2.210
   2.365
   2.519
   2.677
   2.819
   2.880
   0.000
 -65.534
 -65.534
 -65.534
 -65.534
   0.903
   0.980
   1.024
   1.055
   1.087
   1.124
   1.162
   1.199
   1.233
   1.266
   1.295
   1.320
   1.347
   1.369
   1.395
   1.423
   1.460
   1.505
   1.556
   1.611
   1.671
   1.733
   1.793
   1.842
   1.883
   1.918
   1.944
   1.961
   1.971
   1.976
   1.979
   1.974
   1.963
   1.944
   1.919
   1.895
   1.883
   1.873
   1.852
   1.818
   1.775
   1.742
   1.705
   1.676
   1.656
   1.643
   1.625
   1.615
   1.605
   1.589
   1.588
   1.605
   1.649
   1.715
   1.800
   1.907
   2.028
   2.150
   2.277
   2.409
   2.544
   2.686
   2.818
   2.863
   0.000
 -65.534
 -65.534
 -65.534
 -65.534
   0.825
   0.890
   0.928
   0.953
   0.976
   1.014
   1.053
   1.091
   1.126
   1.161
   1.192
   1.221
   1.241
   1.264
   1.290
   1.318
   1.350
   1.394
   1.445
   1.503
   1.564
   1.626
   1.690
   1.747
   1.794
   1.832
   1.861
   1.880
   1.894
   1.903
   1.911
   1.915
   1.915
   1.907
   1.886
   1.861
   1.840
   1.822
   1.814
   1.784
   1.746
   1.711
   1.676
   1.648
   1.635
   1.627
   1.620
   1.627
   1.642
   1.656
   1.688
   1.734
   1.796
   1.873
   1.966
   2.060
   2.153
   2.247
   2.341
   2.439
   2.547
   2.671
   2.790
   2.823
   0.000
 -65.534
 -65.534
 -65.534
 -65.534
   0.750
   0.798
   0.833
   0.858
   0.887
   0.914
   0.953
   0.992
   1.029
   1.065
   1.095
   1.121
   1.146
   1.173
   1.197
   1.220
   1.248
   1.282
   1.323
   1.378
   1.437
   1.498
   1.561
   1.618
   1.672
   1.715
   1.749
   1.770
   1.788
   1.800
   1.813
   1.827
   1.837
   1.836
   1.827
   1.804
   1.778
   1.754
   1.739
   1.713
   1.687
   1.666
   1.641
   1.613
   1.604
   1.599
   1.608
   1.633
   1.677
   1.727
   1.782
   1.854
   1.942
   2.038
   2.136
   2.224
   2.298
   2.360
   2.412
   2.469
   2.549
   2.653
   2.765
   2.779
   0.000
 -65.534
 -65.534
 -65.534
 -65.534
 -65.534
 -65.534
 -65.534
 -65.534
   0.779
   0.829
   0.864
   0.900
   0.935
   0.972
   1.002
   1.028
   1.058
   1.089
   1.120
   1.146
   1.164
   1.186
   1.213
   1.256
   1.313
   1.374
   1.432
   1.485
   1.537
   1.584
   1.620
   1.647
   1.667
   1.684
   1.700
   1.716
   1.733
   1.743
   1.740
   1.729
   1.710
   1.691
   1.669
   1.649
   1.638
   1.618
   1.591
   1.574
   1.575
   1.583
   1.606
   1.648
   1.710
   1.782
   1.868
   1.966
   2.071
   2.180
   2.290
   2.381
   2.444
   2.481
   2.497
   2.520
   2.571
   2.654
   2.757
   2.757
   0.000
 -65.534
 -65.534
 -65.534
 -65.534
 -65.534
 -65.534
   0.560
   0.607
   0.716
   0.764
   0.793
   0.823
   0.858
   0.892
   0.923
   0.954
   0.991
   1.030
   1.064
   1.087
   1.102
   1.109
   1.130
   1.161
   1.195
   1.254
   1.313
   1.368
   1.419
   1.466
   1.503
   1.529
   1.550
   1.567
   1.583
   1.601
   1.620
   1.633
   1.642
   1.643
   1.634
   1.623
   1.612
   1.599
   1.592
   1.572
   1.556
   1.553
   1.556
   1.566
   1.601
   1.657
   1.736
   1.836
   1.946
   2.065
   2.185
   2.307
   2.426
   2.514
   2.566
   2.581
   2.576
   2.573
   2.611
   2.679
   2.769
   2.747
   0.000
 -65.534
 -65.534
 -65.534
 -65.534
 -65.534
 -65.534
 -65.534
 -65.534
 -65.534
   0.705
   0.732
   0.756
   0.784
   0.813
   0.849
   0.899
   0.945
   0.993
   1.034
   1.053
   1.057
   1.057
   1.068
   1.097
   1.138
   1.181
   1.221
   1.271
   1.318
   1.357
   1.391
   1.421
   1.447
   1.467
   1.480
   1.494
   1.512
   1.524
   1.538
   1.547
   1.556
   1.557
   1.558
   1.552
   1.550
   1.542
   1.537
   1.539
   1.548
   1.577
   1.626
   1.699
   1.795
   1.907
   2.031
   2.163
   2.298
   2.427
   2.544
   2.624
   2.661
   2.660
   2.643
   2.634
   2.654
   2.708
   2.785
   2.723
   0.000
 -65.534
 -65.534
 -65.534
 -65.534
 -65.534
 -65.534
 -65.534
 -65.534
 -65.534
 -65.534
 -65.534
 -65.534
 -65.534
 -65.534
 -65.534
   0.807
   0.889
   0.941
   0.991
   1.033
   1.038
   1.042
   1.051
   1.074
   1.107
   1.145
   1.183
   1.212
   1.247
   1.274
   1.302
   1.327
   1.346
   1.363
   1.379
   1.391
   1.408
   1.423
   1.458
   1.477
   1.490
   1.498
   1.502
   1.508
   1.516
   1.522
   1.530
   1.545
   1.567
   1.600
   1.655
   1.733
   1.838
   1.962
   2.102
   2.250
   2.394
   2.528
   2.634
   2.696
   2.714
   2.703
   2.684
   2.670
   2.671
   2.709
   2.769
   2.675
   0.000
 -65.534
 -65.534
 -65.534
 -65.534
 -65.534
 -65.534
 -65.534
 -65.534
 -65.534
 -65.534
 -65.534
 -65.534
 -65.534
 -65.534
 -65.534
 -65.534
 -65.534
 -65.534
 -65.534
   0.988
   1.043
   1.062
   1.079
   1.104
   1.128
   1.153
   1.178
   1.199
   1.214
   1.222
   1.236
   1.248
   1.263
   1.276
   1.292
   1.310
   1.327
   1.346
   1.375
   1.405
   1.427
   1.444
   1.458
   1.472
   1.488
   1.505
   1.526
   1.556
   1.594
   1.635
   1.691
   1.772
   1.879
   2.008
   2.152
   2.301
   2.446
   2.577
   2.671
   2.714
   2.717
   2.702
   2.671
   2.648
   2.641
   2.667
   2.709
   2.587
   0.000
 -65.534
 -65.534
 -65.534
 -65.534
 -65.534
 -65.534
 -65.534
 -65.534
 -65.534
 -65.534
 -65.534
 -65.534
 -65.534
 -65.534
 -65.534
 -65.534
 -65.534
 -65.534
   0.923
   1.058
   1.093
   1.120
   1.144
   1.170
   1.191
   1.207
   1.216
   1.222
   1.220
   1.216
   1.207
   1.206
   1.212
   1.219
   1.232
   1.253
   1.277
   1.300
   1.325
   1.353
   1.388
   1.417
   1.440
   1.459
   1.476
   1.494
   1.521
   1.558
   1.608
   1.668
   1.738
   1.823
   1.927
   2.050
   2.176
   2.307
   2.442
   2.561
   2.639
   2.675
   2.676
   2.659
   2.621
   2.584
   2.568
   2.580
   2.607
   2.455
   0.000
 -65.534
 -65.534
 -65.534
 -65.534
 -65.534
 -65.534
 -65.534
 -65.534
 -65.534
 -65.534
 -65.534
 -65.534
 -65.534
 -65.534
 -65.534
 -65.534
 -65.534
   0.973
   1.106
   1.142
   1.174
   1.203
   1.237
   1.266
   1.284
   1.290
   1.287
   1.278
   1.265
   1.249
   1.229
   1.209
   1.202
   1.201
   1.208
   1.227
   1.246
   1.270
   1.301
   1.332
   1.373
   1.415
   1.453
   1.481
   1.500
   1.518
   1.541
   1.581
   1.638
   1.702
   1.778
   1.861
   1.952
   2.059
   2.169
   2.291
   2.407
   2.501
   2.566
   2.596
   2.597
   2.580
   2.546
   2.509
   2.481
   2.469
   2.474
   2.291
   0.000
 -65.534
 -65.534
 -65.534
 -65.534
 -65.534
 -65.534
 -65.534
 -65.534
 -65.534
 -65.534
 -65.534
 -65.534
 -65.534
 -65.534
 -65.534
 -65.534
 -65.534
   1.140
   1.196
   1.222
   1.257
   1.287
   1.329
   1.363
   1.378
   1.380
   1.370
   1.353
   1.330
   1.307
   1.279
   1.247
   1.229
   1.217
   1.212
   1.222
   1.238
   1.258
   1.287
   1.326
   1.372
   1.422
   1.473
   1.514
   1.542
   1.563
   1.587
   1.623
   1.676
   1.743
   1.813
   1.878
   1.949
   2.033
   2.117
   2.211
   2.310
   2.392
   2.441
   2.472
   2.488
   2.491
   2.465
   2.422
   2.377
   2.346
   2.330
   2.118
   0.000
 -65.534
 -65.534
 -65.534
 -65.534
 -65.534
 -65.534
 -65.534
 -65.534
 -65.534
 -65.534
 -65.534
 -65.534
 -65.534
 -65.534
 -65.534
 -65.534
 -65.534
   1.191
   1.244
   1.272
   1.308
   1.350
   1.399
   1.436
   1.451
   1.449
   1.435
   1.412
   1.385
   1.359
   1.334
   1.292
   1.270
   1.250
   1.238
   1.237
   1.246
   1.265
   1.291
   1.328
   1.377
   1.433
   1.491
   1.540
   1.579
   1.605
   1.633
   1.671
   1.717
   1.777
   1.838
   1.892
   1.952
   2.012
   2.067
   2.126
   2.195
   2.256
   2.308
   2.342
   2.366
   2.378
   2.366
   2.330
   2.286
   2.248
   2.183
   1.946
   0.000
 -65.534
 -65.534
 -65.534
 -65.534
 -65.534
 -65.534
 -65.534
 -65.534
 -65.534
 -65.534
 -65.534
 -65.534
 -65.534
 -65.534
 -65.534
 -65.534
 -65.534
   1.211
   1.258
   1.295
   1.335
   1.385
   1.438
   1.479
   1.489
   1.483
   1.467
   1.448
   1.423
   1.401
   1.377
   1.337
   1.312
   1.293
   1.280
   1.277
   1.281
   1.298
   1.324
   1.357
   1.402
   1.458
   1.515
   1.565
   1.603
   1.637
   1.668
   1.702
   1.742
   1.790
   1.837
   1.883
   1.929
   1.964
   1.993
   2.024
   2.061
   2.112
   2.157
   2.200
   2.232
   2.252
   2.248
   2.220
   2.172
   2.116
   2.037
   1.780
   0.000
 -65.534
 -65.534
 -65.534
 -65.534
 -65.534
 -65.534
 -65.534
 -65.534
 -65.534
 -65.534
 -65.534
 -65.534
 -65.534
 -65.534
 -65.534
 -65.534
 -65.534
 -65.534
   1.237
   1.291
   1.345
   1.399
   1.450
   1.484
   1.491
   1.483
   1.470
   1.452
   1.434
   1.422
   1.409
   1.375
   1.358
   1.342
   1.334
   1.330
   1.333
   1.347
   1.372
   1.408
   1.453
   1.500
   1.549
   1.591
   1.627
   1.660
   1.690
   1.719
   1.755
   1.789
   1.827
   1.858
   1.888
   1.904
   1.915
   1.922
   1.947
   1.981
   2.016
   2.059
   2.092
   2.117
   2.119
   2.094
   2.045
   1.978
   1.881
   1.612
   0.000
 -65.534
 -65.534
 -65.534
 -65.534
 -65.534
 -65.534
 -65.534
 -65.534
 -65.534
 -65.534
 -65.534
 -65.534
 -65.534
 -65.534
 -65.534
 -65.534
 -65.534
 -65.534
 -65.534
   1.259
   1.329
   1.385
   1.429
   1.452
   1.456
   1.449
   1.438
   1.425
   1.417
   1.415
   1.407
   1.394
   1.386
   1.379
   1.388
   1.410
   1.437
   1.459
   1.482
   1.512
   1.516
   1.539
   1.570
   1.604
   1.637
   1.671
   1.699
   1.723
   1.750
   1.777
   1.811
   1.830
   1.849
   1.860
   1.860
   1.862
   1.869
   1.886
   1.914
   1.947
   1.974
   1.986
   1.984
   1.954
   1.902
   1.827
   1.715
   1.433
   0.000
 -65.534
 -65.534
 -65.534
 -65.534
 -65.534
 -65.534
 -65.534
 -65.534
 -65.534
 -65.534
 -65.534
 -65.534
 -65.534
 -65.534
 -65.534
 -65.534
 -65.534
 -65.534
 -65.534
 -65.534
   1.296
   1.363
   1.405
   1.422
   1.418
   1.408
   1.398
   1.386
   1.375
   1.369
   1.350
   1.336
   1.300
   1.244
   1.159
   0.958
 -65.534
 -65.534
 -65.534
 -65.534
   1.497
   1.553
   1.571
   1.600
   1.640
   1.678
   1.708
   1.736
   1.755
   1.773
   1.789
   1.799
   1.807
   1.809
   1.800
   1.796
   1.797
   1.808
   1.820
   1.841
   1.855
   1.856
   1.840
   1.799
   1.737
   1.655
   1.535
   1.254
   0.000
 -65.534
 -65.534
 -65.534
 -65.534
 -65.534
 -65.534
 -65.534
 -65.534
 -65.534
 -65.534
 -65.534
 -65.534
 -65.534
 -65.534
 -65.534
 -65.534
 -65.534
 -65.534
 -65.534
 -65.534
 -65.534
 -65.534
 -65.534
 -65.534
   1.320
   1.344
   1.346
   1.336
   1.327
   1.314
   1.287
   1.253
   1.191
   1.107
   0.988
   0.795
 -65.534
 -65.534
 -65.534
 -65.534
 -65.534
 -65.534
   1.553
   1.591
   1.640
   1.688
   1.719
   1.741
   1.758
   1.763
   1.762
   1.763
   1.758
   1.744
   1.732
   1.718
   1.707
   1.705
   1.710
   1.718
   1.720
   1.708
   1.677
   1.627
   1.554
   1.460
   1.330
   1.062
   0.000
 -65.534
 -65.534
 -65.534
 -65.534
 -65.534
 -65.534
 -65.534
 -65.534
 -65.534
 -65.534
 -65.534
 -65.534
 -65.534
 -65.534
 -65.534
 -65.534
 -65.534
 -65.534
 -65.534
 -65.534
 -65.534
 -65.534
 -65.534
 -65.534
   1.247
   1.277
   1.281
   1.280
   1.279
   1.251
   1.212
   1.168
   1.106
   1.035
   0.955
   0.832
 -65.534
 -65.534
 -65.534
 -65.534
 -65.534
 -65.534
 -65.534
   1.569
   1.648
   1.702
   1.729
   1.748
   1.759
   1.755
   1.748
   1.737
   1.717
   1.692
   1.669
   1.641
   1.622
   1.609
   1.601
   1.592
   1.571
   1.538
   1.488
   1.421
   1.336
   1.236
   1.107
   0.855
   0.000
 -65.534
 -65.534
 -65.534
 -65.534
 -65.534
 -65.534
 -65.534
 -65.534
 -65.534
 -65.534
 -65.534
 -65.534
 -65.534
 -65.534
 -65.534
 -65.534
 -65.534
 -65.534
 -65.534
 -65.534
 -65.534
 -65.534
 -65.534
 -65.534
 -65.534
 -65.534
 -65.534
 -65.534
 -65.534
   1.116
   1.107
   1.087
   1.059
   1.028
   0.985
   0.897
   0.548
 -65.534
 -65.534
 -65.534
 -65.534
 -65.534
 -65.534
   1.316
   1.211
 -65.534
   1.605
   1.697
   1.723
   1.735
   1.727
   1.711
   1.679
   1.650
   1.618
   1.584
   1.552
   1.524
   1.495
   1.466
   1.425
   1.369
   1.292
   1.201
   1.101
   0.988
   0.854
   0.620
   0.000
 -65.534
 -65.534
 -65.534
 -65.534
 -65.534
 -65.534
 -65.534
 -65.534
 -65.534
 -65.534
 -65.534
 -65.534
 -65.534
 -65.534
 -65.534
 -65.534
 -65.534
 -65.534
 -65.534
 -65.534
 -65.534
 -65.534
 -65.534
 -65.534
 -65.534
 -65.534
 -65.534
 -65.534
 -65.534
 -65.534
 -65.534
 -65.534
   0.965
   1.016
   1.009
   0.934
   0.717
   0.499
 -65.534
 -65.534
 -65.534
 -65.534
 -65.534
 -65.534
 -65.534
 -65.534
 -65.534
 -65.534
 -65.534
   1.561
   1.651
   1.656
   1.662
   1.632
   1.587
   1.528
   1.477
   1.431
   1.384
   1.332
   1.272
   1.191
   1.094
   0.986
   0.870
   0.746
   0.610
   0.391
   0.000
 -65.534
 -65.534
 -65.534
 -65.534
 -65.534
 -65.534
 -65.534
 -65.534
 -65.534
 -65.534
 -65.534
 -65.534
 -65.534
 -65.534
 -65.534
 -65.534
 -65.534
 -65.534
 -65.534
 -65.534
 -65.534
 -65.534
 -65.534
 -65.534
 -65.534
 -65.534
 -65.534
 -65.534
 -65.534
 -65.534
 -65.534
 -65.534
   0.915
   0.988
   0.994
   0.928
   0.775
   0.621
   0.478
   0.385
 -65.534
 -65.534
 -65.534
 -65.534
 -65.534
 -65.534
 -65.534
 -65.534
 -65.534
 -65.534
 -65.534
 -65.534
   1.456
   1.528
   1.502
   1.449
   1.387
   1.322
   1.258
   1.188
   1.107
   1.012
   0.904
   0.782
   0.658
   0.536
   0.403
   0.203
   0.000
 -65.534
 -65.534
 -65.534
 -65.534
 -65.534
 -65.534
 -65.534
 -65.534
 -65.534
 -65.534
 -65.534
 -65.534
 -65.534
 -65.534
 -65.534
 -65.534
 -65.534
 -65.534
 -65.534
 -65.534
 -65.534
 -65.534
 -65.534
 -65.534
 -65.534
 -65.534
 -65.534
 -65.534
 -65.534
 -65.534
 -65.534
 -65.534
 -65.534
 -65.534
 -65.534
 -65.534
   0.629
   0.603
   0.539
   0.471
   0.388
   0.339
   0.311
   0.235
   0.176
 -65.534
 -65.534
 -65.534
 -65.534
 -65.534
 -65.534
 -65.534
 -65.534
 -65.534
 -65.534
   1.213
   1.254
   1.211
   1.140
   1.047
   0.950
   0.846
   0.729
   0.603
   0.477
   0.353
   0.223
   0.046
   0.000
 -65.534
 -65.534
 -65.534
 -65.534
 -65.534
 -65.534
 -65.534
 -65.534
 -65.534
 -65.534
 -65.534
 -65.534
 -65.534
 -65.534
 -65.534
 -65.534
 -65.534
 -65.534
 -65.534
 -65.534
 -65.534
 -65.534
 -65.534
 -65.534
 -65.534
 -65.534
 -65.534
 -65.534
 -65.534
 -65.534
 -65.534
 -65.534
 -65.534
 -65.534
 -65.534
 -65.534
 -65.534
 -65.534
 -65.534
 -65.534
   0.350
 -65.534
 -65.534
 -65.534
 -65.534
 -65.534
 -65.534
 -65.534
 -65.534
 -65.534
 -65.534
 -65.534
 -65.534
 -65.534
 -65.534
   0.984
   1.075
   1.073
   1.021
   0.934
   0.826
   0.698
   0.573
   0.449
   0.325
   0.209
   0.086
  -0.083
   0.000
 -65.534
 -65.534
 -65.534
 -65.534
 -65.534
 -65.534
 -65.534
 -65.534
 -65.534
 -65.534
 -65.534
 -65.534
 -65.534
 -65.534
 -65.534
 -65.534
 -65.534
 -65.534
 -65.534
 -65.534
 -65.534
 -65.534
 -65.534
 -65.534
 -65.534
 -65.534
 -65.534
 -65.534
 -65.534
 -65.534
 -65.534
 -65.534
 -65.534
 -65.534
 -65.534
 -65.534
 -65.534
 -65.534
 -65.534
 -65.534
 -65.534
 -65.534
 -65.534
 -65.534
 -65.534
 -65.534
 -65.534
 -65.534
 -65.534
 -65.534
 -65.534
 -65.534
 -65.534
 -65.534
 -65.534
 -65.534
 -65.534
 -65.534
 -65.534
   0.766
   0.686
   0.575
   0.450
   0.338
   0.234
   0.130
   0.029
  -0.124
   0.000
 -65.534
 -65.534
 -65.534
 -65.534
 -65.534
 -65.534
 -65.534
 -65.534
 -65.534
 -65.534
 -65.534
 -65.534
 -65.534
 -65.534
 -65.534
 -65.534
 -65.534
 -65.534
 -65.534
 -65.534
 -65.534
 -65.534
 -65.534
 -65.534
 -65.534
 -65.534
 -65.534
 -65.534
 -65.534
 -65.534
 -65.534
 -65.534
 -65.534
 -65.534
 -65.534
 -65.534
 -65.534
 -65.534
 -65.534
 -65.534
 -65.534
 -65.534
 -65.534
 -65.534
 -65.534
 -65.534
 -65.534
 -65.534
 -65.534
 -65.534
 -65.534
 -65.534
 -65.534
 -65.534
 -65.534
 -65.534
 -65.534
 -65.534
 -65.534
 -65.534
 -65.534
   0.000
   0.000
   0.000
   0.000
   0.000
   0.000
   0.000
 -65.534
