 -65.534
   0.000
   0.000
   0.000
   0.000
   0.000
   0.000
   0.000
   0.000
   0.000
   0.000
   0.000
   0.000
   0.000
   0.000
   0.000
   0.000
   0.000
   0.000
   0.000
   0.000
   0.000
   0.000
   0.000
   0.000
   0.000
   0.000
   0.000
   0.000
   0.000
   0.000
   0.000
   0.000
   0.000
   0.000
   0.000
   0.000
   0.000
   0.000
   0.000
   0.000
   0.000
   0.000
   0.000
   0.000
   0.000
   0.000
   0.000
   0.000
   0.000
   0.000
   0.000
   0.000
   0.000
   0.000
   0.000
   0.000
   0.000
   0.000
   0.000
   0.000
   0.000
   0.000
   0.000
   0.000
   0.000
   0.000
   0.000
 -65.534
   0.000
   1.369
   1.543
   1.628
   1.704
   1.772
   1.834
   1.886
   1.931
   1.971
   2.008
   2.039
   2.061
   2.080
   2.085
   2.089
   2.085
   2.081
   2.080
   2.083
   2.087
   2.096
   2.118
   2.145
   2.197
   2.255
   2.311
   2.358
   2.388
   2.407
   2.413
   2.413
   2.403
   2.379
   2.345
   2.291
   2.232
   2.152
   2.049
   1.933
   1.801
   1.665
   1.522
   1.389
   1.315
   1.321
   1.344
   1.368
   1.394
   1.420
   1.447
   1.476
   1.504
   1.536
   1.566
   1.585
   1.601
   1.612
   1.618
   1.617
   1.618
   1.611
   1.610
   1.604
   1.594
   1.581
   1.576
   1.529
   0.000
   0.000
   1.404
   1.579
   1.665
   1.744
   1.812
   1.876
   1.932
   1.978
   2.022
   2.063
   2.093
   2.120
   2.143
   2.157
   2.168
   2.181
   2.195
   2.215
   2.239
   2.269
   2.302
   2.347
   2.397
   2.459
   2.521
   2.578
   2.623
   2.652
   2.672
   2.683
   2.684
   2.677
   2.659
   2.625
   2.574
   2.509
   2.427
   2.320
   2.200
   2.077
   1.948
   1.813
   1.695
   1.642
   1.649
   1.669
   1.688
   1.711
   1.737
   1.765
   1.793
   1.820
   1.849
   1.871
   1.889
   1.900
   1.911
   1.912
   1.904
   1.897
   1.892
   1.887
   1.878
   1.862
   1.847
   1.837
   1.781
   0.000
   0.000
   1.333
   1.502
   1.587
   1.672
   1.746
   1.813
   1.875
   1.927
   1.974
   2.016
   2.049
   2.081
   2.107
   2.130
   2.153
   2.176
   2.205
   2.243
   2.285
   2.334
   2.388
   2.452
   2.525
   2.590
   2.651
   2.702
   2.739
   2.763
   2.783
   2.800
   2.807
   2.810
   2.805
   2.777
   2.730
   2.666
   2.576
   2.467
   2.345
   2.218
   2.087
   1.962
   1.866
   1.833
   1.849
   1.869
   1.885
   1.903
   1.921
   1.937
   1.954
   1.974
   1.996
   2.013
   2.023
   2.031
   2.031
   2.028
   2.016
   2.007
   2.001
   1.995
   1.983
   1.970
   1.955
   1.942
   1.879
   0.000
   0.000
   1.239
   1.397
   1.481
   1.571
   1.650
   1.724
   1.790
   1.845
   1.899
   1.945
   1.987
   2.025
   2.059
   2.093
   2.125
   2.157
   2.198
   2.247
   2.307
   2.369
   2.439
   2.522
   2.605
   2.675
   2.732
   2.779
   2.811
   2.830
   2.852
   2.875
   2.894
   2.909
   2.919
   2.910
   2.875
   2.815
   2.727
   2.609
   2.485
   2.354
   2.222
   2.099
   2.012
   1.979
   1.997
   2.022
   2.039
   2.052
   2.059
   2.064
   2.070
   2.080
   2.090
   2.098
   2.098
   2.098
   2.091
   2.079
   2.066
   2.058
   2.056
   2.051
   2.048
   2.039
   2.026
   2.014
   1.948
   0.000
   0.000
   1.132
   1.275
   1.359
   1.447
   1.533
   1.614
   1.684
   1.746
   1.805
   1.859
   1.906
   1.952
   1.995
   2.035
   2.075
   2.115
   2.165
   2.224
   2.293
   2.368
   2.450
   2.542
   2.626
   2.701
   2.763
   2.808
   2.836
   2.850
   2.874
   2.907
   2.940
   2.975
   3.009
   3.020
   2.999
   2.946
   2.863
   2.747
   2.618
   2.485
   2.351
   2.230
   2.142
   2.098
   2.100
   2.122
   2.141
   2.150
   2.149
   2.144
   2.141
   2.138
   2.139
   2.135
   2.130
   2.120
   2.109
   2.094
   2.085
   2.080
   2.079
   2.081
   2.081
   2.078
   2.069
   2.058
   1.996
   0.000
   0.000
   1.024
   1.152
   1.228
   1.312
   1.398
   1.482
   1.560
   1.631
   1.696
   1.756
   1.812
   1.864
   1.916
   1.959
   2.004
   2.052
   2.107
   2.173
   2.250
   2.330
   2.421
   2.520
   2.610
   2.687
   2.742
   2.784
   2.807
   2.825
   2.851
   2.898
   2.949
   3.011
   3.064
   3.102
   3.098
   3.064
   2.985
   2.873
   2.747
   2.614
   2.481
   2.357
   2.258
   2.194
   2.177
   2.187
   2.204
   2.210
   2.203
   2.189
   2.176
   2.164
   2.152
   2.143
   2.131
   2.115
   2.099
   2.083
   2.076
   2.075
   2.079
   2.085
   2.092
   2.095
   2.092
   2.087
   2.028
   0.000
   0.000
   0.922
   1.031
   1.099
   1.173
   1.256
   1.341
   1.424
   1.502
   1.572
   1.640
   1.702
   1.761
   1.816
   1.866
   1.914
   1.969
   2.030
   2.098
   2.175
   2.260
   2.352
   2.452
   2.543
   2.618
   2.670
   2.708
   2.732
   2.750
   2.786
   2.854
   2.933
   3.016
   3.093
   3.147
   3.161
   3.143
   3.081
   2.982
   2.865
   2.740
   2.606
   2.480
   2.371
   2.285
   2.237
   2.226
   2.227
   2.225
   2.216
   2.198
   2.178
   2.157
   2.139
   2.119
   2.099
   2.076
   2.056
   2.042
   2.040
   2.044
   2.054
   2.068
   2.079
   2.090
   2.096
   2.093
   2.043
   0.000
   0.000
   0.819
   0.913
   0.972
   1.041
   1.115
   1.200
   1.283
   1.364
   1.440
   1.514
   1.582
   1.643
   1.702
   1.758
   1.812
   1.869
   1.932
   2.005
   2.081
   2.168
   2.259
   2.356
   2.452
   2.520
   2.567
   2.603
   2.628
   2.653
   2.700
   2.786
   2.885
   2.989
   3.090
   3.165
   3.200
   3.198
   3.152
   3.072
   2.971
   2.857
   2.730
   2.604
   2.487
   2.386
   2.309
   2.260
   2.233
   2.215
   2.196
   2.175
   2.148
   2.120
   2.094
   2.068
   2.039
   2.011
   1.990
   1.978
   1.982
   1.992
   2.008
   2.026
   2.045
   2.065
   2.079
   2.084
   2.042
   0.000
   0.000
   0.734
   0.801
   0.845
   0.909
   0.978
   1.056
   1.143
   1.227
   1.309
   1.386
   1.457
   1.523
   1.584
   1.642
   1.698
   1.758
   1.824
   1.896
   1.975
   2.061
   2.151
   2.245
   2.338
   2.406
   2.449
   2.484
   2.508
   2.541
   2.608
   2.703
   2.815
   2.931
   3.052
   3.144
   3.201
   3.224
   3.203
   3.141
   3.059
   2.963
   2.848
   2.730
   2.612
   2.499
   2.401
   2.319
   2.255
   2.206
   2.167
   2.134
   2.099
   2.063
   2.032
   2.000
   1.964
   1.933
   1.910
   1.901
   1.907
   1.921
   1.941
   1.962
   1.988
   2.015
   2.036
   2.053
   2.023
   0.000
   0.000
   0.674
   0.724
   0.750
   0.791
   0.846
   0.922
   1.007
   1.095
   1.181
   1.260
   1.332
   1.400
   1.460
   1.518
   1.578
   1.638
   1.703
   1.774
   1.851
   1.935
   2.023
   2.118
   2.203
   2.271
   2.319
   2.351
   2.380
   2.429
   2.505
   2.606
   2.718
   2.841
   2.969
   3.079
   3.158
   3.206
   3.213
   3.180
   3.122
   3.045
   2.948
   2.842
   2.729
   2.609
   2.497
   2.398
   2.303
   2.220
   2.150
   2.095
   2.044
   2.000
   1.961
   1.926
   1.887
   1.851
   1.828
   1.820
   1.822
   1.835
   1.851
   1.874
   1.902
   1.935
   1.965
   1.992
   1.976
   0.000
   0.000
   0.635
   0.675
   0.692
   0.718
   0.749
   0.797
   0.876
   0.965
   1.053
   1.134
   1.207
   1.274
   1.335
   1.393
   1.452
   1.512
   1.573
   1.642
   1.715
   1.794
   1.881
   1.970
   2.061
   2.130
   2.183
   2.226
   2.264
   2.319
   2.398
   2.501
   2.613
   2.734
   2.865
   2.985
   3.080
   3.149
   3.185
   3.182
   3.153
   3.101
   3.026
   2.934
   2.827
   2.707
   2.590
   2.481
   2.374
   2.273
   2.176
   2.096
   2.026
   1.968
   1.916
   1.871
   1.826
   1.787
   1.758
   1.743
   1.738
   1.743
   1.757
   1.778
   1.808
   1.842
   1.878
   1.911
   1.907
   0.000
   0.000
   0.593
   0.644
   0.653
   0.672
   0.691
   0.718
   0.766
   0.835
   0.921
   1.002
   1.076
   1.143
   1.205
   1.262
   1.318
   1.375
   1.435
   1.497
   1.568
   1.645
   1.728
   1.814
   1.904
   1.980
   2.044
   2.099
   2.150
   2.208
   2.285
   2.386
   2.493
   2.615
   2.748
   2.866
   2.970
   3.053
   3.110
   3.131
   3.129
   3.105
   3.050
   2.978
   2.888
   2.776
   2.661
   2.553
   2.446
   2.343
   2.245
   2.155
   2.075
   2.002
   1.935
   1.872
   1.811
   1.756
   1.715
   1.686
   1.667
   1.663
   1.670
   1.689
   1.717
   1.752
   1.791
   1.827
   1.832
   0.000
 -65.534
 -65.534
   0.587
   0.622
   0.630
   0.646
   0.662
   0.690
   0.733
   0.794
   0.868
   0.939
   1.004
   1.064
   1.119
   1.172
   1.227
   1.282
   1.342
   1.408
   1.482
   1.560
   1.646
   1.735
   1.815
   1.891
   1.958
   2.020
   2.079
   2.158
   2.253
   2.355
   2.479
   2.609
   2.727
   2.825
   2.910
   2.976
   3.016
   3.038
   3.035
   3.004
   2.954
   2.885
   2.793
   2.688
   2.594
   2.501
   2.409
   2.326
   2.247
   2.169
   2.092
   2.017
   1.941
   1.866
   1.798
   1.739
   1.696
   1.658
   1.634
   1.629
   1.652
   1.672
   1.678
   1.709
   1.752
   1.769
   0.000
 -65.534
 -65.534
 -65.534
   0.559
   0.586
   0.597
   0.616
   0.635
   0.658
   0.697
   0.747
   0.802
   0.861
   0.917
   0.971
   1.021
   1.072
   1.125
   1.182
   1.245
   1.313
   1.391
   1.473
   1.562
   1.646
   1.727
   1.803
   1.873
   1.938
   2.013
   2.101
   2.200
   2.317
   2.434
   2.535
   2.654
   2.745
   2.810
   2.855
   2.889
   2.904
   2.895
   2.863
   2.814
   2.746
   2.662
   2.589
   2.515
   2.443
   2.382
   2.320
   2.253
   2.183
   2.115
   2.042
   1.966
   1.897
   1.840
   1.793
   1.755
   1.721
   1.698
   1.689
   1.682
   1.687
   1.716
   1.748
   1.746
   0.000
 -65.534
 -65.534
 -65.534
 -65.534
   0.524
   0.552
   0.570
   0.586
   0.604
   0.621
   0.650
   0.684
   0.727
   0.777
   0.827
   0.875
   0.923
   0.973
   1.026
   1.083
   1.147
   1.219
   1.300
   1.383
   1.468
   1.551
   1.631
   1.703
   1.771
   1.844
   1.927
   2.017
   2.119
   2.224
   2.322
   2.429
   2.504
   2.594
   2.646
   2.682
   2.703
   2.708
   2.696
   2.666
   2.618
   2.562
   2.512
   2.464
   2.420
   2.377
   2.337
   2.286
   2.230
   2.175
   2.112
   2.048
   1.990
   1.944
   1.909
   1.879
   1.849
   1.827
   1.810
   1.808
   1.815
   1.830
   1.840
   1.811
   0.000
 -65.534
 -65.534
 -65.534
 -65.534
   0.478
   0.506
   0.524
   0.538
   0.552
   0.567
   0.584
   0.604
   0.626
   0.654
   0.696
   0.743
   0.786
   0.831
   0.879
   0.928
   0.988
   1.054
   1.125
   1.204
   1.283
   1.363
   1.438
   1.511
   1.578
   1.650
   1.729
   1.810
   1.899
   1.991
   2.080
   2.163
   2.239
   2.311
   2.354
   2.405
   2.428
   2.437
   2.439
   2.431
   2.413
   2.386
   2.364
   2.341
   2.320
   2.302
   2.284
   2.260
   2.227
   2.185
   2.139
   2.095
   2.054
   2.024
   2.005
   1.985
   1.970
   1.955
   1.943
   1.941
   1.950
   1.962
   1.973
   1.928
   0.000
 -65.534
 -65.534
 -65.534
 -65.534
   0.441
   0.468
   0.486
   0.498
   0.508
   0.521
   0.537
   0.551
   0.564
   0.579
   0.599
   0.625
   0.673
   0.712
   0.749
   0.795
   0.843
   0.901
   0.964
   1.031
   1.100
   1.169
   1.241
   1.309
   1.376
   1.448
   1.520
   1.596
   1.673
   1.750
   1.819
   1.884
   1.944
   1.993
   2.030
   2.070
   2.096
   2.108
   2.118
   2.130
   2.138
   2.145
   2.151
   2.157
   2.162
   2.169
   2.176
   2.177
   2.167
   2.150
   2.124
   2.099
   2.078
   2.065
   2.057
   2.053
   2.052
   2.047
   2.046
   2.048
   2.057
   2.071
   2.082
   2.026
   0.000
 -65.534
 -65.534
 -65.534
 -65.534
   0.410
   0.433
   0.453
   0.467
   0.479
   0.486
   0.500
   0.512
   0.525
   0.536
   0.545
   0.556
   0.569
   0.598
   0.652
   0.695
   0.731
   0.778
   0.828
   0.885
   0.942
   1.001
   1.064
   1.124
   1.188
   1.255
   1.327
   1.391
   1.457
   1.515
   1.564
   1.606
   1.642
   1.669
   1.693
   1.713
   1.732
   1.746
   1.769
   1.797
   1.827
   1.860
   1.891
   1.921
   1.948
   1.977
   2.005
   2.029
   2.045
   2.052
   2.051
   2.047
   2.042
   2.044
   2.051
   2.062
   2.074
   2.085
   2.096
   2.105
   2.119
   2.137
   2.146
   2.084
   0.000
 -65.534
 -65.534
 -65.534
 -65.534
 -65.534
 -65.534
 -65.534
 -65.534
   0.445
   0.460
   0.470
   0.479
   0.490
   0.502
   0.511
   0.517
   0.524
   0.537
   0.557
   0.598
   0.654
   0.700
   0.728
   0.764
   0.809
   0.860
   0.916
   0.973
   1.028
   1.089
   1.149
   1.205
   1.254
   1.295
   1.321
   1.339
   1.348
   1.353
   1.355
   1.359
   1.369
   1.389
   1.419
   1.457
   1.507
   1.556
   1.603
   1.649
   1.690
   1.737
   1.784
   1.829
   1.869
   1.900
   1.922
   1.938
   1.948
   1.962
   1.982
   2.005
   2.033
   2.063
   2.086
   2.107
   2.129
   2.150
   2.160
   2.094
   0.000
 -65.534
 -65.534
 -65.534
 -65.534
 -65.534
 -65.534
   0.276
   0.345
   0.427
   0.436
   0.443
   0.450
   0.460
   0.472
   0.482
   0.490
   0.500
   0.514
   0.529
   0.546
   0.568
   0.601
   0.671
   0.714
   0.731
   0.772
   0.814
   0.853
   0.891
   0.938
   0.989
   1.029
   1.064
   1.091
   1.104
   1.104
   1.094
   1.078
   1.063
   1.054
   1.059
   1.076
   1.109
   1.151
   1.204
   1.259
   1.314
   1.372
   1.426
   1.488
   1.552
   1.614
   1.671
   1.720
   1.756
   1.783
   1.805
   1.827
   1.854
   1.888
   1.929
   1.973
   2.015
   2.048
   2.081
   2.107
   2.127
   2.056
   0.000
 -65.534
 -65.534
 -65.534
 -65.534
 -65.534
 -65.534
 -65.534
 -65.534
 -65.534
   0.412
   0.416
   0.423
   0.430
   0.438
   0.450
   0.469
   0.483
   0.501
   0.520
   0.534
   0.545
   0.562
   0.588
   0.640
   0.713
   0.727
   0.743
   0.772
   0.809
   0.849
   0.878
   0.898
   0.902
   0.909
   0.910
   0.910
   0.900
   0.884
   0.867
   0.842
   0.828
   0.834
   0.860
   0.901
   0.949
   1.001
   1.053
   1.111
   1.170
   1.241
   1.315
   1.387
   1.455
   1.512
   1.559
   1.593
   1.618
   1.644
   1.676
   1.716
   1.764
   1.819
   1.874
   1.918
   1.962
   2.003
   2.032
   1.961
   0.000
 -65.534
 -65.534
 -65.534
 -65.534
 -65.534
 -65.534
 -65.534
 -65.534
 -65.534
 -65.534
 -65.534
 -65.534
 -65.534
 -65.534
 -65.534
   0.442
   0.465
   0.486
   0.507
   0.529
   0.537
   0.549
   0.564
   0.590
   0.632
   0.708
   0.729
   0.734
   0.752
   0.771
   0.786
   0.798
   0.810
   0.821
   0.822
   0.819
   0.809
   0.789
   0.777
   0.693
   0.672
   0.676
   0.700
   0.729
   0.758
   0.796
   0.839
   0.889
   0.946
   1.018
   1.094
   1.170
   1.241
   1.302
   1.351
   1.387
   1.415
   1.446
   1.480
   1.526
   1.582
   1.641
   1.701
   1.755
   1.804
   1.851
   1.885
   1.824
   0.000
 -65.534
 -65.534
 -65.534
 -65.534
 -65.534
 -65.534
 -65.534
 -65.534
 -65.534
 -65.534
 -65.534
 -65.534
 -65.534
 -65.534
 -65.534
 -65.534
 -65.534
 -65.534
 -65.534
   0.513
   0.528
   0.540
   0.554
   0.572
   0.592
   0.625
   0.691
   0.722
   0.724
   0.724
   0.733
   0.740
   0.746
   0.751
   0.755
   0.754
   0.752
   0.740
   0.726
   0.689
   0.648
   0.635
   0.643
   0.660
   0.679
   0.697
   0.712
   0.729
   0.776
   0.861
   0.918
   0.986
   1.051
   1.107
   1.155
   1.191
   1.222
   1.253
   1.293
   1.343
   1.402
   1.466
   1.526
   1.581
   1.633
   1.677
   1.713
   1.657
   0.000
 -65.534
 -65.534
 -65.534
 -65.534
 -65.534
 -65.534
 -65.534
 -65.534
 -65.534
 -65.534
 -65.534
 -65.534
 -65.534
 -65.534
 -65.534
 -65.534
 -65.534
 -65.534
   0.396
   0.519
   0.530
   0.543
   0.553
   0.568
   0.580
   0.593
   0.612
   0.654
   0.708
   0.707
   0.700
   0.702
   0.706
   0.716
   0.723
   0.731
   0.738
   0.733
   0.717
   0.694
   0.668
   0.643
   0.643
   0.661
   0.687
   0.709
   0.727
   0.737
   0.744
   0.757
   0.788
   0.825
   0.864
   0.934
   1.023
   1.037
   1.061
   1.090
   1.125
   1.170
   1.225
   1.286
   1.347
   1.401
   1.452
   1.492
   1.527
   1.472
   0.000
 -65.534
 -65.534
 -65.534
 -65.534
 -65.534
 -65.534
 -65.534
 -65.534
 -65.534
 -65.534
 -65.534
 -65.534
 -65.534
 -65.534
 -65.534
 -65.534
 -65.534
   0.381
   0.480
   0.524
   0.536
   0.546
   0.558
   0.570
   0.579
   0.586
   0.591
   0.601
   0.643
   0.700
   0.692
   0.686
   0.695
   0.707
   0.720
   0.731
   0.740
   0.743
   0.732
   0.712
   0.682
   0.656
   0.654
   0.672
   0.701
   0.726
   0.745
   0.759
   0.765
   0.767
   0.776
   0.796
   0.823
   0.851
   0.868
   0.887
   0.908
   0.931
   0.963
   1.009
   1.085
   1.145
   1.192
   1.237
   1.279
   1.316
   1.344
   1.292
   0.000
 -65.534
 -65.534
 -65.534
 -65.534
 -65.534
 -65.534
 -65.534
 -65.534
 -65.534
 -65.534
 -65.534
 -65.534
 -65.534
 -65.534
 -65.534
 -65.534
 -65.534
   0.471
   0.521
   0.537
   0.543
   0.551
   0.564
   0.575
   0.580
   0.587
   0.588
   0.590
   0.606
   0.681
   0.698
   0.687
   0.699
   0.714
   0.730
   0.739
   0.748
   0.750
   0.746
   0.730
   0.704
   0.680
   0.676
   0.693
   0.718
   0.744
   0.760
   0.774
   0.780
   0.784
   0.790
   0.802
   0.819
   0.834
   0.844
   0.855
   0.869
   0.888
   0.916
   0.951
   0.991
   1.031
   1.071
   1.119
   1.158
   1.182
   1.204
   1.156
   0.000
 -65.534
 -65.534
 -65.534
 -65.534
 -65.534
 -65.534
 -65.534
 -65.534
 -65.534
 -65.534
 -65.534
 -65.534
 -65.534
 -65.534
 -65.534
 -65.534
 -65.534
   0.520
   0.547
   0.556
   0.554
   0.561
   0.572
   0.583
   0.586
   0.592
   0.594
   0.595
   0.602
   0.653
   0.715
   0.701
   0.716
   0.732
   0.744
   0.749
   0.750
   0.750
   0.749
   0.739
   0.721
   0.707
   0.704
   0.716
   0.735
   0.757
   0.775
   0.786
   0.795
   0.802
   0.813
   0.828
   0.843
   0.855
   0.867
   0.875
   0.882
   0.893
   0.907
   0.926
   0.952
   0.980
   1.009
   1.031
   1.057
   1.079
   1.101
   1.047
   0.000
 -65.534
 -65.534
 -65.534
 -65.534
 -65.534
 -65.534
 -65.534
 -65.534
 -65.534
 -65.534
 -65.534
 -65.534
 -65.534
 -65.534
 -65.534
 -65.534
 -65.534
   0.566
   0.569
   0.576
   0.573
   0.580
   0.587
   0.598
   0.601
   0.600
   0.603
   0.605
   0.611
   0.652
   0.733
   0.723
   0.736
   0.755
   0.761
   0.761
   0.757
   0.754
   0.753
   0.748
   0.744
   0.734
   0.730
   0.738
   0.752
   0.774
   0.793
   0.809
   0.825
   0.841
   0.857
   0.878
   0.894
   0.909
   0.919
   0.924
   0.926
   0.927
   0.928
   0.933
   0.941
   0.957
   0.970
   0.984
   1.000
   1.003
   0.994
   0.949
   0.000
 -65.534
 -65.534
 -65.534
 -65.534
 -65.534
 -65.534
 -65.534
 -65.534
 -65.534
 -65.534
 -65.534
 -65.534
 -65.534
 -65.534
 -65.534
 -65.534
 -65.534
 -65.534
   0.597
   0.595
   0.598
   0.602
   0.607
   0.613
   0.614
   0.612
   0.613
   0.613
   0.621
   0.670
   0.749
   0.746
   0.763
   0.776
   0.779
   0.773
   0.762
   0.755
   0.754
   0.758
   0.761
   0.759
   0.756
   0.763
   0.780
   0.797
   0.815
   0.833
   0.851
   0.871
   0.892
   0.915
   0.934
   0.948
   0.957
   0.965
   0.967
   0.966
   0.964
   0.959
   0.953
   0.953
   0.952
   0.952
   0.951
   0.943
   0.925
   0.835
   0.000
 -65.534
 -65.534
 -65.534
 -65.534
 -65.534
 -65.534
 -65.534
 -65.534
 -65.534
 -65.534
 -65.534
 -65.534
 -65.534
 -65.534
 -65.534
 -65.534
 -65.534
 -65.534
 -65.534
   0.614
   0.613
   0.621
   0.624
   0.624
   0.622
   0.618
   0.616
   0.614
   0.629
   0.705
   0.757
   0.768
   0.784
   0.793
   0.798
   0.795
   0.769
   0.752
   0.751
   0.758
   0.768
   0.776
   0.785
   0.805
   0.827
   0.846
   0.860
   0.871
   0.884
   0.899
   0.914
   0.934
   0.951
   0.965
   0.977
   0.989
   0.994
   0.995
   0.993
   0.987
   0.978
   0.965
   0.948
   0.928
   0.910
   0.883
   0.853
   0.752
   0.000
 -65.534
 -65.534
 -65.534
 -65.534
 -65.534
 -65.534
 -65.534
 -65.534
 -65.534
 -65.534
 -65.534
 -65.534
 -65.534
 -65.534
 -65.534
 -65.534
 -65.534
 -65.534
 -65.534
 -65.534
   0.634
   0.636
   0.638
   0.635
   0.627
   0.619
   0.615
   0.613
   0.640
   0.736
   0.753
   0.772
   0.775
   0.767
   0.745
   0.672
 -65.534
 -65.534
 -65.534
 -65.534
   0.726
   0.774
   0.808
   0.840
   0.871
   0.893
   0.903
   0.910
   0.913
   0.918
   0.925
   0.941
   0.958
   0.977
   0.994
   1.010
   1.017
   1.021
   1.017
   1.010
   0.995
   0.971
   0.941
   0.905
   0.868
   0.827
   0.778
   0.665
   0.000
 -65.534
 -65.534
 -65.534
 -65.534
 -65.534
 -65.534
 -65.534
 -65.534
 -65.534
 -65.534
 -65.534
 -65.534
 -65.534
 -65.534
 -65.534
 -65.534
 -65.534
 -65.534
 -65.534
 -65.534
 -65.534
 -65.534
 -65.534
 -65.534
   0.611
   0.609
   0.607
   0.609
   0.652
   0.737
   0.749
   0.760
   0.752
   0.733
   0.695
   0.609
 -65.534
 -65.534
 -65.534
 -65.534
 -65.534
 -65.534
   0.774
   0.850
   0.898
   0.921
   0.924
   0.922
   0.920
   0.920
   0.924
   0.939
   0.960
   0.984
   1.010
   1.033
   1.046
   1.046
   1.038
   1.023
   0.996
   0.962
   0.917
   0.866
   0.811
   0.758
   0.696
   0.578
   0.000
 -65.534
 -65.534
 -65.534
 -65.534
 -65.534
 -65.534
 -65.534
 -65.534
 -65.534
 -65.534
 -65.534
 -65.534
 -65.534
 -65.534
 -65.534
 -65.534
 -65.534
 -65.534
 -65.534
 -65.534
 -65.534
 -65.534
 -65.534
 -65.534
   0.606
   0.601
   0.600
   0.603
   0.654
   0.727
   0.729
   0.732
   0.721
   0.700
   0.662
   0.588
 -65.534
 -65.534
 -65.534
 -65.534
 -65.534
 -65.534
 -65.534
   0.807
   0.887
   0.914
   0.921
   0.909
   0.903
   0.900
   0.912
   0.931
   0.958
   0.989
   1.021
   1.048
   1.063
   1.062
   1.048
   1.026
   0.993
   0.947
   0.890
   0.822
   0.752
   0.678
   0.607
   0.484
   0.000
 -65.534
 -65.534
 -65.534
 -65.534
 -65.534
 -65.534
 -65.534
 -65.534
 -65.534
 -65.534
 -65.534
 -65.534
 -65.534
 -65.534
 -65.534
 -65.534
 -65.534
 -65.534
 -65.534
 -65.534
 -65.534
 -65.534
 -65.534
 -65.534
 -65.534
 -65.534
 -65.534
 -65.534
 -65.534
   0.634
   0.686
   0.677
   0.684
   0.672
   0.637
   0.568
   0.260
 -65.534
 -65.534
 -65.534
 -65.534
 -65.534
 -65.534
   0.693
   0.731
 -65.534
   0.805
   0.847
   0.864
   0.892
   0.909
   0.928
   0.951
   0.983
   1.014
   1.040
   1.054
   1.049
   1.033
   1.010
   0.975
   0.923
   0.855
   0.778
   0.693
   0.605
   0.518
   0.393
   0.000
 -65.534
 -65.534
 -65.534
 -65.534
 -65.534
 -65.534
 -65.534
 -65.534
 -65.534
 -65.534
 -65.534
 -65.534
 -65.534
 -65.534
 -65.534
 -65.534
 -65.534
 -65.534
 -65.534
 -65.534
 -65.534
 -65.534
 -65.534
 -65.534
 -65.534
 -65.534
 -65.534
 -65.534
 -65.534
 -65.534
 -65.534
 -65.534
   0.623
   0.630
   0.606
   0.542
   0.321
   0.178
 -65.534
 -65.534
 -65.534
 -65.534
 -65.534
 -65.534
 -65.534
 -65.534
 -65.534
 -65.534
 -65.534
   0.749
   0.831
   0.874
   0.929
   0.954
   0.980
   1.000
   1.010
   1.005
   0.987
   0.961
   0.925
   0.874
   0.809
   0.733
   0.646
   0.554
   0.460
   0.332
   0.000
 -65.534
 -65.534
 -65.534
 -65.534
 -65.534
 -65.534
 -65.534
 -65.534
 -65.534
 -65.534
 -65.534
 -65.534
 -65.534
 -65.534
 -65.534
 -65.534
 -65.534
 -65.534
 -65.534
 -65.534
 -65.534
 -65.534
 -65.534
 -65.534
 -65.534
 -65.534
 -65.534
 -65.534
 -65.534
 -65.534
 -65.534
 -65.534
   0.494
   0.494
   0.478
   0.427
   0.321
   0.221
   0.147
   0.113
 -65.534
 -65.534
 -65.534
 -65.534
 -65.534
 -65.534
 -65.534
 -65.534
 -65.534
 -65.534
 -65.534
 -65.534
   0.717
   0.800
   0.847
   0.921
   0.932
   0.923
   0.908
   0.887
   0.855
   0.812
   0.756
   0.689
   0.611
   0.527
   0.436
   0.312
   0.000
 -65.534
 -65.534
 -65.534
 -65.534
 -65.534
 -65.534
 -65.534
 -65.534
 -65.534
 -65.534
 -65.534
 -65.534
 -65.534
 -65.534
 -65.534
 -65.534
 -65.534
 -65.534
 -65.534
 -65.534
 -65.534
 -65.534
 -65.534
 -65.534
 -65.534
 -65.534
 -65.534
 -65.534
 -65.534
 -65.534
 -65.534
 -65.534
 -65.534
 -65.534
 -65.534
 -65.534
   0.267
   0.217
   0.169
   0.134
   0.107
   0.090
   0.077
   0.066
   0.055
 -65.534
 -65.534
 -65.534
 -65.534
 -65.534
 -65.534
 -65.534
 -65.534
 -65.534
 -65.534
   0.734
   0.821
   0.830
   0.822
   0.803
   0.778
   0.743
   0.696
   0.643
   0.582
   0.509
   0.431
   0.315
   0.000
 -65.534
 -65.534
 -65.534
 -65.534
 -65.534
 -65.534
 -65.534
 -65.534
 -65.534
 -65.534
 -65.534
 -65.534
 -65.534
 -65.534
 -65.534
 -65.534
 -65.534
 -65.534
 -65.534
 -65.534
 -65.534
 -65.534
 -65.534
 -65.534
 -65.534
 -65.534
 -65.534
 -65.534
 -65.534
 -65.534
 -65.534
 -65.534
 -65.534
 -65.534
 -65.534
 -65.534
 -65.534
 -65.534
 -65.534
 -65.534
   0.088
 -65.534
 -65.534
 -65.534
 -65.534
 -65.534
 -65.534
 -65.534
 -65.534
 -65.534
 -65.534
 -65.534
 -65.534
 -65.534
 -65.534
   0.552
   0.656
   0.687
   0.685
   0.702
   0.691
   0.662
   0.629
   0.589
   0.543
   0.489
   0.427
   0.326
   0.000
 -65.534
 -65.534
 -65.534
 -65.534
 -65.534
 -65.534
 -65.534
 -65.534
 -65.534
 -65.534
 -65.534
 -65.534
 -65.534
 -65.534
 -65.534
 -65.534
 -65.534
 -65.534
 -65.534
 -65.534
 -65.534
 -65.534
 -65.534
 -65.534
 -65.534
 -65.534
 -65.534
 -65.534
 -65.534
 -65.534
 -65.534
 -65.534
 -65.534
 -65.534
 -65.534
 -65.534
 -65.534
 -65.534
 -65.534
 -65.534
 -65.534
 -65.534
 -65.534
 -65.534
 -65.534
 -65.534
 -65.534
 -65.534
 -65.534
 -65.534
 -65.534
 -65.534
 -65.534
 -65.534
 -65.534
 -65.534
 -65.534
 -65.534
 -65.534
   0.505
   0.547
   0.547
   0.523
   0.499
   0.473
   0.442
   0.406
   0.328
   0.000
 -65.534
 -65.534
 -65.534
 -65.534
 -65.534
 -65.534
 -65.534
 -65.534
 -65.534
 -65.534
 -65.534
 -65.534
 -65.534
 -65.534
 -65.534
 -65.534
 -65.534
 -65.534
 -65.534
 -65.534
 -65.534
 -65.534
 -65.534
 -65.534
 -65.534
 -65.534
 -65.534
 -65.534
 -65.534
 -65.534
 -65.534
 -65.534
 -65.534
 -65.534
 -65.534
 -65.534
 -65.534
 -65.534
 -65.534
 -65.534
 -65.534
 -65.534
 -65.534
 -65.534
 -65.534
 -65.534
 -65.534
 -65.534
 -65.534
 -65.534
 -65.534
 -65.534
 -65.534
 -65.534
 -65.534
 -65.534
 -65.534
 -65.534
 -65.534
 -65.534
 -65.534
   0.000
   0.000
   0.000
   0.000
   0.000
   0.000
   0.000
 -65.534
