 -65.534
   0.000
   0.000
   0.000
   0.000
   0.000
   0.000
   0.000
   0.000
   0.000
   0.000
   0.000
   0.000
   0.000
   0.000
   0.000
   0.000
   0.000
   0.000
   0.000
   0.000
   0.000
   0.000
   0.000
   0.000
   0.000
   0.000
   0.000
   0.000
   0.000
   0.000
   0.000
   0.000
   0.000
   0.000
   0.000
   0.000
   0.000
   0.000
   0.000
   0.000
   0.000
   0.000
   0.000
   0.000
   0.000
   0.000
   0.000
   0.000
   0.000
   0.000
   0.000
   0.000
   0.000
   0.000
   0.000
   0.000
   0.000
   0.000
   0.000
   0.000
   0.000
   0.000
   0.000
   0.000
   0.000
   0.000
   0.000
 -65.534
   0.000
   0.856
   0.922
   0.950
   0.988
   1.035
   1.084
   1.137
   1.189
   1.240
   1.289
   1.337
   1.381
   1.424
   1.460
   1.495
   1.523
   1.546
   1.550
   1.533
   1.493
   1.434
   1.380
   1.295
   1.323
   1.387
   1.441
   1.473
   1.489
   1.486
   1.479
   1.471
   1.458
   1.431
   1.433
   1.415
   1.415
   1.414
   1.404
   1.408
   1.419
   1.447
   1.477
   1.496
   1.511
   1.520
   1.517
   1.510
   1.509
   1.516
   1.534
   1.565
   1.599
   1.634
   1.673
   1.702
   1.722
   1.732
   1.736
   1.742
   1.755
   1.768
   1.784
   1.798
   1.811
   1.822
   1.832
   1.777
   0.000
   0.000
   0.946
   1.001
   1.020
   1.055
   1.099
   1.156
   1.219
   1.282
   1.344
   1.404
   1.460
   1.512
   1.558
   1.596
   1.630
   1.658
   1.682
   1.688
   1.676
   1.641
   1.591
   1.539
   1.475
   1.488
   1.529
   1.570
   1.601
   1.609
   1.604
   1.585
   1.567
   1.554
   1.540
   1.531
   1.522
   1.514
   1.514
   1.519
   1.532
   1.556
   1.588
   1.637
   1.677
   1.708
   1.729
   1.740
   1.750
   1.759
   1.774
   1.797
   1.830
   1.869
   1.912
   1.950
   1.980
   2.007
   2.026
   2.034
   2.039
   2.046
   2.055
   2.063
   2.073
   2.083
   2.092
   2.103
   2.049
   0.000
   0.000
   0.950
   1.000
   1.015
   1.045
   1.083
   1.136
   1.197
   1.263
   1.328
   1.395
   1.459
   1.521
   1.578
   1.623
   1.661
   1.690
   1.710
   1.715
   1.703
   1.672
   1.629
   1.590
   1.560
   1.551
   1.580
   1.613
   1.634
   1.640
   1.635
   1.625
   1.602
   1.583
   1.570
   1.569
   1.553
   1.540
   1.538
   1.542
   1.559
   1.591
   1.634
   1.684
   1.738
   1.782
   1.816
   1.844
   1.868
   1.891
   1.913
   1.937
   1.968
   2.004
   2.042
   2.074
   2.104
   2.133
   2.152
   2.165
   2.172
   2.179
   2.184
   2.190
   2.197
   2.207
   2.214
   2.227
   2.169
   0.000
   0.000
   0.962
   0.999
   1.006
   1.030
   1.064
   1.108
   1.162
   1.222
   1.289
   1.356
   1.424
   1.491
   1.554
   1.604
   1.644
   1.676
   1.694
   1.699
   1.692
   1.667
   1.629
   1.594
   1.581
   1.579
   1.610
   1.636
   1.655
   1.659
   1.658
   1.650
   1.636
   1.621
   1.600
   1.591
   1.577
   1.564
   1.556
   1.560
   1.577
   1.614
   1.663
   1.724
   1.784
   1.840
   1.893
   1.937
   1.977
   2.014
   2.048
   2.075
   2.103
   2.131
   2.159
   2.182
   2.204
   2.228
   2.249
   2.259
   2.265
   2.272
   2.277
   2.283
   2.292
   2.301
   2.308
   2.318
   2.258
   0.000
   0.000
   0.968
   0.997
   1.001
   1.018
   1.046
   1.083
   1.127
   1.180
   1.239
   1.304
   1.370
   1.439
   1.503
   1.558
   1.601
   1.631
   1.652
   1.656
   1.647
   1.627
   1.596
   1.570
   1.561
   1.588
   1.621
   1.641
   1.654
   1.657
   1.660
   1.657
   1.650
   1.640
   1.628
   1.614
   1.594
   1.577
   1.568
   1.572
   1.591
   1.629
   1.683
   1.753
   1.824
   1.894
   1.962
   2.023
   2.084
   2.137
   2.182
   2.213
   2.239
   2.260
   2.278
   2.289
   2.302
   2.317
   2.327
   2.334
   2.339
   2.344
   2.346
   2.355
   2.363
   2.371
   2.381
   2.389
   2.328
   0.000
   0.000
   0.975
   0.997
   0.997
   1.008
   1.029
   1.058
   1.095
   1.139
   1.188
   1.245
   1.307
   1.372
   1.434
   1.485
   1.528
   1.559
   1.579
   1.586
   1.581
   1.569
   1.551
   1.543
   1.555
   1.580
   1.596
   1.610
   1.624
   1.633
   1.644
   1.652
   1.655
   1.648
   1.640
   1.623
   1.602
   1.586
   1.579
   1.586
   1.607
   1.647
   1.706
   1.778
   1.858
   1.942
   2.021
   2.100
   2.179
   2.249
   2.303
   2.343
   2.374
   2.390
   2.401
   2.402
   2.401
   2.400
   2.400
   2.398
   2.397
   2.398
   2.402
   2.407
   2.413
   2.420
   2.427
   2.434
   2.375
   0.000
   0.000
   0.980
   1.001
   0.996
   1.002
   1.010
   1.032
   1.063
   1.100
   1.143
   1.192
   1.247
   1.304
   1.358
   1.403
   1.442
   1.473
   1.493
   1.505
   1.507
   1.502
   1.495
   1.497
   1.507
   1.528
   1.542
   1.558
   1.574
   1.592
   1.612
   1.631
   1.644
   1.644
   1.640
   1.627
   1.607
   1.592
   1.589
   1.600
   1.624
   1.668
   1.729
   1.802
   1.887
   1.977
   2.068
   2.162
   2.255
   2.337
   2.406
   2.455
   2.491
   2.509
   2.514
   2.507
   2.494
   2.477
   2.466
   2.450
   2.442
   2.437
   2.434
   2.431
   2.431
   2.438
   2.444
   2.451
   2.393
   0.000
   0.000
   0.976
   1.003
   1.000
   1.000
   0.999
   1.010
   1.033
   1.065
   1.102
   1.145
   1.192
   1.239
   1.283
   1.323
   1.357
   1.385
   1.407
   1.424
   1.433
   1.437
   1.440
   1.444
   1.453
   1.465
   1.479
   1.496
   1.516
   1.540
   1.567
   1.593
   1.610
   1.622
   1.624
   1.619
   1.604
   1.594
   1.596
   1.612
   1.643
   1.690
   1.752
   1.826
   1.910
   2.005
   2.102
   2.205
   2.309
   2.404
   2.481
   2.542
   2.586
   2.606
   2.609
   2.598
   2.573
   2.546
   2.517
   2.494
   2.472
   2.460
   2.447
   2.434
   2.429
   2.429
   2.433
   2.438
   2.382
   0.000
   0.000
   0.963
   0.994
   0.998
   1.002
   0.996
   0.997
   1.007
   1.031
   1.062
   1.098
   1.138
   1.179
   1.214
   1.246
   1.275
   1.304
   1.330
   1.352
   1.370
   1.383
   1.390
   1.395
   1.402
   1.408
   1.417
   1.435
   1.455
   1.484
   1.515
   1.543
   1.566
   1.582
   1.593
   1.596
   1.592
   1.590
   1.599
   1.620
   1.656
   1.707
   1.766
   1.838
   1.922
   2.016
   2.118
   2.226
   2.334
   2.439
   2.528
   2.601
   2.649
   2.673
   2.677
   2.660
   2.627
   2.585
   2.544
   2.505
   2.476
   2.453
   2.432
   2.413
   2.401
   2.397
   2.398
   2.401
   2.350
   0.000
   0.000
   0.951
   0.987
   0.999
   1.004
   0.997
   0.990
   0.991
   1.006
   1.030
   1.061
   1.094
   1.126
   1.158
   1.186
   1.215
   1.241
   1.269
   1.295
   1.318
   1.336
   1.347
   1.354
   1.357
   1.360
   1.367
   1.380
   1.399
   1.428
   1.461
   1.492
   1.516
   1.536
   1.552
   1.562
   1.569
   1.578
   1.592
   1.619
   1.660
   1.711
   1.770
   1.837
   1.914
   2.003
   2.105
   2.215
   2.327
   2.438
   2.543
   2.631
   2.678
   2.706
   2.711
   2.690
   2.640
   2.581
   2.523
   2.471
   2.433
   2.408
   2.382
   2.361
   2.346
   2.337
   2.338
   2.345
   2.297
   0.000
   0.000
   0.939
   0.978
   0.995
   1.001
   0.998
   0.993
   0.992
   0.997
   1.013
   1.036
   1.063
   1.092
   1.121
   1.148
   1.175
   1.202
   1.227
   1.251
   1.273
   1.291
   1.303
   1.311
   1.316
   1.318
   1.324
   1.335
   1.354
   1.380
   1.412
   1.442
   1.470
   1.493
   1.513
   1.527
   1.537
   1.554
   1.576
   1.610
   1.653
   1.704
   1.758
   1.819
   1.886
   1.966
   2.062
   2.171
   2.291
   2.411
   2.530
   2.627
   2.682
   2.711
   2.711
   2.678
   2.617
   2.540
   2.466
   2.406
   2.363
   2.332
   2.309
   2.288
   2.273
   2.268
   2.270
   2.277
   2.232
   0.000
   0.000
   0.900
   0.976
   0.993
   1.001
   1.001
   0.998
   0.997
   1.000
   1.011
   1.026
   1.047
   1.070
   1.097
   1.122
   1.147
   1.170
   1.193
   1.213
   1.230
   1.245
   1.258
   1.266
   1.272
   1.277
   1.283
   1.296
   1.312
   1.336
   1.366
   1.399
   1.430
   1.455
   1.475
   1.493
   1.504
   1.523
   1.548
   1.584
   1.627
   1.674
   1.721
   1.772
   1.833
   1.902
   1.990
   2.096
   2.222
   2.355
   2.486
   2.591
   2.651
   2.678
   2.671
   2.627
   2.555
   2.470
   2.388
   2.325
   2.280
   2.248
   2.226
   2.206
   2.195
   2.193
   2.198
   2.210
   2.172
   0.000
 -65.534
 -65.534
   0.910
   0.974
   0.988
   0.994
   1.002
   1.006
   1.010
   1.015
   1.026
   1.040
   1.055
   1.073
   1.094
   1.114
   1.134
   1.152
   1.166
   1.180
   1.193
   1.204
   1.214
   1.223
   1.231
   1.240
   1.253
   1.271
   1.295
   1.327
   1.362
   1.398
   1.427
   1.449
   1.462
   1.472
   1.487
   1.508
   1.540
   1.577
   1.617
   1.656
   1.696
   1.748
   1.808
   1.885
   1.989
   2.120
   2.261
   2.399
   2.513
   2.579
   2.602
   2.590
   2.541
   2.465
   2.382
   2.303
   2.243
   2.199
   2.169
   2.146
   2.130
   2.124
   2.126
   2.137
   2.152
   2.122
   0.000
 -65.534
 -65.534
 -65.534
   0.885
   0.954
   0.979
   1.001
   1.014
   1.020
   1.020
   1.023
   1.028
   1.035
   1.043
   1.057
   1.072
   1.087
   1.099
   1.112
   1.124
   1.136
   1.146
   1.156
   1.168
   1.180
   1.193
   1.208
   1.230
   1.256
   1.292
   1.333
   1.374
   1.408
   1.429
   1.441
   1.452
   1.459
   1.470
   1.486
   1.511
   1.538
   1.569
   1.601
   1.643
   1.693
   1.761
   1.862
   1.992
   2.139
   2.279
   2.393
   2.461
   2.483
   2.470
   2.428
   2.361
   2.287
   2.223
   2.169
   2.129
   2.099
   2.078
   2.065
   2.062
   2.070
   2.090
   2.111
   2.088
   0.000
 -65.534
 -65.534
 -65.534
 -65.534
   0.889
   0.949
   0.986
   1.005
   1.015
   1.019
   1.019
   1.018
   1.016
   1.017
   1.021
   1.028
   1.036
   1.045
   1.054
   1.062
   1.072
   1.083
   1.095
   1.110
   1.124
   1.138
   1.158
   1.180
   1.213
   1.252
   1.300
   1.346
   1.385
   1.412
   1.428
   1.436
   1.437
   1.437
   1.439
   1.445
   1.458
   1.474
   1.499
   1.530
   1.572
   1.633
   1.731
   1.858
   1.999
   2.131
   2.239
   2.306
   2.331
   2.325
   2.293
   2.243
   2.190
   2.141
   2.100
   2.067
   2.040
   2.022
   2.011
   2.010
   2.026
   2.053
   2.088
   2.076
   0.000
 -65.534
 -65.534
 -65.534
 -65.534
   0.836
   0.908
   0.946
   0.968
   0.984
   0.996
   1.005
   1.006
   1.004
   1.000
   0.996
   0.994
   0.995
   0.998
   1.002
   1.005
   1.012
   1.020
   1.031
   1.042
   1.055
   1.071
   1.090
   1.116
   1.153
   1.199
   1.253
   1.306
   1.353
   1.384
   1.406
   1.415
   1.413
   1.403
   1.391
   1.389
   1.387
   1.389
   1.402
   1.426
   1.462
   1.522
   1.618
   1.735
   1.854
   1.969
   2.064
   2.133
   2.165
   2.167
   2.147
   2.117
   2.083
   2.050
   2.025
   2.003
   1.988
   1.976
   1.969
   1.974
   1.997
   2.030
   2.072
   2.069
   0.000
 -65.534
 -65.534
 -65.534
 -65.534
   0.784
   0.855
   0.894
   0.915
   0.934
   0.954
   0.975
   0.986
   0.991
   0.990
   0.984
   0.973
   0.966
   0.961
   0.960
   0.961
   0.964
   0.968
   0.972
   0.977
   0.980
   0.989
   1.004
   1.030
   1.072
   1.127
   1.187
   1.247
   1.299
   1.339
   1.367
   1.380
   1.375
   1.362
   1.346
   1.336
   1.331
   1.329
   1.321
   1.337
   1.368
   1.427
   1.518
   1.622
   1.723
   1.815
   1.902
   1.966
   2.003
   2.013
   2.005
   1.988
   1.969
   1.952
   1.942
   1.934
   1.932
   1.932
   1.937
   1.956
   1.985
   2.024
   2.068
   2.066
   0.000
 -65.534
 -65.534
 -65.534
 -65.534
   0.703
   0.761
   0.800
   0.830
   0.869
   0.893
   0.918
   0.941
   0.957
   0.965
   0.961
   0.952
   0.941
   0.935
   0.934
   0.932
   0.931
   0.929
   0.925
   0.922
   0.915
   0.912
   0.920
   0.944
   0.983
   1.037
   1.101
   1.166
   1.224
   1.271
   1.301
   1.317
   1.319
   1.308
   1.293
   1.282
   1.277
   1.274
   1.273
   1.276
   1.299
   1.342
   1.416
   1.503
   1.591
   1.670
   1.745
   1.807
   1.848
   1.869
   1.869
   1.864
   1.858
   1.854
   1.856
   1.866
   1.882
   1.899
   1.919
   1.946
   1.981
   2.025
   2.063
   2.060
   0.000
 -65.534
 -65.534
 -65.534
 -65.534
 -65.534
 -65.534
 -65.534
 -65.534
   0.740
   0.801
   0.839
   0.872
   0.898
   0.918
   0.926
   0.925
   0.925
   0.923
   0.925
   0.926
   0.922
   0.913
   0.901
   0.888
   0.873
   0.863
   0.862
   0.878
   0.908
   0.953
   1.010
   1.071
   1.128
   1.178
   1.211
   1.230
   1.235
   1.232
   1.226
   1.221
   1.220
   1.221
   1.230
   1.234
   1.239
   1.265
   1.319
   1.387
   1.458
   1.532
   1.600
   1.661
   1.707
   1.733
   1.745
   1.747
   1.751
   1.759
   1.773
   1.798
   1.833
   1.872
   1.908
   1.941
   1.981
   2.023
   2.063
   2.050
   0.000
 -65.534
 -65.534
 -65.534
 -65.534
 -65.534
 -65.534
   0.380
   0.472
   0.638
   0.708
   0.753
   0.796
   0.835
   0.864
   0.886
   0.901
   0.911
   0.921
   0.928
   0.931
   0.926
   0.915
   0.899
   0.879
   0.857
   0.839
   0.834
   0.841
   0.861
   0.891
   0.931
   0.978
   1.027
   1.071
   1.103
   1.123
   1.135
   1.140
   1.148
   1.154
   1.160
   1.168
   1.178
   1.186
   1.191
   1.205
   1.231
   1.275
   1.337
   1.406
   1.475
   1.535
   1.583
   1.616
   1.635
   1.644
   1.657
   1.671
   1.692
   1.730
   1.781
   1.839
   1.894
   1.936
   1.978
   2.020
   2.063
   2.032
   0.000
 -65.534
 -65.534
 -65.534
 -65.534
 -65.534
 -65.534
 -65.534
 -65.534
 -65.534
   0.608
   0.659
   0.704
   0.747
   0.785
   0.829
   0.872
   0.898
   0.919
   0.933
   0.939
   0.937
   0.929
   0.918
   0.902
   0.880
   0.858
   0.840
   0.837
   0.845
   0.859
   0.882
   0.912
   0.944
   0.973
   0.997
   1.017
   1.032
   1.050
   1.068
   1.083
   1.097
   1.110
   1.127
   1.139
   1.151
   1.158
   1.173
   1.199
   1.242
   1.298
   1.361
   1.419
   1.469
   1.507
   1.533
   1.553
   1.571
   1.589
   1.615
   1.661
   1.726
   1.798
   1.865
   1.915
   1.961
   2.007
   2.047
   2.000
   0.000
 -65.534
 -65.534
 -65.534
 -65.534
 -65.534
 -65.534
 -65.534
 -65.534
 -65.534
 -65.534
 -65.534
 -65.534
 -65.534
 -65.534
 -65.534
   0.733
   0.812
   0.860
   0.896
   0.930
   0.946
   0.954
   0.955
   0.951
   0.935
   0.910
   0.888
   0.869
   0.860
   0.862
   0.867
   0.876
   0.886
   0.902
   0.919
   0.934
   0.953
   0.977
   1.003
   1.024
   1.042
   1.060
   1.077
   1.095
   1.114
   1.129
   1.141
   1.158
   1.182
   1.219
   1.267
   1.322
   1.371
   1.411
   1.442
   1.464
   1.486
   1.510
   1.543
   1.599
   1.674
   1.752
   1.824
   1.882
   1.929
   1.971
   2.004
   1.941
   0.000
 -65.534
 -65.534
 -65.534
 -65.534
 -65.534
 -65.534
 -65.534
 -65.534
 -65.534
 -65.534
 -65.534
 -65.534
 -65.534
 -65.534
 -65.534
 -65.534
 -65.534
 -65.534
 -65.534
   0.835
   0.935
   0.977
   1.002
   1.016
   1.009
   0.988
   0.960
   0.936
   0.912
   0.893
   0.880
   0.873
   0.866
   0.863
   0.868
   0.882
   0.901
   0.924
   0.951
   0.978
   1.001
   1.021
   1.038
   1.057
   1.077
   1.098
   1.116
   1.131
   1.148
   1.171
   1.200
   1.239
   1.282
   1.319
   1.349
   1.374
   1.397
   1.426
   1.469
   1.534
   1.616
   1.696
   1.771
   1.829
   1.873
   1.909
   1.934
   1.860
   0.000
 -65.534
 -65.534
 -65.534
 -65.534
 -65.534
 -65.534
 -65.534
 -65.534
 -65.534
 -65.534
 -65.534
 -65.534
 -65.534
 -65.534
 -65.534
 -65.534
 -65.534
 -65.534
   0.577
   0.870
   0.959
   1.014
   1.058
   1.084
   1.090
   1.074
   1.045
   1.017
   0.985
   0.959
   0.931
   0.906
   0.882
   0.866
   0.859
   0.864
   0.874
   0.893
   0.920
   0.948
   0.976
   1.002
   1.019
   1.037
   1.054
   1.070
   1.085
   1.098
   1.117
   1.137
   1.161
   1.191
   1.223
   1.250
   1.272
   1.289
   1.311
   1.343
   1.393
   1.462
   1.542
   1.623
   1.693
   1.751
   1.795
   1.826
   1.850
   1.768
   0.000
 -65.534
 -65.534
 -65.534
 -65.534
 -65.534
 -65.534
 -65.534
 -65.534
 -65.534
 -65.534
 -65.534
 -65.534
 -65.534
 -65.534
 -65.534
 -65.534
 -65.534
   0.573
   0.806
   0.953
   1.024
   1.078
   1.124
   1.158
   1.168
   1.157
   1.134
   1.102
   1.071
   1.041
   1.010
   0.976
   0.939
   0.908
   0.889
   0.879
   0.877
   0.887
   0.904
   0.927
   0.955
   0.986
   1.016
   1.041
   1.060
   1.066
   1.071
   1.079
   1.092
   1.109
   1.135
   1.163
   1.186
   1.202
   1.213
   1.224
   1.241
   1.274
   1.324
   1.393
   1.469
   1.542
   1.607
   1.662
   1.701
   1.734
   1.757
   1.680
   0.000
 -65.534
 -65.534
 -65.534
 -65.534
 -65.534
 -65.534
 -65.534
 -65.534
 -65.534
 -65.534
 -65.534
 -65.534
 -65.534
 -65.534
 -65.534
 -65.534
 -65.534
   0.780
   0.947
   1.041
   1.100
   1.150
   1.202
   1.239
   1.246
   1.235
   1.212
   1.184
   1.156
   1.127
   1.094
   1.055
   1.009
   0.970
   0.937
   0.911
   0.899
   0.894
   0.899
   0.916
   0.942
   0.975
   1.014
   1.047
   1.071
   1.078
   1.074
   1.072
   1.079
   1.093
   1.113
   1.142
   1.166
   1.177
   1.183
   1.189
   1.198
   1.222
   1.270
   1.330
   1.396
   1.461
   1.519
   1.566
   1.606
   1.639
   1.666
   1.603
   0.000
 -65.534
 -65.534
 -65.534
 -65.534
 -65.534
 -65.534
 -65.534
 -65.534
 -65.534
 -65.534
 -65.534
 -65.534
 -65.534
 -65.534
 -65.534
 -65.534
 -65.534
   0.884
   1.018
   1.098
   1.154
   1.214
   1.276
   1.317
   1.322
   1.304
   1.281
   1.251
   1.221
   1.192
   1.159
   1.115
   1.069
   1.021
   0.978
   0.942
   0.918
   0.903
   0.903
   0.917
   0.945
   0.979
   1.015
   1.049
   1.072
   1.077
   1.071
   1.065
   1.067
   1.072
   1.089
   1.113
   1.135
   1.151
   1.164
   1.172
   1.180
   1.200
   1.237
   1.283
   1.333
   1.383
   1.430
   1.471
   1.512
   1.548
   1.579
   1.529
   0.000
 -65.534
 -65.534
 -65.534
 -65.534
 -65.534
 -65.534
 -65.534
 -65.534
 -65.534
 -65.534
 -65.534
 -65.534
 -65.534
 -65.534
 -65.534
 -65.534
 -65.534
   0.920
   1.043
   1.123
   1.186
   1.258
   1.330
   1.380
   1.385
   1.361
   1.335
   1.301
   1.269
   1.238
   1.205
   1.161
   1.113
   1.063
   1.015
   0.973
   0.940
   0.921
   0.919
   0.938
   0.966
   1.001
   1.030
   1.054
   1.068
   1.070
   1.061
   1.051
   1.050
   1.053
   1.064
   1.087
   1.108
   1.130
   1.152
   1.168
   1.183
   1.197
   1.223
   1.253
   1.287
   1.321
   1.356
   1.388
   1.422
   1.455
   1.488
   1.445
   0.000
 -65.534
 -65.534
 -65.534
 -65.534
 -65.534
 -65.534
 -65.534
 -65.534
 -65.534
 -65.534
 -65.534
 -65.534
 -65.534
 -65.534
 -65.534
 -65.534
 -65.534
 -65.534
   1.006
   1.115
   1.198
   1.282
   1.356
   1.403
   1.405
   1.384
   1.357
   1.328
   1.297
   1.270
   1.244
   1.202
   1.152
   1.102
   1.053
   1.011
   0.974
   0.953
   0.952
   0.971
   0.997
   1.023
   1.046
   1.064
   1.076
   1.073
   1.061
   1.049
   1.042
   1.042
   1.051
   1.072
   1.092
   1.116
   1.140
   1.163
   1.181
   1.198
   1.216
   1.237
   1.260
   1.283
   1.303
   1.325
   1.348
   1.371
   1.394
   1.345
   0.000
 -65.534
 -65.534
 -65.534
 -65.534
 -65.534
 -65.534
 -65.534
 -65.534
 -65.534
 -65.534
 -65.534
 -65.534
 -65.534
 -65.534
 -65.534
 -65.534
 -65.534
 -65.534
 -65.534
   1.050
   1.176
   1.268
   1.334
   1.371
   1.371
   1.358
   1.342
   1.321
   1.305
   1.295
   1.282
   1.247
   1.200
   1.146
   1.104
   1.071
   1.033
   0.998
   0.987
   0.999
   1.015
   1.032
   1.050
   1.075
   1.093
   1.098
   1.087
   1.074
   1.063
   1.061
   1.061
   1.076
   1.092
   1.107
   1.126
   1.147
   1.167
   1.186
   1.203
   1.222
   1.239
   1.256
   1.267
   1.277
   1.284
   1.290
   1.294
   1.227
   0.000
 -65.534
 -65.534
 -65.534
 -65.534
 -65.534
 -65.534
 -65.534
 -65.534
 -65.534
 -65.534
 -65.534
 -65.534
 -65.534
 -65.534
 -65.534
 -65.534
 -65.534
 -65.534
 -65.534
 -65.534
   1.079
   1.180
   1.255
   1.291
   1.314
   1.310
   1.308
   1.304
   1.306
   1.316
   1.320
   1.295
   1.247
   1.198
   1.155
   1.093
 -65.534
 -65.534
 -65.534
 -65.534
   0.864
   0.954
   1.018
   1.065
   1.108
   1.134
   1.134
   1.121
   1.109
   1.099
   1.098
   1.105
   1.113
   1.120
   1.130
   1.144
   1.160
   1.175
   1.193
   1.207
   1.219
   1.227
   1.227
   1.224
   1.220
   1.212
   1.197
   1.114
   0.000
 -65.534
 -65.534
 -65.534
 -65.534
 -65.534
 -65.534
 -65.534
 -65.534
 -65.534
 -65.534
 -65.534
 -65.534
 -65.534
 -65.534
 -65.534
 -65.534
 -65.534
 -65.534
 -65.534
 -65.534
 -65.534
 -65.534
 -65.534
 -65.534
   1.186
   1.247
   1.271
   1.287
   1.304
   1.325
   1.335
   1.318
   1.278
   1.233
   1.185
   1.096
 -65.534
 -65.534
 -65.534
 -65.534
 -65.534
 -65.534
   0.905
   1.037
   1.125
   1.174
   1.181
   1.176
   1.166
   1.158
   1.153
   1.148
   1.144
   1.144
   1.146
   1.153
   1.165
   1.174
   1.182
   1.189
   1.188
   1.187
   1.175
   1.159
   1.139
   1.118
   1.087
   0.999
   0.000
 -65.534
 -65.534
 -65.534
 -65.534
 -65.534
 -65.534
 -65.534
 -65.534
 -65.534
 -65.534
 -65.534
 -65.534
 -65.534
 -65.534
 -65.534
 -65.534
 -65.534
 -65.534
 -65.534
 -65.534
 -65.534
 -65.534
 -65.534
 -65.534
   1.043
   1.130
   1.174
   1.215
   1.260
   1.306
   1.318
   1.309
   1.281
   1.247
   1.203
   1.106
 -65.534
 -65.534
 -65.534
 -65.534
 -65.534
 -65.534
 -65.534
   0.980
   1.128
   1.194
   1.220
   1.221
   1.216
   1.203
   1.194
   1.184
   1.175
   1.168
   1.167
   1.172
   1.175
   1.174
   1.170
   1.165
   1.155
   1.138
   1.115
   1.082
   1.048
   1.009
   0.969
   0.879
   0.000
 -65.534
 -65.534
 -65.534
 -65.534
 -65.534
 -65.534
 -65.534
 -65.534
 -65.534
 -65.534
 -65.534
 -65.534
 -65.534
 -65.534
 -65.534
 -65.534
 -65.534
 -65.534
 -65.534
 -65.534
 -65.534
 -65.534
 -65.534
 -65.534
 -65.534
 -65.534
 -65.534
 -65.534
 -65.534
   1.142
   1.213
   1.235
   1.254
   1.243
   1.205
   1.111
   0.634
 -65.534
 -65.534
 -65.534
 -65.534
 -65.534
 -65.534
   0.925
   1.103
 -65.534
   1.083
   1.185
   1.214
   1.243
   1.244
   1.236
   1.215
   1.203
   1.194
   1.192
   1.190
   1.179
   1.165
   1.144
   1.120
   1.088
   1.048
   1.000
   0.951
   0.901
   0.852
   0.763
   0.000
 -65.534
 -65.534
 -65.534
 -65.534
 -65.534
 -65.534
 -65.534
 -65.534
 -65.534
 -65.534
 -65.534
 -65.534
 -65.534
 -65.534
 -65.534
 -65.534
 -65.534
 -65.534
 -65.534
 -65.534
 -65.534
 -65.534
 -65.534
 -65.534
 -65.534
 -65.534
 -65.534
 -65.534
 -65.534
 -65.534
 -65.534
 -65.534
   1.123
   1.200
   1.186
   1.093
   0.824
   0.533
 -65.534
 -65.534
 -65.534
 -65.534
 -65.534
 -65.534
 -65.534
 -65.534
 -65.534
 -65.534
 -65.534
   1.049
   1.181
   1.214
   1.241
   1.234
   1.223
   1.201
   1.187
   1.166
   1.139
   1.109
   1.075
   1.030
   0.978
   0.924
   0.868
   0.812
   0.762
   0.679
   0.000
 -65.534
 -65.534
 -65.534
 -65.534
 -65.534
 -65.534
 -65.534
 -65.534
 -65.534
 -65.534
 -65.534
 -65.534
 -65.534
 -65.534
 -65.534
 -65.534
 -65.534
 -65.534
 -65.534
 -65.534
 -65.534
 -65.534
 -65.534
 -65.534
 -65.534
 -65.534
 -65.534
 -65.534
 -65.534
 -65.534
 -65.534
 -65.534
   0.989
   1.084
   1.094
   1.023
   0.864
   0.680
   0.497
   0.379
 -65.534
 -65.534
 -65.534
 -65.534
 -65.534
 -65.534
 -65.534
 -65.534
 -65.534
 -65.534
 -65.534
 -65.534
   0.987
   1.109
   1.133
   1.155
   1.143
   1.118
   1.087
   1.056
   1.018
   0.975
   0.923
   0.867
   0.812
   0.758
   0.708
   0.629
   0.000
 -65.534
 -65.534
 -65.534
 -65.534
 -65.534
 -65.534
 -65.534
 -65.534
 -65.534
 -65.534
 -65.534
 -65.534
 -65.534
 -65.534
 -65.534
 -65.534
 -65.534
 -65.534
 -65.534
 -65.534
 -65.534
 -65.534
 -65.534
 -65.534
 -65.534
 -65.534
 -65.534
 -65.534
 -65.534
 -65.534
 -65.534
 -65.534
 -65.534
 -65.534
 -65.534
 -65.534
   0.686
   0.652
   0.572
   0.489
   0.392
   0.341
   0.313
   0.306
   0.308
 -65.534
 -65.534
 -65.534
 -65.534
 -65.534
 -65.534
 -65.534
 -65.534
 -65.534
 -65.534
   0.890
   1.017
   1.032
   1.019
   0.991
   0.961
   0.922
   0.874
   0.827
   0.777
   0.727
   0.676
   0.596
   0.000
 -65.534
 -65.534
 -65.534
 -65.534
 -65.534
 -65.534
 -65.534
 -65.534
 -65.534
 -65.534
 -65.534
 -65.534
 -65.534
 -65.534
 -65.534
 -65.534
 -65.534
 -65.534
 -65.534
 -65.534
 -65.534
 -65.534
 -65.534
 -65.534
 -65.534
 -65.534
 -65.534
 -65.534
 -65.534
 -65.534
 -65.534
 -65.534
 -65.534
 -65.534
 -65.534
 -65.534
 -65.534
 -65.534
 -65.534
 -65.534
   0.354
 -65.534
 -65.534
 -65.534
 -65.534
 -65.534
 -65.534
 -65.534
 -65.534
 -65.534
 -65.534
 -65.534
 -65.534
 -65.534
 -65.534
   0.684
   0.832
   0.877
   0.876
   0.887
   0.877
   0.841
   0.803
   0.765
   0.724
   0.684
   0.642
   0.560
   0.000
 -65.534
 -65.534
 -65.534
 -65.534
 -65.534
 -65.534
 -65.534
 -65.534
 -65.534
 -65.534
 -65.534
 -65.534
 -65.534
 -65.534
 -65.534
 -65.534
 -65.534
 -65.534
 -65.534
 -65.534
 -65.534
 -65.534
 -65.534
 -65.534
 -65.534
 -65.534
 -65.534
 -65.534
 -65.534
 -65.534
 -65.534
 -65.534
 -65.534
 -65.534
 -65.534
 -65.534
 -65.534
 -65.534
 -65.534
 -65.534
 -65.534
 -65.534
 -65.534
 -65.534
 -65.534
 -65.534
 -65.534
 -65.534
 -65.534
 -65.534
 -65.534
 -65.534
 -65.534
 -65.534
 -65.534
 -65.534
 -65.534
 -65.534
 -65.534
   0.625
   0.701
   0.702
   0.676
   0.652
   0.633
   0.609
   0.584
   0.512
   0.000
 -65.534
 -65.534
 -65.534
 -65.534
 -65.534
 -65.534
 -65.534
 -65.534
 -65.534
 -65.534
 -65.534
 -65.534
 -65.534
 -65.534
 -65.534
 -65.534
 -65.534
 -65.534
 -65.534
 -65.534
 -65.534
 -65.534
 -65.534
 -65.534
 -65.534
 -65.534
 -65.534
 -65.534
 -65.534
 -65.534
 -65.534
 -65.534
 -65.534
 -65.534
 -65.534
 -65.534
 -65.534
 -65.534
 -65.534
 -65.534
 -65.534
 -65.534
 -65.534
 -65.534
 -65.534
 -65.534
 -65.534
 -65.534
 -65.534
 -65.534
 -65.534
 -65.534
 -65.534
 -65.534
 -65.534
 -65.534
 -65.534
 -65.534
 -65.534
 -65.534
 -65.534
   0.000
   0.000
   0.000
   0.000
   0.000
   0.000
   0.000
 -65.534
