 -65.534
   0.000
   0.000
   0.000
   0.000
   0.000
   0.000
   0.000
   0.000
   0.000
   0.000
   0.000
   0.000
   0.000
   0.000
   0.000
   0.000
   0.000
   0.000
   0.000
   0.000
   0.000
   0.000
   0.000
   0.000
   0.000
   0.000
   0.000
   0.000
   0.000
   0.000
   0.000
   0.000
   0.000
   0.000
   0.000
   0.000
   0.000
   0.000
   0.000
   0.000
   0.000
   0.000
   0.000
   0.000
   0.000
   0.000
   0.000
   0.000
   0.000
   0.000
   0.000
   0.000
   0.000
   0.000
   0.000
   0.000
   0.000
   0.000
   0.000
   0.000
   0.000
   0.000
   0.000
   0.000
   0.000
   0.000
   0.000
 -65.534
   0.000
   3.199
   3.617
   3.853
   4.088
   4.316
   4.536
   4.759
   4.985
   5.217
   5.467
   5.743
   6.053
   6.406
   6.732
   7.080
   7.414
   7.613
   7.605
   7.374
   7.005
   6.744
   6.750
   7.118
   7.636
   8.180
   8.637
   8.749
   8.672
   8.523
   8.307
   8.047
   7.643
   7.285
   6.984
   6.717
   6.480
   6.225
   5.949
   5.616
   5.296
   4.994
   4.697
   4.432
   4.259
   4.135
   4.054
   3.986
   3.953
   3.956
   3.990
   4.041
   4.106
   4.192
   4.323
   4.433
   4.510
   4.536
   4.565
   4.585
   4.593
   4.574
   4.565
   4.554
   4.506
   4.467
   4.436
   4.281
   0.000
   0.000
   3.417
   3.791
   3.974
   4.183
   4.382
   4.597
   4.826
   5.061
   5.310
   5.570
   5.840
   6.131
   6.459
   6.779
   7.104
   7.465
   7.738
   7.862
   7.878
   7.824
   7.822
   7.973
   8.328
   8.729
   9.141
   9.439
   9.521
   9.406
   9.200
   8.946
   8.633
   8.183
   7.927
   7.661
   7.452
   7.246
   7.007
   6.731
   6.415
   6.096
   5.781
   5.449
   5.153
   4.937
   4.814
   4.759
   4.738
   4.738
   4.777
   4.836
   4.918
   5.019
   5.133
   5.242
   5.342
   5.430
   5.486
   5.519
   5.533
   5.537
   5.527
   5.508
   5.472
   5.430
   5.379
   5.326
   5.120
   0.000
   0.000
   3.372
   3.704
   3.861
   4.040
   4.219
   4.420
   4.647
   4.888
   5.150
   5.418
   5.693
   5.984
   6.284
   6.610
   6.923
   7.260
   7.604
   7.865
   8.109
   8.275
   8.508
   8.790
   9.121
   9.395
   9.607
   9.712
   9.655
   9.473
   9.223
   8.903
   8.599
   8.293
   8.075
   7.914
   7.744
   7.580
   7.376
   7.116
   6.818
   6.505
   6.183
   5.846
   5.523
   5.274
   5.141
   5.104
   5.107
   5.137
   5.203
   5.278
   5.380
   5.493
   5.612
   5.721
   5.825
   5.910
   5.966
   5.995
   6.004
   6.005
   5.986
   5.955
   5.916
   5.868
   5.804
   5.738
   5.504
   0.000
   0.000
   3.294
   3.595
   3.725
   3.878
   4.035
   4.216
   4.431
   4.669
   4.929
   5.202
   5.478
   5.763
   6.047
   6.338
   6.668
   6.997
   7.317
   7.691
   8.084
   8.433
   8.766
   9.130
   9.458
   9.645
   9.730
   9.721
   9.540
   9.337
   9.031
   8.731
   8.490
   8.264
   8.124
   8.041
   7.947
   7.830
   7.673
   7.441
   7.168
   6.867
   6.544
   6.207
   5.881
   5.612
   5.446
   5.386
   5.392
   5.445
   5.515
   5.613
   5.726
   5.848
   5.975
   6.090
   6.194
   6.279
   6.335
   6.353
   6.355
   6.343
   6.319
   6.279
   6.229
   6.174
   6.100
   6.025
   5.770
   0.000
   0.000
   3.201
   3.472
   3.588
   3.726
   3.864
   4.022
   4.212
   4.440
   4.691
   4.959
   5.227
   5.502
   5.768
   6.042
   6.329
   6.656
   7.020
   7.387
   7.787
   8.192
   8.568
   8.944
   9.256
   9.414
   9.453
   9.413
   9.244
   8.950
   8.689
   8.465
   8.285
   8.141
   8.094
   8.084
   8.056
   7.985
   7.876
   7.688
   7.446
   7.173
   6.874
   6.550
   6.231
   5.944
   5.735
   5.629
   5.622
   5.670
   5.747
   5.853
   5.979
   6.111
   6.254
   6.382
   6.489
   6.573
   6.622
   6.630
   6.622
   6.601
   6.560
   6.514
   6.459
   6.390
   6.314
   6.226
   5.958
   0.000
   0.000
   3.093
   3.341
   3.454
   3.581
   3.709
   3.855
   4.033
   4.242
   4.476
   4.724
   4.977
   5.232
   5.481
   5.723
   5.992
   6.295
   6.630
   7.007
   7.400
   7.772
   8.127
   8.462
   8.749
   8.922
   8.985
   8.945
   8.760
   8.486
   8.269
   8.140
   8.018
   7.982
   8.009
   8.069
   8.107
   8.105
   8.025
   7.879
   7.683
   7.454
   7.188
   6.887
   6.560
   6.253
   6.012
   5.857
   5.805
   5.824
   5.898
   6.012
   6.148
   6.295
   6.448
   6.591
   6.699
   6.784
   6.828
   6.832
   6.815
   6.782
   6.729
   6.665
   6.600
   6.529
   6.445
   6.350
   6.081
   0.000
   0.000
   2.969
   3.209
   3.316
   3.441
   3.566
   3.708
   3.876
   4.070
   4.283
   4.507
   4.736
   4.959
   5.179
   5.398
   5.638
   5.904
   6.205
   6.538
   6.883
   7.242
   7.578
   7.877
   8.130
   8.266
   8.312
   8.285
   8.158
   7.966
   7.812
   7.741
   7.729
   7.785
   7.879
   8.010
   8.099
   8.152
   8.127
   8.030
   7.881
   7.697
   7.467
   7.192
   6.892
   6.573
   6.277
   6.072
   5.960
   5.929
   5.981
   6.089
   6.226
   6.386
   6.553
   6.708
   6.829
   6.912
   6.952
   6.944
   6.916
   6.871
   6.804
   6.731
   6.656
   6.586
   6.500
   6.400
   6.140
   0.000
   0.000
   2.799
   3.050
   3.163
   3.294
   3.418
   3.559
   3.716
   3.899
   4.099
   4.301
   4.502
   4.694
   4.878
   5.066
   5.268
   5.501
   5.760
   6.042
   6.346
   6.657
   6.947
   7.224
   7.465
   7.608
   7.646
   7.631
   7.546
   7.414
   7.336
   7.365
   7.445
   7.566
   7.746
   7.928
   8.070
   8.163
   8.185
   8.127
   8.033
   7.892
   7.699
   7.466
   7.192
   6.892
   6.582
   6.313
   6.141
   6.054
   6.049
   6.124
   6.247
   6.405
   6.579
   6.750
   6.881
   6.970
   6.999
   6.981
   6.941
   6.884
   6.810
   6.728
   6.652
   6.578
   6.494
   6.393
   6.146
   0.000
   0.000
   2.576
   2.833
   2.968
   3.115
   3.245
   3.386
   3.546
   3.724
   3.914
   4.103
   4.283
   4.450
   4.606
   4.763
   4.931
   5.125
   5.345
   5.585
   5.844
   6.116
   6.374
   6.629
   6.850
   6.974
   7.016
   7.016
   6.965
   6.904
   6.926
   7.037
   7.187
   7.376
   7.607
   7.823
   8.002
   8.137
   8.200
   8.178
   8.121
   8.025
   7.874
   7.677
   7.438
   7.165
   6.869
   6.576
   6.349
   6.216
   6.151
   6.170
   6.255
   6.392
   6.558
   6.718
   6.849
   6.935
   6.960
   6.931
   6.887
   6.827
   6.748
   6.664
   6.593
   6.523
   6.445
   6.352
   6.123
   0.000
   0.000
   2.341
   2.594
   2.740
   2.902
   3.049
   3.198
   3.360
   3.539
   3.726
   3.912
   4.083
   4.238
   4.379
   4.512
   4.657
   4.814
   4.994
   5.199
   5.422
   5.658
   5.894
   6.133
   6.338
   6.454
   6.505
   6.514
   6.506
   6.530
   6.623
   6.780
   6.971
   7.191
   7.447
   7.694
   7.896
   8.058
   8.152
   8.169
   8.144
   8.079
   7.961
   7.796
   7.605
   7.357
   7.084
   6.813
   6.555
   6.379
   6.274
   6.243
   6.269
   6.361
   6.489
   6.623
   6.727
   6.796
   6.813
   6.786
   6.742
   6.688
   6.615
   6.541
   6.477
   6.418
   6.350
   6.272
   6.067
   0.000
   0.000
   2.123
   2.356
   2.505
   2.679
   2.837
   2.992
   3.155
   3.333
   3.522
   3.709
   3.882
   4.038
   4.176
   4.304
   4.432
   4.566
   4.713
   4.882
   5.073
   5.282
   5.494
   5.717
   5.921
   6.052
   6.128
   6.172
   6.207
   6.276
   6.406
   6.589
   6.800
   7.043
   7.313
   7.564
   7.777
   7.949
   8.065
   8.104
   8.109
   8.069
   7.973
   7.839
   7.672
   7.462
   7.225
   6.986
   6.740
   6.533
   6.401
   6.329
   6.313
   6.345
   6.416
   6.499
   6.567
   6.602
   6.606
   6.579
   6.540
   6.494
   6.436
   6.378
   6.336
   6.289
   6.237
   6.175
   5.986
   0.000
   0.000
   1.926
   2.142
   2.275
   2.446
   2.611
   2.776
   2.942
   3.111
   3.294
   3.483
   3.661
   3.826
   3.974
   4.106
   4.229
   4.349
   4.482
   4.626
   4.795
   4.975
   5.170
   5.375
   5.579
   5.736
   5.847
   5.931
   5.998
   6.085
   6.224
   6.429
   6.644
   6.891
   7.167
   7.416
   7.625
   7.791
   7.911
   7.967
   7.989
   7.972
   7.897
   7.784
   7.648
   7.468
   7.260
   7.064
   6.848
   6.651
   6.497
   6.406
   6.354
   6.336
   6.344
   6.365
   6.378
   6.382
   6.366
   6.339
   6.303
   6.267
   6.227
   6.191
   6.172
   6.148
   6.119
   6.072
   5.894
   0.000
 -65.534
 -65.534
   1.892
   2.063
   2.204
   2.373
   2.542
   2.713
   2.882
   3.063
   3.248
   3.419
   3.584
   3.735
   3.875
   4.007
   4.131
   4.260
   4.395
   4.548
   4.713
   4.890
   5.082
   5.279
   5.451
   5.597
   5.720
   5.820
   5.917
   6.061
   6.256
   6.459
   6.716
   6.990
   7.226
   7.411
   7.569
   7.677
   7.738
   7.770
   7.766
   7.706
   7.619
   7.509
   7.364
   7.189
   7.022
   6.846
   6.669
   6.522
   6.416
   6.340
   6.278
   6.234
   6.200
   6.169
   6.137
   6.110
   6.080
   6.052
   6.022
   6.000
   5.993
   6.002
   6.008
   6.000
   5.968
   5.791
   0.000
 -65.534
 -65.534
 -65.534
   1.799
   1.960
   2.116
   2.286
   2.455
   2.626
   2.804
   2.987
   3.152
   3.308
   3.461
   3.603
   3.741
   3.877
   4.011
   4.147
   4.299
   4.458
   4.629
   4.808
   5.002
   5.180
   5.347
   5.496
   5.624
   5.739
   5.875
   6.050
   6.254
   6.499
   6.729
   6.913
   7.157
   7.313
   7.397
   7.446
   7.473
   7.469
   7.426
   7.358
   7.275
   7.158
   7.016
   6.873
   6.726
   6.581
   6.452
   6.347
   6.261
   6.175
   6.098
   6.025
   5.963
   5.911
   5.878
   5.844
   5.822
   5.807
   5.801
   5.805
   5.834
   5.864
   5.883
   5.871
   5.699
   0.000
 -65.534
 -65.534
 -65.534
 -65.534
   1.656
   1.856
   2.010
   2.172
   2.341
   2.520
   2.699
   2.863
   3.022
   3.172
   3.318
   3.455
   3.591
   3.723
   3.861
   4.006
   4.158
   4.329
   4.509
   4.697
   4.883
   5.064
   5.232
   5.382
   5.511
   5.650
   5.806
   5.988
   6.197
   6.407
   6.599
   6.797
   6.923
   7.072
   7.120
   7.126
   7.117
   7.077
   7.024
   6.956
   6.859
   6.746
   6.631
   6.511
   6.388
   6.283
   6.196
   6.106
   6.020
   5.942
   5.857
   5.782
   5.724
   5.690
   5.671
   5.663
   5.661
   5.666
   5.682
   5.718
   5.758
   5.799
   5.815
   5.643
   0.000
 -65.534
 -65.534
 -65.534
 -65.534
   1.429
   1.604
   1.739
   1.884
   2.045
   2.220
   2.396
   2.563
   2.724
   2.880
   3.027
   3.160
   3.291
   3.413
   3.535
   3.665
   3.808
   3.965
   4.140
   4.326
   4.521
   4.713
   4.896
   5.059
   5.208
   5.355
   5.508
   5.669
   5.855
   6.046
   6.230
   6.397
   6.527
   6.646
   6.667
   6.708
   6.697
   6.651
   6.608
   6.554
   6.481
   6.392
   6.302
   6.206
   6.104
   6.025
   5.961
   5.890
   5.827
   5.755
   5.682
   5.617
   5.568
   5.541
   5.540
   5.550
   5.568
   5.581
   5.604
   5.641
   5.690
   5.741
   5.777
   5.617
   0.000
 -65.534
 -65.534
 -65.534
 -65.534
   1.258
   1.398
   1.506
   1.632
   1.767
   1.936
   2.107
   2.267
   2.422
   2.578
   2.724
   2.854
   2.968
   3.078
   3.185
   3.294
   3.412
   3.548
   3.704
   3.883
   4.072
   4.268
   4.464
   4.650
   4.819
   4.984
   5.142
   5.292
   5.457
   5.634
   5.798
   5.948
   6.073
   6.150
   6.176
   6.200
   6.197
   6.162
   6.118
   6.083
   6.030
   5.967
   5.911
   5.846
   5.779
   5.733
   5.692
   5.653
   5.604
   5.552
   5.502
   5.453
   5.418
   5.412
   5.430
   5.458
   5.490
   5.517
   5.546
   5.590
   5.640
   5.695
   5.728
   5.571
   0.000
 -65.534
 -65.534
 -65.534
 -65.534
   1.142
   1.259
   1.345
   1.440
   1.547
   1.681
   1.831
   1.976
   2.114
   2.263
   2.400
   2.519
   2.628
   2.727
   2.822
   2.915
   3.008
   3.120
   3.250
   3.412
   3.585
   3.773
   3.969
   4.163
   4.355
   4.535
   4.699
   4.848
   4.999
   5.143
   5.284
   5.417
   5.525
   5.589
   5.615
   5.618
   5.621
   5.602
   5.584
   5.564
   5.544
   5.512
   5.484
   5.452
   5.422
   5.405
   5.396
   5.381
   5.362
   5.330
   5.298
   5.276
   5.263
   5.278
   5.311
   5.363
   5.418
   5.464
   5.500
   5.540
   5.585
   5.638
   5.656
   5.478
   0.000
 -65.534
 -65.534
 -65.534
 -65.534
 -65.534
 -65.534
 -65.534
 -65.534
   1.336
   1.479
   1.592
   1.708
   1.826
   1.953
   2.077
   2.188
   2.292
   2.385
   2.477
   2.561
   2.635
   2.723
   2.828
   2.964
   3.123
   3.292
   3.475
   3.663
   3.851
   4.032
   4.192
   4.333
   4.460
   4.581
   4.691
   4.794
   4.887
   4.952
   4.978
   4.991
   5.008
   5.017
   5.033
   5.050
   5.064
   5.063
   5.063
   5.067
   5.062
   5.071
   5.089
   5.103
   5.104
   5.097
   5.091
   5.088
   5.097
   5.127
   5.179
   5.246
   5.324
   5.393
   5.439
   5.472
   5.509
   5.548
   5.553
   5.359
   0.000
 -65.534
 -65.534
 -65.534
 -65.534
 -65.534
 -65.534
   0.539
   0.898
   1.235
   1.311
   1.400
   1.491
   1.591
   1.693
   1.795
   1.901
   1.999
   2.090
   2.171
   2.243
   2.311
   2.381
   2.471
   2.581
   2.715
   2.870
   3.035
   3.210
   3.380
   3.541
   3.678
   3.796
   3.896
   3.984
   4.064
   4.144
   4.218
   4.272
   4.316
   4.358
   4.406
   4.457
   4.506
   4.562
   4.612
   4.643
   4.663
   4.685
   4.710
   4.741
   4.778
   4.816
   4.841
   4.862
   4.874
   4.890
   4.918
   4.961
   5.017
   5.093
   5.182
   5.268
   5.331
   5.365
   5.401
   5.425
   5.425
   5.185
   0.000
 -65.534
 -65.534
 -65.534
 -65.534
 -65.534
 -65.534
 -65.534
 -65.534
 -65.534
   1.154
   1.235
   1.309
   1.390
   1.474
   1.558
   1.666
   1.758
   1.849
   1.920
   1.977
   2.033
   2.094
   2.174
   2.279
   2.401
   2.536
   2.678
   2.829
   2.972
   3.100
   3.208
   3.295
   3.365
   3.429
   3.481
   3.532
   3.585
   3.635
   3.687
   3.755
   3.838
   3.926
   4.018
   4.103
   4.178
   4.232
   4.279
   4.320
   4.359
   4.406
   4.461
   4.520
   4.567
   4.606
   4.636
   4.668
   4.702
   4.744
   4.800
   4.873
   4.967
   5.062
   5.141
   5.180
   5.211
   5.240
   5.224
   4.944
   0.000
 -65.534
 -65.534
 -65.534
 -65.534
 -65.534
 -65.534
 -65.534
 -65.534
 -65.534
 -65.534
 -65.534
 -65.534
 -65.534
 -65.534
 -65.534
   1.463
   1.561
   1.626
   1.679
   1.732
   1.801
   1.869
   1.947
   2.041
   2.153
   2.273
   2.400
   2.522
   2.637
   2.736
   2.817
   2.874
   2.917
   2.957
   2.988
   3.019
   3.052
   3.090
   3.157
   3.243
   3.347
   3.464
   3.581
   3.693
   3.789
   3.863
   3.927
   3.988
   4.044
   4.106
   4.174
   4.244
   4.306
   4.359
   4.400
   4.431
   4.462
   4.496
   4.540
   4.605
   4.698
   4.797
   4.879
   4.931
   4.966
   4.981
   4.958
   4.641
   0.000
 -65.534
 -65.534
 -65.534
 -65.534
 -65.534
 -65.534
 -65.534
 -65.534
 -65.534
 -65.534
 -65.534
 -65.534
 -65.534
 -65.534
 -65.534
 -65.534
 -65.534
 -65.534
 -65.534
   1.526
   1.616
   1.697
   1.780
   1.873
   1.971
   2.077
   2.188
   2.291
   2.381
   2.454
   2.511
   2.551
   2.582
   2.609
   2.636
   2.657
   2.682
   2.716
   2.768
   2.857
   2.973
   3.102
   3.231
   3.354
   3.462
   3.551
   3.625
   3.704
   3.776
   3.848
   3.926
   4.006
   4.073
   4.125
   4.166
   4.188
   4.201
   4.223
   4.262
   4.321
   4.411
   4.507
   4.593
   4.651
   4.675
   4.688
   4.655
   4.314
   0.000
 -65.534
 -65.534
 -65.534
 -65.534
 -65.534
 -65.534
 -65.534
 -65.534
 -65.534
 -65.534
 -65.534
 -65.534
 -65.534
 -65.534
 -65.534
 -65.534
 -65.534
 -65.534
   0.988
   1.443
   1.494
   1.572
   1.661
   1.762
   1.855
   1.945
   2.035
   2.121
   2.194
   2.252
   2.293
   2.331
   2.360
   2.388
   2.416
   2.440
   2.468
   2.500
   2.549
   2.632
   2.743
   2.873
   3.004
   3.124
   3.230
   3.311
   3.384
   3.460
   3.541
   3.627
   3.715
   3.794
   3.860
   3.903
   3.921
   3.923
   3.927
   3.942
   3.975
   4.034
   4.114
   4.201
   4.277
   4.331
   4.355
   4.356
   4.317
   3.959
   0.000
 -65.534
 -65.534
 -65.534
 -65.534
 -65.534
 -65.534
 -65.534
 -65.534
 -65.534
 -65.534
 -65.534
 -65.534
 -65.534
 -65.534
 -65.534
 -65.534
 -65.534
   0.799
   1.195
   1.353
   1.413
   1.480
   1.566
   1.674
   1.767
   1.849
   1.929
   1.999
   2.062
   2.112
   2.152
   2.181
   2.212
   2.240
   2.271
   2.301
   2.329
   2.362
   2.410
   2.486
   2.596
   2.727
   2.864
   2.988
   3.087
   3.157
   3.214
   3.277
   3.351
   3.437
   3.521
   3.599
   3.648
   3.675
   3.682
   3.681
   3.676
   3.689
   3.717
   3.769
   3.832
   3.902
   3.969
   4.011
   4.027
   4.018
   3.969
   3.614
   0.000
 -65.534
 -65.534
 -65.534
 -65.534
 -65.534
 -65.534
 -65.534
 -65.534
 -65.534
 -65.534
 -65.534
 -65.534
 -65.534
 -65.534
 -65.534
 -65.534
 -65.534
   1.022
   1.213
   1.293
   1.354
   1.410
   1.481
   1.580
   1.683
   1.762
   1.839
   1.907
   1.965
   2.017
   2.058
   2.086
   2.117
   2.140
   2.163
   2.189
   2.216
   2.245
   2.288
   2.360
   2.466
   2.599
   2.740
   2.869
   2.971
   3.039
   3.091
   3.148
   3.212
   3.284
   3.353
   3.422
   3.467
   3.489
   3.493
   3.488
   3.481
   3.482
   3.502
   3.532
   3.578
   3.628
   3.674
   3.703
   3.713
   3.705
   3.650
   3.271
   0.000
 -65.534
 -65.534
 -65.534
 -65.534
 -65.534
 -65.534
 -65.534
 -65.534
 -65.534
 -65.534
 -65.534
 -65.534
 -65.534
 -65.534
 -65.534
 -65.534
 -65.534
   1.137
   1.226
   1.283
   1.327
   1.374
   1.428
   1.506
   1.609
   1.684
   1.754
   1.825
   1.891
   1.954
   2.006
   2.035
   2.060
   2.078
   2.092
   2.110
   2.128
   2.147
   2.185
   2.250
   2.349
   2.474
   2.615
   2.740
   2.840
   2.913
   2.970
   3.028
   3.087
   3.146
   3.205
   3.265
   3.310
   3.337
   3.355
   3.353
   3.343
   3.338
   3.342
   3.351
   3.363
   3.381
   3.396
   3.407
   3.370
   3.342
   3.267
   2.948
   0.000
 -65.534
 -65.534
 -65.534
 -65.534
 -65.534
 -65.534
 -65.534
 -65.534
 -65.534
 -65.534
 -65.534
 -65.534
 -65.534
 -65.534
 -65.534
 -65.534
 -65.534
   1.282
   1.274
   1.310
   1.343
   1.378
   1.422
   1.472
   1.545
   1.633
   1.696
   1.766
   1.841
   1.912
   1.973
   2.006
   2.029
   2.045
   2.058
   2.074
   2.087
   2.107
   2.137
   2.194
   2.282
   2.390
   2.507
   2.620
   2.710
   2.785
   2.846
   2.900
   2.953
   3.001
   3.054
   3.111
   3.155
   3.192
   3.219
   3.232
   3.227
   3.211
   3.203
   3.193
   3.182
   3.165
   3.141
   3.110
   3.050
   2.994
   2.907
   2.592
   0.000
 -65.534
 -65.534
 -65.534
 -65.534
 -65.534
 -65.534
 -65.534
 -65.534
 -65.534
 -65.534
 -65.534
 -65.534
 -65.534
 -65.534
 -65.534
 -65.534
 -65.534
 -65.534
   1.367
   1.349
   1.382
   1.413
   1.445
   1.480
   1.526
   1.590
   1.656
   1.725
   1.803
   1.884
   1.951
   1.985
   2.010
   2.032
   2.048
   2.067
   2.085
   2.105
   2.136
   2.186
   2.257
   2.342
   2.434
   2.529
   2.609
   2.673
   2.729
   2.774
   2.817
   2.860
   2.904
   2.952
   2.994
   3.030
   3.059
   3.080
   3.082
   3.073
   3.059
   3.036
   3.009
   2.973
   2.918
   2.850
   2.769
   2.659
   2.531
   2.203
   0.000
 -65.534
 -65.534
 -65.534
 -65.534
 -65.534
 -65.534
 -65.534
 -65.534
 -65.534
 -65.534
 -65.534
 -65.534
 -65.534
 -65.534
 -65.534
 -65.534
 -65.534
 -65.534
 -65.534
   1.424
   1.428
   1.463
   1.491
   1.510
   1.539
   1.581
   1.631
   1.694
   1.773
   1.850
   1.920
   1.969
   2.002
   2.026
   2.060
   2.103
   2.142
   2.168
   2.191
   2.226
   2.259
   2.318
   2.382
   2.455
   2.525
   2.587
   2.636
   2.674
   2.699
   2.730
   2.759
   2.794
   2.828
   2.854
   2.876
   2.894
   2.901
   2.900
   2.891
   2.868
   2.836
   2.791
   2.721
   2.625
   2.508
   2.364
   2.174
   1.800
   0.000
 -65.534
 -65.534
 -65.534
 -65.534
 -65.534
 -65.534
 -65.534
 -65.534
 -65.534
 -65.534
 -65.534
 -65.534
 -65.534
 -65.534
 -65.534
 -65.534
 -65.534
 -65.534
 -65.534
 -65.534
   1.486
   1.517
   1.542
   1.558
   1.570
   1.603
   1.641
   1.687
   1.747
   1.814
   1.877
   1.926
   1.943
   1.931
   1.877
   1.650
 -65.534
 -65.534
 -65.534
 -65.534
   2.214
   2.316
   2.365
   2.416
   2.472
   2.524
   2.561
   2.584
   2.594
   2.605
   2.621
   2.639
   2.658
   2.672
   2.687
   2.695
   2.693
   2.693
   2.682
   2.662
   2.632
   2.579
   2.497
   2.384
   2.246
   2.074
   1.860
   1.446
   0.000
 -65.534
 -65.534
 -65.534
 -65.534
 -65.534
 -65.534
 -65.534
 -65.534
 -65.534
 -65.534
 -65.534
 -65.534
 -65.534
 -65.534
 -65.534
 -65.534
 -65.534
 -65.534
 -65.534
 -65.534
 -65.534
 -65.534
 -65.534
 -65.534
   1.545
   1.599
   1.643
   1.689
   1.738
   1.785
   1.827
   1.853
   1.844
   1.790
   1.660
   1.393
 -65.534
 -65.534
 -65.534
 -65.534
 -65.534
 -65.534
   2.262
   2.375
   2.429
   2.471
   2.483
   2.488
   2.492
   2.492
   2.493
   2.489
   2.485
   2.483
   2.481
   2.472
   2.459
   2.445
   2.427
   2.400
   2.354
   2.295
   2.206
   2.084
   1.933
   1.756
   1.520
   1.110
   0.000
 -65.534
 -65.534
 -65.534
 -65.534
 -65.534
 -65.534
 -65.534
 -65.534
 -65.534
 -65.534
 -65.534
 -65.534
 -65.534
 -65.534
 -65.534
 -65.534
 -65.534
 -65.534
 -65.534
 -65.534
 -65.534
 -65.534
 -65.534
 -65.534
   1.506
   1.566
   1.615
   1.662
   1.710
   1.743
   1.758
   1.752
   1.717
   1.641
   1.517
   1.316
 -65.534
 -65.534
 -65.534
 -65.534
 -65.534
 -65.534
 -65.534
   2.252
   2.360
   2.383
   2.401
   2.394
   2.385
   2.362
   2.348
   2.334
   2.316
   2.296
   2.272
   2.239
   2.202
   2.165
   2.133
   2.086
   2.027
   1.954
   1.856
   1.728
   1.566
   1.377
   1.146
   0.760
   0.000
 -65.534
 -65.534
 -65.534
 -65.534
 -65.534
 -65.534
 -65.534
 -65.534
 -65.534
 -65.534
 -65.534
 -65.534
 -65.534
 -65.534
 -65.534
 -65.534
 -65.534
 -65.534
 -65.534
 -65.534
 -65.534
 -65.534
 -65.534
 -65.534
 -65.534
 -65.534
 -65.534
 -65.534
 -65.534
   1.613
   1.631
   1.616
   1.592
   1.524
   1.420
   1.242
   0.467
 -65.534
 -65.534
 -65.534
 -65.534
 -65.534
 -65.534
   1.932
   1.878
 -65.534
   2.086
   2.194
   2.217
   2.256
   2.242
   2.219
   2.168
   2.121
   2.063
   2.002
   1.943
   1.888
   1.830
   1.764
   1.682
   1.586
   1.466
   1.318
   1.147
   0.952
   0.724
   0.386
   0.000
 -65.534
 -65.534
 -65.534
 -65.534
 -65.534
 -65.534
 -65.534
 -65.534
 -65.534
 -65.534
 -65.534
 -65.534
 -65.534
 -65.534
 -65.534
 -65.534
 -65.534
 -65.534
 -65.534
 -65.534
 -65.534
 -65.534
 -65.534
 -65.534
 -65.534
 -65.534
 -65.534
 -65.534
 -65.534
 -65.534
 -65.534
 -65.534
   1.472
   1.431
   1.357
   1.184
   0.650
   0.289
 -65.534
 -65.534
 -65.534
 -65.534
 -65.534
 -65.534
 -65.534
 -65.534
 -65.534
 -65.534
 -65.534
   1.862
   1.983
   1.982
   2.023
   1.963
   1.883
   1.775
   1.688
   1.604
   1.517
   1.425
   1.314
   1.191
   1.051
   0.894
   0.727
   0.537
   0.324
   0.046
   0.000
 -65.534
 -65.534
 -65.534
 -65.534
 -65.534
 -65.534
 -65.534
 -65.534
 -65.534
 -65.534
 -65.534
 -65.534
 -65.534
 -65.534
 -65.534
 -65.534
 -65.534
 -65.534
 -65.534
 -65.534
 -65.534
 -65.534
 -65.534
 -65.534
 -65.534
 -65.534
 -65.534
 -65.534
 -65.534
 -65.534
 -65.534
 -65.534
   1.320
   1.294
   1.223
   1.064
   0.718
   0.404
   0.220
   0.151
 -65.534
 -65.534
 -65.534
 -65.534
 -65.534
 -65.534
 -65.534
 -65.534
 -65.534
 -65.534
 -65.534
 -65.534
   1.523
   1.596
   1.537
   1.502
   1.406
   1.301
   1.187
   1.067
   0.935
   0.794
   0.646
   0.484
   0.322
   0.164
  -0.011
  -0.226
   0.000
 -65.534
 -65.534
 -65.534
 -65.534
 -65.534
 -65.534
 -65.534
 -65.534
 -65.534
 -65.534
 -65.534
 -65.534
 -65.534
 -65.534
 -65.534
 -65.534
 -65.534
 -65.534
 -65.534
 -65.534
 -65.534
 -65.534
 -65.534
 -65.534
 -65.534
 -65.534
 -65.534
 -65.534
 -65.534
 -65.534
 -65.534
 -65.534
 -65.534
 -65.534
 -65.534
 -65.534
   0.609
   0.438
   0.301
   0.208
   0.142
   0.110
   0.077
   0.047
   0.011
 -65.534
 -65.534
 -65.534
 -65.534
 -65.534
 -65.534
 -65.534
 -65.534
 -65.534
 -65.534
   1.026
   1.073
   0.997
   0.880
   0.727
   0.575
   0.427
   0.271
   0.117
  -0.027
  -0.161
  -0.300
  -0.453
   0.000
 -65.534
 -65.534
 -65.534
 -65.534
 -65.534
 -65.534
 -65.534
 -65.534
 -65.534
 -65.534
 -65.534
 -65.534
 -65.534
 -65.534
 -65.534
 -65.534
 -65.534
 -65.534
 -65.534
 -65.534
 -65.534
 -65.534
 -65.534
 -65.534
 -65.534
 -65.534
 -65.534
 -65.534
 -65.534
 -65.534
 -65.534
 -65.534
 -65.534
 -65.534
 -65.534
 -65.534
 -65.534
 -65.534
 -65.534
 -65.534
   0.136
 -65.534
 -65.534
 -65.534
 -65.534
 -65.534
 -65.534
 -65.534
 -65.534
 -65.534
 -65.534
 -65.534
 -65.534
 -65.534
 -65.534
   0.528
   0.620
   0.590
   0.495
   0.393
   0.249
   0.077
  -0.073
  -0.209
  -0.336
  -0.435
  -0.540
  -0.645
   0.000
 -65.534
 -65.534
 -65.534
 -65.534
 -65.534
 -65.534
 -65.534
 -65.534
 -65.534
 -65.534
 -65.534
 -65.534
 -65.534
 -65.534
 -65.534
 -65.534
 -65.534
 -65.534
 -65.534
 -65.534
 -65.534
 -65.534
 -65.534
 -65.534
 -65.534
 -65.534
 -65.534
 -65.534
 -65.534
 -65.534
 -65.534
 -65.534
 -65.534
 -65.534
 -65.534
 -65.534
 -65.534
 -65.534
 -65.534
 -65.534
 -65.534
 -65.534
 -65.534
 -65.534
 -65.534
 -65.534
 -65.534
 -65.534
 -65.534
 -65.534
 -65.534
 -65.534
 -65.534
 -65.534
 -65.534
 -65.534
 -65.534
 -65.534
 -65.534
   0.070
  -0.081
  -0.238
  -0.374
  -0.480
  -0.565
  -0.629
  -0.677
  -0.726
   0.000
 -65.534
 -65.534
 -65.534
 -65.534
 -65.534
 -65.534
 -65.534
 -65.534
 -65.534
 -65.534
 -65.534
 -65.534
 -65.534
 -65.534
 -65.534
 -65.534
 -65.534
 -65.534
 -65.534
 -65.534
 -65.534
 -65.534
 -65.534
 -65.534
 -65.534
 -65.534
 -65.534
 -65.534
 -65.534
 -65.534
 -65.534
 -65.534
 -65.534
 -65.534
 -65.534
 -65.534
 -65.534
 -65.534
 -65.534
 -65.534
 -65.534
 -65.534
 -65.534
 -65.534
 -65.534
 -65.534
 -65.534
 -65.534
 -65.534
 -65.534
 -65.534
 -65.534
 -65.534
 -65.534
 -65.534
 -65.534
 -65.534
 -65.534
 -65.534
 -65.534
 -65.534
   0.000
   0.000
   0.000
   0.000
   0.000
   0.000
   0.000
 -65.534
