 -65.534
   0.000
   0.000
   0.000
   0.000
   0.000
   0.000
   0.000
   0.000
   0.000
   0.000
   0.000
   0.000
   0.000
   0.000
   0.000
   0.000
   0.000
   0.000
   0.000
   0.000
   0.000
   0.000
   0.000
   0.000
   0.000
   0.000
   0.000
   0.000
   0.000
   0.000
   0.000
   0.000
   0.000
   0.000
   0.000
   0.000
   0.000
   0.000
   0.000
   0.000
   0.000
   0.000
   0.000
   0.000
   0.000
   0.000
   0.000
   0.000
   0.000
   0.000
   0.000
   0.000
   0.000
   0.000
   0.000
   0.000
   0.000
   0.000
   0.000
   0.000
   0.000
   0.000
   0.000
   0.000
   0.000
   0.000
   0.000
 -65.534
   0.000
   1.659
   1.777
   1.810
   1.848
   1.886
   1.924
   1.954
   1.975
   1.987
   1.996
   1.996
   1.989
   1.990
   1.989
   1.990
   1.998
   2.014
   2.023
   2.010
   1.981
   1.943
   1.917
   1.860
   1.945
   2.074
   2.182
   2.255
   2.308
   2.345
   2.368
   2.395
   2.400
   2.378
   2.384
   2.351
   2.334
   2.296
   2.219
   2.143
   2.039
   1.937
   1.843
   1.738
   1.641
   1.567
   1.505
   1.434
   1.371
   1.315
   1.275
   1.252
   1.238
   1.243
   1.262
   1.292
   1.327
   1.369
   1.414
   1.468
   1.527
   1.577
   1.626
   1.669
   1.692
   1.710
   1.724
   1.735
   0.000
   0.000
   1.849
   1.947
   1.969
   1.997
   2.022
   2.048
   2.075
   2.098
   2.117
   2.129
   2.130
   2.127
   2.125
   2.129
   2.141
   2.153
   2.175
   2.197
   2.207
   2.207
   2.204
   2.211
   2.204
   2.283
   2.387
   2.477
   2.548
   2.596
   2.625
   2.651
   2.671
   2.687
   2.688
   2.692
   2.681
   2.657
   2.629
   2.567
   2.482
   2.382
   2.269
   2.150
   2.021
   1.907
   1.829
   1.767
   1.698
   1.633
   1.575
   1.526
   1.498
   1.486
   1.487
   1.501
   1.530
   1.571
   1.621
   1.681
   1.745
   1.817
   1.887
   1.955
   2.008
   2.047
   2.070
   2.088
   2.077
   0.000
   0.000
   1.861
   1.955
   1.971
   1.988
   2.005
   2.029
   2.059
   2.084
   2.109
   2.128
   2.137
   2.145
   2.151
   2.165
   2.185
   2.215
   2.250
   2.287
   2.323
   2.347
   2.374
   2.412
   2.459
   2.514
   2.598
   2.664
   2.713
   2.744
   2.771
   2.795
   2.814
   2.831
   2.857
   2.872
   2.866
   2.854
   2.822
   2.763
   2.682
   2.581
   2.461
   2.332
   2.197
   2.076
   1.988
   1.925
   1.857
   1.791
   1.732
   1.680
   1.645
   1.628
   1.624
   1.636
   1.661
   1.700
   1.750
   1.815
   1.882
   1.957
   2.034
   2.109
   2.170
   2.215
   2.240
   2.260
   2.235
   0.000
   0.000
   1.853
   1.939
   1.950
   1.968
   1.986
   2.007
   2.031
   2.055
   2.085
   2.113
   2.133
   2.151
   2.173
   2.202
   2.242
   2.284
   2.334
   2.390
   2.444
   2.492
   2.533
   2.589
   2.659
   2.717
   2.783
   2.835
   2.861
   2.869
   2.881
   2.901
   2.918
   2.939
   2.976
   3.008
   3.018
   3.017
   2.997
   2.945
   2.864
   2.769
   2.646
   2.515
   2.382
   2.259
   2.162
   2.088
   2.020
   1.955
   1.888
   1.835
   1.795
   1.771
   1.759
   1.761
   1.781
   1.818
   1.863
   1.917
   1.980
   2.056
   2.130
   2.203
   2.266
   2.315
   2.344
   2.365
   2.333
   0.000
   0.000
   1.824
   1.906
   1.918
   1.944
   1.961
   1.978
   2.003
   2.030
   2.063
   2.097
   2.126
   2.159
   2.197
   2.244
   2.294
   2.350
   2.413
   2.478
   2.547
   2.606
   2.661
   2.729
   2.794
   2.871
   2.926
   2.946
   2.944
   2.925
   2.922
   2.937
   2.956
   2.989
   3.042
   3.089
   3.117
   3.129
   3.123
   3.085
   3.015
   2.925
   2.813
   2.693
   2.567
   2.443
   2.338
   2.249
   2.177
   2.107
   2.035
   1.974
   1.930
   1.898
   1.882
   1.882
   1.898
   1.926
   1.967
   2.011
   2.066
   2.129
   2.198
   2.268
   2.331
   2.378
   2.410
   2.432
   2.397
   0.000
   0.000
   1.785
   1.863
   1.876
   1.906
   1.931
   1.956
   1.982
   2.012
   2.046
   2.081
   2.117
   2.159
   2.207
   2.260
   2.325
   2.393
   2.464
   2.539
   2.611
   2.679
   2.750
   2.830
   2.906
   2.964
   2.977
   2.968
   2.944
   2.908
   2.895
   2.917
   2.948
   2.998
   3.059
   3.124
   3.169
   3.205
   3.208
   3.185
   3.131
   3.060
   2.970
   2.861
   2.741
   2.619
   2.514
   2.419
   2.335
   2.251
   2.172
   2.102
   2.048
   2.009
   1.988
   1.987
   1.999
   2.025
   2.055
   2.091
   2.135
   2.186
   2.243
   2.305
   2.361
   2.408
   2.446
   2.473
   2.440
   0.000
   0.000
   1.753
   1.828
   1.847
   1.881
   1.909
   1.940
   1.969
   1.998
   2.029
   2.064
   2.103
   2.146
   2.197
   2.255
   2.323
   2.399
   2.474
   2.554
   2.630
   2.702
   2.770
   2.841
   2.907
   2.940
   2.935
   2.911
   2.871
   2.826
   2.816
   2.848
   2.899
   2.966
   3.043
   3.127
   3.185
   3.231
   3.253
   3.245
   3.208
   3.157
   3.083
   2.990
   2.892
   2.781
   2.672
   2.572
   2.479
   2.383
   2.292
   2.207
   2.139
   2.092
   2.067
   2.062
   2.074
   2.094
   2.123
   2.149
   2.182
   2.220
   2.266
   2.317
   2.367
   2.415
   2.455
   2.487
   2.462
   0.000
   0.000
   1.730
   1.817
   1.837
   1.876
   1.905
   1.928
   1.954
   1.981
   2.010
   2.043
   2.079
   2.119
   2.167
   2.225
   2.295
   2.374
   2.454
   2.533
   2.606
   2.679
   2.740
   2.800
   2.850
   2.866
   2.847
   2.811
   2.764
   2.718
   2.713
   2.759
   2.826
   2.909
   3.009
   3.103
   3.177
   3.237
   3.269
   3.274
   3.253
   3.214
   3.159
   3.087
   3.003
   2.913
   2.814
   2.710
   2.607
   2.502
   2.399
   2.305
   2.224
   2.165
   2.129
   2.120
   2.128
   2.145
   2.165
   2.184
   2.208
   2.234
   2.270
   2.309
   2.354
   2.400
   2.442
   2.483
   2.464
   0.000
   0.000
   1.692
   1.791
   1.821
   1.866
   1.896
   1.921
   1.944
   1.964
   1.990
   2.013
   2.042
   2.079
   2.123
   2.180
   2.250
   2.324
   2.403
   2.479
   2.552
   2.621
   2.679
   2.731
   2.770
   2.773
   2.743
   2.704
   2.649
   2.609
   2.617
   2.671
   2.750
   2.843
   2.956
   3.059
   3.144
   3.217
   3.263
   3.275
   3.264
   3.238
   3.195
   3.143
   3.078
   3.002
   2.918
   2.820
   2.714
   2.603
   2.493
   2.392
   2.303
   2.234
   2.185
   2.166
   2.163
   2.170
   2.180
   2.190
   2.206
   2.228
   2.259
   2.290
   2.333
   2.380
   2.426
   2.473
   2.461
   0.000
   0.000
   1.623
   1.734
   1.780
   1.835
   1.876
   1.907
   1.932
   1.955
   1.973
   1.990
   2.009
   2.037
   2.075
   2.127
   2.191
   2.256
   2.327
   2.397
   2.465
   2.526
   2.581
   2.632
   2.665
   2.663
   2.635
   2.588
   2.536
   2.511
   2.531
   2.586
   2.662
   2.758
   2.872
   2.983
   3.076
   3.156
   3.211
   3.236
   3.235
   3.222
   3.193
   3.154
   3.109
   3.045
   2.970
   2.892
   2.790
   2.684
   2.573
   2.465
   2.367
   2.287
   2.225
   2.191
   2.172
   2.167
   2.164
   2.165
   2.175
   2.197
   2.224
   2.262
   2.307
   2.359
   2.412
   2.464
   2.460
   0.000
   0.000
   1.539
   1.670
   1.728
   1.795
   1.847
   1.886
   1.915
   1.944
   1.968
   1.988
   2.004
   2.023
   2.049
   2.087
   2.136
   2.189
   2.243
   2.301
   2.359
   2.418
   2.466
   2.514
   2.551
   2.553
   2.532
   2.492
   2.453
   2.434
   2.455
   2.510
   2.581
   2.675
   2.789
   2.896
   2.990
   3.070
   3.130
   3.161
   3.172
   3.171
   3.151
   3.125
   3.088
   3.042
   2.983
   2.918
   2.831
   2.732
   2.629
   2.520
   2.419
   2.328
   2.255
   2.201
   2.167
   2.143
   2.129
   2.124
   2.130
   2.154
   2.184
   2.226
   2.283
   2.340
   2.400
   2.458
   2.460
   0.000
   0.000
   1.415
   1.606
   1.685
   1.763
   1.824
   1.871
   1.913
   1.941
   1.970
   1.995
   2.018
   2.039
   2.062
   2.088
   2.118
   2.147
   2.181
   2.219
   2.264
   2.308
   2.353
   2.400
   2.436
   2.446
   2.435
   2.413
   2.384
   2.372
   2.386
   2.437
   2.501
   2.588
   2.696
   2.798
   2.884
   2.958
   3.016
   3.050
   3.068
   3.074
   3.066
   3.044
   3.024
   2.990
   2.943
   2.895
   2.828
   2.746
   2.652
   2.553
   2.453
   2.357
   2.275
   2.206
   2.150
   2.112
   2.092
   2.087
   2.093
   2.118
   2.153
   2.197
   2.258
   2.325
   2.393
   2.459
   2.462
   0.000
 -65.534
 -65.534
   1.463
   1.651
   1.735
   1.807
   1.868
   1.916
   1.953
   1.985
   2.012
   2.032
   2.052
   2.072
   2.093
   2.116
   2.134
   2.151
   2.168
   2.189
   2.217
   2.247
   2.282
   2.318
   2.333
   2.335
   2.324
   2.310
   2.299
   2.314
   2.358
   2.411
   2.495
   2.595
   2.684
   2.754
   2.817
   2.868
   2.900
   2.922
   2.930
   2.927
   2.919
   2.907
   2.886
   2.853
   2.818
   2.772
   2.712
   2.639
   2.555
   2.463
   2.369
   2.280
   2.202
   2.135
   2.085
   2.064
   2.062
   2.077
   2.103
   2.140
   2.186
   2.251
   2.323
   2.393
   2.466
   2.479
   0.000
 -65.534
 -65.534
 -65.534
   1.527
   1.717
   1.789
   1.864
   1.925
   1.972
   2.007
   2.037
   2.055
   2.070
   2.083
   2.097
   2.113
   2.128
   2.136
   2.142
   2.148
   2.155
   2.167
   2.183
   2.206
   2.221
   2.228
   2.230
   2.227
   2.224
   2.235
   2.267
   2.320
   2.394
   2.467
   2.523
   2.615
   2.671
   2.706
   2.731
   2.751
   2.762
   2.762
   2.760
   2.757
   2.746
   2.724
   2.700
   2.672
   2.634
   2.589
   2.530
   2.453
   2.367
   2.283
   2.200
   2.126
   2.079
   2.058
   2.063
   2.084
   2.117
   2.156
   2.210
   2.274
   2.348
   2.425
   2.505
   2.523
   0.000
 -65.534
 -65.534
 -65.534
 -65.534
   1.648
   1.771
   1.856
   1.922
   1.976
   2.020
   2.056
   2.078
   2.093
   2.106
   2.115
   2.121
   2.126
   2.127
   2.128
   2.124
   2.115
   2.112
   2.113
   2.118
   2.123
   2.126
   2.131
   2.134
   2.135
   2.150
   2.177
   2.219
   2.277
   2.336
   2.390
   2.454
   2.488
   2.550
   2.575
   2.588
   2.600
   2.601
   2.601
   2.600
   2.587
   2.572
   2.555
   2.541
   2.523
   2.500
   2.467
   2.410
   2.343
   2.272
   2.200
   2.136
   2.093
   2.077
   2.087
   2.120
   2.161
   2.211
   2.270
   2.341
   2.417
   2.497
   2.585
   2.604
   0.000
 -65.534
 -65.534
 -65.534
 -65.534
   1.607
   1.740
   1.827
   1.899
   1.959
   2.007
   2.051
   2.081
   2.104
   2.119
   2.129
   2.129
   2.126
   2.116
   2.104
   2.095
   2.083
   2.070
   2.061
   2.053
   2.047
   2.041
   2.039
   2.036
   2.037
   2.052
   2.077
   2.107
   2.152
   2.199
   2.242
   2.282
   2.313
   2.358
   2.368
   2.404
   2.419
   2.423
   2.428
   2.429
   2.422
   2.410
   2.401
   2.396
   2.392
   2.390
   2.378
   2.349
   2.310
   2.259
   2.203
   2.153
   2.118
   2.110
   2.130
   2.168
   2.223
   2.283
   2.348
   2.424
   2.506
   2.590
   2.681
   2.701
   0.000
 -65.534
 -65.534
 -65.534
 -65.534
   1.553
   1.690
   1.774
   1.847
   1.906
   1.969
   2.021
   2.059
   2.084
   2.107
   2.118
   2.115
   2.099
   2.080
   2.061
   2.044
   2.030
   2.017
   2.003
   1.989
   1.973
   1.959
   1.950
   1.943
   1.942
   1.951
   1.967
   1.985
   2.016
   2.047
   2.077
   2.104
   2.130
   2.150
   2.164
   2.189
   2.209
   2.217
   2.224
   2.227
   2.228
   2.231
   2.235
   2.246
   2.257
   2.272
   2.285
   2.284
   2.270
   2.241
   2.206
   2.169
   2.143
   2.140
   2.165
   2.211
   2.274
   2.341
   2.415
   2.493
   2.575
   2.662
   2.754
   2.768
   0.000
 -65.534
 -65.534
 -65.534
 -65.534
   1.428
   1.550
   1.625
   1.709
   1.805
   1.865
   1.929
   1.978
   2.014
   2.045
   2.059
   2.060
   2.042
   2.016
   1.992
   1.970
   1.953
   1.937
   1.924
   1.910
   1.894
   1.877
   1.863
   1.848
   1.845
   1.848
   1.854
   1.863
   1.877
   1.891
   1.908
   1.926
   1.944
   1.954
   1.967
   1.981
   1.998
   2.004
   2.013
   2.023
   2.034
   2.047
   2.064
   2.085
   2.113
   2.146
   2.178
   2.202
   2.212
   2.205
   2.187
   2.166
   2.150
   2.150
   2.172
   2.223
   2.291
   2.365
   2.441
   2.521
   2.602
   2.692
   2.783
   2.785
   0.000
 -65.534
 -65.534
 -65.534
 -65.534
 -65.534
 -65.534
 -65.534
 -65.534
   1.601
   1.710
   1.781
   1.847
   1.899
   1.943
   1.968
   1.973
   1.959
   1.930
   1.903
   1.883
   1.862
   1.843
   1.828
   1.813
   1.799
   1.783
   1.771
   1.757
   1.747
   1.743
   1.738
   1.735
   1.738
   1.738
   1.738
   1.742
   1.751
   1.762
   1.774
   1.786
   1.800
   1.814
   1.831
   1.849
   1.867
   1.886
   1.909
   1.938
   1.976
   2.018
   2.069
   2.111
   2.143
   2.153
   2.153
   2.142
   2.136
   2.138
   2.160
   2.207
   2.268
   2.345
   2.421
   2.501
   2.589
   2.684
   2.774
   2.766
   0.000
 -65.534
 -65.534
 -65.534
 -65.534
 -65.534
 -65.534
   1.072
   1.279
   1.456
   1.551
   1.625
   1.704
   1.774
   1.826
   1.861
   1.874
   1.859
   1.833
   1.806
   1.785
   1.771
   1.749
   1.729
   1.715
   1.694
   1.684
   1.671
   1.662
   1.654
   1.645
   1.631
   1.612
   1.598
   1.584
   1.571
   1.563
   1.564
   1.566
   1.578
   1.595
   1.620
   1.648
   1.677
   1.708
   1.739
   1.763
   1.791
   1.823
   1.863
   1.910
   1.967
   2.023
   2.069
   2.100
   2.112
   2.114
   2.109
   2.118
   2.140
   2.178
   2.232
   2.299
   2.369
   2.446
   2.537
   2.634
   2.727
   2.711
   0.000
 -65.534
 -65.534
 -65.534
 -65.534
 -65.534
 -65.534
 -65.534
 -65.534
 -65.534
   1.352
   1.443
   1.507
   1.577
   1.644
   1.705
   1.752
   1.735
   1.711
   1.687
   1.667
   1.657
   1.644
   1.631
   1.620
   1.604
   1.586
   1.575
   1.567
   1.557
   1.545
   1.525
   1.500
   1.475
   1.450
   1.421
   1.402
   1.388
   1.384
   1.391
   1.413
   1.449
   1.491
   1.538
   1.586
   1.632
   1.669
   1.700
   1.738
   1.778
   1.828
   1.884
   1.946
   2.002
   2.044
   2.068
   2.081
   2.083
   2.092
   2.115
   2.152
   2.194
   2.244
   2.303
   2.367
   2.445
   2.536
   2.622
   2.600
   0.000
 -65.534
 -65.534
 -65.534
 -65.534
 -65.534
 -65.534
 -65.534
 -65.534
 -65.534
 -65.534
 -65.534
 -65.534
 -65.534
 -65.534
 -65.534
   1.504
   1.511
   1.511
   1.513
   1.522
   1.531
   1.537
   1.539
   1.533
   1.520
   1.506
   1.494
   1.488
   1.476
   1.459
   1.434
   1.406
   1.374
   1.340
   1.307
   1.276
   1.253
   1.237
   1.239
   1.262
   1.304
   1.359
   1.418
   1.479
   1.540
   1.590
   1.633
   1.674
   1.715
   1.761
   1.817
   1.883
   1.941
   1.990
   2.027
   2.047
   2.060
   2.070
   2.098
   2.129
   2.166
   2.199
   2.237
   2.284
   2.342
   2.413
   2.492
   2.454
   0.000
 -65.534
 -65.534
 -65.534
 -65.534
 -65.534
 -65.534
 -65.534
 -65.534
 -65.534
 -65.534
 -65.534
 -65.534
 -65.534
 -65.534
 -65.534
 -65.534
 -65.534
 -65.534
 -65.534
   1.307
   1.379
   1.420
   1.444
   1.457
   1.452
   1.441
   1.436
   1.425
   1.413
   1.396
   1.371
   1.338
   1.304
   1.268
   1.235
   1.203
   1.176
   1.155
   1.153
   1.175
   1.219
   1.276
   1.338
   1.406
   1.473
   1.531
   1.582
   1.629
   1.671
   1.717
   1.768
   1.831
   1.890
   1.938
   1.984
   2.016
   2.033
   2.049
   2.078
   2.109
   2.140
   2.161
   2.180
   2.204
   2.238
   2.296
   2.360
   2.305
   0.000
 -65.534
 -65.534
 -65.534
 -65.534
 -65.534
 -65.534
 -65.534
 -65.534
 -65.534
 -65.534
 -65.534
 -65.534
 -65.534
 -65.534
 -65.534
 -65.534
 -65.534
 -65.534
   0.893
   1.155
   1.224
   1.281
   1.329
   1.365
   1.379
   1.383
   1.381
   1.374
   1.365
   1.347
   1.322
   1.296
   1.263
   1.233
   1.202
   1.178
   1.155
   1.139
   1.139
   1.159
   1.200
   1.252
   1.312
   1.373
   1.435
   1.492
   1.542
   1.591
   1.638
   1.683
   1.734
   1.794
   1.851
   1.898
   1.939
   1.975
   2.000
   2.022
   2.050
   2.079
   2.102
   2.115
   2.121
   2.126
   2.142
   2.175
   2.223
   2.149
   0.000
 -65.534
 -65.534
 -65.534
 -65.534
 -65.534
 -65.534
 -65.534
 -65.534
 -65.534
 -65.534
 -65.534
 -65.534
 -65.534
 -65.534
 -65.534
 -65.534
 -65.534
   0.693
   0.893
   1.018
   1.087
   1.148
   1.208
   1.263
   1.296
   1.311
   1.318
   1.318
   1.313
   1.301
   1.285
   1.263
   1.238
   1.213
   1.190
   1.172
   1.159
   1.149
   1.157
   1.181
   1.220
   1.271
   1.323
   1.378
   1.430
   1.476
   1.521
   1.565
   1.610
   1.656
   1.706
   1.762
   1.814
   1.861
   1.901
   1.943
   1.975
   2.007
   2.036
   2.057
   2.068
   2.071
   2.067
   2.058
   2.060
   2.073
   2.101
   2.011
   0.000
 -65.534
 -65.534
 -65.534
 -65.534
 -65.534
 -65.534
 -65.534
 -65.534
 -65.534
 -65.534
 -65.534
 -65.534
 -65.534
 -65.534
 -65.534
 -65.534
 -65.534
   0.718
   0.826
   0.904
   0.968
   1.027
   1.092
   1.156
   1.203
   1.228
   1.242
   1.250
   1.248
   1.245
   1.239
   1.228
   1.212
   1.192
   1.172
   1.160
   1.154
   1.154
   1.167
   1.198
   1.241
   1.293
   1.343
   1.394
   1.439
   1.476
   1.516
   1.557
   1.594
   1.635
   1.681
   1.735
   1.788
   1.835
   1.881
   1.926
   1.968
   2.005
   2.037
   2.054
   2.056
   2.050
   2.037
   2.017
   2.004
   1.999
   1.999
   1.875
   0.000
 -65.534
 -65.534
 -65.534
 -65.534
 -65.534
 -65.534
 -65.534
 -65.534
 -65.534
 -65.534
 -65.534
 -65.534
 -65.534
 -65.534
 -65.534
 -65.534
 -65.534
   0.708
   0.761
   0.817
   0.866
   0.924
   0.987
   1.049
   1.103
   1.132
   1.152
   1.163
   1.170
   1.177
   1.180
   1.178
   1.174
   1.161
   1.147
   1.139
   1.137
   1.141
   1.164
   1.201
   1.248
   1.301
   1.350
   1.399
   1.439
   1.471
   1.508
   1.550
   1.588
   1.626
   1.672
   1.724
   1.779
   1.828
   1.879
   1.929
   1.972
   2.012
   2.043
   2.060
   2.059
   2.046
   2.025
   1.998
   1.962
   1.944
   1.903
   1.762
   0.000
 -65.534
 -65.534
 -65.534
 -65.534
 -65.534
 -65.534
 -65.534
 -65.534
 -65.534
 -65.534
 -65.534
 -65.534
 -65.534
 -65.534
 -65.534
 -65.534
 -65.534
   0.733
   0.733
   0.765
   0.805
   0.850
   0.906
   0.958
   1.003
   1.040
   1.059
   1.073
   1.087
   1.100
   1.114
   1.123
   1.123
   1.120
   1.114
   1.112
   1.113
   1.127
   1.155
   1.196
   1.251
   1.302
   1.349
   1.396
   1.434
   1.470
   1.505
   1.546
   1.591
   1.633
   1.680
   1.733
   1.786
   1.839
   1.891
   1.938
   1.978
   2.009
   2.037
   2.051
   2.051
   2.036
   2.013
   1.987
   1.952
   1.911
   1.852
   1.683
   0.000
 -65.534
 -65.534
 -65.534
 -65.534
 -65.534
 -65.534
 -65.534
 -65.534
 -65.534
 -65.534
 -65.534
 -65.534
 -65.534
 -65.534
 -65.534
 -65.534
 -65.534
 -65.534
   0.742
   0.741
   0.771
   0.810
   0.854
   0.891
   0.926
   0.956
   0.977
   0.994
   1.014
   1.036
   1.057
   1.068
   1.076
   1.080
   1.079
   1.083
   1.094
   1.112
   1.143
   1.185
   1.235
   1.285
   1.337
   1.385
   1.429
   1.466
   1.505
   1.552
   1.600
   1.651
   1.703
   1.755
   1.800
   1.847
   1.889
   1.932
   1.965
   1.991
   2.010
   2.017
   2.015
   2.007
   1.988
   1.964
   1.936
   1.887
   1.812
   1.624
   0.000
 -65.534
 -65.534
 -65.534
 -65.534
 -65.534
 -65.534
 -65.534
 -65.534
 -65.534
 -65.534
 -65.534
 -65.534
 -65.534
 -65.534
 -65.534
 -65.534
 -65.534
 -65.534
 -65.534
   0.742
   0.761
   0.800
   0.830
   0.850
   0.868
   0.890
   0.909
   0.927
   0.952
   0.982
   1.007
   1.024
   1.035
   1.042
   1.055
   1.074
   1.084
   1.093
   1.106
   1.139
   1.202
   1.251
   1.300
   1.356
   1.411
   1.462
   1.508
   1.554
   1.605
   1.657
   1.708
   1.760
   1.803
   1.838
   1.872
   1.906
   1.934
   1.956
   1.971
   1.974
   1.968
   1.959
   1.945
   1.923
   1.899
   1.857
   1.771
   1.569
   0.000
 -65.534
 -65.534
 -65.534
 -65.534
 -65.534
 -65.534
 -65.534
 -65.534
 -65.534
 -65.534
 -65.534
 -65.534
 -65.534
 -65.534
 -65.534
 -65.534
 -65.534
 -65.534
 -65.534
 -65.534
   0.747
   0.766
   0.784
   0.802
   0.819
   0.834
   0.848
   0.868
   0.890
   0.918
   0.940
   0.943
   0.929
   0.900
   0.849
   0.719
 -65.534
 -65.534
 -65.534
 -65.534
   1.066
   1.150
   1.246
   1.314
   1.385
   1.445
   1.493
   1.541
   1.583
   1.632
   1.681
   1.729
   1.765
   1.797
   1.829
   1.861
   1.888
   1.910
   1.923
   1.924
   1.921
   1.907
   1.893
   1.873
   1.847
   1.807
   1.731
   1.534
   0.000
 -65.534
 -65.534
 -65.534
 -65.534
 -65.534
 -65.534
 -65.534
 -65.534
 -65.534
 -65.534
 -65.534
 -65.534
 -65.534
 -65.534
 -65.534
 -65.534
 -65.534
 -65.534
 -65.534
 -65.534
 -65.534
 -65.534
 -65.534
 -65.534
   0.748
   0.775
   0.797
   0.815
   0.834
   0.848
   0.856
   0.840
   0.802
   0.743
   0.657
   0.526
 -65.534
 -65.534
 -65.534
 -65.534
 -65.534
 -65.534
   1.117
   1.246
   1.328
   1.391
   1.438
   1.475
   1.518
   1.560
   1.607
   1.650
   1.687
   1.723
   1.760
   1.802
   1.833
   1.854
   1.865
   1.866
   1.858
   1.845
   1.827
   1.807
   1.784
   1.748
   1.678
   1.502
   0.000
 -65.534
 -65.534
 -65.534
 -65.534
 -65.534
 -65.534
 -65.534
 -65.534
 -65.534
 -65.534
 -65.534
 -65.534
 -65.534
 -65.534
 -65.534
 -65.534
 -65.534
 -65.534
 -65.534
 -65.534
 -65.534
 -65.534
 -65.534
 -65.534
   0.668
   0.699
   0.718
   0.732
   0.749
   0.766
   0.758
   0.729
   0.675
   0.613
   0.544
   0.453
 -65.534
 -65.534
 -65.534
 -65.534
 -65.534
 -65.534
 -65.534
   1.136
   1.238
   1.276
   1.342
   1.373
   1.416
   1.459
   1.501
   1.545
   1.585
   1.633
   1.681
   1.733
   1.771
   1.792
   1.802
   1.798
   1.787
   1.771
   1.752
   1.735
   1.712
   1.679
   1.624
   1.473
   0.000
 -65.534
 -65.534
 -65.534
 -65.534
 -65.534
 -65.534
 -65.534
 -65.534
 -65.534
 -65.534
 -65.534
 -65.534
 -65.534
 -65.534
 -65.534
 -65.534
 -65.534
 -65.534
 -65.534
 -65.534
 -65.534
 -65.534
 -65.534
 -65.534
 -65.534
 -65.534
 -65.534
 -65.534
 -65.534
   0.616
   0.599
   0.579
   0.562
   0.521
   0.476
   0.409
   0.201
 -65.534
 -65.534
 -65.534
 -65.534
 -65.534
 -65.534
   0.855
   0.774
 -65.534
   1.146
   1.212
   1.256
   1.343
   1.390
   1.437
   1.482
   1.532
   1.592
   1.655
   1.698
   1.718
   1.719
   1.713
   1.701
   1.683
   1.672
   1.659
   1.642
   1.617
   1.580
   1.456
   0.000
 -65.534
 -65.534
 -65.534
 -65.534
 -65.534
 -65.534
 -65.534
 -65.534
 -65.534
 -65.534
 -65.534
 -65.534
 -65.534
 -65.534
 -65.534
 -65.534
 -65.534
 -65.534
 -65.534
 -65.534
 -65.534
 -65.534
 -65.534
 -65.534
 -65.534
 -65.534
 -65.534
 -65.534
 -65.534
 -65.534
 -65.534
 -65.534
   0.449
   0.439
   0.419
   0.368
   0.253
   0.163
 -65.534
 -65.534
 -65.534
 -65.534
 -65.534
 -65.534
 -65.534
 -65.534
 -65.534
 -65.534
 -65.534
   1.123
   1.193
   1.245
   1.347
   1.398
   1.473
   1.546
   1.593
   1.604
   1.604
   1.602
   1.598
   1.588
   1.590
   1.595
   1.601
   1.588
   1.564
   1.476
   0.000
 -65.534
 -65.534
 -65.534
 -65.534
 -65.534
 -65.534
 -65.534
 -65.534
 -65.534
 -65.534
 -65.534
 -65.534
 -65.534
 -65.534
 -65.534
 -65.534
 -65.534
 -65.534
 -65.534
 -65.534
 -65.534
 -65.534
 -65.534
 -65.534
 -65.534
 -65.534
 -65.534
 -65.534
 -65.534
 -65.534
 -65.534
 -65.534
   0.311
   0.315
   0.308
   0.283
   0.239
   0.198
   0.152
   0.117
 -65.534
 -65.534
 -65.534
 -65.534
 -65.534
 -65.534
 -65.534
 -65.534
 -65.534
 -65.534
 -65.534
 -65.534
   1.088
   1.128
   1.221
   1.373
   1.442
   1.451
   1.458
   1.466
   1.480
   1.489
   1.511
   1.536
   1.563
   1.579
   1.579
   1.530
   0.000
 -65.534
 -65.534
 -65.534
 -65.534
 -65.534
 -65.534
 -65.534
 -65.534
 -65.534
 -65.534
 -65.534
 -65.534
 -65.534
 -65.534
 -65.534
 -65.534
 -65.534
 -65.534
 -65.534
 -65.534
 -65.534
 -65.534
 -65.534
 -65.534
 -65.534
 -65.534
 -65.534
 -65.534
 -65.534
 -65.534
 -65.534
 -65.534
 -65.534
 -65.534
 -65.534
 -65.534
   0.166
   0.176
   0.172
   0.157
   0.127
   0.110
   0.103
   0.085
   0.070
 -65.534
 -65.534
 -65.534
 -65.534
 -65.534
 -65.534
 -65.534
 -65.534
 -65.534
 -65.534
   1.172
   1.247
   1.265
   1.279
   1.315
   1.353
   1.384
   1.419
   1.467
   1.516
   1.557
   1.569
   1.552
   0.000
 -65.534
 -65.534
 -65.534
 -65.534
 -65.534
 -65.534
 -65.534
 -65.534
 -65.534
 -65.534
 -65.534
 -65.534
 -65.534
 -65.534
 -65.534
 -65.534
 -65.534
 -65.534
 -65.534
 -65.534
 -65.534
 -65.534
 -65.534
 -65.534
 -65.534
 -65.534
 -65.534
 -65.534
 -65.534
 -65.534
 -65.534
 -65.534
 -65.534
 -65.534
 -65.534
 -65.534
 -65.534
 -65.534
 -65.534
 -65.534
   0.092
 -65.534
 -65.534
 -65.534
 -65.534
 -65.534
 -65.534
 -65.534
 -65.534
 -65.534
 -65.534
 -65.534
 -65.534
 -65.534
 -65.534
   0.999
   1.005
   0.994
   1.022
   1.117
   1.196
   1.244
   1.279
   1.349
   1.414
   1.484
   1.513
   1.501
   0.000
 -65.534
 -65.534
 -65.534
 -65.534
 -65.534
 -65.534
 -65.534
 -65.534
 -65.534
 -65.534
 -65.534
 -65.534
 -65.534
 -65.534
 -65.534
 -65.534
 -65.534
 -65.534
 -65.534
 -65.534
 -65.534
 -65.534
 -65.534
 -65.534
 -65.534
 -65.534
 -65.534
 -65.534
 -65.534
 -65.534
 -65.534
 -65.534
 -65.534
 -65.534
 -65.534
 -65.534
 -65.534
 -65.534
 -65.534
 -65.534
 -65.534
 -65.534
 -65.534
 -65.534
 -65.534
 -65.534
 -65.534
 -65.534
 -65.534
 -65.534
 -65.534
 -65.534
 -65.534
 -65.534
 -65.534
 -65.534
 -65.534
 -65.534
 -65.534
   0.935
   0.951
   0.950
   0.982
   1.083
   1.166
   1.273
   1.300
   1.332
   0.000
 -65.534
 -65.534
 -65.534
 -65.534
 -65.534
 -65.534
 -65.534
 -65.534
 -65.534
 -65.534
 -65.534
 -65.534
 -65.534
 -65.534
 -65.534
 -65.534
 -65.534
 -65.534
 -65.534
 -65.534
 -65.534
 -65.534
 -65.534
 -65.534
 -65.534
 -65.534
 -65.534
 -65.534
 -65.534
 -65.534
 -65.534
 -65.534
 -65.534
 -65.534
 -65.534
 -65.534
 -65.534
 -65.534
 -65.534
 -65.534
 -65.534
 -65.534
 -65.534
 -65.534
 -65.534
 -65.534
 -65.534
 -65.534
 -65.534
 -65.534
 -65.534
 -65.534
 -65.534
 -65.534
 -65.534
 -65.534
 -65.534
 -65.534
 -65.534
 -65.534
 -65.534
   0.000
   0.000
   0.000
   0.000
   0.000
   0.000
   0.000
 -65.534
