 -65.534
   0.000
   0.000
   0.000
   0.000
   0.000
   0.000
   0.000
   0.000
   0.000
   0.000
   0.000
   0.000
   0.000
   0.000
   0.000
   0.000
   0.000
   0.000
   0.000
   0.000
   0.000
   0.000
   0.000
   0.000
   0.000
   0.000
   0.000
   0.000
   0.000
   0.000
   0.000
   0.000
   0.000
   0.000
   0.000
   0.000
   0.000
   0.000
   0.000
   0.000
   0.000
   0.000
   0.000
   0.000
   0.000
   0.000
   0.000
   0.000
   0.000
   0.000
   0.000
   0.000
   0.000
   0.000
   0.000
   0.000
   0.000
   0.000
   0.000
   0.000
   0.000
   0.000
   0.000
   0.000
   0.000
   0.000
   0.000
 -65.534
   0.000
   1.742
   1.950
   2.048
   2.146
   2.218
   2.265
   2.286
   2.293
   2.299
   2.308
   2.326
   2.345
   2.360
   2.367
   2.374
   2.382
   2.405
   2.459
   2.538
   2.644
   2.753
   2.859
   2.992
   2.973
   2.893
   2.823
   2.783
   2.741
   2.717
   2.699
   2.691
   2.707
   2.744
   2.742
   2.759
   2.770
   2.789
   2.811
   2.794
   2.775
   2.753
   2.709
   2.646
   2.612
   2.592
   2.602
   2.622
   2.670
   2.750
   2.821
   2.873
   2.978
   3.074
   3.211
   3.376
   3.545
   3.699
   3.848
   3.971
   4.038
   4.045
   4.038
   3.989
   3.910
   3.837
   3.809
   3.660
   0.000
   0.000
   1.842
   2.026
   2.107
   2.196
   2.266
   2.317
   2.351
   2.365
   2.383
   2.406
   2.433
   2.458
   2.481
   2.497
   2.507
   2.521
   2.555
   2.607
   2.686
   2.783
   2.885
   2.988
   3.103
   3.102
   3.050
   2.991
   2.941
   2.915
   2.907
   2.924
   2.945
   2.971
   3.015
   3.037
   3.063
   3.091
   3.119
   3.130
   3.124
   3.111
   3.082
   3.015
   2.937
   2.875
   2.854
   2.879
   2.923
   2.988
   3.070
   3.154
   3.248
   3.378
   3.523
   3.687
   3.863
   4.059
   4.254
   4.451
   4.633
   4.768
   4.841
   4.863
   4.846
   4.803
   4.722
   4.647
   4.419
   0.000
   0.000
   1.819
   1.983
   2.048
   2.118
   2.176
   2.225
   2.265
   2.296
   2.328
   2.369
   2.411
   2.452
   2.479
   2.495
   2.508
   2.525
   2.554
   2.606
   2.684
   2.775
   2.874
   2.969
   3.049
   3.079
   3.044
   3.007
   2.979
   2.958
   2.954
   2.977
   3.018
   3.077
   3.149
   3.193
   3.233
   3.261
   3.282
   3.295
   3.279
   3.255
   3.206
   3.129
   3.031
   2.947
   2.918
   2.956
   3.015
   3.088
   3.178
   3.274
   3.399
   3.542
   3.707
   3.900
   4.097
   4.304
   4.512
   4.726
   4.931
   5.097
   5.215
   5.281
   5.309
   5.262
   5.184
   5.105
   4.831
   0.000
   0.000
   1.796
   1.942
   1.983
   2.026
   2.068
   2.107
   2.146
   2.185
   2.235
   2.291
   2.344
   2.396
   2.434
   2.458
   2.474
   2.493
   2.532
   2.591
   2.668
   2.755
   2.852
   2.944
   3.008
   3.040
   3.021
   3.010
   2.989
   2.977
   2.986
   3.023
   3.084
   3.161
   3.256
   3.341
   3.394
   3.432
   3.458
   3.448
   3.431
   3.399
   3.340
   3.251
   3.143
   3.036
   2.984
   3.006
   3.071
   3.157
   3.253
   3.374
   3.527
   3.693
   3.875
   4.072
   4.295
   4.504
   4.706
   4.923
   5.151
   5.355
   5.502
   5.622
   5.660
   5.659
   5.596
   5.516
   5.206
   0.000
   0.000
   1.771
   1.904
   1.930
   1.958
   1.980
   2.002
   2.036
   2.080
   2.134
   2.198
   2.259
   2.311
   2.351
   2.384
   2.410
   2.438
   2.483
   2.552
   2.628
   2.713
   2.803
   2.893
   2.963
   2.981
   2.978
   2.988
   2.977
   2.972
   2.991
   3.040
   3.115
   3.216
   3.337
   3.447
   3.526
   3.574
   3.601
   3.593
   3.571
   3.528
   3.465
   3.375
   3.267
   3.150
   3.071
   3.051
   3.095
   3.181
   3.287
   3.421
   3.603
   3.793
   3.999
   4.214
   4.434
   4.646
   4.872
   5.105
   5.326
   5.552
   5.755
   5.896
   5.993
   6.019
   5.960
   5.892
   5.554
   0.000
   0.000
   1.735
   1.867
   1.888
   1.911
   1.922
   1.933
   1.964
   2.004
   2.058
   2.120
   2.178
   2.232
   2.276
   2.310
   2.340
   2.382
   2.428
   2.494
   2.568
   2.645
   2.728
   2.808
   2.870
   2.902
   2.933
   2.943
   2.940
   2.936
   2.954
   3.018
   3.103
   3.222
   3.349
   3.483
   3.595
   3.676
   3.716
   3.730
   3.709
   3.672
   3.616
   3.528
   3.410
   3.282
   3.177
   3.113
   3.112
   3.171
   3.271
   3.425
   3.610
   3.819
   4.051
   4.295
   4.540
   4.783
   5.005
   5.229
   5.466
   5.728
   5.956
   6.126
   6.229
   6.284
   6.281
   6.228
   5.868
   0.000
   0.000
   1.675
   1.821
   1.851
   1.873
   1.882
   1.893
   1.914
   1.951
   2.006
   2.066
   2.123
   2.176
   2.218
   2.256
   2.291
   2.328
   2.375
   2.432
   2.497
   2.572
   2.648
   2.728
   2.796
   2.832
   2.861
   2.871
   2.864
   2.855
   2.879
   2.949
   3.047
   3.173
   3.304
   3.453
   3.578
   3.688
   3.776
   3.824
   3.840
   3.825
   3.780
   3.697
   3.587
   3.445
   3.295
   3.177
   3.119
   3.126
   3.210
   3.363
   3.563
   3.793
   4.043
   4.288
   4.562
   4.829
   5.083
   5.339
   5.592
   5.827
   6.081
   6.293
   6.454
   6.532
   6.533
   6.487
   6.158
   0.000
   0.000
   1.582
   1.746
   1.791
   1.826
   1.845
   1.861
   1.880
   1.916
   1.971
   2.033
   2.086
   2.138
   2.182
   2.216
   2.249
   2.281
   2.323
   2.372
   2.433
   2.502
   2.576
   2.649
   2.723
   2.765
   2.771
   2.770
   2.763
   2.754
   2.781
   2.860
   2.965
   3.092
   3.235
   3.377
   3.509
   3.635
   3.752
   3.847
   3.924
   3.956
   3.934
   3.865
   3.755
   3.612
   3.428
   3.272
   3.166
   3.127
   3.167
   3.298
   3.476
   3.716
   3.965
   4.237
   4.522
   4.805
   5.082
   5.325
   5.633
   5.894
   6.166
   6.398
   6.587
   6.718
   6.743
   6.717
   6.361
   0.000
   0.000
   1.441
   1.625
   1.698
   1.752
   1.784
   1.810
   1.841
   1.883
   1.940
   2.003
   2.059
   2.109
   2.148
   2.185
   2.214
   2.242
   2.276
   2.321
   2.374
   2.441
   2.513
   2.586
   2.650
   2.679
   2.679
   2.671
   2.655
   2.655
   2.697
   2.783
   2.892
   3.018
   3.171
   3.306
   3.427
   3.556
   3.687
   3.817
   3.946
   4.040
   4.058
   4.007
   3.896
   3.751
   3.564
   3.376
   3.251
   3.185
   3.182
   3.211
   3.384
   3.605
   3.838
   4.107
   4.391
   4.692
   4.987
   5.293
   5.592
   5.897
   6.201
   6.464
   6.685
   6.836
   6.891
   6.890
   6.542
   0.000
   0.000
   1.284
   1.477
   1.567
   1.646
   1.698
   1.740
   1.780
   1.832
   1.894
   1.963
   2.022
   2.076
   2.121
   2.153
   2.182
   2.206
   2.240
   2.280
   2.330
   2.389
   2.455
   2.523
   2.578
   2.599
   2.595
   2.578
   2.568
   2.585
   2.641
   2.736
   2.844
   2.966
   3.113
   3.255
   3.373
   3.480
   3.603
   3.749
   3.915
   4.063
   4.134
   4.102
   3.992
   3.840
   3.655
   3.477
   3.345
   3.267
   3.189
   3.127
   3.308
   3.486
   3.661
   3.867
   4.190
   4.526
   4.852
   5.186
   5.521
   5.865
   6.211
   6.497
   6.749
   6.927
   7.014
   7.020
   6.687
   0.000
   0.000
   1.142
   1.321
   1.423
   1.513
   1.584
   1.646
   1.702
   1.756
   1.826
   1.902
   1.971
   2.034
   2.079
   2.121
   2.152
   2.181
   2.211
   2.249
   2.296
   2.350
   2.404
   2.461
   2.513
   2.532
   2.531
   2.531
   2.533
   2.559
   2.618
   2.712
   2.827
   2.957
   3.091
   3.232
   3.348
   3.437
   3.540
   3.674
   3.845
   4.024
   4.144
   4.147
   4.028
   3.858
   3.689
   3.527
   3.402
   3.320
   3.216
   3.111
   3.210
   3.351
   3.498
   3.688
   3.942
   4.288
   4.674
   5.070
   5.452
   5.841
   6.197
   6.528
   6.797
   7.003
   7.113
   7.126
   6.797
   0.000
   0.000
   1.005
   1.194
   1.289
   1.374
   1.452
   1.528
   1.598
   1.666
   1.741
   1.820
   1.893
   1.962
   2.025
   2.074
   2.115
   2.148
   2.186
   2.224
   2.270
   2.315
   2.359
   2.409
   2.457
   2.486
   2.504
   2.520
   2.539
   2.572
   2.626
   2.719
   2.830
   2.967
   3.108
   3.237
   3.341
   3.421
   3.497
   3.613
   3.767
   3.957
   4.105
   4.153
   4.036
   3.847
   3.670
   3.526
   3.401
   3.297
   3.207
   3.142
   3.203
   3.325
   3.441
   3.572
   3.781
   4.072
   4.500
   4.938
   5.380
   5.815
   6.215
   6.563
   6.859
   7.084
   7.215
   7.223
   6.833
   0.000
 -65.534
 -65.534
   1.022
   1.171
   1.244
   1.325
   1.400
   1.476
   1.553
   1.634
   1.715
   1.793
   1.864
   1.935
   1.996
   2.051
   2.096
   2.144
   2.187
   2.235
   2.272
   2.314
   2.363
   2.412
   2.454
   2.496
   2.537
   2.572
   2.608
   2.662
   2.748
   2.840
   2.973
   3.119
   3.246
   3.329
   3.393
   3.464
   3.575
   3.724
   3.901
   4.053
   4.112
   3.993
   3.813
   3.636
   3.488
   3.363
   3.265
   3.191
   3.154
   3.171
   3.288
   3.386
   3.495
   3.665
   3.911
   4.322
   4.805
   5.311
   5.799
   6.236
   6.636
   6.962
   7.194
   7.295
   7.284
   6.863
   0.000
 -65.534
 -65.534
 -65.534
   0.999
   1.124
   1.198
   1.279
   1.354
   1.428
   1.502
   1.582
   1.661
   1.735
   1.807
   1.879
   1.948
   2.010
   2.069
   2.124
   2.177
   2.217
   2.254
   2.305
   2.365
   2.426
   2.490
   2.556
   2.610
   2.656
   2.699
   2.768
   2.862
   2.974
   3.080
   3.168
   3.290
   3.359
   3.425
   3.541
   3.703
   3.869
   4.012
   4.034
   3.888
   3.707
   3.539
   3.397
   3.289
   3.204
   3.139
   3.142
   3.160
   3.254
   3.318
   3.397
   3.567
   3.852
   4.209
   4.721
   5.262
   5.790
   6.276
   6.702
   7.053
   7.272
   7.343
   7.330
   6.895
   0.000
 -65.534
 -65.534
 -65.534
 -65.534
   0.978
   1.077
   1.152
   1.223
   1.290
   1.360
   1.434
   1.508
   1.585
   1.660
   1.739
   1.811
   1.883
   1.949
   2.011
   2.060
   2.104
   2.151
   2.210
   2.281
   2.361
   2.449
   2.538
   2.617
   2.667
   2.712
   2.762
   2.835
   2.923
   3.007
   3.085
   3.181
   3.252
   3.379
   3.506
   3.672
   3.862
   3.998
   3.965
   3.784
   3.581
   3.436
   3.307
   3.206
   3.132
   3.091
   3.110
   3.131
   3.169
   3.260
   3.362
   3.529
   3.812
   4.193
   4.696
   5.243
   5.795
   6.310
   6.761
   7.111
   7.315
   7.375
   7.319
   6.873
   0.000
 -65.534
 -65.534
 -65.534
 -65.534
   0.887
   0.967
   1.033
   1.091
   1.148
   1.213
   1.278
   1.350
   1.427
   1.506
   1.587
   1.658
   1.727
   1.791
   1.845
   1.894
   1.937
   1.985
   2.048
   2.123
   2.218
   2.327
   2.436
   2.529
   2.599
   2.653
   2.704
   2.757
   2.823
   2.898
   2.965
   3.041
   3.128
   3.252
   3.361
   3.519
   3.726
   3.883
   3.877
   3.698
   3.464
   3.321
   3.218
   3.139
   3.100
   3.103
   3.105
   3.116
   3.178
   3.248
   3.400
   3.596
   3.878
   4.261
   4.731
   5.261
   5.825
   6.351
   6.802
   7.126
   7.277
   7.313
   7.243
   6.820
   0.000
 -65.534
 -65.534
 -65.534
 -65.534
   0.827
   0.887
   0.934
   0.980
   1.021
   1.079
   1.137
   1.200
   1.271
   1.351
   1.429
   1.499
   1.554
   1.609
   1.655
   1.696
   1.730
   1.770
   1.824
   1.897
   1.989
   2.099
   2.225
   2.339
   2.429
   2.503
   2.564
   2.613
   2.657
   2.713
   2.786
   2.865
   2.953
   3.053
   3.139
   3.247
   3.381
   3.505
   3.646
   3.571
   3.402
   3.247
   3.131
   3.043
   3.040
   3.067
   3.092
   3.123
   3.198
   3.304
   3.483
   3.709
   3.993
   4.368
   4.838
   5.354
   5.893
   6.401
   6.810
   7.072
   7.189
   7.192
   7.101
   6.685
   0.000
 -65.534
 -65.534
 -65.534
 -65.534
   0.788
   0.824
   0.860
   0.890
   0.934
   0.974
   1.024
   1.078
   1.135
   1.206
   1.277
   1.336
   1.388
   1.435
   1.472
   1.497
   1.519
   1.544
   1.583
   1.638
   1.718
   1.819
   1.938
   2.056
   2.165
   2.261
   2.333
   2.384
   2.435
   2.480
   2.533
   2.612
   2.705
   2.786
   2.856
   2.918
   2.980
   3.086
   3.200
   3.219
   3.186
   3.145
   3.060
   2.973
   2.923
   2.951
   3.004
   3.079
   3.176
   3.333
   3.512
   3.737
   4.063
   4.461
   4.947
   5.470
   5.999
   6.461
   6.793
   6.978
   7.073
   7.030
   6.949
   6.507
   0.000
 -65.534
 -65.534
 -65.534
 -65.534
 -65.534
 -65.534
 -65.534
 -65.534
   0.842
   0.896
   0.936
   0.977
   1.023
   1.077
   1.139
   1.188
   1.234
   1.274
   1.308
   1.336
   1.349
   1.357
   1.371
   1.407
   1.464
   1.546
   1.649
   1.756
   1.865
   1.962
   2.042
   2.104
   2.147
   2.193
   2.244
   2.313
   2.385
   2.451
   2.513
   2.569
   2.630
   2.717
   2.782
   2.858
   2.951
   2.960
   2.881
   2.854
   2.886
   2.878
   2.944
   3.056
   3.194
   3.351
   3.535
   3.788
   4.144
   4.573
   5.094
   5.623
   6.129
   6.529
   6.758
   6.911
   6.934
   6.880
   6.760
   6.312
   0.000
 -65.534
 -65.534
 -65.534
 -65.534
 -65.534
 -65.534
   0.526
   0.637
   0.808
   0.853
   0.886
   0.918
   0.954
   0.993
   1.034
   1.079
   1.124
   1.164
   1.200
   1.223
   1.235
   1.234
   1.232
   1.240
   1.266
   1.329
   1.411
   1.508
   1.605
   1.694
   1.765
   1.818
   1.861
   1.899
   1.935
   1.986
   2.054
   2.111
   2.167
   2.229
   2.302
   2.390
   2.482
   2.583
   2.690
   2.734
   2.762
   2.831
   2.859
   2.856
   2.908
   3.036
   3.210
   3.396
   3.614
   3.888
   4.265
   4.738
   5.275
   5.779
   6.221
   6.506
   6.680
   6.743
   6.747
   6.663
   6.549
   6.134
   0.000
 -65.534
 -65.534
 -65.534
 -65.534
 -65.534
 -65.534
 -65.534
 -65.534
 -65.534
   0.815
   0.850
   0.881
   0.911
   0.940
   0.965
   1.011
   1.058
   1.107
   1.151
   1.177
   1.180
   1.170
   1.163
   1.160
   1.176
   1.210
   1.264
   1.340
   1.418
   1.493
   1.548
   1.592
   1.623
   1.651
   1.680
   1.721
   1.772
   1.823
   1.889
   1.971
   2.064
   2.164
   2.269
   2.380
   2.489
   2.579
   2.662
   2.769
   2.846
   2.946
   3.082
   3.256
   3.434
   3.624
   3.829
   4.085
   4.452
   4.959
   5.474
   5.889
   6.216
   6.399
   6.516
   6.554
   6.499
   6.435
   6.321
   5.960
   0.000
 -65.534
 -65.534
 -65.534
 -65.534
 -65.534
 -65.534
 -65.534
 -65.534
 -65.534
 -65.534
 -65.534
 -65.534
 -65.534
 -65.534
 -65.534
   0.944
   1.023
   1.066
   1.102
   1.143
   1.166
   1.167
   1.160
   1.153
   1.161
   1.190
   1.231
   1.282
   1.339
   1.395
   1.437
   1.463
   1.481
   1.497
   1.521
   1.546
   1.592
   1.649
   1.734
   1.831
   1.940
   2.049
   2.155
   2.266
   2.380
   2.486
   2.607
   2.751
   2.889
   3.024
   3.193
   3.408
   3.642
   3.874
   4.110
   4.358
   4.707
   5.169
   5.551
   5.918
   6.122
   6.241
   6.323
   6.320
   6.257
   6.186
   6.125
   5.787
   0.000
 -65.534
 -65.534
 -65.534
 -65.534
 -65.534
 -65.534
 -65.534
 -65.534
 -65.534
 -65.534
 -65.534
 -65.534
 -65.534
 -65.534
 -65.534
 -65.534
 -65.534
 -65.534
 -65.534
   1.092
   1.171
   1.200
   1.213
   1.219
   1.226
   1.246
   1.284
   1.329
   1.375
   1.405
   1.433
   1.451
   1.465
   1.477
   1.497
   1.523
   1.562
   1.617
   1.695
   1.801
   1.920
   2.036
   2.151
   2.265
   2.380
   2.496
   2.630
   2.797
   2.989
   3.161
   3.361
   3.597
   3.861
   4.132
   4.398
   4.658
   4.952
   5.321
   5.612
   5.777
   5.779
   5.781
   5.745
   5.660
   5.483
   5.919
   6.007
   5.676
   0.000
 -65.534
 -65.534
 -65.534
 -65.534
 -65.534
 -65.534
 -65.534
 -65.534
 -65.534
 -65.534
 -65.534
 -65.534
 -65.534
 -65.534
 -65.534
 -65.534
 -65.534
 -65.534
   0.887
   1.170
   1.212
   1.253
   1.286
   1.321
   1.341
   1.367
   1.402
   1.441
   1.476
   1.503
   1.523
   1.536
   1.553
   1.567
   1.582
   1.607
   1.648
   1.704
   1.783
   1.885
   2.014
   2.148
   2.281
   2.398
   2.513
   2.627
   2.757
   2.927
   3.116
   3.331
   3.559
   3.817
   4.091
   4.371
   4.635
   4.880
   5.115
   5.352
   5.489
   5.472
   5.372
   5.304
   5.223
   5.183
   5.157
   5.346
   5.364
   4.909
   0.000
 -65.534
 -65.534
 -65.534
 -65.534
 -65.534
 -65.534
 -65.534
 -65.534
 -65.534
 -65.534
 -65.534
 -65.534
 -65.534
 -65.534
 -65.534
 -65.534
 -65.534
   0.860
   1.140
   1.225
   1.267
   1.308
   1.356
   1.418
   1.462
   1.497
   1.541
   1.579
   1.611
   1.640
   1.654
   1.665
   1.691
   1.717
   1.738
   1.763
   1.794
   1.843
   1.925
   2.035
   2.180
   2.340
   2.499
   2.647
   2.762
   2.872
   2.983
   3.134
   3.334
   3.532
   3.754
   4.011
   4.259
   4.526
   4.763
   4.978
   5.140
   5.230
   5.211
   5.096
   4.952
   4.871
   4.827
   4.845
   4.888
   4.983
   4.953
   4.499
   0.000
 -65.534
 -65.534
 -65.534
 -65.534
 -65.534
 -65.534
 -65.534
 -65.534
 -65.534
 -65.534
 -65.534
 -65.534
 -65.534
 -65.534
 -65.534
 -65.534
 -65.534
   1.077
   1.211
   1.254
   1.307
   1.359
   1.417
   1.495
   1.565
   1.613
   1.662
   1.708
   1.748
   1.785
   1.810
   1.828
   1.856
   1.884
   1.908
   1.931
   1.962
   2.002
   2.077
   2.183
   2.332
   2.508
   2.690
   2.862
   3.003
   3.110
   3.211
   3.345
   3.513
   3.700
   3.892
   4.024
   4.178
   4.396
   4.569
   4.713
   4.861
   4.890
   4.790
   4.641
   4.511
   4.470
   4.472
   4.522
   4.601
   4.678
   4.653
   4.214
   0.000
 -65.534
 -65.534
 -65.534
 -65.534
 -65.534
 -65.534
 -65.534
 -65.534
 -65.534
 -65.534
 -65.534
 -65.534
 -65.534
 -65.534
 -65.534
 -65.534
 -65.534
   1.147
   1.231
   1.273
   1.329
   1.390
   1.462
   1.543
   1.632
   1.694
   1.750
   1.802
   1.857
   1.910
   1.955
   1.979
   2.008
   2.040
   2.063
   2.087
   2.114
   2.156
   2.211
   2.303
   2.439
   2.607
   2.793
   2.969
   3.129
   3.250
   3.356
   3.485
   3.620
   3.789
   3.936
   4.004
   4.121
   4.222
   4.292
   4.344
   4.396
   4.383
   4.314
   4.207
   4.134
   4.124
   4.159
   4.226
   4.271
   4.341
   4.317
   3.961
   0.000
 -65.534
 -65.534
 -65.534
 -65.534
 -65.534
 -65.534
 -65.534
 -65.534
 -65.534
 -65.534
 -65.534
 -65.534
 -65.534
 -65.534
 -65.534
 -65.534
 -65.534
   1.201
   1.236
   1.296
   1.359
   1.428
   1.502
   1.576
   1.656
   1.746
   1.809
   1.870
   1.935
   2.000
   2.056
   2.092
   2.128
   2.160
   2.194
   2.230
   2.258
   2.296
   2.351
   2.426
   2.543
   2.696
   2.861
   3.022
   3.164
   3.294
   3.417
   3.533
   3.647
   3.774
   3.868
   3.914
   3.942
   3.935
   3.888
   3.863
   3.833
   3.846
   3.815
   3.809
   3.812
   3.843
   3.885
   3.939
   3.974
   4.023
   4.009
   3.680
   0.000
 -65.534
 -65.534
 -65.534
 -65.534
 -65.534
 -65.534
 -65.534
 -65.534
 -65.534
 -65.534
 -65.534
 -65.534
 -65.534
 -65.534
 -65.534
 -65.534
 -65.534
 -65.534
   1.279
   1.322
   1.393
   1.463
   1.534
   1.604
   1.676
   1.758
   1.834
   1.904
   1.978
   2.056
   2.122
   2.161
   2.207
   2.252
   2.301
   2.343
   2.380
   2.415
   2.469
   2.544
   2.656
   2.787
   2.932
   3.074
   3.206
   3.322
   3.435
   3.536
   3.637
   3.707
   3.753
   3.723
   3.675
   3.591
   3.505
   3.413
   3.396
   3.420
   3.460
   3.518
   3.556
   3.591
   3.629
   3.668
   3.706
   3.713
   3.685
   3.365
   0.000
 -65.534
 -65.534
 -65.534
 -65.534
 -65.534
 -65.534
 -65.534
 -65.534
 -65.534
 -65.534
 -65.534
 -65.534
 -65.534
 -65.534
 -65.534
 -65.534
 -65.534
 -65.534
 -65.534
   1.368
   1.415
   1.484
   1.555
   1.621
   1.688
   1.762
   1.835
   1.916
   2.001
   2.088
   2.158
   2.212
   2.264
   2.310
   2.369
   2.430
   2.461
   2.505
   2.568
   2.659
   2.763
   2.871
   2.984
   3.103
   3.220
   3.323
   3.402
   3.467
   3.523
   3.553
   3.597
   3.515
   3.446
   3.373
   3.282
   3.205
   3.164
   3.184
   3.240
   3.321
   3.358
   3.373
   3.388
   3.399
   3.411
   3.418
   3.348
   3.007
   0.000
 -65.534
 -65.534
 -65.534
 -65.534
 -65.534
 -65.534
 -65.534
 -65.534
 -65.534
 -65.534
 -65.534
 -65.534
 -65.534
 -65.534
 -65.534
 -65.534
 -65.534
 -65.534
 -65.534
 -65.534
   1.492
   1.561
   1.622
   1.664
   1.713
   1.777
   1.843
   1.924
   2.012
   2.104
   2.176
   2.238
   2.278
   2.306
   2.303
   2.157
 -65.534
 -65.534
 -65.534
 -65.534
   2.588
   2.818
   3.005
   3.110
   3.215
   3.291
   3.337
   3.379
   3.391
   3.409
   3.400
   3.332
   3.281
   3.235
   3.165
   3.139
   3.117
   3.118
   3.147
   3.184
   3.207
   3.223
   3.226
   3.199
   3.148
   3.097
   3.016
   2.679
   0.000
 -65.534
 -65.534
 -65.534
 -65.534
 -65.534
 -65.534
 -65.534
 -65.534
 -65.534
 -65.534
 -65.534
 -65.534
 -65.534
 -65.534
 -65.534
 -65.534
 -65.534
 -65.534
 -65.534
 -65.534
 -65.534
 -65.534
 -65.534
 -65.534
   1.674
   1.763
   1.836
   1.912
   1.996
   2.081
   2.150
   2.209
   2.243
   2.246
   2.191
   2.002
 -65.534
 -65.534
 -65.534
 -65.534
 -65.534
 -65.534
   2.673
   3.011
   3.134
   3.201
   3.225
   3.226
   3.223
   3.182
   3.127
   3.094
   3.043
   2.978
   2.961
   2.963
   2.968
   2.979
   2.974
   2.972
   2.966
   2.981
   2.951
   2.946
   2.917
   2.841
   2.726
   2.392
   0.000
 -65.534
 -65.534
 -65.534
 -65.534
 -65.534
 -65.534
 -65.534
 -65.534
 -65.534
 -65.534
 -65.534
 -65.534
 -65.534
 -65.534
 -65.534
 -65.534
 -65.534
 -65.534
 -65.534
 -65.534
 -65.534
 -65.534
 -65.534
 -65.534
   1.649
   1.734
   1.805
   1.887
   1.978
   2.047
   2.102
   2.150
   2.172
   2.157
   2.088
   1.943
 -65.534
 -65.534
 -65.534
 -65.534
 -65.534
 -65.534
 -65.534
   2.690
   2.948
   2.981
   3.052
   3.024
   3.005
   2.970
   2.942
   2.908
   2.863
   2.833
   2.817
   2.799
   2.789
   2.772
   2.760
   2.763
   2.755
   2.743
   2.724
   2.679
   2.609
   2.518
   2.398
   2.079
   0.000
 -65.534
 -65.534
 -65.534
 -65.534
 -65.534
 -65.534
 -65.534
 -65.534
 -65.534
 -65.534
 -65.534
 -65.534
 -65.534
 -65.534
 -65.534
 -65.534
 -65.534
 -65.534
 -65.534
 -65.534
 -65.534
 -65.534
 -65.534
 -65.534
 -65.534
 -65.534
 -65.534
 -65.534
 -65.534
   1.927
   2.009
   2.053
   2.084
   2.063
   1.993
   1.843
   0.903
 -65.534
 -65.534
 -65.534
 -65.534
 -65.534
 -65.534
   2.197
   2.408
 -65.534
   2.454
   2.675
   2.724
   2.785
   2.777
   2.757
   2.721
   2.687
   2.653
   2.631
   2.610
   2.598
   2.582
   2.561
   2.541
   2.504
   2.450
   2.376
   2.284
   2.175
   2.043
   1.747
   0.000
 -65.534
 -65.534
 -65.534
 -65.534
 -65.534
 -65.534
 -65.534
 -65.534
 -65.534
 -65.534
 -65.534
 -65.534
 -65.534
 -65.534
 -65.534
 -65.534
 -65.534
 -65.534
 -65.534
 -65.534
 -65.534
 -65.534
 -65.534
 -65.534
 -65.534
 -65.534
 -65.534
 -65.534
 -65.534
 -65.534
 -65.534
 -65.534
   1.932
   1.956
   1.901
   1.746
   1.151
   0.683
 -65.534
 -65.534
 -65.534
 -65.534
 -65.534
 -65.534
 -65.534
 -65.534
 -65.534
 -65.534
 -65.534
   2.218
   2.462
   2.504
   2.586
   2.564
   2.538
   2.494
   2.454
   2.416
   2.380
   2.339
   2.289
   2.228
   2.153
   2.063
   1.963
   1.844
   1.714
   1.463
   0.000
 -65.534
 -65.534
 -65.534
 -65.534
 -65.534
 -65.534
 -65.534
 -65.534
 -65.534
 -65.534
 -65.534
 -65.534
 -65.534
 -65.534
 -65.534
 -65.534
 -65.534
 -65.534
 -65.534
 -65.534
 -65.534
 -65.534
 -65.534
 -65.534
 -65.534
 -65.534
 -65.534
 -65.534
 -65.534
 -65.534
 -65.534
 -65.534
   1.757
   1.775
   1.732
   1.578
   1.228
   0.861
   0.611
   0.544
 -65.534
 -65.534
 -65.534
 -65.534
 -65.534
 -65.534
 -65.534
 -65.534
 -65.534
 -65.534
 -65.534
 -65.534
   2.009
   2.206
   2.225
   2.275
   2.242
   2.187
   2.128
   2.071
   2.009
   1.935
   1.848
   1.754
   1.656
   1.553
   1.439
   1.229
   0.000
 -65.534
 -65.534
 -65.534
 -65.534
 -65.534
 -65.534
 -65.534
 -65.534
 -65.534
 -65.534
 -65.534
 -65.534
 -65.534
 -65.534
 -65.534
 -65.534
 -65.534
 -65.534
 -65.534
 -65.534
 -65.534
 -65.534
 -65.534
 -65.534
 -65.534
 -65.534
 -65.534
 -65.534
 -65.534
 -65.534
 -65.534
 -65.534
 -65.534
 -65.534
 -65.534
 -65.534
   1.015
   0.868
   0.701
   0.596
   0.523
   0.431
   0.358
   0.340
   0.341
 -65.534
 -65.534
 -65.534
 -65.534
 -65.534
 -65.534
 -65.534
 -65.534
 -65.534
 -65.534
   1.747
   1.936
   1.924
   1.871
   1.800
   1.725
   1.642
   1.555
   1.471
   1.388
   1.300
   1.208
   1.042
   0.000
 -65.534
 -65.534
 -65.534
 -65.534
 -65.534
 -65.534
 -65.534
 -65.534
 -65.534
 -65.534
 -65.534
 -65.534
 -65.534
 -65.534
 -65.534
 -65.534
 -65.534
 -65.534
 -65.534
 -65.534
 -65.534
 -65.534
 -65.534
 -65.534
 -65.534
 -65.534
 -65.534
 -65.534
 -65.534
 -65.534
 -65.534
 -65.534
 -65.534
 -65.534
 -65.534
 -65.534
 -65.534
 -65.534
 -65.534
 -65.534
   0.341
 -65.534
 -65.534
 -65.534
 -65.534
 -65.534
 -65.534
 -65.534
 -65.534
 -65.534
 -65.534
 -65.534
 -65.534
 -65.534
 -65.534
   1.233
   1.481
   1.533
   1.505
   1.527
   1.459
   1.358
   1.266
   1.194
   1.131
   1.077
   1.009
   0.874
   0.000
 -65.534
 -65.534
 -65.534
 -65.534
 -65.534
 -65.534
 -65.534
 -65.534
 -65.534
 -65.534
 -65.534
 -65.534
 -65.534
 -65.534
 -65.534
 -65.534
 -65.534
 -65.534
 -65.534
 -65.534
 -65.534
 -65.534
 -65.534
 -65.534
 -65.534
 -65.534
 -65.534
 -65.534
 -65.534
 -65.534
 -65.534
 -65.534
 -65.534
 -65.534
 -65.534
 -65.534
 -65.534
 -65.534
 -65.534
 -65.534
 -65.534
 -65.534
 -65.534
 -65.534
 -65.534
 -65.534
 -65.534
 -65.534
 -65.534
 -65.534
 -65.534
 -65.534
 -65.534
 -65.534
 -65.534
 -65.534
 -65.534
 -65.534
 -65.534
   1.041
   1.103
   1.046
   0.963
   0.906
   0.868
   0.841
   0.811
   0.699
   0.000
 -65.534
 -65.534
 -65.534
 -65.534
 -65.534
 -65.534
 -65.534
 -65.534
 -65.534
 -65.534
 -65.534
 -65.534
 -65.534
 -65.534
 -65.534
 -65.534
 -65.534
 -65.534
 -65.534
 -65.534
 -65.534
 -65.534
 -65.534
 -65.534
 -65.534
 -65.534
 -65.534
 -65.534
 -65.534
 -65.534
 -65.534
 -65.534
 -65.534
 -65.534
 -65.534
 -65.534
 -65.534
 -65.534
 -65.534
 -65.534
 -65.534
 -65.534
 -65.534
 -65.534
 -65.534
 -65.534
 -65.534
 -65.534
 -65.534
 -65.534
 -65.534
 -65.534
 -65.534
 -65.534
 -65.534
 -65.534
 -65.534
 -65.534
 -65.534
 -65.534
 -65.534
   0.000
   0.000
   0.000
   0.000
   0.000
   0.000
   0.000
 -65.534
