 -65.534
   0.000
   0.000
   0.000
   0.000
   0.000
   0.000
   0.000
   0.000
   0.000
   0.000
   0.000
   0.000
   0.000
   0.000
   0.000
   0.000
   0.000
   0.000
   0.000
   0.000
   0.000
   0.000
   0.000
   0.000
   0.000
   0.000
   0.000
   0.000
   0.000
   0.000
   0.000
   0.000
   0.000
   0.000
   0.000
   0.000
   0.000
   0.000
   0.000
   0.000
   0.000
   0.000
   0.000
   0.000
   0.000
   0.000
   0.000
   0.000
   0.000
   0.000
   0.000
   0.000
   0.000
   0.000
   0.000
   0.000
   0.000
   0.000
   0.000
   0.000
   0.000
   0.000
   0.000
   0.000
   0.000
   0.000
   0.000
 -65.534
   0.000
   1.117
   1.232
   1.287
   1.346
   1.398
   1.456
   1.515
   1.556
   1.588
   1.604
   1.602
   1.594
   1.582
   1.571
   1.564
   1.558
   1.564
   1.583
   1.607
   1.634
   1.660
   1.689
   1.709
   1.747
   1.789
   1.822
   1.853
   1.881
   1.899
   1.921
   1.951
   1.977
   1.993
   2.004
   1.988
   1.966
   1.921
   1.857
   1.783
   1.699
   1.615
   1.539
   1.470
   1.416
   1.374
   1.340
   1.311
   1.295
   1.292
   1.303
   1.324
   1.350
   1.386
   1.438
   1.479
   1.508
   1.528
   1.539
   1.555
   1.570
   1.583
   1.593
   1.598
   1.590
   1.584
   1.582
   1.531
   0.000
   0.000
   1.203
   1.309
   1.356
   1.415
   1.482
   1.554
   1.621
   1.684
   1.730
   1.763
   1.779
   1.777
   1.768
   1.752
   1.734
   1.721
   1.722
   1.739
   1.765
   1.798
   1.835
   1.880
   1.920
   1.966
   2.006
   2.040
   2.071
   2.096
   2.119
   2.144
   2.177
   2.218
   2.259
   2.291
   2.303
   2.292
   2.259
   2.200
   2.120
   2.034
   1.943
   1.845
   1.756
   1.680
   1.628
   1.592
   1.564
   1.544
   1.540
   1.551
   1.573
   1.609
   1.652
   1.697
   1.739
   1.776
   1.807
   1.832
   1.856
   1.878
   1.897
   1.906
   1.908
   1.904
   1.896
   1.889
   1.832
   0.000
   0.000
   1.199
   1.299
   1.338
   1.393
   1.460
   1.536
   1.612
   1.682
   1.736
   1.783
   1.810
   1.823
   1.825
   1.816
   1.805
   1.796
   1.799
   1.815
   1.844
   1.880
   1.927
   1.982
   2.035
   2.079
   2.115
   2.140
   2.157
   2.170
   2.185
   2.209
   2.242
   2.287
   2.346
   2.395
   2.429
   2.437
   2.416
   2.366
   2.295
   2.211
   2.113
   2.010
   1.904
   1.816
   1.754
   1.717
   1.688
   1.671
   1.668
   1.673
   1.694
   1.728
   1.768
   1.811
   1.855
   1.895
   1.931
   1.960
   1.990
   2.017
   2.036
   2.047
   2.052
   2.050
   2.044
   2.039
   1.974
   0.000
   0.000
   1.189
   1.286
   1.323
   1.372
   1.427
   1.496
   1.572
   1.643
   1.707
   1.764
   1.803
   1.832
   1.848
   1.852
   1.853
   1.853
   1.862
   1.883
   1.915
   1.954
   2.005
   2.062
   2.122
   2.168
   2.198
   2.216
   2.216
   2.208
   2.211
   2.228
   2.262
   2.313
   2.376
   2.441
   2.485
   2.509
   2.504
   2.465
   2.409
   2.333
   2.241
   2.136
   2.029
   1.934
   1.866
   1.822
   1.793
   1.778
   1.769
   1.774
   1.793
   1.822
   1.858
   1.895
   1.936
   1.974
   2.008
   2.037
   2.063
   2.088
   2.110
   2.125
   2.133
   2.138
   2.135
   2.133
   2.067
   0.000
   0.000
   1.176
   1.271
   1.307
   1.354
   1.401
   1.454
   1.518
   1.589
   1.660
   1.725
   1.777
   1.817
   1.846
   1.864
   1.873
   1.884
   1.905
   1.933
   1.966
   2.008
   2.055
   2.115
   2.173
   2.221
   2.249
   2.259
   2.241
   2.213
   2.203
   2.217
   2.248
   2.300
   2.368
   2.436
   2.488
   2.519
   2.529
   2.505
   2.464
   2.405
   2.327
   2.234
   2.134
   2.040
   1.964
   1.910
   1.881
   1.864
   1.856
   1.858
   1.874
   1.897
   1.930
   1.963
   1.997
   2.027
   2.057
   2.078
   2.102
   2.123
   2.142
   2.157
   2.170
   2.177
   2.180
   2.179
   2.117
   0.000
   0.000
   1.160
   1.249
   1.284
   1.330
   1.375
   1.422
   1.475
   1.537
   1.607
   1.674
   1.732
   1.783
   1.822
   1.849
   1.871
   1.895
   1.920
   1.952
   1.986
   2.025
   2.075
   2.136
   2.193
   2.238
   2.255
   2.251
   2.225
   2.185
   2.166
   2.179
   2.207
   2.258
   2.319
   2.388
   2.446
   2.492
   2.510
   2.504
   2.477
   2.435
   2.380
   2.304
   2.216
   2.125
   2.045
   1.987
   1.949
   1.927
   1.916
   1.918
   1.932
   1.954
   1.983
   2.014
   2.043
   2.068
   2.086
   2.101
   2.115
   2.133
   2.147
   2.157
   2.166
   2.177
   2.182
   2.187
   2.133
   0.000
   0.000
   1.143
   1.229
   1.263
   1.306
   1.351
   1.396
   1.445
   1.499
   1.559
   1.622
   1.682
   1.735
   1.780
   1.816
   1.847
   1.879
   1.909
   1.941
   1.976
   2.015
   2.060
   2.114
   2.168
   2.201
   2.211
   2.202
   2.167
   2.121
   2.100
   2.115
   2.142
   2.188
   2.246
   2.317
   2.375
   2.427
   2.460
   2.467
   2.458
   2.436
   2.397
   2.339
   2.270
   2.189
   2.104
   2.038
   1.991
   1.960
   1.945
   1.946
   1.961
   1.985
   2.012
   2.042
   2.071
   2.090
   2.103
   2.109
   2.116
   2.122
   2.128
   2.130
   2.137
   2.146
   2.155
   2.161
   2.118
   0.000
   0.000
   1.113
   1.208
   1.245
   1.287
   1.327
   1.370
   1.413
   1.463
   1.518
   1.572
   1.628
   1.679
   1.727
   1.769
   1.805
   1.840
   1.874
   1.911
   1.944
   1.983
   2.025
   2.070
   2.115
   2.139
   2.137
   2.116
   2.077
   2.030
   2.012
   2.032
   2.065
   2.108
   2.171
   2.236
   2.296
   2.348
   2.385
   2.404
   2.412
   2.409
   2.386
   2.347
   2.295
   2.230
   2.152
   2.079
   2.022
   1.982
   1.959
   1.957
   1.969
   1.993
   2.023
   2.056
   2.082
   2.100
   2.105
   2.102
   2.101
   2.098
   2.095
   2.090
   2.090
   2.098
   2.105
   2.114
   2.078
   0.000
   0.000
   1.077
   1.178
   1.222
   1.266
   1.299
   1.338
   1.380
   1.429
   1.479
   1.528
   1.576
   1.625
   1.673
   1.717
   1.756
   1.793
   1.829
   1.866
   1.903
   1.943
   1.982
   2.019
   2.052
   2.063
   2.048
   2.020
   1.974
   1.933
   1.928
   1.957
   1.993
   2.040
   2.110
   2.177
   2.234
   2.285
   2.320
   2.340
   2.356
   2.364
   2.357
   2.335
   2.297
   2.247
   2.185
   2.113
   2.052
   2.008
   1.977
   1.964
   1.973
   1.995
   2.022
   2.051
   2.074
   2.084
   2.082
   2.073
   2.064
   2.056
   2.047
   2.038
   2.035
   2.036
   2.045
   2.055
   2.025
   0.000
   0.000
   1.034
   1.143
   1.199
   1.247
   1.279
   1.312
   1.349
   1.394
   1.440
   1.486
   1.532
   1.579
   1.626
   1.668
   1.709
   1.746
   1.781
   1.818
   1.857
   1.894
   1.932
   1.967
   1.990
   1.989
   1.965
   1.928
   1.885
   1.865
   1.874
   1.905
   1.948
   2.002
   2.073
   2.144
   2.203
   2.249
   2.280
   2.298
   2.311
   2.321
   2.318
   2.303
   2.280
   2.241
   2.191
   2.137
   2.075
   2.030
   1.996
   1.974
   1.977
   1.989
   2.006
   2.023
   2.036
   2.037
   2.025
   2.009
   1.995
   1.988
   1.980
   1.972
   1.969
   1.969
   1.976
   1.988
   1.964
   0.000
   0.000
   0.992
   1.111
   1.175
   1.227
   1.259
   1.287
   1.320
   1.357
   1.399
   1.442
   1.488
   1.536
   1.583
   1.625
   1.664
   1.701
   1.734
   1.769
   1.805
   1.845
   1.880
   1.913
   1.938
   1.936
   1.916
   1.890
   1.859
   1.850
   1.866
   1.903
   1.946
   2.002
   2.073
   2.142
   2.197
   2.241
   2.268
   2.280
   2.287
   2.292
   2.285
   2.269
   2.246
   2.217
   2.180
   2.138
   2.090
   2.047
   2.011
   1.988
   1.982
   1.980
   1.984
   1.985
   1.979
   1.967
   1.948
   1.928
   1.916
   1.910
   1.907
   1.906
   1.907
   1.908
   1.916
   1.928
   1.908
   0.000
   0.000
   0.945
   1.081
   1.143
   1.197
   1.230
   1.258
   1.285
   1.316
   1.350
   1.391
   1.436
   1.485
   1.535
   1.580
   1.619
   1.652
   1.685
   1.716
   1.754
   1.791
   1.830
   1.868
   1.899
   1.911
   1.907
   1.895
   1.878
   1.871
   1.889
   1.931
   1.973
   2.024
   2.092
   2.155
   2.205
   2.242
   2.265
   2.272
   2.273
   2.269
   2.255
   2.235
   2.212
   2.183
   2.151
   2.120
   2.082
   2.046
   2.012
   1.992
   1.980
   1.970
   1.956
   1.939
   1.912
   1.885
   1.862
   1.845
   1.836
   1.837
   1.841
   1.846
   1.851
   1.857
   1.870
   1.884
   1.862
   0.000
 -65.534
 -65.534
   0.982
   1.087
   1.134
   1.175
   1.207
   1.239
   1.265
   1.296
   1.333
   1.375
   1.422
   1.471
   1.517
   1.557
   1.591
   1.623
   1.655
   1.692
   1.733
   1.777
   1.823
   1.868
   1.896
   1.916
   1.926
   1.925
   1.921
   1.936
   1.969
   2.001
   2.055
   2.118
   2.168
   2.203
   2.233
   2.250
   2.254
   2.252
   2.243
   2.224
   2.198
   2.169
   2.139
   2.106
   2.080
   2.050
   2.018
   1.991
   1.971
   1.953
   1.931
   1.904
   1.872
   1.836
   1.800
   1.777
   1.765
   1.767
   1.771
   1.781
   1.794
   1.808
   1.819
   1.836
   1.852
   1.827
   0.000
 -65.534
 -65.534
 -65.534
   0.954
   1.049
   1.100
   1.146
   1.179
   1.205
   1.232
   1.266
   1.303
   1.344
   1.388
   1.432
   1.472
   1.509
   1.543
   1.576
   1.619
   1.664
   1.717
   1.773
   1.831
   1.879
   1.918
   1.948
   1.962
   1.967
   1.977
   1.999
   2.029
   2.072
   2.111
   2.135
   2.192
   2.218
   2.224
   2.223
   2.219
   2.207
   2.185
   2.155
   2.122
   2.087
   2.051
   2.021
   1.994
   1.969
   1.946
   1.927
   1.906
   1.879
   1.840
   1.799
   1.759
   1.728
   1.709
   1.702
   1.706
   1.716
   1.729
   1.743
   1.761
   1.780
   1.805
   1.827
   1.799
   0.000
 -65.534
 -65.534
 -65.534
 -65.534
   0.906
   1.009
   1.063
   1.100
   1.129
   1.154
   1.186
   1.219
   1.254
   1.293
   1.335
   1.376
   1.412
   1.446
   1.483
   1.526
   1.574
   1.634
   1.701
   1.768
   1.832
   1.893
   1.940
   1.968
   1.978
   1.989
   2.003
   2.019
   2.043
   2.069
   2.094
   2.127
   2.139
   2.176
   2.178
   2.167
   2.156
   2.134
   2.104
   2.064
   2.020
   1.980
   1.946
   1.919
   1.897
   1.876
   1.863
   1.840
   1.810
   1.774
   1.733
   1.697
   1.674
   1.661
   1.661
   1.669
   1.681
   1.691
   1.702
   1.719
   1.743
   1.775
   1.803
   1.769
   0.000
 -65.534
 -65.534
 -65.534
 -65.534
   0.802
   0.912
   0.965
   1.003
   1.030
   1.062
   1.095
   1.131
   1.167
   1.204
   1.243
   1.279
   1.313
   1.344
   1.380
   1.418
   1.467
   1.526
   1.593
   1.667
   1.738
   1.809
   1.866
   1.905
   1.927
   1.943
   1.953
   1.960
   1.974
   1.992
   2.011
   2.031
   2.049
   2.073
   2.067
   2.078
   2.071
   2.049
   2.018
   1.975
   1.927
   1.882
   1.846
   1.817
   1.796
   1.783
   1.771
   1.752
   1.732
   1.703
   1.674
   1.652
   1.638
   1.632
   1.639
   1.649
   1.658
   1.664
   1.670
   1.683
   1.706
   1.739
   1.766
   1.731
   0.000
 -65.534
 -65.534
 -65.534
 -65.534
   0.723
   0.822
   0.871
   0.904
   0.932
   0.970
   1.011
   1.050
   1.087
   1.125
   1.160
   1.190
   1.216
   1.242
   1.272
   1.307
   1.348
   1.400
   1.459
   1.526
   1.593
   1.659
   1.721
   1.770
   1.807
   1.829
   1.844
   1.847
   1.853
   1.867
   1.882
   1.901
   1.919
   1.930
   1.928
   1.931
   1.927
   1.904
   1.880
   1.839
   1.790
   1.745
   1.709
   1.684
   1.669
   1.663
   1.656
   1.650
   1.639
   1.626
   1.613
   1.604
   1.601
   1.609
   1.621
   1.634
   1.641
   1.641
   1.641
   1.650
   1.668
   1.697
   1.718
   1.678
   0.000
 -65.534
 -65.534
 -65.534
 -65.534
   0.624
   0.714
   0.763
   0.803
   0.849
   0.887
   0.931
   0.971
   1.009
   1.046
   1.080
   1.105
   1.127
   1.151
   1.175
   1.200
   1.230
   1.270
   1.316
   1.370
   1.427
   1.482
   1.537
   1.586
   1.629
   1.660
   1.680
   1.685
   1.691
   1.699
   1.711
   1.726
   1.744
   1.749
   1.746
   1.737
   1.727
   1.707
   1.684
   1.648
   1.610
   1.574
   1.545
   1.527
   1.519
   1.518
   1.520
   1.525
   1.529
   1.530
   1.530
   1.537
   1.550
   1.566
   1.585
   1.602
   1.614
   1.618
   1.618
   1.624
   1.639
   1.663
   1.677
   1.631
   0.000
 -65.534
 -65.534
 -65.534
 -65.534
 -65.534
 -65.534
 -65.534
 -65.534
   0.698
   0.786
   0.840
   0.886
   0.927
   0.967
   1.000
   1.025
   1.049
   1.071
   1.092
   1.113
   1.131
   1.152
   1.183
   1.221
   1.265
   1.310
   1.354
   1.395
   1.433
   1.463
   1.481
   1.488
   1.491
   1.498
   1.505
   1.515
   1.525
   1.528
   1.519
   1.506
   1.494
   1.479
   1.459
   1.434
   1.411
   1.386
   1.365
   1.358
   1.360
   1.369
   1.380
   1.393
   1.406
   1.417
   1.431
   1.448
   1.472
   1.495
   1.522
   1.548
   1.571
   1.588
   1.597
   1.607
   1.624
   1.644
   1.653
   1.602
   0.000
 -65.534
 -65.534
 -65.534
 -65.534
 -65.534
 -65.534
   0.237
   0.358
   0.589
   0.687
   0.749
   0.802
   0.848
   0.891
   0.926
   0.956
   0.986
   1.007
   1.028
   1.043
   1.053
   1.061
   1.076
   1.098
   1.125
   1.162
   1.196
   1.230
   1.258
   1.281
   1.292
   1.292
   1.289
   1.289
   1.288
   1.291
   1.294
   1.287
   1.276
   1.262
   1.251
   1.242
   1.231
   1.219
   1.208
   1.194
   1.188
   1.195
   1.204
   1.216
   1.231
   1.250
   1.272
   1.292
   1.315
   1.342
   1.373
   1.403
   1.437
   1.472
   1.506
   1.535
   1.560
   1.580
   1.605
   1.624
   1.630
   1.569
   0.000
 -65.534
 -65.534
 -65.534
 -65.534
 -65.534
 -65.534
 -65.534
 -65.534
 -65.534
   0.545
   0.630
   0.694
   0.750
   0.801
   0.848
   0.901
   0.934
   0.962
   0.981
   0.987
   0.994
   0.996
   1.002
   1.015
   1.033
   1.056
   1.080
   1.104
   1.125
   1.136
   1.137
   1.132
   1.122
   1.115
   1.103
   1.094
   1.085
   1.073
   1.054
   1.039
   1.028
   1.022
   1.018
   1.015
   1.013
   1.013
   1.022
   1.036
   1.052
   1.071
   1.093
   1.117
   1.143
   1.167
   1.195
   1.229
   1.263
   1.298
   1.336
   1.372
   1.412
   1.453
   1.490
   1.522
   1.549
   1.570
   1.579
   1.509
   0.000
 -65.534
 -65.534
 -65.534
 -65.534
 -65.534
 -65.534
 -65.534
 -65.534
 -65.534
 -65.534
 -65.534
 -65.534
 -65.534
 -65.534
 -65.534
   0.744
   0.844
   0.892
   0.919
   0.936
   0.948
   0.956
   0.966
   0.975
   0.987
   1.000
   1.016
   1.029
   1.038
   1.039
   1.034
   1.021
   1.002
   0.985
   0.966
   0.949
   0.929
   0.907
   0.890
   0.871
   0.854
   0.842
   0.836
   0.837
   0.844
   0.854
   0.872
   0.897
   0.920
   0.942
   0.966
   0.991
   1.019
   1.048
   1.081
   1.116
   1.151
   1.189
   1.223
   1.257
   1.295
   1.338
   1.384
   1.420
   1.450
   1.472
   1.483
   1.410
   0.000
 -65.534
 -65.534
 -65.534
 -65.534
 -65.534
 -65.534
 -65.534
 -65.534
 -65.534
 -65.534
 -65.534
 -65.534
 -65.534
 -65.534
 -65.534
 -65.534
 -65.534
 -65.534
 -65.534
   0.785
   0.882
   0.923
   0.951
   0.973
   0.983
   0.989
   0.997
   1.003
   1.002
   0.993
   0.979
   0.958
   0.933
   0.911
   0.889
   0.866
   0.843
   0.816
   0.791
   0.768
   0.749
   0.733
   0.721
   0.716
   0.722
   0.734
   0.753
   0.781
   0.811
   0.836
   0.861
   0.888
   0.916
   0.946
   0.980
   1.013
   1.044
   1.076
   1.107
   1.135
   1.167
   1.207
   1.250
   1.292
   1.324
   1.353
   1.368
   1.295
   0.000
 -65.534
 -65.534
 -65.534
 -65.534
 -65.534
 -65.534
 -65.534
 -65.534
 -65.534
 -65.534
 -65.534
 -65.534
 -65.534
 -65.534
 -65.534
 -65.534
 -65.534
 -65.534
   0.485
   0.779
   0.862
   0.916
   0.963
   0.996
   1.009
   1.013
   1.014
   1.014
   1.006
   0.994
   0.973
   0.948
   0.919
   0.894
   0.870
   0.847
   0.824
   0.797
   0.767
   0.743
   0.723
   0.707
   0.694
   0.683
   0.673
   0.671
   0.678
   0.696
   0.726
   0.758
   0.787
   0.815
   0.843
   0.872
   0.898
   0.924
   0.952
   0.978
   1.000
   1.021
   1.045
   1.077
   1.114
   1.155
   1.194
   1.226
   1.246
   1.177
   0.000
 -65.534
 -65.534
 -65.534
 -65.534
 -65.534
 -65.534
 -65.534
 -65.534
 -65.534
 -65.534
 -65.534
 -65.534
 -65.534
 -65.534
 -65.534
 -65.534
 -65.534
   0.463
   0.675
   0.813
   0.878
   0.933
   0.986
   1.031
   1.050
   1.051
   1.049
   1.044
   1.038
   1.027
   1.006
   0.978
   0.950
   0.920
   0.895
   0.871
   0.844
   0.816
   0.790
   0.766
   0.749
   0.739
   0.731
   0.723
   0.708
   0.690
   0.672
   0.673
   0.687
   0.710
   0.739
   0.768
   0.792
   0.814
   0.837
   0.861
   0.882
   0.901
   0.912
   0.924
   0.941
   0.964
   0.997
   1.037
   1.075
   1.111
   1.134
   1.072
   0.000
 -65.534
 -65.534
 -65.534
 -65.534
 -65.534
 -65.534
 -65.534
 -65.534
 -65.534
 -65.534
 -65.534
 -65.534
 -65.534
 -65.534
 -65.534
 -65.534
 -65.534
   0.632
   0.766
   0.846
   0.906
   0.956
   1.011
   1.059
   1.082
   1.084
   1.080
   1.075
   1.070
   1.062
   1.047
   1.022
   0.993
   0.966
   0.937
   0.912
   0.883
   0.856
   0.828
   0.805
   0.791
   0.786
   0.788
   0.787
   0.777
   0.752
   0.719
   0.699
   0.698
   0.712
   0.722
   0.739
   0.757
   0.776
   0.793
   0.811
   0.830
   0.843
   0.849
   0.852
   0.863
   0.882
   0.907
   0.940
   0.979
   1.015
   1.038
   0.979
   0.000
 -65.534
 -65.534
 -65.534
 -65.534
 -65.534
 -65.534
 -65.534
 -65.534
 -65.534
 -65.534
 -65.534
 -65.534
 -65.534
 -65.534
 -65.534
 -65.534
 -65.534
   0.700
   0.809
   0.871
   0.921
   0.977
   1.038
   1.086
   1.111
   1.108
   1.101
   1.095
   1.091
   1.089
   1.080
   1.059
   1.038
   1.014
   0.988
   0.960
   0.931
   0.900
   0.872
   0.852
   0.841
   0.838
   0.840
   0.841
   0.831
   0.806
   0.776
   0.748
   0.735
   0.736
   0.744
   0.751
   0.759
   0.772
   0.782
   0.792
   0.805
   0.811
   0.816
   0.816
   0.819
   0.828
   0.844
   0.869
   0.894
   0.924
   0.943
   0.899
   0.000
 -65.534
 -65.534
 -65.534
 -65.534
 -65.534
 -65.534
 -65.534
 -65.534
 -65.534
 -65.534
 -65.534
 -65.534
 -65.534
 -65.534
 -65.534
 -65.534
 -65.534
   0.752
   0.831
   0.890
   0.943
   1.006
   1.073
   1.120
   1.139
   1.138
   1.130
   1.123
   1.121
   1.120
   1.117
   1.101
   1.087
   1.070
   1.046
   1.023
   0.994
   0.965
   0.938
   0.918
   0.906
   0.898
   0.894
   0.886
   0.871
   0.850
   0.824
   0.798
   0.778
   0.770
   0.771
   0.772
   0.775
   0.779
   0.780
   0.784
   0.787
   0.793
   0.794
   0.796
   0.794
   0.792
   0.796
   0.809
   0.822
   0.840
   0.856
   0.814
   0.000
 -65.534
 -65.534
 -65.534
 -65.534
 -65.534
 -65.534
 -65.534
 -65.534
 -65.534
 -65.534
 -65.534
 -65.534
 -65.534
 -65.534
 -65.534
 -65.534
 -65.534
 -65.534
   0.837
   0.909
   0.978
   1.047
   1.112
   1.157
   1.168
   1.168
   1.165
   1.163
   1.161
   1.167
   1.169
   1.159
   1.146
   1.135
   1.119
   1.101
   1.073
   1.043
   1.016
   0.995
   0.979
   0.965
   0.950
   0.937
   0.919
   0.896
   0.871
   0.847
   0.827
   0.814
   0.810
   0.803
   0.797
   0.791
   0.784
   0.780
   0.779
   0.781
   0.781
   0.779
   0.774
   0.768
   0.763
   0.763
   0.764
   0.767
   0.772
   0.727
   0.000
 -65.534
 -65.534
 -65.534
 -65.534
 -65.534
 -65.534
 -65.534
 -65.534
 -65.534
 -65.534
 -65.534
 -65.534
 -65.534
 -65.534
 -65.534
 -65.534
 -65.534
 -65.534
 -65.534
   0.914
   1.011
   1.090
   1.142
   1.171
   1.183
   1.186
   1.188
   1.193
   1.207
   1.225
   1.240
   1.240
   1.230
   1.218
   1.210
   1.199
   1.190
   1.158
   1.128
   1.098
   1.052
   1.017
   0.991
   0.976
   0.965
   0.949
   0.929
   0.906
   0.884
   0.870
   0.863
   0.852
   0.838
   0.826
   0.810
   0.797
   0.789
   0.784
   0.781
   0.775
   0.767
   0.756
   0.745
   0.731
   0.719
   0.708
   0.693
   0.634
   0.000
 -65.534
 -65.534
 -65.534
 -65.534
 -65.534
 -65.534
 -65.534
 -65.534
 -65.534
 -65.534
 -65.534
 -65.534
 -65.534
 -65.534
 -65.534
 -65.534
 -65.534
 -65.534
 -65.534
 -65.534
   1.006
   1.100
   1.159
   1.185
   1.200
   1.207
   1.218
   1.236
   1.262
   1.299
   1.328
   1.337
   1.326
   1.311
   1.294
   1.235
 -65.534
 -65.534
 -65.534
 -65.534
   0.844
   0.929
   0.965
   0.991
   1.013
   1.016
   1.003
   0.981
   0.957
   0.940
   0.926
   0.911
   0.892
   0.872
   0.850
   0.830
   0.812
   0.799
   0.788
   0.778
   0.768
   0.751
   0.732
   0.710
   0.685
   0.658
   0.629
   0.553
   0.000
 -65.534
 -65.534
 -65.534
 -65.534
 -65.534
 -65.534
 -65.534
 -65.534
 -65.534
 -65.534
 -65.534
 -65.534
 -65.534
 -65.534
 -65.534
 -65.534
 -65.534
 -65.534
 -65.534
 -65.534
 -65.534
 -65.534
 -65.534
 -65.534
   1.099
   1.197
   1.241
   1.280
   1.323
   1.370
   1.408
   1.418
   1.409
   1.387
   1.353
   1.266
 -65.534
 -65.534
 -65.534
 -65.534
 -65.534
 -65.534
   0.892
   0.994
   1.058
   1.081
   1.074
   1.053
   1.035
   1.014
   0.995
   0.975
   0.952
   0.924
   0.899
   0.874
   0.848
   0.825
   0.807
   0.789
   0.771
   0.749
   0.722
   0.687
   0.650
   0.611
   0.565
   0.478
   0.000
 -65.534
 -65.534
 -65.534
 -65.534
 -65.534
 -65.534
 -65.534
 -65.534
 -65.534
 -65.534
 -65.534
 -65.534
 -65.534
 -65.534
 -65.534
 -65.534
 -65.534
 -65.534
 -65.534
 -65.534
 -65.534
 -65.534
 -65.534
 -65.534
   1.046
   1.164
   1.236
   1.298
   1.362
   1.418
   1.449
   1.457
   1.449
   1.429
   1.395
   1.300
 -65.534
 -65.534
 -65.534
 -65.534
 -65.534
 -65.534
 -65.534
   0.971
   1.089
   1.137
   1.139
   1.124
   1.106
   1.086
   1.065
   1.039
   1.010
   0.983
   0.959
   0.931
   0.905
   0.877
   0.848
   0.817
   0.786
   0.751
   0.712
   0.664
   0.611
   0.559
   0.504
   0.411
   0.000
 -65.534
 -65.534
 -65.534
 -65.534
 -65.534
 -65.534
 -65.534
 -65.534
 -65.534
 -65.534
 -65.534
 -65.534
 -65.534
 -65.534
 -65.534
 -65.534
 -65.534
 -65.534
 -65.534
 -65.534
 -65.534
 -65.534
 -65.534
 -65.534
 -65.534
 -65.534
 -65.534
 -65.534
 -65.534
   1.226
   1.361
   1.407
   1.438
   1.433
   1.404
   1.325
   0.865
 -65.534
 -65.534
 -65.534
 -65.534
 -65.534
 -65.534
   0.947
   1.059
 -65.534
   1.033
   1.113
   1.130
   1.139
   1.124
   1.098
   1.065
   1.040
   1.018
   0.997
   0.971
   0.940
   0.901
   0.859
   0.811
   0.760
   0.702
   0.639
   0.574
   0.507
   0.443
   0.353
   0.000
 -65.534
 -65.534
 -65.534
 -65.534
 -65.534
 -65.534
 -65.534
 -65.534
 -65.534
 -65.534
 -65.534
 -65.534
 -65.534
 -65.534
 -65.534
 -65.534
 -65.534
 -65.534
 -65.534
 -65.534
 -65.534
 -65.534
 -65.534
 -65.534
 -65.534
 -65.534
 -65.534
 -65.534
 -65.534
 -65.534
 -65.534
 -65.534
   1.231
   1.355
   1.363
   1.291
   1.054
   0.740
 -65.534
 -65.534
 -65.534
 -65.534
 -65.534
 -65.534
 -65.534
 -65.534
 -65.534
 -65.534
 -65.534
   0.961
   1.071
   1.092
   1.101
   1.082
   1.060
   1.034
   1.009
   0.974
   0.926
   0.877
   0.821
   0.759
   0.690
   0.617
   0.549
   0.477
   0.411
   0.327
   0.000
 -65.534
 -65.534
 -65.534
 -65.534
 -65.534
 -65.534
 -65.534
 -65.534
 -65.534
 -65.534
 -65.534
 -65.534
 -65.534
 -65.534
 -65.534
 -65.534
 -65.534
 -65.534
 -65.534
 -65.534
 -65.534
 -65.534
 -65.534
 -65.534
 -65.534
 -65.534
 -65.534
 -65.534
 -65.534
 -65.534
 -65.534
 -65.534
   1.076
   1.216
   1.249
   1.197
   1.068
   0.897
   0.694
   0.552
 -65.534
 -65.534
 -65.534
 -65.534
 -65.534
 -65.534
 -65.534
 -65.534
 -65.534
 -65.534
 -65.534
 -65.534
   0.887
   0.986
   1.008
   1.017
   0.997
   0.960
   0.915
   0.866
   0.811
   0.747
   0.681
   0.612
   0.545
   0.483
   0.421
   0.346
   0.000
 -65.534
 -65.534
 -65.534
 -65.534
 -65.534
 -65.534
 -65.534
 -65.534
 -65.534
 -65.534
 -65.534
 -65.534
 -65.534
 -65.534
 -65.534
 -65.534
 -65.534
 -65.534
 -65.534
 -65.534
 -65.534
 -65.534
 -65.534
 -65.534
 -65.534
 -65.534
 -65.534
 -65.534
 -65.534
 -65.534
 -65.534
 -65.534
 -65.534
 -65.534
 -65.534
 -65.534
   0.799
   0.813
   0.751
   0.685
   0.572
   0.510
   0.470
   0.456
   0.445
 -65.534
 -65.534
 -65.534
 -65.534
 -65.534
 -65.534
 -65.534
 -65.534
 -65.534
 -65.534
   0.810
   0.912
   0.913
   0.887
   0.844
   0.798
   0.741
   0.682
   0.624
   0.571
   0.515
   0.461
   0.391
   0.000
 -65.534
 -65.534
 -65.534
 -65.534
 -65.534
 -65.534
 -65.534
 -65.534
 -65.534
 -65.534
 -65.534
 -65.534
 -65.534
 -65.534
 -65.534
 -65.534
 -65.534
 -65.534
 -65.534
 -65.534
 -65.534
 -65.534
 -65.534
 -65.534
 -65.534
 -65.534
 -65.534
 -65.534
 -65.534
 -65.534
 -65.534
 -65.534
 -65.534
 -65.534
 -65.534
 -65.534
 -65.534
 -65.534
 -65.534
 -65.534
   0.488
 -65.534
 -65.534
 -65.534
 -65.534
 -65.534
 -65.534
 -65.534
 -65.534
 -65.534
 -65.534
 -65.534
 -65.534
 -65.534
 -65.534
   0.686
   0.815
   0.842
   0.832
   0.813
   0.779
   0.723
   0.671
   0.628
   0.588
   0.551
   0.509
   0.444
   0.000
 -65.534
 -65.534
 -65.534
 -65.534
 -65.534
 -65.534
 -65.534
 -65.534
 -65.534
 -65.534
 -65.534
 -65.534
 -65.534
 -65.534
 -65.534
 -65.534
 -65.534
 -65.534
 -65.534
 -65.534
 -65.534
 -65.534
 -65.534
 -65.534
 -65.534
 -65.534
 -65.534
 -65.534
 -65.534
 -65.534
 -65.534
 -65.534
 -65.534
 -65.534
 -65.534
 -65.534
 -65.534
 -65.534
 -65.534
 -65.534
 -65.534
 -65.534
 -65.534
 -65.534
 -65.534
 -65.534
 -65.534
 -65.534
 -65.534
 -65.534
 -65.534
 -65.534
 -65.534
 -65.534
 -65.534
 -65.534
 -65.534
 -65.534
 -65.534
   0.653
   0.714
   0.693
   0.652
   0.629
   0.620
   0.613
   0.597
   0.544
   0.000
 -65.534
 -65.534
 -65.534
 -65.534
 -65.534
 -65.534
 -65.534
 -65.534
 -65.534
 -65.534
 -65.534
 -65.534
 -65.534
 -65.534
 -65.534
 -65.534
 -65.534
 -65.534
 -65.534
 -65.534
 -65.534
 -65.534
 -65.534
 -65.534
 -65.534
 -65.534
 -65.534
 -65.534
 -65.534
 -65.534
 -65.534
 -65.534
 -65.534
 -65.534
 -65.534
 -65.534
 -65.534
 -65.534
 -65.534
 -65.534
 -65.534
 -65.534
 -65.534
 -65.534
 -65.534
 -65.534
 -65.534
 -65.534
 -65.534
 -65.534
 -65.534
 -65.534
 -65.534
 -65.534
 -65.534
 -65.534
 -65.534
 -65.534
 -65.534
 -65.534
 -65.534
   0.000
   0.000
   0.000
   0.000
   0.000
   0.000
   0.000
 -65.534
