 -65.534
   0.000
   0.000
   0.000
   0.000
   0.000
   0.000
   0.000
   0.000
   0.000
   0.000
   0.000
   0.000
   0.000
   0.000
   0.000
   0.000
   0.000
   0.000
   0.000
   0.000
   0.000
   0.000
   0.000
   0.000
   0.000
   0.000
   0.000
   0.000
   0.000
   0.000
   0.000
   0.000
   0.000
   0.000
   0.000
   0.000
   0.000
   0.000
   0.000
   0.000
   0.000
   0.000
   0.000
   0.000
   0.000
   0.000
   0.000
   0.000
   0.000
   0.000
   0.000
   0.000
   0.000
   0.000
   0.000
   0.000
   0.000
   0.000
   0.000
   0.000
   0.000
   0.000
   0.000
   0.000
   0.000
   0.000
   0.000
 -65.534
   0.000
   0.562
   0.600
   0.632
   0.674
   0.704
   0.718
   0.728
   0.736
   0.744
   0.750
   0.750
   0.744
   0.730
   0.708
   0.680
   0.650
   0.630
   0.614
   0.602
   0.590
   0.582
   0.582
   0.588
   0.602
   0.624
   0.648
   0.672
   0.706
   0.740
   0.756
   0.762
   0.764
   0.760
   0.742
   0.708
   0.668
   0.618
   0.580
   0.548
   0.520
   0.498
   0.488
   0.478
   0.470
   0.472
   0.482
   0.500
   0.522
   0.548
   0.574
   0.600
   0.626
   0.644
   0.650
   0.642
   0.626
   0.608
   0.592
   0.574
   0.556
   0.540
   0.528
   0.524
   0.524
   0.522
   0.514
   0.482
   0.000
   0.000
   0.638
   0.676
   0.708
   0.756
   0.804
   0.842
   0.868
   0.890
   0.908
   0.926
   0.936
   0.942
   0.936
   0.912
   0.878
   0.842
   0.814
   0.790
   0.770
   0.752
   0.738
   0.732
   0.738
   0.754
   0.782
   0.818
   0.856
   0.892
   0.922
   0.946
   0.956
   0.956
   0.950
   0.932
   0.900
   0.862
   0.816
   0.774
   0.736
   0.702
   0.672
   0.646
   0.622
   0.600
   0.584
   0.580
   0.588
   0.606
   0.630
   0.660
   0.692
   0.728
   0.760
   0.780
   0.782
   0.776
   0.762
   0.744
   0.720
   0.700
   0.680
   0.666
   0.658
   0.654
   0.650
   0.642
   0.604
   0.000
   0.000
   0.658
   0.684
   0.710
   0.754
   0.810
   0.862
   0.908
   0.946
   0.976
   1.002
   1.020
   1.032
   1.028
   1.006
   0.970
   0.930
   0.896
   0.870
   0.844
   0.820
   0.800
   0.790
   0.796
   0.818
   0.852
   0.896
   0.942
   0.988
   1.026
   1.054
   1.068
   1.074
   1.068
   1.048
   1.016
   0.976
   0.934
   0.892
   0.854
   0.820
   0.786
   0.752
   0.718
   0.686
   0.656
   0.638
   0.634
   0.640
   0.654
   0.674
   0.702
   0.736
   0.770
   0.798
   0.816
   0.826
   0.824
   0.816
   0.802
   0.786
   0.768
   0.754
   0.744
   0.738
   0.730
   0.718
   0.676
   0.000
   0.000
   0.678
   0.692
   0.704
   0.738
   0.788
   0.840
   0.892
   0.936
   0.976
   1.012
   1.042
   1.060
   1.060
   1.040
   1.006
   0.966
   0.932
   0.900
   0.870
   0.842
   0.820
   0.812
   0.822
   0.850
   0.892
   0.940
   0.992
   1.042
   1.086
   1.120
   1.140
   1.148
   1.144
   1.122
   1.088
   1.048
   1.006
   0.968
   0.934
   0.902
   0.866
   0.830
   0.790
   0.750
   0.716
   0.690
   0.678
   0.674
   0.676
   0.686
   0.704
   0.730
   0.762
   0.794
   0.820
   0.838
   0.846
   0.848
   0.842
   0.836
   0.826
   0.814
   0.806
   0.798
   0.790
   0.776
   0.732
   0.000
   0.000
   0.700
   0.708
   0.706
   0.726
   0.762
   0.806
   0.852
   0.896
   0.938
   0.974
   1.006
   1.030
   1.036
   1.026
   0.998
   0.966
   0.934
   0.900
   0.868
   0.838
   0.820
   0.816
   0.832
   0.864
   0.912
   0.968
   1.022
   1.076
   1.122
   1.156
   1.180
   1.194
   1.190
   1.168
   1.134
   1.092
   1.054
   1.018
   0.990
   0.962
   0.928
   0.888
   0.848
   0.808
   0.772
   0.746
   0.730
   0.722
   0.720
   0.720
   0.728
   0.744
   0.768
   0.794
   0.820
   0.842
   0.854
   0.862
   0.864
   0.864
   0.862
   0.860
   0.856
   0.850
   0.840
   0.824
   0.778
   0.000
   0.000
   0.726
   0.728
   0.718
   0.726
   0.748
   0.778
   0.814
   0.850
   0.886
   0.922
   0.952
   0.978
   0.992
   0.990
   0.974
   0.950
   0.920
   0.888
   0.854
   0.828
   0.814
   0.816
   0.836
   0.874
   0.928
   0.986
   1.046
   1.100
   1.144
   1.176
   1.200
   1.212
   1.208
   1.188
   1.154
   1.116
   1.078
   1.050
   1.026
   1.004
   0.976
   0.942
   0.904
   0.866
   0.832
   0.810
   0.796
   0.790
   0.784
   0.780
   0.776
   0.780
   0.794
   0.812
   0.832
   0.850
   0.864
   0.874
   0.880
   0.886
   0.890
   0.892
   0.892
   0.888
   0.878
   0.864
   0.814
   0.000
   0.000
   0.754
   0.758
   0.742
   0.740
   0.746
   0.762
   0.788
   0.816
   0.848
   0.878
   0.908
   0.934
   0.950
   0.954
   0.946
   0.928
   0.904
   0.874
   0.844
   0.822
   0.812
   0.820
   0.842
   0.884
   0.938
   1.000
   1.058
   1.110
   1.150
   1.178
   1.198
   1.210
   1.206
   1.186
   1.154
   1.116
   1.084
   1.058
   1.044
   1.032
   1.012
   0.986
   0.956
   0.922
   0.892
   0.872
   0.862
   0.860
   0.856
   0.850
   0.840
   0.834
   0.836
   0.844
   0.858
   0.872
   0.882
   0.890
   0.898
   0.904
   0.910
   0.914
   0.916
   0.914
   0.906
   0.892
   0.840
   0.000
   0.000
   0.786
   0.800
   0.788
   0.774
   0.764
   0.762
   0.774
   0.796
   0.822
   0.848
   0.874
   0.898
   0.916
   0.926
   0.922
   0.910
   0.890
   0.862
   0.838
   0.818
   0.814
   0.822
   0.846
   0.886
   0.940
   0.998
   1.052
   1.096
   1.130
   1.152
   1.166
   1.174
   1.174
   1.158
   1.130
   1.096
   1.066
   1.048
   1.042
   1.042
   1.036
   1.022
   1.000
   0.974
   0.948
   0.932
   0.924
   0.922
   0.922
   0.916
   0.904
   0.894
   0.888
   0.886
   0.892
   0.898
   0.906
   0.912
   0.916
   0.920
   0.924
   0.926
   0.928
   0.928
   0.922
   0.912
   0.858
   0.000
   0.000
   0.822
   0.850
   0.844
   0.826
   0.800
   0.782
   0.778
   0.788
   0.806
   0.828
   0.850
   0.872
   0.890
   0.902
   0.902
   0.894
   0.876
   0.854
   0.832
   0.818
   0.814
   0.824
   0.844
   0.878
   0.924
   0.976
   1.024
   1.060
   1.086
   1.100
   1.108
   1.114
   1.114
   1.104
   1.084
   1.056
   1.032
   1.020
   1.026
   1.038
   1.044
   1.044
   1.036
   1.018
   0.998
   0.982
   0.974
   0.970
   0.970
   0.966
   0.958
   0.948
   0.938
   0.930
   0.926
   0.924
   0.924
   0.926
   0.924
   0.924
   0.924
   0.926
   0.928
   0.928
   0.926
   0.918
   0.866
   0.000
   0.000
   0.852
   0.896
   0.902
   0.886
   0.852
   0.820
   0.800
   0.798
   0.806
   0.820
   0.838
   0.858
   0.874
   0.886
   0.888
   0.882
   0.868
   0.850
   0.830
   0.816
   0.812
   0.818
   0.832
   0.858
   0.894
   0.938
   0.978
   1.008
   1.026
   1.034
   1.038
   1.044
   1.046
   1.042
   1.026
   1.004
   0.986
   0.984
   1.000
   1.020
   1.040
   1.052
   1.056
   1.048
   1.034
   1.020
   1.008
   1.002
   0.998
   0.996
   0.990
   0.984
   0.976
   0.966
   0.952
   0.938
   0.926
   0.918
   0.910
   0.906
   0.904
   0.906
   0.912
   0.916
   0.914
   0.910
   0.858
   0.000
   0.000
   0.874
   0.936
   0.956
   0.946
   0.912
   0.870
   0.838
   0.820
   0.816
   0.820
   0.832
   0.848
   0.864
   0.874
   0.878
   0.876
   0.864
   0.846
   0.826
   0.812
   0.806
   0.808
   0.814
   0.832
   0.862
   0.896
   0.932
   0.960
   0.978
   0.986
   0.988
   0.990
   0.990
   0.982
   0.966
   0.948
   0.936
   0.942
   0.962
   0.990
   1.018
   1.040
   1.054
   1.058
   1.052
   1.040
   1.026
   1.016
   1.008
   1.002
   1.000
   0.996
   0.990
   0.976
   0.954
   0.928
   0.906
   0.888
   0.876
   0.868
   0.868
   0.874
   0.884
   0.890
   0.894
   0.892
   0.840
   0.000
   0.000
   0.858
   0.966
   1.002
   0.996
   0.964
   0.920
   0.880
   0.848
   0.830
   0.824
   0.830
   0.838
   0.850
   0.860
   0.866
   0.866
   0.858
   0.842
   0.822
   0.808
   0.800
   0.798
   0.802
   0.814
   0.836
   0.866
   0.900
   0.928
   0.950
   0.964
   0.972
   0.972
   0.964
   0.948
   0.928
   0.908
   0.896
   0.900
   0.922
   0.954
   0.986
   1.014
   1.034
   1.046
   1.048
   1.042
   1.028
   1.014
   1.002
   0.994
   0.988
   0.982
   0.974
   0.956
   0.930
   0.900
   0.874
   0.852
   0.836
   0.830
   0.830
   0.840
   0.852
   0.864
   0.868
   0.868
   0.816
   0.000
 -65.534
 -65.534
   0.902
   1.004
   1.016
   1.000
   0.968
   0.928
   0.886
   0.854
   0.834
   0.828
   0.826
   0.828
   0.836
   0.842
   0.846
   0.842
   0.830
   0.816
   0.802
   0.796
   0.794
   0.796
   0.808
   0.830
   0.860
   0.892
   0.926
   0.956
   0.980
   0.992
   0.994
   0.984
   0.962
   0.936
   0.912
   0.892
   0.886
   0.896
   0.922
   0.954
   0.982
   1.004
   1.020
   1.028
   1.026
   1.016
   1.000
   0.984
   0.972
   0.960
   0.950
   0.936
   0.918
   0.892
   0.866
   0.842
   0.822
   0.808
   0.802
   0.806
   0.818
   0.832
   0.842
   0.846
   0.844
   0.790
   0.000
 -65.534
 -65.534
 -65.534
   0.914
   1.008
   1.026
   1.020
   0.988
   0.940
   0.894
   0.860
   0.836
   0.818
   0.806
   0.804
   0.808
   0.812
   0.814
   0.810
   0.802
   0.792
   0.790
   0.790
   0.796
   0.812
   0.838
   0.872
   0.908
   0.946
   0.980
   1.010
   1.030
   1.034
   1.024
   1.002
   0.974
   0.950
   0.930
   0.916
   0.914
   0.924
   0.942
   0.962
   0.978
   0.990
   0.998
   0.998
   0.990
   0.974
   0.958
   0.944
   0.930
   0.914
   0.898
   0.878
   0.860
   0.840
   0.824
   0.810
   0.798
   0.794
   0.800
   0.814
   0.826
   0.832
   0.830
   0.824
   0.766
   0.000
 -65.534
 -65.534
 -65.534
 -65.534
   0.968
   1.050
   1.068
   1.048
   0.998
   0.944
   0.898
   0.856
   0.820
   0.792
   0.778
   0.774
   0.778
   0.782
   0.784
   0.782
   0.780
   0.784
   0.790
   0.802
   0.822
   0.852
   0.890
   0.928
   0.966
   1.006
   1.042
   1.062
   1.068
   1.062
   1.044
   1.020
   1.000
   0.980
   0.964
   0.954
   0.952
   0.956
   0.958
   0.958
   0.960
   0.960
   0.956
   0.946
   0.932
   0.918
   0.904
   0.890
   0.876
   0.860
   0.848
   0.836
   0.826
   0.818
   0.812
   0.806
   0.804
   0.812
   0.822
   0.832
   0.832
   0.822
   0.808
   0.744
   0.000
 -65.534
 -65.534
 -65.534
 -65.534
   0.954
   1.068
   1.096
   1.082
   1.040
   0.992
   0.942
   0.886
   0.836
   0.796
   0.768
   0.756
   0.752
   0.754
   0.758
   0.762
   0.764
   0.772
   0.784
   0.800
   0.824
   0.856
   0.892
   0.928
   0.968
   1.006
   1.040
   1.062
   1.070
   1.066
   1.056
   1.042
   1.032
   1.022
   1.006
   0.990
   0.978
   0.966
   0.952
   0.938
   0.924
   0.910
   0.898
   0.884
   0.868
   0.856
   0.848
   0.840
   0.832
   0.824
   0.820
   0.818
   0.818
   0.820
   0.820
   0.822
   0.824
   0.828
   0.834
   0.836
   0.828
   0.814
   0.792
   0.724
   0.000
 -65.534
 -65.534
 -65.534
 -65.534
   0.932
   1.060
   1.094
   1.086
   1.054
   1.016
   0.972
   0.916
   0.860
   0.812
   0.774
   0.750
   0.738
   0.736
   0.736
   0.740
   0.744
   0.754
   0.766
   0.782
   0.804
   0.832
   0.862
   0.896
   0.932
   0.966
   0.996
   1.018
   1.030
   1.034
   1.032
   1.028
   1.028
   1.028
   1.018
   1.000
   0.978
   0.954
   0.930
   0.902
   0.876
   0.852
   0.830
   0.810
   0.796
   0.788
   0.788
   0.790
   0.792
   0.794
   0.796
   0.802
   0.810
   0.820
   0.828
   0.834
   0.838
   0.842
   0.842
   0.836
   0.824
   0.806
   0.782
   0.712
   0.000
 -65.534
 -65.534
 -65.534
 -65.534
   0.808
   0.934
   0.978
   0.994
   1.012
   0.992
   0.958
   0.912
   0.864
   0.820
   0.782
   0.752
   0.734
   0.726
   0.724
   0.724
   0.726
   0.732
   0.740
   0.754
   0.770
   0.790
   0.816
   0.842
   0.872
   0.900
   0.926
   0.946
   0.960
   0.970
   0.974
   0.980
   0.988
   0.994
   0.986
   0.968
   0.942
   0.912
   0.880
   0.846
   0.812
   0.782
   0.758
   0.738
   0.728
   0.726
   0.736
   0.748
   0.760
   0.770
   0.778
   0.788
   0.800
   0.812
   0.822
   0.832
   0.840
   0.844
   0.844
   0.836
   0.824
   0.806
   0.782
   0.714
   0.000
 -65.534
 -65.534
 -65.534
 -65.534
 -65.534
 -65.534
 -65.534
 -65.534
   0.838
   0.894
   0.890
   0.868
   0.840
   0.810
   0.780
   0.756
   0.740
   0.728
   0.722
   0.720
   0.716
   0.716
   0.718
   0.722
   0.732
   0.744
   0.760
   0.780
   0.800
   0.822
   0.842
   0.860
   0.874
   0.882
   0.888
   0.896
   0.904
   0.910
   0.908
   0.892
   0.866
   0.836
   0.802
   0.770
   0.738
   0.714
   0.692
   0.678
   0.672
   0.678
   0.696
   0.716
   0.736
   0.750
   0.762
   0.772
   0.784
   0.796
   0.806
   0.818
   0.828
   0.836
   0.840
   0.836
   0.830
   0.818
   0.798
   0.736
   0.000
 -65.534
 -65.534
 -65.534
 -65.534
 -65.534
 -65.534
   0.340
   0.444
   0.670
   0.772
   0.800
   0.808
   0.804
   0.790
   0.774
   0.762
   0.752
   0.744
   0.736
   0.730
   0.722
   0.714
   0.706
   0.702
   0.702
   0.704
   0.710
   0.720
   0.732
   0.746
   0.758
   0.770
   0.780
   0.786
   0.788
   0.792
   0.796
   0.802
   0.802
   0.792
   0.774
   0.750
   0.726
   0.702
   0.680
   0.664
   0.648
   0.636
   0.634
   0.644
   0.664
   0.686
   0.708
   0.726
   0.740
   0.752
   0.764
   0.772
   0.782
   0.792
   0.804
   0.816
   0.826
   0.830
   0.830
   0.826
   0.810
   0.758
   0.000
 -65.534
 -65.534
 -65.534
 -65.534
 -65.534
 -65.534
 -65.534
 -65.534
 -65.534
   0.600
   0.664
   0.700
   0.722
   0.738
   0.752
   0.766
   0.764
   0.762
   0.758
   0.750
   0.740
   0.728
   0.716
   0.704
   0.692
   0.684
   0.680
   0.680
   0.682
   0.686
   0.690
   0.696
   0.698
   0.700
   0.698
   0.698
   0.700
   0.706
   0.708
   0.706
   0.700
   0.690
   0.676
   0.662
   0.648
   0.634
   0.620
   0.608
   0.606
   0.616
   0.634
   0.654
   0.674
   0.692
   0.708
   0.722
   0.732
   0.738
   0.744
   0.752
   0.764
   0.778
   0.792
   0.804
   0.810
   0.810
   0.800
   0.750
   0.000
 -65.534
 -65.534
 -65.534
 -65.534
 -65.534
 -65.534
 -65.534
 -65.534
 -65.534
 -65.534
 -65.534
 -65.534
 -65.534
 -65.534
 -65.534
   0.650
   0.714
   0.742
   0.762
   0.776
   0.770
   0.762
   0.750
   0.736
   0.716
   0.696
   0.680
   0.672
   0.666
   0.660
   0.656
   0.652
   0.648
   0.642
   0.636
   0.632
   0.634
   0.638
   0.644
   0.652
   0.658
   0.658
   0.656
   0.646
   0.632
   0.616
   0.598
   0.586
   0.582
   0.590
   0.604
   0.620
   0.636
   0.652
   0.666
   0.676
   0.684
   0.686
   0.688
   0.692
   0.702
   0.718
   0.734
   0.748
   0.758
   0.764
   0.758
   0.714
   0.000
 -65.534
 -65.534
 -65.534
 -65.534
 -65.534
 -65.534
 -65.534
 -65.534
 -65.534
 -65.534
 -65.534
 -65.534
 -65.534
 -65.534
 -65.534
 -65.534
 -65.534
 -65.534
 -65.534
   0.694
   0.772
   0.794
   0.798
   0.790
   0.768
   0.744
   0.722
   0.706
   0.692
   0.678
   0.666
   0.652
   0.640
   0.626
   0.616
   0.610
   0.608
   0.610
   0.616
   0.624
   0.634
   0.640
   0.640
   0.634
   0.620
   0.600
   0.580
   0.564
   0.558
   0.560
   0.568
   0.578
   0.588
   0.598
   0.606
   0.612
   0.614
   0.612
   0.610
   0.614
   0.622
   0.636
   0.654
   0.670
   0.686
   0.696
   0.696
   0.652
   0.000
 -65.534
 -65.534
 -65.534
 -65.534
 -65.534
 -65.534
 -65.534
 -65.534
 -65.534
 -65.534
 -65.534
 -65.534
 -65.534
 -65.534
 -65.534
 -65.534
 -65.534
 -65.534
   0.500
   0.730
   0.804
   0.840
   0.860
   0.860
   0.842
   0.816
   0.794
   0.774
   0.756
   0.738
   0.720
   0.698
   0.678
   0.656
   0.640
   0.628
   0.620
   0.614
   0.612
   0.614
   0.618
   0.624
   0.626
   0.622
   0.608
   0.586
   0.560
   0.540
   0.528
   0.522
   0.524
   0.526
   0.530
   0.532
   0.534
   0.534
   0.532
   0.526
   0.524
   0.522
   0.528
   0.542
   0.560
   0.582
   0.602
   0.618
   0.622
   0.584
   0.000
 -65.534
 -65.534
 -65.534
 -65.534
 -65.534
 -65.534
 -65.534
 -65.534
 -65.534
 -65.534
 -65.534
 -65.534
 -65.534
 -65.534
 -65.534
 -65.534
 -65.534
   0.496
   0.696
   0.810
   0.868
   0.908
   0.936
   0.944
   0.928
   0.902
   0.878
   0.856
   0.838
   0.820
   0.798
   0.774
   0.750
   0.724
   0.700
   0.678
   0.660
   0.644
   0.630
   0.622
   0.618
   0.620
   0.622
   0.620
   0.608
   0.582
   0.552
   0.524
   0.502
   0.488
   0.478
   0.472
   0.468
   0.464
   0.460
   0.454
   0.448
   0.442
   0.436
   0.434
   0.436
   0.448
   0.466
   0.488
   0.514
   0.536
   0.548
   0.522
   0.000
 -65.534
 -65.534
 -65.534
 -65.534
 -65.534
 -65.534
 -65.534
 -65.534
 -65.534
 -65.534
 -65.534
 -65.534
 -65.534
 -65.534
 -65.534
 -65.534
 -65.534
   0.650
   0.792
   0.876
   0.930
   0.972
   1.008
   1.022
   1.008
   0.980
   0.952
   0.928
   0.908
   0.890
   0.868
   0.844
   0.820
   0.792
   0.762
   0.734
   0.706
   0.682
   0.660
   0.644
   0.636
   0.632
   0.634
   0.634
   0.624
   0.596
   0.558
   0.522
   0.490
   0.464
   0.442
   0.428
   0.416
   0.406
   0.398
   0.388
   0.378
   0.370
   0.364
   0.362
   0.362
   0.368
   0.384
   0.408
   0.434
   0.462
   0.486
   0.484
   0.000
 -65.534
 -65.534
 -65.534
 -65.534
 -65.534
 -65.534
 -65.534
 -65.534
 -65.534
 -65.534
 -65.534
 -65.534
 -65.534
 -65.534
 -65.534
 -65.534
 -65.534
   0.696
   0.826
   0.898
   0.956
   1.008
   1.054
   1.076
   1.064
   1.034
   1.004
   0.978
   0.952
   0.930
   0.908
   0.884
   0.858
   0.832
   0.802
   0.770
   0.740
   0.712
   0.692
   0.680
   0.672
   0.668
   0.666
   0.662
   0.650
   0.618
   0.574
   0.532
   0.492
   0.456
   0.428
   0.404
   0.388
   0.376
   0.362
   0.350
   0.340
   0.332
   0.326
   0.324
   0.324
   0.328
   0.338
   0.358
   0.384
   0.416
   0.450
   0.470
   0.000
 -65.534
 -65.534
 -65.534
 -65.534
 -65.534
 -65.534
 -65.534
 -65.534
 -65.534
 -65.534
 -65.534
 -65.534
 -65.534
 -65.534
 -65.534
 -65.534
 -65.534
   0.684
   0.816
   0.890
   0.950
   1.012
   1.070
   1.102
   1.098
   1.072
   1.040
   1.008
   0.978
   0.954
   0.928
   0.902
   0.878
   0.850
   0.824
   0.794
   0.764
   0.740
   0.726
   0.720
   0.720
   0.718
   0.712
   0.702
   0.684
   0.650
   0.604
   0.554
   0.508
   0.468
   0.436
   0.412
   0.396
   0.384
   0.372
   0.358
   0.348
   0.340
   0.334
   0.330
   0.326
   0.326
   0.332
   0.346
   0.370
   0.400
   0.434
   0.464
   0.000
 -65.534
 -65.534
 -65.534
 -65.534
 -65.534
 -65.534
 -65.534
 -65.534
 -65.534
 -65.534
 -65.534
 -65.534
 -65.534
 -65.534
 -65.534
 -65.534
 -65.534
 -65.534
   0.740
   0.858
   0.934
   1.000
   1.060
   1.098
   1.098
   1.078
   1.052
   1.024
   0.996
   0.972
   0.950
   0.924
   0.896
   0.872
   0.846
   0.822
   0.794
   0.770
   0.760
   0.758
   0.762
   0.764
   0.758
   0.744
   0.726
   0.692
   0.646
   0.596
   0.546
   0.504
   0.472
   0.450
   0.436
   0.424
   0.412
   0.400
   0.388
   0.378
   0.370
   0.362
   0.356
   0.354
   0.356
   0.366
   0.382
   0.404
   0.428
   0.448
   0.000
 -65.534
 -65.534
 -65.534
 -65.534
 -65.534
 -65.534
 -65.534
 -65.534
 -65.534
 -65.534
 -65.534
 -65.534
 -65.534
 -65.534
 -65.534
 -65.534
 -65.534
 -65.534
 -65.534
   0.770
   0.894
   0.970
   1.022
   1.050
   1.056
   1.048
   1.034
   1.020
   1.006
   0.996
   0.984
   0.962
   0.932
   0.906
   0.886
   0.864
   0.840
   0.812
   0.796
   0.794
   0.790
   0.780
   0.770
   0.764
   0.756
   0.732
   0.696
   0.650
   0.604
   0.566
   0.536
   0.514
   0.500
   0.486
   0.472
   0.458
   0.444
   0.432
   0.420
   0.412
   0.406
   0.402
   0.402
   0.406
   0.412
   0.422
   0.436
   0.438
   0.000
 -65.534
 -65.534
 -65.534
 -65.534
 -65.534
 -65.534
 -65.534
 -65.534
 -65.534
 -65.534
 -65.534
 -65.534
 -65.534
 -65.534
 -65.534
 -65.534
 -65.534
 -65.534
 -65.534
 -65.534
   0.790
   0.882
   0.942
   0.976
   1.006
   1.008
   1.006
   1.008
   1.016
   1.028
   1.036
   1.020
   0.988
   0.958
   0.932
   0.894
 -65.534
 -65.534
 -65.534
 -65.534
   0.524
   0.618
   0.680
   0.720
   0.748
   0.754
   0.736
   0.706
   0.674
   0.644
   0.618
   0.598
   0.582
   0.566
   0.550
   0.534
   0.518
   0.500
   0.486
   0.476
   0.472
   0.470
   0.468
   0.466
   0.462
   0.460
   0.460
   0.444
   0.000
 -65.534
 -65.534
 -65.534
 -65.534
 -65.534
 -65.534
 -65.534
 -65.534
 -65.534
 -65.534
 -65.534
 -65.534
 -65.534
 -65.534
 -65.534
 -65.534
 -65.534
 -65.534
 -65.534
 -65.534
 -65.534
 -65.534
 -65.534
 -65.534
   0.860
   0.944
   0.978
   1.000
   1.026
   1.054
   1.074
   1.066
   1.038
   1.008
   0.978
   0.932
 -65.534
 -65.534
 -65.534
 -65.534
 -65.534
 -65.534
   0.532
   0.654
   0.732
   0.766
   0.768
   0.754
   0.736
   0.718
   0.702
   0.686
   0.672
   0.656
   0.642
   0.628
   0.612
   0.594
   0.578
   0.566
   0.562
   0.560
   0.556
   0.544
   0.528
   0.512
   0.498
   0.468
   0.000
 -65.534
 -65.534
 -65.534
 -65.534
 -65.534
 -65.534
 -65.534
 -65.534
 -65.534
 -65.534
 -65.534
 -65.534
 -65.534
 -65.534
 -65.534
 -65.534
 -65.534
 -65.534
 -65.534
 -65.534
 -65.534
 -65.534
 -65.534
 -65.534
   0.750
   0.860
   0.924
   0.974
   1.022
   1.070
   1.086
   1.080
   1.062
   1.040
   1.018
   0.964
 -65.534
 -65.534
 -65.534
 -65.534
 -65.534
 -65.534
 -65.534
   0.588
   0.712
   0.770
   0.788
   0.784
   0.782
   0.778
   0.774
   0.766
   0.758
   0.750
   0.746
   0.744
   0.738
   0.726
   0.708
   0.692
   0.684
   0.676
   0.662
   0.638
   0.608
   0.578
   0.552
   0.506
   0.000
 -65.534
 -65.534
 -65.534
 -65.534
 -65.534
 -65.534
 -65.534
 -65.534
 -65.534
 -65.534
 -65.534
 -65.534
 -65.534
 -65.534
 -65.534
 -65.534
 -65.534
 -65.534
 -65.534
 -65.534
 -65.534
 -65.534
 -65.534
 -65.534
 -65.534
 -65.534
 -65.534
 -65.534
 -65.534
   0.874
   0.986
   1.028
   1.056
   1.056
   1.040
   1.006
   0.742
 -65.534
 -65.534
 -65.534
 -65.534
 -65.534
 -65.534
   0.564
   0.674
 -65.534
   0.674
   0.754
   0.790
   0.818
   0.832
   0.836
   0.836
   0.842
   0.854
   0.870
   0.878
   0.872
   0.854
   0.836
   0.820
   0.800
   0.772
   0.738
   0.700
   0.660
   0.622
   0.564
   0.000
 -65.534
 -65.534
 -65.534
 -65.534
 -65.534
 -65.534
 -65.534
 -65.534
 -65.534
 -65.534
 -65.534
 -65.534
 -65.534
 -65.534
 -65.534
 -65.534
 -65.534
 -65.534
 -65.534
 -65.534
 -65.534
 -65.534
 -65.534
 -65.534
 -65.534
 -65.534
 -65.534
 -65.534
 -65.534
 -65.534
 -65.534
 -65.534
   0.866
   0.994
   1.024
   1.002
   0.914
   0.688
 -65.534
 -65.534
 -65.534
 -65.534
 -65.534
 -65.534
 -65.534
 -65.534
 -65.534
 -65.534
 -65.534
   0.684
   0.804
   0.858
   0.886
   0.908
   0.936
   0.964
   0.982
   0.984
   0.972
   0.954
   0.934
   0.908
   0.876
   0.840
   0.798
   0.754
   0.710
   0.642
   0.000
 -65.534
 -65.534
 -65.534
 -65.534
 -65.534
 -65.534
 -65.534
 -65.534
 -65.534
 -65.534
 -65.534
 -65.534
 -65.534
 -65.534
 -65.534
 -65.534
 -65.534
 -65.534
 -65.534
 -65.534
 -65.534
 -65.534
 -65.534
 -65.534
 -65.534
 -65.534
 -65.534
 -65.534
 -65.534
 -65.534
 -65.534
 -65.534
   0.726
   0.878
   0.944
   0.948
   0.930
   0.852
   0.682
   0.526
 -65.534
 -65.534
 -65.534
 -65.534
 -65.534
 -65.534
 -65.534
 -65.534
 -65.534
 -65.534
 -65.534
 -65.534
   0.742
   0.864
   0.934
   0.992
   1.026
   1.042
   1.044
   1.038
   1.026
   1.004
   0.976
   0.944
   0.908
   0.864
   0.816
   0.744
   0.000
 -65.534
 -65.534
 -65.534
 -65.534
 -65.534
 -65.534
 -65.534
 -65.534
 -65.534
 -65.534
 -65.534
 -65.534
 -65.534
 -65.534
 -65.534
 -65.534
 -65.534
 -65.534
 -65.534
 -65.534
 -65.534
 -65.534
 -65.534
 -65.534
 -65.534
 -65.534
 -65.534
 -65.534
 -65.534
 -65.534
 -65.534
 -65.534
 -65.534
 -65.534
 -65.534
 -65.534
   0.656
   0.752
   0.740
   0.690
   0.570
   0.490
   0.444
   0.420
   0.400
 -65.534
 -65.534
 -65.534
 -65.534
 -65.534
 -65.534
 -65.534
 -65.534
 -65.534
 -65.534
   0.858
   1.000
   1.054
   1.086
   1.102
   1.106
   1.096
   1.078
   1.056
   1.030
   0.992
   0.946
   0.870
   0.000
 -65.534
 -65.534
 -65.534
 -65.534
 -65.534
 -65.534
 -65.534
 -65.534
 -65.534
 -65.534
 -65.534
 -65.534
 -65.534
 -65.534
 -65.534
 -65.534
 -65.534
 -65.534
 -65.534
 -65.534
 -65.534
 -65.534
 -65.534
 -65.534
 -65.534
 -65.534
 -65.534
 -65.534
 -65.534
 -65.534
 -65.534
 -65.534
 -65.534
 -65.534
 -65.534
 -65.534
 -65.534
 -65.534
 -65.534
 -65.534
   0.442
 -65.534
 -65.534
 -65.534
 -65.534
 -65.534
 -65.534
 -65.534
 -65.534
 -65.534
 -65.534
 -65.534
 -65.534
 -65.534
 -65.534
   0.826
   0.980
   1.048
   1.096
   1.140
   1.160
   1.160
   1.154
   1.146
   1.134
   1.110
   1.072
   0.996
   0.000
 -65.534
 -65.534
 -65.534
 -65.534
 -65.534
 -65.534
 -65.534
 -65.534
 -65.534
 -65.534
 -65.534
 -65.534
 -65.534
 -65.534
 -65.534
 -65.534
 -65.534
 -65.534
 -65.534
 -65.534
 -65.534
 -65.534
 -65.534
 -65.534
 -65.534
 -65.534
 -65.534
 -65.534
 -65.534
 -65.534
 -65.534
 -65.534
 -65.534
 -65.534
 -65.534
 -65.534
 -65.534
 -65.534
 -65.534
 -65.534
 -65.534
 -65.534
 -65.534
 -65.534
 -65.534
 -65.534
 -65.534
 -65.534
 -65.534
 -65.534
 -65.534
 -65.534
 -65.534
 -65.534
 -65.534
 -65.534
 -65.534
 -65.534
 -65.534
   0.990
   1.144
   1.196
   1.210
   1.226
   1.242
   1.242
   1.224
   1.142
   0.000
 -65.534
 -65.534
 -65.534
 -65.534
 -65.534
 -65.534
 -65.534
 -65.534
 -65.534
 -65.534
 -65.534
 -65.534
 -65.534
 -65.534
 -65.534
 -65.534
 -65.534
 -65.534
 -65.534
 -65.534
 -65.534
 -65.534
 -65.534
 -65.534
 -65.534
 -65.534
 -65.534
 -65.534
 -65.534
 -65.534
 -65.534
 -65.534
 -65.534
 -65.534
 -65.534
 -65.534
 -65.534
 -65.534
 -65.534
 -65.534
 -65.534
 -65.534
 -65.534
 -65.534
 -65.534
 -65.534
 -65.534
 -65.534
 -65.534
 -65.534
 -65.534
 -65.534
 -65.534
 -65.534
 -65.534
 -65.534
 -65.534
 -65.534
 -65.534
 -65.534
 -65.534
   0.000
   0.000
   0.000
   0.000
   0.000
   0.000
   0.000
 -65.534
