 -65.534
   0.000
   0.000
   0.000
   0.000
   0.000
   0.000
   0.000
   0.000
   0.000
   0.000
   0.000
   0.000
   0.000
   0.000
   0.000
   0.000
   0.000
   0.000
   0.000
   0.000
   0.000
   0.000
   0.000
   0.000
   0.000
   0.000
   0.000
   0.000
   0.000
   0.000
   0.000
   0.000
   0.000
   0.000
   0.000
   0.000
   0.000
   0.000
   0.000
   0.000
   0.000
   0.000
   0.000
   0.000
   0.000
   0.000
   0.000
   0.000
   0.000
   0.000
   0.000
   0.000
   0.000
   0.000
   0.000
   0.000
   0.000
   0.000
   0.000
   0.000
   0.000
   0.000
   0.000
   0.000
   0.000
   0.000
   0.000
 -65.534
   0.000
   1.916
   2.065
   2.120
   2.168
   2.195
   2.200
   2.187
   2.166
   2.137
   2.099
   2.066
   2.041
   2.026
   2.014
   2.002
   1.988
   1.995
   2.034
   2.097
   2.178
   2.274
   2.384
   2.518
   2.565
   2.575
   2.587
   2.609
   2.635
   2.673
   2.709
   2.760
   2.813
   2.875
   2.904
   2.936
   2.962
   2.966
   2.931
   2.847
   2.734
   2.607
   2.461
   2.303
   2.188
   2.098
   2.014
   1.921
   1.847
   1.785
   1.732
   1.692
   1.652
   1.628
   1.624
   1.627
   1.634
   1.644
   1.657
   1.665
   1.668
   1.665
   1.664
   1.663
   1.648
   1.641
   1.645
   1.635
   0.000
   0.000
   2.106
   2.257
   2.306
   2.341
   2.356
   2.356
   2.345
   2.328
   2.306
   2.282
   2.253
   2.224
   2.202
   2.180
   2.155
   2.138
   2.138
   2.171
   2.227
   2.311
   2.409
   2.523
   2.655
   2.718
   2.744
   2.766
   2.794
   2.835
   2.886
   2.955
   3.030
   3.111
   3.202
   3.277
   3.339
   3.394
   3.420
   3.398
   3.329
   3.224
   3.091
   2.920
   2.740
   2.587
   2.482
   2.393
   2.301
   2.211
   2.138
   2.071
   2.019
   1.980
   1.952
   1.935
   1.930
   1.935
   1.951
   1.968
   1.981
   1.995
   2.006
   2.013
   2.011
   2.004
   1.995
   1.993
   1.962
   0.000
   0.000
   2.098
   2.252
   2.300
   2.334
   2.347
   2.354
   2.353
   2.350
   2.344
   2.332
   2.311
   2.285
   2.252
   2.218
   2.182
   2.155
   2.152
   2.182
   2.243
   2.327
   2.436
   2.559
   2.684
   2.775
   2.811
   2.838
   2.864
   2.901
   2.954
   3.030
   3.115
   3.219
   3.346
   3.450
   3.550
   3.623
   3.657
   3.653
   3.599
   3.500
   3.354
   3.180
   2.989
   2.823
   2.706
   2.618
   2.524
   2.429
   2.348
   2.268
   2.205
   2.162
   2.130
   2.109
   2.099
   2.104
   2.116
   2.135
   2.151
   2.170
   2.185
   2.196
   2.201
   2.195
   2.188
   2.181
   2.128
   0.000
   0.000
   2.074
   2.217
   2.257
   2.294
   2.310
   2.319
   2.327
   2.334
   2.344
   2.348
   2.334
   2.309
   2.274
   2.232
   2.193
   2.164
   2.163
   2.200
   2.268
   2.360
   2.474
   2.609
   2.733
   2.825
   2.867
   2.905
   2.922
   2.942
   2.986
   3.066
   3.167
   3.288
   3.438
   3.587
   3.710
   3.806
   3.866
   3.865
   3.822
   3.731
   3.590
   3.412
   3.224
   3.051
   2.918
   2.813
   2.719
   2.622
   2.524
   2.438
   2.365
   2.315
   2.278
   2.255
   2.244
   2.247
   2.256
   2.266
   2.280
   2.300
   2.318
   2.331
   2.335
   2.330
   2.318
   2.307
   2.241
   0.000
   0.000
   2.047
   2.178
   2.207
   2.241
   2.261
   2.273
   2.283
   2.297
   2.314
   2.325
   2.319
   2.300
   2.271
   2.232
   2.197
   2.177
   2.186
   2.231
   2.303
   2.396
   2.508
   2.648
   2.776
   2.854
   2.903
   2.944
   2.949
   2.946
   2.984
   3.074
   3.184
   3.331
   3.512
   3.685
   3.831
   3.938
   4.018
   4.035
   4.001
   3.917
   3.787
   3.623
   3.443
   3.264
   3.110
   2.982
   2.880
   2.776
   2.668
   2.571
   2.496
   2.436
   2.401
   2.378
   2.368
   2.366
   2.373
   2.378
   2.387
   2.401
   2.416
   2.429
   2.433
   2.426
   2.413
   2.396
   2.318
   0.000
   0.000
   2.025
   2.144
   2.164
   2.190
   2.208
   2.223
   2.238
   2.254
   2.277
   2.291
   2.291
   2.283
   2.264
   2.240
   2.224
   2.221
   2.239
   2.284
   2.349
   2.429
   2.534
   2.658
   2.772
   2.853
   2.909
   2.937
   2.929
   2.912
   2.941
   3.047
   3.177
   3.357
   3.545
   3.749
   3.915
   4.053
   4.131
   4.158
   4.136
   4.071
   3.958
   3.807
   3.626
   3.443
   3.286
   3.147
   3.024
   2.905
   2.790
   2.685
   2.604
   2.544
   2.505
   2.485
   2.474
   2.471
   2.472
   2.474
   2.476
   2.481
   2.488
   2.495
   2.495
   2.488
   2.473
   2.459
   2.377
   0.000
   0.000
   2.002
   2.115
   2.134
   2.153
   2.165
   2.180
   2.197
   2.215
   2.239
   2.260
   2.270
   2.273
   2.270
   2.271
   2.274
   2.284
   2.306
   2.345
   2.398
   2.466
   2.544
   2.648
   2.753
   2.822
   2.862
   2.877
   2.857
   2.833
   2.867
   2.990
   3.153
   3.358
   3.572
   3.800
   3.974
   4.120
   4.207
   4.241
   4.228
   4.175
   4.078
   3.941
   3.785
   3.609
   3.437
   3.293
   3.155
   3.019
   2.894
   2.783
   2.695
   2.632
   2.592
   2.570
   2.558
   2.551
   2.548
   2.540
   2.536
   2.534
   2.534
   2.534
   2.530
   2.526
   2.513
   2.498
   2.418
   0.000
   0.000
   1.963
   2.088
   2.107
   2.128
   2.137
   2.148
   2.163
   2.186
   2.213
   2.238
   2.260
   2.277
   2.294
   2.310
   2.327
   2.346
   2.371
   2.404
   2.448
   2.505
   2.564
   2.640
   2.731
   2.784
   2.798
   2.792
   2.763
   2.739
   2.784
   2.932
   3.127
   3.347
   3.596
   3.827
   4.016
   4.161
   4.249
   4.282
   4.280
   4.240
   4.159
   4.041
   3.900
   3.747
   3.585
   3.425
   3.272
   3.129
   2.992
   2.876
   2.783
   2.716
   2.669
   2.643
   2.625
   2.612
   2.597
   2.582
   2.570
   2.560
   2.556
   2.551
   2.546
   2.543
   2.537
   2.526
   2.445
   0.000
   0.000
   1.913
   2.048
   2.074
   2.102
   2.111
   2.127
   2.146
   2.171
   2.205
   2.236
   2.266
   2.294
   2.320
   2.345
   2.370
   2.394
   2.421
   2.450
   2.490
   2.539
   2.595
   2.660
   2.727
   2.757
   2.742
   2.720
   2.675
   2.656
   2.727
   2.889
   3.096
   3.333
   3.601
   3.840
   4.032
   4.181
   4.273
   4.304
   4.303
   4.274
   4.209
   4.111
   3.983
   3.844
   3.695
   3.538
   3.381
   3.231
   3.088
   2.965
   2.866
   2.789
   2.735
   2.700
   2.672
   2.649
   2.625
   2.600
   2.581
   2.568
   2.558
   2.552
   2.550
   2.548
   2.546
   2.545
   2.466
   0.000
   0.000
   1.847
   2.000
   2.035
   2.069
   2.087
   2.109
   2.134
   2.168
   2.205
   2.242
   2.275
   2.308
   2.340
   2.370
   2.399
   2.425
   2.450
   2.481
   2.518
   2.560
   2.614
   2.679
   2.737
   2.748
   2.717
   2.665
   2.613
   2.618
   2.705
   2.866
   3.071
   3.310
   3.573
   3.818
   4.009
   4.158
   4.255
   4.294
   4.296
   4.277
   4.223
   4.138
   4.037
   3.899
   3.754
   3.613
   3.458
   3.307
   3.161
   3.031
   2.923
   2.838
   2.771
   2.724
   2.684
   2.651
   2.620
   2.590
   2.567
   2.552
   2.541
   2.536
   2.537
   2.543
   2.548
   2.553
   2.486
   0.000
   0.000
   1.757
   1.934
   1.986
   2.035
   2.062
   2.086
   2.114
   2.157
   2.200
   2.243
   2.279
   2.315
   2.347
   2.380
   2.409
   2.435
   2.458
   2.488
   2.521
   2.567
   2.617
   2.680
   2.741
   2.752
   2.726
   2.680
   2.633
   2.642
   2.724
   2.876
   3.066
   3.293
   3.546
   3.780
   3.964
   4.109
   4.206
   4.249
   4.262
   4.249
   4.201
   4.126
   4.033
   3.913
   3.777
   3.643
   3.492
   3.344
   3.202
   3.070
   2.959
   2.863
   2.786
   2.724
   2.673
   2.630
   2.590
   2.557
   2.534
   2.518
   2.511
   2.513
   2.522
   2.535
   2.549
   2.566
   2.508
   0.000
   0.000
   1.602
   1.846
   1.917
   1.982
   2.024
   2.057
   2.090
   2.125
   2.167
   2.211
   2.255
   2.296
   2.332
   2.365
   2.393
   2.417
   2.442
   2.470
   2.506
   2.550
   2.601
   2.668
   2.734
   2.763
   2.753
   2.731
   2.698
   2.702
   2.761
   2.901
   3.065
   3.269
   3.505
   3.718
   3.887
   4.020
   4.113
   4.160
   4.178
   4.171
   4.130
   4.062
   3.978
   3.872
   3.743
   3.619
   3.478
   3.339
   3.202
   3.077
   2.963
   2.863
   2.774
   2.702
   2.639
   2.585
   2.544
   2.512
   2.491
   2.480
   2.482
   2.490
   2.508
   2.531
   2.557
   2.584
   2.537
   0.000
 -65.534
 -65.534
   1.618
   1.834
   1.898
   1.953
   1.997
   2.041
   2.080
   2.120
   2.159
   2.197
   2.236
   2.275
   2.312
   2.345
   2.372
   2.402
   2.433
   2.472
   2.514
   2.564
   2.629
   2.698
   2.740
   2.759
   2.760
   2.752
   2.753
   2.805
   2.912
   3.040
   3.230
   3.444
   3.628
   3.766
   3.883
   3.966
   4.011
   4.034
   4.029
   3.991
   3.932
   3.857
   3.764
   3.647
   3.532
   3.406
   3.277
   3.153
   3.034
   2.925
   2.821
   2.732
   2.654
   2.583
   2.526
   2.486
   2.460
   2.447
   2.442
   2.452
   2.466
   2.497
   2.530
   2.565
   2.604
   2.571
   0.000
 -65.534
 -65.534
 -65.534
   1.617
   1.811
   1.860
   1.924
   1.973
   2.016
   2.053
   2.092
   2.123
   2.156
   2.191
   2.229
   2.267
   2.306
   2.343
   2.380
   2.423
   2.466
   2.516
   2.572
   2.637
   2.692
   2.730
   2.756
   2.773
   2.784
   2.822
   2.899
   3.013
   3.173
   3.326
   3.445
   3.626
   3.735
   3.794
   3.832
   3.851
   3.842
   3.805
   3.752
   3.687
   3.602
   3.499
   3.396
   3.286
   3.172
   3.063
   2.960
   2.858
   2.758
   2.671
   2.591
   2.524
   2.472
   2.440
   2.422
   2.416
   2.420
   2.436
   2.462
   2.493
   2.534
   2.579
   2.622
   2.595
   0.000
 -65.534
 -65.534
 -65.534
 -65.534
   1.668
   1.774
   1.845
   1.902
   1.946
   1.981
   2.013
   2.041
   2.072
   2.108
   2.148
   2.188
   2.230
   2.272
   2.315
   2.357
   2.397
   2.442
   2.498
   2.558
   2.618
   2.672
   2.720
   2.757
   2.780
   2.815
   2.875
   2.959
   3.075
   3.194
   3.304
   3.432
   3.497
   3.615
   3.650
   3.653
   3.641
   3.605
   3.554
   3.495
   3.417
   3.329
   3.241
   3.153
   3.060
   2.965
   2.879
   2.785
   2.693
   2.615
   2.539
   2.481
   2.440
   2.420
   2.416
   2.422
   2.434
   2.453
   2.478
   2.512
   2.550
   2.595
   2.642
   2.610
   0.000
 -65.534
 -65.534
 -65.534
 -65.534
   1.575
   1.693
   1.766
   1.824
   1.866
   1.902
   1.933
   1.964
   1.995
   2.031
   2.072
   2.115
   2.158
   2.192
   2.229
   2.264
   2.304
   2.344
   2.395
   2.456
   2.520
   2.584
   2.644
   2.691
   2.728
   2.769
   2.822
   2.886
   2.976
   3.070
   3.159
   3.243
   3.306
   3.384
   3.392
   3.435
   3.426
   3.388
   3.343
   3.290
   3.225
   3.157
   3.089
   3.022
   2.951
   2.882
   2.812
   2.732
   2.660
   2.588
   2.527
   2.483
   2.456
   2.450
   2.460
   2.474
   2.493
   2.509
   2.531
   2.556
   2.588
   2.625
   2.668
   2.620
   0.000
 -65.534
 -65.534
 -65.534
 -65.534
   1.491
   1.612
   1.687
   1.747
   1.786
   1.823
   1.857
   1.887
   1.918
   1.958
   2.001
   2.038
   2.072
   2.102
   2.132
   2.158
   2.184
   2.218
   2.259
   2.312
   2.371
   2.436
   2.503
   2.563
   2.612
   2.664
   2.715
   2.770
   2.843
   2.923
   2.995
   3.059
   3.111
   3.145
   3.156
   3.180
   3.185
   3.152
   3.114
   3.075
   3.025
   2.976
   2.931
   2.889
   2.847
   2.806
   2.761
   2.712
   2.655
   2.606
   2.565
   2.533
   2.521
   2.525
   2.541
   2.562
   2.581
   2.600
   2.617
   2.636
   2.658
   2.683
   2.714
   2.648
   0.000
 -65.534
 -65.534
 -65.534
 -65.534
   1.362
   1.480
   1.559
   1.636
   1.708
   1.732
   1.769
   1.801
   1.832
   1.873
   1.913
   1.947
   1.976
   2.001
   2.022
   2.041
   2.058
   2.078
   2.106
   2.146
   2.195
   2.250
   2.312
   2.371
   2.430
   2.488
   2.545
   2.602
   2.669
   2.735
   2.793
   2.845
   2.889
   2.909
   2.918
   2.918
   2.919
   2.898
   2.874
   2.849
   2.819
   2.789
   2.763
   2.738
   2.718
   2.703
   2.686
   2.664
   2.638
   2.615
   2.595
   2.585
   2.584
   2.596
   2.614
   2.641
   2.668
   2.689
   2.706
   2.721
   2.737
   2.756
   2.776
   2.682
   0.000
 -65.534
 -65.534
 -65.534
 -65.534
 -65.534
 -65.534
 -65.534
 -65.534
   1.566
   1.624
   1.662
   1.696
   1.731
   1.773
   1.815
   1.851
   1.881
   1.900
   1.917
   1.930
   1.934
   1.945
   1.959
   1.981
   2.012
   2.054
   2.107
   2.162
   2.219
   2.276
   2.331
   2.385
   2.443
   2.500
   2.548
   2.591
   2.625
   2.642
   2.645
   2.645
   2.644
   2.636
   2.629
   2.620
   2.612
   2.601
   2.590
   2.580
   2.577
   2.577
   2.583
   2.583
   2.584
   2.583
   2.587
   2.592
   2.602
   2.619
   2.646
   2.677
   2.710
   2.740
   2.764
   2.784
   2.801
   2.817
   2.829
   2.716
   0.000
 -65.534
 -65.534
 -65.534
 -65.534
 -65.534
 -65.534
   0.997
   1.206
   1.438
   1.504
   1.542
   1.586
   1.629
   1.671
   1.710
   1.752
   1.785
   1.810
   1.826
   1.834
   1.838
   1.835
   1.836
   1.841
   1.859
   1.886
   1.925
   1.969
   2.016
   2.061
   2.106
   2.147
   2.191
   2.235
   2.276
   2.311
   2.338
   2.349
   2.355
   2.363
   2.373
   2.384
   2.391
   2.404
   2.415
   2.416
   2.417
   2.421
   2.428
   2.439
   2.459
   2.482
   2.502
   2.521
   2.537
   2.555
   2.572
   2.595
   2.625
   2.661
   2.702
   2.740
   2.772
   2.800
   2.827
   2.849
   2.859
   2.729
   0.000
 -65.534
 -65.534
 -65.534
 -65.534
 -65.534
 -65.534
 -65.534
 -65.534
 -65.534
   1.328
   1.381
   1.430
   1.477
   1.525
   1.579
   1.652
   1.688
   1.724
   1.745
   1.755
   1.756
   1.751
   1.743
   1.741
   1.742
   1.758
   1.783
   1.813
   1.841
   1.869
   1.894
   1.916
   1.944
   1.977
   2.007
   2.031
   2.050
   2.064
   2.074
   2.089
   2.114
   2.140
   2.169
   2.199
   2.220
   2.232
   2.241
   2.254
   2.268
   2.287
   2.320
   2.356
   2.394
   2.425
   2.449
   2.474
   2.495
   2.518
   2.551
   2.593
   2.639
   2.685
   2.729
   2.764
   2.800
   2.831
   2.844
   2.709
   0.000
 -65.534
 -65.534
 -65.534
 -65.534
 -65.534
 -65.534
 -65.534
 -65.534
 -65.534
 -65.534
 -65.534
 -65.534
 -65.534
 -65.534
 -65.534
   1.472
   1.531
   1.570
   1.609
   1.666
   1.680
   1.685
   1.685
   1.678
   1.675
   1.678
   1.689
   1.706
   1.718
   1.724
   1.728
   1.735
   1.748
   1.768
   1.788
   1.805
   1.817
   1.825
   1.830
   1.853
   1.889
   1.931
   1.973
   2.015
   2.045
   2.064
   2.077
   2.095
   2.116
   2.143
   2.182
   2.226
   2.269
   2.309
   2.342
   2.369
   2.392
   2.418
   2.454
   2.498
   2.548
   2.599
   2.648
   2.691
   2.732
   2.768
   2.787
   2.652
   0.000
 -65.534
 -65.534
 -65.534
 -65.534
 -65.534
 -65.534
 -65.534
 -65.534
 -65.534
 -65.534
 -65.534
 -65.534
 -65.534
 -65.534
 -65.534
 -65.534
 -65.534
 -65.534
 -65.534
   1.549
   1.609
   1.637
   1.654
   1.659
   1.659
   1.653
   1.657
   1.660
   1.660
   1.656
   1.647
   1.639
   1.637
   1.646
   1.658
   1.663
   1.671
   1.674
   1.680
   1.701
   1.742
   1.788
   1.837
   1.882
   1.918
   1.943
   1.958
   1.977
   1.997
   2.028
   2.067
   2.108
   2.153
   2.195
   2.231
   2.260
   2.284
   2.314
   2.353
   2.398
   2.451
   2.503
   2.552
   2.598
   2.642
   2.682
   2.706
   2.569
   0.000
 -65.534
 -65.534
 -65.534
 -65.534
 -65.534
 -65.534
 -65.534
 -65.534
 -65.534
 -65.534
 -65.534
 -65.534
 -65.534
 -65.534
 -65.534
 -65.534
 -65.534
 -65.534
   1.175
   1.518
   1.568
   1.607
   1.640
   1.664
   1.669
   1.669
   1.666
   1.665
   1.660
   1.651
   1.640
   1.630
   1.619
   1.619
   1.616
   1.615
   1.614
   1.610
   1.613
   1.633
   1.666
   1.711
   1.762
   1.808
   1.843
   1.867
   1.883
   1.900
   1.920
   1.944
   1.978
   2.014
   2.054
   2.089
   2.124
   2.156
   2.183
   2.213
   2.252
   2.299
   2.350
   2.402
   2.451
   2.498
   2.538
   2.578
   2.602
   2.456
   0.000
 -65.534
 -65.534
 -65.534
 -65.534
 -65.534
 -65.534
 -65.534
 -65.534
 -65.534
 -65.534
 -65.534
 -65.534
 -65.534
 -65.534
 -65.534
 -65.534
 -65.534
   1.066
   1.351
   1.495
   1.550
   1.589
   1.629
   1.665
   1.681
   1.684
   1.686
   1.688
   1.685
   1.683
   1.679
   1.667
   1.650
   1.635
   1.623
   1.610
   1.596
   1.584
   1.584
   1.598
   1.631
   1.677
   1.726
   1.774
   1.812
   1.830
   1.841
   1.853
   1.868
   1.890
   1.918
   1.949
   1.981
   2.011
   2.040
   2.066
   2.093
   2.124
   2.160
   2.204
   2.254
   2.310
   2.359
   2.401
   2.443
   2.475
   2.492
   2.340
   0.000
 -65.534
 -65.534
 -65.534
 -65.534
 -65.534
 -65.534
 -65.534
 -65.534
 -65.534
 -65.534
 -65.534
 -65.534
 -65.534
 -65.534
 -65.534
 -65.534
 -65.534
   1.214
   1.392
   1.477
   1.530
   1.569
   1.605
   1.643
   1.666
   1.672
   1.678
   1.685
   1.694
   1.699
   1.701
   1.694
   1.674
   1.649
   1.621
   1.594
   1.570
   1.553
   1.547
   1.560
   1.594
   1.644
   1.696
   1.744
   1.781
   1.799
   1.808
   1.822
   1.837
   1.857
   1.881
   1.906
   1.931
   1.956
   1.980
   2.005
   2.030
   2.059
   2.096
   2.137
   2.182
   2.233
   2.282
   2.328
   2.369
   2.397
   2.401
   2.211
   0.000
 -65.534
 -65.534
 -65.534
 -65.534
 -65.534
 -65.534
 -65.534
 -65.534
 -65.534
 -65.534
 -65.534
 -65.534
 -65.534
 -65.534
 -65.534
 -65.534
 -65.534
   1.240
   1.378
   1.445
   1.498
   1.537
   1.570
   1.596
   1.620
   1.624
   1.630
   1.638
   1.651
   1.669
   1.678
   1.675
   1.655
   1.627
   1.590
   1.556
   1.525
   1.501
   1.494
   1.510
   1.547
   1.595
   1.646
   1.692
   1.726
   1.747
   1.765
   1.787
   1.808
   1.832
   1.856
   1.882
   1.903
   1.921
   1.942
   1.965
   1.992
   2.024
   2.059
   2.097
   2.141
   2.187
   2.235
   2.281
   2.296
   2.313
   2.296
   2.104
   0.000
 -65.534
 -65.534
 -65.534
 -65.534
 -65.534
 -65.534
 -65.534
 -65.534
 -65.534
 -65.534
 -65.534
 -65.534
 -65.534
 -65.534
 -65.534
 -65.534
 -65.534
   1.202
   1.340
   1.405
   1.459
   1.501
   1.532
   1.544
   1.549
   1.559
   1.561
   1.572
   1.589
   1.609
   1.625
   1.626
   1.606
   1.578
   1.545
   1.513
   1.481
   1.457
   1.451
   1.466
   1.503
   1.547
   1.592
   1.633
   1.667
   1.694
   1.718
   1.742
   1.771
   1.799
   1.827
   1.853
   1.874
   1.891
   1.910
   1.933
   1.961
   1.993
   2.032
   2.072
   2.115
   2.160
   2.203
   2.238
   2.252
   2.255
   2.222
   2.014
   0.000
 -65.534
 -65.534
 -65.534
 -65.534
 -65.534
 -65.534
 -65.534
 -65.534
 -65.534
 -65.534
 -65.534
 -65.534
 -65.534
 -65.534
 -65.534
 -65.534
 -65.534
 -65.534
   1.226
   1.344
   1.402
   1.445
   1.471
   1.477
   1.473
   1.478
   1.484
   1.496
   1.517
   1.543
   1.561
   1.559
   1.537
   1.513
   1.486
   1.460
   1.434
   1.412
   1.408
   1.425
   1.457
   1.493
   1.534
   1.580
   1.614
   1.642
   1.669
   1.698
   1.729
   1.759
   1.786
   1.809
   1.829
   1.846
   1.865
   1.891
   1.921
   1.957
   1.999
   2.041
   2.087
   2.131
   2.171
   2.201
   2.217
   2.204
   2.160
   1.939
   0.000
 -65.534
 -65.534
 -65.534
 -65.534
 -65.534
 -65.534
 -65.534
 -65.534
 -65.534
 -65.534
 -65.534
 -65.534
 -65.534
 -65.534
 -65.534
 -65.534
 -65.534
 -65.534
 -65.534
   1.200
   1.312
   1.361
   1.386
   1.391
   1.387
   1.391
   1.401
   1.416
   1.443
   1.469
   1.491
   1.482
   1.454
   1.420
   1.398
   1.381
   1.355
   1.322
   1.310
   1.332
   1.386
   1.426
   1.474
   1.522
   1.568
   1.604
   1.636
   1.662
   1.685
   1.708
   1.730
   1.750
   1.767
   1.783
   1.804
   1.831
   1.867
   1.909
   1.955
   2.002
   2.049
   2.096
   2.134
   2.159
   2.171
   2.157
   2.099
   1.866
   0.000
 -65.534
 -65.534
 -65.534
 -65.534
 -65.534
 -65.534
 -65.534
 -65.534
 -65.534
 -65.534
 -65.534
 -65.534
 -65.534
 -65.534
 -65.534
 -65.534
 -65.534
 -65.534
 -65.534
 -65.534
   1.135
   1.209
   1.249
   1.273
   1.301
   1.314
   1.326
   1.342
   1.363
   1.386
   1.400
   1.378
   1.325
   1.258
   1.166
   0.995
 -65.534
 -65.534
 -65.534
 -65.534
   1.236
   1.337
   1.422
   1.480
   1.533
   1.569
   1.596
   1.615
   1.627
   1.644
   1.657
   1.671
   1.686
   1.704
   1.730
   1.761
   1.798
   1.844
   1.893
   1.943
   1.993
   2.035
   2.072
   2.097
   2.103
   2.083
   2.025
   1.787
   0.000
 -65.534
 -65.534
 -65.534
 -65.534
 -65.534
 -65.534
 -65.534
 -65.534
 -65.534
 -65.534
 -65.534
 -65.534
 -65.534
 -65.534
 -65.534
 -65.534
 -65.534
 -65.534
 -65.534
 -65.534
 -65.534
 -65.534
 -65.534
 -65.534
   1.178
   1.230
   1.251
   1.267
   1.281
   1.292
   1.296
   1.261
   1.202
   1.119
   1.011
   0.845
 -65.534
 -65.534
 -65.534
 -65.534
 -65.534
 -65.534
   1.291
   1.426
   1.478
   1.509
   1.525
   1.531
   1.543
   1.554
   1.562
   1.573
   1.589
   1.613
   1.643
   1.679
   1.719
   1.764
   1.810
   1.859
   1.904
   1.944
   1.977
   1.996
   1.998
   1.979
   1.914
   1.684
   0.000
 -65.534
 -65.534
 -65.534
 -65.534
 -65.534
 -65.534
 -65.534
 -65.534
 -65.534
 -65.534
 -65.534
 -65.534
 -65.534
 -65.534
 -65.534
 -65.534
 -65.534
 -65.534
 -65.534
 -65.534
 -65.534
 -65.534
 -65.534
 -65.534
   1.026
   1.089
   1.117
   1.138
   1.157
   1.181
   1.172
   1.133
   1.076
   0.999
   0.907
   0.770
 -65.534
 -65.534
 -65.534
 -65.534
 -65.534
 -65.534
 -65.534
   1.278
   1.371
   1.392
   1.416
   1.419
   1.428
   1.440
   1.450
   1.466
   1.486
   1.514
   1.549
   1.589
   1.628
   1.668
   1.713
   1.756
   1.794
   1.830
   1.856
   1.868
   1.859
   1.832
   1.769
   1.553
   0.000
 -65.534
 -65.534
 -65.534
 -65.534
 -65.534
 -65.534
 -65.534
 -65.534
 -65.534
 -65.534
 -65.534
 -65.534
 -65.534
 -65.534
 -65.534
 -65.534
 -65.534
 -65.534
 -65.534
 -65.534
 -65.534
 -65.534
 -65.534
 -65.534
 -65.534
 -65.534
 -65.534
 -65.534
 -65.534
   0.983
   0.979
   0.964
   0.950
   0.898
   0.825
   0.713
   0.345
 -65.534
 -65.534
 -65.534
 -65.534
 -65.534
 -65.534
   0.989
   0.961
 -65.534
   1.189
   1.253
   1.285
   1.330
   1.341
   1.361
   1.384
   1.414
   1.451
   1.494
   1.532
   1.571
   1.607
   1.641
   1.670
   1.693
   1.709
   1.714
   1.700
   1.663
   1.597
   1.405
   0.000
 -65.534
 -65.534
 -65.534
 -65.534
 -65.534
 -65.534
 -65.534
 -65.534
 -65.534
 -65.534
 -65.534
 -65.534
 -65.534
 -65.534
 -65.534
 -65.534
 -65.534
 -65.534
 -65.534
 -65.534
 -65.534
 -65.534
 -65.534
 -65.534
 -65.534
 -65.534
 -65.534
 -65.534
 -65.534
 -65.534
 -65.534
 -65.534
   0.826
   0.805
   0.752
   0.654
   0.418
   0.246
 -65.534
 -65.534
 -65.534
 -65.534
 -65.534
 -65.534
 -65.534
 -65.534
 -65.534
 -65.534
 -65.534
   1.100
   1.179
   1.217
   1.275
   1.301
   1.337
   1.386
   1.422
   1.455
   1.483
   1.508
   1.525
   1.540
   1.547
   1.546
   1.532
   1.501
   1.443
   1.280
   0.000
 -65.534
 -65.534
 -65.534
 -65.534
 -65.534
 -65.534
 -65.534
 -65.534
 -65.534
 -65.534
 -65.534
 -65.534
 -65.534
 -65.534
 -65.534
 -65.534
 -65.534
 -65.534
 -65.534
 -65.534
 -65.534
 -65.534
 -65.534
 -65.534
 -65.534
 -65.534
 -65.534
 -65.534
 -65.534
 -65.534
 -65.534
 -65.534
   0.669
   0.661
   0.618
   0.535
   0.405
   0.292
   0.211
   0.172
 -65.534
 -65.534
 -65.534
 -65.534
 -65.534
 -65.534
 -65.534
 -65.534
 -65.534
 -65.534
 -65.534
 -65.534
   1.020
   1.096
   1.147
   1.248
   1.281
   1.311
   1.334
   1.352
   1.363
   1.374
   1.381
   1.386
   1.380
   1.361
   1.317
   1.190
   0.000
 -65.534
 -65.534
 -65.534
 -65.534
 -65.534
 -65.534
 -65.534
 -65.534
 -65.534
 -65.534
 -65.534
 -65.534
 -65.534
 -65.534
 -65.534
 -65.534
 -65.534
 -65.534
 -65.534
 -65.534
 -65.534
 -65.534
 -65.534
 -65.534
 -65.534
 -65.534
 -65.534
 -65.534
 -65.534
 -65.534
 -65.534
 -65.534
 -65.534
 -65.534
 -65.534
 -65.534
   0.318
   0.274
   0.231
   0.195
   0.159
   0.146
   0.143
   0.130
   0.108
 -65.534
 -65.534
 -65.534
 -65.534
 -65.534
 -65.534
 -65.534
 -65.534
 -65.534
 -65.534
   1.001
   1.088
   1.127
   1.153
   1.174
   1.187
   1.201
   1.210
   1.222
   1.234
   1.232
   1.205
   1.105
   0.000
 -65.534
 -65.534
 -65.534
 -65.534
 -65.534
 -65.534
 -65.534
 -65.534
 -65.534
 -65.534
 -65.534
 -65.534
 -65.534
 -65.534
 -65.534
 -65.534
 -65.534
 -65.534
 -65.534
 -65.534
 -65.534
 -65.534
 -65.534
 -65.534
 -65.534
 -65.534
 -65.534
 -65.534
 -65.534
 -65.534
 -65.534
 -65.534
 -65.534
 -65.534
 -65.534
 -65.534
 -65.534
 -65.534
 -65.534
 -65.534
   0.128
 -65.534
 -65.534
 -65.534
 -65.534
 -65.534
 -65.534
 -65.534
 -65.534
 -65.534
 -65.534
 -65.534
 -65.534
 -65.534
 -65.534
   0.790
   0.850
   0.884
   0.907
   0.975
   0.993
   1.009
   1.026
   1.042
   1.059
   1.070
   1.056
   0.972
   0.000
 -65.534
 -65.534
 -65.534
 -65.534
 -65.534
 -65.534
 -65.534
 -65.534
 -65.534
 -65.534
 -65.534
 -65.534
 -65.534
 -65.534
 -65.534
 -65.534
 -65.534
 -65.534
 -65.534
 -65.534
 -65.534
 -65.534
 -65.534
 -65.534
 -65.534
 -65.534
 -65.534
 -65.534
 -65.534
 -65.534
 -65.534
 -65.534
 -65.534
 -65.534
 -65.534
 -65.534
 -65.534
 -65.534
 -65.534
 -65.534
 -65.534
 -65.534
 -65.534
 -65.534
 -65.534
 -65.534
 -65.534
 -65.534
 -65.534
 -65.534
 -65.534
 -65.534
 -65.534
 -65.534
 -65.534
 -65.534
 -65.534
 -65.534
 -65.534
   0.721
   0.746
   0.758
   0.761
   0.772
   0.788
   0.802
   0.789
   0.722
   0.000
 -65.534
 -65.534
 -65.534
 -65.534
 -65.534
 -65.534
 -65.534
 -65.534
 -65.534
 -65.534
 -65.534
 -65.534
 -65.534
 -65.534
 -65.534
 -65.534
 -65.534
 -65.534
 -65.534
 -65.534
 -65.534
 -65.534
 -65.534
 -65.534
 -65.534
 -65.534
 -65.534
 -65.534
 -65.534
 -65.534
 -65.534
 -65.534
 -65.534
 -65.534
 -65.534
 -65.534
 -65.534
 -65.534
 -65.534
 -65.534
 -65.534
 -65.534
 -65.534
 -65.534
 -65.534
 -65.534
 -65.534
 -65.534
 -65.534
 -65.534
 -65.534
 -65.534
 -65.534
 -65.534
 -65.534
 -65.534
 -65.534
 -65.534
 -65.534
 -65.534
 -65.534
   0.000
   0.000
   0.000
   0.000
   0.000
   0.000
   0.000
 -65.534
