 -65.534
   0.000
   0.000
   0.000
   0.000
   0.000
   0.000
   0.000
   0.000
   0.000
   0.000
   0.000
   0.000
   0.000
   0.000
   0.000
   0.000
   0.000
   0.000
   0.000
   0.000
   0.000
   0.000
   0.000
   0.000
   0.000
   0.000
   0.000
   0.000
   0.000
   0.000
   0.000
   0.000
   0.000
   0.000
   0.000
   0.000
   0.000
   0.000
   0.000
   0.000
   0.000
   0.000
   0.000
   0.000
   0.000
   0.000
   0.000
   0.000
   0.000
   0.000
   0.000
   0.000
   0.000
   0.000
   0.000
   0.000
   0.000
   0.000
   0.000
   0.000
   0.000
   0.000
   0.000
   0.000
   0.000
   0.000
   0.000
 -65.534
   0.000
   1.362
   1.577
   1.729
   1.883
   2.024
   2.140
   2.242
   2.333
   2.421
   2.515
   2.617
   2.728
   2.839
   2.938
   3.029
   3.098
   3.153
   3.194
   3.224
   3.244
   3.248
   3.234
   3.181
   3.132
   3.072
   2.998
   2.914
   2.818
   2.727
   2.639
   2.550
   2.461
   2.369
   2.292
   2.194
   2.095
   1.995
   1.898
   1.805
   1.714
   1.620
   1.529
   1.432
   1.309
   1.188
   1.095
   1.054
   1.063
   1.120
   1.200
   1.280
   1.366
   1.444
   1.550
   1.634
   1.717
   1.780
   1.813
   1.837
   1.847
   1.843
   1.839
   1.829
   1.820
   1.815
   1.813
   1.758
   0.000
   0.000
   1.435
   1.641
   1.776
   1.933
   2.088
   2.236
   2.371
   2.490
   2.605
   2.718
   2.838
   2.956
   3.064
   3.154
   3.229
   3.289
   3.339
   3.373
   3.398
   3.409
   3.405
   3.384
   3.333
   3.291
   3.242
   3.184
   3.110
   3.026
   2.945
   2.861
   2.783
   2.703
   2.614
   2.520
   2.408
   2.279
   2.146
   2.018
   1.902
   1.796
   1.690
   1.583
   1.470
   1.339
   1.213
   1.132
   1.113
   1.152
   1.244
   1.362
   1.483
   1.605
   1.731
   1.852
   1.966
   2.076
   2.163
   2.220
   2.260
   2.278
   2.284
   2.278
   2.270
   2.265
   2.260
   2.254
   2.179
   0.000
   0.000
   1.421
   1.610
   1.732
   1.878
   2.027
   2.179
   2.326
   2.465
   2.598
   2.727
   2.851
   2.972
   3.074
   3.153
   3.218
   3.270
   3.312
   3.340
   3.363
   3.370
   3.364
   3.345
   3.306
   3.263
   3.230
   3.188
   3.133
   3.068
   3.002
   2.932
   2.860
   2.786
   2.700
   2.602
   2.479
   2.341
   2.190
   2.040
   1.899
   1.774
   1.656
   1.538
   1.415
   1.287
   1.169
   1.092
   1.081
   1.139
   1.242
   1.384
   1.533
   1.679
   1.825
   1.970
   2.105
   2.233
   2.334
   2.399
   2.444
   2.469
   2.474
   2.468
   2.467
   2.464
   2.466
   2.468
   2.388
   0.000
   0.000
   1.402
   1.581
   1.686
   1.816
   1.952
   2.095
   2.243
   2.386
   2.526
   2.661
   2.789
   2.910
   3.009
   3.085
   3.143
   3.188
   3.224
   3.249
   3.268
   3.277
   3.273
   3.261
   3.240
   3.212
   3.197
   3.173
   3.142
   3.103
   3.058
   3.002
   2.938
   2.873
   2.792
   2.687
   2.560
   2.410
   2.244
   2.081
   1.931
   1.791
   1.656
   1.528
   1.395
   1.264
   1.151
   1.078
   1.066
   1.119
   1.225
   1.376
   1.546
   1.714
   1.884
   2.040
   2.191
   2.326
   2.433
   2.508
   2.555
   2.583
   2.591
   2.596
   2.597
   2.608
   2.617
   2.622
   2.537
   0.000
   0.000
   1.388
   1.556
   1.655
   1.770
   1.892
   2.023
   2.159
   2.300
   2.437
   2.569
   2.692
   2.800
   2.893
   2.966
   3.022
   3.062
   3.097
   3.122
   3.139
   3.153
   3.155
   3.149
   3.141
   3.146
   3.151
   3.147
   3.144
   3.131
   3.106
   3.059
   3.003
   2.940
   2.858
   2.753
   2.626
   2.473
   2.299
   2.126
   1.968
   1.823
   1.684
   1.543
   1.404
   1.270
   1.155
   1.079
   1.061
   1.107
   1.213
   1.373
   1.563
   1.758
   1.951
   2.119
   2.273
   2.408
   2.512
   2.581
   2.636
   2.671
   2.689
   2.701
   2.715
   2.732
   2.744
   2.751
   2.656
   0.000
   0.000
   1.367
   1.534
   1.631
   1.739
   1.850
   1.969
   2.097
   2.230
   2.360
   2.482
   2.593
   2.691
   2.773
   2.840
   2.889
   2.933
   2.962
   2.986
   3.008
   3.024
   3.038
   3.044
   3.058
   3.078
   3.100
   3.127
   3.152
   3.166
   3.155
   3.115
   3.061
   2.988
   2.905
   2.800
   2.673
   2.525
   2.360
   2.194
   2.034
   1.883
   1.741
   1.600
   1.457
   1.315
   1.182
   1.088
   1.055
   1.092
   1.190
   1.355
   1.559
   1.784
   2.005
   2.203
   2.364
   2.497
   2.590
   2.649
   2.700
   2.743
   2.767
   2.784
   2.801
   2.823
   2.839
   2.843
   2.741
   0.000
   0.000
   1.344
   1.512
   1.605
   1.711
   1.817
   1.931
   2.052
   2.176
   2.298
   2.412
   2.513
   2.601
   2.676
   2.734
   2.781
   2.820
   2.849
   2.876
   2.898
   2.918
   2.940
   2.959
   2.986
   3.022
   3.067
   3.117
   3.165
   3.198
   3.200
   3.165
   3.100
   3.017
   2.925
   2.813
   2.698
   2.565
   2.423
   2.273
   2.125
   1.983
   1.845
   1.703
   1.557
   1.404
   1.249
   1.128
   1.067
   1.073
   1.152
   1.303
   1.510
   1.750
   2.005
   2.238
   2.426
   2.559
   2.654
   2.715
   2.762
   2.791
   2.814
   2.838
   2.864
   2.890
   2.904
   2.907
   2.810
   0.000
   0.000
   1.311
   1.483
   1.580
   1.683
   1.786
   1.897
   2.010
   2.130
   2.249
   2.359
   2.453
   2.533
   2.600
   2.654
   2.697
   2.732
   2.763
   2.789
   2.814
   2.838
   2.867
   2.896
   2.931
   2.982
   3.042
   3.109
   3.171
   3.217
   3.224
   3.188
   3.120
   3.031
   2.930
   2.819
   2.712
   2.601
   2.482
   2.358
   2.236
   2.114
   1.986
   1.856
   1.717
   1.557
   1.388
   1.240
   1.146
   1.109
   1.141
   1.248
   1.427
   1.663
   1.934
   2.200
   2.418
   2.580
   2.689
   2.747
   2.790
   2.815
   2.839
   2.865
   2.899
   2.931
   2.948
   2.952
   2.855
   0.000
   0.000
   1.260
   1.439
   1.540
   1.648
   1.748
   1.855
   1.966
   2.085
   2.200
   2.310
   2.401
   2.476
   2.537
   2.584
   2.623
   2.661
   2.691
   2.718
   2.749
   2.782
   2.814
   2.851
   2.891
   2.947
   3.017
   3.090
   3.166
   3.217
   3.227
   3.194
   3.124
   3.033
   2.930
   2.827
   2.732
   2.643
   2.547
   2.452
   2.362
   2.265
   2.157
   2.043
   1.922
   1.775
   1.609
   1.443
   1.316
   1.236
   1.210
   1.246
   1.372
   1.572
   1.829
   2.093
   2.334
   2.527
   2.656
   2.732
   2.782
   2.820
   2.848
   2.879
   2.918
   2.951
   2.972
   2.979
   2.889
   0.000
   0.000
   1.199
   1.376
   1.485
   1.596
   1.700
   1.803
   1.911
   2.024
   2.138
   2.246
   2.338
   2.415
   2.476
   2.521
   2.560
   2.593
   2.628
   2.659
   2.695
   2.734
   2.777
   2.816
   2.861
   2.920
   2.992
   3.072
   3.147
   3.200
   3.211
   3.183
   3.124
   3.042
   2.948
   2.861
   2.784
   2.713
   2.641
   2.567
   2.501
   2.430
   2.346
   2.252
   2.148
   2.027
   1.882
   1.720
   1.565
   1.444
   1.359
   1.330
   1.394
   1.530
   1.734
   1.965
   2.198
   2.401
   2.555
   2.661
   2.735
   2.797
   2.843
   2.880
   2.923
   2.962
   2.985
   2.996
   2.904
   0.000
   0.000
   1.145
   1.312
   1.418
   1.527
   1.628
   1.736
   1.844
   1.948
   2.056
   2.159
   2.256
   2.338
   2.406
   2.456
   2.497
   2.534
   2.569
   2.605
   2.645
   2.691
   2.739
   2.786
   2.830
   2.892
   2.962
   3.037
   3.113
   3.165
   3.185
   3.168
   3.126
   3.063
   2.983
   2.914
   2.857
   2.809
   2.758
   2.707
   2.659
   2.607
   2.548
   2.477
   2.390
   2.285
   2.166
   2.021
   1.869
   1.712
   1.579
   1.495
   1.494
   1.559
   1.695
   1.878
   2.067
   2.251
   2.420
   2.558
   2.667
   2.758
   2.826
   2.884
   2.935
   2.975
   3.000
   3.012
   2.911
   0.000
   0.000
   1.091
   1.251
   1.345
   1.444
   1.541
   1.646
   1.748
   1.854
   1.957
   2.058
   2.151
   2.237
   2.313
   2.372
   2.421
   2.465
   2.507
   2.546
   2.593
   2.641
   2.692
   2.741
   2.792
   2.853
   2.923
   2.994
   3.065
   3.120
   3.152
   3.149
   3.128
   3.086
   3.031
   2.980
   2.944
   2.910
   2.877
   2.845
   2.818
   2.790
   2.746
   2.698
   2.633
   2.543
   2.442
   2.324
   2.177
   2.011
   1.853
   1.729
   1.670
   1.670
   1.728
   1.836
   1.975
   2.129
   2.294
   2.448
   2.586
   2.706
   2.804
   2.887
   2.954
   3.004
   3.032
   3.036
   2.916
   0.000
 -65.534
 -65.534
   1.128
   1.263
   1.347
   1.439
   1.537
   1.633
   1.734
   1.833
   1.929
   2.023
   2.110
   2.191
   2.258
   2.317
   2.369
   2.417
   2.462
   2.514
   2.566
   2.623
   2.676
   2.732
   2.798
   2.870
   2.942
   3.013
   3.072
   3.112
   3.129
   3.128
   3.104
   3.070
   3.041
   3.023
   3.006
   2.984
   2.970
   2.960
   2.948
   2.930
   2.902
   2.853
   2.788
   2.709
   2.611
   2.478
   2.312
   2.142
   1.993
   1.880
   1.819
   1.801
   1.839
   1.921
   2.040
   2.189
   2.351
   2.511
   2.654
   2.781
   2.898
   2.986
   3.046
   3.071
   3.063
   2.915
   0.000
 -65.534
 -65.534
 -65.534
   1.108
   1.239
   1.327
   1.417
   1.506
   1.595
   1.686
   1.779
   1.871
   1.956
   2.037
   2.112
   2.179
   2.237
   2.294
   2.345
   2.402
   2.458
   2.517
   2.581
   2.649
   2.724
   2.806
   2.885
   2.958
   3.024
   3.072
   3.102
   3.116
   3.111
   3.103
   3.105
   3.089
   3.084
   3.078
   3.074
   3.080
   3.084
   3.089
   3.079
   3.052
   3.007
   2.946
   2.865
   2.748
   2.597
   2.423
   2.255
   2.104
   1.994
   1.913
   1.883
   1.917
   2.005
   2.129
   2.283
   2.448
   2.616
   2.766
   2.892
   2.999
   3.065
   3.090
   3.079
   2.905
   0.000
 -65.534
 -65.534
 -65.534
 -65.534
   1.078
   1.209
   1.287
   1.367
   1.446
   1.531
   1.621
   1.707
   1.790
   1.870
   1.945
   2.015
   2.079
   2.138
   2.194
   2.248
   2.310
   2.377
   2.447
   2.530
   2.617
   2.712
   2.802
   2.884
   2.957
   3.013
   3.053
   3.081
   3.096
   3.112
   3.130
   3.142
   3.162
   3.156
   3.162
   3.177
   3.200
   3.219
   3.226
   3.215
   3.189
   3.147
   3.085
   2.984
   2.841
   2.675
   2.497
   2.319
   2.166
   2.054
   1.986
   1.977
   2.030
   2.136
   2.276
   2.438
   2.603
   2.752
   2.883
   2.984
   3.051
   3.079
   3.061
   2.868
   0.000
 -65.534
 -65.534
 -65.534
 -65.534
   0.963
   1.082
   1.153
   1.221
   1.294
   1.373
   1.460
   1.540
   1.622
   1.699
   1.771
   1.838
   1.901
   1.961
   2.016
   2.069
   2.127
   2.197
   2.274
   2.361
   2.460
   2.565
   2.671
   2.768
   2.851
   2.920
   2.973
   3.013
   3.047
   3.083
   3.125
   3.162
   3.198
   3.215
   3.236
   3.243
   3.275
   3.306
   3.327
   3.332
   3.316
   3.292
   3.248
   3.163
   3.033
   2.878
   2.695
   2.501
   2.326
   2.191
   2.115
   2.089
   2.119
   2.201
   2.319
   2.463
   2.615
   2.752
   2.864
   2.951
   2.998
   3.017
   2.998
   2.793
   0.000
 -65.534
 -65.534
 -65.534
 -65.534
   0.875
   0.973
   1.027
   1.085
   1.147
   1.223
   1.303
   1.380
   1.456
   1.528
   1.596
   1.662
   1.717
   1.774
   1.823
   1.875
   1.929
   1.991
   2.066
   2.155
   2.258
   2.366
   2.481
   2.591
   2.691
   2.775
   2.849
   2.907
   2.957
   3.009
   3.068
   3.127
   3.179
   3.219
   3.247
   3.262
   3.284
   3.316
   3.361
   3.376
   3.374
   3.359
   3.326
   3.261
   3.152
   3.010
   2.835
   2.641
   2.460
   2.318
   2.240
   2.211
   2.225
   2.291
   2.394
   2.517
   2.645
   2.756
   2.839
   2.895
   2.921
   2.929
   2.899
   2.690
   0.000
 -65.534
 -65.534
 -65.534
 -65.534
   0.807
   0.885
   0.928
   0.968
   1.020
   1.088
   1.163
   1.234
   1.302
   1.368
   1.429
   1.484
   1.536
   1.589
   1.638
   1.681
   1.726
   1.781
   1.847
   1.933
   2.031
   2.140
   2.256
   2.371
   2.485
   2.585
   2.673
   2.747
   2.815
   2.878
   2.946
   3.017
   3.083
   3.142
   3.180
   3.207
   3.230
   3.266
   3.308
   3.335
   3.349
   3.357
   3.339
   3.290
   3.209
   3.087
   2.932
   2.747
   2.565
   2.424
   2.340
   2.313
   2.326
   2.379
   2.468
   2.574
   2.681
   2.766
   2.817
   2.846
   2.853
   2.851
   2.817
   2.598
   0.000
 -65.534
 -65.534
 -65.534
 -65.534
 -65.534
 -65.534
 -65.534
 -65.534
   0.884
   0.980
   1.044
   1.110
   1.171
   1.226
   1.275
   1.318
   1.365
   1.414
   1.463
   1.507
   1.549
   1.592
   1.645
   1.723
   1.818
   1.923
   2.032
   2.145
   2.257
   2.361
   2.460
   2.545
   2.619
   2.691
   2.767
   2.845
   2.920
   2.988
   3.041
   3.085
   3.128
   3.175
   3.220
   3.262
   3.294
   3.306
   3.297
   3.274
   3.222
   3.129
   3.008
   2.845
   2.668
   2.517
   2.429
   2.399
   2.411
   2.453
   2.530
   2.622
   2.712
   2.782
   2.819
   2.832
   2.835
   2.829
   2.791
   2.560
   0.000
 -65.534
 -65.534
 -65.534
 -65.534
 -65.534
 -65.534
   0.440
   0.631
   0.815
   0.885
   0.947
   1.004
   1.058
   1.103
   1.144
   1.182
   1.222
   1.266
   1.312
   1.353
   1.390
   1.428
   1.482
   1.549
   1.629
   1.729
   1.833
   1.941
   2.047
   2.150
   2.242
   2.326
   2.403
   2.480
   2.557
   2.638
   2.720
   2.794
   2.866
   2.932
   2.991
   3.056
   3.117
   3.172
   3.214
   3.228
   3.229
   3.225
   3.193
   3.127
   3.037
   2.912
   2.754
   2.606
   2.509
   2.468
   2.479
   2.518
   2.580
   2.651
   2.723
   2.782
   2.817
   2.834
   2.849
   2.847
   2.807
   2.543
   0.000
 -65.534
 -65.534
 -65.534
 -65.534
 -65.534
 -65.534
 -65.534
 -65.534
 -65.534
   0.791
   0.870
   0.917
   0.962
   0.997
   1.028
   1.069
   1.107
   1.152
   1.195
   1.234
   1.263
   1.299
   1.348
   1.416
   1.499
   1.585
   1.677
   1.777
   1.872
   1.958
   2.042
   2.124
   2.203
   2.281
   2.358
   2.441
   2.526
   2.605
   2.686
   2.765
   2.842
   2.918
   2.990
   3.047
   3.088
   3.112
   3.127
   3.132
   3.120
   3.085
   3.034
   2.952
   2.829
   2.700
   2.600
   2.546
   2.539
   2.572
   2.618
   2.665
   2.714
   2.757
   2.796
   2.820
   2.841
   2.845
   2.797
   2.487
   0.000
 -65.534
 -65.534
 -65.534
 -65.534
 -65.534
 -65.534
 -65.534
 -65.534
 -65.534
 -65.534
 -65.534
 -65.534
 -65.534
 -65.534
 -65.534
   0.945
   1.014
   1.055
   1.099
   1.146
   1.176
   1.211
   1.257
   1.322
   1.401
   1.486
   1.572
   1.651
   1.731
   1.811
   1.885
   1.956
   2.027
   2.101
   2.183
   2.265
   2.352
   2.437
   2.539
   2.626
   2.707
   2.782
   2.848
   2.908
   2.957
   2.987
   3.009
   3.029
   3.034
   3.024
   3.005
   2.961
   2.881
   2.783
   2.701
   2.639
   2.612
   2.623
   2.647
   2.667
   2.693
   2.730
   2.775
   2.808
   2.826
   2.823
   2.756
   2.404
   0.000
 -65.534
 -65.534
 -65.534
 -65.534
 -65.534
 -65.534
 -65.534
 -65.534
 -65.534
 -65.534
 -65.534
 -65.534
 -65.534
 -65.534
 -65.534
 -65.534
 -65.534
 -65.534
 -65.534
   1.059
   1.121
   1.161
   1.210
   1.268
   1.339
   1.416
   1.493
   1.570
   1.636
   1.694
   1.753
   1.820
   1.885
   1.959
   2.040
   2.126
   2.213
   2.302
   2.397
   2.494
   2.580
   2.655
   2.725
   2.787
   2.833
   2.867
   2.888
   2.912
   2.934
   2.942
   2.944
   2.935
   2.893
   2.834
   2.772
   2.719
   2.679
   2.668
   2.670
   2.667
   2.681
   2.718
   2.762
   2.800
   2.810
   2.795
   2.696
   2.305
   0.000
 -65.534
 -65.534
 -65.534
 -65.534
 -65.534
 -65.534
 -65.534
 -65.534
 -65.534
 -65.534
 -65.534
 -65.534
 -65.534
 -65.534
 -65.534
 -65.534
 -65.534
 -65.534
   0.916
   1.090
   1.119
   1.161
   1.203
   1.256
   1.317
   1.380
   1.448
   1.510
   1.566
   1.616
   1.663
   1.716
   1.773
   1.842
   1.922
   2.008
   2.099
   2.187
   2.277
   2.367
   2.461
   2.549
   2.624
   2.686
   2.724
   2.744
   2.756
   2.769
   2.791
   2.816
   2.842
   2.853
   2.840
   2.808
   2.762
   2.724
   2.701
   2.686
   2.676
   2.666
   2.669
   2.698
   2.728
   2.753
   2.753
   2.712
   2.590
   2.174
   0.000
 -65.534
 -65.534
 -65.534
 -65.534
 -65.534
 -65.534
 -65.534
 -65.534
 -65.534
 -65.534
 -65.534
 -65.534
 -65.534
 -65.534
 -65.534
 -65.534
 -65.534
   0.908
   1.109
   1.131
   1.157
   1.189
   1.230
   1.275
   1.322
   1.375
   1.429
   1.479
   1.526
   1.566
   1.603
   1.639
   1.691
   1.748
   1.818
   1.901
   1.983
   2.068
   2.154
   2.244
   2.344
   2.445
   2.535
   2.606
   2.647
   2.656
   2.651
   2.652
   2.664
   2.686
   2.715
   2.736
   2.735
   2.718
   2.697
   2.692
   2.684
   2.679
   2.671
   2.659
   2.655
   2.663
   2.676
   2.679
   2.654
   2.591
   2.448
   2.010
   0.000
 -65.534
 -65.534
 -65.534
 -65.534
 -65.534
 -65.534
 -65.534
 -65.534
 -65.534
 -65.534
 -65.534
 -65.534
 -65.534
 -65.534
 -65.534
 -65.534
 -65.534
   1.078
   1.160
   1.177
   1.206
   1.232
   1.266
   1.303
   1.340
   1.379
   1.423
   1.463
   1.500
   1.533
   1.558
   1.580
   1.616
   1.661
   1.716
   1.788
   1.863
   1.941
   2.023
   2.116
   2.217
   2.323
   2.430
   2.515
   2.562
   2.576
   2.563
   2.555
   2.558
   2.572
   2.589
   2.594
   2.593
   2.589
   2.584
   2.585
   2.602
   2.613
   2.611
   2.601
   2.596
   2.601
   2.593
   2.568
   2.521
   2.448
   2.300
   1.872
   0.000
 -65.534
 -65.534
 -65.534
 -65.534
 -65.534
 -65.534
 -65.534
 -65.534
 -65.534
 -65.534
 -65.534
 -65.534
 -65.534
 -65.534
 -65.534
 -65.534
 -65.534
   1.115
   1.184
   1.210
   1.239
   1.267
   1.299
   1.328
   1.357
   1.386
   1.418
   1.449
   1.479
   1.504
   1.523
   1.531
   1.552
   1.583
   1.626
   1.684
   1.749
   1.823
   1.904
   1.992
   2.090
   2.196
   2.302
   2.389
   2.446
   2.468
   2.465
   2.461
   2.458
   2.460
   2.463
   2.457
   2.455
   2.451
   2.448
   2.448
   2.463
   2.478
   2.485
   2.480
   2.470
   2.463
   2.445
   2.408
   2.350
   2.263
   2.121
   1.732
   0.000
 -65.534
 -65.534
 -65.534
 -65.534
 -65.534
 -65.534
 -65.534
 -65.534
 -65.534
 -65.534
 -65.534
 -65.534
 -65.534
 -65.534
 -65.534
 -65.534
 -65.534
   1.095
   1.177
   1.212
   1.248
   1.280
   1.314
   1.340
   1.361
   1.382
   1.407
   1.432
   1.459
   1.480
   1.496
   1.496
   1.510
   1.533
   1.565
   1.615
   1.673
   1.741
   1.818
   1.901
   1.992
   2.086
   2.180
   2.259
   2.313
   2.342
   2.349
   2.345
   2.341
   2.333
   2.327
   2.320
   2.314
   2.304
   2.295
   2.293
   2.301
   2.318
   2.327
   2.329
   2.320
   2.302
   2.270
   2.223
   2.147
   2.054
   1.920
   1.561
   0.000
 -65.534
 -65.534
 -65.534
 -65.534
 -65.534
 -65.534
 -65.534
 -65.534
 -65.534
 -65.534
 -65.534
 -65.534
 -65.534
 -65.534
 -65.534
 -65.534
 -65.534
 -65.534
   1.112
   1.192
   1.234
   1.275
   1.304
   1.328
   1.342
   1.357
   1.378
   1.400
   1.420
   1.445
   1.462
   1.462
   1.475
   1.498
   1.531
   1.573
   1.624
   1.687
   1.759
   1.838
   1.926
   2.009
   2.083
   2.146
   2.192
   2.217
   2.225
   2.220
   2.214
   2.202
   2.194
   2.179
   2.169
   2.158
   2.150
   2.140
   2.147
   2.158
   2.168
   2.176
   2.164
   2.146
   2.105
   2.039
   1.950
   1.844
   1.706
   1.375
   0.000
 -65.534
 -65.534
 -65.534
 -65.534
 -65.534
 -65.534
 -65.534
 -65.534
 -65.534
 -65.534
 -65.534
 -65.534
 -65.534
 -65.534
 -65.534
 -65.534
 -65.534
 -65.534
 -65.534
   1.113
   1.196
   1.233
   1.266
   1.284
   1.299
   1.309
   1.324
   1.345
   1.368
   1.393
   1.407
   1.421
   1.441
   1.463
   1.502
   1.547
   1.601
   1.668
   1.735
   1.811
   1.875
   1.934
   1.994
   2.045
   2.078
   2.097
   2.098
   2.090
   2.077
   2.064
   2.060
   2.044
   2.035
   2.028
   2.016
   2.009
   2.006
   2.008
   2.015
   2.019
   2.012
   1.985
   1.937
   1.856
   1.757
   1.642
   1.492
   1.173
   0.000
 -65.534
 -65.534
 -65.534
 -65.534
 -65.534
 -65.534
 -65.534
 -65.534
 -65.534
 -65.534
 -65.534
 -65.534
 -65.534
 -65.534
 -65.534
 -65.534
 -65.534
 -65.534
 -65.534
 -65.534
   1.094
   1.175
   1.217
   1.243
   1.255
   1.263
   1.276
   1.294
   1.314
   1.335
   1.343
   1.357
   1.355
   1.333
   1.265
   1.048
 -65.534
 -65.534
 -65.534
 -65.534
   1.696
   1.822
   1.893
   1.938
   1.973
   1.984
   1.981
   1.972
   1.954
   1.939
   1.925
   1.907
   1.895
   1.884
   1.870
   1.861
   1.853
   1.851
   1.849
   1.849
   1.839
   1.809
   1.756
   1.672
   1.567
   1.439
   1.276
   0.973
   0.000
 -65.534
 -65.534
 -65.534
 -65.534
 -65.534
 -65.534
 -65.534
 -65.534
 -65.534
 -65.534
 -65.534
 -65.534
 -65.534
 -65.534
 -65.534
 -65.534
 -65.534
 -65.534
 -65.534
 -65.534
 -65.534
 -65.534
 -65.534
 -65.534
   1.172
   1.213
   1.231
   1.247
   1.264
   1.273
   1.270
   1.267
   1.236
   1.165
   1.028
   0.772
 -65.534
 -65.534
 -65.534
 -65.534
 -65.534
 -65.534
   1.720
   1.823
   1.864
   1.879
   1.869
   1.849
   1.826
   1.800
   1.781
   1.762
   1.743
   1.722
   1.707
   1.691
   1.676
   1.663
   1.660
   1.652
   1.638
   1.609
   1.552
   1.468
   1.358
   1.225
   1.053
   0.772
   0.000
 -65.534
 -65.534
 -65.534
 -65.534
 -65.534
 -65.534
 -65.534
 -65.534
 -65.534
 -65.534
 -65.534
 -65.534
 -65.534
 -65.534
 -65.534
 -65.534
 -65.534
 -65.534
 -65.534
 -65.534
 -65.534
 -65.534
 -65.534
 -65.534
   1.071
   1.136
   1.165
   1.192
   1.217
   1.216
   1.197
   1.170
   1.112
   1.020
   0.882
   0.699
 -65.534
 -65.534
 -65.534
 -65.534
 -65.534
 -65.534
 -65.534
   1.654
   1.728
   1.740
   1.750
   1.723
   1.701
   1.672
   1.646
   1.623
   1.597
   1.569
   1.545
   1.520
   1.497
   1.478
   1.461
   1.442
   1.411
   1.369
   1.306
   1.217
   1.105
   0.974
   0.815
   0.559
   0.000
 -65.534
 -65.534
 -65.534
 -65.534
 -65.534
 -65.534
 -65.534
 -65.534
 -65.534
 -65.534
 -65.534
 -65.534
 -65.534
 -65.534
 -65.534
 -65.534
 -65.534
 -65.534
 -65.534
 -65.534
 -65.534
 -65.534
 -65.534
 -65.534
 -65.534
 -65.534
 -65.534
 -65.534
 -65.534
   1.089
   1.089
   1.057
   1.009
   0.917
   0.809
   0.677
   0.327
 -65.534
 -65.534
 -65.534
 -65.534
 -65.534
 -65.534
   1.328
   1.224
 -65.534
   1.466
   1.512
   1.524
   1.544
   1.525
   1.501
   1.464
   1.428
   1.394
   1.356
   1.324
   1.288
   1.256
   1.221
   1.174
   1.116
   1.035
   0.937
   0.823
   0.696
   0.545
   0.332
   0.000
 -65.534
 -65.534
 -65.534
 -65.534
 -65.534
 -65.534
 -65.534
 -65.534
 -65.534
 -65.534
 -65.534
 -65.534
 -65.534
 -65.534
 -65.534
 -65.534
 -65.534
 -65.534
 -65.534
 -65.534
 -65.534
 -65.534
 -65.534
 -65.534
 -65.534
 -65.534
 -65.534
 -65.534
 -65.534
 -65.534
 -65.534
 -65.534
   0.890
   0.836
   0.765
   0.662
   0.445
   0.259
 -65.534
 -65.534
 -65.534
 -65.534
 -65.534
 -65.534
 -65.534
 -65.534
 -65.534
 -65.534
 -65.534
   1.245
   1.327
   1.337
   1.354
   1.313
   1.265
   1.198
   1.140
   1.089
   1.038
   0.986
   0.925
   0.850
   0.761
   0.659
   0.549
   0.430
   0.294
   0.126
   0.000
 -65.534
 -65.534
 -65.534
 -65.534
 -65.534
 -65.534
 -65.534
 -65.534
 -65.534
 -65.534
 -65.534
 -65.534
 -65.534
 -65.534
 -65.534
 -65.534
 -65.534
 -65.534
 -65.534
 -65.534
 -65.534
 -65.534
 -65.534
 -65.534
 -65.534
 -65.534
 -65.534
 -65.534
 -65.534
 -65.534
 -65.534
 -65.534
   0.800
   0.767
   0.724
   0.641
   0.494
   0.354
   0.241
   0.179
 -65.534
 -65.534
 -65.534
 -65.534
 -65.534
 -65.534
 -65.534
 -65.534
 -65.534
 -65.534
 -65.534
 -65.534
   1.025
   1.069
   1.041
   1.008
   0.939
   0.870
   0.807
   0.744
   0.672
   0.589
   0.498
   0.399
   0.295
   0.192
   0.078
  -0.047
   0.000
 -65.534
 -65.534
 -65.534
 -65.534
 -65.534
 -65.534
 -65.534
 -65.534
 -65.534
 -65.534
 -65.534
 -65.534
 -65.534
 -65.534
 -65.534
 -65.534
 -65.534
 -65.534
 -65.534
 -65.534
 -65.534
 -65.534
 -65.534
 -65.534
 -65.534
 -65.534
 -65.534
 -65.534
 -65.534
 -65.534
 -65.534
 -65.534
 -65.534
 -65.534
 -65.534
 -65.534
   0.399
   0.353
   0.293
   0.245
   0.184
   0.150
   0.125
   0.118
   0.114
 -65.534
 -65.534
 -65.534
 -65.534
 -65.534
 -65.534
 -65.534
 -65.534
 -65.534
 -65.534
   0.701
   0.713
   0.662
   0.593
   0.516
   0.435
   0.352
   0.263
   0.169
   0.077
  -0.011
  -0.103
  -0.184
   0.000
 -65.534
 -65.534
 -65.534
 -65.534
 -65.534
 -65.534
 -65.534
 -65.534
 -65.534
 -65.534
 -65.534
 -65.534
 -65.534
 -65.534
 -65.534
 -65.534
 -65.534
 -65.534
 -65.534
 -65.534
 -65.534
 -65.534
 -65.534
 -65.534
 -65.534
 -65.534
 -65.534
 -65.534
 -65.534
 -65.534
 -65.534
 -65.534
 -65.534
 -65.534
 -65.534
 -65.534
 -65.534
 -65.534
 -65.534
 -65.534
   0.147
 -65.534
 -65.534
 -65.534
 -65.534
 -65.534
 -65.534
 -65.534
 -65.534
 -65.534
 -65.534
 -65.534
 -65.534
 -65.534
 -65.534
   0.357
   0.413
   0.386
   0.338
   0.302
   0.225
   0.128
   0.040
  -0.041
  -0.117
  -0.183
  -0.253
  -0.297
   0.000
 -65.534
 -65.534
 -65.534
 -65.534
 -65.534
 -65.534
 -65.534
 -65.534
 -65.534
 -65.534
 -65.534
 -65.534
 -65.534
 -65.534
 -65.534
 -65.534
 -65.534
 -65.534
 -65.534
 -65.534
 -65.534
 -65.534
 -65.534
 -65.534
 -65.534
 -65.534
 -65.534
 -65.534
 -65.534
 -65.534
 -65.534
 -65.534
 -65.534
 -65.534
 -65.534
 -65.534
 -65.534
 -65.534
 -65.534
 -65.534
 -65.534
 -65.534
 -65.534
 -65.534
 -65.534
 -65.534
 -65.534
 -65.534
 -65.534
 -65.534
 -65.534
 -65.534
 -65.534
 -65.534
 -65.534
 -65.534
 -65.534
 -65.534
 -65.534
   0.047
  -0.004
  -0.085
  -0.162
  -0.215
  -0.253
  -0.286
  -0.308
  -0.315
   0.000
 -65.534
 -65.534
 -65.534
 -65.534
 -65.534
 -65.534
 -65.534
 -65.534
 -65.534
 -65.534
 -65.534
 -65.534
 -65.534
 -65.534
 -65.534
 -65.534
 -65.534
 -65.534
 -65.534
 -65.534
 -65.534
 -65.534
 -65.534
 -65.534
 -65.534
 -65.534
 -65.534
 -65.534
 -65.534
 -65.534
 -65.534
 -65.534
 -65.534
 -65.534
 -65.534
 -65.534
 -65.534
 -65.534
 -65.534
 -65.534
 -65.534
 -65.534
 -65.534
 -65.534
 -65.534
 -65.534
 -65.534
 -65.534
 -65.534
 -65.534
 -65.534
 -65.534
 -65.534
 -65.534
 -65.534
 -65.534
 -65.534
 -65.534
 -65.534
 -65.534
 -65.534
   0.000
   0.000
   0.000
   0.000
   0.000
   0.000
   0.000
 -65.534
