 -65.534
   0.000
   0.000
   0.000
   0.000
   0.000
   0.000
   0.000
   0.000
   0.000
   0.000
   0.000
   0.000
   0.000
   0.000
   0.000
   0.000
   0.000
   0.000
   0.000
   0.000
   0.000
   0.000
   0.000
   0.000
   0.000
   0.000
   0.000
   0.000
   0.000
   0.000
   0.000
   0.000
   0.000
   0.000
   0.000
   0.000
   0.000
   0.000
   0.000
   0.000
   0.000
   0.000
   0.000
   0.000
   0.000
   0.000
   0.000
   0.000
   0.000
   0.000
   0.000
   0.000
   0.000
   0.000
   0.000
   0.000
   0.000
   0.000
   0.000
   0.000
   0.000
   0.000
   0.000
   0.000
   0.000
   0.000
   0.000
 -65.534
   0.000
   1.343
   1.532
   1.651
   1.760
   1.856
   1.936
   1.996
   2.039
   2.069
   2.083
   2.076
   2.053
   2.012
   1.951
   1.874
   1.785
   1.702
   1.639
   1.598
   1.590
   1.604
   1.633
   1.688
   1.708
   1.718
   1.736
   1.763
   1.798
   1.847
   1.890
   1.921
   1.947
   1.965
   1.944
   1.905
   1.842
   1.754
   1.641
   1.496
   1.331
   1.157
   0.994
   0.900
   0.925
   0.999
   1.076
   1.149
   1.210
   1.261
   1.299
   1.315
   1.322
   1.317
   1.320
   1.322
   1.317
   1.317
   1.309
   1.309
   1.312
   1.311
   1.312
   1.313
   1.306
   1.294
   1.289
   1.255
   0.000
   0.000
   1.377
   1.559
   1.671
   1.778
   1.874
   1.961
   2.035
   2.094
   2.143
   2.179
   2.195
   2.191
   2.164
   2.111
   2.045
   1.965
   1.884
   1.817
   1.772
   1.753
   1.756
   1.776
   1.817
   1.839
   1.857
   1.883
   1.921
   1.968
   2.023
   2.078
   2.124
   2.158
   2.179
   2.164
   2.122
   2.060
   1.971
   1.850
   1.712
   1.552
   1.377
   1.199
   1.062
   1.075
   1.166
   1.266
   1.360
   1.442
   1.507
   1.550
   1.571
   1.580
   1.580
   1.572
   1.556
   1.543
   1.532
   1.525
   1.524
   1.528
   1.531
   1.534
   1.536
   1.530
   1.523
   1.519
   1.477
   0.000
   0.000
   1.315
   1.486
   1.587
   1.686
   1.776
   1.867
   1.950
   2.022
   2.086
   2.137
   2.169
   2.178
   2.164
   2.125
   2.068
   2.001
   1.930
   1.871
   1.829
   1.809
   1.809
   1.827
   1.857
   1.887
   1.914
   1.949
   1.989
   2.037
   2.093
   2.154
   2.203
   2.246
   2.275
   2.270
   2.242
   2.186
   2.098
   1.986
   1.849
   1.697
   1.526
   1.351
   1.200
   1.168
   1.247
   1.348
   1.448
   1.533
   1.605
   1.653
   1.677
   1.679
   1.672
   1.656
   1.633
   1.610
   1.594
   1.587
   1.592
   1.603
   1.612
   1.618
   1.625
   1.623
   1.616
   1.613
   1.568
   0.000
   0.000
   1.251
   1.404
   1.488
   1.571
   1.654
   1.738
   1.823
   1.902
   1.979
   2.041
   2.085
   2.109
   2.110
   2.086
   2.044
   1.990
   1.938
   1.893
   1.861
   1.847
   1.854
   1.871
   1.895
   1.926
   1.954
   1.995
   2.040
   2.088
   2.141
   2.198
   2.252
   2.302
   2.338
   2.354
   2.338
   2.294
   2.219
   2.110
   1.986
   1.842
   1.675
   1.505
   1.356
   1.282
   1.321
   1.407
   1.499
   1.581
   1.646
   1.687
   1.703
   1.702
   1.690
   1.670
   1.646
   1.620
   1.604
   1.599
   1.606
   1.624
   1.636
   1.649
   1.659
   1.665
   1.664
   1.666
   1.622
   0.000
   0.000
   1.182
   1.318
   1.389
   1.459
   1.523
   1.595
   1.673
   1.755
   1.837
   1.909
   1.963
   1.997
   2.014
   2.006
   1.980
   1.945
   1.913
   1.885
   1.868
   1.865
   1.876
   1.896
   1.921
   1.948
   1.978
   2.022
   2.064
   2.109
   2.163
   2.222
   2.279
   2.335
   2.383
   2.410
   2.408
   2.381
   2.321
   2.225
   2.109
   1.976
   1.819
   1.658
   1.509
   1.410
   1.402
   1.455
   1.531
   1.600
   1.654
   1.682
   1.692
   1.685
   1.672
   1.649
   1.620
   1.593
   1.572
   1.568
   1.582
   1.603
   1.623
   1.646
   1.666
   1.677
   1.685
   1.692
   1.655
   0.000
   0.000
   1.105
   1.227
   1.290
   1.347
   1.398
   1.457
   1.526
   1.603
   1.686
   1.760
   1.823
   1.868
   1.898
   1.903
   1.894
   1.880
   1.865
   1.854
   1.849
   1.856
   1.870
   1.893
   1.917
   1.947
   1.988
   2.032
   2.071
   2.110
   2.158
   2.217
   2.280
   2.347
   2.405
   2.447
   2.464
   2.453
   2.407
   2.329
   2.225
   2.099
   1.954
   1.803
   1.655
   1.538
   1.486
   1.496
   1.538
   1.584
   1.615
   1.633
   1.631
   1.621
   1.604
   1.584
   1.553
   1.526
   1.506
   1.504
   1.522
   1.550
   1.576
   1.607
   1.637
   1.659
   1.680
   1.696
   1.669
   0.000
   0.000
   1.012
   1.131
   1.192
   1.242
   1.286
   1.335
   1.395
   1.464
   1.541
   1.619
   1.688
   1.742
   1.778
   1.796
   1.801
   1.800
   1.801
   1.804
   1.810
   1.821
   1.844
   1.871
   1.904
   1.939
   1.976
   2.013
   2.049
   2.082
   2.125
   2.186
   2.258
   2.335
   2.406
   2.466
   2.500
   2.506
   2.479
   2.414
   2.324
   2.209
   2.077
   1.931
   1.789
   1.665
   1.572
   1.533
   1.530
   1.536
   1.542
   1.539
   1.527
   1.510
   1.496
   1.475
   1.448
   1.421
   1.408
   1.416
   1.438
   1.466
   1.502
   1.541
   1.585
   1.621
   1.653
   1.679
   1.665
   0.000
   0.000
   0.916
   1.023
   1.081
   1.136
   1.179
   1.222
   1.274
   1.338
   1.416
   1.493
   1.564
   1.623
   1.667
   1.694
   1.709
   1.722
   1.731
   1.740
   1.755
   1.777
   1.802
   1.838
   1.877
   1.916
   1.949
   1.984
   2.014
   2.044
   2.085
   2.149
   2.225
   2.310
   2.398
   2.471
   2.518
   2.544
   2.534
   2.485
   2.412
   2.309
   2.183
   2.044
   1.907
   1.775
   1.662
   1.581
   1.531
   1.494
   1.463
   1.433
   1.401
   1.377
   1.360
   1.344
   1.322
   1.304
   1.302
   1.315
   1.343
   1.373
   1.412
   1.460
   1.514
   1.565
   1.610
   1.647
   1.648
   0.000
   0.000
   0.823
   0.909
   0.965
   1.018
   1.058
   1.104
   1.158
   1.224
   1.300
   1.380
   1.451
   1.513
   1.562
   1.595
   1.616
   1.637
   1.654
   1.674
   1.691
   1.720
   1.755
   1.796
   1.840
   1.880
   1.914
   1.948
   1.977
   2.007
   2.052
   2.113
   2.189
   2.276
   2.372
   2.456
   2.521
   2.564
   2.571
   2.540
   2.483
   2.393
   2.279
   2.147
   2.010
   1.870
   1.747
   1.636
   1.551
   1.478
   1.409
   1.348
   1.300
   1.266
   1.243
   1.226
   1.213
   1.205
   1.208
   1.224
   1.250
   1.281
   1.320
   1.370
   1.431
   1.494
   1.553
   1.605
   1.621
   0.000
   0.000
   0.750
   0.824
   0.868
   0.901
   0.939
   0.984
   1.039
   1.108
   1.191
   1.274
   1.348
   1.413
   1.461
   1.497
   1.525
   1.549
   1.571
   1.594
   1.620
   1.654
   1.692
   1.738
   1.786
   1.829
   1.867
   1.903
   1.936
   1.974
   2.021
   2.081
   2.152
   2.236
   2.328
   2.418
   2.494
   2.550
   2.575
   2.564
   2.526
   2.456
   2.356
   2.238
   2.101
   1.954
   1.816
   1.687
   1.574
   1.476
   1.388
   1.307
   1.244
   1.197
   1.166
   1.142
   1.129
   1.121
   1.125
   1.139
   1.162
   1.193
   1.232
   1.285
   1.350
   1.420
   1.489
   1.555
   1.590
   0.000
   0.000
   0.690
   0.759
   0.797
   0.834
   0.858
   0.883
   0.926
   0.995
   1.077
   1.166
   1.244
   1.312
   1.363
   1.402
   1.433
   1.460
   1.484
   1.511
   1.539
   1.573
   1.617
   1.663
   1.714
   1.766
   1.811
   1.854
   1.897
   1.941
   1.992
   2.051
   2.117
   2.192
   2.280
   2.368
   2.448
   2.513
   2.552
   2.560
   2.542
   2.496
   2.415
   2.318
   2.192
   2.048
   1.896
   1.753
   1.620
   1.497
   1.392
   1.294
   1.213
   1.155
   1.114
   1.081
   1.057
   1.044
   1.047
   1.063
   1.088
   1.129
   1.176
   1.231
   1.300
   1.374
   1.452
   1.528
   1.572
   0.000
   0.000
   0.621
   0.709
   0.746
   0.777
   0.803
   0.826
   0.850
   0.888
   0.956
   1.043
   1.124
   1.197
   1.253
   1.296
   1.331
   1.358
   1.385
   1.413
   1.446
   1.482
   1.524
   1.571
   1.627
   1.682
   1.740
   1.798
   1.850
   1.900
   1.954
   2.012
   2.073
   2.144
   2.223
   2.305
   2.382
   2.449
   2.496
   2.518
   2.519
   2.495
   2.442
   2.366
   2.265
   2.130
   1.990
   1.847
   1.705
   1.569
   1.440
   1.321
   1.222
   1.140
   1.080
   1.026
   0.988
   0.965
   0.975
   1.001
   1.038
   1.040
   1.089
   1.157
   1.238
   1.322
   1.410
   1.499
   1.578
   0.000
 -65.534
 -65.534
   0.618
   0.691
   0.715
   0.742
   0.769
   0.794
   0.819
   0.854
   0.915
   0.988
   1.057
   1.118
   1.164
   1.206
   1.238
   1.270
   1.301
   1.333
   1.369
   1.412
   1.462
   1.518
   1.580
   1.647
   1.715
   1.780
   1.839
   1.894
   1.950
   2.005
   2.073
   2.149
   2.224
   2.292
   2.353
   2.401
   2.433
   2.448
   2.444
   2.415
   2.368
   2.292
   2.188
   2.064
   1.939
   1.805
   1.670
   1.541
   1.414
   1.295
   1.193
   1.100
   1.024
   0.962
   0.929
   0.930
   0.969
   0.948
   0.997
   1.065
   1.158
   1.243
   1.330
   1.408
   1.483
   1.544
   0.000
 -65.534
 -65.534
 -65.534
   0.592
   0.648
   0.677
   0.708
   0.737
   0.761
   0.782
   0.812
   0.856
   0.912
   0.966
   1.016
   1.062
   1.101
   1.139
   1.175
   1.212
   1.249
   1.291
   1.339
   1.398
   1.464
   1.539
   1.612
   1.683
   1.746
   1.803
   1.862
   1.919
   1.984
   2.045
   2.105
   2.182
   2.244
   2.290
   2.324
   2.346
   2.353
   2.346
   2.318
   2.265
   2.191
   2.092
   1.987
   1.877
   1.757
   1.641
   1.525
   1.410
   1.303
   1.199
   1.111
   1.047
   1.003
   0.988
   0.999
   1.038
   1.089
   1.132
   1.200
   1.287
   1.367
   1.440
   1.503
   1.527
   0.000
 -65.534
 -65.534
 -65.534
 -65.534
   0.559
   0.613
   0.647
   0.674
   0.698
   0.717
   0.737
   0.755
   0.782
   0.825
   0.869
   0.907
   0.950
   0.994
   1.036
   1.075
   1.114
   1.156
   1.205
   1.262
   1.328
   1.404
   1.481
   1.554
   1.617
   1.676
   1.733
   1.793
   1.851
   1.910
   1.974
   2.041
   2.094
   2.149
   2.182
   2.205
   2.220
   2.220
   2.205
   2.170
   2.116
   2.048
   1.970
   1.883
   1.791
   1.697
   1.607
   1.507
   1.410
   1.321
   1.239
   1.176
   1.141
   1.131
   1.142
   1.174
   1.214
   1.267
   1.325
   1.392
   1.455
   1.515
   1.563
   1.561
   0.000
 -65.534
 -65.534
 -65.534
 -65.534
   0.505
   0.557
   0.590
   0.611
   0.628
   0.648
   0.665
   0.681
   0.695
   0.710
   0.731
   0.771
   0.812
   0.843
   0.880
   0.921
   0.963
   1.008
   1.054
   1.108
   1.171
   1.239
   1.312
   1.382
   1.443
   1.507
   1.567
   1.626
   1.687
   1.746
   1.809
   1.864
   1.915
   1.965
   1.990
   2.015
   2.029
   2.031
   2.021
   1.998
   1.963
   1.919
   1.871
   1.814
   1.752
   1.692
   1.629
   1.558
   1.489
   1.421
   1.362
   1.319
   1.296
   1.294
   1.313
   1.347
   1.389
   1.435
   1.485
   1.538
   1.591
   1.638
   1.669
   1.637
   0.000
 -65.534
 -65.534
 -65.534
 -65.534
   0.474
   0.518
   0.545
   0.560
   0.569
   0.584
   0.602
   0.618
   0.628
   0.637
   0.651
   0.660
   0.667
   0.702
   0.752
   0.779
   0.812
   0.850
   0.893
   0.940
   0.995
   1.056
   1.120
   1.187
   1.250
   1.313
   1.374
   1.436
   1.496
   1.556
   1.611
   1.663
   1.706
   1.739
   1.757
   1.771
   1.776
   1.775
   1.776
   1.765
   1.749
   1.731
   1.711
   1.687
   1.661
   1.634
   1.600
   1.561
   1.520
   1.481
   1.449
   1.431
   1.427
   1.438
   1.468
   1.506
   1.551
   1.595
   1.638
   1.679
   1.720
   1.756
   1.782
   1.732
   0.000
 -65.534
 -65.534
 -65.534
 -65.534
   0.459
   0.492
   0.514
   0.525
   0.532
   0.536
   0.550
   0.562
   0.572
   0.583
   0.589
   0.591
   0.592
   0.599
   0.609
   0.620
   0.653
   0.723
   0.755
   0.791
   0.833
   0.882
   0.932
   0.988
   1.050
   1.113
   1.180
   1.240
   1.300
   1.353
   1.399
   1.439
   1.470
   1.491
   1.503
   1.503
   1.501
   1.498
   1.501
   1.501
   1.507
   1.513
   1.519
   1.520
   1.520
   1.519
   1.513
   1.503
   1.493
   1.483
   1.477
   1.482
   1.499
   1.526
   1.565
   1.614
   1.665
   1.710
   1.747
   1.781
   1.812
   1.845
   1.866
   1.805
   0.000
 -65.534
 -65.534
 -65.534
 -65.534
 -65.534
 -65.534
 -65.534
 -65.534
   0.483
   0.502
   0.510
   0.515
   0.523
   0.531
   0.534
   0.533
   0.536
   0.539
   0.546
   0.556
   0.563
   0.574
   0.585
   0.605
   0.631
   0.662
   0.733
   0.834
   0.881
   0.936
   0.990
   1.043
   1.096
   1.143
   1.180
   1.211
   1.232
   1.244
   1.245
   1.241
   1.235
   1.235
   1.238
   1.250
   1.270
   1.285
   1.301
   1.318
   1.340
   1.358
   1.378
   1.394
   1.409
   1.424
   1.445
   1.470
   1.506
   1.547
   1.601
   1.657
   1.714
   1.764
   1.798
   1.829
   1.859
   1.890
   1.913
   1.847
   0.000
 -65.534
 -65.534
 -65.534
 -65.534
 -65.534
 -65.534
   0.311
   0.368
   0.461
   0.480
   0.483
   0.484
   0.488
   0.492
   0.493
   0.493
   0.498
   0.505
   0.514
   0.522
   0.526
   0.530
   0.536
   0.544
   0.551
   0.582
   0.627
   0.689
   0.743
   0.715
   0.776
   0.877
   0.907
   0.942
   0.972
   0.989
   1.002
   1.004
   0.997
   0.992
   0.993
   1.000
   1.015
   1.036
   1.058
   1.077
   1.097
   1.124
   1.153
   1.185
   1.222
   1.258
   1.297
   1.335
   1.373
   1.411
   1.455
   1.507
   1.568
   1.629
   1.692
   1.743
   1.786
   1.821
   1.859
   1.891
   1.916
   1.844
   0.000
 -65.534
 -65.534
 -65.534
 -65.534
 -65.534
 -65.534
 -65.534
 -65.534
 -65.534
   0.451
   0.457
   0.461
   0.464
   0.465
   0.464
   0.474
   0.483
   0.496
   0.507
   0.511
   0.511
   0.511
   0.515
   0.522
   0.536
   0.547
   0.561
   0.588
   0.613
   0.646
   0.681
   0.719
   0.750
   0.720
   0.727
   0.738
   0.745
   0.746
   0.765
   0.828
   0.827
   0.820
   0.826
   0.848
   0.870
   0.893
   0.920
   0.950
   0.985
   1.030
   1.080
   1.134
   1.185
   1.235
   1.280
   1.321
   1.367
   1.417
   1.474
   1.533
   1.593
   1.646
   1.699
   1.745
   1.790
   1.834
   1.866
   1.796
   0.000
 -65.534
 -65.534
 -65.534
 -65.534
 -65.534
 -65.534
 -65.534
 -65.534
 -65.534
 -65.534
 -65.534
 -65.534
 -65.534
 -65.534
 -65.534
   0.441
   0.476
   0.496
   0.508
   0.509
   0.511
   0.512
   0.514
   0.522
   0.533
   0.547
   0.556
   0.560
   0.574
   0.593
   0.608
   0.619
   0.628
   0.641
   0.652
   0.659
   0.663
   0.660
   0.682
   0.683
   0.677
   0.676
   0.699
   0.757
   0.761
   0.769
   0.786
   0.810
   0.842
   0.885
   0.937
   1.002
   1.067
   1.125
   1.178
   1.222
   1.264
   1.311
   1.364
   1.415
   1.469
   1.525
   1.580
   1.633
   1.688
   1.742
   1.781
   1.711
   0.000
 -65.534
 -65.534
 -65.534
 -65.534
 -65.534
 -65.534
 -65.534
 -65.534
 -65.534
 -65.534
 -65.534
 -65.534
 -65.534
 -65.534
 -65.534
 -65.534
 -65.534
 -65.534
 -65.534
   0.488
   0.517
   0.528
   0.535
   0.545
   0.553
   0.562
   0.570
   0.574
   0.576
   0.570
   0.575
   0.578
   0.586
   0.591
   0.599
   0.603
   0.608
   0.607
   0.615
   0.624
   0.633
   0.647
   0.674
   0.693
   0.705
   0.711
   0.712
   0.717
   0.736
   0.758
   0.836
   0.920
   0.971
   1.020
   1.068
   1.113
   1.154
   1.200
   1.248
   1.293
   1.344
   1.400
   1.458
   1.514
   1.569
   1.626
   1.666
   1.598
   0.000
 -65.534
 -65.534
 -65.534
 -65.534
 -65.534
 -65.534
 -65.534
 -65.534
 -65.534
 -65.534
 -65.534
 -65.534
 -65.534
 -65.534
 -65.534
 -65.534
 -65.534
 -65.534
   0.418
   0.528
   0.548
   0.564
   0.576
   0.588
   0.595
   0.599
   0.603
   0.603
   0.602
   0.593
   0.579
   0.573
   0.574
   0.577
   0.582
   0.589
   0.595
   0.598
   0.607
   0.619
   0.643
   0.683
   0.709
   0.730
   0.748
   0.758
   0.755
   0.751
   0.754
   0.776
   0.814
   0.851
   0.885
   0.918
   0.940
   0.965
   1.064
   1.126
   1.155
   1.186
   1.225
   1.271
   1.324
   1.376
   1.430
   1.482
   1.520
   1.450
   0.000
 -65.534
 -65.534
 -65.534
 -65.534
 -65.534
 -65.534
 -65.534
 -65.534
 -65.534
 -65.534
 -65.534
 -65.534
 -65.534
 -65.534
 -65.534
 -65.534
 -65.534
   0.436
   0.548
   0.580
   0.594
   0.608
   0.624
   0.637
   0.643
   0.648
   0.648
   0.645
   0.642
   0.633
   0.617
   0.598
   0.595
   0.596
   0.600
   0.605
   0.622
   0.658
   0.692
   0.708
   0.717
   0.734
   0.751
   0.783
   0.812
   0.819
   0.816
   0.807
   0.801
   0.806
   0.828
   0.861
   0.892
   0.920
   0.941
   0.969
   0.996
   1.020
   1.044
   1.066
   1.091
   1.163
   1.223
   1.253
   1.293
   1.334
   1.361
   1.285
   0.000
 -65.534
 -65.534
 -65.534
 -65.534
 -65.534
 -65.534
 -65.534
 -65.534
 -65.534
 -65.534
 -65.534
 -65.534
 -65.534
 -65.534
 -65.534
 -65.534
 -65.534
   0.549
   0.613
   0.627
   0.632
   0.645
   0.664
   0.679
   0.686
   0.692
   0.693
   0.693
   0.688
   0.681
   0.666
   0.640
   0.633
   0.632
   0.637
   0.667
   0.727
   0.729
   0.732
   0.739
   0.751
   0.765
   0.792
   0.835
   0.875
   0.884
   0.875
   0.861
   0.850
   0.847
   0.857
   0.872
   0.892
   0.912
   0.929
   0.946
   0.969
   0.991
   1.009
   1.026
   1.047
   1.072
   1.089
   1.126
   1.190
   1.201
   1.212
   1.127
   0.000
 -65.534
 -65.534
 -65.534
 -65.534
 -65.534
 -65.534
 -65.534
 -65.534
 -65.534
 -65.534
 -65.534
 -65.534
 -65.534
 -65.534
 -65.534
 -65.534
 -65.534
   0.591
   0.636
   0.651
   0.656
   0.673
   0.695
   0.711
   0.720
   0.725
   0.729
   0.731
   0.731
   0.727
   0.713
   0.685
   0.675
   0.676
   0.731
   0.758
   0.750
   0.749
   0.755
   0.764
   0.776
   0.795
   0.822
   0.862
   0.902
   0.918
   0.916
   0.905
   0.893
   0.893
   0.900
   0.904
   0.917
   0.928
   0.937
   0.944
   0.959
   0.975
   0.985
   0.993
   1.005
   1.018
   1.031
   1.044
   1.050
   1.066
   1.095
   0.986
   0.000
 -65.534
 -65.534
 -65.534
 -65.534
 -65.534
 -65.534
 -65.534
 -65.534
 -65.534
 -65.534
 -65.534
 -65.534
 -65.534
 -65.534
 -65.534
 -65.534
 -65.534
   0.617
   0.643
   0.664
   0.676
   0.696
   0.718
   0.735
   0.743
   0.749
   0.754
   0.759
   0.764
   0.763
   0.753
   0.723
   0.713
   0.739
   0.803
   0.791
   0.782
   0.781
   0.787
   0.796
   0.809
   0.826
   0.845
   0.873
   0.901
   0.923
   0.931
   0.933
   0.934
   0.940
   0.947
   0.957
   0.965
   0.970
   0.973
   0.972
   0.977
   0.984
   0.983
   0.983
   0.986
   0.990
   0.994
   0.997
   0.993
   0.978
   0.944
   0.870
   0.000
 -65.534
 -65.534
 -65.534
 -65.534
 -65.534
 -65.534
 -65.534
 -65.534
 -65.534
 -65.534
 -65.534
 -65.534
 -65.534
 -65.534
 -65.534
 -65.534
 -65.534
 -65.534
   0.644
   0.670
   0.692
   0.714
   0.736
   0.748
   0.756
   0.761
   0.767
   0.773
   0.780
   0.785
   0.781
   0.755
   0.753
   0.829
   0.839
   0.828
   0.819
   0.815
   0.819
   0.826
   0.838
   0.847
   0.857
   0.871
   0.890
   0.911
   0.927
   0.941
   0.960
   0.977
   0.993
   1.002
   1.004
   1.002
   0.998
   0.994
   0.992
   0.992
   0.991
   0.990
   0.986
   0.985
   0.978
   0.969
   0.952
   0.923
   0.870
   0.735
   0.000
 -65.534
 -65.534
 -65.534
 -65.534
 -65.534
 -65.534
 -65.534
 -65.534
 -65.534
 -65.534
 -65.534
 -65.534
 -65.534
 -65.534
 -65.534
 -65.534
 -65.534
 -65.534
 -65.534
   0.664
   0.695
   0.722
   0.739
   0.750
   0.755
   0.759
   0.763
   0.768
   0.778
   0.788
   0.783
   0.775
   0.789
   0.877
   0.874
   0.872
   0.870
   0.857
   0.847
   0.848
   0.846
   0.851
   0.853
   0.859
   0.875
   0.892
   0.912
   0.931
   0.955
   0.981
   1.008
   1.024
   1.032
   1.035
   1.032
   1.028
   1.022
   1.014
   1.009
   1.003
   0.994
   0.983
   0.967
   0.945
   0.913
   0.871
   0.811
   0.667
   0.000
 -65.534
 -65.534
 -65.534
 -65.534
 -65.534
 -65.534
 -65.534
 -65.534
 -65.534
 -65.534
 -65.534
 -65.534
 -65.534
 -65.534
 -65.534
 -65.534
 -65.534
 -65.534
 -65.534
 -65.534
   0.682
   0.714
   0.734
   0.744
   0.748
   0.749
   0.751
   0.754
   0.762
   0.770
   0.764
   0.772
   0.799
   0.848
   0.810
   0.715
 -65.534
 -65.534
 -65.534
 -65.534
   0.794
   0.823
   0.836
   0.852
   0.874
   0.896
   0.912
   0.925
   0.940
   0.963
   0.987
   1.008
   1.026
   1.036
   1.041
   1.045
   1.040
   1.034
   1.023
   1.016
   1.005
   0.989
   0.962
   0.929
   0.881
   0.819
   0.747
   0.597
   0.000
 -65.534
 -65.534
 -65.534
 -65.534
 -65.534
 -65.534
 -65.534
 -65.534
 -65.534
 -65.534
 -65.534
 -65.534
 -65.534
 -65.534
 -65.534
 -65.534
 -65.534
 -65.534
 -65.534
 -65.534
 -65.534
 -65.534
 -65.534
 -65.534
   0.694
   0.719
   0.730
   0.735
   0.741
   0.743
   0.741
   0.756
   0.811
   0.806
   0.756
   0.656
 -65.534
 -65.534
 -65.534
 -65.534
 -65.534
 -65.534
   0.809
   0.844
   0.883
   0.908
   0.919
   0.923
   0.926
   0.930
   0.939
   0.956
   0.977
   0.997
   1.019
   1.033
   1.034
   1.027
   1.016
   1.003
   0.987
   0.964
   0.932
   0.891
   0.836
   0.768
   0.683
   0.528
   0.000
 -65.534
 -65.534
 -65.534
 -65.534
 -65.534
 -65.534
 -65.534
 -65.534
 -65.534
 -65.534
 -65.534
 -65.534
 -65.534
 -65.534
 -65.534
 -65.534
 -65.534
 -65.534
 -65.534
 -65.534
 -65.534
 -65.534
 -65.534
 -65.534
   0.647
   0.674
   0.689
   0.699
   0.712
   0.713
   0.710
   0.726
   0.792
   0.766
   0.725
   0.644
 -65.534
 -65.534
 -65.534
 -65.534
 -65.534
 -65.534
 -65.534
   0.825
   0.885
   0.918
   0.930
   0.927
   0.920
   0.915
   0.913
   0.922
   0.936
   0.959
   0.994
   1.019
   1.032
   1.026
   1.010
   0.985
   0.954
   0.916
   0.872
   0.823
   0.766
   0.697
   0.609
   0.457
   0.000
 -65.534
 -65.534
 -65.534
 -65.534
 -65.534
 -65.534
 -65.534
 -65.534
 -65.534
 -65.534
 -65.534
 -65.534
 -65.534
 -65.534
 -65.534
 -65.534
 -65.534
 -65.534
 -65.534
 -65.534
 -65.534
 -65.534
 -65.534
 -65.534
 -65.534
 -65.534
 -65.534
 -65.534
 -65.534
   0.631
   0.643
   0.656
   0.744
   0.737
   0.706
   0.640
   0.332
 -65.534
 -65.534
 -65.534
 -65.534
 -65.534
 -65.534
   0.738
   0.748
 -65.534
   0.837
   0.894
   0.909
   0.912
   0.909
   0.911
   0.920
   0.944
   0.984
   1.019
   1.037
   1.031
   1.006
   0.970
   0.922
   0.864
   0.797
   0.734
   0.670
   0.600
   0.513
   0.374
   0.000
 -65.534
 -65.534
 -65.534
 -65.534
 -65.534
 -65.534
 -65.534
 -65.534
 -65.534
 -65.534
 -65.534
 -65.534
 -65.534
 -65.534
 -65.534
 -65.534
 -65.534
 -65.534
 -65.534
 -65.534
 -65.534
 -65.534
 -65.534
 -65.534
 -65.534
 -65.534
 -65.534
 -65.534
 -65.534
 -65.534
 -65.534
 -65.534
   0.585
   0.698
   0.684
   0.622
   0.414
   0.258
 -65.534
 -65.534
 -65.534
 -65.534
 -65.534
 -65.534
 -65.534
 -65.534
 -65.534
 -65.534
 -65.534
   0.801
   0.863
   0.875
   0.907
   0.932
   0.972
   1.003
   1.014
   1.007
   0.976
   0.933
   0.873
   0.798
   0.714
   0.634
   0.565
   0.495
   0.414
   0.290
   0.000
 -65.534
 -65.534
 -65.534
 -65.534
 -65.534
 -65.534
 -65.534
 -65.534
 -65.534
 -65.534
 -65.534
 -65.534
 -65.534
 -65.534
 -65.534
 -65.534
 -65.534
 -65.534
 -65.534
 -65.534
 -65.534
 -65.534
 -65.534
 -65.534
 -65.534
 -65.534
 -65.534
 -65.534
 -65.534
 -65.534
 -65.534
 -65.534
   0.514
   0.536
   0.533
   0.490
   0.406
   0.316
   0.234
   0.187
 -65.534
 -65.534
 -65.534
 -65.534
 -65.534
 -65.534
 -65.534
 -65.534
 -65.534
 -65.534
 -65.534
 -65.534
   0.752
   0.824
   0.873
   0.948
   0.959
   0.946
   0.913
   0.865
   0.797
   0.713
   0.624
   0.538
   0.466
   0.406
   0.336
   0.233
   0.000
 -65.534
 -65.534
 -65.534
 -65.534
 -65.534
 -65.534
 -65.534
 -65.534
 -65.534
 -65.534
 -65.534
 -65.534
 -65.534
 -65.534
 -65.534
 -65.534
 -65.534
 -65.534
 -65.534
 -65.534
 -65.534
 -65.534
 -65.534
 -65.534
 -65.534
 -65.534
 -65.534
 -65.534
 -65.534
 -65.534
 -65.534
 -65.534
 -65.534
 -65.534
 -65.534
 -65.534
   0.302
   0.284
   0.253
   0.223
   0.179
   0.153
   0.134
   0.120
   0.104
 -65.534
 -65.534
 -65.534
 -65.534
 -65.534
 -65.534
 -65.534
 -65.534
 -65.534
 -65.534
   0.779
   0.855
   0.854
   0.825
   0.776
   0.708
   0.627
   0.536
   0.454
   0.388
   0.336
   0.280
   0.198
   0.000
 -65.534
 -65.534
 -65.534
 -65.534
 -65.534
 -65.534
 -65.534
 -65.534
 -65.534
 -65.534
 -65.534
 -65.534
 -65.534
 -65.534
 -65.534
 -65.534
 -65.534
 -65.534
 -65.534
 -65.534
 -65.534
 -65.534
 -65.534
 -65.534
 -65.534
 -65.534
 -65.534
 -65.534
 -65.534
 -65.534
 -65.534
 -65.534
 -65.534
 -65.534
 -65.534
 -65.534
 -65.534
 -65.534
 -65.534
 -65.534
   0.139
 -65.534
 -65.534
 -65.534
 -65.534
 -65.534
 -65.534
 -65.534
 -65.534
 -65.534
 -65.534
 -65.534
 -65.534
 -65.534
 -65.534
   0.626
   0.704
   0.711
   0.687
   0.671
   0.615
   0.534
   0.449
   0.372
   0.313
   0.271
   0.228
   0.166
   0.000
 -65.534
 -65.534
 -65.534
 -65.534
 -65.534
 -65.534
 -65.534
 -65.534
 -65.534
 -65.534
 -65.534
 -65.534
 -65.534
 -65.534
 -65.534
 -65.534
 -65.534
 -65.534
 -65.534
 -65.534
 -65.534
 -65.534
 -65.534
 -65.534
 -65.534
 -65.534
 -65.534
 -65.534
 -65.534
 -65.534
 -65.534
 -65.534
 -65.534
 -65.534
 -65.534
 -65.534
 -65.534
 -65.534
 -65.534
 -65.534
 -65.534
 -65.534
 -65.534
 -65.534
 -65.534
 -65.534
 -65.534
 -65.534
 -65.534
 -65.534
 -65.534
 -65.534
 -65.534
 -65.534
 -65.534
 -65.534
 -65.534
 -65.534
 -65.534
   0.512
   0.496
   0.436
   0.360
   0.297
   0.247
   0.217
   0.194
   0.147
   0.000
 -65.534
 -65.534
 -65.534
 -65.534
 -65.534
 -65.534
 -65.534
 -65.534
 -65.534
 -65.534
 -65.534
 -65.534
 -65.534
 -65.534
 -65.534
 -65.534
 -65.534
 -65.534
 -65.534
 -65.534
 -65.534
 -65.534
 -65.534
 -65.534
 -65.534
 -65.534
 -65.534
 -65.534
 -65.534
 -65.534
 -65.534
 -65.534
 -65.534
 -65.534
 -65.534
 -65.534
 -65.534
 -65.534
 -65.534
 -65.534
 -65.534
 -65.534
 -65.534
 -65.534
 -65.534
 -65.534
 -65.534
 -65.534
 -65.534
 -65.534
 -65.534
 -65.534
 -65.534
 -65.534
 -65.534
 -65.534
 -65.534
 -65.534
 -65.534
 -65.534
 -65.534
   0.000
   0.000
   0.000
   0.000
   0.000
   0.000
   0.000
 -65.534
