 -65.534
   0.000
   0.000
   0.000
   0.000
   0.000
   0.000
   0.000
   0.000
   0.000
   0.000
   0.000
   0.000
   0.000
   0.000
   0.000
   0.000
   0.000
   0.000
   0.000
   0.000
   0.000
   0.000
   0.000
   0.000
   0.000
   0.000
   0.000
   0.000
   0.000
   0.000
   0.000
   0.000
   0.000
   0.000
   0.000
   0.000
   0.000
   0.000
   0.000
   0.000
   0.000
   0.000
   0.000
   0.000
   0.000
   0.000
   0.000
   0.000
   0.000
   0.000
   0.000
   0.000
   0.000
   0.000
   0.000
   0.000
   0.000
   0.000
   0.000
   0.000
   0.000
   0.000
   0.000
   0.000
   0.000
   0.000
   0.000
 -65.534
   0.000
   1.035
   1.131
   1.174
   1.223
   1.269
   1.307
   1.341
   1.367
   1.388
   1.408
   1.426
   1.442
   1.457
   1.468
   1.479
   1.482
   1.492
   1.512
   1.538
   1.570
   1.607
   1.642
   1.682
   1.689
   1.686
   1.682
   1.681
   1.675
   1.674
   1.674
   1.669
   1.668
   1.668
   1.651
   1.637
   1.618
   1.596
   1.583
   1.567
   1.562
   1.566
   1.575
   1.578
   1.565
   1.541
   1.512
   1.495
   1.487
   1.489
   1.496
   1.504
   1.514
   1.513
   1.520
   1.511
   1.494
   1.465
   1.424
   1.382
   1.339
   1.297
   1.260
   1.230
   1.207
   1.200
   1.207
   1.196
   0.000
   0.000
   1.167
   1.255
   1.287
   1.332
   1.376
   1.419
   1.459
   1.491
   1.518
   1.543
   1.569
   1.593
   1.614
   1.621
   1.626
   1.625
   1.631
   1.639
   1.655
   1.676
   1.700
   1.723
   1.750
   1.756
   1.752
   1.749
   1.752
   1.756
   1.765
   1.774
   1.783
   1.790
   1.796
   1.784
   1.770
   1.750
   1.724
   1.699
   1.683
   1.677
   1.687
   1.698
   1.711
   1.705
   1.686
   1.668
   1.667
   1.677
   1.696
   1.717
   1.737
   1.756
   1.770
   1.780
   1.779
   1.769
   1.747
   1.710
   1.666
   1.620
   1.572
   1.527
   1.490
   1.457
   1.440
   1.442
   1.427
   0.000
   0.000
   1.193
   1.272
   1.299
   1.337
   1.379
   1.424
   1.464
   1.500
   1.530
   1.560
   1.586
   1.611
   1.629
   1.635
   1.637
   1.634
   1.632
   1.632
   1.640
   1.651
   1.667
   1.684
   1.698
   1.709
   1.712
   1.717
   1.724
   1.734
   1.746
   1.758
   1.775
   1.791
   1.804
   1.799
   1.793
   1.776
   1.749
   1.726
   1.707
   1.702
   1.711
   1.723
   1.736
   1.736
   1.726
   1.719
   1.728
   1.748
   1.773
   1.800
   1.827
   1.851
   1.872
   1.883
   1.890
   1.887
   1.871
   1.836
   1.798
   1.756
   1.710
   1.664
   1.626
   1.597
   1.578
   1.575
   1.549
   0.000
   0.000
   1.214
   1.287
   1.306
   1.335
   1.373
   1.410
   1.449
   1.484
   1.515
   1.546
   1.574
   1.599
   1.618
   1.625
   1.619
   1.612
   1.606
   1.600
   1.601
   1.605
   1.616
   1.629
   1.637
   1.649
   1.659
   1.675
   1.690
   1.707
   1.724
   1.741
   1.759
   1.777
   1.792
   1.796
   1.794
   1.777
   1.753
   1.727
   1.712
   1.710
   1.718
   1.732
   1.746
   1.756
   1.760
   1.768
   1.785
   1.811
   1.841
   1.870
   1.899
   1.926
   1.950
   1.968
   1.978
   1.980
   1.970
   1.944
   1.910
   1.871
   1.828
   1.784
   1.749
   1.719
   1.699
   1.692
   1.651
   0.000
   0.000
   1.230
   1.300
   1.316
   1.340
   1.365
   1.396
   1.428
   1.461
   1.492
   1.520
   1.544
   1.564
   1.577
   1.580
   1.572
   1.561
   1.549
   1.543
   1.538
   1.541
   1.549
   1.560
   1.573
   1.585
   1.606
   1.633
   1.657
   1.681
   1.702
   1.721
   1.737
   1.755
   1.769
   1.774
   1.772
   1.756
   1.733
   1.711
   1.698
   1.698
   1.711
   1.728
   1.748
   1.766
   1.784
   1.803
   1.831
   1.865
   1.900
   1.933
   1.966
   1.996
   2.021
   2.041
   2.054
   2.059
   2.052
   2.030
   2.002
   1.969
   1.929
   1.893
   1.859
   1.829
   1.807
   1.795
   1.740
   0.000
   0.000
   1.247
   1.310
   1.326
   1.344
   1.363
   1.384
   1.411
   1.440
   1.466
   1.490
   1.509
   1.522
   1.529
   1.524
   1.510
   1.498
   1.483
   1.474
   1.470
   1.470
   1.479
   1.490
   1.506
   1.529
   1.561
   1.599
   1.635
   1.664
   1.687
   1.700
   1.715
   1.726
   1.736
   1.740
   1.736
   1.721
   1.704
   1.686
   1.677
   1.681
   1.697
   1.720
   1.745
   1.768
   1.791
   1.818
   1.858
   1.902
   1.945
   1.989
   2.028
   2.061
   2.088
   2.108
   2.121
   2.127
   2.121
   2.104
   2.082
   2.054
   2.022
   1.987
   1.952
   1.925
   1.904
   1.886
   1.816
   0.000
   0.000
   1.253
   1.322
   1.340
   1.350
   1.361
   1.377
   1.398
   1.422
   1.443
   1.463
   1.477
   1.484
   1.487
   1.476
   1.460
   1.443
   1.427
   1.417
   1.408
   1.407
   1.414
   1.431
   1.454
   1.484
   1.525
   1.571
   1.610
   1.642
   1.664
   1.679
   1.687
   1.692
   1.694
   1.694
   1.689
   1.681
   1.669
   1.658
   1.654
   1.662
   1.682
   1.708
   1.736
   1.764
   1.789
   1.820
   1.865
   1.917
   1.975
   2.029
   2.079
   2.120
   2.150
   2.171
   2.186
   2.189
   2.183
   2.169
   2.150
   2.125
   2.094
   2.059
   2.027
   2.003
   1.981
   1.962
   1.884
   0.000
   0.000
   1.243
   1.320
   1.341
   1.359
   1.363
   1.373
   1.386
   1.404
   1.425
   1.442
   1.452
   1.456
   1.453
   1.442
   1.425
   1.405
   1.388
   1.377
   1.367
   1.362
   1.368
   1.384
   1.409
   1.444
   1.487
   1.532
   1.576
   1.611
   1.633
   1.648
   1.655
   1.656
   1.655
   1.652
   1.648
   1.643
   1.637
   1.634
   1.636
   1.651
   1.673
   1.704
   1.733
   1.761
   1.787
   1.820
   1.867
   1.925
   1.989
   2.053
   2.114
   2.166
   2.204
   2.231
   2.246
   2.249
   2.243
   2.225
   2.203
   2.177
   2.147
   2.111
   2.083
   2.062
   2.042
   2.023
   1.941
   0.000
   0.000
   1.216
   1.300
   1.334
   1.352
   1.362
   1.368
   1.377
   1.392
   1.408
   1.426
   1.434
   1.435
   1.432
   1.420
   1.401
   1.383
   1.365
   1.351
   1.340
   1.338
   1.342
   1.357
   1.380
   1.412
   1.452
   1.496
   1.538
   1.574
   1.598
   1.614
   1.620
   1.620
   1.620
   1.616
   1.615
   1.618
   1.616
   1.615
   1.628
   1.647
   1.675
   1.704
   1.736
   1.766
   1.796
   1.827
   1.872
   1.934
   1.999
   2.066
   2.135
   2.196
   2.245
   2.275
   2.293
   2.295
   2.284
   2.262
   2.242
   2.215
   2.183
   2.153
   2.124
   2.104
   2.088
   2.077
   1.997
   0.000
   0.000
   1.177
   1.271
   1.312
   1.342
   1.354
   1.358
   1.367
   1.381
   1.391
   1.406
   1.416
   1.421
   1.417
   1.406
   1.390
   1.372
   1.356
   1.342
   1.332
   1.328
   1.333
   1.346
   1.366
   1.392
   1.426
   1.464
   1.503
   1.539
   1.565
   1.584
   1.593
   1.595
   1.596
   1.598
   1.602
   1.607
   1.608
   1.613
   1.628
   1.650
   1.676
   1.703
   1.736
   1.768
   1.802
   1.835
   1.878
   1.937
   2.004
   2.075
   2.145
   2.211
   2.264
   2.302
   2.317
   2.317
   2.301
   2.280
   2.256
   2.234
   2.205
   2.178
   2.153
   2.134
   2.125
   2.121
   2.046
   0.000
   0.000
   1.139
   1.235
   1.281
   1.314
   1.330
   1.345
   1.356
   1.365
   1.378
   1.392
   1.402
   1.402
   1.405
   1.398
   1.387
   1.372
   1.356
   1.342
   1.332
   1.329
   1.334
   1.344
   1.356
   1.380
   1.406
   1.439
   1.477
   1.510
   1.541
   1.563
   1.579
   1.589
   1.593
   1.601
   1.607
   1.615
   1.622
   1.628
   1.641
   1.659
   1.682
   1.707
   1.732
   1.764
   1.798
   1.837
   1.883
   1.936
   2.003
   2.076
   2.147
   2.215
   2.271
   2.308
   2.323
   2.315
   2.298
   2.279
   2.259
   2.242
   2.219
   2.199
   2.180
   2.167
   2.162
   2.163
   2.096
   0.000
   0.000
   1.072
   1.208
   1.253
   1.285
   1.307
   1.324
   1.339
   1.353
   1.364
   1.376
   1.384
   1.391
   1.397
   1.394
   1.384
   1.370
   1.360
   1.346
   1.337
   1.334
   1.337
   1.343
   1.354
   1.374
   1.398
   1.428
   1.462
   1.496
   1.530
   1.558
   1.581
   1.596
   1.607
   1.617
   1.629
   1.638
   1.646
   1.653
   1.663
   1.677
   1.692
   1.710
   1.732
   1.754
   1.785
   1.825
   1.870
   1.927
   1.991
   2.062
   2.137
   2.204
   2.256
   2.289
   2.302
   2.297
   2.285
   2.270
   2.256
   2.244
   2.230
   2.219
   2.213
   2.207
   2.209
   2.210
   2.148
   0.000
 -65.534
 -65.534
   1.097
   1.208
   1.240
   1.268
   1.293
   1.314
   1.331
   1.345
   1.356
   1.365
   1.371
   1.375
   1.373
   1.371
   1.365
   1.352
   1.342
   1.338
   1.336
   1.339
   1.344
   1.357
   1.374
   1.400
   1.429
   1.461
   1.494
   1.530
   1.563
   1.593
   1.616
   1.632
   1.641
   1.652
   1.666
   1.674
   1.679
   1.687
   1.696
   1.703
   1.714
   1.726
   1.741
   1.764
   1.795
   1.840
   1.894
   1.959
   2.029
   2.101
   2.163
   2.210
   2.241
   2.258
   2.261
   2.255
   2.249
   2.245
   2.240
   2.237
   2.248
   2.251
   2.257
   2.264
   2.269
   2.200
   0.000
 -65.534
 -65.534
 -65.534
   1.077
   1.178
   1.219
   1.257
   1.286
   1.301
   1.315
   1.327
   1.334
   1.335
   1.335
   1.336
   1.336
   1.331
   1.330
   1.324
   1.320
   1.323
   1.330
   1.342
   1.357
   1.380
   1.408
   1.439
   1.471
   1.506
   1.541
   1.578
   1.609
   1.638
   1.655
   1.668
   1.682
   1.695
   1.702
   1.707
   1.709
   1.711
   1.716
   1.717
   1.720
   1.727
   1.735
   1.756
   1.795
   1.848
   1.908
   1.975
   2.044
   2.098
   2.141
   2.172
   2.193
   2.203
   2.212
   2.215
   2.221
   2.229
   2.239
   2.256
   2.275
   2.292
   2.308
   2.323
   2.257
   0.000
 -65.534
 -65.534
 -65.534
 -65.534
   1.080
   1.165
   1.211
   1.241
   1.262
   1.276
   1.288
   1.290
   1.287
   1.285
   1.284
   1.282
   1.284
   1.284
   1.284
   1.287
   1.294
   1.302
   1.319
   1.344
   1.373
   1.409
   1.445
   1.480
   1.516
   1.553
   1.589
   1.622
   1.648
   1.672
   1.690
   1.709
   1.724
   1.734
   1.735
   1.733
   1.728
   1.724
   1.719
   1.712
   1.709
   1.708
   1.716
   1.745
   1.791
   1.845
   1.907
   1.967
   2.019
   2.059
   2.090
   2.117
   2.143
   2.163
   2.180
   2.198
   2.214
   2.233
   2.255
   2.281
   2.311
   2.340
   2.369
   2.311
   0.000
 -65.534
 -65.534
 -65.534
 -65.534
   1.013
   1.106
   1.159
   1.187
   1.207
   1.225
   1.239
   1.244
   1.240
   1.238
   1.233
   1.229
   1.226
   1.227
   1.230
   1.234
   1.242
   1.259
   1.280
   1.308
   1.344
   1.386
   1.425
   1.465
   1.506
   1.543
   1.580
   1.614
   1.646
   1.673
   1.701
   1.724
   1.745
   1.759
   1.761
   1.753
   1.743
   1.728
   1.716
   1.704
   1.691
   1.680
   1.679
   1.693
   1.723
   1.766
   1.817
   1.871
   1.920
   1.963
   2.002
   2.041
   2.078
   2.112
   2.145
   2.175
   2.201
   2.228
   2.254
   2.285
   2.323
   2.361
   2.400
   2.356
   0.000
 -65.534
 -65.534
 -65.534
 -65.534
   0.959
   1.047
   1.099
   1.128
   1.146
   1.169
   1.187
   1.197
   1.199
   1.196
   1.193
   1.187
   1.177
   1.173
   1.173
   1.180
   1.188
   1.202
   1.221
   1.246
   1.279
   1.320
   1.367
   1.411
   1.456
   1.500
   1.541
   1.579
   1.614
   1.648
   1.684
   1.715
   1.746
   1.765
   1.771
   1.764
   1.746
   1.724
   1.704
   1.684
   1.661
   1.641
   1.634
   1.635
   1.650
   1.679
   1.720
   1.771
   1.820
   1.864
   1.912
   1.960
   2.009
   2.059
   2.108
   2.150
   2.188
   2.221
   2.256
   2.294
   2.331
   2.376
   2.420
   2.387
   0.000
 -65.534
 -65.534
 -65.534
 -65.534
   0.876
   0.949
   1.001
   1.036
   1.079
   1.098
   1.123
   1.140
   1.151
   1.155
   1.152
   1.144
   1.136
   1.134
   1.132
   1.134
   1.138
   1.146
   1.157
   1.178
   1.201
   1.235
   1.278
   1.324
   1.371
   1.420
   1.467
   1.508
   1.552
   1.590
   1.632
   1.675
   1.713
   1.741
   1.749
   1.744
   1.727
   1.704
   1.681
   1.654
   1.628
   1.605
   1.586
   1.580
   1.585
   1.602
   1.635
   1.677
   1.728
   1.777
   1.827
   1.885
   1.946
   2.009
   2.070
   2.128
   2.180
   2.228
   2.270
   2.311
   2.352
   2.399
   2.442
   2.412
   0.000
 -65.534
 -65.534
 -65.534
 -65.534
 -65.534
 -65.534
 -65.534
 -65.534
   0.940
   1.005
   1.043
   1.069
   1.090
   1.103
   1.105
   1.101
   1.098
   1.100
   1.105
   1.109
   1.110
   1.107
   1.106
   1.114
   1.132
   1.157
   1.191
   1.229
   1.273
   1.322
   1.370
   1.415
   1.458
   1.506
   1.552
   1.597
   1.640
   1.674
   1.691
   1.693
   1.679
   1.660
   1.637
   1.614
   1.586
   1.563
   1.544
   1.531
   1.531
   1.545
   1.568
   1.606
   1.652
   1.705
   1.760
   1.820
   1.887
   1.960
   2.035
   2.108
   2.180
   2.245
   2.299
   2.343
   2.385
   2.429
   2.473
   2.444
   0.000
 -65.534
 -65.534
 -65.534
 -65.534
 -65.534
 -65.534
   0.540
   0.637
   0.838
   0.919
   0.962
   0.995
   1.025
   1.046
   1.059
   1.065
   1.072
   1.082
   1.093
   1.094
   1.092
   1.082
   1.077
   1.074
   1.077
   1.096
   1.122
   1.156
   1.195
   1.239
   1.280
   1.321
   1.362
   1.406
   1.452
   1.499
   1.544
   1.580
   1.603
   1.612
   1.608
   1.595
   1.578
   1.561
   1.543
   1.523
   1.503
   1.492
   1.491
   1.502
   1.524
   1.557
   1.600
   1.649
   1.704
   1.765
   1.835
   1.913
   1.993
   2.080
   2.169
   2.252
   2.321
   2.372
   2.419
   2.463
   2.507
   2.465
   0.000
 -65.534
 -65.534
 -65.534
 -65.534
 -65.534
 -65.534
 -65.534
 -65.534
 -65.534
   0.811
   0.862
   0.904
   0.937
   0.968
   0.995
   1.034
   1.053
   1.074
   1.089
   1.090
   1.081
   1.071
   1.064
   1.067
   1.074
   1.080
   1.094
   1.117
   1.145
   1.173
   1.205
   1.239
   1.276
   1.313
   1.353
   1.397
   1.437
   1.473
   1.499
   1.514
   1.521
   1.520
   1.515
   1.503
   1.493
   1.482
   1.471
   1.462
   1.463
   1.473
   1.493
   1.521
   1.558
   1.606
   1.656
   1.715
   1.786
   1.864
   1.947
   2.038
   2.140
   2.240
   2.324
   2.386
   2.438
   2.484
   2.528
   2.469
   0.000
 -65.534
 -65.534
 -65.534
 -65.534
 -65.534
 -65.534
 -65.534
 -65.534
 -65.534
 -65.534
 -65.534
 -65.534
 -65.534
 -65.534
 -65.534
   0.897
   0.980
   1.025
   1.058
   1.084
   1.080
   1.077
   1.080
   1.092
   1.107
   1.120
   1.128
   1.132
   1.141
   1.155
   1.167
   1.183
   1.202
   1.228
   1.259
   1.296
   1.333
   1.367
   1.408
   1.431
   1.442
   1.447
   1.447
   1.448
   1.449
   1.446
   1.442
   1.442
   1.446
   1.455
   1.469
   1.492
   1.525
   1.566
   1.612
   1.667
   1.732
   1.807
   1.887
   1.981
   2.090
   2.200
   2.298
   2.373
   2.432
   2.476
   2.511
   2.441
   0.000
 -65.534
 -65.534
 -65.534
 -65.534
 -65.534
 -65.534
 -65.534
 -65.534
 -65.534
 -65.534
 -65.534
 -65.534
 -65.534
 -65.534
 -65.534
 -65.534
 -65.534
 -65.534
 -65.534
   0.990
   1.064
   1.094
   1.122
   1.152
   1.175
   1.192
   1.201
   1.201
   1.195
   1.182
   1.172
   1.167
   1.166
   1.174
   1.193
   1.220
   1.254
   1.287
   1.323
   1.353
   1.372
   1.386
   1.395
   1.402
   1.407
   1.412
   1.416
   1.423
   1.431
   1.442
   1.453
   1.470
   1.496
   1.529
   1.566
   1.609
   1.661
   1.729
   1.808
   1.900
   2.012
   2.129
   2.237
   2.321
   2.383
   2.427
   2.452
   2.373
   0.000
 -65.534
 -65.534
 -65.534
 -65.534
 -65.534
 -65.534
 -65.534
 -65.534
 -65.534
 -65.534
 -65.534
 -65.534
 -65.534
 -65.534
 -65.534
 -65.534
 -65.534
 -65.534
   0.811
   1.043
   1.102
   1.145
   1.187
   1.226
   1.260
   1.279
   1.291
   1.291
   1.278
   1.255
   1.226
   1.198
   1.178
   1.167
   1.172
   1.189
   1.218
   1.245
   1.273
   1.296
   1.320
   1.343
   1.356
   1.366
   1.374
   1.375
   1.381
   1.388
   1.403
   1.419
   1.439
   1.459
   1.480
   1.504
   1.518
   1.537
   1.577
   1.635
   1.707
   1.799
   1.908
   2.022
   2.129
   2.219
   2.286
   2.332
   2.358
   2.273
   0.000
 -65.534
 -65.534
 -65.534
 -65.534
 -65.534
 -65.534
 -65.534
 -65.534
 -65.534
 -65.534
 -65.534
 -65.534
 -65.534
 -65.534
 -65.534
 -65.534
 -65.534
   0.834
   1.026
   1.129
   1.175
   1.213
   1.259
   1.303
   1.339
   1.364
   1.378
   1.381
   1.372
   1.350
   1.314
   1.274
   1.237
   1.210
   1.197
   1.202
   1.214
   1.231
   1.250
   1.269
   1.293
   1.317
   1.341
   1.357
   1.365
   1.364
   1.363
   1.368
   1.382
   1.403
   1.426
   1.448
   1.463
   1.469
   1.471
   1.475
   1.497
   1.540
   1.604
   1.689
   1.787
   1.889
   1.993
   2.082
   2.152
   2.207
   2.239
   2.156
   0.000
 -65.534
 -65.534
 -65.534
 -65.534
 -65.534
 -65.534
 -65.534
 -65.534
 -65.534
 -65.534
 -65.534
 -65.534
 -65.534
 -65.534
 -65.534
 -65.534
 -65.534
   1.005
   1.128
   1.196
   1.239
   1.277
   1.322
   1.366
   1.398
   1.423
   1.441
   1.449
   1.446
   1.433
   1.403
   1.354
   1.310
   1.273
   1.244
   1.230
   1.228
   1.232
   1.239
   1.256
   1.280
   1.311
   1.342
   1.366
   1.379
   1.378
   1.367
   1.363
   1.370
   1.388
   1.410
   1.431
   1.445
   1.442
   1.430
   1.417
   1.418
   1.444
   1.492
   1.559
   1.646
   1.742
   1.834
   1.918
   1.988
   2.051
   2.091
   2.035
   0.000
 -65.534
 -65.534
 -65.534
 -65.534
 -65.534
 -65.534
 -65.534
 -65.534
 -65.534
 -65.534
 -65.534
 -65.534
 -65.534
 -65.534
 -65.534
 -65.534
 -65.534
   1.084
   1.180
   1.237
   1.279
   1.319
   1.368
   1.409
   1.434
   1.453
   1.467
   1.479
   1.480
   1.472
   1.450
   1.405
   1.360
   1.315
   1.279
   1.255
   1.241
   1.236
   1.242
   1.258
   1.284
   1.318
   1.354
   1.383
   1.399
   1.397
   1.386
   1.376
   1.374
   1.378
   1.390
   1.402
   1.410
   1.405
   1.391
   1.373
   1.364
   1.372
   1.402
   1.449
   1.511
   1.586
   1.663
   1.739
   1.817
   1.880
   1.928
   1.891
   0.000
 -65.534
 -65.534
 -65.534
 -65.534
 -65.534
 -65.534
 -65.534
 -65.534
 -65.534
 -65.534
 -65.534
 -65.534
 -65.534
 -65.534
 -65.534
 -65.534
 -65.534
   1.121
   1.199
   1.257
   1.300
   1.343
   1.389
   1.427
   1.449
   1.459
   1.472
   1.480
   1.484
   1.483
   1.469
   1.428
   1.388
   1.346
   1.308
   1.283
   1.266
   1.261
   1.267
   1.286
   1.318
   1.352
   1.387
   1.414
   1.426
   1.429
   1.417
   1.402
   1.391
   1.380
   1.376
   1.378
   1.377
   1.370
   1.357
   1.340
   1.327
   1.322
   1.335
   1.363
   1.400
   1.449
   1.505
   1.567
   1.636
   1.697
   1.749
   1.712
   0.000
 -65.534
 -65.534
 -65.534
 -65.534
 -65.534
 -65.534
 -65.534
 -65.534
 -65.534
 -65.534
 -65.534
 -65.534
 -65.534
 -65.534
 -65.534
 -65.534
 -65.534
 -65.534
   1.185
   1.254
   1.304
   1.349
   1.390
   1.422
   1.436
   1.443
   1.453
   1.462
   1.468
   1.475
   1.469
   1.438
   1.407
   1.372
   1.341
   1.320
   1.307
   1.307
   1.319
   1.340
   1.369
   1.399
   1.426
   1.447
   1.464
   1.470
   1.463
   1.446
   1.426
   1.404
   1.388
   1.373
   1.362
   1.348
   1.333
   1.315
   1.301
   1.290
   1.291
   1.302
   1.320
   1.348
   1.381
   1.423
   1.471
   1.518
   1.559
   1.519
   0.000
 -65.534
 -65.534
 -65.534
 -65.534
 -65.534
 -65.534
 -65.534
 -65.534
 -65.534
 -65.534
 -65.534
 -65.534
 -65.534
 -65.534
 -65.534
 -65.534
 -65.534
 -65.534
 -65.534
   1.215
   1.282
   1.328
   1.363
   1.386
   1.395
   1.399
   1.405
   1.415
   1.427
   1.440
   1.443
   1.430
   1.408
   1.385
   1.373
   1.372
   1.373
   1.368
   1.375
   1.389
   1.402
   1.420
   1.440
   1.465
   1.492
   1.514
   1.516
   1.508
   1.485
   1.459
   1.429
   1.399
   1.374
   1.349
   1.324
   1.301
   1.283
   1.271
   1.263
   1.266
   1.273
   1.284
   1.300
   1.317
   1.339
   1.359
   1.376
   1.310
   0.000
 -65.534
 -65.534
 -65.534
 -65.534
 -65.534
 -65.534
 -65.534
 -65.534
 -65.534
 -65.534
 -65.534
 -65.534
 -65.534
 -65.534
 -65.534
 -65.534
 -65.534
 -65.534
 -65.534
 -65.534
   1.228
   1.275
   1.311
   1.327
   1.345
   1.347
   1.351
   1.356
   1.369
   1.387
   1.394
   1.390
   1.368
   1.337
   1.296
   1.206
 -65.534
 -65.534
 -65.534
 -65.534
   1.236
   1.347
   1.409
   1.463
   1.519
   1.565
   1.586
   1.585
   1.561
   1.528
   1.487
   1.447
   1.408
   1.370
   1.334
   1.303
   1.280
   1.262
   1.249
   1.240
   1.235
   1.232
   1.228
   1.224
   1.224
   1.219
   1.208
   1.115
   0.000
 -65.534
 -65.534
 -65.534
 -65.534
 -65.534
 -65.534
 -65.534
 -65.534
 -65.534
 -65.534
 -65.534
 -65.534
 -65.534
 -65.534
 -65.534
 -65.534
 -65.534
 -65.534
 -65.534
 -65.534
 -65.534
 -65.534
 -65.534
 -65.534
   1.220
   1.260
   1.280
   1.292
   1.309
   1.327
   1.339
   1.342
   1.322
   1.293
   1.248
   1.154
 -65.534
 -65.534
 -65.534
 -65.534
 -65.534
 -65.534
   1.282
   1.428
   1.542
   1.619
   1.647
   1.648
   1.621
   1.580
   1.534
   1.485
   1.436
   1.393
   1.352
   1.317
   1.286
   1.261
   1.238
   1.220
   1.203
   1.189
   1.165
   1.134
   1.107
   1.081
   1.048
   0.934
   0.000
 -65.534
 -65.534
 -65.534
 -65.534
 -65.534
 -65.534
 -65.534
 -65.534
 -65.534
 -65.534
 -65.534
 -65.534
 -65.534
 -65.534
 -65.534
 -65.534
 -65.534
 -65.534
 -65.534
 -65.534
 -65.534
 -65.534
 -65.534
 -65.534
   1.101
   1.146
   1.176
   1.204
   1.237
   1.269
   1.281
   1.284
   1.271
   1.250
   1.214
   1.136
 -65.534
 -65.534
 -65.534
 -65.534
 -65.534
 -65.534
 -65.534
   1.343
   1.534
   1.635
   1.672
   1.671
   1.644
   1.599
   1.548
   1.499
   1.451
   1.407
   1.369
   1.336
   1.302
   1.269
   1.236
   1.207
   1.180
   1.146
   1.102
   1.051
   0.999
   0.950
   0.901
   0.778
   0.000
 -65.534
 -65.534
 -65.534
 -65.534
 -65.534
 -65.534
 -65.534
 -65.534
 -65.534
 -65.534
 -65.534
 -65.534
 -65.534
 -65.534
 -65.534
 -65.534
 -65.534
 -65.534
 -65.534
 -65.534
 -65.534
 -65.534
 -65.534
 -65.534
 -65.534
 -65.534
 -65.534
 -65.534
 -65.534
   1.082
   1.155
   1.184
   1.210
   1.204
   1.179
   1.114
   0.715
 -65.534
 -65.534
 -65.534
 -65.534
 -65.534
 -65.534
   1.211
   1.413
 -65.534
   1.425
   1.568
   1.584
   1.578
   1.552
   1.516
   1.471
   1.430
   1.395
   1.359
   1.326
   1.285
   1.243
   1.201
   1.158
   1.106
   1.043
   0.970
   0.899
   0.836
   0.769
   0.646
   0.000
 -65.534
 -65.534
 -65.534
 -65.534
 -65.534
 -65.534
 -65.534
 -65.534
 -65.534
 -65.534
 -65.534
 -65.534
 -65.534
 -65.534
 -65.534
 -65.534
 -65.534
 -65.534
 -65.534
 -65.534
 -65.534
 -65.534
 -65.534
 -65.534
 -65.534
 -65.534
 -65.534
 -65.534
 -65.534
 -65.534
 -65.534
 -65.534
   1.036
   1.119
   1.130
   1.075
   0.875
   0.622
 -65.534
 -65.534
 -65.534
 -65.534
 -65.534
 -65.534
 -65.534
 -65.534
 -65.534
 -65.534
 -65.534
   1.304
   1.453
   1.478
   1.482
   1.456
   1.420
   1.372
   1.325
   1.276
   1.223
   1.171
   1.119
   1.052
   0.977
   0.896
   0.819
   0.747
   0.675
   0.550
   0.000
 -65.534
 -65.534
 -65.534
 -65.534
 -65.534
 -65.534
 -65.534
 -65.534
 -65.534
 -65.534
 -65.534
 -65.534
 -65.534
 -65.534
 -65.534
 -65.534
 -65.534
 -65.534
 -65.534
 -65.534
 -65.534
 -65.534
 -65.534
 -65.534
 -65.534
 -65.534
 -65.534
 -65.534
 -65.534
 -65.534
 -65.534
 -65.534
   0.910
   1.007
   1.041
   1.004
   0.895
   0.753
   0.592
   0.493
 -65.534
 -65.534
 -65.534
 -65.534
 -65.534
 -65.534
 -65.534
 -65.534
 -65.534
 -65.534
 -65.534
 -65.534
   1.240
   1.354
   1.354
   1.326
   1.282
   1.231
   1.177
   1.122
   1.065
   0.996
   0.918
   0.836
   0.760
   0.689
   0.617
   0.494
   0.000
 -65.534
 -65.534
 -65.534
 -65.534
 -65.534
 -65.534
 -65.534
 -65.534
 -65.534
 -65.534
 -65.534
 -65.534
 -65.534
 -65.534
 -65.534
 -65.534
 -65.534
 -65.534
 -65.534
 -65.534
 -65.534
 -65.534
 -65.534
 -65.534
 -65.534
 -65.534
 -65.534
 -65.534
 -65.534
 -65.534
 -65.534
 -65.534
 -65.534
 -65.534
 -65.534
 -65.534
   0.651
   0.674
   0.633
   0.583
   0.493
   0.439
   0.405
   0.404
   0.412
 -65.534
 -65.534
 -65.534
 -65.534
 -65.534
 -65.534
 -65.534
 -65.534
 -65.534
 -65.534
   1.085
   1.180
   1.169
   1.131
   1.078
   1.021
   0.954
   0.876
   0.799
   0.727
   0.656
   0.582
   0.460
   0.000
 -65.534
 -65.534
 -65.534
 -65.534
 -65.534
 -65.534
 -65.534
 -65.534
 -65.534
 -65.534
 -65.534
 -65.534
 -65.534
 -65.534
 -65.534
 -65.534
 -65.534
 -65.534
 -65.534
 -65.534
 -65.534
 -65.534
 -65.534
 -65.534
 -65.534
 -65.534
 -65.534
 -65.534
 -65.534
 -65.534
 -65.534
 -65.534
 -65.534
 -65.534
 -65.534
 -65.534
 -65.534
 -65.534
 -65.534
 -65.534
   0.362
 -65.534
 -65.534
 -65.534
 -65.534
 -65.534
 -65.534
 -65.534
 -65.534
 -65.534
 -65.534
 -65.534
 -65.534
 -65.534
 -65.534
   0.960
   1.076
   1.093
   1.068
   1.032
   0.982
   0.909
   0.836
   0.766
   0.700
   0.641
   0.567
   0.446
   0.000
 -65.534
 -65.534
 -65.534
 -65.534
 -65.534
 -65.534
 -65.534
 -65.534
 -65.534
 -65.534
 -65.534
 -65.534
 -65.534
 -65.534
 -65.534
 -65.534
 -65.534
 -65.534
 -65.534
 -65.534
 -65.534
 -65.534
 -65.534
 -65.534
 -65.534
 -65.534
 -65.534
 -65.534
 -65.534
 -65.534
 -65.534
 -65.534
 -65.534
 -65.534
 -65.534
 -65.534
 -65.534
 -65.534
 -65.534
 -65.534
 -65.534
 -65.534
 -65.534
 -65.534
 -65.534
 -65.534
 -65.534
 -65.534
 -65.534
 -65.534
 -65.534
 -65.534
 -65.534
 -65.534
 -65.534
 -65.534
 -65.534
 -65.534
 -65.534
   0.882
   0.901
   0.857
   0.784
   0.730
   0.679
   0.631
   0.573
   0.458
   0.000
 -65.534
 -65.534
 -65.534
 -65.534
 -65.534
 -65.534
 -65.534
 -65.534
 -65.534
 -65.534
 -65.534
 -65.534
 -65.534
 -65.534
 -65.534
 -65.534
 -65.534
 -65.534
 -65.534
 -65.534
 -65.534
 -65.534
 -65.534
 -65.534
 -65.534
 -65.534
 -65.534
 -65.534
 -65.534
 -65.534
 -65.534
 -65.534
 -65.534
 -65.534
 -65.534
 -65.534
 -65.534
 -65.534
 -65.534
 -65.534
 -65.534
 -65.534
 -65.534
 -65.534
 -65.534
 -65.534
 -65.534
 -65.534
 -65.534
 -65.534
 -65.534
 -65.534
 -65.534
 -65.534
 -65.534
 -65.534
 -65.534
 -65.534
 -65.534
 -65.534
 -65.534
   0.000
   0.000
   0.000
   0.000
   0.000
   0.000
   0.000
 -65.534
