 -65.534
   0.000
   0.000
   0.000
   0.000
   0.000
   0.000
   0.000
   0.000
   0.000
   0.000
   0.000
   0.000
   0.000
   0.000
   0.000
   0.000
   0.000
   0.000
   0.000
   0.000
   0.000
   0.000
   0.000
   0.000
   0.000
   0.000
   0.000
   0.000
   0.000
   0.000
   0.000
   0.000
   0.000
   0.000
   0.000
   0.000
   0.000
   0.000
   0.000
   0.000
   0.000
   0.000
   0.000
   0.000
   0.000
   0.000
   0.000
   0.000
   0.000
   0.000
   0.000
   0.000
   0.000
   0.000
   0.000
   0.000
   0.000
   0.000
   0.000
   0.000
   0.000
   0.000
   0.000
   0.000
   0.000
   0.000
   0.000
 -65.534
   0.000
   0.824
   0.887
   0.916
   0.957
   1.003
   1.048
   1.095
   1.140
   1.186
   1.228
   1.265
   1.300
   1.331
   1.354
   1.376
   1.386
   1.392
   1.390
   1.373
   1.346
   1.314
   1.283
   1.248
   1.246
   1.263
   1.271
   1.268
   1.251
   1.229
   1.205
   1.179
   1.151
   1.116
   1.095
   1.060
   1.031
   1.014
   0.994
   0.990
   1.001
   1.025
   1.054
   1.073
   1.074
   1.061
   1.043
   1.025
   1.011
   1.005
   1.008
   1.013
   1.023
   1.036
   1.056
   1.066
   1.075
   1.082
   1.084
   1.091
   1.099
   1.107
   1.116
   1.123
   1.131
   1.136
   1.138
   1.088
   0.000
   0.000
   0.913
   0.972
   0.994
   1.030
   1.073
   1.123
   1.176
   1.233
   1.290
   1.343
   1.392
   1.431
   1.462
   1.480
   1.490
   1.493
   1.492
   1.480
   1.461
   1.432
   1.396
   1.367
   1.336
   1.330
   1.340
   1.347
   1.344
   1.328
   1.303
   1.277
   1.248
   1.218
   1.185
   1.152
   1.116
   1.074
   1.049
   1.026
   1.023
   1.042
   1.070
   1.112
   1.149
   1.170
   1.168
   1.160
   1.153
   1.150
   1.152
   1.156
   1.162
   1.170
   1.181
   1.197
   1.211
   1.226
   1.238
   1.246
   1.255
   1.263
   1.273
   1.284
   1.297
   1.307
   1.313
   1.318
   1.262
   0.000
   0.000
   0.921
   0.975
   0.994
   1.026
   1.063
   1.110
   1.158
   1.215
   1.271
   1.326
   1.380
   1.423
   1.454
   1.470
   1.476
   1.473
   1.466
   1.454
   1.434
   1.405
   1.375
   1.354
   1.336
   1.328
   1.338
   1.343
   1.339
   1.325
   1.305
   1.280
   1.253
   1.221
   1.189
   1.154
   1.113
   1.073
   1.040
   1.016
   1.017
   1.040
   1.079
   1.128
   1.175
   1.207
   1.216
   1.214
   1.216
   1.221
   1.226
   1.229
   1.233
   1.236
   1.243
   1.252
   1.264
   1.280
   1.294
   1.304
   1.314
   1.325
   1.334
   1.345
   1.361
   1.379
   1.388
   1.393
   1.333
   0.000
   0.000
   0.928
   0.976
   0.990
   1.017
   1.047
   1.086
   1.130
   1.178
   1.231
   1.286
   1.335
   1.378
   1.410
   1.426
   1.427
   1.422
   1.413
   1.397
   1.377
   1.355
   1.334
   1.322
   1.311
   1.311
   1.320
   1.328
   1.332
   1.324
   1.309
   1.286
   1.256
   1.226
   1.192
   1.154
   1.111
   1.070
   1.034
   1.013
   1.016
   1.045
   1.089
   1.148
   1.203
   1.245
   1.270
   1.282
   1.292
   1.299
   1.304
   1.302
   1.299
   1.293
   1.292
   1.294
   1.303
   1.314
   1.328
   1.338
   1.349
   1.359
   1.370
   1.384
   1.407
   1.425
   1.438
   1.442
   1.377
   0.000
   0.000
   0.939
   0.973
   0.986
   1.007
   1.032
   1.063
   1.098
   1.140
   1.184
   1.231
   1.274
   1.310
   1.336
   1.349
   1.348
   1.343
   1.336
   1.321
   1.306
   1.292
   1.284
   1.275
   1.271
   1.283
   1.303
   1.313
   1.321
   1.321
   1.314
   1.292
   1.265
   1.231
   1.192
   1.153
   1.112
   1.070
   1.032
   1.010
   1.012
   1.044
   1.096
   1.158
   1.223
   1.279
   1.320
   1.348
   1.369
   1.382
   1.386
   1.381
   1.370
   1.359
   1.347
   1.339
   1.339
   1.346
   1.354
   1.362
   1.372
   1.383
   1.395
   1.414
   1.437
   1.458
   1.471
   1.475
   1.406
   0.000
   0.000
   0.949
   0.985
   0.983
   0.999
   1.018
   1.043
   1.072
   1.103
   1.138
   1.175
   1.209
   1.237
   1.256
   1.263
   1.261
   1.257
   1.253
   1.245
   1.238
   1.234
   1.233
   1.235
   1.240
   1.260
   1.273
   1.285
   1.300
   1.310
   1.310
   1.296
   1.268
   1.230
   1.191
   1.149
   1.106
   1.065
   1.032
   1.013
   1.014
   1.044
   1.095
   1.161
   1.231
   1.296
   1.350
   1.393
   1.426
   1.448
   1.455
   1.450
   1.437
   1.418
   1.399
   1.384
   1.374
   1.374
   1.376
   1.379
   1.387
   1.399
   1.414
   1.433
   1.455
   1.474
   1.490
   1.491
   1.418
   0.000
   0.000
   0.955
   0.985
   0.989
   0.994
   1.007
   1.027
   1.049
   1.072
   1.098
   1.125
   1.151
   1.173
   1.188
   1.193
   1.189
   1.187
   1.186
   1.185
   1.183
   1.183
   1.188
   1.196
   1.205
   1.220
   1.235
   1.253
   1.275
   1.293
   1.300
   1.291
   1.265
   1.228
   1.183
   1.135
   1.093
   1.058
   1.030
   1.016
   1.020
   1.046
   1.095
   1.156
   1.228
   1.295
   1.353
   1.405
   1.448
   1.477
   1.492
   1.490
   1.478
   1.457
   1.434
   1.414
   1.399
   1.389
   1.382
   1.381
   1.387
   1.396
   1.411
   1.428
   1.447
   1.465
   1.478
   1.481
   1.405
   0.000
   0.000
   0.958
   0.988
   0.987
   0.997
   1.004
   1.013
   1.029
   1.048
   1.069
   1.090
   1.109
   1.125
   1.137
   1.141
   1.141
   1.140
   1.141
   1.140
   1.141
   1.142
   1.150
   1.158
   1.166
   1.178
   1.194
   1.217
   1.242
   1.268
   1.279
   1.273
   1.248
   1.210
   1.164
   1.115
   1.075
   1.047
   1.028
   1.021
   1.031
   1.058
   1.101
   1.158
   1.225
   1.288
   1.343
   1.395
   1.442
   1.476
   1.493
   1.496
   1.487
   1.468
   1.445
   1.425
   1.404
   1.387
   1.373
   1.367
   1.369
   1.375
   1.386
   1.397
   1.413
   1.430
   1.439
   1.442
   1.368
   0.000
   0.000
   0.961
   0.994
   0.994
   0.998
   1.001
   1.008
   1.018
   1.032
   1.049
   1.066
   1.081
   1.094
   1.106
   1.110
   1.113
   1.116
   1.116
   1.119
   1.120
   1.121
   1.122
   1.126
   1.133
   1.142
   1.157
   1.177
   1.206
   1.234
   1.246
   1.240
   1.218
   1.182
   1.136
   1.094
   1.062
   1.039
   1.027
   1.026
   1.042
   1.069
   1.109
   1.160
   1.218
   1.274
   1.325
   1.370
   1.414
   1.450
   1.470
   1.476
   1.468
   1.455
   1.433
   1.409
   1.386
   1.363
   1.344
   1.332
   1.330
   1.336
   1.342
   1.349
   1.361
   1.372
   1.381
   1.383
   1.315
   0.000
   0.000
   0.958
   0.995
   1.000
   1.007
   1.006
   1.003
   1.009
   1.021
   1.034
   1.050
   1.066
   1.079
   1.090
   1.099
   1.104
   1.108
   1.111
   1.114
   1.112
   1.109
   1.106
   1.105
   1.107
   1.113
   1.124
   1.143
   1.168
   1.193
   1.207
   1.201
   1.180
   1.149
   1.110
   1.073
   1.051
   1.036
   1.027
   1.032
   1.048
   1.074
   1.111
   1.152
   1.196
   1.245
   1.288
   1.327
   1.363
   1.399
   1.423
   1.431
   1.427
   1.414
   1.398
   1.374
   1.347
   1.319
   1.294
   1.281
   1.275
   1.280
   1.282
   1.287
   1.295
   1.303
   1.313
   1.315
   1.254
   0.000
   0.000
   0.954
   0.997
   1.005
   1.010
   1.008
   1.009
   1.012
   1.019
   1.032
   1.047
   1.063
   1.077
   1.090
   1.102
   1.108
   1.114
   1.115
   1.112
   1.105
   1.099
   1.093
   1.088
   1.085
   1.089
   1.094
   1.108
   1.133
   1.153
   1.165
   1.163
   1.146
   1.118
   1.083
   1.057
   1.040
   1.029
   1.027
   1.034
   1.051
   1.075
   1.101
   1.130
   1.158
   1.189
   1.222
   1.258
   1.293
   1.328
   1.356
   1.370
   1.371
   1.362
   1.348
   1.325
   1.292
   1.259
   1.235
   1.222
   1.219
   1.223
   1.225
   1.230
   1.237
   1.244
   1.254
   1.258
   1.198
   0.000
   0.000
   0.909
   1.003
   1.014
   1.016
   1.012
   1.015
   1.018
   1.027
   1.037
   1.051
   1.064
   1.079
   1.095
   1.108
   1.116
   1.117
   1.115
   1.107
   1.098
   1.088
   1.078
   1.070
   1.064
   1.064
   1.069
   1.082
   1.102
   1.121
   1.136
   1.135
   1.124
   1.099
   1.065
   1.043
   1.030
   1.022
   1.022
   1.028
   1.042
   1.060
   1.080
   1.097
   1.111
   1.125
   1.145
   1.174
   1.208
   1.245
   1.282
   1.303
   1.309
   1.307
   1.295
   1.269
   1.234
   1.201
   1.176
   1.166
   1.168
   1.175
   1.181
   1.185
   1.195
   1.205
   1.215
   1.217
   1.161
   0.000
 -65.534
 -65.534
   0.924
   1.006
   1.010
   1.013
   1.019
   1.023
   1.031
   1.038
   1.049
   1.063
   1.074
   1.087
   1.096
   1.104
   1.103
   1.100
   1.089
   1.080
   1.069
   1.058
   1.050
   1.045
   1.045
   1.050
   1.061
   1.077
   1.100
   1.115
   1.122
   1.115
   1.095
   1.063
   1.036
   1.019
   1.013
   1.013
   1.015
   1.026
   1.037
   1.047
   1.055
   1.059
   1.061
   1.071
   1.090
   1.122
   1.164
   1.208
   1.234
   1.248
   1.248
   1.237
   1.210
   1.176
   1.145
   1.128
   1.123
   1.128
   1.137
   1.145
   1.160
   1.170
   1.184
   1.194
   1.196
   1.139
   0.000
 -65.534
 -65.534
 -65.534
   0.910
   0.993
   1.007
   1.023
   1.029
   1.031
   1.034
   1.038
   1.046
   1.051
   1.058
   1.065
   1.070
   1.068
   1.063
   1.055
   1.048
   1.041
   1.033
   1.027
   1.023
   1.025
   1.032
   1.043
   1.059
   1.081
   1.102
   1.115
   1.115
   1.100
   1.070
   1.041
   1.017
   1.003
   0.996
   0.995
   0.998
   1.004
   1.011
   1.012
   1.009
   1.008
   1.008
   1.019
   1.049
   1.097
   1.144
   1.174
   1.189
   1.188
   1.173
   1.149
   1.121
   1.099
   1.088
   1.091
   1.095
   1.108
   1.120
   1.133
   1.150
   1.166
   1.179
   1.186
   1.132
   0.000
 -65.534
 -65.534
 -65.534
 -65.534
   0.938
   0.989
   1.014
   1.024
   1.026
   1.025
   1.024
   1.024
   1.021
   1.020
   1.020
   1.021
   1.021
   1.016
   1.014
   1.009
   1.005
   1.001
   0.999
   1.001
   1.004
   1.011
   1.022
   1.038
   1.059
   1.084
   1.103
   1.111
   1.103
   1.080
   1.050
   1.022
   1.004
   0.989
   0.978
   0.974
   0.975
   0.975
   0.974
   0.969
   0.963
   0.960
   0.970
   0.999
   1.046
   1.090
   1.120
   1.132
   1.128
   1.112
   1.092
   1.073
   1.064
   1.064
   1.068
   1.076
   1.090
   1.101
   1.115
   1.130
   1.146
   1.164
   1.173
   1.125
   0.000
 -65.534
 -65.534
 -65.534
 -65.534
   0.892
   0.956
   0.987
   1.000
   1.003
   1.008
   1.009
   1.005
   0.997
   0.990
   0.983
   0.978
   0.974
   0.973
   0.973
   0.968
   0.968
   0.966
   0.967
   0.968
   0.971
   0.979
   0.991
   1.006
   1.027
   1.053
   1.080
   1.095
   1.096
   1.080
   1.055
   1.030
   1.010
   0.994
   0.981
   0.967
   0.962
   0.958
   0.954
   0.945
   0.935
   0.931
   0.942
   0.970
   1.006
   1.040
   1.064
   1.074
   1.072
   1.059
   1.045
   1.038
   1.037
   1.045
   1.051
   1.060
   1.073
   1.086
   1.099
   1.115
   1.132
   1.149
   1.163
   1.119
   0.000
 -65.534
 -65.534
 -65.534
 -65.534
   0.838
   0.911
   0.944
   0.958
   0.966
   0.977
   0.987
   0.986
   0.981
   0.970
   0.959
   0.948
   0.941
   0.937
   0.937
   0.937
   0.935
   0.933
   0.930
   0.929
   0.931
   0.936
   0.948
   0.966
   0.985
   1.011
   1.038
   1.061
   1.072
   1.069
   1.054
   1.034
   1.019
   1.005
   0.997
   0.975
   0.965
   0.960
   0.950
   0.939
   0.924
   0.920
   0.922
   0.939
   0.964
   0.990
   1.009
   1.021
   1.023
   1.017
   1.013
   1.012
   1.020
   1.030
   1.037
   1.048
   1.064
   1.076
   1.091
   1.106
   1.123
   1.142
   1.156
   1.115
   0.000
 -65.534
 -65.534
 -65.534
 -65.534
   0.735
   0.801
   0.840
   0.870
   0.910
   0.922
   0.941
   0.951
   0.956
   0.951
   0.942
   0.928
   0.919
   0.914
   0.914
   0.913
   0.909
   0.904
   0.896
   0.893
   0.890
   0.897
   0.908
   0.923
   0.943
   0.961
   0.987
   1.012
   1.033
   1.041
   1.037
   1.028
   1.018
   1.012
   1.005
   0.989
   0.976
   0.965
   0.954
   0.938
   0.918
   0.907
   0.904
   0.908
   0.920
   0.936
   0.953
   0.967
   0.979
   0.984
   0.989
   0.996
   1.008
   1.021
   1.033
   1.047
   1.062
   1.078
   1.092
   1.107
   1.123
   1.141
   1.154
   1.116
   0.000
 -65.534
 -65.534
 -65.534
 -65.534
 -65.534
 -65.534
 -65.534
 -65.534
   0.780
   0.834
   0.869
   0.893
   0.913
   0.920
   0.919
   0.913
   0.907
   0.905
   0.905
   0.905
   0.898
   0.887
   0.872
   0.862
   0.858
   0.865
   0.875
   0.890
   0.905
   0.919
   0.936
   0.956
   0.977
   0.994
   1.001
   1.005
   1.004
   1.004
   1.005
   0.996
   0.982
   0.970
   0.957
   0.939
   0.913
   0.889
   0.888
   0.883
   0.886
   0.897
   0.911
   0.928
   0.946
   0.963
   0.976
   0.989
   1.005
   1.020
   1.036
   1.054
   1.074
   1.094
   1.109
   1.122
   1.134
   1.150
   1.163
   1.125
   0.000
 -65.534
 -65.534
 -65.534
 -65.534
 -65.534
 -65.534
   0.482
   0.536
   0.674
   0.746
   0.788
   0.826
   0.862
   0.882
   0.894
   0.900
   0.905
   0.909
   0.911
   0.910
   0.899
   0.881
   0.864
   0.847
   0.834
   0.837
   0.848
   0.860
   0.875
   0.889
   0.900
   0.910
   0.926
   0.941
   0.954
   0.966
   0.976
   0.984
   0.988
   0.987
   0.978
   0.969
   0.954
   0.936
   0.913
   0.886
   0.864
   0.867
   0.867
   0.872
   0.887
   0.909
   0.932
   0.954
   0.972
   0.989
   1.007
   1.025
   1.044
   1.067
   1.090
   1.114
   1.131
   1.146
   1.159
   1.170
   1.180
   1.136
   0.000
 -65.534
 -65.534
 -65.534
 -65.534
 -65.534
 -65.534
 -65.534
 -65.534
 -65.534
   0.633
   0.682
   0.726
   0.763
   0.799
   0.836
   0.877
   0.894
   0.910
   0.922
   0.921
   0.908
   0.891
   0.871
   0.856
   0.843
   0.834
   0.832
   0.840
   0.849
   0.857
   0.867
   0.879
   0.891
   0.903
   0.914
   0.927
   0.941
   0.952
   0.962
   0.968
   0.967
   0.961
   0.948
   0.930
   0.909
   0.885
   0.861
   0.849
   0.857
   0.859
   0.874
   0.898
   0.923
   0.948
   0.970
   0.992
   1.014
   1.037
   1.061
   1.086
   1.111
   1.137
   1.156
   1.171
   1.183
   1.193
   1.201
   1.145
   0.000
 -65.534
 -65.534
 -65.534
 -65.534
 -65.534
 -65.534
 -65.534
 -65.534
 -65.534
 -65.534
 -65.534
 -65.534
 -65.534
 -65.534
 -65.534
   0.714
   0.794
   0.842
   0.883
   0.922
   0.921
   0.914
   0.905
   0.898
   0.885
   0.870
   0.859
   0.851
   0.846
   0.844
   0.845
   0.851
   0.857
   0.868
   0.880
   0.891
   0.906
   0.920
   0.939
   0.948
   0.950
   0.947
   0.937
   0.921
   0.903
   0.885
   0.864
   0.849
   0.847
   0.852
   0.863
   0.885
   0.913
   0.942
   0.972
   0.998
   1.024
   1.051
   1.077
   1.105
   1.133
   1.159
   1.178
   1.192
   1.202
   1.208
   1.207
   1.140
   0.000
 -65.534
 -65.534
 -65.534
 -65.534
 -65.534
 -65.534
 -65.534
 -65.534
 -65.534
 -65.534
 -65.534
 -65.534
 -65.534
 -65.534
 -65.534
 -65.534
 -65.534
 -65.534
 -65.534
   0.840
   0.918
   0.942
   0.958
   0.965
   0.957
   0.941
   0.922
   0.904
   0.881
   0.858
   0.841
   0.831
   0.827
   0.832
   0.841
   0.855
   0.870
   0.885
   0.904
   0.933
   0.942
   0.946
   0.940
   0.932
   0.918
   0.898
   0.878
   0.858
   0.847
   0.848
   0.857
   0.878
   0.905
   0.935
   0.965
   0.994
   1.025
   1.055
   1.084
   1.114
   1.144
   1.169
   1.187
   1.201
   1.207
   1.208
   1.200
   1.120
   0.000
 -65.534
 -65.534
 -65.534
 -65.534
 -65.534
 -65.534
 -65.534
 -65.534
 -65.534
 -65.534
 -65.534
 -65.534
 -65.534
 -65.534
 -65.534
 -65.534
 -65.534
 -65.534
   0.689
   0.884
   0.952
   0.991
   1.021
   1.040
   1.041
   1.024
   1.003
   0.976
   0.945
   0.910
   0.874
   0.842
   0.823
   0.813
   0.813
   0.827
   0.845
   0.864
   0.881
   0.899
   0.913
   0.922
   0.921
   0.917
   0.904
   0.887
   0.869
   0.853
   0.844
   0.846
   0.859
   0.880
   0.906
   0.933
   0.957
   0.982
   1.011
   1.042
   1.075
   1.106
   1.136
   1.163
   1.182
   1.193
   1.199
   1.196
   1.187
   1.101
   0.000
 -65.534
 -65.534
 -65.534
 -65.534
 -65.534
 -65.534
 -65.534
 -65.534
 -65.534
 -65.534
 -65.534
 -65.534
 -65.534
 -65.534
 -65.534
 -65.534
 -65.534
   0.721
   0.875
   0.970
   1.016
   1.054
   1.091
   1.113
   1.115
   1.103
   1.081
   1.053
   1.019
   0.979
   0.937
   0.892
   0.855
   0.828
   0.814
   0.815
   0.822
   0.836
   0.852
   0.869
   0.886
   0.903
   0.915
   0.922
   0.922
   0.905
   0.883
   0.864
   0.854
   0.855
   0.866
   0.883
   0.905
   0.928
   0.947
   0.971
   0.995
   1.024
   1.054
   1.088
   1.117
   1.142
   1.163
   1.175
   1.180
   1.181
   1.172
   1.087
   0.000
 -65.534
 -65.534
 -65.534
 -65.534
 -65.534
 -65.534
 -65.534
 -65.534
 -65.534
 -65.534
 -65.534
 -65.534
 -65.534
 -65.534
 -65.534
 -65.534
 -65.534
   0.861
   0.974
   1.034
   1.074
   1.112
   1.153
   1.176
   1.175
   1.157
   1.133
   1.102
   1.068
   1.032
   0.990
   0.941
   0.895
   0.859
   0.835
   0.823
   0.822
   0.823
   0.831
   0.845
   0.864
   0.885
   0.910
   0.932
   0.942
   0.933
   0.911
   0.888
   0.873
   0.868
   0.874
   0.887
   0.906
   0.923
   0.937
   0.953
   0.975
   1.000
   1.029
   1.059
   1.088
   1.116
   1.136
   1.149
   1.156
   1.159
   1.157
   1.084
   0.000
 -65.534
 -65.534
 -65.534
 -65.534
 -65.534
 -65.534
 -65.534
 -65.534
 -65.534
 -65.534
 -65.534
 -65.534
 -65.534
 -65.534
 -65.534
 -65.534
 -65.534
   0.896
   0.995
   1.048
   1.088
   1.135
   1.183
   1.208
   1.199
   1.171
   1.138
   1.103
   1.069
   1.034
   0.998
   0.953
   0.911
   0.873
   0.842
   0.824
   0.814
   0.812
   0.818
   0.829
   0.848
   0.873
   0.902
   0.926
   0.940
   0.936
   0.919
   0.900
   0.884
   0.876
   0.877
   0.887
   0.903
   0.917
   0.931
   0.944
   0.961
   0.981
   1.008
   1.033
   1.061
   1.085
   1.108
   1.123
   1.138
   1.145
   1.147
   1.082
   0.000
 -65.534
 -65.534
 -65.534
 -65.534
 -65.534
 -65.534
 -65.534
 -65.534
 -65.534
 -65.534
 -65.534
 -65.534
 -65.534
 -65.534
 -65.534
 -65.534
 -65.534
   0.862
   0.974
   1.026
   1.069
   1.124
   1.179
   1.204
   1.187
   1.146
   1.106
   1.066
   1.029
   0.999
   0.972
   0.937
   0.902
   0.869
   0.839
   0.819
   0.807
   0.806
   0.813
   0.826
   0.848
   0.872
   0.897
   0.917
   0.926
   0.924
   0.913
   0.895
   0.880
   0.872
   0.874
   0.885
   0.899
   0.915
   0.928
   0.941
   0.954
   0.971
   0.993
   1.018
   1.041
   1.062
   1.080
   1.098
   1.113
   1.123
   1.131
   1.074
   0.000
 -65.534
 -65.534
 -65.534
 -65.534
 -65.534
 -65.534
 -65.534
 -65.534
 -65.534
 -65.534
 -65.534
 -65.534
 -65.534
 -65.534
 -65.534
 -65.534
 -65.534
 -65.534
   0.882
   0.974
   1.030
   1.088
   1.139
   1.157
   1.134
   1.091
   1.047
   1.007
   0.974
   0.953
   0.938
   0.914
   0.887
   0.860
   0.834
   0.818
   0.810
   0.809
   0.821
   0.837
   0.858
   0.877
   0.896
   0.908
   0.914
   0.910
   0.900
   0.885
   0.875
   0.870
   0.873
   0.884
   0.899
   0.914
   0.926
   0.938
   0.952
   0.967
   0.985
   1.008
   1.027
   1.045
   1.061
   1.075
   1.085
   1.093
   1.098
   1.046
   0.000
 -65.534
 -65.534
 -65.534
 -65.534
 -65.534
 -65.534
 -65.534
 -65.534
 -65.534
 -65.534
 -65.534
 -65.534
 -65.534
 -65.534
 -65.534
 -65.534
 -65.534
 -65.534
 -65.534
   0.871
   0.968
   1.025
   1.063
   1.070
   1.044
   1.007
   0.970
   0.939
   0.918
   0.914
   0.908
   0.894
   0.873
   0.848
   0.833
   0.825
   0.821
   0.823
   0.833
   0.851
   0.869
   0.875
   0.882
   0.891
   0.898
   0.898
   0.891
   0.879
   0.874
   0.873
   0.879
   0.889
   0.902
   0.913
   0.922
   0.934
   0.947
   0.963
   0.981
   1.000
   1.019
   1.035
   1.046
   1.054
   1.059
   1.057
   1.056
   0.999
   0.000
 -65.534
 -65.534
 -65.534
 -65.534
 -65.534
 -65.534
 -65.534
 -65.534
 -65.534
 -65.534
 -65.534
 -65.534
 -65.534
 -65.534
 -65.534
 -65.534
 -65.534
 -65.534
 -65.534
 -65.534
   0.855
   0.919
   0.958
   0.964
   0.957
   0.927
   0.906
   0.890
   0.885
   0.893
   0.891
   0.877
   0.848
   0.817
   0.787
   0.739
 -65.534
 -65.534
 -65.534
 -65.534
   0.676
   0.758
   0.811
   0.845
   0.873
   0.887
   0.888
   0.884
   0.882
   0.884
   0.890
   0.899
   0.907
   0.915
   0.922
   0.930
   0.943
   0.957
   0.974
   0.989
   1.005
   1.017
   1.023
   1.023
   1.023
   1.016
   1.009
   0.949
   0.000
 -65.534
 -65.534
 -65.534
 -65.534
 -65.534
 -65.534
 -65.534
 -65.534
 -65.534
 -65.534
 -65.534
 -65.534
 -65.534
 -65.534
 -65.534
 -65.534
 -65.534
 -65.534
 -65.534
 -65.534
 -65.534
 -65.534
 -65.534
 -65.534
   0.850
   0.868
   0.870
   0.868
   0.874
   0.886
   0.886
   0.869
   0.836
   0.803
   0.771
   0.713
 -65.534
 -65.534
 -65.534
 -65.534
 -65.534
 -65.534
   0.680
   0.778
   0.845
   0.881
   0.888
   0.892
   0.894
   0.898
   0.904
   0.909
   0.915
   0.918
   0.920
   0.927
   0.937
   0.947
   0.960
   0.971
   0.980
   0.987
   0.988
   0.982
   0.975
   0.963
   0.949
   0.893
   0.000
 -65.534
 -65.534
 -65.534
 -65.534
 -65.534
 -65.534
 -65.534
 -65.534
 -65.534
 -65.534
 -65.534
 -65.534
 -65.534
 -65.534
 -65.534
 -65.534
 -65.534
 -65.534
 -65.534
 -65.534
 -65.534
 -65.534
 -65.534
 -65.534
   0.744
   0.787
   0.802
   0.824
   0.849
   0.872
   0.869
   0.853
   0.824
   0.798
   0.773
   0.716
 -65.534
 -65.534
 -65.534
 -65.534
 -65.534
 -65.534
 -65.534
   0.701
   0.808
   0.863
   0.887
   0.898
   0.910
   0.915
   0.919
   0.921
   0.923
   0.923
   0.925
   0.929
   0.934
   0.940
   0.946
   0.949
   0.950
   0.946
   0.937
   0.927
   0.912
   0.897
   0.881
   0.828
   0.000
 -65.534
 -65.534
 -65.534
 -65.534
 -65.534
 -65.534
 -65.534
 -65.534
 -65.534
 -65.534
 -65.534
 -65.534
 -65.534
 -65.534
 -65.534
 -65.534
 -65.534
 -65.534
 -65.534
 -65.534
 -65.534
 -65.534
 -65.534
 -65.534
 -65.534
 -65.534
 -65.534
 -65.534
 -65.534
   0.755
   0.794
   0.799
   0.806
   0.797
   0.778
   0.726
   0.448
 -65.534
 -65.534
 -65.534
 -65.534
 -65.534
 -65.534
   0.614
   0.717
 -65.534
   0.764
   0.846
   0.884
   0.921
   0.937
   0.942
   0.939
   0.937
   0.938
   0.939
   0.940
   0.937
   0.930
   0.922
   0.914
   0.899
   0.882
   0.862
   0.841
   0.822
   0.801
   0.752
   0.000
 -65.534
 -65.534
 -65.534
 -65.534
 -65.534
 -65.534
 -65.534
 -65.534
 -65.534
 -65.534
 -65.534
 -65.534
 -65.534
 -65.534
 -65.534
 -65.534
 -65.534
 -65.534
 -65.534
 -65.534
 -65.534
 -65.534
 -65.534
 -65.534
 -65.534
 -65.534
 -65.534
 -65.534
 -65.534
 -65.534
 -65.534
 -65.534
   0.712
   0.769
   0.768
   0.720
   0.588
   0.390
 -65.534
 -65.534
 -65.534
 -65.534
 -65.534
 -65.534
 -65.534
 -65.534
 -65.534
 -65.534
 -65.534
   0.750
   0.862
   0.908
   0.937
   0.944
   0.943
   0.934
   0.922
   0.910
   0.897
   0.886
   0.871
   0.849
   0.825
   0.796
   0.771
   0.747
   0.723
   0.670
   0.000
 -65.534
 -65.534
 -65.534
 -65.534
 -65.534
 -65.534
 -65.534
 -65.534
 -65.534
 -65.534
 -65.534
 -65.534
 -65.534
 -65.534
 -65.534
 -65.534
 -65.534
 -65.534
 -65.534
 -65.534
 -65.534
 -65.534
 -65.534
 -65.534
 -65.534
 -65.534
 -65.534
 -65.534
 -65.534
 -65.534
 -65.534
 -65.534
   0.622
   0.694
   0.709
   0.676
   0.605
   0.503
   0.366
   0.263
 -65.534
 -65.534
 -65.534
 -65.534
 -65.534
 -65.534
 -65.534
 -65.534
 -65.534
 -65.534
 -65.534
 -65.534
   0.738
   0.832
   0.858
   0.870
   0.866
   0.854
   0.843
   0.831
   0.818
   0.796
   0.770
   0.739
   0.707
   0.680
   0.650
   0.594
   0.000
 -65.534
 -65.534
 -65.534
 -65.534
 -65.534
 -65.534
 -65.534
 -65.534
 -65.534
 -65.534
 -65.534
 -65.534
 -65.534
 -65.534
 -65.534
 -65.534
 -65.534
 -65.534
 -65.534
 -65.534
 -65.534
 -65.534
 -65.534
 -65.534
 -65.534
 -65.534
 -65.534
 -65.534
 -65.534
 -65.534
 -65.534
 -65.534
 -65.534
 -65.534
 -65.534
 -65.534
   0.468
   0.468
   0.421
   0.358
   0.270
   0.220
   0.192
   0.177
   0.174
 -65.534
 -65.534
 -65.534
 -65.534
 -65.534
 -65.534
 -65.534
 -65.534
 -65.534
 -65.534
   0.648
   0.742
   0.768
   0.773
   0.772
   0.764
   0.747
   0.720
   0.690
   0.657
   0.622
   0.587
   0.521
   0.000
 -65.534
 -65.534
 -65.534
 -65.534
 -65.534
 -65.534
 -65.534
 -65.534
 -65.534
 -65.534
 -65.534
 -65.534
 -65.534
 -65.534
 -65.534
 -65.534
 -65.534
 -65.534
 -65.534
 -65.534
 -65.534
 -65.534
 -65.534
 -65.534
 -65.534
 -65.534
 -65.534
 -65.534
 -65.534
 -65.534
 -65.534
 -65.534
 -65.534
 -65.534
 -65.534
 -65.534
 -65.534
 -65.534
 -65.534
 -65.534
   0.233
 -65.534
 -65.534
 -65.534
 -65.534
 -65.534
 -65.534
 -65.534
 -65.534
 -65.534
 -65.534
 -65.534
 -65.534
 -65.534
 -65.534
   0.514
   0.607
   0.652
   0.674
   0.696
   0.701
   0.682
   0.658
   0.629
   0.596
   0.563
   0.523
   0.450
   0.000
 -65.534
 -65.534
 -65.534
 -65.534
 -65.534
 -65.534
 -65.534
 -65.534
 -65.534
 -65.534
 -65.534
 -65.534
 -65.534
 -65.534
 -65.534
 -65.534
 -65.534
 -65.534
 -65.534
 -65.534
 -65.534
 -65.534
 -65.534
 -65.534
 -65.534
 -65.534
 -65.534
 -65.534
 -65.534
 -65.534
 -65.534
 -65.534
 -65.534
 -65.534
 -65.534
 -65.534
 -65.534
 -65.534
 -65.534
 -65.534
 -65.534
 -65.534
 -65.534
 -65.534
 -65.534
 -65.534
 -65.534
 -65.534
 -65.534
 -65.534
 -65.534
 -65.534
 -65.534
 -65.534
 -65.534
 -65.534
 -65.534
 -65.534
 -65.534
   0.523
   0.576
   0.584
   0.563
   0.543
   0.522
   0.493
   0.459
   0.385
   0.000
 -65.534
 -65.534
 -65.534
 -65.534
 -65.534
 -65.534
 -65.534
 -65.534
 -65.534
 -65.534
 -65.534
 -65.534
 -65.534
 -65.534
 -65.534
 -65.534
 -65.534
 -65.534
 -65.534
 -65.534
 -65.534
 -65.534
 -65.534
 -65.534
 -65.534
 -65.534
 -65.534
 -65.534
 -65.534
 -65.534
 -65.534
 -65.534
 -65.534
 -65.534
 -65.534
 -65.534
 -65.534
 -65.534
 -65.534
 -65.534
 -65.534
 -65.534
 -65.534
 -65.534
 -65.534
 -65.534
 -65.534
 -65.534
 -65.534
 -65.534
 -65.534
 -65.534
 -65.534
 -65.534
 -65.534
 -65.534
 -65.534
 -65.534
 -65.534
 -65.534
 -65.534
   0.000
   0.000
   0.000
   0.000
   0.000
   0.000
   0.000
 -65.534
