 -65.534
   0.000
   0.000
   0.000
   0.000
   0.000
   0.000
   0.000
   0.000
   0.000
   0.000
   0.000
   0.000
   0.000
   0.000
   0.000
   0.000
   0.000
   0.000
   0.000
   0.000
   0.000
   0.000
   0.000
   0.000
   0.000
   0.000
   0.000
   0.000
   0.000
   0.000
   0.000
   0.000
   0.000
   0.000
   0.000
   0.000
   0.000
   0.000
   0.000
   0.000
   0.000
   0.000
   0.000
   0.000
   0.000
   0.000
   0.000
   0.000
   0.000
   0.000
   0.000
   0.000
   0.000
   0.000
   0.000
   0.000
   0.000
   0.000
   0.000
   0.000
   0.000
   0.000
   0.000
   0.000
   0.000
   0.000
   0.000
 -65.534
   0.000
   1.281
   1.433
   1.520
   1.583
   1.629
   1.663
   1.687
   1.701
   1.711
   1.723
   1.734
   1.740
   1.745
   1.736
   1.716
   1.681
   1.662
   1.659
   1.660
   1.662
   1.665
   1.674
   1.681
   1.691
   1.700
   1.712
   1.729
   1.733
   1.750
   1.756
   1.748
   1.739
   1.722
   1.693
   1.645
   1.596
   1.548
   1.498
   1.438
   1.376
   1.329
   1.280
   1.227
   1.174
   1.127
   1.081
   1.039
   1.018
   1.010
   1.014
   1.023
   1.036
   1.049
   1.071
   1.098
   1.128
   1.160
   1.189
   1.221
   1.251
   1.271
   1.298
   1.325
   1.343
   1.357
   1.376
   1.353
   0.000
   0.000
   1.476
   1.633
   1.704
   1.767
   1.814
   1.851
   1.880
   1.897
   1.914
   1.935
   1.953
   1.965
   1.969
   1.959
   1.938
   1.906
   1.882
   1.868
   1.861
   1.861
   1.867
   1.881
   1.898
   1.915
   1.925
   1.937
   1.950
   1.960
   1.969
   1.979
   1.987
   1.991
   1.989
   1.971
   1.932
   1.882
   1.827
   1.763
   1.693
   1.628
   1.574
   1.516
   1.453
   1.385
   1.322
   1.268
   1.225
   1.202
   1.196
   1.200
   1.210
   1.227
   1.245
   1.262
   1.285
   1.314
   1.346
   1.379
   1.412
   1.444
   1.475
   1.510
   1.545
   1.576
   1.603
   1.631
   1.609
   0.000
   0.000
   1.526
   1.684
   1.755
   1.813
   1.861
   1.905
   1.939
   1.962
   1.984
   2.006
   2.029
   2.047
   2.052
   2.041
   2.019
   1.986
   1.957
   1.937
   1.931
   1.930
   1.938
   1.960
   1.988
   2.007
   2.022
   2.036
   2.047
   2.053
   2.059
   2.070
   2.080
   2.096
   2.116
   2.113
   2.090
   2.047
   1.987
   1.918
   1.843
   1.772
   1.705
   1.637
   1.562
   1.486
   1.415
   1.353
   1.304
   1.275
   1.264
   1.263
   1.274
   1.290
   1.309
   1.329
   1.354
   1.384
   1.414
   1.448
   1.485
   1.522
   1.556
   1.594
   1.635
   1.672
   1.705
   1.739
   1.720
   0.000
   0.000
   1.554
   1.712
   1.777
   1.832
   1.879
   1.920
   1.956
   1.979
   2.005
   2.030
   2.053
   2.073
   2.083
   2.073
   2.050
   2.014
   1.988
   1.969
   1.962
   1.963
   1.977
   2.004
   2.037
   2.064
   2.085
   2.108
   2.118
   2.119
   2.124
   2.134
   2.150
   2.172
   2.201
   2.215
   2.202
   2.167
   2.116
   2.041
   1.964
   1.890
   1.814
   1.736
   1.655
   1.572
   1.493
   1.424
   1.369
   1.330
   1.306
   1.298
   1.302
   1.313
   1.329
   1.348
   1.378
   1.408
   1.439
   1.472
   1.512
   1.552
   1.592
   1.637
   1.681
   1.726
   1.767
   1.807
   1.791
   0.000
   0.000
   1.570
   1.728
   1.789
   1.840
   1.881
   1.915
   1.946
   1.976
   2.001
   2.024
   2.041
   2.057
   2.062
   2.052
   2.027
   1.997
   1.974
   1.964
   1.959
   1.964
   1.979
   2.012
   2.050
   2.085
   2.122
   2.153
   2.167
   2.165
   2.171
   2.185
   2.204
   2.235
   2.269
   2.290
   2.286
   2.256
   2.208
   2.137
   2.057
   1.979
   1.903
   1.823
   1.739
   1.648
   1.562
   1.480
   1.418
   1.370
   1.334
   1.313
   1.310
   1.315
   1.328
   1.346
   1.371
   1.401
   1.431
   1.465
   1.504
   1.551
   1.601
   1.653
   1.709
   1.760
   1.806
   1.850
   1.838
   0.000
   0.000
   1.573
   1.733
   1.795
   1.840
   1.873
   1.902
   1.931
   1.957
   1.981
   1.999
   2.013
   2.021
   2.020
   2.004
   1.979
   1.957
   1.938
   1.931
   1.929
   1.933
   1.954
   1.991
   2.036
   2.083
   2.127
   2.165
   2.188
   2.189
   2.194
   2.217
   2.244
   2.282
   2.318
   2.344
   2.345
   2.327
   2.279
   2.210
   2.130
   2.054
   1.979
   1.900
   1.809
   1.715
   1.624
   1.534
   1.460
   1.403
   1.357
   1.326
   1.313
   1.310
   1.316
   1.332
   1.352
   1.379
   1.404
   1.433
   1.473
   1.526
   1.583
   1.644
   1.705
   1.768
   1.826
   1.876
   1.872
   0.000
   0.000
   1.556
   1.727
   1.794
   1.838
   1.865
   1.885
   1.907
   1.931
   1.953
   1.971
   1.977
   1.977
   1.971
   1.953
   1.931
   1.912
   1.898
   1.891
   1.887
   1.891
   1.908
   1.946
   1.996
   2.045
   2.094
   2.140
   2.166
   2.172
   2.185
   2.220
   2.262
   2.307
   2.347
   2.382
   2.387
   2.372
   2.330
   2.266
   2.191
   2.117
   2.043
   1.961
   1.875
   1.780
   1.674
   1.581
   1.497
   1.426
   1.371
   1.332
   1.310
   1.300
   1.298
   1.307
   1.320
   1.339
   1.360
   1.385
   1.425
   1.476
   1.541
   1.612
   1.688
   1.761
   1.828
   1.886
   1.895
   0.000
   0.000
   1.514
   1.701
   1.783
   1.834
   1.857
   1.872
   1.883
   1.902
   1.926
   1.943
   1.947
   1.942
   1.932
   1.913
   1.892
   1.874
   1.864
   1.856
   1.847
   1.849
   1.862
   1.893
   1.944
   1.994
   2.039
   2.083
   2.113
   2.128
   2.149
   2.198
   2.254
   2.309
   2.365
   2.400
   2.412
   2.403
   2.366
   2.306
   2.241
   2.172
   2.098
   2.019
   1.931
   1.838
   1.734
   1.630
   1.538
   1.458
   1.390
   1.337
   1.301
   1.283
   1.274
   1.275
   1.280
   1.287
   1.300
   1.317
   1.361
   1.413
   1.484
   1.562
   1.650
   1.737
   1.817
   1.886
   1.903
   0.000
   0.000
   1.438
   1.641
   1.746
   1.810
   1.838
   1.850
   1.861
   1.880
   1.901
   1.918
   1.923
   1.916
   1.902
   1.886
   1.865
   1.850
   1.838
   1.829
   1.819
   1.820
   1.830
   1.856
   1.897
   1.937
   1.975
   2.015
   2.045
   2.068
   2.108
   2.167
   2.230
   2.293
   2.360
   2.406
   2.426
   2.424
   2.395
   2.340
   2.282
   2.221
   2.152
   2.076
   1.989
   1.896
   1.795
   1.686
   1.587
   1.499
   1.417
   1.341
   1.296
   1.267
   1.247
   1.236
   1.229
   1.227
   1.231
   1.248
   1.286
   1.345
   1.421
   1.506
   1.604
   1.702
   1.794
   1.876
   1.908
   0.000
   0.000
   1.335
   1.547
   1.672
   1.758
   1.799
   1.819
   1.835
   1.856
   1.877
   1.895
   1.899
   1.895
   1.884
   1.868
   1.851
   1.833
   1.822
   1.811
   1.800
   1.796
   1.806
   1.828
   1.857
   1.884
   1.914
   1.942
   1.970
   2.009
   2.064
   2.130
   2.200
   2.268
   2.340
   2.395
   2.426
   2.434
   2.412
   2.367
   2.314
   2.262
   2.202
   2.127
   2.046
   1.949
   1.848
   1.745
   1.639
   1.544
   1.444
   1.352
   1.298
   1.253
   1.212
   1.181
   1.164
   1.153
   1.151
   1.168
   1.210
   1.277
   1.360
   1.455
   1.561
   1.668
   1.771
   1.862
   1.904
   0.000
   0.000
   1.233
   1.442
   1.580
   1.685
   1.743
   1.778
   1.802
   1.821
   1.842
   1.861
   1.871
   1.874
   1.869
   1.857
   1.843
   1.827
   1.811
   1.797
   1.785
   1.782
   1.789
   1.804
   1.824
   1.843
   1.865
   1.892
   1.924
   1.970
   2.031
   2.103
   2.177
   2.253
   2.328
   2.390
   2.428
   2.442
   2.429
   2.386
   2.342
   2.297
   2.242
   2.172
   2.087
   1.994
   1.893
   1.789
   1.683
   1.579
   1.470
   1.367
   1.297
   1.233
   1.176
   1.124
   1.083
   1.058
   1.057
   1.079
   1.132
   1.211
   1.306
   1.414
   1.530
   1.647
   1.758
   1.852
   1.898
   0.000
   0.000
   1.109
   1.346
   1.481
   1.591
   1.665
   1.717
   1.752
   1.775
   1.796
   1.816
   1.830
   1.839
   1.842
   1.837
   1.828
   1.812
   1.798
   1.783
   1.773
   1.769
   1.774
   1.784
   1.800
   1.818
   1.841
   1.872
   1.907
   1.953
   2.011
   2.090
   2.167
   2.246
   2.323
   2.387
   2.428
   2.448
   2.437
   2.401
   2.358
   2.319
   2.268
   2.204
   2.122
   2.024
   1.920
   1.815
   1.704
   1.595
   1.485
   1.382
   1.299
   1.219
   1.136
   1.058
   0.993
   0.950
   0.952
   0.986
   1.052
   1.146
   1.258
   1.380
   1.511
   1.640
   1.757
   1.851
   1.893
   0.000
 -65.534
 -65.534
   1.152
   1.355
   1.461
   1.549
   1.622
   1.678
   1.711
   1.736
   1.758
   1.771
   1.779
   1.785
   1.786
   1.783
   1.773
   1.762
   1.752
   1.746
   1.743
   1.748
   1.759
   1.778
   1.800
   1.832
   1.871
   1.910
   1.952
   2.011
   2.085
   2.157
   2.240
   2.318
   2.376
   2.409
   2.426
   2.419
   2.391
   2.357
   2.318
   2.272
   2.212
   2.132
   2.040
   1.933
   1.822
   1.709
   1.596
   1.487
   1.382
   1.282
   1.186
   1.077
   0.978
   0.897
   0.848
   0.849
   0.897
   0.984
   1.092
   1.220
   1.363
   1.508
   1.645
   1.763
   1.858
   1.893
   0.000
 -65.534
 -65.534
 -65.534
   1.123
   1.300
   1.409
   1.506
   1.578
   1.624
   1.655
   1.680
   1.689
   1.695
   1.699
   1.701
   1.702
   1.699
   1.697
   1.692
   1.693
   1.694
   1.703
   1.721
   1.749
   1.784
   1.826
   1.873
   1.918
   1.963
   2.015
   2.079
   2.147
   2.223
   2.281
   2.317
   2.372
   2.391
   2.381
   2.360
   2.331
   2.296
   2.254
   2.194
   2.116
   2.024
   1.917
   1.804
   1.692
   1.582
   1.469
   1.363
   1.253
   1.139
   1.012
   0.893
   0.810
   0.771
   0.779
   0.838
   0.937
   1.060
   1.201
   1.350
   1.502
   1.642
   1.761
   1.859
   1.892
   0.000
 -65.534
 -65.534
 -65.534
 -65.534
   1.083
   1.263
   1.373
   1.453
   1.507
   1.545
   1.574
   1.586
   1.589
   1.593
   1.597
   1.597
   1.598
   1.598
   1.600
   1.603
   1.609
   1.624
   1.651
   1.690
   1.739
   1.798
   1.854
   1.905
   1.952
   2.002
   2.057
   2.115
   2.174
   2.224
   2.261
   2.298
   2.305
   2.327
   2.313
   2.288
   2.258
   2.214
   2.151
   2.071
   1.975
   1.870
   1.760
   1.651
   1.543
   1.431
   1.322
   1.201
   1.071
   0.946
   0.833
   0.759
   0.733
   0.758
   0.828
   0.939
   1.067
   1.208
   1.356
   1.501
   1.634
   1.754
   1.850
   1.880
   0.000
 -65.534
 -65.534
 -65.534
 -65.534
   0.941
   1.123
   1.229
   1.300
   1.354
   1.402
   1.440
   1.463
   1.472
   1.481
   1.484
   1.481
   1.478
   1.477
   1.476
   1.478
   1.486
   1.506
   1.538
   1.583
   1.644
   1.710
   1.776
   1.834
   1.888
   1.941
   1.995
   2.046
   2.098
   2.143
   2.179
   2.204
   2.218
   2.233
   2.212
   2.203
   2.178
   2.133
   2.066
   1.982
   1.884
   1.781
   1.678
   1.575
   1.470
   1.364
   1.252
   1.126
   1.007
   0.893
   0.809
   0.760
   0.757
   0.796
   0.876
   0.986
   1.112
   1.242
   1.373
   1.500
   1.615
   1.723
   1.816
   1.844
   0.000
 -65.534
 -65.534
 -65.534
 -65.534
   0.851
   1.009
   1.102
   1.158
   1.199
   1.251
   1.300
   1.331
   1.351
   1.365
   1.370
   1.364
   1.350
   1.341
   1.339
   1.338
   1.344
   1.360
   1.390
   1.430
   1.484
   1.550
   1.621
   1.690
   1.754
   1.818
   1.876
   1.925
   1.976
   2.021
   2.057
   2.085
   2.102
   2.105
   2.087
   2.065
   2.027
   1.971
   1.914
   1.833
   1.738
   1.642
   1.544
   1.446
   1.353
   1.256
   1.149
   1.044
   0.947
   0.864
   0.815
   0.796
   0.813
   0.865
   0.954
   1.060
   1.173
   1.285
   1.393
   1.491
   1.585
   1.677
   1.762
   1.785
   0.000
 -65.534
 -65.534
 -65.534
 -65.534
   0.759
   0.884
   0.963
   1.013
   1.069
   1.106
   1.148
   1.186
   1.213
   1.234
   1.241
   1.234
   1.221
   1.212
   1.206
   1.204
   1.204
   1.211
   1.229
   1.261
   1.303
   1.357
   1.423
   1.490
   1.563
   1.633
   1.697
   1.748
   1.799
   1.842
   1.880
   1.913
   1.935
   1.937
   1.918
   1.880
   1.824
   1.759
   1.693
   1.613
   1.530
   1.448
   1.360
   1.270
   1.187
   1.106
   1.027
   0.951
   0.890
   0.846
   0.822
   0.829
   0.870
   0.936
   1.028
   1.132
   1.233
   1.327
   1.408
   1.479
   1.554
   1.634
   1.712
   1.725
   0.000
 -65.534
 -65.534
 -65.534
 -65.534
 -65.534
 -65.534
 -65.534
 -65.534
   0.855
   0.950
   0.998
   1.032
   1.063
   1.088
   1.100
   1.100
   1.098
   1.095
   1.094
   1.093
   1.085
   1.082
   1.084
   1.099
   1.129
   1.171
   1.224
   1.282
   1.348
   1.415
   1.476
   1.527
   1.571
   1.615
   1.649
   1.681
   1.703
   1.707
   1.686
   1.642
   1.582
   1.513
   1.439
   1.365
   1.297
   1.221
   1.137
   1.064
   1.005
   0.950
   0.904
   0.865
   0.839
   0.825
   0.833
   0.862
   0.917
   0.992
   1.085
   1.184
   1.278
   1.355
   1.414
   1.470
   1.530
   1.601
   1.674
   1.678
   0.000
 -65.534
 -65.534
 -65.534
 -65.534
 -65.534
 -65.534
   0.230
   0.382
   0.697
   0.822
   0.871
   0.904
   0.937
   0.960
   0.973
   0.983
   0.994
   1.005
   1.009
   1.006
   0.996
   0.981
   0.971
   0.971
   0.983
   1.014
   1.054
   1.101
   1.151
   1.206
   1.254
   1.295
   1.333
   1.364
   1.392
   1.415
   1.435
   1.434
   1.414
   1.375
   1.318
   1.256
   1.191
   1.130
   1.072
   1.002
   0.936
   0.885
   0.840
   0.806
   0.790
   0.788
   0.797
   0.816
   0.849
   0.896
   0.957
   1.036
   1.126
   1.213
   1.293
   1.355
   1.403
   1.451
   1.511
   1.575
   1.640
   1.635
   0.000
 -65.534
 -65.534
 -65.534
 -65.534
 -65.534
 -65.534
 -65.534
 -65.534
 -65.534
   0.638
   0.711
   0.756
   0.787
   0.814
   0.842
   0.899
   0.923
   0.943
   0.950
   0.944
   0.932
   0.914
   0.898
   0.892
   0.895
   0.909
   0.929
   0.960
   0.992
   1.027
   1.059
   1.087
   1.111
   1.134
   1.149
   1.161
   1.169
   1.166
   1.147
   1.113
   1.070
   1.022
   0.973
   0.925
   0.880
   0.831
   0.785
   0.751
   0.724
   0.717
   0.730
   0.757
   0.790
   0.830
   0.879
   0.936
   1.001
   1.075
   1.154
   1.222
   1.285
   1.331
   1.379
   1.426
   1.483
   1.545
   1.605
   1.580
   0.000
 -65.534
 -65.534
 -65.534
 -65.534
 -65.534
 -65.534
 -65.534
 -65.534
 -65.534
 -65.534
 -65.534
 -65.534
 -65.534
 -65.534
 -65.534
   0.689
   0.796
   0.843
   0.866
   0.886
   0.886
   0.878
   0.868
   0.860
   0.856
   0.856
   0.860
   0.868
   0.880
   0.895
   0.909
   0.920
   0.929
   0.937
   0.942
   0.946
   0.945
   0.934
   0.922
   0.900
   0.871
   0.838
   0.804
   0.775
   0.749
   0.723
   0.697
   0.681
   0.674
   0.678
   0.702
   0.739
   0.787
   0.841
   0.904
   0.970
   1.036
   1.103
   1.164
   1.211
   1.252
   1.294
   1.341
   1.389
   1.442
   1.499
   1.555
   1.514
   0.000
 -65.534
 -65.534
 -65.534
 -65.534
 -65.534
 -65.534
 -65.534
 -65.534
 -65.534
 -65.534
 -65.534
 -65.534
 -65.534
 -65.534
 -65.534
 -65.534
 -65.534
 -65.534
 -65.534
   0.726
   0.821
   0.851
   0.863
   0.868
   0.861
   0.849
   0.840
   0.832
   0.823
   0.815
   0.810
   0.805
   0.801
   0.798
   0.795
   0.790
   0.785
   0.776
   0.767
   0.758
   0.748
   0.732
   0.717
   0.705
   0.694
   0.684
   0.672
   0.667
   0.671
   0.683
   0.709
   0.748
   0.798
   0.857
   0.922
   0.989
   1.053
   1.110
   1.154
   1.182
   1.209
   1.248
   1.290
   1.337
   1.386
   1.440
   1.487
   1.432
   0.000
 -65.534
 -65.534
 -65.534
 -65.534
 -65.534
 -65.534
 -65.534
 -65.534
 -65.534
 -65.534
 -65.534
 -65.534
 -65.534
 -65.534
 -65.534
 -65.534
 -65.534
 -65.534
   0.446
   0.707
   0.793
   0.845
   0.878
   0.898
   0.899
   0.885
   0.868
   0.847
   0.825
   0.801
   0.779
   0.761
   0.743
   0.731
   0.723
   0.719
   0.714
   0.708
   0.704
   0.702
   0.705
   0.708
   0.709
   0.709
   0.709
   0.703
   0.695
   0.693
   0.701
   0.719
   0.748
   0.784
   0.829
   0.880
   0.932
   0.991
   1.049
   1.097
   1.128
   1.146
   1.166
   1.199
   1.234
   1.278
   1.321
   1.366
   1.404
   1.334
   0.000
 -65.534
 -65.534
 -65.534
 -65.534
 -65.534
 -65.534
 -65.534
 -65.534
 -65.534
 -65.534
 -65.534
 -65.534
 -65.534
 -65.534
 -65.534
 -65.534
 -65.534
   0.415
   0.613
   0.732
   0.804
   0.857
   0.905
   0.941
   0.955
   0.948
   0.930
   0.907
   0.876
   0.846
   0.815
   0.785
   0.760
   0.739
   0.725
   0.716
   0.706
   0.701
   0.699
   0.704
   0.718
   0.736
   0.755
   0.771
   0.779
   0.773
   0.761
   0.755
   0.763
   0.780
   0.805
   0.838
   0.869
   0.902
   0.939
   0.986
   1.034
   1.074
   1.093
   1.105
   1.117
   1.142
   1.172
   1.208
   1.247
   1.283
   1.309
   1.230
   0.000
 -65.534
 -65.534
 -65.534
 -65.534
 -65.534
 -65.534
 -65.534
 -65.534
 -65.534
 -65.534
 -65.534
 -65.534
 -65.534
 -65.534
 -65.534
 -65.534
 -65.534
   0.564
   0.680
   0.754
   0.819
   0.875
   0.931
   0.980
   1.006
   1.012
   1.003
   0.982
   0.955
   0.925
   0.893
   0.858
   0.826
   0.798
   0.772
   0.753
   0.738
   0.726
   0.721
   0.729
   0.747
   0.774
   0.810
   0.844
   0.864
   0.861
   0.846
   0.839
   0.839
   0.850
   0.866
   0.876
   0.887
   0.905
   0.920
   0.949
   0.992
   1.026
   1.040
   1.047
   1.058
   1.077
   1.100
   1.129
   1.161
   1.191
   1.207
   1.122
   0.000
 -65.534
 -65.534
 -65.534
 -65.534
 -65.534
 -65.534
 -65.534
 -65.534
 -65.534
 -65.534
 -65.534
 -65.534
 -65.534
 -65.534
 -65.534
 -65.534
 -65.534
   0.631
   0.711
   0.772
   0.829
   0.888
   0.951
   1.007
   1.043
   1.058
   1.061
   1.050
   1.031
   1.011
   0.986
   0.950
   0.912
   0.878
   0.845
   0.815
   0.788
   0.767
   0.759
   0.762
   0.782
   0.814
   0.855
   0.896
   0.923
   0.926
   0.918
   0.914
   0.912
   0.916
   0.922
   0.920
   0.921
   0.918
   0.914
   0.919
   0.943
   0.966
   0.980
   0.984
   0.992
   1.005
   1.023
   1.045
   1.068
   1.089
   1.093
   1.016
   0.000
 -65.534
 -65.534
 -65.534
 -65.534
 -65.534
 -65.534
 -65.534
 -65.534
 -65.534
 -65.534
 -65.534
 -65.534
 -65.534
 -65.534
 -65.534
 -65.534
 -65.534
   0.691
   0.735
   0.791
   0.848
   0.908
   0.970
   1.027
   1.066
   1.091
   1.102
   1.104
   1.100
   1.092
   1.078
   1.045
   1.006
   0.970
   0.933
   0.898
   0.862
   0.836
   0.821
   0.821
   0.838
   0.867
   0.904
   0.939
   0.964
   0.976
   0.976
   0.971
   0.969
   0.967
   0.964
   0.958
   0.946
   0.928
   0.906
   0.891
   0.890
   0.903
   0.909
   0.917
   0.923
   0.931
   0.940
   0.956
   0.972
   0.983
   0.981
   0.903
   0.000
 -65.534
 -65.534
 -65.534
 -65.534
 -65.534
 -65.534
 -65.534
 -65.534
 -65.534
 -65.534
 -65.534
 -65.534
 -65.534
 -65.534
 -65.534
 -65.534
 -65.534
 -65.534
   0.751
   0.805
   0.868
   0.929
   0.990
   1.042
   1.077
   1.101
   1.119
   1.130
   1.137
   1.149
   1.156
   1.135
   1.104
   1.072
   1.036
   0.998
   0.956
   0.922
   0.904
   0.900
   0.914
   0.935
   0.963
   0.992
   1.014
   1.026
   1.029
   1.028
   1.026
   1.018
   1.011
   0.993
   0.971
   0.942
   0.910
   0.880
   0.871
   0.870
   0.870
   0.873
   0.873
   0.877
   0.878
   0.883
   0.889
   0.888
   0.875
   0.792
   0.000
 -65.534
 -65.534
 -65.534
 -65.534
 -65.534
 -65.534
 -65.534
 -65.534
 -65.534
 -65.534
 -65.534
 -65.534
 -65.534
 -65.534
 -65.534
 -65.534
 -65.534
 -65.534
 -65.534
   0.804
   0.877
   0.946
   1.002
   1.044
   1.071
   1.093
   1.106
   1.122
   1.145
   1.179
   1.212
   1.216
   1.199
   1.176
   1.154
   1.129
   1.106
   1.064
   1.036
   1.023
   0.996
   0.996
   1.011
   1.034
   1.058
   1.079
   1.088
   1.087
   1.082
   1.073
   1.066
   1.042
   1.015
   0.984
   0.950
   0.922
   0.901
   0.891
   0.886
   0.884
   0.880
   0.872
   0.863
   0.852
   0.840
   0.819
   0.786
   0.688
   0.000
 -65.534
 -65.534
 -65.534
 -65.534
 -65.534
 -65.534
 -65.534
 -65.534
 -65.534
 -65.534
 -65.534
 -65.534
 -65.534
 -65.534
 -65.534
 -65.534
 -65.534
 -65.534
 -65.534
 -65.534
   0.870
   0.948
   1.006
   1.041
   1.068
   1.081
   1.092
   1.111
   1.142
   1.194
   1.252
   1.277
   1.268
   1.244
   1.203
   1.095
 -65.534
 -65.534
 -65.534
 -65.534
   0.872
   0.948
   0.990
   1.042
   1.093
   1.132
   1.149
   1.156
   1.151
   1.140
   1.123
   1.097
   1.067
   1.034
   0.999
   0.972
   0.952
   0.940
   0.927
   0.919
   0.911
   0.900
   0.882
   0.856
   0.821
   0.777
   0.726
   0.608
   0.000
 -65.534
 -65.534
 -65.534
 -65.534
 -65.534
 -65.534
 -65.534
 -65.534
 -65.534
 -65.534
 -65.534
 -65.534
 -65.534
 -65.534
 -65.534
 -65.534
 -65.534
 -65.534
 -65.534
 -65.534
 -65.534
 -65.534
 -65.534
 -65.534
   0.951
   1.031
   1.069
   1.100
   1.142
   1.203
   1.267
   1.300
   1.296
   1.272
   1.223
   1.099
 -65.534
 -65.534
 -65.534
 -65.534
 -65.534
 -65.534
   0.932
   1.033
   1.118
   1.175
   1.204
   1.212
   1.211
   1.195
   1.173
   1.149
   1.117
   1.081
   1.050
   1.024
   1.000
   0.982
   0.969
   0.958
   0.949
   0.934
   0.907
   0.871
   0.821
   0.757
   0.685
   0.548
   0.000
 -65.534
 -65.534
 -65.534
 -65.534
 -65.534
 -65.534
 -65.534
 -65.534
 -65.534
 -65.534
 -65.534
 -65.534
 -65.534
 -65.534
 -65.534
 -65.534
 -65.534
 -65.534
 -65.534
 -65.534
 -65.534
 -65.534
 -65.534
 -65.534
   0.879
   0.971
   1.027
   1.076
   1.137
   1.202
   1.254
   1.280
   1.283
   1.268
   1.234
   1.129
 -65.534
 -65.534
 -65.534
 -65.534
 -65.534
 -65.534
 -65.534
   1.020
   1.148
   1.227
   1.251
   1.259
   1.256
   1.242
   1.226
   1.202
   1.169
   1.137
   1.109
   1.082
   1.062
   1.043
   1.027
   1.010
   0.989
   0.962
   0.925
   0.875
   0.811
   0.737
   0.652
   0.503
   0.000
 -65.534
 -65.534
 -65.534
 -65.534
 -65.534
 -65.534
 -65.534
 -65.534
 -65.534
 -65.534
 -65.534
 -65.534
 -65.534
 -65.534
 -65.534
 -65.534
 -65.534
 -65.534
 -65.534
 -65.534
 -65.534
 -65.534
 -65.534
 -65.534
 -65.534
 -65.534
 -65.534
 -65.534
 -65.534
   1.009
   1.133
   1.189
   1.233
   1.250
   1.238
   1.164
   0.788
 -65.534
 -65.534
 -65.534
 -65.534
 -65.534
 -65.534
   0.971
   1.053
 -65.534
   1.122
   1.226
   1.259
   1.270
   1.260
   1.242
   1.214
   1.190
   1.168
   1.149
   1.132
   1.112
   1.089
   1.062
   1.030
   0.988
   0.933
   0.866
   0.788
   0.700
   0.603
   0.453
   0.000
 -65.534
 -65.534
 -65.534
 -65.534
 -65.534
 -65.534
 -65.534
 -65.534
 -65.534
 -65.534
 -65.534
 -65.534
 -65.534
 -65.534
 -65.534
 -65.534
 -65.534
 -65.534
 -65.534
 -65.534
 -65.534
 -65.534
 -65.534
 -65.534
 -65.534
 -65.534
 -65.534
 -65.534
 -65.534
 -65.534
 -65.534
 -65.534
   1.028
   1.175
   1.210
   1.158
   0.968
   0.702
 -65.534
 -65.534
 -65.534
 -65.534
 -65.534
 -65.534
 -65.534
 -65.534
 -65.534
 -65.534
 -65.534
   1.088
   1.211
   1.241
   1.251
   1.234
   1.216
   1.193
   1.174
   1.152
   1.121
   1.088
   1.045
   0.992
   0.925
   0.845
   0.759
   0.665
   0.566
   0.420
   0.000
 -65.534
 -65.534
 -65.534
 -65.534
 -65.534
 -65.534
 -65.534
 -65.534
 -65.534
 -65.534
 -65.534
 -65.534
 -65.534
 -65.534
 -65.534
 -65.534
 -65.534
 -65.534
 -65.534
 -65.534
 -65.534
 -65.534
 -65.534
 -65.534
 -65.534
 -65.534
 -65.534
 -65.534
 -65.534
 -65.534
 -65.534
 -65.534
   0.886
   1.039
   1.102
   1.074
   0.981
   0.853
   0.680
   0.545
 -65.534
 -65.534
 -65.534
 -65.534
 -65.534
 -65.534
 -65.534
 -65.534
 -65.534
 -65.534
 -65.534
 -65.534
   1.043
   1.158
   1.185
   1.184
   1.164
   1.140
   1.110
   1.073
   1.029
   0.973
   0.906
   0.827
   0.743
   0.656
   0.564
   0.428
   0.000
 -65.534
 -65.534
 -65.534
 -65.534
 -65.534
 -65.534
 -65.534
 -65.534
 -65.534
 -65.534
 -65.534
 -65.534
 -65.534
 -65.534
 -65.534
 -65.534
 -65.534
 -65.534
 -65.534
 -65.534
 -65.534
 -65.534
 -65.534
 -65.534
 -65.534
 -65.534
 -65.534
 -65.534
 -65.534
 -65.534
 -65.534
 -65.534
 -65.534
 -65.534
 -65.534
 -65.534
   0.698
   0.757
   0.732
   0.680
   0.569
   0.487
   0.435
   0.404
   0.382
 -65.534
 -65.534
 -65.534
 -65.534
 -65.534
 -65.534
 -65.534
 -65.534
 -65.534
 -65.534
   0.944
   1.069
   1.086
   1.074
   1.040
   1.000
   0.951
   0.888
   0.821
   0.750
   0.674
   0.590
   0.470
   0.000
 -65.534
 -65.534
 -65.534
 -65.534
 -65.534
 -65.534
 -65.534
 -65.534
 -65.534
 -65.534
 -65.534
 -65.534
 -65.534
 -65.534
 -65.534
 -65.534
 -65.534
 -65.534
 -65.534
 -65.534
 -65.534
 -65.534
 -65.534
 -65.534
 -65.534
 -65.534
 -65.534
 -65.534
 -65.534
 -65.534
 -65.534
 -65.534
 -65.534
 -65.534
 -65.534
 -65.534
 -65.534
 -65.534
 -65.534
 -65.534
   0.429
 -65.534
 -65.534
 -65.534
 -65.534
 -65.534
 -65.534
 -65.534
 -65.534
 -65.534
 -65.534
 -65.534
 -65.534
 -65.534
 -65.534
   0.829
   0.985
   1.035
   1.035
   1.012
   0.968
   0.912
   0.857
   0.803
   0.750
   0.696
   0.634
   0.529
   0.000
 -65.534
 -65.534
 -65.534
 -65.534
 -65.534
 -65.534
 -65.534
 -65.534
 -65.534
 -65.534
 -65.534
 -65.534
 -65.534
 -65.534
 -65.534
 -65.534
 -65.534
 -65.534
 -65.534
 -65.534
 -65.534
 -65.534
 -65.534
 -65.534
 -65.534
 -65.534
 -65.534
 -65.534
 -65.534
 -65.534
 -65.534
 -65.534
 -65.534
 -65.534
 -65.534
 -65.534
 -65.534
 -65.534
 -65.534
 -65.534
 -65.534
 -65.534
 -65.534
 -65.534
 -65.534
 -65.534
 -65.534
 -65.534
 -65.534
 -65.534
 -65.534
 -65.534
 -65.534
 -65.534
 -65.534
 -65.534
 -65.534
 -65.534
 -65.534
   0.818
   0.889
   0.875
   0.826
   0.793
   0.772
   0.752
   0.725
   0.637
   0.000
 -65.534
 -65.534
 -65.534
 -65.534
 -65.534
 -65.534
 -65.534
 -65.534
 -65.534
 -65.534
 -65.534
 -65.534
 -65.534
 -65.534
 -65.534
 -65.534
 -65.534
 -65.534
 -65.534
 -65.534
 -65.534
 -65.534
 -65.534
 -65.534
 -65.534
 -65.534
 -65.534
 -65.534
 -65.534
 -65.534
 -65.534
 -65.534
 -65.534
 -65.534
 -65.534
 -65.534
 -65.534
 -65.534
 -65.534
 -65.534
 -65.534
 -65.534
 -65.534
 -65.534
 -65.534
 -65.534
 -65.534
 -65.534
 -65.534
 -65.534
 -65.534
 -65.534
 -65.534
 -65.534
 -65.534
 -65.534
 -65.534
 -65.534
 -65.534
 -65.534
 -65.534
   0.000
   0.000
   0.000
   0.000
   0.000
   0.000
   0.000
 -65.534
