 -65.534
   0.000
   0.000
   0.000
   0.000
   0.000
   0.000
   0.000
   0.000
   0.000
   0.000
   0.000
   0.000
   0.000
   0.000
   0.000
   0.000
   0.000
   0.000
   0.000
   0.000
   0.000
   0.000
   0.000
   0.000
   0.000
   0.000
   0.000
   0.000
   0.000
   0.000
   0.000
   0.000
   0.000
   0.000
   0.000
   0.000
   0.000
   0.000
   0.000
   0.000
   0.000
   0.000
   0.000
   0.000
   0.000
   0.000
   0.000
   0.000
   0.000
   0.000
   0.000
   0.000
   0.000
   0.000
   0.000
   0.000
   0.000
   0.000
   0.000
   0.000
   0.000
   0.000
   0.000
   0.000
   0.000
   0.000
   0.000
 -65.534
   0.000
   3.428
   3.865
   4.092
   4.309
   4.522
   4.729
   4.946
   5.173
   5.415
   5.668
   5.929
   6.201
   6.492
   6.759
   7.011
   7.268
   7.437
   7.441
   7.293
   7.024
   6.840
   6.823
   7.088
   7.420
   7.839
   8.177
   8.289
   8.206
   8.101
   7.900
   7.556
   7.282
   7.030
   6.754
   6.527
   6.290
   6.063
   5.809
   5.530
   5.259
   4.961
   4.681
   4.464
   4.349
   4.295
   4.293
   4.302
   4.320
   4.364
   4.434
   4.518
   4.611
   4.720
   4.875
   4.999
   5.094
   5.123
   5.147
   5.146
   5.126
   5.082
   5.049
   5.016
   4.947
   4.891
   4.837
   4.680
   0.000
   0.000
   3.582
   3.961
   4.137
   4.321
   4.492
   4.684
   4.897
   5.128
   5.376
   5.628
   5.882
   6.149
   6.416
   6.693
   6.952
   7.216
   7.431
   7.543
   7.547
   7.517
   7.504
   7.597
   7.845
   8.105
   8.391
   8.629
   8.713
   8.662
   8.487
   8.220
   7.970
   7.697
   7.463
   7.262
   7.060
   6.856
   6.645
   6.400
   6.134
   5.849
   5.553
   5.250
   5.006
   4.881
   4.869
   4.934
   5.016
   5.101
   5.211
   5.335
   5.468
   5.610
   5.762
   5.899
   6.025
   6.134
   6.199
   6.228
   6.219
   6.198
   6.161
   6.112
   6.044
   5.967
   5.886
   5.808
   5.582
   0.000
   0.000
   3.466
   3.798
   3.946
   4.103
   4.250
   4.424
   4.629
   4.855
   5.104
   5.362
   5.619
   5.869
   6.119
   6.377
   6.652
   6.920
   7.182
   7.383
   7.583
   7.727
   7.862
   8.055
   8.289
   8.487
   8.634
   8.720
   8.706
   8.576
   8.438
   8.204
   7.954
   7.760
   7.574
   7.401
   7.255
   7.097
   6.889
   6.668
   6.414
   6.145
   5.858
   5.558
   5.292
   5.141
   5.144
   5.236
   5.359
   5.492
   5.647
   5.806
   5.971
   6.138
   6.295
   6.432
   6.559
   6.662
   6.728
   6.756
   6.756
   6.740
   6.698
   6.636
   6.561
   6.478
   6.375
   6.279
   6.002
   0.000
   0.000
   3.316
   3.605
   3.730
   3.868
   4.002
   4.156
   4.347
   4.559
   4.804
   5.059
   5.313
   5.567
   5.809
   6.053
   6.301
   6.591
   6.891
   7.152
   7.428
   7.690
   7.951
   8.196
   8.416
   8.567
   8.635
   8.655
   8.574
   8.425
   8.298
   8.107
   7.911
   7.761
   7.642
   7.534
   7.433
   7.323
   7.165
   6.961
   6.724
   6.465
   6.187
   5.893
   5.631
   5.461
   5.426
   5.507
   5.647
   5.812
   5.990
   6.182
   6.372
   6.553
   6.722
   6.870
   6.989
   7.093
   7.162
   7.187
   7.185
   7.159
   7.114
   7.038
   6.951
   6.849
   6.729
   6.610
   6.296
   0.000
   0.000
   3.155
   3.399
   3.506
   3.636
   3.757
   3.896
   4.064
   4.270
   4.499
   4.743
   4.991
   5.237
   5.473
   5.700
   5.944
   6.205
   6.482
   6.791
   7.108
   7.401
   7.679
   7.937
   8.171
   8.284
   8.367
   8.374
   8.313
   8.198
   8.076
   7.925
   7.799
   7.728
   7.668
   7.624
   7.581
   7.506
   7.392
   7.211
   7.012
   6.778
   6.520
   6.242
   5.983
   5.796
   5.723
   5.766
   5.894
   6.061
   6.258
   6.472
   6.683
   6.883
   7.076
   7.242
   7.374
   7.480
   7.545
   7.561
   7.551
   7.519
   7.449
   7.363
   7.255
   7.129
   6.994
   6.848
   6.505
   0.000
   0.000
   2.984
   3.192
   3.289
   3.404
   3.522
   3.655
   3.818
   4.005
   4.219
   4.446
   4.679
   4.908
   5.132
   5.342
   5.568
   5.815
   6.088
   6.379
   6.673
   6.968
   7.239
   7.488
   7.677
   7.814
   7.923
   7.988
   7.980
   7.880
   7.780
   7.711
   7.675
   7.651
   7.663
   7.683
   7.690
   7.664
   7.585
   7.453
   7.286
   7.091
   6.860
   6.604
   6.349
   6.149
   6.040
   6.034
   6.122
   6.271
   6.472
   6.701
   6.930
   7.152
   7.365
   7.550
   7.693
   7.804
   7.872
   7.887
   7.870
   7.816
   7.728
   7.613
   7.486
   7.341
   7.177
   7.009
   6.648
   0.000
   0.000
   2.802
   2.981
   3.067
   3.177
   3.291
   3.425
   3.584
   3.763
   3.961
   4.167
   4.378
   4.582
   4.780
   4.975
   5.181
   5.408
   5.654
   5.921
   6.200
   6.472
   6.722
   6.957
   7.165
   7.316
   7.428
   7.509
   7.526
   7.501
   7.482
   7.488
   7.507
   7.548
   7.628
   7.713
   7.772
   7.797
   7.766
   7.675
   7.544
   7.386
   7.190
   6.967
   6.736
   6.525
   6.374
   6.319
   6.351
   6.457
   6.637
   6.860
   7.092
   7.329
   7.563
   7.769
   7.931
   8.055
   8.124
   8.133
   8.101
   8.037
   7.922
   7.786
   7.630
   7.469
   7.290
   7.107
   6.729
   0.000
   0.000
   2.576
   2.747
   2.832
   2.944
   3.055
   3.189
   3.343
   3.517
   3.705
   3.895
   4.087
   4.267
   4.438
   4.606
   4.790
   4.994
   5.219
   5.459
   5.708
   5.955
   6.191
   6.416
   6.617
   6.776
   6.909
   7.019
   7.096
   7.136
   7.184
   7.255
   7.343
   7.455
   7.590
   7.722
   7.834
   7.907
   7.917
   7.859
   7.771
   7.649
   7.489
   7.305
   7.102
   6.900
   6.731
   6.619
   6.600
   6.658
   6.792
   6.982
   7.208
   7.440
   7.683
   7.912
   8.095
   8.232
   8.297
   8.307
   8.258
   8.175
   8.044
   7.885
   7.715
   7.537
   7.346
   7.150
   6.771
   0.000
   0.000
   2.316
   2.469
   2.563
   2.686
   2.800
   2.934
   3.090
   3.259
   3.445
   3.628
   3.804
   3.969
   4.122
   4.271
   4.431
   4.614
   4.817
   5.031
   5.261
   5.494
   5.715
   5.931
   6.128
   6.290
   6.437
   6.572
   6.688
   6.794
   6.913
   7.050
   7.187
   7.344
   7.517
   7.683
   7.838
   7.958
   8.013
   7.992
   7.937
   7.849
   7.722
   7.573
   7.404
   7.226
   7.054
   6.918
   6.850
   6.863
   6.950
   7.112
   7.297
   7.516
   7.756
   7.985
   8.174
   8.313
   8.383
   8.379
   8.330
   8.231
   8.086
   7.911
   7.734
   7.552
   7.356
   7.155
   6.780
   0.000
   0.000
   2.067
   2.199
   2.290
   2.410
   2.534
   2.672
   2.828
   3.003
   3.187
   3.369
   3.541
   3.700
   3.847
   3.983
   4.131
   4.292
   4.471
   4.666
   4.872
   5.088
   5.303
   5.518
   5.716
   5.889
   6.050
   6.207
   6.359
   6.508
   6.670
   6.839
   7.012
   7.194
   7.388
   7.581
   7.766
   7.924
   8.022
   8.050
   8.029
   7.965
   7.864
   7.743
   7.609
   7.452
   7.300
   7.172
   7.072
   7.047
   7.110
   7.244
   7.367
   7.559
   7.781
   8.001
   8.161
   8.285
   8.349
   8.342
   8.284
   8.178
   8.020
   7.845
   7.667
   7.486
   7.298
   7.108
   6.747
   0.000
   0.000
   1.857
   1.956
   2.034
   2.157
   2.281
   2.408
   2.553
   2.730
   2.915
   3.106
   3.281
   3.443
   3.588
   3.726
   3.865
   4.015
   4.175
   4.350
   4.536
   4.741
   4.940
   5.149
   5.352
   5.540
   5.720
   5.893
   6.071
   6.244
   6.429
   6.615
   6.806
   7.010
   7.219
   7.424
   7.625
   7.811
   7.948
   8.017
   8.038
   8.003
   7.922
   7.828
   7.727
   7.603
   7.475
   7.366
   7.276
   7.229
   7.273
   7.372
   7.472
   7.620
   7.796
   7.973
   8.120
   8.214
   8.251
   8.232
   8.159
   8.036
   7.880
   7.706
   7.539
   7.365
   7.187
   7.016
   6.667
   0.000
   0.000
   1.682
   1.758
   1.808
   1.918
   2.042
   2.165
   2.299
   2.449
   2.626
   2.816
   3.002
   3.174
   3.329
   3.472
   3.611
   3.753
   3.905
   4.065
   4.242
   4.428
   4.621
   4.818
   5.021
   5.218
   5.412
   5.597
   5.782
   5.965
   6.158
   6.356
   6.558
   6.774
   6.997
   7.213
   7.421
   7.611
   7.771
   7.874
   7.931
   7.933
   7.884
   7.811
   7.746
   7.661
   7.560
   7.485
   7.426
   7.396
   7.418
   7.493
   7.564
   7.671
   7.801
   7.930
   8.035
   8.110
   8.118
   8.074
   7.980
   7.847
   7.690
   7.521
   7.367
   7.207
   7.053
   6.898
   6.569
   0.000
 -65.534
 -65.534
   1.570
   1.621
   1.691
   1.805
   1.925
   2.053
   2.185
   2.348
   2.523
   2.696
   2.870
   3.029
   3.177
   3.330
   3.478
   3.631
   3.790
   3.959
   4.139
   4.322
   4.511
   4.702
   4.899
   5.097
   5.285
   5.476
   5.661
   5.854
   6.060
   6.268
   6.487
   6.716
   6.938
   7.147
   7.342
   7.504
   7.625
   7.704
   7.737
   7.714
   7.680
   7.649
   7.601
   7.540
   7.504
   7.480
   7.475
   7.506
   7.569
   7.638
   7.704
   7.796
   7.878
   7.940
   7.980
   7.963
   7.891
   7.775
   7.629
   7.472
   7.303
   7.166
   7.029
   6.899
   6.765
   6.445
   0.000
 -65.534
 -65.534
 -65.534
   1.440
   1.467
   1.557
   1.670
   1.790
   1.921
   2.067
   2.230
   2.385
   2.546
   2.706
   2.857
   3.007
   3.165
   3.325
   3.491
   3.666
   3.842
   4.023
   4.201
   4.386
   4.575
   4.765
   4.948
   5.136
   5.323
   5.518
   5.719
   5.933
   6.158
   6.384
   6.604
   6.830
   7.029
   7.193
   7.307
   7.392
   7.440
   7.449
   7.450
   7.463
   7.452
   7.434
   7.430
   7.437
   7.463
   7.517
   7.581
   7.650
   7.702
   7.772
   7.827
   7.848
   7.840
   7.813
   7.724
   7.593
   7.442
   7.282
   7.132
   6.997
   6.883
   6.783
   6.662
   6.338
   0.000
 -65.534
 -65.534
 -65.534
 -65.534
   1.236
   1.330
   1.418
   1.523
   1.646
   1.781
   1.931
   2.079
   2.231
   2.385
   2.534
   2.682
   2.834
   2.992
   3.154
   3.329
   3.504
   3.686
   3.865
   4.043
   4.224
   4.406
   4.584
   4.765
   4.951
   5.143
   5.342
   5.552
   5.779
   6.012
   6.242
   6.466
   6.666
   6.831
   6.946
   7.019
   7.067
   7.092
   7.136
   7.182
   7.211
   7.233
   7.268
   7.311
   7.357
   7.436
   7.510
   7.576
   7.641
   7.694
   7.728
   7.725
   7.696
   7.649
   7.562
   7.447
   7.308
   7.162
   7.027
   6.915
   6.824
   6.745
   6.660
   6.329
   0.000
 -65.534
 -65.534
 -65.534
 -65.534
   1.082
   1.133
   1.199
   1.280
   1.382
   1.507
   1.642
   1.782
   1.928
   2.073
   2.221
   2.368
   2.511
   2.652
   2.799
   2.959
   3.126
   3.295
   3.471
   3.648
   3.827
   4.005
   4.185
   4.363
   4.548
   4.740
   4.942
   5.150
   5.374
   5.608
   5.844
   6.066
   6.256
   6.415
   6.518
   6.596
   6.636
   6.667
   6.735
   6.815
   6.888
   6.943
   7.013
   7.080
   7.147
   7.235
   7.336
   7.421
   7.484
   7.540
   7.549
   7.534
   7.493
   7.441
   7.376
   7.286
   7.184
   7.071
   6.963
   6.880
   6.828
   6.779
   6.726
   6.411
   0.000
 -65.534
 -65.534
 -65.534
 -65.534
   0.989
   1.006
   1.046
   1.100
   1.173
   1.276
   1.397
   1.519
   1.651
   1.792
   1.931
   2.068
   2.196
   2.328
   2.455
   2.589
   2.727
   2.875
   3.034
   3.206
   3.382
   3.562
   3.743
   3.929
   4.122
   4.318
   4.520
   4.729
   4.954
   5.182
   5.403
   5.614
   5.796
   5.938
   6.039
   6.122
   6.184
   6.241
   6.291
   6.391
   6.489
   6.581
   6.683
   6.787
   6.877
   6.989
   7.107
   7.204
   7.269
   7.302
   7.308
   7.281
   7.239
   7.194
   7.151
   7.096
   7.036
   6.968
   6.904
   6.872
   6.849
   6.827
   6.786
   6.474
   0.000
 -65.534
 -65.534
 -65.534
 -65.534
   1.019
   1.023
   1.037
   1.050
   1.056
   1.121
   1.210
   1.307
   1.411
   1.537
   1.664
   1.782
   1.898
   2.009
   2.122
   2.243
   2.355
   2.478
   2.616
   2.774
   2.941
   3.115
   3.302
   3.492
   3.695
   3.896
   4.098
   4.306
   4.513
   4.718
   4.920
   5.112
   5.277
   5.410
   5.512
   5.597
   5.687
   5.769
   5.860
   5.972
   6.087
   6.190
   6.310
   6.436
   6.560
   6.688
   6.819
   6.922
   6.989
   7.019
   7.023
   7.004
   6.960
   6.924
   6.888
   6.867
   6.856
   6.839
   6.829
   6.830
   6.827
   6.820
   6.760
   6.439
   0.000
 -65.534
 -65.534
 -65.534
 -65.534
 -65.534
 -65.534
 -65.534
 -65.534
   1.028
   1.060
   1.099
   1.153
   1.223
   1.315
   1.421
   1.528
   1.632
   1.736
   1.840
   1.940
   2.029
   2.132
   2.255
   2.395
   2.555
   2.722
   2.906
   3.094
   3.288
   3.487
   3.679
   3.866
   4.051
   4.229
   4.399
   4.562
   4.712
   4.849
   4.955
   5.055
   5.164
   5.281
   5.420
   5.558
   5.680
   5.805
   5.949
   6.090
   6.210
   6.348
   6.488
   6.599
   6.671
   6.706
   6.716
   6.692
   6.661
   6.631
   6.607
   6.604
   6.630
   6.668
   6.708
   6.722
   6.727
   6.710
   6.642
   6.307
   0.000
 -65.534
 -65.534
 -65.534
 -65.534
 -65.534
 -65.534
   0.743
   0.996
   1.102
   1.044
   1.043
   1.061
   1.101
   1.159
   1.237
   1.331
   1.429
   1.531
   1.621
   1.705
   1.784
   1.863
   1.966
   2.096
   2.255
   2.416
   2.588
   2.769
   2.947
   3.121
   3.285
   3.444
   3.597
   3.740
   3.881
   4.018
   4.154
   4.276
   4.401
   4.531
   4.671
   4.823
   4.983
   5.142
   5.291
   5.436
   5.574
   5.701
   5.845
   5.998
   6.139
   6.261
   6.331
   6.372
   6.372
   6.355
   6.333
   6.307
   6.284
   6.298
   6.354
   6.438
   6.511
   6.541
   6.544
   6.519
   6.451
   6.067
   0.000
 -65.534
 -65.534
 -65.534
 -65.534
 -65.534
 -65.534
 -65.534
 -65.534
 -65.534
   1.111
   1.084
   1.081
   1.098
   1.126
   1.160
   1.206
   1.297
   1.390
   1.474
   1.542
   1.606
   1.673
   1.764
   1.886
   2.027
   2.191
   2.363
   2.526
   2.681
   2.828
   2.965
   3.087
   3.202
   3.315
   3.424
   3.533
   3.649
   3.773
   3.902
   4.046
   4.207
   4.381
   4.565
   4.738
   4.899
   5.045
   5.187
   5.316
   5.451
   5.589
   5.722
   5.836
   5.913
   5.954
   5.961
   5.949
   5.923
   5.891
   5.875
   5.911
   5.993
   6.103
   6.194
   6.222
   6.226
   6.215
   6.134
   5.726
   0.000
 -65.534
 -65.534
 -65.534
 -65.534
 -65.534
 -65.534
 -65.534
 -65.534
 -65.534
 -65.534
 -65.534
 -65.534
 -65.534
 -65.534
 -65.534
   1.260
   1.306
   1.347
   1.389
   1.401
   1.470
   1.548
   1.640
   1.749
   1.887
   2.033
   2.187
   2.348
   2.487
   2.609
   2.716
   2.810
   2.898
   2.987
   3.073
   3.161
   3.255
   3.353
   3.461
   3.608
   3.783
   3.975
   4.173
   4.363
   4.527
   4.676
   4.811
   4.940
   5.064
   5.191
   5.319
   5.427
   5.505
   5.541
   5.538
   5.503
   5.461
   5.422
   5.414
   5.471
   5.582
   5.697
   5.781
   5.818
   5.830
   5.800
   5.714
   5.286
   0.000
 -65.534
 -65.534
 -65.534
 -65.534
 -65.534
 -65.534
 -65.534
 -65.534
 -65.534
 -65.534
 -65.534
 -65.534
 -65.534
 -65.534
 -65.534
 -65.534
 -65.534
 -65.534
 -65.534
   1.351
   1.399
   1.479
   1.570
   1.682
   1.809
   1.940
   2.078
   2.207
   2.327
   2.441
   2.532
   2.605
   2.674
   2.746
   2.822
   2.892
   2.972
   3.055
   3.154
   3.283
   3.452
   3.646
   3.844
   4.037
   4.208
   4.354
   4.481
   4.602
   4.710
   4.825
   4.943
   5.043
   5.108
   5.126
   5.104
   5.047
   4.980
   4.937
   4.945
   5.023
   5.150
   5.260
   5.343
   5.378
   5.368
   5.328
   5.234
   4.794
   0.000
 -65.534
 -65.534
 -65.534
 -65.534
 -65.534
 -65.534
 -65.534
 -65.534
 -65.534
 -65.534
 -65.534
 -65.534
 -65.534
 -65.534
 -65.534
 -65.534
 -65.534
 -65.534
   1.035
   1.363
   1.376
   1.442
   1.540
   1.659
   1.780
   1.900
   2.015
   2.125
   2.221
   2.311
   2.391
   2.466
   2.526
   2.590
   2.658
   2.721
   2.790
   2.863
   2.955
   3.077
   3.224
   3.400
   3.592
   3.777
   3.946
   4.083
   4.201
   4.306
   4.408
   4.502
   4.594
   4.672
   4.717
   4.710
   4.669
   4.599
   4.512
   4.466
   4.483
   4.573
   4.691
   4.789
   4.864
   4.887
   4.862
   4.803
   4.702
   4.252
   0.000
 -65.534
 -65.534
 -65.534
 -65.534
 -65.534
 -65.534
 -65.534
 -65.534
 -65.534
 -65.534
 -65.534
 -65.534
 -65.534
 -65.534
 -65.534
 -65.534
 -65.534
   0.873
   1.254
   1.339
   1.368
   1.421
   1.509
   1.637
   1.757
   1.869
   1.972
   2.062
   2.142
   2.217
   2.290
   2.358
   2.413
   2.466
   2.523
   2.586
   2.646
   2.710
   2.790
   2.896
   3.031
   3.196
   3.373
   3.552
   3.711
   3.839
   3.944
   4.037
   4.117
   4.199
   4.272
   4.336
   4.363
   4.336
   4.275
   4.185
   4.093
   4.053
   4.078
   4.157
   4.260
   4.351
   4.404
   4.400
   4.359
   4.280
   4.163
   3.719
   0.000
 -65.534
 -65.534
 -65.534
 -65.534
 -65.534
 -65.534
 -65.534
 -65.534
 -65.534
 -65.534
 -65.534
 -65.534
 -65.534
 -65.534
 -65.534
 -65.534
 -65.534
   1.143
   1.300
   1.342
   1.372
   1.411
   1.477
   1.588
   1.716
   1.818
   1.915
   1.999
   2.070
   2.136
   2.203
   2.271
   2.317
   2.360
   2.403
   2.451
   2.499
   2.552
   2.617
   2.707
   2.829
   2.982
   3.153
   3.320
   3.466
   3.589
   3.690
   3.779
   3.851
   3.914
   3.971
   4.041
   4.075
   4.053
   4.001
   3.919
   3.822
   3.767
   3.781
   3.830
   3.895
   3.947
   3.972
   3.961
   3.909
   3.822
   3.691
   3.215
   0.000
 -65.534
 -65.534
 -65.534
 -65.534
 -65.534
 -65.534
 -65.534
 -65.534
 -65.534
 -65.534
 -65.534
 -65.534
 -65.534
 -65.534
 -65.534
 -65.534
 -65.534
   1.310
   1.360
   1.393
   1.403
   1.427
   1.465
   1.541
   1.661
   1.757
   1.842
   1.923
   1.998
   2.068
   2.133
   2.197
   2.233
   2.267
   2.296
   2.327
   2.359
   2.394
   2.447
   2.526
   2.635
   2.772
   2.925
   3.074
   3.205
   3.323
   3.423
   3.509
   3.582
   3.636
   3.687
   3.753
   3.785
   3.793
   3.780
   3.735
   3.655
   3.600
   3.582
   3.588
   3.599
   3.604
   3.595
   3.557
   3.445
   3.342
   3.189
   2.772
   0.000
 -65.534
 -65.534
 -65.534
 -65.534
 -65.534
 -65.534
 -65.534
 -65.534
 -65.534
 -65.534
 -65.534
 -65.534
 -65.534
 -65.534
 -65.534
 -65.534
 -65.534
   1.532
   1.461
   1.463
   1.463
   1.463
   1.481
   1.520
   1.597
   1.697
   1.769
   1.848
   1.925
   2.000
   2.070
   2.132
   2.160
   2.185
   2.203
   2.225
   2.248
   2.277
   2.320
   2.388
   2.482
   2.594
   2.720
   2.847
   2.963
   3.069
   3.162
   3.246
   3.314
   3.366
   3.419
   3.483
   3.531
   3.566
   3.596
   3.592
   3.553
   3.484
   3.445
   3.407
   3.375
   3.333
   3.273
   3.191
   3.062
   2.931
   2.753
   2.348
   0.000
 -65.534
 -65.534
 -65.534
 -65.534
 -65.534
 -65.534
 -65.534
 -65.534
 -65.534
 -65.534
 -65.534
 -65.534
 -65.534
 -65.534
 -65.534
 -65.534
 -65.534
 -65.534
   1.622
   1.540
   1.529
   1.521
   1.518
   1.531
   1.569
   1.636
   1.703
   1.774
   1.854
   1.935
   2.010
   2.068
   2.089
   2.110
   2.123
   2.143
   2.168
   2.197
   2.241
   2.299
   2.367
   2.451
   2.543
   2.648
   2.749
   2.842
   2.923
   2.996
   3.052
   3.106
   3.157
   3.223
   3.277
   3.330
   3.373
   3.408
   3.391
   3.349
   3.300
   3.243
   3.184
   3.109
   3.012
   2.892
   2.747
   2.564
   2.352
   1.919
   0.000
 -65.534
 -65.534
 -65.534
 -65.534
 -65.534
 -65.534
 -65.534
 -65.534
 -65.534
 -65.534
 -65.534
 -65.534
 -65.534
 -65.534
 -65.534
 -65.534
 -65.534
 -65.534
 -65.534
   1.661
   1.596
   1.590
   1.579
   1.572
   1.582
   1.611
   1.654
   1.708
   1.781
   1.854
   1.934
   1.988
   2.013
   2.033
   2.061
   2.103
   2.129
   2.158
   2.184
   2.222
   2.279
   2.342
   2.409
   2.487
   2.573
   2.657
   2.731
   2.791
   2.834
   2.877
   2.901
   2.960
   3.007
   3.048
   3.090
   3.122
   3.133
   3.123
   3.089
   3.034
   2.976
   2.897
   2.787
   2.640
   2.465
   2.252
   1.984
   1.518
   0.000
 -65.534
 -65.534
 -65.534
 -65.534
 -65.534
 -65.534
 -65.534
 -65.534
 -65.534
 -65.534
 -65.534
 -65.534
 -65.534
 -65.534
 -65.534
 -65.534
 -65.534
 -65.534
 -65.534
 -65.534
   1.680
   1.651
   1.631
   1.614
   1.594
   1.611
   1.632
   1.660
   1.702
   1.752
   1.821
   1.846
   1.835
   1.788
   1.690
   1.416
 -65.534
 -65.534
 -65.534
 -65.534
   2.252
   2.315
   2.353
   2.392
   2.447
   2.511
   2.564
   2.598
   2.622
   2.639
   2.663
   2.705
   2.743
   2.775
   2.814
   2.837
   2.845
   2.838
   2.822
   2.781
   2.725
   2.637
   2.518
   2.362
   2.181
   1.955
   1.670
   1.178
   0.000
 -65.534
 -65.534
 -65.534
 -65.534
 -65.534
 -65.534
 -65.534
 -65.534
 -65.534
 -65.534
 -65.534
 -65.534
 -65.534
 -65.534
 -65.534
 -65.534
 -65.534
 -65.534
 -65.534
 -65.534
 -65.534
 -65.534
 -65.534
 -65.534
   1.599
   1.594
   1.607
   1.623
   1.640
   1.663
   1.690
   1.672
   1.618
   1.516
   1.337
   1.037
 -65.534
 -65.534
 -65.534
 -65.534
 -65.534
 -65.534
   2.244
   2.322
   2.354
   2.388
   2.399
   2.413
   2.425
   2.436
   2.452
   2.465
   2.486
   2.512
   2.532
   2.544
   2.544
   2.531
   2.504
   2.455
   2.378
   2.282
   2.161
   2.004
   1.819
   1.611
   1.325
   0.852
   0.000
 -65.534
 -65.534
 -65.534
 -65.534
 -65.534
 -65.534
 -65.534
 -65.534
 -65.534
 -65.534
 -65.534
 -65.534
 -65.534
 -65.534
 -65.534
 -65.534
 -65.534
 -65.534
 -65.534
 -65.534
 -65.534
 -65.534
 -65.534
 -65.534
   1.569
   1.553
   1.558
   1.558
   1.556
   1.561
   1.549
   1.493
   1.407
   1.279
   1.117
   0.905
 -65.534
 -65.534
 -65.534
 -65.534
 -65.534
 -65.534
 -65.534
   2.175
   2.244
   2.243
   2.247
   2.237
   2.225
   2.205
   2.204
   2.211
   2.221
   2.231
   2.235
   2.226
   2.200
   2.163
   2.119
   2.058
   1.981
   1.881
   1.759
   1.606
   1.421
   1.203
   0.932
   0.492
   0.000
 -65.534
 -65.534
 -65.534
 -65.534
 -65.534
 -65.534
 -65.534
 -65.534
 -65.534
 -65.534
 -65.534
 -65.534
 -65.534
 -65.534
 -65.534
 -65.534
 -65.534
 -65.534
 -65.534
 -65.534
 -65.534
 -65.534
 -65.534
 -65.534
 -65.534
 -65.534
 -65.534
 -65.534
 -65.534
   1.448
   1.366
   1.299
   1.225
   1.112
   0.985
   0.799
   0.149
 -65.534
 -65.534
 -65.534
 -65.534
 -65.534
 -65.534
   1.738
   1.564
 -65.534
   1.953
   2.011
   2.013
   2.041
   2.035
   2.026
   2.000
   1.976
   1.937
   1.894
   1.841
   1.784
   1.724
   1.653
   1.562
   1.458
   1.325
   1.166
   0.983
   0.766
   0.508
   0.117
   0.000
 -65.534
 -65.534
 -65.534
 -65.534
 -65.534
 -65.534
 -65.534
 -65.534
 -65.534
 -65.534
 -65.534
 -65.534
 -65.534
 -65.534
 -65.534
 -65.534
 -65.534
 -65.534
 -65.534
 -65.534
 -65.534
 -65.534
 -65.534
 -65.534
 -65.534
 -65.534
 -65.534
 -65.534
 -65.534
 -65.534
 -65.534
 -65.534
   1.148
   1.017
   0.908
   0.737
   0.243
  -0.011
 -65.534
 -65.534
 -65.534
 -65.534
 -65.534
 -65.534
 -65.534
 -65.534
 -65.534
 -65.534
 -65.534
   1.713
   1.766
   1.758
   1.795
   1.749
   1.680
   1.585
   1.507
   1.427
   1.340
   1.249
   1.141
   1.019
   0.878
   0.717
   0.541
   0.332
   0.088
  -0.250
   0.000
 -65.534
 -65.534
 -65.534
 -65.534
 -65.534
 -65.534
 -65.534
 -65.534
 -65.534
 -65.534
 -65.534
 -65.534
 -65.534
 -65.534
 -65.534
 -65.534
 -65.534
 -65.534
 -65.534
 -65.534
 -65.534
 -65.534
 -65.534
 -65.534
 -65.534
 -65.534
 -65.534
 -65.534
 -65.534
 -65.534
 -65.534
 -65.534
   0.977
   0.865
   0.753
   0.590
   0.278
   0.016
  -0.087
  -0.088
 -65.534
 -65.534
 -65.534
 -65.534
 -65.534
 -65.534
 -65.534
 -65.534
 -65.534
 -65.534
 -65.534
 -65.534
   1.372
   1.381
   1.312
   1.269
   1.183
   1.082
   0.973
   0.857
   0.729
   0.592
   0.446
   0.281
   0.105
  -0.070
  -0.277
  -0.567
   0.000
 -65.534
 -65.534
 -65.534
 -65.534
 -65.534
 -65.534
 -65.534
 -65.534
 -65.534
 -65.534
 -65.534
 -65.534
 -65.534
 -65.534
 -65.534
 -65.534
 -65.534
 -65.534
 -65.534
 -65.534
 -65.534
 -65.534
 -65.534
 -65.534
 -65.534
 -65.534
 -65.534
 -65.534
 -65.534
 -65.534
 -65.534
 -65.534
 -65.534
 -65.534
 -65.534
 -65.534
   0.278
   0.073
  -0.051
  -0.121
  -0.128
  -0.122
  -0.133
  -0.167
  -0.219
 -65.534
 -65.534
 -65.534
 -65.534
 -65.534
 -65.534
 -65.534
 -65.534
 -65.534
 -65.534
   0.887
   0.861
   0.772
   0.653
   0.495
   0.344
   0.199
   0.044
  -0.118
  -0.277
  -0.430
  -0.608
  -0.843
   0.000
 -65.534
 -65.534
 -65.534
 -65.534
 -65.534
 -65.534
 -65.534
 -65.534
 -65.534
 -65.534
 -65.534
 -65.534
 -65.534
 -65.534
 -65.534
 -65.534
 -65.534
 -65.534
 -65.534
 -65.534
 -65.534
 -65.534
 -65.534
 -65.534
 -65.534
 -65.534
 -65.534
 -65.534
 -65.534
 -65.534
 -65.534
 -65.534
 -65.534
 -65.534
 -65.534
 -65.534
 -65.534
 -65.534
 -65.534
 -65.534
  -0.072
 -65.534
 -65.534
 -65.534
 -65.534
 -65.534
 -65.534
 -65.534
 -65.534
 -65.534
 -65.534
 -65.534
 -65.534
 -65.534
 -65.534
   0.436
   0.442
   0.393
   0.290
   0.167
   0.010
  -0.153
  -0.303
  -0.449
  -0.597
  -0.729
  -0.873
  -1.061
   0.000
 -65.534
 -65.534
 -65.534
 -65.534
 -65.534
 -65.534
 -65.534
 -65.534
 -65.534
 -65.534
 -65.534
 -65.534
 -65.534
 -65.534
 -65.534
 -65.534
 -65.534
 -65.534
 -65.534
 -65.534
 -65.534
 -65.534
 -65.534
 -65.534
 -65.534
 -65.534
 -65.534
 -65.534
 -65.534
 -65.534
 -65.534
 -65.534
 -65.534
 -65.534
 -65.534
 -65.534
 -65.534
 -65.534
 -65.534
 -65.534
 -65.534
 -65.534
 -65.534
 -65.534
 -65.534
 -65.534
 -65.534
 -65.534
 -65.534
 -65.534
 -65.534
 -65.534
 -65.534
 -65.534
 -65.534
 -65.534
 -65.534
 -65.534
 -65.534
  -0.054
  -0.290
  -0.464
  -0.603
  -0.727
  -0.840
  -0.946
  -1.046
  -1.171
   0.000
 -65.534
 -65.534
 -65.534
 -65.534
 -65.534
 -65.534
 -65.534
 -65.534
 -65.534
 -65.534
 -65.534
 -65.534
 -65.534
 -65.534
 -65.534
 -65.534
 -65.534
 -65.534
 -65.534
 -65.534
 -65.534
 -65.534
 -65.534
 -65.534
 -65.534
 -65.534
 -65.534
 -65.534
 -65.534
 -65.534
 -65.534
 -65.534
 -65.534
 -65.534
 -65.534
 -65.534
 -65.534
 -65.534
 -65.534
 -65.534
 -65.534
 -65.534
 -65.534
 -65.534
 -65.534
 -65.534
 -65.534
 -65.534
 -65.534
 -65.534
 -65.534
 -65.534
 -65.534
 -65.534
 -65.534
 -65.534
 -65.534
 -65.534
 -65.534
 -65.534
 -65.534
   0.000
   0.000
   0.000
   0.000
   0.000
   0.000
   0.000
 -65.534
