 -65.534
   0.000
   0.000
   0.000
   0.000
   0.000
   0.000
   0.000
   0.000
   0.000
   0.000
   0.000
   0.000
   0.000
   0.000
   0.000
   0.000
   0.000
   0.000
   0.000
   0.000
   0.000
   0.000
   0.000
   0.000
   0.000
   0.000
   0.000
   0.000
   0.000
   0.000
   0.000
   0.000
   0.000
   0.000
   0.000
   0.000
   0.000
   0.000
   0.000
   0.000
   0.000
   0.000
   0.000
   0.000
   0.000
   0.000
   0.000
   0.000
   0.000
   0.000
   0.000
   0.000
   0.000
   0.000
   0.000
   0.000
   0.000
   0.000
   0.000
   0.000
   0.000
   0.000
   0.000
   0.000
   0.000
   0.000
   0.000
 -65.534
   0.000
   1.172
   1.269
   1.340
   1.424
   1.498
   1.555
   1.583
   1.584
   1.578
   1.564
   1.555
   1.536
   1.514
   1.486
   1.454
   1.420
   1.391
   1.375
   1.381
   1.414
   1.464
   1.512
   1.597
   1.559
   1.477
   1.411
   1.379
   1.350
   1.329
   1.312
   1.291
   1.285
   1.302
   1.281
   1.284
   1.267
   1.250
   1.239
   1.203
   1.181
   1.139
   1.087
   1.027
   0.969
   0.911
   0.860
   0.834
   0.817
   0.799
   0.783
   0.766
   0.757
   0.754
   0.777
   0.799
   0.829
   0.871
   0.918
   0.971
   1.012
   1.040
   1.057
   1.074
   1.070
   1.067
   1.060
   1.041
   0.000
   0.000
   1.299
   1.402
   1.475
   1.562
   1.646
   1.718
   1.769
   1.798
   1.812
   1.819
   1.820
   1.814
   1.798
   1.770
   1.731
   1.687
   1.644
   1.605
   1.578
   1.569
   1.575
   1.589
   1.626
   1.592
   1.535
   1.489
   1.462
   1.457
   1.459
   1.461
   1.463
   1.465
   1.480
   1.479
   1.476
   1.472
   1.457
   1.435
   1.408
   1.371
   1.321
   1.247
   1.166
   1.087
   1.014
   0.963
   0.928
   0.903
   0.882
   0.861
   0.846
   0.840
   0.853
   0.878
   0.911
   0.959
   1.011
   1.072
   1.131
   1.185
   1.228
   1.263
   1.290
   1.301
   1.302
   1.297
   1.262
   0.000
   0.000
   1.358
   1.469
   1.529
   1.599
   1.667
   1.732
   1.786
   1.828
   1.859
   1.880
   1.896
   1.899
   1.887
   1.858
   1.813
   1.760
   1.709
   1.663
   1.622
   1.594
   1.576
   1.563
   1.553
   1.538
   1.496
   1.467
   1.457
   1.464
   1.477
   1.497
   1.518
   1.542
   1.564
   1.573
   1.584
   1.582
   1.569
   1.550
   1.517
   1.476
   1.415
   1.331
   1.236
   1.142
   1.062
   1.006
   0.966
   0.937
   0.915
   0.893
   0.878
   0.874
   0.888
   0.920
   0.962
   1.012
   1.066
   1.122
   1.184
   1.241
   1.294
   1.340
   1.379
   1.400
   1.408
   1.406
   1.363
   0.000
   0.000
   1.423
   1.537
   1.584
   1.631
   1.678
   1.724
   1.771
   1.811
   1.846
   1.874
   1.894
   1.904
   1.894
   1.866
   1.816
   1.763
   1.712
   1.669
   1.629
   1.596
   1.571
   1.546
   1.514
   1.492
   1.461
   1.449
   1.452
   1.472
   1.497
   1.531
   1.569
   1.610
   1.644
   1.669
   1.682
   1.681
   1.669
   1.645
   1.611
   1.567
   1.499
   1.408
   1.305
   1.198
   1.108
   1.042
   0.997
   0.966
   0.942
   0.922
   0.910
   0.907
   0.921
   0.952
   0.993
   1.041
   1.088
   1.142
   1.201
   1.262
   1.319
   1.377
   1.425
   1.458
   1.474
   1.478
   1.428
   0.000
   0.000
   1.473
   1.605
   1.646
   1.678
   1.705
   1.733
   1.765
   1.791
   1.817
   1.839
   1.853
   1.857
   1.845
   1.816
   1.772
   1.723
   1.680
   1.646
   1.614
   1.583
   1.556
   1.528
   1.501
   1.462
   1.436
   1.446
   1.463
   1.494
   1.531
   1.574
   1.625
   1.676
   1.718
   1.750
   1.766
   1.767
   1.753
   1.724
   1.689
   1.640
   1.569
   1.477
   1.369
   1.258
   1.158
   1.080
   1.028
   0.995
   0.973
   0.956
   0.947
   0.943
   0.957
   0.984
   1.020
   1.060
   1.105
   1.155
   1.211
   1.275
   1.337
   1.399
   1.457
   1.502
   1.528
   1.537
   1.483
   0.000
   0.000
   1.499
   1.660
   1.706
   1.736
   1.751
   1.764
   1.778
   1.791
   1.805
   1.817
   1.823
   1.821
   1.804
   1.775
   1.734
   1.692
   1.654
   1.626
   1.599
   1.568
   1.539
   1.505
   1.472
   1.447
   1.453
   1.473
   1.503
   1.542
   1.583
   1.631
   1.683
   1.736
   1.778
   1.813
   1.834
   1.835
   1.819
   1.792
   1.757
   1.709
   1.641
   1.547
   1.440
   1.327
   1.222
   1.132
   1.069
   1.029
   1.005
   0.992
   0.983
   0.982
   0.995
   1.018
   1.049
   1.086
   1.126
   1.169
   1.221
   1.284
   1.347
   1.413
   1.476
   1.532
   1.571
   1.590
   1.541
   0.000
   0.000
   1.493
   1.685
   1.751
   1.787
   1.801
   1.809
   1.816
   1.821
   1.826
   1.831
   1.827
   1.817
   1.795
   1.763
   1.723
   1.683
   1.651
   1.624
   1.599
   1.573
   1.546
   1.523
   1.502
   1.493
   1.506
   1.532
   1.567
   1.608
   1.651
   1.692
   1.740
   1.788
   1.823
   1.853
   1.872
   1.878
   1.866
   1.848
   1.819
   1.779
   1.715
   1.630
   1.527
   1.416
   1.302
   1.203
   1.126
   1.069
   1.037
   1.022
   1.012
   1.012
   1.027
   1.054
   1.082
   1.116
   1.149
   1.187
   1.235
   1.291
   1.353
   1.423
   1.493
   1.555
   1.604
   1.634
   1.591
   0.000
   0.000
   1.454
   1.673
   1.767
   1.825
   1.850
   1.864
   1.873
   1.876
   1.879
   1.878
   1.868
   1.849
   1.818
   1.781
   1.739
   1.701
   1.665
   1.638
   1.616
   1.598
   1.582
   1.569
   1.565
   1.568
   1.582
   1.607
   1.644
   1.683
   1.718
   1.753
   1.794
   1.830
   1.859
   1.885
   1.906
   1.915
   1.913
   1.899
   1.882
   1.852
   1.801
   1.722
   1.630
   1.521
   1.407
   1.303
   1.213
   1.141
   1.091
   1.060
   1.040
   1.038
   1.053
   1.080
   1.112
   1.144
   1.173
   1.205
   1.253
   1.306
   1.367
   1.432
   1.504
   1.574
   1.630
   1.673
   1.633
   0.000
   0.000
   1.384
   1.618
   1.735
   1.818
   1.868
   1.902
   1.926
   1.937
   1.946
   1.946
   1.930
   1.901
   1.865
   1.823
   1.776
   1.734
   1.696
   1.666
   1.644
   1.634
   1.630
   1.631
   1.636
   1.645
   1.659
   1.684
   1.715
   1.749
   1.780
   1.810
   1.842
   1.874
   1.901
   1.926
   1.950
   1.964
   1.967
   1.959
   1.949
   1.930
   1.886
   1.825
   1.743
   1.644
   1.534
   1.423
   1.328
   1.244
   1.176
   1.120
   1.086
   1.073
   1.078
   1.100
   1.131
   1.162
   1.190
   1.226
   1.269
   1.323
   1.382
   1.449
   1.525
   1.595
   1.657
   1.707
   1.673
   0.000
   0.000
   1.297
   1.530
   1.651
   1.750
   1.827
   1.886
   1.935
   1.971
   1.996
   2.006
   1.993
   1.965
   1.928
   1.882
   1.833
   1.785
   1.744
   1.710
   1.689
   1.681
   1.684
   1.692
   1.703
   1.716
   1.733
   1.754
   1.783
   1.814
   1.841
   1.868
   1.900
   1.927
   1.954
   1.983
   2.007
   2.023
   2.030
   2.027
   2.023
   2.010
   1.976
   1.927
   1.857
   1.772
   1.668
   1.559
   1.459
   1.367
   1.284
   1.208
   1.161
   1.125
   1.111
   1.117
   1.137
   1.166
   1.199
   1.234
   1.284
   1.339
   1.400
   1.470
   1.548
   1.622
   1.690
   1.742
   1.712
   0.000
   0.000
   1.215
   1.431
   1.547
   1.653
   1.746
   1.828
   1.901
   1.962
   2.012
   2.048
   2.053
   2.036
   2.007
   1.965
   1.914
   1.859
   1.812
   1.772
   1.746
   1.736
   1.740
   1.748
   1.760
   1.777
   1.795
   1.818
   1.847
   1.878
   1.903
   1.930
   1.960
   1.991
   2.020
   2.050
   2.075
   2.093
   2.099
   2.100
   2.100
   2.092
   2.069
   2.028
   1.970
   1.892
   1.796
   1.691
   1.588
   1.489
   1.399
   1.315
   1.250
   1.197
   1.164
   1.145
   1.143
   1.157
   1.190
   1.232
   1.287
   1.351
   1.419
   1.497
   1.578
   1.658
   1.728
   1.782
   1.750
   0.000
   0.000
   1.112
   1.344
   1.453
   1.553
   1.651
   1.745
   1.835
   1.913
   1.986
   2.046
   2.075
   2.083
   2.075
   2.046
   1.999
   1.941
   1.886
   1.840
   1.806
   1.789
   1.786
   1.792
   1.807
   1.827
   1.850
   1.873
   1.903
   1.933
   1.960
   1.989
   2.023
   2.059
   2.090
   2.122
   2.149
   2.166
   2.173
   2.175
   2.178
   2.176
   2.161
   2.132
   2.080
   2.006
   1.919
   1.820
   1.714
   1.609
   1.510
   1.424
   1.354
   1.288
   1.228
   1.181
   1.153
   1.148
   1.177
   1.223
   1.288
   1.363
   1.442
   1.525
   1.614
   1.702
   1.775
   1.829
   1.789
   0.000
 -65.534
 -65.534
   1.190
   1.366
   1.458
   1.556
   1.653
   1.746
   1.832
   1.915
   1.984
   2.032
   2.060
   2.076
   2.073
   2.042
   1.998
   1.946
   1.895
   1.856
   1.831
   1.822
   1.826
   1.842
   1.867
   1.897
   1.924
   1.954
   1.984
   2.013
   2.046
   2.085
   2.124
   2.161
   2.195
   2.219
   2.235
   2.244
   2.250
   2.256
   2.258
   2.251
   2.232
   2.189
   2.124
   2.040
   1.944
   1.834
   1.723
   1.622
   1.530
   1.447
   1.371
   1.290
   1.217
   1.168
   1.147
   1.167
   1.220
   1.294
   1.383
   1.473
   1.570
   1.666
   1.759
   1.833
   1.886
   1.842
   0.000
 -65.534
 -65.534
 -65.534
   1.209
   1.376
   1.465
   1.561
   1.653
   1.736
   1.815
   1.882
   1.936
   1.978
   2.013
   2.034
   2.030
   2.010
   1.974
   1.928
   1.887
   1.861
   1.848
   1.852
   1.871
   1.903
   1.939
   1.976
   2.006
   2.035
   2.064
   2.097
   2.139
   2.181
   2.221
   2.255
   2.283
   2.301
   2.310
   2.319
   2.326
   2.332
   2.335
   2.324
   2.289
   2.233
   2.156
   2.064
   1.958
   1.844
   1.733
   1.632
   1.537
   1.446
   1.344
   1.252
   1.189
   1.166
   1.178
   1.231
   1.314
   1.414
   1.518
   1.622
   1.726
   1.822
   1.898
   1.952
   1.902
   0.000
 -65.534
 -65.534
 -65.534
 -65.534
   1.262
   1.383
   1.475
   1.561
   1.633
   1.701
   1.762
   1.812
   1.856
   1.899
   1.937
   1.959
   1.966
   1.951
   1.921
   1.887
   1.864
   1.857
   1.866
   1.890
   1.927
   1.971
   2.014
   2.050
   2.078
   2.102
   2.134
   2.173
   2.215
   2.257
   2.295
   2.327
   2.347
   2.361
   2.375
   2.388
   2.400
   2.411
   2.406
   2.380
   2.331
   2.266
   2.184
   2.081
   1.965
   1.847
   1.735
   1.622
   1.512
   1.404
   1.308
   1.239
   1.209
   1.220
   1.268
   1.352
   1.456
   1.566
   1.675
   1.782
   1.877
   1.953
   2.003
   1.944
   0.000
 -65.534
 -65.534
 -65.534
 -65.534
   1.197
   1.306
   1.396
   1.472
   1.533
   1.591
   1.641
   1.684
   1.724
   1.763
   1.801
   1.834
   1.860
   1.871
   1.860
   1.843
   1.836
   1.839
   1.854
   1.881
   1.923
   1.968
   2.016
   2.053
   2.082
   2.111
   2.141
   2.178
   2.217
   2.259
   2.303
   2.343
   2.370
   2.395
   2.414
   2.430
   2.452
   2.469
   2.473
   2.455
   2.414
   2.360
   2.292
   2.200
   2.087
   1.964
   1.834
   1.705
   1.585
   1.474
   1.384
   1.318
   1.286
   1.290
   1.330
   1.407
   1.506
   1.612
   1.721
   1.822
   1.910
   1.980
   2.027
   1.952
   0.000
 -65.534
 -65.534
 -65.534
 -65.534
   1.146
   1.241
   1.320
   1.388
   1.439
   1.486
   1.531
   1.569
   1.599
   1.631
   1.663
   1.693
   1.724
   1.747
   1.759
   1.764
   1.772
   1.782
   1.800
   1.827
   1.865
   1.911
   1.962
   2.007
   2.043
   2.074
   2.108
   2.144
   2.183
   2.229
   2.275
   2.325
   2.366
   2.401
   2.430
   2.451
   2.474
   2.496
   2.518
   2.511
   2.480
   2.435
   2.375
   2.289
   2.180
   2.057
   1.920
   1.784
   1.660
   1.555
   1.472
   1.414
   1.378
   1.376
   1.411
   1.477
   1.561
   1.659
   1.757
   1.846
   1.923
   1.982
   2.020
   1.933
   0.000
 -65.534
 -65.534
 -65.534
 -65.534
   1.069
   1.147
   1.208
   1.268
   1.340
   1.382
   1.423
   1.457
   1.488
   1.515
   1.540
   1.564
   1.588
   1.610
   1.630
   1.647
   1.666
   1.681
   1.695
   1.721
   1.756
   1.801
   1.856
   1.907
   1.951
   1.991
   2.028
   2.067
   2.109
   2.155
   2.210
   2.270
   2.321
   2.367
   2.405
   2.433
   2.457
   2.482
   2.507
   2.508
   2.490
   2.456
   2.404
   2.326
   2.225
   2.111
   1.986
   1.857
   1.740
   1.642
   1.562
   1.507
   1.475
   1.474
   1.502
   1.557
   1.627
   1.706
   1.787
   1.857
   1.921
   1.970
   2.001
   1.904
   0.000
 -65.534
 -65.534
 -65.534
 -65.534
 -65.534
 -65.534
 -65.534
 -65.534
   1.185
   1.263
   1.313
   1.353
   1.384
   1.410
   1.430
   1.451
   1.467
   1.483
   1.498
   1.515
   1.531
   1.545
   1.558
   1.584
   1.618
   1.663
   1.717
   1.769
   1.817
   1.862
   1.906
   1.945
   1.989
   2.038
   2.096
   2.160
   2.223
   2.278
   2.325
   2.363
   2.395
   2.423
   2.444
   2.451
   2.445
   2.413
   2.362
   2.299
   2.221
   2.122
   2.023
   1.916
   1.813
   1.722
   1.652
   1.603
   1.578
   1.579
   1.605
   1.647
   1.698
   1.755
   1.809
   1.864
   1.913
   1.955
   1.978
   1.882
   0.000
 -65.534
 -65.534
 -65.534
 -65.534
 -65.534
 -65.534
   0.707
   0.832
   1.066
   1.165
   1.219
   1.263
   1.297
   1.321
   1.337
   1.347
   1.363
   1.377
   1.388
   1.397
   1.404
   1.411
   1.427
   1.449
   1.476
   1.520
   1.571
   1.624
   1.672
   1.719
   1.762
   1.803
   1.846
   1.895
   1.952
   2.014
   2.076
   2.134
   2.188
   2.235
   2.274
   2.306
   2.329
   2.341
   2.336
   2.309
   2.271
   2.225
   2.161
   2.086
   2.009
   1.933
   1.855
   1.785
   1.734
   1.702
   1.685
   1.690
   1.712
   1.740
   1.767
   1.794
   1.825
   1.860
   1.902
   1.934
   1.956
   1.857
   0.000
 -65.534
 -65.534
 -65.534
 -65.534
 -65.534
 -65.534
 -65.534
 -65.534
 -65.534
   1.032
   1.095
   1.140
   1.171
   1.196
   1.213
   1.258
   1.273
   1.292
   1.306
   1.306
   1.302
   1.304
   1.312
   1.331
   1.359
   1.394
   1.438
   1.487
   1.533
   1.576
   1.621
   1.661
   1.704
   1.753
   1.804
   1.859
   1.916
   1.969
   2.022
   2.074
   2.118
   2.150
   2.174
   2.187
   2.186
   2.166
   2.133
   2.100
   2.054
   2.008
   1.966
   1.927
   1.881
   1.840
   1.810
   1.794
   1.787
   1.796
   1.808
   1.817
   1.820
   1.820
   1.830
   1.853
   1.880
   1.907
   1.921
   1.816
   0.000
 -65.534
 -65.534
 -65.534
 -65.534
 -65.534
 -65.534
 -65.534
 -65.534
 -65.534
 -65.534
 -65.534
 -65.534
 -65.534
 -65.534
 -65.534
   1.021
   1.115
   1.159
   1.192
   1.235
   1.234
   1.230
   1.233
   1.244
   1.267
   1.301
   1.344
   1.385
   1.423
   1.463
   1.502
   1.541
   1.580
   1.622
   1.670
   1.719
   1.769
   1.815
   1.869
   1.917
   1.957
   1.987
   2.007
   2.017
   2.017
   2.003
   1.981
   1.957
   1.930
   1.910
   1.898
   1.893
   1.884
   1.873
   1.870
   1.869
   1.869
   1.873
   1.873
   1.862
   1.843
   1.829
   1.825
   1.834
   1.851
   1.872
   1.882
   1.770
   0.000
 -65.534
 -65.534
 -65.534
 -65.534
 -65.534
 -65.534
 -65.534
 -65.534
 -65.534
 -65.534
 -65.534
 -65.534
 -65.534
 -65.534
 -65.534
 -65.534
 -65.534
 -65.534
 -65.534
   1.071
   1.147
   1.173
   1.188
   1.200
   1.218
   1.245
   1.285
   1.322
   1.358
   1.388
   1.421
   1.453
   1.487
   1.525
   1.567
   1.614
   1.659
   1.700
   1.741
   1.784
   1.819
   1.846
   1.861
   1.866
   1.865
   1.851
   1.836
   1.825
   1.822
   1.824
   1.839
   1.863
   1.883
   1.896
   1.910
   1.921
   1.923
   1.921
   1.908
   1.881
   1.849
   1.824
   1.810
   1.809
   1.818
   1.835
   1.843
   1.717
   0.000
 -65.534
 -65.534
 -65.534
 -65.534
 -65.534
 -65.534
 -65.534
 -65.534
 -65.534
 -65.534
 -65.534
 -65.534
 -65.534
 -65.534
 -65.534
 -65.534
 -65.534
 -65.534
   0.850
   1.046
   1.099
   1.137
   1.162
   1.184
   1.203
   1.224
   1.256
   1.290
   1.323
   1.350
   1.377
   1.404
   1.433
   1.469
   1.508
   1.552
   1.593
   1.630
   1.662
   1.694
   1.722
   1.745
   1.761
   1.765
   1.762
   1.749
   1.738
   1.737
   1.746
   1.773
   1.808
   1.850
   1.887
   1.909
   1.927
   1.937
   1.940
   1.931
   1.909
   1.875
   1.840
   1.814
   1.796
   1.787
   1.790
   1.799
   1.800
   1.658
   0.000
 -65.534
 -65.534
 -65.534
 -65.534
 -65.534
 -65.534
 -65.534
 -65.534
 -65.534
 -65.534
 -65.534
 -65.534
 -65.534
 -65.534
 -65.534
 -65.534
 -65.534
   0.910
   1.046
   1.086
   1.116
   1.135
   1.156
   1.179
   1.202
   1.223
   1.249
   1.278
   1.308
   1.336
   1.362
   1.384
   1.413
   1.446
   1.487
   1.528
   1.565
   1.594
   1.620
   1.642
   1.666
   1.689
   1.709
   1.727
   1.731
   1.722
   1.711
   1.713
   1.730
   1.757
   1.796
   1.843
   1.881
   1.903
   1.915
   1.924
   1.924
   1.910
   1.886
   1.853
   1.823
   1.798
   1.781
   1.772
   1.771
   1.768
   1.756
   1.596
   0.000
 -65.534
 -65.534
 -65.534
 -65.534
 -65.534
 -65.534
 -65.534
 -65.534
 -65.534
 -65.534
 -65.534
 -65.534
 -65.534
 -65.534
 -65.534
 -65.534
 -65.534
   1.014
   1.096
   1.128
   1.149
   1.159
   1.170
   1.184
   1.200
   1.220
   1.245
   1.272
   1.297
   1.323
   1.351
   1.374
   1.400
   1.433
   1.473
   1.514
   1.550
   1.577
   1.599
   1.617
   1.639
   1.668
   1.700
   1.733
   1.751
   1.748
   1.736
   1.736
   1.747
   1.764
   1.793
   1.822
   1.846
   1.860
   1.863
   1.867
   1.871
   1.864
   1.843
   1.818
   1.797
   1.784
   1.772
   1.761
   1.754
   1.741
   1.715
   1.535
   0.000
 -65.534
 -65.534
 -65.534
 -65.534
 -65.534
 -65.534
 -65.534
 -65.534
 -65.534
 -65.534
 -65.534
 -65.534
 -65.534
 -65.534
 -65.534
 -65.534
 -65.534
   0.994
   1.086
   1.130
   1.160
   1.179
   1.194
   1.202
   1.206
   1.212
   1.231
   1.255
   1.278
   1.305
   1.329
   1.349
   1.376
   1.410
   1.449
   1.487
   1.528
   1.563
   1.590
   1.612
   1.640
   1.673
   1.710
   1.746
   1.772
   1.773
   1.766
   1.766
   1.769
   1.781
   1.797
   1.811
   1.824
   1.826
   1.820
   1.812
   1.809
   1.804
   1.797
   1.785
   1.777
   1.771
   1.762
   1.751
   1.732
   1.710
   1.666
   1.479
   0.000
 -65.534
 -65.534
 -65.534
 -65.534
 -65.534
 -65.534
 -65.534
 -65.534
 -65.534
 -65.534
 -65.534
 -65.534
 -65.534
 -65.534
 -65.534
 -65.534
 -65.534
   0.900
   1.023
   1.096
   1.142
   1.175
   1.201
   1.210
   1.205
   1.202
   1.209
   1.228
   1.251
   1.277
   1.301
   1.320
   1.345
   1.380
   1.419
   1.463
   1.510
   1.561
   1.604
   1.639
   1.671
   1.705
   1.734
   1.762
   1.781
   1.787
   1.788
   1.788
   1.792
   1.800
   1.807
   1.815
   1.814
   1.803
   1.782
   1.763
   1.749
   1.749
   1.746
   1.748
   1.752
   1.752
   1.747
   1.735
   1.709
   1.675
   1.624
   1.425
   0.000
 -65.534
 -65.534
 -65.534
 -65.534
 -65.534
 -65.534
 -65.534
 -65.534
 -65.534
 -65.534
 -65.534
 -65.534
 -65.534
 -65.534
 -65.534
 -65.534
 -65.534
 -65.534
   0.894
   1.019
   1.087
   1.131
   1.165
   1.179
   1.177
   1.175
   1.178
   1.190
   1.213
   1.240
   1.267
   1.285
   1.312
   1.344
   1.382
   1.429
   1.487
   1.555
   1.617
   1.664
   1.704
   1.731
   1.752
   1.768
   1.782
   1.793
   1.800
   1.807
   1.819
   1.825
   1.830
   1.824
   1.814
   1.789
   1.758
   1.728
   1.707
   1.700
   1.699
   1.706
   1.714
   1.720
   1.716
   1.701
   1.673
   1.630
   1.562
   1.359
   0.000
 -65.534
 -65.534
 -65.534
 -65.534
 -65.534
 -65.534
 -65.534
 -65.534
 -65.534
 -65.534
 -65.534
 -65.534
 -65.534
 -65.534
 -65.534
 -65.534
 -65.534
 -65.534
 -65.534
   0.869
   0.967
   1.023
   1.068
   1.095
   1.112
   1.123
   1.133
   1.144
   1.164
   1.190
   1.215
   1.238
   1.261
   1.288
   1.324
   1.369
   1.420
   1.492
   1.558
   1.619
   1.671
   1.699
   1.723
   1.743
   1.763
   1.781
   1.799
   1.815
   1.834
   1.843
   1.849
   1.842
   1.821
   1.790
   1.754
   1.716
   1.688
   1.669
   1.662
   1.662
   1.665
   1.668
   1.663
   1.645
   1.617
   1.575
   1.499
   1.296
   0.000
 -65.534
 -65.534
 -65.534
 -65.534
 -65.534
 -65.534
 -65.534
 -65.534
 -65.534
 -65.534
 -65.534
 -65.534
 -65.534
 -65.534
 -65.534
 -65.534
 -65.534
 -65.534
 -65.534
 -65.534
   0.825
   0.899
   0.955
   0.995
   1.040
   1.065
   1.082
   1.093
   1.104
   1.118
   1.131
   1.145
   1.149
   1.133
   1.086
   0.953
 -65.534
 -65.534
 -65.534
 -65.534
   1.411
   1.557
   1.638
   1.682
   1.723
   1.758
   1.784
   1.811
   1.831
   1.842
   1.846
   1.835
   1.812
   1.778
   1.735
   1.694
   1.658
   1.633
   1.617
   1.611
   1.610
   1.609
   1.601
   1.583
   1.554
   1.512
   1.444
   1.252
   0.000
 -65.534
 -65.534
 -65.534
 -65.534
 -65.534
 -65.534
 -65.534
 -65.534
 -65.534
 -65.534
 -65.534
 -65.534
 -65.534
 -65.534
 -65.534
 -65.534
 -65.534
 -65.534
 -65.534
 -65.534
 -65.534
 -65.534
 -65.534
 -65.534
   0.916
   0.975
   1.001
   1.014
   1.022
   1.029
   1.034
   1.037
   1.020
   0.978
   0.895
   0.761
 -65.534
 -65.534
 -65.534
 -65.534
 -65.534
 -65.534
   1.446
   1.593
   1.667
   1.720
   1.755
   1.778
   1.796
   1.800
   1.796
   1.791
   1.770
   1.734
   1.697
   1.656
   1.618
   1.589
   1.569
   1.557
   1.556
   1.550
   1.543
   1.527
   1.503
   1.464
   1.402
   1.229
   0.000
 -65.534
 -65.534
 -65.534
 -65.534
 -65.534
 -65.534
 -65.534
 -65.534
 -65.534
 -65.534
 -65.534
 -65.534
 -65.534
 -65.534
 -65.534
 -65.534
 -65.534
 -65.534
 -65.534
 -65.534
 -65.534
 -65.534
 -65.534
 -65.534
   0.780
   0.843
   0.875
   0.899
   0.913
   0.930
   0.929
   0.924
   0.899
   0.855
   0.785
   0.699
 -65.534
 -65.534
 -65.534
 -65.534
 -65.534
 -65.534
 -65.534
   1.429
   1.564
   1.629
   1.684
   1.709
   1.725
   1.730
   1.733
   1.731
   1.718
   1.691
   1.657
   1.622
   1.587
   1.555
   1.531
   1.517
   1.509
   1.501
   1.489
   1.473
   1.452
   1.423
   1.368
   1.209
   0.000
 -65.534
 -65.534
 -65.534
 -65.534
 -65.534
 -65.534
 -65.534
 -65.534
 -65.534
 -65.534
 -65.534
 -65.534
 -65.534
 -65.534
 -65.534
 -65.534
 -65.534
 -65.534
 -65.534
 -65.534
 -65.534
 -65.534
 -65.534
 -65.534
 -65.534
 -65.534
 -65.534
 -65.534
 -65.534
   0.726
   0.774
   0.787
   0.793
   0.766
   0.723
   0.684
   0.536
 -65.534
 -65.534
 -65.534
 -65.534
 -65.534
 -65.534
   1.112
   1.105
 -65.534
   1.435
   1.545
   1.600
   1.643
   1.656
   1.663
   1.663
   1.650
   1.629
   1.602
   1.568
   1.533
   1.504
   1.486
   1.473
   1.461
   1.446
   1.428
   1.407
   1.376
   1.326
   1.180
   0.000
 -65.534
 -65.534
 -65.534
 -65.534
 -65.534
 -65.534
 -65.534
 -65.534
 -65.534
 -65.534
 -65.534
 -65.534
 -65.534
 -65.534
 -65.534
 -65.534
 -65.534
 -65.534
 -65.534
 -65.534
 -65.534
 -65.534
 -65.534
 -65.534
 -65.534
 -65.534
 -65.534
 -65.534
 -65.534
 -65.534
 -65.534
 -65.534
   0.611
   0.654
   0.659
   0.649
   0.609
   0.494
 -65.534
 -65.534
 -65.534
 -65.534
 -65.534
 -65.534
 -65.534
 -65.534
 -65.534
 -65.534
 -65.534
   1.416
   1.546
   1.599
   1.625
   1.614
   1.593
   1.567
   1.533
   1.500
   1.478
   1.458
   1.443
   1.426
   1.409
   1.386
   1.359
   1.321
   1.268
   1.128
   0.000
 -65.534
 -65.534
 -65.534
 -65.534
 -65.534
 -65.534
 -65.534
 -65.534
 -65.534
 -65.534
 -65.534
 -65.534
 -65.534
 -65.534
 -65.534
 -65.534
 -65.534
 -65.534
 -65.534
 -65.534
 -65.534
 -65.534
 -65.534
 -65.534
 -65.534
 -65.534
 -65.534
 -65.534
 -65.534
 -65.534
 -65.534
 -65.534
   0.473
   0.536
   0.578
   0.588
   0.596
   0.563
   0.477
   0.394
 -65.534
 -65.534
 -65.534
 -65.534
 -65.534
 -65.534
 -65.534
 -65.534
 -65.534
 -65.534
 -65.534
 -65.534
   1.457
   1.530
   1.535
   1.522
   1.486
   1.458
   1.434
   1.416
   1.402
   1.382
   1.364
   1.340
   1.309
   1.266
   1.210
   1.074
   0.000
 -65.534
 -65.534
 -65.534
 -65.534
 -65.534
 -65.534
 -65.534
 -65.534
 -65.534
 -65.534
 -65.534
 -65.534
 -65.534
 -65.534
 -65.534
 -65.534
 -65.534
 -65.534
 -65.534
 -65.534
 -65.534
 -65.534
 -65.534
 -65.534
 -65.534
 -65.534
 -65.534
 -65.534
 -65.534
 -65.534
 -65.534
 -65.534
 -65.534
 -65.534
 -65.534
 -65.534
   0.388
   0.466
   0.475
   0.457
   0.395
   0.348
   0.335
   0.335
   0.364
 -65.534
 -65.534
 -65.534
 -65.534
 -65.534
 -65.534
 -65.534
 -65.534
 -65.534
 -65.534
   1.365
   1.398
   1.387
   1.373
   1.360
   1.344
   1.325
   1.304
   1.282
   1.250
   1.207
   1.148
   1.021
   0.000
 -65.534
 -65.534
 -65.534
 -65.534
 -65.534
 -65.534
 -65.534
 -65.534
 -65.534
 -65.534
 -65.534
 -65.534
 -65.534
 -65.534
 -65.534
 -65.534
 -65.534
 -65.534
 -65.534
 -65.534
 -65.534
 -65.534
 -65.534
 -65.534
 -65.534
 -65.534
 -65.534
 -65.534
 -65.534
 -65.534
 -65.534
 -65.534
 -65.534
 -65.534
 -65.534
 -65.534
 -65.534
 -65.534
 -65.534
 -65.534
   0.255
 -65.534
 -65.534
 -65.534
 -65.534
 -65.534
 -65.534
 -65.534
 -65.534
 -65.534
 -65.534
 -65.534
 -65.534
 -65.534
 -65.534
   1.326
   1.359
   1.343
   1.323
   1.320
   1.288
   1.252
   1.227
   1.205
   1.177
   1.141
   1.086
   0.965
   0.000
 -65.534
 -65.534
 -65.534
 -65.534
 -65.534
 -65.534
 -65.534
 -65.534
 -65.534
 -65.534
 -65.534
 -65.534
 -65.534
 -65.534
 -65.534
 -65.534
 -65.534
 -65.534
 -65.534
 -65.534
 -65.534
 -65.534
 -65.534
 -65.534
 -65.534
 -65.534
 -65.534
 -65.534
 -65.534
 -65.534
 -65.534
 -65.534
 -65.534
 -65.534
 -65.534
 -65.534
 -65.534
 -65.534
 -65.534
 -65.534
 -65.534
 -65.534
 -65.534
 -65.534
 -65.534
 -65.534
 -65.534
 -65.534
 -65.534
 -65.534
 -65.534
 -65.534
 -65.534
 -65.534
 -65.534
 -65.534
 -65.534
 -65.534
 -65.534
   1.156
   1.190
   1.174
   1.135
   1.106
   1.078
   1.050
   1.005
   0.883
   0.000
 -65.534
 -65.534
 -65.534
 -65.534
 -65.534
 -65.534
 -65.534
 -65.534
 -65.534
 -65.534
 -65.534
 -65.534
 -65.534
 -65.534
 -65.534
 -65.534
 -65.534
 -65.534
 -65.534
 -65.534
 -65.534
 -65.534
 -65.534
 -65.534
 -65.534
 -65.534
 -65.534
 -65.534
 -65.534
 -65.534
 -65.534
 -65.534
 -65.534
 -65.534
 -65.534
 -65.534
 -65.534
 -65.534
 -65.534
 -65.534
 -65.534
 -65.534
 -65.534
 -65.534
 -65.534
 -65.534
 -65.534
 -65.534
 -65.534
 -65.534
 -65.534
 -65.534
 -65.534
 -65.534
 -65.534
 -65.534
 -65.534
 -65.534
 -65.534
 -65.534
 -65.534
   0.000
   0.000
   0.000
   0.000
   0.000
   0.000
   0.000
 -65.534
