 -65.534
   0.000
   0.000
   0.000
   0.000
   0.000
   0.000
   0.000
   0.000
   0.000
   0.000
   0.000
   0.000
   0.000
   0.000
   0.000
   0.000
   0.000
   0.000
   0.000
   0.000
   0.000
   0.000
   0.000
   0.000
   0.000
   0.000
   0.000
   0.000
   0.000
   0.000
   0.000
   0.000
   0.000
   0.000
   0.000
   0.000
   0.000
   0.000
   0.000
   0.000
   0.000
   0.000
   0.000
   0.000
   0.000
   0.000
   0.000
   0.000
   0.000
   0.000
   0.000
   0.000
   0.000
   0.000
   0.000
   0.000
   0.000
   0.000
   0.000
   0.000
   0.000
   0.000
   0.000
   0.000
   0.000
   0.000
   0.000
 -65.534
   0.000
   1.254
   1.409
   1.507
   1.608
   1.703
   1.791
   1.876
   1.957
   2.040
   2.118
   2.196
   2.266
   2.328
   2.385
   2.438
   2.482
   2.519
   2.541
   2.544
   2.529
   2.499
   2.473
   2.421
   2.453
   2.509
   2.550
   2.568
   2.562
   2.546
   2.528
   2.506
   2.473
   2.429
   2.396
   2.337
   2.279
   2.201
   2.100
   1.994
   1.872
   1.736
   1.591
   1.431
   1.274
   1.157
   1.093
   1.067
   1.066
   1.064
   1.056
   1.047
   1.032
   1.022
   1.029
   1.012
   1.005
   0.986
   0.975
   0.957
   0.935
   0.913
   0.899
   0.884
   0.846
   0.822
   0.786
   0.731
   0.000
   0.000
   1.294
   1.440
   1.526
   1.623
   1.719
   1.816
   1.913
   2.010
   2.107
   2.200
   2.285
   2.361
   2.428
   2.486
   2.540
   2.588
   2.630
   2.664
   2.689
   2.697
   2.691
   2.681
   2.657
   2.687
   2.737
   2.782
   2.808
   2.817
   2.813
   2.804
   2.789
   2.769
   2.738
   2.702
   2.647
   2.572
   2.477
   2.356
   2.222
   2.088
   1.947
   1.798
   1.627
   1.467
   1.362
   1.316
   1.307
   1.308
   1.311
   1.310
   1.306
   1.301
   1.289
   1.278
   1.262
   1.255
   1.244
   1.222
   1.198
   1.175
   1.149
   1.123
   1.094
   1.054
   1.011
   0.964
   0.895
   0.000
   0.000
   1.236
   1.367
   1.444
   1.532
   1.622
   1.719
   1.821
   1.930
   2.039
   2.144
   2.239
   2.320
   2.390
   2.447
   2.498
   2.548
   2.594
   2.638
   2.678
   2.703
   2.716
   2.729
   2.742
   2.763
   2.808
   2.852
   2.882
   2.895
   2.905
   2.904
   2.898
   2.887
   2.870
   2.838
   2.779
   2.704
   2.598
   2.460
   2.311
   2.158
   2.009
   1.859
   1.702
   1.560
   1.482
   1.458
   1.459
   1.460
   1.460
   1.459
   1.450
   1.441
   1.431
   1.416
   1.402
   1.395
   1.379
   1.356
   1.326
   1.302
   1.278
   1.257
   1.227
   1.197
   1.154
   1.106
   1.011
   0.000
   0.000
   1.165
   1.281
   1.345
   1.423
   1.506
   1.599
   1.699
   1.810
   1.922
   2.035
   2.139
   2.226
   2.299
   2.357
   2.410
   2.457
   2.505
   2.552
   2.602
   2.644
   2.678
   2.707
   2.745
   2.778
   2.831
   2.877
   2.912
   2.935
   2.953
   2.966
   2.964
   2.962
   2.957
   2.933
   2.883
   2.810
   2.701
   2.563
   2.407
   2.245
   2.083
   1.932
   1.785
   1.658
   1.592
   1.575
   1.580
   1.578
   1.573
   1.569
   1.559
   1.550
   1.542
   1.529
   1.516
   1.507
   1.492
   1.467
   1.439
   1.416
   1.396
   1.379
   1.359
   1.331
   1.287
   1.231
   1.116
   0.000
   0.000
   1.087
   1.192
   1.253
   1.326
   1.402
   1.487
   1.582
   1.687
   1.799
   1.909
   2.011
   2.102
   2.176
   2.239
   2.293
   2.344
   2.394
   2.443
   2.495
   2.544
   2.590
   2.636
   2.684
   2.749
   2.809
   2.852
   2.895
   2.927
   2.954
   2.973
   2.979
   2.987
   2.989
   2.978
   2.944
   2.884
   2.785
   2.657
   2.510
   2.349
   2.181
   2.020
   1.875
   1.760
   1.696
   1.675
   1.676
   1.675
   1.677
   1.673
   1.668
   1.663
   1.658
   1.648
   1.635
   1.627
   1.608
   1.581
   1.555
   1.533
   1.515
   1.498
   1.476
   1.445
   1.397
   1.334
   1.204
   0.000
   0.000
   1.010
   1.108
   1.165
   1.236
   1.311
   1.393
   1.484
   1.581
   1.685
   1.788
   1.885
   1.973
   2.050
   2.114
   2.173
   2.228
   2.281
   2.331
   2.382
   2.433
   2.486
   2.548
   2.613
   2.682
   2.738
   2.789
   2.840
   2.882
   2.922
   2.946
   2.961
   2.970
   2.981
   2.979
   2.961
   2.921
   2.848
   2.744
   2.621
   2.474
   2.311
   2.147
   2.000
   1.884
   1.811
   1.782
   1.778
   1.780
   1.782
   1.782
   1.781
   1.781
   1.778
   1.768
   1.757
   1.746
   1.727
   1.701
   1.672
   1.647
   1.627
   1.606
   1.577
   1.538
   1.481
   1.411
   1.269
   0.000
   0.000
   0.937
   1.028
   1.084
   1.154
   1.229
   1.311
   1.399
   1.489
   1.581
   1.677
   1.768
   1.853
   1.929
   1.995
   2.057
   2.118
   2.171
   2.226
   2.275
   2.327
   2.378
   2.439
   2.506
   2.573
   2.638
   2.698
   2.754
   2.807
   2.854
   2.889
   2.909
   2.923
   2.939
   2.948
   2.948
   2.930
   2.883
   2.809
   2.719
   2.610
   2.470
   2.318
   2.166
   2.038
   1.953
   1.912
   1.898
   1.897
   1.897
   1.897
   1.898
   1.897
   1.893
   1.882
   1.870
   1.857
   1.837
   1.806
   1.776
   1.751
   1.723
   1.692
   1.654
   1.604
   1.539
   1.461
   1.310
   0.000
   0.000
   0.869
   0.958
   1.008
   1.079
   1.153
   1.234
   1.316
   1.401
   1.489
   1.576
   1.662
   1.742
   1.818
   1.888
   1.954
   2.015
   2.074
   2.130
   2.179
   2.230
   2.278
   2.333
   2.392
   2.457
   2.522
   2.592
   2.657
   2.713
   2.767
   2.807
   2.833
   2.857
   2.881
   2.902
   2.917
   2.920
   2.902
   2.863
   2.801
   2.719
   2.617
   2.493
   2.358
   2.225
   2.126
   2.066
   2.035
   2.023
   2.021
   2.018
   2.014
   2.011
   2.005
   1.990
   1.973
   1.957
   1.934
   1.903
   1.871
   1.840
   1.805
   1.759
   1.710
   1.647
   1.573
   1.488
   1.333
   0.000
   0.000
   0.803
   0.890
   0.939
   1.005
   1.077
   1.156
   1.235
   1.316
   1.397
   1.480
   1.562
   1.643
   1.719
   1.790
   1.856
   1.922
   1.986
   2.044
   2.095
   2.145
   2.190
   2.239
   2.290
   2.349
   2.411
   2.478
   2.547
   2.606
   2.661
   2.708
   2.744
   2.775
   2.808
   2.842
   2.879
   2.905
   2.908
   2.891
   2.855
   2.801
   2.720
   2.620
   2.505
   2.385
   2.283
   2.213
   2.169
   2.144
   2.135
   2.130
   2.122
   2.116
   2.105
   2.086
   2.065
   2.043
   2.018
   1.984
   1.948
   1.910
   1.867
   1.810
   1.746
   1.672
   1.590
   1.499
   1.343
   0.000
   0.000
   0.737
   0.825
   0.871
   0.934
   1.001
   1.074
   1.152
   1.229
   1.308
   1.387
   1.468
   1.551
   1.628
   1.700
   1.769
   1.838
   1.901
   1.960
   2.015
   2.066
   2.112
   2.154
   2.199
   2.252
   2.309
   2.370
   2.431
   2.491
   2.545
   2.596
   2.640
   2.682
   2.724
   2.774
   2.826
   2.872
   2.893
   2.893
   2.875
   2.832
   2.767
   2.684
   2.586
   2.480
   2.383
   2.312
   2.265
   2.237
   2.221
   2.215
   2.203
   2.192
   2.178
   2.158
   2.131
   2.103
   2.072
   2.034
   1.994
   1.952
   1.900
   1.839
   1.766
   1.684
   1.596
   1.502
   1.345
   0.000
   0.000
   0.661
   0.756
   0.801
   0.860
   0.924
   0.995
   1.068
   1.142
   1.219
   1.298
   1.380
   1.463
   1.543
   1.618
   1.689
   1.756
   1.819
   1.877
   1.935
   1.988
   2.034
   2.078
   2.120
   2.167
   2.219
   2.271
   2.328
   2.381
   2.432
   2.484
   2.535
   2.589
   2.645
   2.705
   2.768
   2.823
   2.862
   2.873
   2.864
   2.832
   2.775
   2.704
   2.621
   2.527
   2.442
   2.374
   2.330
   2.298
   2.278
   2.270
   2.254
   2.239
   2.223
   2.197
   2.168
   2.134
   2.098
   2.058
   2.016
   1.972
   1.916
   1.855
   1.778
   1.696
   1.603
   1.506
   1.348
   0.000
   0.000
   0.569
   0.681
   0.726
   0.782
   0.845
   0.912
   0.983
   1.054
   1.129
   1.206
   1.287
   1.371
   1.453
   1.528
   1.599
   1.666
   1.728
   1.786
   1.845
   1.899
   1.951
   1.996
   2.042
   2.089
   2.136
   2.184
   2.233
   2.282
   2.332
   2.382
   2.440
   2.500
   2.563
   2.631
   2.701
   2.763
   2.808
   2.830
   2.830
   2.807
   2.759
   2.699
   2.629
   2.547
   2.470
   2.411
   2.368
   2.337
   2.318
   2.302
   2.284
   2.266
   2.247
   2.219
   2.186
   2.151
   2.113
   2.073
   2.031
   1.984
   1.927
   1.864
   1.789
   1.707
   1.614
   1.514
   1.353
   0.000
 -65.534
 -65.534
   0.559
   0.653
   0.702
   0.758
   0.824
   0.892
   0.961
   1.030
   1.105
   1.184
   1.264
   1.344
   1.419
   1.487
   1.551
   1.615
   1.675
   1.735
   1.794
   1.848
   1.899
   1.951
   2.003
   2.052
   2.095
   2.140
   2.186
   2.235
   2.284
   2.345
   2.408
   2.473
   2.543
   2.614
   2.678
   2.728
   2.758
   2.770
   2.756
   2.721
   2.673
   2.615
   2.544
   2.474
   2.419
   2.381
   2.354
   2.335
   2.321
   2.302
   2.280
   2.258
   2.229
   2.194
   2.157
   2.119
   2.079
   2.035
   1.986
   1.932
   1.873
   1.804
   1.725
   1.633
   1.530
   1.362
   0.000
 -65.534
 -65.534
 -65.534
   0.532
   0.626
   0.676
   0.732
   0.796
   0.862
   0.929
   0.999
   1.070
   1.144
   1.216
   1.287
   1.353
   1.417
   1.478
   1.541
   1.606
   1.666
   1.725
   1.780
   1.838
   1.894
   1.945
   1.990
   2.037
   2.081
   2.129
   2.181
   2.241
   2.306
   2.375
   2.446
   2.517
   2.580
   2.632
   2.667
   2.690
   2.692
   2.672
   2.638
   2.590
   2.531
   2.469
   2.419
   2.384
   2.359
   2.340
   2.326
   2.308
   2.280
   2.254
   2.222
   2.186
   2.146
   2.110
   2.071
   2.028
   1.982
   1.933
   1.881
   1.819
   1.748
   1.665
   1.562
   1.382
   0.000
 -65.534
 -65.534
 -65.534
 -65.534
   0.528
   0.593
   0.646
   0.699
   0.757
   0.821
   0.889
   0.957
   1.023
   1.088
   1.148
   1.208
   1.266
   1.329
   1.391
   1.454
   1.517
   1.578
   1.635
   1.698
   1.753
   1.808
   1.859
   1.906
   1.954
   2.004
   2.059
   2.118
   2.185
   2.261
   2.333
   2.403
   2.468
   2.517
   2.558
   2.592
   2.606
   2.603
   2.590
   2.559
   2.512
   2.462
   2.414
   2.384
   2.363
   2.344
   2.324
   2.301
   2.275
   2.242
   2.203
   2.165
   2.125
   2.090
   2.053
   2.016
   1.977
   1.938
   1.895
   1.842
   1.780
   1.708
   1.620
   1.440
   0.000
 -65.534
 -65.534
 -65.534
 -65.534
   0.449
   0.511
   0.557
   0.606
   0.655
   0.711
   0.775
   0.843
   0.906
   0.965
   1.017
   1.066
   1.119
   1.175
   1.233
   1.292
   1.351
   1.410
   1.468
   1.526
   1.583
   1.640
   1.690
   1.741
   1.793
   1.843
   1.901
   1.968
   2.043
   2.119
   2.196
   2.265
   2.328
   2.386
   2.437
   2.478
   2.505
   2.519
   2.525
   2.514
   2.484
   2.446
   2.407
   2.378
   2.359
   2.339
   2.315
   2.292
   2.264
   2.228
   2.190
   2.150
   2.108
   2.074
   2.042
   2.012
   1.983
   1.955
   1.923
   1.882
   1.831
   1.769
   1.695
   1.526
   0.000
 -65.534
 -65.534
 -65.534
 -65.534
   0.382
   0.434
   0.476
   0.516
   0.559
   0.606
   0.663
   0.725
   0.789
   0.845
   0.892
   0.935
   0.978
   1.025
   1.078
   1.133
   1.186
   1.238
   1.291
   1.341
   1.397
   1.449
   1.497
   1.551
   1.606
   1.664
   1.729
   1.801
   1.875
   1.955
   2.029
   2.100
   2.168
   2.228
   2.285
   2.341
   2.387
   2.421
   2.442
   2.446
   2.431
   2.404
   2.379
   2.355
   2.338
   2.321
   2.302
   2.278
   2.251
   2.220
   2.183
   2.143
   2.107
   2.076
   2.046
   2.019
   1.997
   1.979
   1.956
   1.926
   1.885
   1.833
   1.767
   1.605
   0.000
 -65.534
 -65.534
 -65.534
 -65.534
   0.322
   0.352
   0.385
   0.422
   0.470
   0.506
   0.552
   0.605
   0.665
   0.720
   0.766
   0.804
   0.843
   0.885
   0.933
   0.979
   1.027
   1.072
   1.115
   1.163
   1.207
   1.256
   1.308
   1.360
   1.418
   1.477
   1.541
   1.612
   1.684
   1.756
   1.830
   1.902
   1.973
   2.040
   2.109
   2.173
   2.235
   2.280
   2.313
   2.335
   2.335
   2.324
   2.314
   2.303
   2.294
   2.285
   2.270
   2.254
   2.230
   2.204
   2.177
   2.145
   2.111
   2.077
   2.047
   2.021
   2.003
   1.990
   1.972
   1.946
   1.911
   1.866
   1.797
   1.637
   0.000
 -65.534
 -65.534
 -65.534
 -65.534
 -65.534
 -65.534
 -65.534
 -65.534
   0.380
   0.417
   0.452
   0.492
   0.543
   0.594
   0.641
   0.679
   0.716
   0.754
   0.795
   0.838
   0.877
   0.913
   0.951
   0.991
   1.035
   1.079
   1.130
   1.182
   1.236
   1.292
   1.349
   1.408
   1.470
   1.536
   1.608
   1.680
   1.755
   1.833
   1.910
   1.982
   2.052
   2.111
   2.163
   2.200
   2.216
   2.222
   2.226
   2.228
   2.224
   2.220
   2.212
   2.204
   2.192
   2.174
   2.153
   2.130
   2.103
   2.071
   2.040
   2.010
   1.991
   1.974
   1.956
   1.927
   1.900
   1.858
   1.791
   1.613
   0.000
 -65.534
 -65.534
 -65.534
 -65.534
 -65.534
 -65.534
   0.215
   0.255
   0.318
   0.350
   0.373
   0.401
   0.438
   0.478
   0.521
   0.564
   0.602
   0.640
   0.679
   0.713
   0.739
   0.765
   0.798
   0.835
   0.876
   0.924
   0.976
   1.029
   1.078
   1.127
   1.170
   1.214
   1.261
   1.314
   1.377
   1.451
   1.533
   1.621
   1.710
   1.794
   1.873
   1.943
   2.005
   2.049
   2.081
   2.097
   2.109
   2.115
   2.118
   2.121
   2.122
   2.122
   2.117
   2.107
   2.093
   2.074
   2.050
   2.021
   1.989
   1.962
   1.940
   1.923
   1.906
   1.885
   1.854
   1.813
   1.747
   1.573
   0.000
 -65.534
 -65.534
 -65.534
 -65.534
 -65.534
 -65.534
 -65.534
 -65.534
 -65.534
   0.299
   0.313
   0.326
   0.343
   0.365
   0.403
   0.459
   0.502
   0.541
   0.574
   0.603
   0.620
   0.639
   0.667
   0.703
   0.749
   0.801
   0.852
   0.905
   0.951
   0.992
   1.023
   1.053
   1.082
   1.120
   1.170
   1.236
   1.319
   1.418
   1.521
   1.617
   1.708
   1.785
   1.849
   1.901
   1.939
   1.961
   1.972
   1.978
   1.981
   1.982
   1.983
   1.984
   1.982
   1.978
   1.968
   1.951
   1.929
   1.903
   1.873
   1.848
   1.829
   1.816
   1.805
   1.787
   1.757
   1.718
   1.656
   1.510
   0.000
 -65.534
 -65.534
 -65.534
 -65.534
 -65.534
 -65.534
 -65.534
 -65.534
 -65.534
 -65.534
 -65.534
 -65.534
 -65.534
 -65.534
 -65.534
   0.331
   0.379
   0.430
   0.471
   0.516
   0.530
   0.545
   0.573
   0.612
   0.662
   0.720
   0.775
   0.826
   0.867
   0.896
   0.915
   0.930
   0.944
   0.966
   1.000
   1.055
   1.134
   1.235
   1.351
   1.461
   1.560
   1.642
   1.709
   1.762
   1.798
   1.820
   1.831
   1.831
   1.830
   1.825
   1.823
   1.821
   1.819
   1.814
   1.803
   1.788
   1.766
   1.739
   1.709
   1.688
   1.675
   1.666
   1.659
   1.650
   1.629
   1.598
   1.550
   1.412
   0.000
 -65.534
 -65.534
 -65.534
 -65.534
 -65.534
 -65.534
 -65.534
 -65.534
 -65.534
 -65.534
 -65.534
 -65.534
 -65.534
 -65.534
 -65.534
 -65.534
 -65.534
 -65.534
 -65.534
   0.448
   0.475
   0.494
   0.526
   0.571
   0.629
   0.691
   0.749
   0.796
   0.830
   0.845
   0.853
   0.856
   0.861
   0.871
   0.891
   0.926
   0.989
   1.082
   1.201
   1.324
   1.432
   1.521
   1.591
   1.643
   1.679
   1.698
   1.704
   1.701
   1.691
   1.683
   1.674
   1.669
   1.663
   1.651
   1.633
   1.609
   1.581
   1.550
   1.522
   1.504
   1.497
   1.494
   1.492
   1.493
   1.482
   1.457
   1.415
   1.290
   0.000
 -65.534
 -65.534
 -65.534
 -65.534
 -65.534
 -65.534
 -65.534
 -65.534
 -65.534
 -65.534
 -65.534
 -65.534
 -65.534
 -65.534
 -65.534
 -65.534
 -65.534
 -65.534
   0.375
   0.437
   0.459
   0.481
   0.519
   0.575
   0.637
   0.702
   0.759
   0.802
   0.830
   0.840
   0.839
   0.836
   0.836
   0.841
   0.850
   0.867
   0.907
   0.981
   1.089
   1.209
   1.319
   1.412
   1.483
   1.538
   1.570
   1.586
   1.584
   1.578
   1.571
   1.562
   1.554
   1.546
   1.534
   1.513
   1.482
   1.444
   1.403
   1.363
   1.331
   1.312
   1.306
   1.303
   1.307
   1.312
   1.314
   1.305
   1.278
   1.174
   0.000
 -65.534
 -65.534
 -65.534
 -65.534
 -65.534
 -65.534
 -65.534
 -65.534
 -65.534
 -65.534
 -65.534
 -65.534
 -65.534
 -65.534
 -65.534
 -65.534
 -65.534
   0.347
   0.426
   0.451
   0.466
   0.492
   0.535
   0.591
   0.655
   0.722
   0.776
   0.816
   0.841
   0.849
   0.847
   0.844
   0.843
   0.841
   0.844
   0.852
   0.873
   0.926
   1.011
   1.112
   1.211
   1.303
   1.378
   1.435
   1.470
   1.475
   1.472
   1.464
   1.456
   1.451
   1.446
   1.440
   1.426
   1.400
   1.363
   1.319
   1.268
   1.221
   1.183
   1.155
   1.136
   1.123
   1.124
   1.130
   1.139
   1.142
   1.131
   1.050
   0.000
 -65.534
 -65.534
 -65.534
 -65.534
 -65.534
 -65.534
 -65.534
 -65.534
 -65.534
 -65.534
 -65.534
 -65.534
 -65.534
 -65.534
 -65.534
 -65.534
 -65.534
   0.389
   0.454
   0.466
   0.477
   0.500
   0.539
   0.594
   0.653
   0.714
   0.766
   0.803
   0.829
   0.841
   0.845
   0.843
   0.841
   0.836
   0.833
   0.839
   0.852
   0.888
   0.952
   1.030
   1.117
   1.201
   1.275
   1.333
   1.366
   1.371
   1.364
   1.355
   1.349
   1.347
   1.347
   1.347
   1.340
   1.317
   1.285
   1.245
   1.195
   1.146
   1.105
   1.068
   1.037
   1.008
   0.984
   0.975
   0.975
   0.982
   0.981
   0.923
   0.000
 -65.534
 -65.534
 -65.534
 -65.534
 -65.534
 -65.534
 -65.534
 -65.534
 -65.534
 -65.534
 -65.534
 -65.534
 -65.534
 -65.534
 -65.534
 -65.534
 -65.534
   0.378
   0.464
   0.483
   0.485
   0.502
   0.532
   0.577
   0.621
   0.671
   0.714
   0.749
   0.774
   0.791
   0.799
   0.800
   0.801
   0.798
   0.797
   0.803
   0.819
   0.854
   0.907
   0.971
   1.043
   1.115
   1.178
   1.230
   1.259
   1.265
   1.262
   1.256
   1.256
   1.253
   1.257
   1.262
   1.258
   1.244
   1.226
   1.198
   1.161
   1.122
   1.085
   1.050
   1.013
   0.972
   0.930
   0.893
   0.871
   0.860
   0.849
   0.811
   0.000
 -65.534
 -65.534
 -65.534
 -65.534
 -65.534
 -65.534
 -65.534
 -65.534
 -65.534
 -65.534
 -65.534
 -65.534
 -65.534
 -65.534
 -65.534
 -65.534
 -65.534
   0.380
   0.445
   0.493
   0.497
   0.501
   0.518
   0.544
   0.573
   0.604
   0.637
   0.665
   0.688
   0.707
   0.721
   0.725
   0.728
   0.734
   0.742
   0.759
   0.785
   0.824
   0.874
   0.936
   0.997
   1.055
   1.103
   1.142
   1.167
   1.175
   1.175
   1.174
   1.174
   1.177
   1.180
   1.187
   1.189
   1.187
   1.180
   1.164
   1.142
   1.114
   1.086
   1.061
   1.030
   0.992
   0.948
   0.903
   0.862
   0.824
   0.794
   0.751
   0.000
 -65.534
 -65.534
 -65.534
 -65.534
 -65.534
 -65.534
 -65.534
 -65.534
 -65.534
 -65.534
 -65.534
 -65.534
 -65.534
 -65.534
 -65.534
 -65.534
 -65.534
 -65.534
   0.415
   0.474
   0.503
   0.500
   0.504
   0.512
   0.521
   0.535
   0.555
   0.574
   0.591
   0.607
   0.619
   0.624
   0.633
   0.649
   0.670
   0.704
   0.745
   0.791
   0.846
   0.904
   0.957
   1.003
   1.040
   1.070
   1.093
   1.103
   1.105
   1.107
   1.104
   1.105
   1.106
   1.112
   1.114
   1.115
   1.117
   1.114
   1.105
   1.091
   1.075
   1.056
   1.036
   1.010
   0.978
   0.940
   0.893
   0.845
   0.792
   0.720
   0.000
 -65.534
 -65.534
 -65.534
 -65.534
 -65.534
 -65.534
 -65.534
 -65.534
 -65.534
 -65.534
 -65.534
 -65.534
 -65.534
 -65.534
 -65.534
 -65.534
 -65.534
 -65.534
 -65.534
   0.414
   0.459
   0.489
   0.489
   0.483
   0.482
   0.488
   0.503
   0.513
   0.521
   0.527
   0.523
   0.519
   0.522
   0.542
   0.576
   0.622
   0.667
   0.720
   0.771
   0.832
   0.902
   0.942
   0.976
   1.002
   1.022
   1.036
   1.039
   1.041
   1.039
   1.034
   1.026
   1.028
   1.028
   1.028
   1.033
   1.034
   1.035
   1.035
   1.031
   1.024
   1.015
   1.002
   0.982
   0.955
   0.918
   0.869
   0.812
   0.709
   0.000
 -65.534
 -65.534
 -65.534
 -65.534
 -65.534
 -65.534
 -65.534
 -65.534
 -65.534
 -65.534
 -65.534
 -65.534
 -65.534
 -65.534
 -65.534
 -65.534
 -65.534
 -65.534
 -65.534
 -65.534
   0.384
   0.403
   0.437
   0.457
   0.454
   0.463
   0.477
   0.480
   0.482
   0.474
   0.458
   0.440
   0.427
   0.421
   0.417
   0.394
 -65.534
 -65.534
 -65.534
 -65.534
   0.762
   0.851
   0.907
   0.933
   0.953
   0.964
   0.966
   0.962
   0.957
   0.947
   0.940
   0.938
   0.938
   0.940
   0.945
   0.951
   0.955
   0.960
   0.965
   0.969
   0.966
   0.961
   0.951
   0.932
   0.905
   0.864
   0.814
   0.705
   0.000
 -65.534
 -65.534
 -65.534
 -65.534
 -65.534
 -65.534
 -65.534
 -65.534
 -65.534
 -65.534
 -65.534
 -65.534
 -65.534
 -65.534
 -65.534
 -65.534
 -65.534
 -65.534
 -65.534
 -65.534
 -65.534
 -65.534
 -65.534
 -65.534
   0.418
   0.445
   0.455
   0.456
   0.451
   0.438
   0.417
   0.397
   0.380
   0.367
   0.348
   0.320
 -65.534
 -65.534
 -65.534
 -65.534
 -65.534
 -65.534
   0.780
   0.853
   0.874
   0.882
   0.876
   0.867
   0.856
   0.849
   0.844
   0.843
   0.846
   0.853
   0.859
   0.867
   0.877
   0.885
   0.892
   0.895
   0.895
   0.892
   0.885
   0.870
   0.847
   0.817
   0.776
   0.678
   0.000
 -65.534
 -65.534
 -65.534
 -65.534
 -65.534
 -65.534
 -65.534
 -65.534
 -65.534
 -65.534
 -65.534
 -65.534
 -65.534
 -65.534
 -65.534
 -65.534
 -65.534
 -65.534
 -65.534
 -65.534
 -65.534
 -65.534
 -65.534
 -65.534
   0.381
   0.407
   0.417
   0.417
   0.414
   0.405
   0.382
   0.365
   0.351
   0.338
   0.324
   0.306
 -65.534
 -65.534
 -65.534
 -65.534
 -65.534
 -65.534
 -65.534
   0.722
   0.764
   0.763
   0.767
   0.753
   0.744
   0.737
   0.736
   0.742
   0.752
   0.763
   0.775
   0.789
   0.799
   0.806
   0.811
   0.814
   0.815
   0.810
   0.801
   0.787
   0.766
   0.739
   0.707
   0.627
   0.000
 -65.534
 -65.534
 -65.534
 -65.534
 -65.534
 -65.534
 -65.534
 -65.534
 -65.534
 -65.534
 -65.534
 -65.534
 -65.534
 -65.534
 -65.534
 -65.534
 -65.534
 -65.534
 -65.534
 -65.534
 -65.534
 -65.534
 -65.534
 -65.534
 -65.534
 -65.534
 -65.534
 -65.534
 -65.534
   0.359
   0.342
   0.331
   0.328
   0.316
   0.305
   0.283
   0.143
 -65.534
 -65.534
 -65.534
 -65.534
 -65.534
 -65.534
   0.507
   0.470
 -65.534
   0.607
   0.620
   0.624
   0.642
   0.645
   0.656
   0.668
   0.682
   0.698
   0.712
   0.723
   0.728
   0.731
   0.731
   0.731
   0.727
   0.719
   0.705
   0.684
   0.660
   0.633
   0.567
   0.000
 -65.534
 -65.534
 -65.534
 -65.534
 -65.534
 -65.534
 -65.534
 -65.534
 -65.534
 -65.534
 -65.534
 -65.534
 -65.534
 -65.534
 -65.534
 -65.534
 -65.534
 -65.534
 -65.534
 -65.534
 -65.534
 -65.534
 -65.534
 -65.534
 -65.534
 -65.534
 -65.534
 -65.534
 -65.534
 -65.534
 -65.534
 -65.534
   0.297
   0.292
   0.286
   0.258
   0.170
   0.099
 -65.534
 -65.534
 -65.534
 -65.534
 -65.534
 -65.534
 -65.534
 -65.534
 -65.534
 -65.534
 -65.534
   0.497
   0.529
   0.552
   0.589
   0.605
   0.620
   0.634
   0.640
   0.643
   0.645
   0.646
   0.646
   0.642
   0.635
   0.627
   0.612
   0.592
   0.570
   0.518
   0.000
 -65.534
 -65.534
 -65.534
 -65.534
 -65.534
 -65.534
 -65.534
 -65.534
 -65.534
 -65.534
 -65.534
 -65.534
 -65.534
 -65.534
 -65.534
 -65.534
 -65.534
 -65.534
 -65.534
 -65.534
 -65.534
 -65.534
 -65.534
 -65.534
 -65.534
 -65.534
 -65.534
 -65.534
 -65.534
 -65.534
 -65.534
 -65.534
   0.244
   0.248
   0.245
   0.224
   0.178
   0.125
   0.084
   0.059
 -65.534
 -65.534
 -65.534
 -65.534
 -65.534
 -65.534
 -65.534
 -65.534
 -65.534
 -65.534
 -65.534
 -65.534
   0.433
   0.482
   0.507
   0.542
   0.547
   0.551
   0.553
   0.555
   0.557
   0.559
   0.559
   0.554
   0.544
   0.531
   0.514
   0.471
   0.000
 -65.534
 -65.534
 -65.534
 -65.534
 -65.534
 -65.534
 -65.534
 -65.534
 -65.534
 -65.534
 -65.534
 -65.534
 -65.534
 -65.534
 -65.534
 -65.534
 -65.534
 -65.534
 -65.534
 -65.534
 -65.534
 -65.534
 -65.534
 -65.534
 -65.534
 -65.534
 -65.534
 -65.534
 -65.534
 -65.534
 -65.534
 -65.534
 -65.534
 -65.534
 -65.534
 -65.534
   0.136
   0.120
   0.098
   0.078
   0.059
   0.046
   0.039
   0.033
   0.030
 -65.534
 -65.534
 -65.534
 -65.534
 -65.534
 -65.534
 -65.534
 -65.534
 -65.534
 -65.534
   0.404
   0.439
   0.452
   0.458
   0.464
   0.470
   0.477
   0.485
   0.488
   0.485
   0.476
   0.458
   0.423
   0.000
 -65.534
 -65.534
 -65.534
 -65.534
 -65.534
 -65.534
 -65.534
 -65.534
 -65.534
 -65.534
 -65.534
 -65.534
 -65.534
 -65.534
 -65.534
 -65.534
 -65.534
 -65.534
 -65.534
 -65.534
 -65.534
 -65.534
 -65.534
 -65.534
 -65.534
 -65.534
 -65.534
 -65.534
 -65.534
 -65.534
 -65.534
 -65.534
 -65.534
 -65.534
 -65.534
 -65.534
 -65.534
 -65.534
 -65.534
 -65.534
   0.038
 -65.534
 -65.534
 -65.534
 -65.534
 -65.534
 -65.534
 -65.534
 -65.534
 -65.534
 -65.534
 -65.534
 -65.534
 -65.534
 -65.534
   0.299
   0.324
   0.341
   0.351
   0.375
   0.385
   0.401
   0.411
   0.416
   0.418
   0.413
   0.398
   0.366
   0.000
 -65.534
 -65.534
 -65.534
 -65.534
 -65.534
 -65.534
 -65.534
 -65.534
 -65.534
 -65.534
 -65.534
 -65.534
 -65.534
 -65.534
 -65.534
 -65.534
 -65.534
 -65.534
 -65.534
 -65.534
 -65.534
 -65.534
 -65.534
 -65.534
 -65.534
 -65.534
 -65.534
 -65.534
 -65.534
 -65.534
 -65.534
 -65.534
 -65.534
 -65.534
 -65.534
 -65.534
 -65.534
 -65.534
 -65.534
 -65.534
 -65.534
 -65.534
 -65.534
 -65.534
 -65.534
 -65.534
 -65.534
 -65.534
 -65.534
 -65.534
 -65.534
 -65.534
 -65.534
 -65.534
 -65.534
 -65.534
 -65.534
 -65.534
 -65.534
   0.263
   0.280
   0.289
   0.298
   0.304
   0.309
   0.310
   0.297
   0.277
   0.000
 -65.534
 -65.534
 -65.534
 -65.534
 -65.534
 -65.534
 -65.534
 -65.534
 -65.534
 -65.534
 -65.534
 -65.534
 -65.534
 -65.534
 -65.534
 -65.534
 -65.534
 -65.534
 -65.534
 -65.534
 -65.534
 -65.534
 -65.534
 -65.534
 -65.534
 -65.534
 -65.534
 -65.534
 -65.534
 -65.534
 -65.534
 -65.534
 -65.534
 -65.534
 -65.534
 -65.534
 -65.534
 -65.534
 -65.534
 -65.534
 -65.534
 -65.534
 -65.534
 -65.534
 -65.534
 -65.534
 -65.534
 -65.534
 -65.534
 -65.534
 -65.534
 -65.534
 -65.534
 -65.534
 -65.534
 -65.534
 -65.534
 -65.534
 -65.534
 -65.534
 -65.534
   0.000
   0.000
   0.000
   0.000
   0.000
   0.000
   0.000
 -65.534
