 -65.534
   0.000
   0.000
   0.000
   0.000
   0.000
   0.000
   0.000
   0.000
   0.000
   0.000
   0.000
   0.000
   0.000
   0.000
   0.000
   0.000
   0.000
   0.000
   0.000
   0.000
   0.000
   0.000
   0.000
   0.000
   0.000
   0.000
   0.000
   0.000
   0.000
   0.000
   0.000
   0.000
   0.000
   0.000
   0.000
   0.000
   0.000
   0.000
   0.000
   0.000
   0.000
   0.000
   0.000
   0.000
   0.000
   0.000
   0.000
   0.000
   0.000
   0.000
   0.000
   0.000
   0.000
   0.000
   0.000
   0.000
   0.000
   0.000
   0.000
   0.000
   0.000
   0.000
   0.000
   0.000
   0.000
   0.000
   0.000
 -65.534
   0.000
   1.173
   1.361
   1.498
   1.645
   1.784
   1.900
   1.993
   2.062
   2.116
   2.164
   2.213
   2.269
   2.336
   2.409
   2.492
   2.571
   2.648
   2.713
   2.763
   2.796
   2.810
   2.818
   2.787
   2.817
   2.846
   2.841
   2.797
   2.726
   2.646
   2.567
   2.496
   2.420
   2.329
   2.265
   2.166
   2.077
   1.976
   1.860
   1.751
   1.644
   1.550
   1.480
   1.416
   1.353
   1.310
   1.287
   1.291
   1.321
   1.394
   1.465
   1.544
   1.644
   1.752
   1.834
   1.882
   1.891
   1.879
   1.843
   1.800
   1.750
   1.694
   1.615
   1.550
   1.498
   1.447
   1.402
   1.307
   0.000
   0.000
   1.261
   1.433
   1.551
   1.688
   1.825
   1.957
   2.069
   2.162
   2.240
   2.304
   2.365
   2.427
   2.491
   2.559
   2.635
   2.714
   2.798
   2.873
   2.942
   2.998
   3.036
   3.068
   3.065
   3.093
   3.115
   3.109
   3.068
   2.998
   2.917
   2.835
   2.750
   2.668
   2.575
   2.484
   2.381
   2.267
   2.149
   2.022
   1.895
   1.775
   1.667
   1.577
   1.499
   1.428
   1.389
   1.386
   1.425
   1.494
   1.616
   1.733
   1.866
   1.994
   2.115
   2.207
   2.263
   2.292
   2.296
   2.259
   2.206
   2.139
   2.050
   1.953
   1.865
   1.789
   1.717
   1.655
   1.533
   0.000
   0.000
   1.260
   1.416
   1.513
   1.634
   1.763
   1.891
   2.012
   2.117
   2.209
   2.288
   2.357
   2.425
   2.492
   2.559
   2.631
   2.711
   2.792
   2.873
   2.955
   3.029
   3.088
   3.141
   3.177
   3.193
   3.212
   3.205
   3.164
   3.097
   3.022
   2.945
   2.866
   2.780
   2.694
   2.599
   2.485
   2.363
   2.232
   2.092
   1.950
   1.818
   1.696
   1.590
   1.502
   1.432
   1.396
   1.408
   1.469
   1.570
   1.710
   1.873
   2.027
   2.169
   2.307
   2.415
   2.480
   2.516
   2.508
   2.457
   2.381
   2.293
   2.189
   2.073
   1.973
   1.893
   1.825
   1.762
   1.637
   0.000
   0.000
   1.244
   1.390
   1.470
   1.575
   1.686
   1.805
   1.927
   2.038
   2.140
   2.231
   2.310
   2.385
   2.453
   2.522
   2.592
   2.667
   2.747
   2.832
   2.922
   3.009
   3.088
   3.158
   3.215
   3.245
   3.269
   3.265
   3.234
   3.173
   3.111
   3.039
   2.960
   2.880
   2.796
   2.697
   2.583
   2.455
   2.315
   2.161
   2.011
   1.867
   1.733
   1.615
   1.519
   1.444
   1.410
   1.427
   1.501
   1.620
   1.775
   1.956
   2.115
   2.269
   2.406
   2.512
   2.579
   2.610
   2.595
   2.535
   2.449
   2.349
   2.236
   2.123
   2.024
   1.953
   1.896
   1.839
   1.713
   0.000
   0.000
   1.221
   1.362
   1.435
   1.526
   1.626
   1.734
   1.849
   1.961
   2.066
   2.162
   2.245
   2.319
   2.390
   2.461
   2.528
   2.603
   2.680
   2.767
   2.861
   2.958
   3.048
   3.128
   3.195
   3.255
   3.290
   3.290
   3.264
   3.217
   3.162
   3.101
   3.029
   2.954
   2.875
   2.781
   2.668
   2.540
   2.397
   2.240
   2.081
   1.931
   1.794
   1.671
   1.567
   1.483
   1.441
   1.454
   1.531
   1.655
   1.816
   1.996
   2.155
   2.303
   2.429
   2.524
   2.582
   2.605
   2.584
   2.518
   2.436
   2.342
   2.237
   2.130
   2.046
   1.989
   1.944
   1.895
   1.770
   0.000
   0.000
   1.191
   1.329
   1.401
   1.487
   1.578
   1.680
   1.786
   1.896
   2.001
   2.096
   2.179
   2.254
   2.323
   2.388
   2.457
   2.531
   2.607
   2.694
   2.789
   2.889
   2.991
   3.085
   3.169
   3.233
   3.261
   3.272
   3.261
   3.227
   3.186
   3.140
   3.081
   3.012
   2.939
   2.854
   2.749
   2.630
   2.489
   2.336
   2.179
   2.029
   1.892
   1.766
   1.653
   1.553
   1.482
   1.473
   1.528
   1.646
   1.806
   1.974
   2.132
   2.273
   2.389
   2.471
   2.517
   2.534
   2.512
   2.448
   2.372
   2.292
   2.196
   2.106
   2.039
   1.995
   1.963
   1.918
   1.797
   0.000
   0.000
   1.154
   1.295
   1.366
   1.451
   1.537
   1.633
   1.736
   1.843
   1.945
   2.039
   2.120
   2.195
   2.262
   2.326
   2.392
   2.465
   2.542
   2.625
   2.718
   2.815
   2.918
   3.015
   3.100
   3.165
   3.200
   3.220
   3.223
   3.209
   3.186
   3.154
   3.108
   3.052
   2.988
   2.910
   2.819
   2.712
   2.590
   2.451
   2.308
   2.167
   2.031
   1.903
   1.781
   1.654
   1.543
   1.497
   1.504
   1.574
   1.713
   1.879
   2.034
   2.168
   2.284
   2.364
   2.407
   2.422
   2.403
   2.347
   2.288
   2.220
   2.139
   2.064
   2.013
   1.978
   1.948
   1.905
   1.792
   0.000
   0.000
   1.109
   1.254
   1.327
   1.411
   1.497
   1.589
   1.687
   1.792
   1.896
   1.991
   2.073
   2.143
   2.211
   2.273
   2.337
   2.406
   2.481
   2.564
   2.650
   2.745
   2.842
   2.939
   3.022
   3.086
   3.125
   3.153
   3.169
   3.171
   3.166
   3.150
   3.118
   3.074
   3.024
   2.957
   2.879
   2.795
   2.692
   2.578
   2.457
   2.332
   2.203
   2.080
   1.954
   1.815
   1.673
   1.575
   1.543
   1.555
   1.615
   1.733
   1.873
   2.015
   2.138
   2.230
   2.286
   2.311
   2.300
   2.255
   2.208
   2.147
   2.079
   2.016
   1.979
   1.953
   1.919
   1.872
   1.763
   0.000
   0.000
   1.051
   1.198
   1.275
   1.364
   1.448
   1.538
   1.635
   1.738
   1.843
   1.943
   2.026
   2.099
   2.162
   2.222
   2.282
   2.351
   2.425
   2.504
   2.591
   2.681
   2.777
   2.869
   2.953
   3.015
   3.056
   3.089
   3.114
   3.128
   3.139
   3.138
   3.117
   3.085
   3.047
   2.997
   2.934
   2.868
   2.791
   2.699
   2.605
   2.503
   2.386
   2.271
   2.153
   2.013
   1.853
   1.708
   1.631
   1.608
   1.614
   1.656
   1.749
   1.872
   2.002
   2.102
   2.172
   2.209
   2.210
   2.171
   2.125
   2.080
   2.023
   1.972
   1.941
   1.916
   1.883
   1.834
   1.734
   0.000
   0.000
   0.989
   1.134
   1.215
   1.304
   1.390
   1.475
   1.570
   1.673
   1.782
   1.884
   1.973
   2.048
   2.114
   2.172
   2.230
   2.293
   2.366
   2.446
   2.533
   2.622
   2.717
   2.812
   2.894
   2.957
   3.001
   3.036
   3.062
   3.089
   3.107
   3.116
   3.109
   3.091
   3.067
   3.031
   2.984
   2.934
   2.873
   2.807
   2.737
   2.657
   2.562
   2.462
   2.355
   2.227
   2.071
   1.908
   1.778
   1.704
   1.671
   1.673
   1.721
   1.804
   1.906
   1.998
   2.068
   2.104
   2.100
   2.068
   2.034
   2.001
   1.957
   1.918
   1.894
   1.870
   1.837
   1.792
   1.693
   0.000
   0.000
   0.929
   1.068
   1.146
   1.232
   1.313
   1.402
   1.494
   1.593
   1.702
   1.808
   1.903
   1.984
   2.055
   2.114
   2.172
   2.233
   2.304
   2.382
   2.470
   2.563
   2.658
   2.754
   2.840
   2.909
   2.956
   2.993
   3.026
   3.054
   3.080
   3.096
   3.098
   3.097
   3.086
   3.064
   3.034
   2.999
   2.956
   2.906
   2.853
   2.793
   2.719
   2.636
   2.540
   2.424
   2.287
   2.135
   1.984
   1.868
   1.793
   1.758
   1.771
   1.812
   1.874
   1.939
   1.983
   2.005
   2.000
   1.971
   1.944
   1.922
   1.893
   1.863
   1.849
   1.828
   1.797
   1.755
   1.658
   0.000
   0.000
   0.878
   1.004
   1.075
   1.155
   1.232
   1.314
   1.404
   1.502
   1.608
   1.713
   1.811
   1.899
   1.974
   2.038
   2.096
   2.157
   2.228
   2.309
   2.398
   2.492
   2.592
   2.690
   2.780
   2.855
   2.913
   2.960
   2.996
   3.027
   3.056
   3.079
   3.095
   3.106
   3.110
   3.103
   3.083
   3.057
   3.023
   2.981
   2.940
   2.896
   2.839
   2.769
   2.684
   2.578
   2.465
   2.333
   2.195
   2.063
   1.957
   1.890
   1.869
   1.869
   1.885
   1.907
   1.922
   1.924
   1.909
   1.885
   1.868
   1.854
   1.837
   1.818
   1.812
   1.794
   1.765
   1.722
   1.620
   0.000
 -65.534
 -65.534
   0.905
   1.002
   1.070
   1.143
   1.221
   1.305
   1.396
   1.496
   1.602
   1.700
   1.788
   1.868
   1.936
   1.997
   2.059
   2.133
   2.214
   2.304
   2.402
   2.505
   2.607
   2.703
   2.786
   2.860
   2.919
   2.963
   2.998
   3.031
   3.060
   3.085
   3.110
   3.126
   3.126
   3.116
   3.096
   3.065
   3.024
   2.988
   2.952
   2.910
   2.856
   2.783
   2.691
   2.588
   2.479
   2.358
   2.231
   2.115
   2.026
   1.966
   1.928
   1.902
   1.883
   1.866
   1.845
   1.822
   1.803
   1.794
   1.788
   1.779
   1.778
   1.775
   1.761
   1.737
   1.694
   1.579
   0.000
 -65.534
 -65.534
 -65.534
   0.886
   0.983
   1.052
   1.125
   1.202
   1.284
   1.377
   1.476
   1.573
   1.660
   1.741
   1.811
   1.877
   1.942
   2.013
   2.095
   2.187
   2.289
   2.393
   2.501
   2.605
   2.700
   2.788
   2.861
   2.916
   2.961
   2.997
   3.033
   3.065
   3.097
   3.119
   3.127
   3.133
   3.119
   3.087
   3.046
   3.012
   2.982
   2.952
   2.911
   2.849
   2.768
   2.673
   2.572
   2.468
   2.353
   2.238
   2.138
   2.054
   1.989
   1.927
   1.875
   1.836
   1.804
   1.773
   1.752
   1.745
   1.745
   1.742
   1.739
   1.738
   1.730
   1.710
   1.667
   1.542
   0.000
 -65.534
 -65.534
 -65.534
 -65.534
   0.855
   0.955
   1.018
   1.089
   1.165
   1.252
   1.346
   1.438
   1.525
   1.604
   1.676
   1.741
   1.807
   1.876
   1.953
   2.042
   2.142
   2.248
   2.359
   2.471
   2.579
   2.683
   2.773
   2.844
   2.897
   2.943
   2.985
   3.021
   3.057
   3.090
   3.110
   3.120
   3.113
   3.097
   3.060
   3.026
   2.999
   2.972
   2.939
   2.883
   2.809
   2.723
   2.625
   2.522
   2.420
   2.313
   2.213
   2.123
   2.040
   1.967
   1.901
   1.847
   1.808
   1.779
   1.758
   1.750
   1.748
   1.743
   1.734
   1.730
   1.717
   1.694
   1.649
   1.510
   0.000
 -65.534
 -65.534
 -65.534
 -65.534
   0.749
   0.847
   0.908
   0.971
   1.041
   1.121
   1.211
   1.296
   1.383
   1.464
   1.537
   1.600
   1.662
   1.725
   1.794
   1.874
   1.965
   2.070
   2.180
   2.295
   2.414
   2.529
   2.634
   2.723
   2.793
   2.852
   2.904
   2.950
   2.994
   3.032
   3.064
   3.084
   3.086
   3.076
   3.044
   3.016
   2.991
   2.967
   2.933
   2.882
   2.813
   2.729
   2.636
   2.536
   2.435
   2.338
   2.242
   2.155
   2.078
   2.002
   1.941
   1.893
   1.856
   1.828
   1.808
   1.797
   1.792
   1.782
   1.766
   1.751
   1.727
   1.695
   1.639
   1.486
   0.000
 -65.534
 -65.534
 -65.534
 -65.534
   0.651
   0.741
   0.791
   0.849
   0.912
   0.987
   1.069
   1.153
   1.236
   1.316
   1.386
   1.448
   1.503
   1.561
   1.622
   1.692
   1.772
   1.866
   1.973
   2.087
   2.207
   2.331
   2.450
   2.554
   2.643
   2.721
   2.788
   2.842
   2.894
   2.940
   2.978
   3.007
   3.022
   3.015
   2.994
   2.967
   2.942
   2.916
   2.890
   2.846
   2.785
   2.708
   2.620
   2.523
   2.427
   2.339
   2.251
   2.174
   2.107
   2.044
   1.993
   1.954
   1.925
   1.904
   1.889
   1.878
   1.867
   1.850
   1.830
   1.801
   1.762
   1.713
   1.640
   1.461
   0.000
 -65.534
 -65.534
 -65.534
 -65.534
   0.543
   0.629
   0.676
   0.728
   0.787
   0.851
   0.925
   1.003
   1.081
   1.157
   1.222
   1.281
   1.334
   1.388
   1.444
   1.505
   1.575
   1.659
   1.753
   1.861
   1.979
   2.103
   2.229
   2.347
   2.458
   2.553
   2.633
   2.696
   2.753
   2.803
   2.843
   2.875
   2.899
   2.904
   2.891
   2.870
   2.851
   2.831
   2.808
   2.774
   2.726
   2.664
   2.588
   2.498
   2.410
   2.326
   2.249
   2.185
   2.133
   2.088
   2.046
   2.017
   1.999
   1.990
   1.986
   1.978
   1.967
   1.947
   1.913
   1.868
   1.814
   1.753
   1.656
   1.453
   0.000
 -65.534
 -65.534
 -65.534
 -65.534
 -65.534
 -65.534
 -65.534
 -65.534
   0.649
   0.728
   0.787
   0.858
   0.930
   0.998
   1.057
   1.111
   1.161
   1.213
   1.269
   1.327
   1.385
   1.454
   1.535
   1.635
   1.750
   1.873
   2.003
   2.131
   2.249
   2.355
   2.440
   2.512
   2.572
   2.621
   2.663
   2.698
   2.723
   2.735
   2.733
   2.727
   2.722
   2.720
   2.712
   2.694
   2.658
   2.607
   2.540
   2.464
   2.391
   2.315
   2.246
   2.194
   2.154
   2.122
   2.098
   2.081
   2.073
   2.071
   2.076
   2.080
   2.073
   2.049
   2.006
   1.954
   1.891
   1.812
   1.707
   1.505
   0.000
 -65.534
 -65.534
 -65.534
 -65.534
 -65.534
 -65.534
   0.170
   0.376
   0.561
   0.615
   0.665
   0.723
   0.786
   0.847
   0.902
   0.952
   1.000
   1.048
   1.100
   1.153
   1.206
   1.265
   1.340
   1.427
   1.535
   1.659
   1.792
   1.925
   2.047
   2.155
   2.241
   2.311
   2.367
   2.415
   2.455
   2.488
   2.515
   2.536
   2.547
   2.560
   2.578
   2.596
   2.608
   2.609
   2.592
   2.550
   2.493
   2.435
   2.365
   2.295
   2.235
   2.189
   2.163
   2.145
   2.138
   2.133
   2.134
   2.139
   2.149
   2.153
   2.148
   2.126
   2.080
   2.018
   1.955
   1.870
   1.749
   1.528
   0.000
 -65.534
 -65.534
 -65.534
 -65.534
 -65.534
 -65.534
 -65.534
 -65.534
 -65.534
   0.484
   0.544
   0.587
   0.640
   0.690
   0.744
   0.804
   0.846
   0.893
   0.944
   0.996
   1.044
   1.099
   1.167
   1.254
   1.360
   1.480
   1.607
   1.738
   1.859
   1.960
   2.043
   2.111
   2.164
   2.208
   2.242
   2.275
   2.307
   2.334
   2.362
   2.396
   2.433
   2.469
   2.503
   2.515
   2.514
   2.486
   2.445
   2.393
   2.334
   2.277
   2.228
   2.192
   2.170
   2.165
   2.166
   2.171
   2.179
   2.191
   2.197
   2.195
   2.187
   2.164
   2.122
   2.058
   1.991
   1.912
   1.782
   1.536
   0.000
 -65.534
 -65.534
 -65.534
 -65.534
 -65.534
 -65.534
 -65.534
 -65.534
 -65.534
 -65.534
 -65.534
 -65.534
 -65.534
 -65.534
 -65.534
   0.618
   0.677
   0.720
   0.779
   0.861
   0.909
   0.962
   1.028
   1.107
   1.208
   1.323
   1.447
   1.568
   1.682
   1.781
   1.861
   1.925
   1.973
   2.015
   2.053
   2.086
   2.121
   2.160
   2.207
   2.253
   2.302
   2.351
   2.390
   2.421
   2.428
   2.415
   2.387
   2.349
   2.303
   2.253
   2.210
   2.181
   2.167
   2.169
   2.181
   2.194
   2.207
   2.218
   2.222
   2.212
   2.193
   2.172
   2.137
   2.078
   2.005
   1.929
   1.804
   1.535
   0.000
 -65.534
 -65.534
 -65.534
 -65.534
 -65.534
 -65.534
 -65.534
 -65.534
 -65.534
 -65.534
 -65.534
 -65.534
 -65.534
 -65.534
 -65.534
 -65.534
 -65.534
 -65.534
 -65.534
   0.731
   0.801
   0.851
   0.912
   0.985
   1.073
   1.179
   1.292
   1.409
   1.520
   1.613
   1.693
   1.759
   1.811
   1.856
   1.896
   1.935
   1.975
   2.019
   2.070
   2.125
   2.179
   2.234
   2.282
   2.320
   2.337
   2.333
   2.312
   2.284
   2.249
   2.209
   2.175
   2.150
   2.143
   2.149
   2.164
   2.180
   2.194
   2.206
   2.206
   2.187
   2.168
   2.148
   2.116
   2.067
   1.996
   1.913
   1.796
   1.513
   0.000
 -65.534
 -65.534
 -65.534
 -65.534
 -65.534
 -65.534
 -65.534
 -65.534
 -65.534
 -65.534
 -65.534
 -65.534
 -65.534
 -65.534
 -65.534
 -65.534
 -65.534
 -65.534
   0.494
   0.691
   0.720
   0.767
   0.819
   0.881
   0.957
   1.045
   1.148
   1.255
   1.362
   1.459
   1.543
   1.613
   1.669
   1.717
   1.762
   1.805
   1.849
   1.894
   1.944
   1.997
   2.058
   2.120
   2.176
   2.216
   2.237
   2.233
   2.209
   2.182
   2.153
   2.126
   2.101
   2.085
   2.079
   2.084
   2.091
   2.100
   2.117
   2.127
   2.123
   2.107
   2.089
   2.073
   2.048
   2.007
   1.948
   1.855
   1.738
   1.456
   0.000
 -65.534
 -65.534
 -65.534
 -65.534
 -65.534
 -65.534
 -65.534
 -65.534
 -65.534
 -65.534
 -65.534
 -65.534
 -65.534
 -65.534
 -65.534
 -65.534
 -65.534
   0.410
   0.578
   0.636
   0.666
   0.702
   0.743
   0.794
   0.855
   0.926
   1.010
   1.106
   1.209
   1.313
   1.404
   1.478
   1.539
   1.589
   1.631
   1.674
   1.716
   1.760
   1.808
   1.863
   1.928
   1.999
   2.065
   2.114
   2.132
   2.124
   2.097
   2.066
   2.038
   2.011
   1.989
   1.973
   1.961
   1.961
   1.967
   1.979
   1.991
   2.000
   1.993
   1.982
   1.966
   1.955
   1.938
   1.912
   1.858
   1.773
   1.666
   1.403
   0.000
 -65.534
 -65.534
 -65.534
 -65.534
 -65.534
 -65.534
 -65.534
 -65.534
 -65.534
 -65.534
 -65.534
 -65.534
 -65.534
 -65.534
 -65.534
 -65.534
 -65.534
   0.465
   0.560
   0.592
   0.624
   0.649
   0.681
   0.719
   0.761
   0.813
   0.877
   0.960
   1.057
   1.162
   1.261
   1.339
   1.404
   1.455
   1.496
   1.534
   1.572
   1.611
   1.656
   1.711
   1.780
   1.856
   1.928
   1.986
   2.011
   1.997
   1.966
   1.932
   1.902
   1.876
   1.852
   1.831
   1.816
   1.813
   1.816
   1.821
   1.829
   1.834
   1.827
   1.816
   1.811
   1.807
   1.800
   1.780
   1.735
   1.674
   1.579
   1.339
   0.000
 -65.534
 -65.534
 -65.534
 -65.534
 -65.534
 -65.534
 -65.534
 -65.534
 -65.534
 -65.534
 -65.534
 -65.534
 -65.534
 -65.534
 -65.534
 -65.534
 -65.534
   0.456
   0.528
   0.559
   0.587
   0.609
   0.632
   0.654
   0.680
   0.713
   0.754
   0.817
   0.904
   1.007
   1.108
   1.191
   1.262
   1.316
   1.358
   1.391
   1.425
   1.461
   1.505
   1.559
   1.625
   1.699
   1.772
   1.825
   1.850
   1.841
   1.814
   1.785
   1.752
   1.722
   1.700
   1.676
   1.665
   1.661
   1.660
   1.657
   1.658
   1.653
   1.647
   1.638
   1.634
   1.633
   1.629
   1.614
   1.586
   1.534
   1.458
   1.244
   0.000
 -65.534
 -65.534
 -65.534
 -65.534
 -65.534
 -65.534
 -65.534
 -65.534
 -65.534
 -65.534
 -65.534
 -65.534
 -65.534
 -65.534
 -65.534
 -65.534
 -65.534
   0.419
   0.491
   0.526
   0.553
   0.574
   0.590
   0.605
   0.616
   0.633
   0.659
   0.700
   0.769
   0.858
   0.956
   1.040
   1.115
   1.176
   1.222
   1.260
   1.294
   1.332
   1.375
   1.424
   1.484
   1.549
   1.612
   1.656
   1.677
   1.675
   1.652
   1.624
   1.594
   1.565
   1.539
   1.516
   1.503
   1.493
   1.485
   1.477
   1.468
   1.461
   1.453
   1.453
   1.452
   1.448
   1.440
   1.426
   1.402
   1.361
   1.301
   1.122
   0.000
 -65.534
 -65.534
 -65.534
 -65.534
 -65.534
 -65.534
 -65.534
 -65.534
 -65.534
 -65.534
 -65.534
 -65.534
 -65.534
 -65.534
 -65.534
 -65.534
 -65.534
 -65.534
   0.425
   0.485
   0.515
   0.538
   0.550
   0.558
   0.562
   0.570
   0.584
   0.613
   0.657
   0.728
   0.809
   0.889
   0.965
   1.033
   1.088
   1.132
   1.173
   1.214
   1.257
   1.305
   1.359
   1.413
   1.462
   1.499
   1.516
   1.511
   1.492
   1.466
   1.438
   1.411
   1.385
   1.361
   1.342
   1.325
   1.310
   1.291
   1.275
   1.266
   1.261
   1.262
   1.264
   1.264
   1.254
   1.234
   1.205
   1.167
   1.115
   0.966
   0.000
 -65.534
 -65.534
 -65.534
 -65.534
 -65.534
 -65.534
 -65.534
 -65.534
 -65.534
 -65.534
 -65.534
 -65.534
 -65.534
 -65.534
 -65.534
 -65.534
 -65.534
 -65.534
 -65.534
   0.416
   0.464
   0.486
   0.497
   0.502
   0.503
   0.508
   0.518
   0.537
   0.568
   0.615
   0.674
   0.742
   0.813
   0.881
   0.944
   0.990
   1.020
   1.069
   1.118
   1.176
   1.236
   1.276
   1.316
   1.348
   1.361
   1.358
   1.338
   1.314
   1.288
   1.264
   1.244
   1.217
   1.194
   1.172
   1.148
   1.124
   1.103
   1.086
   1.078
   1.082
   1.084
   1.082
   1.069
   1.045
   1.011
   0.970
   0.913
   0.777
   0.000
 -65.534
 -65.534
 -65.534
 -65.534
 -65.534
 -65.534
 -65.534
 -65.534
 -65.534
 -65.534
 -65.534
 -65.534
 -65.534
 -65.534
 -65.534
 -65.534
 -65.534
 -65.534
 -65.534
 -65.534
   0.390
   0.417
   0.432
   0.440
   0.446
   0.448
   0.460
   0.475
   0.499
   0.531
   0.565
   0.612
   0.663
   0.712
   0.737
   0.675
 -65.534
 -65.534
 -65.534
 -65.534
   1.011
   1.103
   1.170
   1.200
   1.219
   1.217
   1.199
   1.178
   1.154
   1.131
   1.108
   1.081
   1.057
   1.029
   1.001
   0.972
   0.944
   0.926
   0.913
   0.910
   0.908
   0.901
   0.884
   0.857
   0.824
   0.782
   0.730
   0.603
   0.000
 -65.534
 -65.534
 -65.534
 -65.534
 -65.534
 -65.534
 -65.534
 -65.534
 -65.534
 -65.534
 -65.534
 -65.534
 -65.534
 -65.534
 -65.534
 -65.534
 -65.534
 -65.534
 -65.534
 -65.534
 -65.534
 -65.534
 -65.534
 -65.534
   0.379
   0.391
   0.406
   0.423
   0.447
   0.469
   0.492
   0.523
   0.555
   0.579
   0.572
   0.492
 -65.534
 -65.534
 -65.534
 -65.534
 -65.534
 -65.534
   0.953
   1.056
   1.089
   1.093
   1.073
   1.047
   1.024
   1.000
   0.977
   0.952
   0.924
   0.894
   0.866
   0.836
   0.805
   0.778
   0.762
   0.750
   0.742
   0.729
   0.707
   0.678
   0.643
   0.605
   0.555
   0.446
   0.000
 -65.534
 -65.534
 -65.534
 -65.534
 -65.534
 -65.534
 -65.534
 -65.534
 -65.534
 -65.534
 -65.534
 -65.534
 -65.534
 -65.534
 -65.534
 -65.534
 -65.534
 -65.534
 -65.534
 -65.534
 -65.534
 -65.534
 -65.534
 -65.534
   0.319
   0.339
   0.356
   0.380
   0.410
   0.432
   0.450
   0.471
   0.489
   0.498
   0.483
   0.437
 -65.534
 -65.534
 -65.534
 -65.534
 -65.534
 -65.534
 -65.534
   0.862
   0.928
   0.933
   0.938
   0.915
   0.898
   0.876
   0.858
   0.835
   0.809
   0.780
   0.749
   0.718
   0.687
   0.660
   0.635
   0.616
   0.593
   0.569
   0.536
   0.500
   0.462
   0.425
   0.379
   0.293
   0.000
 -65.534
 -65.534
 -65.534
 -65.534
 -65.534
 -65.534
 -65.534
 -65.534
 -65.534
 -65.534
 -65.534
 -65.534
 -65.534
 -65.534
 -65.534
 -65.534
 -65.534
 -65.534
 -65.534
 -65.534
 -65.534
 -65.534
 -65.534
 -65.534
 -65.534
 -65.534
 -65.534
 -65.534
 -65.534
   0.383
   0.422
   0.445
   0.463
   0.465
   0.451
   0.416
   0.183
 -65.534
 -65.534
 -65.534
 -65.534
 -65.534
 -65.534
   0.639
   0.698
 -65.534
   0.692
   0.722
   0.738
   0.766
   0.762
   0.748
   0.720
   0.691
   0.658
   0.625
   0.591
   0.557
   0.524
   0.492
   0.456
   0.417
   0.371
   0.319
   0.272
   0.231
   0.186
   0.124
   0.000
 -65.534
 -65.534
 -65.534
 -65.534
 -65.534
 -65.534
 -65.534
 -65.534
 -65.534
 -65.534
 -65.534
 -65.534
 -65.534
 -65.534
 -65.534
 -65.534
 -65.534
 -65.534
 -65.534
 -65.534
 -65.534
 -65.534
 -65.534
 -65.534
 -65.534
 -65.534
 -65.534
 -65.534
 -65.534
 -65.534
 -65.534
 -65.534
   0.429
   0.448
   0.441
   0.402
   0.255
   0.129
 -65.534
 -65.534
 -65.534
 -65.534
 -65.534
 -65.534
 -65.534
 -65.534
 -65.534
 -65.534
 -65.534
   0.540
   0.623
   0.643
   0.658
   0.631
   0.594
   0.544
   0.499
   0.454
   0.412
   0.366
   0.314
   0.257
   0.193
   0.134
   0.084
   0.040
   0.001
  -0.035
   0.000
 -65.534
 -65.534
 -65.534
 -65.534
 -65.534
 -65.534
 -65.534
 -65.534
 -65.534
 -65.534
 -65.534
 -65.534
 -65.534
 -65.534
 -65.534
 -65.534
 -65.534
 -65.534
 -65.534
 -65.534
 -65.534
 -65.534
 -65.534
 -65.534
 -65.534
 -65.534
 -65.534
 -65.534
 -65.534
 -65.534
 -65.534
 -65.534
   0.407
   0.427
   0.422
   0.385
   0.287
   0.188
   0.115
   0.079
 -65.534
 -65.534
 -65.534
 -65.534
 -65.534
 -65.534
 -65.534
 -65.534
 -65.534
 -65.534
 -65.534
 -65.534
   0.435
   0.474
   0.452
   0.430
   0.386
   0.338
   0.284
   0.228
   0.165
   0.095
   0.026
  -0.036
  -0.087
  -0.130
  -0.155
  -0.154
   0.000
 -65.534
 -65.534
 -65.534
 -65.534
 -65.534
 -65.534
 -65.534
 -65.534
 -65.534
 -65.534
 -65.534
 -65.534
 -65.534
 -65.534
 -65.534
 -65.534
 -65.534
 -65.534
 -65.534
 -65.534
 -65.534
 -65.534
 -65.534
 -65.534
 -65.534
 -65.534
 -65.534
 -65.534
 -65.534
 -65.534
 -65.534
 -65.534
 -65.534
 -65.534
 -65.534
 -65.534
   0.240
   0.197
   0.152
   0.117
   0.081
   0.062
   0.046
   0.041
   0.038
 -65.534
 -65.534
 -65.534
 -65.534
 -65.534
 -65.534
 -65.534
 -65.534
 -65.534
 -65.534
   0.218
   0.245
   0.215
   0.166
   0.104
   0.039
  -0.028
  -0.098
  -0.182
  -0.232
  -0.271
  -0.291
  -0.271
   0.000
 -65.534
 -65.534
 -65.534
 -65.534
 -65.534
 -65.534
 -65.534
 -65.534
 -65.534
 -65.534
 -65.534
 -65.534
 -65.534
 -65.534
 -65.534
 -65.534
 -65.534
 -65.534
 -65.534
 -65.534
 -65.534
 -65.534
 -65.534
 -65.534
 -65.534
 -65.534
 -65.534
 -65.534
 -65.534
 -65.534
 -65.534
 -65.534
 -65.534
 -65.534
 -65.534
 -65.534
 -65.534
 -65.534
 -65.534
 -65.534
   0.065
 -65.534
 -65.534
 -65.534
 -65.534
 -65.534
 -65.534
 -65.534
 -65.534
 -65.534
 -65.534
 -65.534
 -65.534
 -65.534
 -65.534
   0.034
   0.095
   0.083
   0.043
  -0.004
  -0.083
  -0.165
  -0.230
  -0.284
  -0.324
  -0.352
  -0.363
  -0.333
   0.000
 -65.534
 -65.534
 -65.534
 -65.534
 -65.534
 -65.534
 -65.534
 -65.534
 -65.534
 -65.534
 -65.534
 -65.534
 -65.534
 -65.534
 -65.534
 -65.534
 -65.534
 -65.534
 -65.534
 -65.534
 -65.534
 -65.534
 -65.534
 -65.534
 -65.534
 -65.534
 -65.534
 -65.534
 -65.534
 -65.534
 -65.534
 -65.534
 -65.534
 -65.534
 -65.534
 -65.534
 -65.534
 -65.534
 -65.534
 -65.534
 -65.534
 -65.534
 -65.534
 -65.534
 -65.534
 -65.534
 -65.534
 -65.534
 -65.534
 -65.534
 -65.534
 -65.534
 -65.534
 -65.534
 -65.534
 -65.534
 -65.534
 -65.534
 -65.534
  -0.150
  -0.183
  -0.234
  -0.283
  -0.320
  -0.347
  -0.362
  -0.361
  -0.328
   0.000
 -65.534
 -65.534
 -65.534
 -65.534
 -65.534
 -65.534
 -65.534
 -65.534
 -65.534
 -65.534
 -65.534
 -65.534
 -65.534
 -65.534
 -65.534
 -65.534
 -65.534
 -65.534
 -65.534
 -65.534
 -65.534
 -65.534
 -65.534
 -65.534
 -65.534
 -65.534
 -65.534
 -65.534
 -65.534
 -65.534
 -65.534
 -65.534
 -65.534
 -65.534
 -65.534
 -65.534
 -65.534
 -65.534
 -65.534
 -65.534
 -65.534
 -65.534
 -65.534
 -65.534
 -65.534
 -65.534
 -65.534
 -65.534
 -65.534
 -65.534
 -65.534
 -65.534
 -65.534
 -65.534
 -65.534
 -65.534
 -65.534
 -65.534
 -65.534
 -65.534
 -65.534
   0.000
   0.000
   0.000
   0.000
   0.000
   0.000
   0.000
 -65.534
