 -65.534
   0.000
   0.000
   0.000
   0.000
   0.000
   0.000
   0.000
   0.000
   0.000
   0.000
   0.000
   0.000
   0.000
   0.000
   0.000
   0.000
   0.000
   0.000
   0.000
   0.000
   0.000
   0.000
   0.000
   0.000
   0.000
   0.000
   0.000
   0.000
   0.000
   0.000
   0.000
   0.000
   0.000
   0.000
   0.000
   0.000
   0.000
   0.000
   0.000
   0.000
   0.000
   0.000
   0.000
   0.000
   0.000
   0.000
   0.000
   0.000
   0.000
   0.000
   0.000
   0.000
   0.000
   0.000
   0.000
   0.000
   0.000
   0.000
   0.000
   0.000
   0.000
   0.000
   0.000
   0.000
   0.000
   0.000
   0.000
 -65.534
   0.000
   1.349
   1.600
   1.775
   1.952
   2.110
   2.243
   2.357
   2.464
   2.567
   2.674
   2.790
   2.915
   3.048
   3.187
   3.335
   3.471
   3.582
   3.650
   3.677
   3.654
   3.592
   3.520
   3.388
   3.407
   3.459
   3.472
   3.424
   3.336
   3.221
   3.104
   2.998
   2.869
   2.719
   2.617
   2.462
   2.322
   2.167
   1.995
   1.851
   1.721
   1.622
   1.572
   1.534
   1.494
   1.468
   1.454
   1.456
   1.474
   1.504
   1.544
   1.580
   1.647
   1.694
   1.756
   1.799
   1.819
   1.832
   1.844
   1.859
   1.869
   1.868
   1.863
   1.850
   1.821
   1.777
   1.720
   1.616
   0.000
   0.000
   1.411
   1.635
   1.786
   1.958
   2.123
   2.284
   2.429
   2.560
   2.687
   2.811
   2.941
   3.072
   3.209
   3.347
   3.487
   3.625
   3.748
   3.836
   3.885
   3.893
   3.864
   3.828
   3.751
   3.771
   3.806
   3.809
   3.766
   3.677
   3.570
   3.455
   3.340
   3.225
   3.095
   2.972
   2.834
   2.674
   2.510
   2.334
   2.161
   2.006
   1.874
   1.775
   1.697
   1.630
   1.588
   1.577
   1.602
   1.649
   1.715
   1.788
   1.873
   1.957
   2.032
   2.097
   2.144
   2.182
   2.212
   2.234
   2.260
   2.282
   2.289
   2.284
   2.272
   2.248
   2.202
   2.139
   1.984
   0.000
   0.000
   1.388
   1.584
   1.710
   1.866
   2.026
   2.184
   2.337
   2.484
   2.625
   2.765
   2.903
   3.043
   3.182
   3.316
   3.452
   3.586
   3.705
   3.802
   3.875
   3.915
   3.926
   3.927
   3.919
   3.910
   3.936
   3.935
   3.889
   3.807
   3.705
   3.600
   3.493
   3.383
   3.274
   3.166
   3.028
   2.881
   2.719
   2.543
   2.364
   2.194
   2.035
   1.892
   1.771
   1.672
   1.608
   1.590
   1.621
   1.697
   1.789
   1.899
   2.007
   2.107
   2.199
   2.273
   2.324
   2.361
   2.391
   2.418
   2.446
   2.466
   2.469
   2.466
   2.462
   2.441
   2.396
   2.330
   2.153
   0.000
   0.000
   1.363
   1.536
   1.641
   1.779
   1.926
   2.075
   2.226
   2.375
   2.524
   2.673
   2.823
   2.966
   3.105
   3.234
   3.364
   3.489
   3.604
   3.707
   3.798
   3.867
   3.909
   3.941
   3.977
   3.989
   4.015
   4.009
   3.967
   3.886
   3.797
   3.700
   3.595
   3.498
   3.408
   3.309
   3.192
   3.060
   2.911
   2.745
   2.573
   2.398
   2.221
   2.050
   1.883
   1.731
   1.626
   1.588
   1.614
   1.706
   1.823
   1.957
   2.084
   2.203
   2.304
   2.382
   2.440
   2.483
   2.515
   2.540
   2.561
   2.579
   2.585
   2.588
   2.585
   2.571
   2.533
   2.468
   2.278
   0.000
   0.000
   1.343
   1.500
   1.594
   1.718
   1.849
   1.986
   2.128
   2.272
   2.421
   2.574
   2.721
   2.863
   2.996
   3.123
   3.244
   3.361
   3.474
   3.581
   3.685
   3.772
   3.837
   3.893
   3.943
   4.004
   4.036
   4.017
   3.973
   3.900
   3.818
   3.727
   3.635
   3.553
   3.478
   3.399
   3.302
   3.191
   3.062
   2.913
   2.752
   2.589
   2.413
   2.227
   2.028
   1.824
   1.653
   1.563
   1.577
   1.677
   1.826
   1.980
   2.131
   2.263
   2.372
   2.461
   2.527
   2.580
   2.614
   2.636
   2.653
   2.671
   2.680
   2.685
   2.684
   2.669
   2.629
   2.566
   2.369
   0.000
   0.000
   1.324
   1.469
   1.558
   1.670
   1.789
   1.917
   2.052
   2.192
   2.334
   2.480
   2.621
   2.757
   2.884
   2.997
   3.111
   3.223
   3.332
   3.443
   3.555
   3.659
   3.748
   3.831
   3.912
   3.969
   3.974
   3.956
   3.916
   3.854
   3.784
   3.711
   3.631
   3.559
   3.499
   3.438
   3.363
   3.279
   3.171
   3.047
   2.904
   2.752
   2.587
   2.403
   2.191
   1.950
   1.707
   1.531
   1.496
   1.609
   1.786
   1.973
   2.146
   2.292
   2.418
   2.520
   2.596
   2.651
   2.683
   2.701
   2.718
   2.736
   2.745
   2.745
   2.741
   2.725
   2.688
   2.624
   2.421
   0.000
   0.000
   1.302
   1.440
   1.524
   1.631
   1.742
   1.863
   1.989
   2.122
   2.257
   2.397
   2.531
   2.657
   2.774
   2.883
   2.987
   3.097
   3.205
   3.319
   3.429
   3.537
   3.632
   3.718
   3.795
   3.844
   3.852
   3.842
   3.813
   3.764
   3.709
   3.651
   3.583
   3.524
   3.474
   3.428
   3.379
   3.319
   3.241
   3.139
   3.022
   2.889
   2.733
   2.555
   2.347
   2.093
   1.806
   1.551
   1.431
   1.505
   1.697
   1.909
   2.103
   2.271
   2.419
   2.535
   2.622
   2.683
   2.722
   2.743
   2.755
   2.765
   2.765
   2.763
   2.758
   2.740
   2.700
   2.636
   2.439
   0.000
   0.000
   1.265
   1.404
   1.487
   1.591
   1.698
   1.812
   1.929
   2.056
   2.185
   2.317
   2.445
   2.563
   2.673
   2.777
   2.881
   2.984
   3.091
   3.203
   3.311
   3.416
   3.505
   3.586
   3.650
   3.693
   3.704
   3.702
   3.685
   3.648
   3.606
   3.560
   3.506
   3.458
   3.422
   3.388
   3.355
   3.322
   3.270
   3.197
   3.102
   2.989
   2.844
   2.677
   2.479
   2.236
   1.949
   1.672
   1.489
   1.483
   1.621
   1.814
   2.013
   2.202
   2.370
   2.512
   2.617
   2.694
   2.739
   2.752
   2.760
   2.758
   2.752
   2.745
   2.738
   2.717
   2.678
   2.615
   2.419
   0.000
   0.000
   1.210
   1.347
   1.430
   1.534
   1.638
   1.747
   1.866
   1.989
   2.113
   2.243
   2.364
   2.479
   2.584
   2.685
   2.781
   2.881
   2.984
   3.091
   3.197
   3.296
   3.378
   3.450
   3.506
   3.539
   3.554
   3.554
   3.542
   3.520
   3.491
   3.455
   3.411
   3.373
   3.350
   3.330
   3.316
   3.300
   3.271
   3.220
   3.153
   3.059
   2.930
   2.774
   2.588
   2.361
   2.097
   1.831
   1.633
   1.564
   1.615
   1.746
   1.921
   2.104
   2.285
   2.441
   2.569
   2.663
   2.717
   2.731
   2.730
   2.725
   2.713
   2.703
   2.692
   2.668
   2.628
   2.568
   2.377
   0.000
   0.000
   1.149
   1.277
   1.356
   1.456
   1.562
   1.671
   1.788
   1.910
   2.038
   2.166
   2.288
   2.402
   2.507
   2.603
   2.695
   2.789
   2.885
   2.982
   3.080
   3.169
   3.247
   3.313
   3.364
   3.393
   3.404
   3.410
   3.401
   3.389
   3.371
   3.346
   3.318
   3.294
   3.280
   3.275
   3.275
   3.274
   3.258
   3.225
   3.176
   3.104
   2.992
   2.850
   2.675
   2.467
   2.226
   1.978
   1.773
   1.666
   1.656
   1.716
   1.850
   2.005
   2.169
   2.325
   2.467
   2.576
   2.641
   2.666
   2.671
   2.670
   2.661
   2.650
   2.635
   2.608
   2.567
   2.501
   2.313
   0.000
   0.000
   1.090
   1.206
   1.276
   1.366
   1.467
   1.578
   1.696
   1.817
   1.946
   2.074
   2.203
   2.319
   2.428
   2.526
   2.615
   2.701
   2.785
   2.872
   2.961
   3.043
   3.116
   3.180
   3.230
   3.261
   3.275
   3.282
   3.282
   3.275
   3.267
   3.256
   3.241
   3.233
   3.231
   3.235
   3.247
   3.255
   3.252
   3.227
   3.195
   3.137
   3.043
   2.916
   2.754
   2.556
   2.335
   2.105
   1.898
   1.759
   1.705
   1.724
   1.798
   1.911
   2.048
   2.189
   2.319
   2.434
   2.523
   2.567
   2.589
   2.601
   2.601
   2.593
   2.577
   2.547
   2.506
   2.434
   2.243
   0.000
   0.000
   1.034
   1.139
   1.194
   1.273
   1.366
   1.473
   1.588
   1.709
   1.835
   1.965
   2.090
   2.213
   2.328
   2.426
   2.517
   2.601
   2.681
   2.758
   2.838
   2.915
   2.988
   3.049
   3.103
   3.139
   3.162
   3.177
   3.186
   3.185
   3.185
   3.185
   3.185
   3.190
   3.198
   3.214
   3.231
   3.243
   3.243
   3.226
   3.201
   3.161
   3.084
   2.977
   2.830
   2.648
   2.440
   2.228
   2.019
   1.849
   1.751
   1.732
   1.770
   1.835
   1.935
   2.043
   2.153
   2.262
   2.364
   2.432
   2.479
   2.506
   2.519
   2.522
   2.517
   2.493
   2.445
   2.364
   2.167
   0.000
 -65.534
 -65.534
   1.032
   1.113
   1.173
   1.262
   1.362
   1.470
   1.587
   1.707
   1.829
   1.952
   2.073
   2.188
   2.292
   2.388
   2.472
   2.551
   2.626
   2.703
   2.778
   2.848
   2.915
   2.975
   3.020
   3.056
   3.081
   3.099
   3.108
   3.119
   3.129
   3.139
   3.152
   3.170
   3.189
   3.207
   3.222
   3.217
   3.206
   3.190
   3.163
   3.112
   3.029
   2.905
   2.743
   2.557
   2.352
   2.145
   1.952
   1.813
   1.737
   1.726
   1.761
   1.817
   1.891
   1.979
   2.078
   2.178
   2.268
   2.340
   2.394
   2.424
   2.443
   2.448
   2.427
   2.377
   2.293
   2.090
   0.000
 -65.534
 -65.534
 -65.534
   0.987
   1.075
   1.154
   1.247
   1.345
   1.452
   1.562
   1.677
   1.792
   1.903
   2.016
   2.123
   2.223
   2.312
   2.396
   2.472
   2.552
   2.630
   2.706
   2.779
   2.844
   2.902
   2.948
   2.985
   3.013
   3.033
   3.049
   3.069
   3.087
   3.107
   3.128
   3.148
   3.175
   3.187
   3.183
   3.174
   3.166
   3.153
   3.124
   3.066
   2.967
   2.831
   2.664
   2.478
   2.273
   2.071
   1.900
   1.782
   1.722
   1.708
   1.719
   1.758
   1.824
   1.912
   2.009
   2.106
   2.196
   2.275
   2.316
   2.338
   2.350
   2.334
   2.290
   2.207
   2.001
   0.000
 -65.534
 -65.534
 -65.534
 -65.534
   0.941
   1.045
   1.123
   1.211
   1.308
   1.410
   1.515
   1.619
   1.727
   1.835
   1.939
   2.039
   2.133
   2.217
   2.298
   2.379
   2.463
   2.545
   2.626
   2.702
   2.768
   2.826
   2.872
   2.909
   2.935
   2.962
   2.989
   3.013
   3.041
   3.066
   3.093
   3.120
   3.134
   3.144
   3.136
   3.131
   3.129
   3.117
   3.079
   3.004
   2.892
   2.752
   2.591
   2.401
   2.203
   2.020
   1.873
   1.770
   1.712
   1.685
   1.685
   1.723
   1.792
   1.878
   1.970
   2.065
   2.144
   2.190
   2.212
   2.223
   2.212
   2.179
   2.101
   1.899
   0.000
 -65.534
 -65.534
 -65.534
 -65.534
   0.837
   0.927
   0.995
   1.075
   1.162
   1.254
   1.350
   1.448
   1.550
   1.651
   1.753
   1.851
   1.944
   2.032
   2.112
   2.191
   2.275
   2.360
   2.444
   2.526
   2.601
   2.665
   2.717
   2.766
   2.807
   2.845
   2.882
   2.915
   2.953
   2.990
   3.022
   3.049
   3.068
   3.078
   3.070
   3.069
   3.074
   3.075
   3.056
   3.003
   2.915
   2.807
   2.674
   2.515
   2.343
   2.173
   2.009
   1.872
   1.780
   1.723
   1.701
   1.710
   1.751
   1.814
   1.883
   1.958
   2.022
   2.060
   2.082
   2.094
   2.084
   2.058
   1.989
   1.783
   0.000
 -65.534
 -65.534
 -65.534
 -65.534
   0.740
   0.812
   0.867
   0.938
   1.017
   1.103
   1.189
   1.281
   1.373
   1.470
   1.565
   1.663
   1.755
   1.841
   1.920
   1.997
   2.073
   2.152
   2.233
   2.310
   2.386
   2.457
   2.524
   2.585
   2.644
   2.699
   2.749
   2.798
   2.844
   2.889
   2.923
   2.952
   2.972
   2.980
   2.974
   2.966
   2.969
   2.975
   2.981
   2.948
   2.885
   2.807
   2.710
   2.594
   2.462
   2.324
   2.182
   2.042
   1.925
   1.844
   1.797
   1.783
   1.795
   1.829
   1.871
   1.917
   1.958
   1.984
   1.998
   2.005
   1.994
   1.970
   1.900
   1.681
   0.000
 -65.534
 -65.534
 -65.534
 -65.534
   0.663
   0.713
   0.755
   0.813
   0.882
   0.957
   1.039
   1.121
   1.205
   1.294
   1.384
   1.473
   1.564
   1.653
   1.732
   1.802
   1.871
   1.938
   2.009
   2.085
   2.159
   2.231
   2.305
   2.378
   2.452
   2.522
   2.590
   2.649
   2.707
   2.754
   2.789
   2.813
   2.831
   2.836
   2.833
   2.828
   2.831
   2.837
   2.849
   2.839
   2.806
   2.763
   2.702
   2.621
   2.533
   2.438
   2.331
   2.222
   2.119
   2.035
   1.972
   1.932
   1.921
   1.929
   1.949
   1.970
   1.988
   1.994
   1.987
   1.974
   1.953
   1.920
   1.838
   1.616
   0.000
 -65.534
 -65.534
 -65.534
 -65.534
 -65.534
 -65.534
 -65.534
 -65.534
   0.750
   0.839
   0.905
   0.976
   1.052
   1.131
   1.214
   1.298
   1.385
   1.472
   1.554
   1.628
   1.685
   1.743
   1.804
   1.875
   1.950
   2.028
   2.104
   2.179
   2.256
   2.333
   2.403
   2.474
   2.533
   2.585
   2.620
   2.644
   2.660
   2.671
   2.670
   2.672
   2.680
   2.695
   2.708
   2.715
   2.711
   2.686
   2.651
   2.608
   2.557
   2.503
   2.443
   2.375
   2.309
   2.249
   2.200
   2.159
   2.134
   2.129
   2.131
   2.128
   2.117
   2.093
   2.052
   2.008
   1.955
   1.901
   1.811
   1.571
   0.000
 -65.534
 -65.534
 -65.534
 -65.534
 -65.534
 -65.534
   0.380
   0.540
   0.682
   0.729
   0.787
   0.849
   0.914
   0.984
   1.061
   1.140
   1.222
   1.310
   1.393
   1.464
   1.522
   1.575
   1.636
   1.702
   1.772
   1.850
   1.926
   2.002
   2.075
   2.146
   2.215
   2.281
   2.341
   2.394
   2.431
   2.459
   2.483
   2.500
   2.509
   2.519
   2.534
   2.555
   2.582
   2.599
   2.608
   2.602
   2.586
   2.566
   2.538
   2.507
   2.482
   2.456
   2.429
   2.407
   2.385
   2.363
   2.346
   2.335
   2.334
   2.313
   2.279
   2.224
   2.151
   2.071
   1.987
   1.902
   1.801
   1.503
   0.000
 -65.534
 -65.534
 -65.534
 -65.534
 -65.534
 -65.534
 -65.534
 -65.534
 -65.534
   0.622
   0.684
   0.730
   0.783
   0.841
   0.910
   0.995
   1.071
   1.159
   1.248
   1.320
   1.377
   1.435
   1.499
   1.569
   1.641
   1.712
   1.780
   1.851
   1.915
   1.974
   2.032
   2.093
   2.153
   2.204
   2.244
   2.280
   2.312
   2.334
   2.350
   2.368
   2.394
   2.424
   2.457
   2.484
   2.498
   2.499
   2.491
   2.477
   2.459
   2.446
   2.441
   2.440
   2.441
   2.446
   2.451
   2.449
   2.442
   2.436
   2.427
   2.395
   2.342
   2.268
   2.183
   2.095
   1.995
   1.896
   1.786
   1.480
   0.000
 -65.534
 -65.534
 -65.534
 -65.534
 -65.534
 -65.534
 -65.534
 -65.534
 -65.534
 -65.534
 -65.534
 -65.534
 -65.534
 -65.534
 -65.534
   0.834
   0.926
   1.004
   1.098
   1.202
   1.261
   1.326
   1.393
   1.463
   1.535
   1.605
   1.668
   1.724
   1.776
   1.826
   1.875
   1.925
   1.979
   2.031
   2.077
   2.117
   2.154
   2.183
   2.216
   2.241
   2.267
   2.299
   2.332
   2.363
   2.384
   2.389
   2.380
   2.370
   2.357
   2.349
   2.348
   2.357
   2.374
   2.397
   2.419
   2.429
   2.431
   2.425
   2.414
   2.363
   2.294
   2.222
   2.144
   2.066
   1.966
   1.864
   1.751
   1.449
   0.000
 -65.534
 -65.534
 -65.534
 -65.534
 -65.534
 -65.534
 -65.534
 -65.534
 -65.534
 -65.534
 -65.534
 -65.534
 -65.534
 -65.534
 -65.534
 -65.534
 -65.534
 -65.534
 -65.534
   1.090
   1.177
   1.241
   1.312
   1.386
   1.456
   1.521
   1.576
   1.625
   1.666
   1.703
   1.740
   1.786
   1.835
   1.883
   1.935
   1.981
   2.021
   2.055
   2.088
   2.120
   2.148
   2.180
   2.215
   2.247
   2.267
   2.273
   2.269
   2.268
   2.270
   2.274
   2.281
   2.295
   2.315
   2.342
   2.366
   2.383
   2.383
   2.375
   2.354
   2.294
   2.222
   2.155
   2.089
   2.027
   1.937
   1.835
   1.717
   1.411
   0.000
 -65.534
 -65.534
 -65.534
 -65.534
 -65.534
 -65.534
 -65.534
 -65.534
 -65.534
 -65.534
 -65.534
 -65.534
 -65.534
 -65.534
 -65.534
 -65.534
 -65.534
 -65.534
   0.843
   1.074
   1.114
   1.186
   1.258
   1.331
   1.398
   1.459
   1.508
   1.548
   1.581
   1.610
   1.638
   1.674
   1.717
   1.761
   1.810
   1.859
   1.905
   1.941
   1.974
   2.006
   2.044
   2.083
   2.119
   2.149
   2.168
   2.167
   2.164
   2.167
   2.183
   2.207
   2.234
   2.257
   2.281
   2.300
   2.314
   2.322
   2.322
   2.309
   2.277
   2.218
   2.154
   2.098
   2.045
   1.997
   1.925
   1.834
   1.713
   1.399
   0.000
 -65.534
 -65.534
 -65.534
 -65.534
 -65.534
 -65.534
 -65.534
 -65.534
 -65.534
 -65.534
 -65.534
 -65.534
 -65.534
 -65.534
 -65.534
 -65.534
 -65.534
   0.761
   0.964
   1.014
   1.065
   1.134
   1.211
   1.284
   1.350
   1.406
   1.452
   1.484
   1.512
   1.534
   1.556
   1.583
   1.616
   1.652
   1.694
   1.740
   1.783
   1.823
   1.861
   1.898
   1.941
   1.989
   2.035
   2.072
   2.088
   2.085
   2.079
   2.084
   2.105
   2.138
   2.172
   2.199
   2.215
   2.227
   2.239
   2.245
   2.239
   2.220
   2.184
   2.136
   2.081
   2.034
   1.998
   1.965
   1.911
   1.837
   1.717
   1.400
   0.000
 -65.534
 -65.534
 -65.534
 -65.534
 -65.534
 -65.534
 -65.534
 -65.534
 -65.534
 -65.534
 -65.534
 -65.534
 -65.534
 -65.534
 -65.534
 -65.534
 -65.534
   0.847
   0.929
   0.956
   1.010
   1.073
   1.150
   1.225
   1.290
   1.348
   1.389
   1.420
   1.442
   1.463
   1.480
   1.495
   1.516
   1.545
   1.577
   1.616
   1.658
   1.698
   1.737
   1.779
   1.830
   1.886
   1.941
   1.982
   1.999
   1.996
   1.988
   1.994
   2.018
   2.052
   2.080
   2.095
   2.100
   2.105
   2.109
   2.109
   2.106
   2.090
   2.057
   2.019
   1.982
   1.952
   1.926
   1.896
   1.857
   1.802
   1.690
   1.387
   0.000
 -65.534
 -65.534
 -65.534
 -65.534
 -65.534
 -65.534
 -65.534
 -65.534
 -65.534
 -65.534
 -65.534
 -65.534
 -65.534
 -65.534
 -65.534
 -65.534
 -65.534
   0.830
   0.876
   0.902
   0.947
   1.005
   1.076
   1.151
   1.218
   1.277
   1.317
   1.348
   1.371
   1.387
   1.402
   1.407
   1.423
   1.439
   1.464
   1.497
   1.533
   1.573
   1.615
   1.661
   1.714
   1.768
   1.823
   1.861
   1.881
   1.883
   1.882
   1.890
   1.908
   1.936
   1.962
   1.972
   1.974
   1.972
   1.968
   1.957
   1.946
   1.929
   1.907
   1.879
   1.852
   1.830
   1.808
   1.785
   1.756
   1.701
   1.598
   1.331
   0.000
 -65.534
 -65.534
 -65.534
 -65.534
 -65.534
 -65.534
 -65.534
 -65.534
 -65.534
 -65.534
 -65.534
 -65.534
 -65.534
 -65.534
 -65.534
 -65.534
 -65.534
   0.776
   0.824
   0.844
   0.882
   0.933
   0.999
   1.071
   1.137
   1.195
   1.243
   1.278
   1.300
   1.316
   1.326
   1.326
   1.332
   1.345
   1.365
   1.395
   1.430
   1.470
   1.514
   1.559
   1.607
   1.653
   1.696
   1.726
   1.742
   1.752
   1.756
   1.767
   1.788
   1.811
   1.829
   1.840
   1.840
   1.831
   1.815
   1.794
   1.773
   1.758
   1.739
   1.722
   1.701
   1.681
   1.656
   1.632
   1.595
   1.531
   1.443
   1.193
   0.000
 -65.534
 -65.534
 -65.534
 -65.534
 -65.534
 -65.534
 -65.534
 -65.534
 -65.534
 -65.534
 -65.534
 -65.534
 -65.534
 -65.534
 -65.534
 -65.534
 -65.534
 -65.534
   0.744
   0.785
   0.814
   0.858
   0.913
   0.978
   1.043
   1.106
   1.160
   1.201
   1.226
   1.243
   1.251
   1.246
   1.252
   1.265
   1.284
   1.311
   1.346
   1.387
   1.429
   1.474
   1.517
   1.555
   1.586
   1.606
   1.617
   1.623
   1.630
   1.643
   1.662
   1.680
   1.698
   1.706
   1.701
   1.687
   1.665
   1.638
   1.618
   1.602
   1.584
   1.569
   1.547
   1.523
   1.490
   1.447
   1.395
   1.322
   1.227
   0.993
   0.000
 -65.534
 -65.534
 -65.534
 -65.534
 -65.534
 -65.534
 -65.534
 -65.534
 -65.534
 -65.534
 -65.534
 -65.534
 -65.534
 -65.534
 -65.534
 -65.534
 -65.534
 -65.534
 -65.534
   0.702
   0.745
   0.776
   0.821
   0.871
   0.932
   0.997
   1.057
   1.105
   1.138
   1.159
   1.165
   1.166
   1.173
   1.185
   1.210
   1.242
   1.279
   1.330
   1.376
   1.420
   1.452
   1.472
   1.491
   1.504
   1.507
   1.506
   1.510
   1.516
   1.529
   1.546
   1.565
   1.568
   1.565
   1.553
   1.533
   1.508
   1.487
   1.465
   1.448
   1.430
   1.402
   1.365
   1.319
   1.257
   1.186
   1.102
   0.999
   0.764
   0.000
 -65.534
 -65.534
 -65.534
 -65.534
 -65.534
 -65.534
 -65.534
 -65.534
 -65.534
 -65.534
 -65.534
 -65.534
 -65.534
 -65.534
 -65.534
 -65.534
 -65.534
 -65.534
 -65.534
 -65.534
   0.650
   0.684
   0.719
   0.765
   0.823
   0.880
   0.942
   0.997
   1.037
   1.061
   1.066
   1.069
   1.061
   1.038
   0.970
   0.770
 -65.534
 -65.534
 -65.534
 -65.534
   1.339
   1.392
   1.412
   1.414
   1.417
   1.412
   1.405
   1.405
   1.407
   1.414
   1.420
   1.419
   1.412
   1.399
   1.379
   1.359
   1.339
   1.322
   1.301
   1.277
   1.246
   1.203
   1.142
   1.067
   0.985
   0.891
   0.777
   0.554
   0.000
 -65.534
 -65.534
 -65.534
 -65.534
 -65.534
 -65.534
 -65.534
 -65.534
 -65.534
 -65.534
 -65.534
 -65.534
 -65.534
 -65.534
 -65.534
 -65.534
 -65.534
 -65.534
 -65.534
 -65.534
 -65.534
 -65.534
 -65.534
 -65.534
   0.700
   0.766
   0.824
   0.881
   0.926
   0.952
   0.960
   0.960
   0.933
   0.870
   0.740
   0.504
 -65.534
 -65.534
 -65.534
 -65.534
 -65.534
 -65.534
   1.292
   1.328
   1.332
   1.326
   1.305
   1.287
   1.277
   1.267
   1.261
   1.256
   1.242
   1.224
   1.202
   1.180
   1.156
   1.132
   1.110
   1.084
   1.051
   1.007
   0.944
   0.868
   0.783
   0.686
   0.568
   0.370
   0.000
 -65.534
 -65.534
 -65.534
 -65.534
 -65.534
 -65.534
 -65.534
 -65.534
 -65.534
 -65.534
 -65.534
 -65.534
 -65.534
 -65.534
 -65.534
 -65.534
 -65.534
 -65.534
 -65.534
 -65.534
 -65.534
 -65.534
 -65.534
 -65.534
   0.572
   0.632
   0.681
   0.739
   0.800
   0.841
   0.850
   0.845
   0.807
   0.729
   0.599
   0.421
 -65.534
 -65.534
 -65.534
 -65.534
 -65.534
 -65.534
 -65.534
   1.196
   1.212
   1.195
   1.189
   1.164
   1.144
   1.125
   1.112
   1.099
   1.080
   1.053
   1.023
   0.992
   0.960
   0.928
   0.898
   0.865
   0.821
   0.771
   0.709
   0.637
   0.555
   0.464
   0.352
   0.181
   0.000
 -65.534
 -65.534
 -65.534
 -65.534
 -65.534
 -65.534
 -65.534
 -65.534
 -65.534
 -65.534
 -65.534
 -65.534
 -65.534
 -65.534
 -65.534
 -65.534
 -65.534
 -65.534
 -65.534
 -65.534
 -65.534
 -65.534
 -65.534
 -65.534
 -65.534
 -65.534
 -65.534
 -65.534
 -65.534
   0.684
   0.713
   0.716
   0.699
   0.622
   0.519
   0.393
   0.109
 -65.534
 -65.534
 -65.534
 -65.534
 -65.534
 -65.534
   0.937
   0.839
 -65.534
   0.966
   0.982
   0.984
   1.000
   0.987
   0.970
   0.935
   0.901
   0.858
   0.815
   0.769
   0.724
   0.679
   0.633
   0.581
   0.522
   0.456
   0.380
   0.301
   0.213
   0.110
  -0.025
   0.000
 -65.534
 -65.534
 -65.534
 -65.534
 -65.534
 -65.534
 -65.534
 -65.534
 -65.534
 -65.534
 -65.534
 -65.534
 -65.534
 -65.534
 -65.534
 -65.534
 -65.534
 -65.534
 -65.534
 -65.534
 -65.534
 -65.534
 -65.534
 -65.534
 -65.534
 -65.534
 -65.534
 -65.534
 -65.534
 -65.534
 -65.534
 -65.534
   0.598
   0.545
   0.473
   0.374
   0.187
   0.056
 -65.534
 -65.534
 -65.534
 -65.534
 -65.534
 -65.534
 -65.534
 -65.534
 -65.534
 -65.534
 -65.534
   0.773
   0.822
   0.821
   0.825
   0.780
   0.724
   0.650
   0.583
   0.521
   0.460
   0.398
   0.334
   0.266
   0.195
   0.119
   0.043
  -0.038
  -0.127
  -0.230
   0.000
 -65.534
 -65.534
 -65.534
 -65.534
 -65.534
 -65.534
 -65.534
 -65.534
 -65.534
 -65.534
 -65.534
 -65.534
 -65.534
 -65.534
 -65.534
 -65.534
 -65.534
 -65.534
 -65.534
 -65.534
 -65.534
 -65.534
 -65.534
 -65.534
 -65.534
 -65.534
 -65.534
 -65.534
 -65.534
 -65.534
 -65.534
 -65.534
   0.500
   0.474
   0.427
   0.354
   0.226
   0.113
   0.043
   0.014
 -65.534
 -65.534
 -65.534
 -65.534
 -65.534
 -65.534
 -65.534
 -65.534
 -65.534
 -65.534
 -65.534
 -65.534
   0.591
   0.592
   0.543
   0.481
   0.406
   0.332
   0.257
   0.180
   0.101
   0.021
  -0.054
  -0.131
  -0.202
  -0.266
  -0.336
  -0.404
   0.000
 -65.534
 -65.534
 -65.534
 -65.534
 -65.534
 -65.534
 -65.534
 -65.534
 -65.534
 -65.534
 -65.534
 -65.534
 -65.534
 -65.534
 -65.534
 -65.534
 -65.534
 -65.534
 -65.534
 -65.534
 -65.534
 -65.534
 -65.534
 -65.534
 -65.534
 -65.534
 -65.534
 -65.534
 -65.534
 -65.534
 -65.534
 -65.534
 -65.534
 -65.534
 -65.534
 -65.534
   0.207
   0.139
   0.086
   0.046
   0.011
  -0.001
  -0.020
  -0.031
  -0.045
 -65.534
 -65.534
 -65.534
 -65.534
 -65.534
 -65.534
 -65.534
 -65.534
 -65.534
 -65.534
   0.272
   0.251
   0.183
   0.104
   0.008
  -0.090
  -0.180
  -0.265
  -0.341
  -0.405
  -0.459
  -0.509
  -0.547
   0.000
 -65.534
 -65.534
 -65.534
 -65.534
 -65.534
 -65.534
 -65.534
 -65.534
 -65.534
 -65.534
 -65.534
 -65.534
 -65.534
 -65.534
 -65.534
 -65.534
 -65.534
 -65.534
 -65.534
 -65.534
 -65.534
 -65.534
 -65.534
 -65.534
 -65.534
 -65.534
 -65.534
 -65.534
 -65.534
 -65.534
 -65.534
 -65.534
 -65.534
 -65.534
 -65.534
 -65.534
 -65.534
 -65.534
 -65.534
 -65.534
   0.025
 -65.534
 -65.534
 -65.534
 -65.534
 -65.534
 -65.534
 -65.534
 -65.534
 -65.534
 -65.534
 -65.534
 -65.534
 -65.534
 -65.534
   0.046
   0.068
   0.022
  -0.046
  -0.131
  -0.226
  -0.326
  -0.416
  -0.494
  -0.557
  -0.601
  -0.634
  -0.647
   0.000
 -65.534
 -65.534
 -65.534
 -65.534
 -65.534
 -65.534
 -65.534
 -65.534
 -65.534
 -65.534
 -65.534
 -65.534
 -65.534
 -65.534
 -65.534
 -65.534
 -65.534
 -65.534
 -65.534
 -65.534
 -65.534
 -65.534
 -65.534
 -65.534
 -65.534
 -65.534
 -65.534
 -65.534
 -65.534
 -65.534
 -65.534
 -65.534
 -65.534
 -65.534
 -65.534
 -65.534
 -65.534
 -65.534
 -65.534
 -65.534
 -65.534
 -65.534
 -65.534
 -65.534
 -65.534
 -65.534
 -65.534
 -65.534
 -65.534
 -65.534
 -65.534
 -65.534
 -65.534
 -65.534
 -65.534
 -65.534
 -65.534
 -65.534
 -65.534
  -0.209
  -0.305
  -0.402
  -0.487
  -0.551
  -0.601
  -0.639
  -0.655
  -0.650
   0.000
 -65.534
 -65.534
 -65.534
 -65.534
 -65.534
 -65.534
 -65.534
 -65.534
 -65.534
 -65.534
 -65.534
 -65.534
 -65.534
 -65.534
 -65.534
 -65.534
 -65.534
 -65.534
 -65.534
 -65.534
 -65.534
 -65.534
 -65.534
 -65.534
 -65.534
 -65.534
 -65.534
 -65.534
 -65.534
 -65.534
 -65.534
 -65.534
 -65.534
 -65.534
 -65.534
 -65.534
 -65.534
 -65.534
 -65.534
 -65.534
 -65.534
 -65.534
 -65.534
 -65.534
 -65.534
 -65.534
 -65.534
 -65.534
 -65.534
 -65.534
 -65.534
 -65.534
 -65.534
 -65.534
 -65.534
 -65.534
 -65.534
 -65.534
 -65.534
 -65.534
 -65.534
   0.000
   0.000
   0.000
   0.000
   0.000
   0.000
   0.000
 -65.534
