 -65.534
   0.000
   0.000
   0.000
   0.000
   0.000
   0.000
   0.000
   0.000
   0.000
   0.000
   0.000
   0.000
   0.000
   0.000
   0.000
   0.000
   0.000
   0.000
   0.000
   0.000
   0.000
   0.000
   0.000
   0.000
   0.000
   0.000
   0.000
   0.000
   0.000
   0.000
   0.000
   0.000
   0.000
   0.000
   0.000
   0.000
   0.000
   0.000
   0.000
   0.000
   0.000
   0.000
   0.000
   0.000
   0.000
   0.000
   0.000
   0.000
   0.000
   0.000
   0.000
   0.000
   0.000
   0.000
   0.000
   0.000
   0.000
   0.000
   0.000
   0.000
   0.000
   0.000
   0.000
   0.000
   0.000
   0.000
   0.000
 -65.534
   0.000
   1.248
   1.416
   1.514
   1.609
   1.688
   1.752
   1.800
   1.833
   1.861
   1.887
   1.909
   1.934
   1.962
   1.996
   2.037
   2.085
   2.144
   2.209
   2.280
   2.358
   2.440
   2.522
   2.603
   2.658
   2.691
   2.710
   2.716
   2.707
   2.688
   2.669
   2.644
   2.623
   2.614
   2.609
   2.599
   2.588
   2.576
   2.560
   2.538
   2.514
   2.495
   2.478
   2.471
   2.475
   2.487
   2.513
   2.549
   2.593
   2.659
   2.734
   2.812
   2.889
   2.964
   3.051
   3.111
   3.155
   3.181
   3.185
   3.181
   3.170
   3.150
   3.126
   3.100
   3.066
   3.042
   3.021
   2.882
   0.000
   0.000
   1.304
   1.452
   1.530
   1.614
   1.686
   1.752
   1.806
   1.847
   1.882
   1.912
   1.939
   1.965
   1.992
   2.021
   2.059
   2.104
   2.163
   2.230
   2.304
   2.385
   2.466
   2.548
   2.624
   2.683
   2.723
   2.755
   2.772
   2.773
   2.768
   2.761
   2.753
   2.756
   2.765
   2.775
   2.779
   2.776
   2.763
   2.747
   2.725
   2.704
   2.683
   2.663
   2.650
   2.657
   2.689
   2.738
   2.804
   2.877
   2.969
   3.072
   3.181
   3.284
   3.380
   3.458
   3.522
   3.576
   3.609
   3.623
   3.621
   3.611
   3.587
   3.552
   3.516
   3.481
   3.447
   3.416
   3.266
   0.000
   0.000
   1.276
   1.408
   1.474
   1.541
   1.606
   1.665
   1.720
   1.769
   1.812
   1.852
   1.886
   1.914
   1.938
   1.967
   2.000
   2.042
   2.097
   2.161
   2.234
   2.315
   2.396
   2.476
   2.548
   2.608
   2.653
   2.689
   2.713
   2.724
   2.731
   2.741
   2.754
   2.776
   2.802
   2.827
   2.845
   2.847
   2.837
   2.817
   2.796
   2.774
   2.750
   2.723
   2.704
   2.708
   2.746
   2.816
   2.908
   3.010
   3.118
   3.230
   3.343
   3.451
   3.555
   3.643
   3.713
   3.765
   3.797
   3.806
   3.803
   3.791
   3.762
   3.717
   3.672
   3.631
   3.593
   3.560
   3.399
   0.000
   0.000
   1.248
   1.369
   1.421
   1.479
   1.532
   1.586
   1.638
   1.687
   1.736
   1.780
   1.821
   1.854
   1.882
   1.910
   1.940
   1.979
   2.029
   2.090
   2.160
   2.239
   2.324
   2.402
   2.472
   2.533
   2.585
   2.629
   2.661
   2.686
   2.710
   2.738
   2.771
   2.812
   2.857
   2.895
   2.922
   2.930
   2.921
   2.900
   2.877
   2.852
   2.827
   2.798
   2.779
   2.781
   2.819
   2.895
   3.000
   3.121
   3.245
   3.367
   3.484
   3.594
   3.700
   3.793
   3.864
   3.919
   3.954
   3.965
   3.959
   3.939
   3.908
   3.856
   3.809
   3.760
   3.716
   3.677
   3.505
   0.000
   0.000
   1.216
   1.327
   1.374
   1.423
   1.471
   1.518
   1.565
   1.616
   1.664
   1.709
   1.752
   1.787
   1.818
   1.847
   1.876
   1.913
   1.959
   2.020
   2.089
   2.167
   2.247
   2.324
   2.396
   2.459
   2.520
   2.576
   2.625
   2.664
   2.707
   2.750
   2.798
   2.850
   2.908
   2.958
   2.992
   3.008
   3.004
   2.982
   2.962
   2.939
   2.913
   2.887
   2.868
   2.868
   2.901
   2.974
   3.083
   3.216
   3.356
   3.491
   3.612
   3.722
   3.828
   3.922
   3.998
   4.059
   4.094
   4.102
   4.096
   4.080
   4.041
   3.993
   3.939
   3.887
   3.837
   3.786
   3.600
   0.000
   0.000
   1.179
   1.285
   1.329
   1.375
   1.418
   1.462
   1.506
   1.553
   1.600
   1.646
   1.689
   1.727
   1.759
   1.789
   1.819
   1.857
   1.900
   1.956
   2.022
   2.095
   2.173
   2.248
   2.324
   2.393
   2.463
   2.533
   2.598
   2.656
   2.714
   2.772
   2.828
   2.890
   2.954
   3.014
   3.060
   3.088
   3.092
   3.080
   3.062
   3.044
   3.020
   2.997
   2.981
   2.977
   2.996
   3.054
   3.157
   3.288
   3.437
   3.588
   3.720
   3.837
   3.944
   4.037
   4.116
   4.182
   4.224
   4.235
   4.231
   4.211
   4.178
   4.129
   4.077
   4.020
   3.959
   3.893
   3.687
   0.000
   0.000
   1.138
   1.239
   1.280
   1.325
   1.367
   1.408
   1.453
   1.499
   1.548
   1.595
   1.640
   1.677
   1.713
   1.743
   1.775
   1.810
   1.855
   1.906
   1.967
   2.036
   2.110
   2.187
   2.264
   2.341
   2.419
   2.499
   2.576
   2.650
   2.722
   2.791
   2.859
   2.929
   3.004
   3.072
   3.133
   3.173
   3.188
   3.189
   3.181
   3.167
   3.151
   3.134
   3.118
   3.109
   3.110
   3.144
   3.223
   3.339
   3.487
   3.646
   3.792
   3.923
   4.038
   4.138
   4.223
   4.293
   4.339
   4.354
   4.353
   4.340
   4.306
   4.262
   4.208
   4.145
   4.075
   3.999
   3.772
   0.000
   0.000
   1.082
   1.184
   1.226
   1.273
   1.313
   1.356
   1.400
   1.447
   1.500
   1.551
   1.599
   1.641
   1.676
   1.709
   1.739
   1.776
   1.819
   1.867
   1.926
   1.990
   2.061
   2.139
   2.217
   2.299
   2.383
   2.470
   2.558
   2.644
   2.729
   2.812
   2.889
   2.969
   3.052
   3.131
   3.203
   3.260
   3.290
   3.299
   3.304
   3.303
   3.297
   3.289
   3.278
   3.262
   3.249
   3.260
   3.316
   3.403
   3.525
   3.677
   3.833
   3.980
   4.113
   4.226
   4.322
   4.398
   4.451
   4.476
   4.476
   4.466
   4.433
   4.390
   4.335
   4.270
   4.190
   4.099
   3.854
   0.000
   0.000
   1.012
   1.111
   1.158
   1.206
   1.248
   1.290
   1.337
   1.390
   1.447
   1.507
   1.559
   1.602
   1.636
   1.667
   1.697
   1.734
   1.776
   1.826
   1.885
   1.949
   2.018
   2.097
   2.180
   2.264
   2.354
   2.446
   2.542
   2.636
   2.730
   2.823
   2.910
   2.997
   3.089
   3.180
   3.266
   3.338
   3.384
   3.403
   3.416
   3.427
   3.433
   3.437
   3.437
   3.424
   3.405
   3.395
   3.422
   3.489
   3.583
   3.718
   3.865
   4.022
   4.170
   4.299
   4.406
   4.491
   4.549
   4.578
   4.586
   4.574
   4.543
   4.502
   4.446
   4.378
   4.289
   4.188
   3.923
   0.000
   0.000
   0.937
   1.028
   1.075
   1.123
   1.168
   1.214
   1.262
   1.318
   1.382
   1.448
   1.503
   1.548
   1.582
   1.609
   1.640
   1.675
   1.721
   1.775
   1.834
   1.899
   1.973
   2.054
   2.142
   2.231
   2.325
   2.422
   2.520
   2.620
   2.721
   2.818
   2.916
   3.013
   3.112
   3.212
   3.313
   3.401
   3.462
   3.498
   3.522
   3.535
   3.546
   3.559
   3.570
   3.570
   3.556
   3.543
   3.545
   3.587
   3.671
   3.789
   3.911
   4.062
   4.218
   4.357
   4.462
   4.549
   4.609
   4.642
   4.653
   4.640
   4.607
   4.563
   4.510
   4.437
   4.345
   4.242
   3.965
   0.000
   0.000
   0.866
   0.947
   0.986
   1.032
   1.077
   1.123
   1.174
   1.232
   1.298
   1.367
   1.427
   1.475
   1.513
   1.544
   1.577
   1.615
   1.663
   1.717
   1.778
   1.849
   1.924
   2.009
   2.101
   2.196
   2.295
   2.391
   2.491
   2.593
   2.696
   2.802
   2.906
   3.014
   3.124
   3.232
   3.341
   3.441
   3.520
   3.575
   3.615
   3.635
   3.647
   3.663
   3.683
   3.691
   3.691
   3.687
   3.690
   3.712
   3.782
   3.884
   3.993
   4.129
   4.273
   4.406
   4.516
   4.593
   4.647
   4.674
   4.680
   4.662
   4.625
   4.576
   4.520
   4.449
   4.356
   4.255
   3.975
   0.000
   0.000
   0.795
   0.879
   0.903
   0.939
   0.981
   1.025
   1.073
   1.128
   1.193
   1.259
   1.321
   1.375
   1.421
   1.461
   1.501
   1.544
   1.594
   1.653
   1.719
   1.792
   1.870
   1.959
   2.055
   2.153
   2.254
   2.350
   2.450
   2.550
   2.659
   2.770
   2.884
   3.003
   3.123
   3.239
   3.354
   3.460
   3.550
   3.619
   3.675
   3.712
   3.728
   3.743
   3.768
   3.788
   3.801
   3.812
   3.826
   3.853
   3.908
   3.990
   4.080
   4.194
   4.321
   4.443
   4.543
   4.618
   4.658
   4.672
   4.664
   4.635
   4.591
   4.540
   4.482
   4.412
   4.326
   4.228
   3.957
   0.000
 -65.534
 -65.534
   0.790
   0.841
   0.863
   0.892
   0.926
   0.970
   1.016
   1.073
   1.134
   1.194
   1.251
   1.306
   1.356
   1.406
   1.458
   1.514
   1.578
   1.647
   1.725
   1.808
   1.899
   1.995
   2.097
   2.198
   2.296
   2.398
   2.501
   2.611
   2.729
   2.851
   2.977
   3.106
   3.229
   3.348
   3.461
   3.556
   3.635
   3.698
   3.746
   3.771
   3.795
   3.825
   3.853
   3.875
   3.902
   3.930
   3.963
   4.014
   4.082
   4.158
   4.246
   4.353
   4.449
   4.534
   4.597
   4.629
   4.627
   4.605
   4.566
   4.516
   4.465
   4.406
   4.342
   4.268
   4.178
   3.909
   0.000
 -65.534
 -65.534
 -65.534
   0.765
   0.797
   0.808
   0.834
   0.863
   0.904
   0.955
   1.011
   1.067
   1.125
   1.184
   1.241
   1.297
   1.356
   1.421
   1.487
   1.563
   1.645
   1.734
   1.828
   1.927
   2.028
   2.128
   2.229
   2.331
   2.440
   2.552
   2.672
   2.800
   2.933
   3.068
   3.198
   3.325
   3.444
   3.546
   3.624
   3.684
   3.737
   3.775
   3.811
   3.851
   3.888
   3.922
   3.958
   4.000
   4.044
   4.093
   4.145
   4.207
   4.271
   4.357
   4.438
   4.501
   4.540
   4.563
   4.552
   4.520
   4.474
   4.418
   4.365
   4.310
   4.255
   4.193
   4.114
   3.847
   0.000
 -65.534
 -65.534
 -65.534
 -65.534
   0.725
   0.734
   0.744
   0.763
   0.794
   0.838
   0.888
   0.940
   0.997
   1.055
   1.117
   1.177
   1.243
   1.308
   1.381
   1.460
   1.547
   1.639
   1.734
   1.834
   1.934
   2.037
   2.138
   2.242
   2.352
   2.466
   2.587
   2.715
   2.849
   2.987
   3.126
   3.256
   3.377
   3.481
   3.562
   3.625
   3.676
   3.721
   3.776
   3.829
   3.879
   3.923
   3.976
   4.027
   4.075
   4.126
   4.171
   4.213
   4.268
   4.331
   4.394
   4.439
   4.466
   4.476
   4.459
   4.422
   4.373
   4.317
   4.263
   4.212
   4.168
   4.118
   4.051
   3.795
   0.000
 -65.534
 -65.534
 -65.534
 -65.534
   0.664
   0.661
   0.666
   0.674
   0.695
   0.729
   0.771
   0.818
   0.870
   0.929
   0.989
   1.053
   1.119
   1.188
   1.263
   1.341
   1.428
   1.519
   1.613
   1.707
   1.807
   1.907
   2.013
   2.118
   2.231
   2.347
   2.466
   2.595
   2.730
   2.867
   3.008
   3.142
   3.263
   3.366
   3.450
   3.521
   3.573
   3.623
   3.690
   3.760
   3.828
   3.884
   3.950
   4.009
   4.055
   4.099
   4.139
   4.177
   4.215
   4.266
   4.309
   4.341
   4.354
   4.353
   4.336
   4.301
   4.259
   4.212
   4.165
   4.125
   4.092
   4.053
   3.998
   3.749
   0.000
 -65.534
 -65.534
 -65.534
 -65.534
   0.616
   0.603
   0.600
   0.601
   0.613
   0.637
   0.668
   0.708
   0.753
   0.807
   0.865
   0.929
   0.997
   1.067
   1.141
   1.219
   1.301
   1.382
   1.468
   1.558
   1.653
   1.754
   1.859
   1.972
   2.087
   2.204
   2.328
   2.458
   2.594
   2.735
   2.872
   3.008
   3.133
   3.238
   3.329
   3.408
   3.478
   3.544
   3.605
   3.686
   3.760
   3.829
   3.900
   3.964
   4.010
   4.049
   4.084
   4.111
   4.135
   4.165
   4.189
   4.206
   4.210
   4.201
   4.182
   4.152
   4.122
   4.091
   4.061
   4.041
   4.020
   3.989
   3.940
   3.696
   0.000
 -65.534
 -65.534
 -65.534
 -65.534
   0.598
   0.581
   0.573
   0.567
   0.560
   0.570
   0.591
   0.621
   0.657
   0.702
   0.754
   0.817
   0.885
   0.956
   1.032
   1.104
   1.176
   1.246
   1.323
   1.408
   1.500
   1.598
   1.707
   1.821
   1.941
   2.061
   2.186
   2.315
   2.455
   2.594
   2.732
   2.870
   2.997
   3.110
   3.208
   3.298
   3.386
   3.469
   3.552
   3.635
   3.710
   3.773
   3.839
   3.900
   3.946
   3.982
   4.012
   4.035
   4.046
   4.058
   4.067
   4.069
   4.056
   4.039
   4.012
   3.982
   3.963
   3.952
   3.952
   3.952
   3.942
   3.916
   3.859
   3.621
   0.000
 -65.534
 -65.534
 -65.534
 -65.534
 -65.534
 -65.534
 -65.534
 -65.534
   0.552
   0.542
   0.548
   0.562
   0.586
   0.621
   0.668
   0.726
   0.791
   0.865
   0.942
   1.016
   1.077
   1.135
   1.201
   1.280
   1.370
   1.471
   1.578
   1.694
   1.808
   1.927
   2.048
   2.174
   2.307
   2.447
   2.589
   2.725
   2.859
   2.981
   3.088
   3.188
   3.290
   3.388
   3.493
   3.585
   3.652
   3.712
   3.776
   3.829
   3.860
   3.893
   3.923
   3.943
   3.953
   3.957
   3.950
   3.935
   3.909
   3.878
   3.846
   3.819
   3.807
   3.813
   3.837
   3.853
   3.853
   3.828
   3.770
   3.534
   0.000
 -65.534
 -65.534
 -65.534
 -65.534
 -65.534
 -65.534
   0.392
   0.504
   0.563
   0.530
   0.524
   0.524
   0.537
   0.561
   0.605
   0.656
   0.723
   0.803
   0.884
   0.955
   1.013
   1.062
   1.123
   1.195
   1.278
   1.377
   1.486
   1.597
   1.707
   1.817
   1.929
   2.047
   2.174
   2.309
   2.450
   2.591
   2.728
   2.858
   2.974
   3.089
   3.198
   3.310
   3.416
   3.511
   3.583
   3.640
   3.688
   3.722
   3.760
   3.795
   3.821
   3.839
   3.842
   3.835
   3.820
   3.795
   3.764
   3.725
   3.686
   3.662
   3.664
   3.690
   3.728
   3.754
   3.757
   3.733
   3.682
   3.428
   0.000
 -65.534
 -65.534
 -65.534
 -65.534
 -65.534
 -65.534
 -65.534
 -65.534
 -65.534
   0.550
   0.525
   0.517
   0.518
   0.530
   0.561
   0.608
   0.676
   0.756
   0.841
   0.927
   0.980
   1.028
   1.083
   1.150
   1.230
   1.322
   1.421
   1.522
   1.625
   1.725
   1.827
   1.936
   2.053
   2.186
   2.324
   2.465
   2.603
   2.739
   2.864
   2.985
   3.100
   3.215
   3.324
   3.413
   3.483
   3.531
   3.571
   3.600
   3.628
   3.650
   3.668
   3.677
   3.677
   3.666
   3.642
   3.616
   3.582
   3.543
   3.506
   3.496
   3.514
   3.556
   3.599
   3.625
   3.635
   3.619
   3.563
   3.301
   0.000
 -65.534
 -65.534
 -65.534
 -65.534
 -65.534
 -65.534
 -65.534
 -65.534
 -65.534
 -65.534
 -65.534
 -65.534
 -65.534
 -65.534
 -65.534
   0.588
   0.635
   0.698
   0.786
   0.913
   0.970
   1.018
   1.071
   1.134
   1.205
   1.288
   1.376
   1.464
   1.555
   1.647
   1.737
   1.834
   1.944
   2.066
   2.202
   2.343
   2.485
   2.622
   2.754
   2.878
   2.995
   3.104
   3.205
   3.291
   3.357
   3.399
   3.430
   3.455
   3.473
   3.488
   3.498
   3.499
   3.494
   3.476
   3.445
   3.409
   3.373
   3.336
   3.311
   3.321
   3.358
   3.406
   3.449
   3.479
   3.496
   3.476
   3.415
   3.157
   0.000
 -65.534
 -65.534
 -65.534
 -65.534
 -65.534
 -65.534
 -65.534
 -65.534
 -65.534
 -65.534
 -65.534
 -65.534
 -65.534
 -65.534
 -65.534
 -65.534
 -65.534
 -65.534
 -65.534
   0.928
   0.972
   1.010
   1.060
   1.116
   1.179
   1.252
   1.331
   1.413
   1.495
   1.574
   1.654
   1.743
   1.843
   1.958
   2.084
   2.220
   2.359
   2.496
   2.626
   2.749
   2.867
   2.976
   3.073
   3.152
   3.213
   3.248
   3.274
   3.290
   3.301
   3.305
   3.303
   3.305
   3.294
   3.269
   3.232
   3.187
   3.144
   3.115
   3.108
   3.136
   3.187
   3.239
   3.289
   3.324
   3.338
   3.321
   3.263
   3.008
   0.000
 -65.534
 -65.534
 -65.534
 -65.534
 -65.534
 -65.534
 -65.534
 -65.534
 -65.534
 -65.534
 -65.534
 -65.534
 -65.534
 -65.534
 -65.534
 -65.534
 -65.534
 -65.534
   0.742
   0.946
   0.955
   0.990
   1.035
   1.084
   1.143
   1.209
   1.281
   1.360
   1.434
   1.507
   1.578
   1.657
   1.743
   1.846
   1.962
   2.087
   2.218
   2.347
   2.473
   2.596
   2.710
   2.818
   2.911
   2.986
   3.039
   3.070
   3.086
   3.095
   3.099
   3.098
   3.094
   3.090
   3.077
   3.047
   3.002
   2.947
   2.900
   2.877
   2.885
   2.929
   2.990
   3.050
   3.107
   3.146
   3.166
   3.154
   3.106
   2.864
   0.000
 -65.534
 -65.534
 -65.534
 -65.534
 -65.534
 -65.534
 -65.534
 -65.534
 -65.534
 -65.534
 -65.534
 -65.534
 -65.534
 -65.534
 -65.534
 -65.534
 -65.534
   0.639
   0.861
   0.910
   0.926
   0.952
   0.988
   1.036
   1.088
   1.151
   1.220
   1.293
   1.363
   1.431
   1.498
   1.563
   1.639
   1.729
   1.828
   1.938
   2.052
   2.173
   2.291
   2.405
   2.519
   2.623
   2.714
   2.784
   2.834
   2.861
   2.873
   2.875
   2.870
   2.864
   2.860
   2.857
   2.847
   2.813
   2.767
   2.711
   2.663
   2.645
   2.666
   2.719
   2.786
   2.856
   2.922
   2.966
   2.990
   2.987
   2.952
   2.729
   0.000
 -65.534
 -65.534
 -65.534
 -65.534
 -65.534
 -65.534
 -65.534
 -65.534
 -65.534
 -65.534
 -65.534
 -65.534
 -65.534
 -65.534
 -65.534
 -65.534
 -65.534
   0.719
   0.837
   0.863
   0.885
   0.905
   0.931
   0.965
   1.015
   1.073
   1.140
   1.208
   1.278
   1.342
   1.405
   1.463
   1.528
   1.600
   1.682
   1.770
   1.866
   1.973
   2.082
   2.192
   2.296
   2.394
   2.480
   2.546
   2.587
   2.612
   2.621
   2.626
   2.620
   2.615
   2.615
   2.629
   2.632
   2.610
   2.571
   2.520
   2.468
   2.448
   2.471
   2.521
   2.594
   2.669
   2.738
   2.794
   2.828
   2.839
   2.823
   2.622
   0.000
 -65.534
 -65.534
 -65.534
 -65.534
 -65.534
 -65.534
 -65.534
 -65.534
 -65.534
 -65.534
 -65.534
 -65.534
 -65.534
 -65.534
 -65.534
 -65.534
 -65.534
   0.725
   0.801
   0.830
   0.847
   0.857
   0.870
   0.892
   0.934
   0.983
   1.043
   1.110
   1.177
   1.243
   1.305
   1.358
   1.414
   1.475
   1.541
   1.608
   1.682
   1.771
   1.871
   1.969
   2.066
   2.151
   2.225
   2.283
   2.320
   2.343
   2.356
   2.364
   2.365
   2.362
   2.369
   2.390
   2.400
   2.401
   2.387
   2.358
   2.321
   2.304
   2.321
   2.365
   2.428
   2.497
   2.568
   2.630
   2.671
   2.695
   2.702
   2.537
   0.000
 -65.534
 -65.534
 -65.534
 -65.534
 -65.534
 -65.534
 -65.534
 -65.534
 -65.534
 -65.534
 -65.534
 -65.534
 -65.534
 -65.534
 -65.534
 -65.534
 -65.534
   0.723
   0.775
   0.803
   0.815
   0.818
   0.821
   0.832
   0.858
   0.900
   0.949
   1.008
   1.072
   1.139
   1.199
   1.252
   1.304
   1.360
   1.412
   1.465
   1.520
   1.593
   1.675
   1.763
   1.844
   1.915
   1.975
   2.026
   2.064
   2.086
   2.101
   2.113
   2.125
   2.132
   2.146
   2.171
   2.197
   2.214
   2.229
   2.229
   2.220
   2.212
   2.228
   2.263
   2.313
   2.369
   2.428
   2.483
   2.530
   2.568
   2.598
   2.455
   0.000
 -65.534
 -65.534
 -65.534
 -65.534
 -65.534
 -65.534
 -65.534
 -65.534
 -65.534
 -65.534
 -65.534
 -65.534
 -65.534
 -65.534
 -65.534
 -65.534
 -65.534
 -65.534
   0.752
   0.781
   0.787
   0.785
   0.781
   0.783
   0.796
   0.824
   0.861
   0.908
   0.965
   1.027
   1.088
   1.139
   1.190
   1.239
   1.287
   1.334
   1.375
   1.427
   1.495
   1.566
   1.634
   1.694
   1.746
   1.792
   1.829
   1.856
   1.875
   1.893
   1.911
   1.930
   1.951
   1.984
   2.015
   2.047
   2.081
   2.111
   2.127
   2.142
   2.163
   2.196
   2.239
   2.285
   2.334
   2.378
   2.419
   2.457
   2.495
   2.375
   0.000
 -65.534
 -65.534
 -65.534
 -65.534
 -65.534
 -65.534
 -65.534
 -65.534
 -65.534
 -65.534
 -65.534
 -65.534
 -65.534
 -65.534
 -65.534
 -65.534
 -65.534
 -65.534
 -65.534
   0.749
   0.751
   0.743
   0.740
   0.737
   0.746
   0.758
   0.781
   0.814
   0.858
   0.908
   0.960
   1.009
   1.057
   1.104
   1.154
   1.206
   1.184
   1.220
   1.279
   1.349
   1.437
   1.496
   1.551
   1.595
   1.632
   1.658
   1.684
   1.709
   1.737
   1.766
   1.785
   1.822
   1.856
   1.889
   1.932
   1.977
   2.019
   2.058
   2.093
   2.135
   2.183
   2.231
   2.274
   2.311
   2.347
   2.378
   2.417
   2.311
   0.000
 -65.534
 -65.534
 -65.534
 -65.534
 -65.534
 -65.534
 -65.534
 -65.534
 -65.534
 -65.534
 -65.534
 -65.534
 -65.534
 -65.534
 -65.534
 -65.534
 -65.534
 -65.534
 -65.534
 -65.534
   0.719
   0.713
   0.706
   0.706
   0.709
   0.717
   0.729
   0.748
   0.772
   0.802
   0.837
   0.879
   0.914
   0.941
   0.940
   0.868
 -65.534
 -65.534
 -65.534
 -65.534
   1.215
   1.330
   1.404
   1.445
   1.477
   1.502
   1.528
   1.552
   1.583
   1.614
   1.646
   1.686
   1.724
   1.765
   1.816
   1.867
   1.921
   1.972
   2.026
   2.077
   2.130
   2.179
   2.221
   2.258
   2.298
   2.336
   2.374
   2.273
   0.000
 -65.534
 -65.534
 -65.534
 -65.534
 -65.534
 -65.534
 -65.534
 -65.534
 -65.534
 -65.534
 -65.534
 -65.534
 -65.534
 -65.534
 -65.534
 -65.534
 -65.534
 -65.534
 -65.534
 -65.534
 -65.534
 -65.534
 -65.534
 -65.534
   0.694
   0.685
   0.689
   0.698
   0.715
   0.736
   0.753
   0.776
   0.792
   0.788
   0.745
   0.648
 -65.534
 -65.534
 -65.534
 -65.534
 -65.534
 -65.534
   1.240
   1.346
   1.369
   1.385
   1.402
   1.428
   1.457
   1.494
   1.534
   1.578
   1.623
   1.672
   1.724
   1.784
   1.845
   1.907
   1.965
   2.022
   2.073
   2.123
   2.169
   2.211
   2.253
   2.298
   2.342
   2.236
   0.000
 -65.534
 -65.534
 -65.534
 -65.534
 -65.534
 -65.534
 -65.534
 -65.534
 -65.534
 -65.534
 -65.534
 -65.534
 -65.534
 -65.534
 -65.534
 -65.534
 -65.534
 -65.534
 -65.534
 -65.534
 -65.534
 -65.534
 -65.534
 -65.534
   0.708
   0.694
   0.691
   0.692
   0.693
   0.691
   0.690
   0.692
   0.694
   0.667
   0.614
   0.552
 -65.534
 -65.534
 -65.534
 -65.534
 -65.534
 -65.534
 -65.534
   1.208
   1.281
   1.305
   1.326
   1.331
   1.349
   1.378
   1.419
   1.471
   1.528
   1.582
   1.646
   1.713
   1.780
   1.843
   1.904
   1.965
   2.027
   2.081
   2.130
   2.176
   2.221
   2.261
   2.306
   2.196
   0.000
 -65.534
 -65.534
 -65.534
 -65.534
 -65.534
 -65.534
 -65.534
 -65.534
 -65.534
 -65.534
 -65.534
 -65.534
 -65.534
 -65.534
 -65.534
 -65.534
 -65.534
 -65.534
 -65.534
 -65.534
 -65.534
 -65.534
 -65.534
 -65.534
 -65.534
 -65.534
 -65.534
 -65.534
 -65.534
   0.722
   0.684
   0.655
   0.633
   0.593
   0.547
   0.498
   0.354
 -65.534
 -65.534
 -65.534
 -65.534
 -65.534
 -65.534
   0.951
   0.935
 -65.534
   1.176
   1.255
   1.303
   1.342
   1.371
   1.412
   1.466
   1.526
   1.592
   1.663
   1.731
   1.793
   1.858
   1.926
   1.991
   2.051
   2.102
   2.146
   2.189
   2.229
   2.270
   2.147
   0.000
 -65.534
 -65.534
 -65.534
 -65.534
 -65.534
 -65.534
 -65.534
 -65.534
 -65.534
 -65.534
 -65.534
 -65.534
 -65.534
 -65.534
 -65.534
 -65.534
 -65.534
 -65.534
 -65.534
 -65.534
 -65.534
 -65.534
 -65.534
 -65.534
 -65.534
 -65.534
 -65.534
 -65.534
 -65.534
 -65.534
 -65.534
 -65.534
   0.626
   0.564
   0.521
   0.480
   0.356
   0.303
 -65.534
 -65.534
 -65.534
 -65.534
 -65.534
 -65.534
 -65.534
 -65.534
 -65.534
 -65.534
 -65.534
   1.208
   1.351
   1.430
   1.497
   1.523
   1.561
   1.625
   1.693
   1.760
   1.826
   1.895
   1.962
   2.023
   2.077
   2.116
   2.153
   2.180
   2.209
   2.063
   0.000
 -65.534
 -65.534
 -65.534
 -65.534
 -65.534
 -65.534
 -65.534
 -65.534
 -65.534
 -65.534
 -65.534
 -65.534
 -65.534
 -65.534
 -65.534
 -65.534
 -65.534
 -65.534
 -65.534
 -65.534
 -65.534
 -65.534
 -65.534
 -65.534
 -65.534
 -65.534
 -65.534
 -65.534
 -65.534
 -65.534
 -65.534
 -65.534
   0.678
   0.618
   0.574
   0.511
   0.391
   0.293
   0.265
   0.271
 -65.534
 -65.534
 -65.534
 -65.534
 -65.534
 -65.534
 -65.534
 -65.534
 -65.534
 -65.534
 -65.534
 -65.534
   1.311
   1.489
   1.571
   1.656
   1.700
   1.742
   1.797
   1.863
   1.927
   1.982
   2.031
   2.070
   2.096
   2.116
   2.142
   1.981
   0.000
 -65.534
 -65.534
 -65.534
 -65.534
 -65.534
 -65.534
 -65.534
 -65.534
 -65.534
 -65.534
 -65.534
 -65.534
 -65.534
 -65.534
 -65.534
 -65.534
 -65.534
 -65.534
 -65.534
 -65.534
 -65.534
 -65.534
 -65.534
 -65.534
 -65.534
 -65.534
 -65.534
 -65.534
 -65.534
 -65.534
 -65.534
 -65.534
 -65.534
 -65.534
 -65.534
 -65.534
   0.372
   0.284
   0.216
   0.196
   0.238
   0.233
   0.244
   0.258
   0.272
 -65.534
 -65.534
 -65.534
 -65.534
 -65.534
 -65.534
 -65.534
 -65.534
 -65.534
 -65.534
   1.433
   1.648
   1.722
   1.769
   1.810
   1.865
   1.921
   1.966
   1.998
   2.019
   2.038
   2.066
   1.900
   0.000
 -65.534
 -65.534
 -65.534
 -65.534
 -65.534
 -65.534
 -65.534
 -65.534
 -65.534
 -65.534
 -65.534
 -65.534
 -65.534
 -65.534
 -65.534
 -65.534
 -65.534
 -65.534
 -65.534
 -65.534
 -65.534
 -65.534
 -65.534
 -65.534
 -65.534
 -65.534
 -65.534
 -65.534
 -65.534
 -65.534
 -65.534
 -65.534
 -65.534
 -65.534
 -65.534
 -65.534
 -65.534
 -65.534
 -65.534
 -65.534
   0.171
 -65.534
 -65.534
 -65.534
 -65.534
 -65.534
 -65.534
 -65.534
 -65.534
 -65.534
 -65.534
 -65.534
 -65.534
 -65.534
 -65.534
   1.175
   1.498
   1.671
   1.754
   1.835
   1.847
   1.859
   1.900
   1.933
   1.960
   1.982
   2.015
   1.840
   0.000
 -65.534
 -65.534
 -65.534
 -65.534
 -65.534
 -65.534
 -65.534
 -65.534
 -65.534
 -65.534
 -65.534
 -65.534
 -65.534
 -65.534
 -65.534
 -65.534
 -65.534
 -65.534
 -65.534
 -65.534
 -65.534
 -65.534
 -65.534
 -65.534
 -65.534
 -65.534
 -65.534
 -65.534
 -65.534
 -65.534
 -65.534
 -65.534
 -65.534
 -65.534
 -65.534
 -65.534
 -65.534
 -65.534
 -65.534
 -65.534
 -65.534
 -65.534
 -65.534
 -65.534
 -65.534
 -65.534
 -65.534
 -65.534
 -65.534
 -65.534
 -65.534
 -65.534
 -65.534
 -65.534
 -65.534
 -65.534
 -65.534
 -65.534
 -65.534
   1.401
   1.686
   1.797
   1.821
   1.838
   1.854
   1.870
   1.895
   1.699
   0.000
 -65.534
 -65.534
 -65.534
 -65.534
 -65.534
 -65.534
 -65.534
 -65.534
 -65.534
 -65.534
 -65.534
 -65.534
 -65.534
 -65.534
 -65.534
 -65.534
 -65.534
 -65.534
 -65.534
 -65.534
 -65.534
 -65.534
 -65.534
 -65.534
 -65.534
 -65.534
 -65.534
 -65.534
 -65.534
 -65.534
 -65.534
 -65.534
 -65.534
 -65.534
 -65.534
 -65.534
 -65.534
 -65.534
 -65.534
 -65.534
 -65.534
 -65.534
 -65.534
 -65.534
 -65.534
 -65.534
 -65.534
 -65.534
 -65.534
 -65.534
 -65.534
 -65.534
 -65.534
 -65.534
 -65.534
 -65.534
 -65.534
 -65.534
 -65.534
 -65.534
 -65.534
   0.000
   0.000
   0.000
   0.000
   0.000
   0.000
   0.000
 -65.534
