 -65.534
   0.000
   0.000
   0.000
   0.000
   0.000
   0.000
   0.000
   0.000
   0.000
   0.000
   0.000
   0.000
   0.000
   0.000
   0.000
   0.000
   0.000
   0.000
   0.000
   0.000
   0.000
   0.000
   0.000
   0.000
   0.000
   0.000
   0.000
   0.000
   0.000
   0.000
   0.000
   0.000
   0.000
   0.000
   0.000
   0.000
   0.000
   0.000
   0.000
   0.000
   0.000
   0.000
   0.000
   0.000
   0.000
   0.000
   0.000
   0.000
   0.000
   0.000
   0.000
   0.000
   0.000
   0.000
   0.000
   0.000
   0.000
   0.000
   0.000
   0.000
   0.000
   0.000
   0.000
   0.000
   0.000
   0.000
   0.000
 -65.534
   0.000
   1.402
   1.575
   1.660
   1.737
   1.801
   1.850
   1.888
   1.919
   1.947
   1.969
   1.990
   2.013
   2.043
   2.074
   2.116
   2.165
   2.224
   2.286
   2.353
   2.417
   2.481
   2.549
   2.606
   2.678
   2.744
   2.793
   2.824
   2.834
   2.831
   2.821
   2.807
   2.789
   2.776
   2.772
   2.761
   2.751
   2.736
   2.707
   2.670
   2.624
   2.583
   2.547
   2.521
   2.512
   2.521
   2.538
   2.557
   2.587
   2.632
   2.689
   2.755
   2.826
   2.900
   2.990
   3.060
   3.120
   3.159
   3.177
   3.194
   3.210
   3.224
   3.240
   3.249
   3.244
   3.250
   3.260
   3.146
   0.000
   0.000
   1.466
   1.621
   1.687
   1.752
   1.804
   1.851
   1.893
   1.927
   1.958
   1.988
   2.014
   2.040
   2.067
   2.100
   2.142
   2.193
   2.256
   2.325
   2.401
   2.481
   2.557
   2.634
   2.703
   2.778
   2.842
   2.893
   2.926
   2.941
   2.944
   2.940
   2.933
   2.935
   2.942
   2.952
   2.957
   2.953
   2.942
   2.916
   2.882
   2.844
   2.803
   2.758
   2.718
   2.705
   2.722
   2.758
   2.811
   2.868
   2.935
   3.009
   3.087
   3.174
   3.267
   3.354
   3.431
   3.496
   3.539
   3.564
   3.579
   3.599
   3.617
   3.631
   3.639
   3.644
   3.645
   3.655
   3.547
   0.000
   0.000
   1.425
   1.566
   1.621
   1.677
   1.722
   1.766
   1.806
   1.843
   1.884
   1.922
   1.955
   1.986
   2.017
   2.050
   2.091
   2.143
   2.208
   2.279
   2.359
   2.441
   2.525
   2.608
   2.686
   2.753
   2.814
   2.861
   2.892
   2.906
   2.915
   2.926
   2.938
   2.957
   2.987
   3.014
   3.030
   3.036
   3.022
   2.993
   2.957
   2.918
   2.872
   2.824
   2.782
   2.766
   2.784
   2.830
   2.897
   2.972
   3.061
   3.151
   3.239
   3.323
   3.407
   3.486
   3.562
   3.631
   3.679
   3.706
   3.722
   3.739
   3.754
   3.764
   3.775
   3.782
   3.783
   3.788
   3.672
   0.000
   0.000
   1.377
   1.508
   1.554
   1.603
   1.645
   1.683
   1.723
   1.763
   1.809
   1.853
   1.894
   1.933
   1.970
   2.005
   2.049
   2.098
   2.163
   2.235
   2.315
   2.400
   2.485
   2.571
   2.653
   2.719
   2.777
   2.823
   2.852
   2.868
   2.887
   2.913
   2.941
   2.982
   3.032
   3.079
   3.107
   3.116
   3.106
   3.075
   3.038
   2.994
   2.944
   2.893
   2.853
   2.834
   2.853
   2.901
   2.974
   3.063
   3.157
   3.256
   3.352
   3.441
   3.524
   3.596
   3.666
   3.732
   3.784
   3.815
   3.832
   3.847
   3.861
   3.871
   3.884
   3.896
   3.900
   3.897
   3.771
   0.000
   0.000
   1.326
   1.444
   1.487
   1.533
   1.571
   1.608
   1.647
   1.690
   1.738
   1.788
   1.835
   1.880
   1.921
   1.962
   2.005
   2.056
   2.117
   2.188
   2.267
   2.351
   2.433
   2.519
   2.599
   2.668
   2.729
   2.773
   2.805
   2.828
   2.859
   2.899
   2.942
   3.000
   3.066
   3.125
   3.165
   3.182
   3.177
   3.147
   3.109
   3.066
   3.018
   2.969
   2.930
   2.911
   2.924
   2.969
   3.042
   3.131
   3.230
   3.334
   3.437
   3.530
   3.617
   3.690
   3.757
   3.819
   3.870
   3.904
   3.928
   3.947
   3.961
   3.976
   3.993
   4.006
   4.012
   4.004
   3.858
   0.000
   0.000
   1.269
   1.377
   1.418
   1.461
   1.500
   1.538
   1.578
   1.625
   1.676
   1.729
   1.781
   1.828
   1.875
   1.916
   1.962
   2.014
   2.074
   2.141
   2.215
   2.293
   2.373
   2.459
   2.539
   2.610
   2.664
   2.712
   2.751
   2.784
   2.824
   2.881
   2.940
   3.011
   3.087
   3.160
   3.212
   3.244
   3.243
   3.219
   3.187
   3.148
   3.106
   3.059
   3.019
   2.997
   3.003
   3.039
   3.103
   3.185
   3.283
   3.391
   3.498
   3.600
   3.694
   3.775
   3.842
   3.906
   3.959
   3.996
   4.025
   4.049
   4.066
   4.081
   4.099
   4.115
   4.119
   4.106
   3.943
   0.000
   0.000
   1.208
   1.308
   1.348
   1.390
   1.430
   1.469
   1.513
   1.564
   1.619
   1.677
   1.732
   1.783
   1.831
   1.876
   1.923
   1.974
   2.031
   2.095
   2.163
   2.235
   2.310
   2.389
   2.465
   2.532
   2.588
   2.641
   2.685
   2.729
   2.784
   2.855
   2.930
   3.015
   3.106
   3.193
   3.257
   3.303
   3.314
   3.299
   3.272
   3.241
   3.206
   3.165
   3.128
   3.098
   3.086
   3.108
   3.158
   3.230
   3.321
   3.426
   3.536
   3.647
   3.754
   3.847
   3.927
   3.993
   4.047
   4.086
   4.117
   4.144
   4.159
   4.175
   4.191
   4.207
   4.209
   4.193
   4.020
   0.000
   0.000
   1.137
   1.235
   1.274
   1.316
   1.355
   1.398
   1.446
   1.500
   1.561
   1.624
   1.686
   1.742
   1.792
   1.836
   1.883
   1.932
   1.987
   2.046
   2.109
   2.176
   2.245
   2.317
   2.391
   2.457
   2.511
   2.567
   2.618
   2.673
   2.741
   2.829
   2.922
   3.018
   3.123
   3.222
   3.304
   3.364
   3.386
   3.380
   3.363
   3.339
   3.311
   3.280
   3.248
   3.214
   3.190
   3.188
   3.221
   3.278
   3.357
   3.457
   3.569
   3.687
   3.804
   3.913
   4.005
   4.078
   4.132
   4.168
   4.195
   4.215
   4.229
   4.239
   4.254
   4.268
   4.272
   4.251
   4.074
   0.000
   0.000
   1.054
   1.147
   1.186
   1.233
   1.274
   1.320
   1.371
   1.430
   1.497
   1.569
   1.636
   1.693
   1.741
   1.783
   1.824
   1.874
   1.926
   1.983
   2.045
   2.109
   2.175
   2.244
   2.315
   2.380
   2.440
   2.498
   2.558
   2.623
   2.706
   2.807
   2.908
   3.020
   3.136
   3.248
   3.344
   3.421
   3.460
   3.464
   3.454
   3.436
   3.414
   3.389
   3.364
   3.334
   3.305
   3.284
   3.296
   3.339
   3.407
   3.502
   3.609
   3.731
   3.854
   3.967
   4.066
   4.141
   4.192
   4.218
   4.240
   4.255
   4.263
   4.268
   4.279
   4.290
   4.295
   4.276
   4.098
   0.000
   0.000
   0.971
   1.057
   1.093
   1.140
   1.184
   1.232
   1.287
   1.350
   1.423
   1.497
   1.565
   1.621
   1.668
   1.708
   1.748
   1.791
   1.845
   1.900
   1.962
   2.026
   2.092
   2.167
   2.242
   2.310
   2.374
   2.436
   2.502
   2.580
   2.673
   2.779
   2.892
   3.013
   3.139
   3.263
   3.371
   3.463
   3.519
   3.539
   3.540
   3.528
   3.507
   3.487
   3.467
   3.439
   3.413
   3.396
   3.391
   3.419
   3.481
   3.567
   3.663
   3.778
   3.896
   4.005
   4.090
   4.158
   4.202
   4.222
   4.235
   4.243
   4.245
   4.248
   4.257
   4.267
   4.272
   4.262
   4.087
   0.000
   0.000
   0.891
   0.967
   1.000
   1.044
   1.091
   1.137
   1.191
   1.256
   1.330
   1.406
   1.474
   1.530
   1.579
   1.617
   1.657
   1.703
   1.751
   1.809
   1.870
   1.937
   2.009
   2.085
   2.169
   2.245
   2.318
   2.387
   2.459
   2.543
   2.641
   2.753
   2.873
   3.002
   3.138
   3.268
   3.387
   3.488
   3.560
   3.596
   3.613
   3.612
   3.594
   3.575
   3.556
   3.535
   3.518
   3.510
   3.508
   3.527
   3.578
   3.653
   3.737
   3.833
   3.928
   4.016
   4.089
   4.143
   4.172
   4.186
   4.194
   4.193
   4.193
   4.197
   4.204
   4.216
   4.221
   4.217
   4.049
   0.000
   0.000
   0.803
   0.889
   0.910
   0.949
   0.992
   1.037
   1.087
   1.145
   1.212
   1.283
   1.353
   1.414
   1.469
   1.513
   1.557
   1.604
   1.655
   1.712
   1.777
   1.846
   1.922
   2.003
   2.093
   2.179
   2.260
   2.338
   2.416
   2.502
   2.603
   2.722
   2.847
   2.981
   3.123
   3.259
   3.382
   3.489
   3.571
   3.621
   3.650
   3.663
   3.655
   3.644
   3.630
   3.617
   3.609
   3.616
   3.626
   3.648
   3.686
   3.743
   3.806
   3.876
   3.945
   4.005
   4.057
   4.096
   4.116
   4.123
   4.123
   4.121
   4.123
   4.128
   4.138
   4.150
   4.160
   4.157
   4.000
   0.000
 -65.534
 -65.534
   0.781
   0.839
   0.861
   0.896
   0.937
   0.982
   1.030
   1.088
   1.151
   1.215
   1.277
   1.337
   1.390
   1.442
   1.495
   1.551
   1.611
   1.675
   1.748
   1.829
   1.916
   2.008
   2.099
   2.189
   2.275
   2.362
   2.451
   2.555
   2.675
   2.803
   2.944
   3.092
   3.229
   3.351
   3.460
   3.547
   3.607
   3.649
   3.671
   3.676
   3.677
   3.677
   3.675
   3.678
   3.696
   3.718
   3.742
   3.773
   3.810
   3.852
   3.895
   3.937
   3.973
   4.003
   4.030
   4.044
   4.047
   4.043
   4.038
   4.042
   4.051
   4.067
   4.083
   4.098
   4.097
   3.946
   0.000
 -65.534
 -65.534
 -65.534
   0.743
   0.783
   0.802
   0.838
   0.875
   0.921
   0.974
   1.030
   1.084
   1.143
   1.204
   1.263
   1.320
   1.377
   1.439
   1.499
   1.568
   1.645
   1.727
   1.818
   1.913
   2.007
   2.101
   2.193
   2.286
   2.383
   2.489
   2.607
   2.737
   2.882
   3.022
   3.154
   3.289
   3.402
   3.489
   3.553
   3.600
   3.630
   3.649
   3.666
   3.686
   3.700
   3.714
   3.741
   3.771
   3.797
   3.820
   3.839
   3.859
   3.880
   3.906
   3.928
   3.947
   3.963
   3.975
   3.977
   3.973
   3.971
   3.974
   3.981
   3.997
   4.019
   4.042
   4.047
   3.892
   0.000
 -65.534
 -65.534
 -65.534
 -65.534
   0.696
   0.717
   0.742
   0.772
   0.812
   0.858
   0.909
   0.960
   1.018
   1.075
   1.136
   1.195
   1.254
   1.316
   1.380
   1.451
   1.527
   1.613
   1.705
   1.797
   1.889
   1.985
   2.079
   2.178
   2.280
   2.387
   2.505
   2.630
   2.765
   2.902
   3.035
   3.163
   3.269
   3.368
   3.436
   3.487
   3.525
   3.555
   3.592
   3.628
   3.660
   3.691
   3.729
   3.768
   3.795
   3.817
   3.823
   3.826
   3.837
   3.855
   3.872
   3.887
   3.904
   3.916
   3.922
   3.921
   3.920
   3.923
   3.928
   3.944
   3.968
   3.998
   4.011
   3.856
   0.000
 -65.534
 -65.534
 -65.534
 -65.534
   0.624
   0.638
   0.656
   0.678
   0.707
   0.747
   0.791
   0.842
   0.894
   0.951
   1.010
   1.070
   1.129
   1.190
   1.254
   1.323
   1.398
   1.480
   1.562
   1.649
   1.739
   1.831
   1.928
   2.028
   2.134
   2.244
   2.359
   2.479
   2.609
   2.737
   2.863
   2.981
   3.085
   3.178
   3.242
   3.308
   3.356
   3.399
   3.451
   3.507
   3.561
   3.607
   3.656
   3.701
   3.733
   3.753
   3.760
   3.760
   3.767
   3.783
   3.802
   3.821
   3.840
   3.853
   3.864
   3.865
   3.869
   3.876
   3.885
   3.900
   3.926
   3.956
   3.977
   3.831
   0.000
 -65.534
 -65.534
 -65.534
 -65.534
   0.565
   0.572
   0.586
   0.601
   0.621
   0.652
   0.692
   0.734
   0.781
   0.836
   0.892
   0.950
   1.010
   1.072
   1.134
   1.199
   1.266
   1.333
   1.405
   1.484
   1.566
   1.656
   1.753
   1.858
   1.964
   2.077
   2.192
   2.311
   2.434
   2.559
   2.674
   2.784
   2.884
   2.972
   3.040
   3.109
   3.176
   3.235
   3.294
   3.360
   3.425
   3.485
   3.541
   3.595
   3.631
   3.657
   3.672
   3.678
   3.686
   3.698
   3.717
   3.737
   3.756
   3.772
   3.785
   3.792
   3.800
   3.812
   3.827
   3.852
   3.879
   3.907
   3.926
   3.781
   0.000
 -65.534
 -65.534
 -65.534
 -65.534
   0.532
   0.534
   0.544
   0.557
   0.565
   0.583
   0.614
   0.649
   0.689
   0.737
   0.792
   0.849
   0.906
   0.968
   1.030
   1.089
   1.144
   1.196
   1.255
   1.325
   1.399
   1.485
   1.583
   1.687
   1.797
   1.910
   2.026
   2.143
   2.260
   2.376
   2.487
   2.594
   2.690
   2.778
   2.855
   2.930
   3.005
   3.078
   3.152
   3.222
   3.289
   3.348
   3.406
   3.459
   3.504
   3.537
   3.562
   3.579
   3.593
   3.607
   3.625
   3.641
   3.656
   3.669
   3.680
   3.689
   3.706
   3.725
   3.753
   3.783
   3.813
   3.841
   3.852
   3.703
   0.000
 -65.534
 -65.534
 -65.534
 -65.534
 -65.534
 -65.534
 -65.534
 -65.534
   0.536
   0.545
   0.564
   0.588
   0.617
   0.661
   0.711
   0.764
   0.826
   0.889
   0.953
   1.009
   1.052
   1.091
   1.137
   1.195
   1.268
   1.348
   1.442
   1.543
   1.650
   1.759
   1.869
   1.978
   2.090
   2.201
   2.308
   2.412
   2.512
   2.606
   2.689
   2.771
   2.854
   2.937
   3.022
   3.097
   3.159
   3.214
   3.265
   3.318
   3.361
   3.402
   3.439
   3.469
   3.492
   3.511
   3.527
   3.539
   3.548
   3.557
   3.564
   3.577
   3.598
   3.630
   3.667
   3.702
   3.735
   3.759
   3.767
   3.620
   0.000
 -65.534
 -65.534
 -65.534
 -65.534
 -65.534
 -65.534
   0.378
   0.472
   0.530
   0.519
   0.526
   0.542
   0.565
   0.602
   0.649
   0.705
   0.771
   0.842
   0.908
   0.965
   1.001
   1.028
   1.067
   1.118
   1.181
   1.259
   1.346
   1.440
   1.537
   1.636
   1.734
   1.833
   1.937
   2.039
   2.145
   2.251
   2.355
   2.454
   2.548
   2.639
   2.728
   2.817
   2.899
   2.975
   3.035
   3.083
   3.126
   3.169
   3.217
   3.264
   3.310
   3.350
   3.376
   3.399
   3.415
   3.426
   3.434
   3.438
   3.443
   3.458
   3.486
   3.529
   3.576
   3.618
   3.653
   3.679
   3.686
   3.524
   0.000
 -65.534
 -65.534
 -65.534
 -65.534
 -65.534
 -65.534
 -65.534
 -65.534
 -65.534
   0.514
   0.510
   0.517
   0.533
   0.558
   0.600
   0.661
   0.729
   0.801
   0.875
   0.946
   0.981
   1.005
   1.038
   1.083
   1.139
   1.207
   1.286
   1.368
   1.452
   1.539
   1.623
   1.709
   1.802
   1.900
   2.002
   2.110
   2.218
   2.325
   2.427
   2.522
   2.615
   2.704
   2.784
   2.851
   2.907
   2.948
   2.987
   3.025
   3.068
   3.111
   3.157
   3.197
   3.228
   3.253
   3.266
   3.278
   3.283
   3.285
   3.295
   3.315
   3.352
   3.401
   3.454
   3.497
   3.536
   3.567
   3.577
   3.406
   0.000
 -65.534
 -65.534
 -65.534
 -65.534
 -65.534
 -65.534
 -65.534
 -65.534
 -65.534
 -65.534
 -65.534
 -65.534
 -65.534
 -65.534
 -65.534
   0.622
   0.677
   0.737
   0.813
   0.925
   0.965
   0.994
   1.030
   1.071
   1.120
   1.178
   1.244
   1.314
   1.387
   1.461
   1.532
   1.605
   1.687
   1.779
   1.879
   1.987
   2.099
   2.211
   2.314
   2.416
   2.509
   2.596
   2.671
   2.735
   2.784
   2.819
   2.850
   2.885
   2.922
   2.961
   3.001
   3.037
   3.069
   3.090
   3.106
   3.112
   3.115
   3.116
   3.125
   3.152
   3.197
   3.250
   3.303
   3.349
   3.398
   3.427
   3.437
   3.269
   0.000
 -65.534
 -65.534
 -65.534
 -65.534
 -65.534
 -65.534
 -65.534
 -65.534
 -65.534
 -65.534
 -65.534
 -65.534
 -65.534
 -65.534
 -65.534
 -65.534
 -65.534
 -65.534
 -65.534
   0.911
   0.949
   0.979
   1.014
   1.053
   1.098
   1.148
   1.205
   1.267
   1.329
   1.393
   1.452
   1.516
   1.587
   1.672
   1.770
   1.875
   1.987
   2.103
   2.211
   2.313
   2.406
   2.490
   2.564
   2.624
   2.671
   2.702
   2.726
   2.755
   2.785
   2.816
   2.850
   2.882
   2.910
   2.926
   2.935
   2.937
   2.936
   2.939
   2.951
   2.982
   3.031
   3.086
   3.142
   3.195
   3.241
   3.275
   3.289
   3.125
   0.000
 -65.534
 -65.534
 -65.534
 -65.534
 -65.534
 -65.534
 -65.534
 -65.534
 -65.534
 -65.534
 -65.534
 -65.534
 -65.534
 -65.534
 -65.534
 -65.534
 -65.534
 -65.534
   0.723
   0.902
   0.914
   0.944
   0.982
   1.023
   1.067
   1.113
   1.166
   1.220
   1.274
   1.327
   1.381
   1.437
   1.499
   1.576
   1.668
   1.771
   1.880
   1.994
   2.100
   2.203
   2.294
   2.377
   2.449
   2.509
   2.553
   2.582
   2.605
   2.626
   2.650
   2.675
   2.701
   2.726
   2.748
   2.758
   2.762
   2.756
   2.749
   2.751
   2.766
   2.799
   2.849
   2.906
   2.968
   3.027
   3.081
   3.119
   3.139
   2.980
   0.000
 -65.534
 -65.534
 -65.534
 -65.534
 -65.534
 -65.534
 -65.534
 -65.534
 -65.534
 -65.534
 -65.534
 -65.534
 -65.534
 -65.534
 -65.534
 -65.534
 -65.534
   0.619
   0.804
   0.849
   0.868
   0.894
   0.929
   0.974
   1.017
   1.065
   1.114
   1.164
   1.214
   1.262
   1.311
   1.361
   1.418
   1.487
   1.569
   1.665
   1.765
   1.873
   1.976
   2.070
   2.161
   2.242
   2.314
   2.373
   2.418
   2.446
   2.467
   2.487
   2.504
   2.524
   2.545
   2.571
   2.588
   2.594
   2.590
   2.580
   2.567
   2.568
   2.584
   2.621
   2.673
   2.736
   2.803
   2.865
   2.926
   2.971
   2.994
   2.844
   0.000
 -65.534
 -65.534
 -65.534
 -65.534
 -65.534
 -65.534
 -65.534
 -65.534
 -65.534
 -65.534
 -65.534
 -65.534
 -65.534
 -65.534
 -65.534
 -65.534
 -65.534
   0.691
   0.778
   0.802
   0.821
   0.841
   0.867
   0.904
   0.950
   0.997
   1.048
   1.096
   1.142
   1.191
   1.239
   1.288
   1.337
   1.399
   1.468
   1.548
   1.636
   1.731
   1.827
   1.919
   2.002
   2.078
   2.150
   2.206
   2.249
   2.279
   2.301
   2.324
   2.343
   2.364
   2.385
   2.414
   2.436
   2.444
   2.443
   2.429
   2.415
   2.410
   2.427
   2.461
   2.514
   2.580
   2.649
   2.722
   2.787
   2.840
   2.874
   2.734
   0.000
 -65.534
 -65.534
 -65.534
 -65.534
 -65.534
 -65.534
 -65.534
 -65.534
 -65.534
 -65.534
 -65.534
 -65.534
 -65.534
 -65.534
 -65.534
 -65.534
 -65.534
   0.708
   0.756
   0.775
   0.786
   0.799
   0.816
   0.843
   0.884
   0.925
   0.972
   1.018
   1.066
   1.118
   1.167
   1.215
   1.263
   1.316
   1.375
   1.437
   1.506
   1.585
   1.672
   1.755
   1.830
   1.900
   1.961
   2.015
   2.055
   2.089
   2.118
   2.146
   2.174
   2.200
   2.226
   2.258
   2.283
   2.299
   2.304
   2.300
   2.287
   2.287
   2.301
   2.333
   2.383
   2.443
   2.515
   2.586
   2.650
   2.707
   2.753
   2.634
   0.000
 -65.534
 -65.534
 -65.534
 -65.534
 -65.534
 -65.534
 -65.534
 -65.534
 -65.534
 -65.534
 -65.534
 -65.534
 -65.534
 -65.534
 -65.534
 -65.534
 -65.534
   0.737
   0.750
   0.764
   0.773
   0.779
   0.786
   0.804
   0.832
   0.869
   0.905
   0.947
   0.994
   1.047
   1.100
   1.149
   1.198
   1.248
   1.298
   1.347
   1.399
   1.461
   1.532
   1.599
   1.663
   1.719
   1.773
   1.822
   1.866
   1.903
   1.938
   1.976
   2.011
   2.042
   2.076
   2.111
   2.139
   2.163
   2.179
   2.187
   2.189
   2.190
   2.209
   2.239
   2.283
   2.337
   2.399
   2.465
   2.530
   2.588
   2.639
   2.531
   0.000
 -65.534
 -65.534
 -65.534
 -65.534
 -65.534
 -65.534
 -65.534
 -65.534
 -65.534
 -65.534
 -65.534
 -65.534
 -65.534
 -65.534
 -65.534
 -65.534
 -65.534
 -65.534
   0.762
   0.764
   0.771
   0.773
   0.776
   0.785
   0.799
   0.822
   0.847
   0.883
   0.923
   0.977
   1.032
   1.084
   1.132
   1.181
   1.227
   1.274
   1.307
   1.347
   1.399
   1.450
   1.501
   1.546
   1.593
   1.644
   1.694
   1.738
   1.781
   1.823
   1.863
   1.900
   1.938
   1.976
   2.008
   2.037
   2.063
   2.087
   2.103
   2.120
   2.142
   2.175
   2.218
   2.267
   2.321
   2.378
   2.435
   2.483
   2.531
   2.432
   0.000
 -65.534
 -65.534
 -65.534
 -65.534
 -65.534
 -65.534
 -65.534
 -65.534
 -65.534
 -65.534
 -65.534
 -65.534
 -65.534
 -65.534
 -65.534
 -65.534
 -65.534
 -65.534
 -65.534
   0.775
   0.767
   0.769
   0.771
   0.772
   0.779
   0.786
   0.800
   0.821
   0.858
   0.904
   0.959
   1.010
   1.060
   1.109
   1.163
   1.218
   1.202
   1.228
   1.265
   1.306
   1.353
   1.395
   1.445
   1.497
   1.550
   1.602
   1.650
   1.695
   1.739
   1.781
   1.814
   1.854
   1.889
   1.920
   1.954
   1.988
   2.021
   2.054
   2.087
   2.128
   2.173
   2.223
   2.272
   2.320
   2.367
   2.410
   2.446
   2.351
   0.000
 -65.534
 -65.534
 -65.534
 -65.534
 -65.534
 -65.534
 -65.534
 -65.534
 -65.534
 -65.534
 -65.534
 -65.534
 -65.534
 -65.534
 -65.534
 -65.534
 -65.534
 -65.534
 -65.534
 -65.534
   0.781
   0.782
   0.779
   0.775
   0.769
   0.770
   0.775
   0.785
   0.808
   0.842
   0.886
   0.928
   0.961
   0.983
   0.977
   0.891
 -65.534
 -65.534
 -65.534
 -65.534
   1.234
   1.291
   1.340
   1.392
   1.441
   1.492
   1.541
   1.581
   1.622
   1.665
   1.705
   1.746
   1.787
   1.823
   1.866
   1.908
   1.951
   1.996
   2.042
   2.088
   2.140
   2.188
   2.234
   2.276
   2.321
   2.356
   2.386
   2.283
   0.000
 -65.534
 -65.534
 -65.534
 -65.534
 -65.534
 -65.534
 -65.534
 -65.534
 -65.534
 -65.534
 -65.534
 -65.534
 -65.534
 -65.534
 -65.534
 -65.534
 -65.534
 -65.534
 -65.534
 -65.534
 -65.534
 -65.534
 -65.534
 -65.534
   0.768
   0.761
   0.760
   0.764
   0.781
   0.808
   0.835
   0.856
   0.867
   0.858
   0.807
   0.693
 -65.534
 -65.534
 -65.534
 -65.534
 -65.534
 -65.534
   1.265
   1.331
   1.366
   1.403
   1.439
   1.477
   1.517
   1.558
   1.601
   1.647
   1.693
   1.738
   1.786
   1.840
   1.894
   1.949
   2.002
   2.055
   2.105
   2.154
   2.200
   2.239
   2.273
   2.306
   2.326
   2.210
   0.000
 -65.534
 -65.534
 -65.534
 -65.534
 -65.534
 -65.534
 -65.534
 -65.534
 -65.534
 -65.534
 -65.534
 -65.534
 -65.534
 -65.534
 -65.534
 -65.534
 -65.534
 -65.534
 -65.534
 -65.534
 -65.534
 -65.534
 -65.534
 -65.534
   0.795
   0.785
   0.782
   0.780
   0.781
   0.785
   0.790
   0.787
   0.781
   0.747
   0.687
   0.604
 -65.534
 -65.534
 -65.534
 -65.534
 -65.534
 -65.534
 -65.534
   1.272
   1.324
   1.341
   1.367
   1.385
   1.411
   1.447
   1.493
   1.544
   1.597
   1.650
   1.712
   1.778
   1.842
   1.902
   1.962
   2.019
   2.079
   2.132
   2.173
   2.206
   2.231
   2.248
   2.263
   2.127
   0.000
 -65.534
 -65.534
 -65.534
 -65.534
 -65.534
 -65.534
 -65.534
 -65.534
 -65.534
 -65.534
 -65.534
 -65.534
 -65.534
 -65.534
 -65.534
 -65.534
 -65.534
 -65.534
 -65.534
 -65.534
 -65.534
 -65.534
 -65.534
 -65.534
 -65.534
 -65.534
 -65.534
 -65.534
 -65.534
   0.799
   0.765
   0.737
   0.714
   0.670
   0.620
   0.555
   0.401
 -65.534
 -65.534
 -65.534
 -65.534
 -65.534
 -65.534
   1.073
   1.003
 -65.534
   1.242
   1.300
   1.344
   1.384
   1.418
   1.463
   1.516
   1.580
   1.649
   1.724
   1.795
   1.863
   1.924
   1.988
   2.049
   2.105
   2.141
   2.168
   2.184
   2.189
   2.193
   2.037
   0.000
 -65.534
 -65.534
 -65.534
 -65.534
 -65.534
 -65.534
 -65.534
 -65.534
 -65.534
 -65.534
 -65.534
 -65.534
 -65.534
 -65.534
 -65.534
 -65.534
 -65.534
 -65.534
 -65.534
 -65.534
 -65.534
 -65.534
 -65.534
 -65.534
 -65.534
 -65.534
 -65.534
 -65.534
 -65.534
 -65.534
 -65.534
 -65.534
   0.689
   0.630
   0.584
   0.535
   0.410
   0.362
 -65.534
 -65.534
 -65.534
 -65.534
 -65.534
 -65.534
 -65.534
 -65.534
 -65.534
 -65.534
 -65.534
   1.246
   1.367
   1.436
   1.503
   1.544
   1.599
   1.674
   1.753
   1.819
   1.884
   1.946
   2.005
   2.056
   2.094
   2.114
   2.125
   2.116
   2.107
   1.931
   0.000
 -65.534
 -65.534
 -65.534
 -65.534
 -65.534
 -65.534
 -65.534
 -65.534
 -65.534
 -65.534
 -65.534
 -65.534
 -65.534
 -65.534
 -65.534
 -65.534
 -65.534
 -65.534
 -65.534
 -65.534
 -65.534
 -65.534
 -65.534
 -65.534
 -65.534
 -65.534
 -65.534
 -65.534
 -65.534
 -65.534
 -65.534
 -65.534
   0.704
   0.647
   0.601
   0.539
   0.436
   0.353
   0.327
   0.336
 -65.534
 -65.534
 -65.534
 -65.534
 -65.534
 -65.534
 -65.534
 -65.534
 -65.534
 -65.534
 -65.534
 -65.534
   1.301
   1.469
   1.555
   1.662
   1.724
   1.776
   1.827
   1.885
   1.941
   1.987
   2.021
   2.039
   2.042
   2.035
   2.026
   1.843
   0.000
 -65.534
 -65.534
 -65.534
 -65.534
 -65.534
 -65.534
 -65.534
 -65.534
 -65.534
 -65.534
 -65.534
 -65.534
 -65.534
 -65.534
 -65.534
 -65.534
 -65.534
 -65.534
 -65.534
 -65.534
 -65.534
 -65.534
 -65.534
 -65.534
 -65.534
 -65.534
 -65.534
 -65.534
 -65.534
 -65.534
 -65.534
 -65.534
 -65.534
 -65.534
 -65.534
 -65.534
   0.398
   0.333
   0.276
   0.262
   0.303
   0.297
   0.309
   0.322
   0.332
 -65.534
 -65.534
 -65.534
 -65.534
 -65.534
 -65.534
 -65.534
 -65.534
 -65.534
 -65.534
   1.413
   1.633
   1.714
   1.763
   1.802
   1.849
   1.900
   1.932
   1.947
   1.951
   1.946
   1.942
   1.760
   0.000
 -65.534
 -65.534
 -65.534
 -65.534
 -65.534
 -65.534
 -65.534
 -65.534
 -65.534
 -65.534
 -65.534
 -65.534
 -65.534
 -65.534
 -65.534
 -65.534
 -65.534
 -65.534
 -65.534
 -65.534
 -65.534
 -65.534
 -65.534
 -65.534
 -65.534
 -65.534
 -65.534
 -65.534
 -65.534
 -65.534
 -65.534
 -65.534
 -65.534
 -65.534
 -65.534
 -65.534
 -65.534
 -65.534
 -65.534
 -65.534
   0.236
 -65.534
 -65.534
 -65.534
 -65.534
 -65.534
 -65.534
 -65.534
 -65.534
 -65.534
 -65.534
 -65.534
 -65.534
 -65.534
 -65.534
   1.156
   1.448
   1.617
   1.694
   1.773
   1.788
   1.798
   1.826
   1.847
   1.859
   1.866
   1.874
   1.694
   0.000
 -65.534
 -65.534
 -65.534
 -65.534
 -65.534
 -65.534
 -65.534
 -65.534
 -65.534
 -65.534
 -65.534
 -65.534
 -65.534
 -65.534
 -65.534
 -65.534
 -65.534
 -65.534
 -65.534
 -65.534
 -65.534
 -65.534
 -65.534
 -65.534
 -65.534
 -65.534
 -65.534
 -65.534
 -65.534
 -65.534
 -65.534
 -65.534
 -65.534
 -65.534
 -65.534
 -65.534
 -65.534
 -65.534
 -65.534
 -65.534
 -65.534
 -65.534
 -65.534
 -65.534
 -65.534
 -65.534
 -65.534
 -65.534
 -65.534
 -65.534
 -65.534
 -65.534
 -65.534
 -65.534
 -65.534
 -65.534
 -65.534
 -65.534
 -65.534
   1.320
   1.572
   1.675
   1.697
   1.712
   1.729
   1.739
   1.759
   1.576
   0.000
 -65.534
 -65.534
 -65.534
 -65.534
 -65.534
 -65.534
 -65.534
 -65.534
 -65.534
 -65.534
 -65.534
 -65.534
 -65.534
 -65.534
 -65.534
 -65.534
 -65.534
 -65.534
 -65.534
 -65.534
 -65.534
 -65.534
 -65.534
 -65.534
 -65.534
 -65.534
 -65.534
 -65.534
 -65.534
 -65.534
 -65.534
 -65.534
 -65.534
 -65.534
 -65.534
 -65.534
 -65.534
 -65.534
 -65.534
 -65.534
 -65.534
 -65.534
 -65.534
 -65.534
 -65.534
 -65.534
 -65.534
 -65.534
 -65.534
 -65.534
 -65.534
 -65.534
 -65.534
 -65.534
 -65.534
 -65.534
 -65.534
 -65.534
 -65.534
 -65.534
 -65.534
   0.000
   0.000
   0.000
   0.000
   0.000
   0.000
   0.000
 -65.534
