 -65.534
   0.000
   0.000
   0.000
   0.000
   0.000
   0.000
   0.000
   0.000
   0.000
   0.000
   0.000
   0.000
   0.000
   0.000
   0.000
   0.000
   0.000
   0.000
   0.000
   0.000
   0.000
   0.000
   0.000
   0.000
   0.000
   0.000
   0.000
   0.000
   0.000
   0.000
   0.000
   0.000
   0.000
   0.000
   0.000
   0.000
   0.000
   0.000
   0.000
   0.000
   0.000
   0.000
   0.000
   0.000
   0.000
   0.000
   0.000
   0.000
   0.000
   0.000
   0.000
   0.000
   0.000
   0.000
   0.000
   0.000
   0.000
   0.000
   0.000
   0.000
   0.000
   0.000
   0.000
   0.000
   0.000
   0.000
   0.000
 -65.534
   0.000
   1.603
   1.789
   1.877
   1.952
   2.003
   2.036
   2.049
   2.049
   2.043
   2.037
   2.034
   2.033
   2.035
   2.029
   2.026
   2.027
   2.053
   2.110
   2.190
   2.288
   2.388
   2.490
   2.607
   2.638
   2.632
   2.627
   2.635
   2.640
   2.656
   2.675
   2.706
   2.747
   2.796
   2.822
   2.840
   2.847
   2.837
   2.806
   2.734
   2.645
   2.563
   2.477
   2.386
   2.337
   2.311
   2.306
   2.307
   2.333
   2.380
   2.434
   2.483
   2.544
   2.606
   2.715
   2.835
   2.958
   3.082
   3.215
   3.344
   3.462
   3.569
   3.668
   3.756
   3.813
   3.864
   3.920
   3.787
   0.000
   0.000
   1.701
   1.870
   1.940
   2.013
   2.069
   2.111
   2.140
   2.156
   2.172
   2.186
   2.193
   2.198
   2.203
   2.200
   2.200
   2.204
   2.235
   2.293
   2.380
   2.483
   2.597
   2.715
   2.841
   2.892
   2.901
   2.899
   2.904
   2.915
   2.941
   2.984
   3.039
   3.099
   3.173
   3.226
   3.259
   3.285
   3.294
   3.263
   3.196
   3.115
   3.019
   2.898
   2.783
   2.699
   2.668
   2.668
   2.681
   2.707
   2.759
   2.820
   2.890
   2.971
   3.057
   3.159
   3.276
   3.411
   3.556
   3.707
   3.865
   4.024
   4.167
   4.303
   4.422
   4.527
   4.615
   4.709
   4.603
   0.000
   0.000
   1.681
   1.832
   1.892
   1.954
   2.007
   2.057
   2.099
   2.133
   2.166
   2.200
   2.224
   2.244
   2.254
   2.256
   2.257
   2.268
   2.300
   2.361
   2.451
   2.557
   2.678
   2.805
   2.918
   2.985
   2.997
   2.997
   2.998
   3.005
   3.029
   3.077
   3.142
   3.225
   3.328
   3.409
   3.477
   3.516
   3.524
   3.504
   3.444
   3.365
   3.249
   3.116
   2.976
   2.870
   2.828
   2.835
   2.854
   2.884
   2.933
   2.993
   3.071
   3.162
   3.262
   3.374
   3.494
   3.628
   3.771
   3.927
   4.087
   4.245
   4.402
   4.551
   4.696
   4.820
   4.931
   5.053
   4.978
   0.000
   0.000
   1.654
   1.792
   1.835
   1.882
   1.927
   1.974
   2.022
   2.069
   2.117
   2.167
   2.206
   2.241
   2.263
   2.274
   2.284
   2.301
   2.342
   2.412
   2.506
   2.619
   2.743
   2.873
   2.981
   3.050
   3.061
   3.067
   3.051
   3.041
   3.057
   3.109
   3.189
   3.288
   3.416
   3.536
   3.627
   3.688
   3.720
   3.694
   3.641
   3.561
   3.443
   3.299
   3.153
   3.032
   2.966
   2.958
   2.980
   3.016
   3.057
   3.118
   3.196
   3.290
   3.392
   3.504
   3.636
   3.766
   3.905
   4.061
   4.227
   4.399
   4.563
   4.731
   4.889
   5.047
   5.185
   5.333
   5.301
   0.000
   0.000
   1.631
   1.755
   1.788
   1.822
   1.856
   1.893
   1.938
   1.991
   2.051
   2.110
   2.159
   2.202
   2.236
   2.260
   2.282
   2.314
   2.366
   2.447
   2.543
   2.653
   2.767
   2.894
   3.003
   3.058
   3.080
   3.087
   3.060
   3.030
   3.043
   3.104
   3.191
   3.316
   3.467
   3.612
   3.721
   3.797
   3.846
   3.839
   3.794
   3.713
   3.599
   3.457
   3.313
   3.182
   3.091
   3.051
   3.064
   3.094
   3.133
   3.186
   3.263
   3.349
   3.452
   3.561
   3.682
   3.814
   3.961
   4.118
   4.283
   4.459
   4.644
   4.836
   5.035
   5.227
   5.397
   5.574
   5.586
   0.000
   0.000
   1.594
   1.719
   1.749
   1.778
   1.804
   1.834
   1.878
   1.929
   1.992
   2.053
   2.108
   2.160
   2.200
   2.238
   2.272
   2.320
   2.379
   2.460
   2.552
   2.648
   2.757
   2.869
   2.964
   3.022
   3.054
   3.055
   3.026
   2.985
   2.988
   3.064
   3.167
   3.315
   3.477
   3.641
   3.772
   3.874
   3.924
   3.935
   3.907
   3.843
   3.744
   3.605
   3.447
   3.299
   3.192
   3.125
   3.106
   3.118
   3.147
   3.195
   3.260
   3.340
   3.433
   3.541
   3.656
   3.792
   3.929
   4.078
   4.244
   4.430
   4.633
   4.853
   5.084
   5.318
   5.536
   5.745
   5.812
   0.000
   0.000
   1.540
   1.676
   1.711
   1.743
   1.768
   1.796
   1.835
   1.886
   1.947
   2.010
   2.069
   2.121
   2.170
   2.217
   2.262
   2.314
   2.374
   2.446
   2.527
   2.615
   2.704
   2.805
   2.899
   2.951
   2.970
   2.969
   2.933
   2.897
   2.908
   2.995
   3.121
   3.283
   3.457
   3.644
   3.785
   3.898
   3.967
   3.989
   3.982
   3.944
   3.860
   3.730
   3.576
   3.413
   3.263
   3.163
   3.104
   3.085
   3.095
   3.136
   3.189
   3.263
   3.345
   3.444
   3.558
   3.681
   3.816
   3.964
   4.130
   4.316
   4.547
   4.805
   5.079
   5.349
   5.593
   5.829
   5.974
   0.000
   0.000
   1.452
   1.607
   1.659
   1.703
   1.733
   1.765
   1.800
   1.850
   1.913
   1.977
   2.037
   2.093
   2.147
   2.196
   2.246
   2.298
   2.355
   2.416
   2.484
   2.560
   2.638
   2.724
   2.813
   2.860
   2.866
   2.849
   2.818
   2.783
   2.810
   2.921
   3.068
   3.238
   3.434
   3.619
   3.771
   3.894
   3.972
   4.010
   4.026
   4.012
   3.947
   3.835
   3.685
   3.524
   3.353
   3.212
   3.116
   3.058
   3.035
   3.049
   3.083
   3.141
   3.214
   3.299
   3.401
   3.515
   3.645
   3.780
   3.957
   4.153
   4.406
   4.695
   5.001
   5.307
   5.587
   5.868
   6.067
   0.000
   0.000
   1.321
   1.499
   1.574
   1.638
   1.677
   1.716
   1.760
   1.817
   1.881
   1.949
   2.009
   2.070
   2.126
   2.180
   2.229
   2.276
   2.323
   2.374
   2.428
   2.493
   2.567
   2.648
   2.727
   2.761
   2.755
   2.736
   2.698
   2.681
   2.736
   2.863
   3.021
   3.203
   3.413
   3.598
   3.751
   3.879
   3.972
   4.016
   4.045
   4.049
   4.006
   3.914
   3.780
   3.624
   3.455
   3.289
   3.166
   3.075
   3.010
   2.963
   2.980
   3.014
   3.060
   3.125
   3.211
   3.322
   3.449
   3.593
   3.765
   3.981
   4.251
   4.561
   4.895
   5.223
   5.540
   5.852
   6.126
   0.000
   0.000
   1.168
   1.356
   1.454
   1.537
   1.596
   1.648
   1.704
   1.770
   1.840
   1.913
   1.981
   2.045
   2.107
   2.162
   2.213
   2.253
   2.294
   2.334
   2.379
   2.430
   2.494
   2.574
   2.647
   2.672
   2.661
   2.631
   2.603
   2.618
   2.698
   2.834
   2.999
   3.183
   3.396
   3.589
   3.741
   3.863
   3.954
   4.013
   4.049
   4.066
   4.035
   3.957
   3.850
   3.702
   3.537
   3.384
   3.240
   3.121
   3.004
   2.900
   2.898
   2.891
   2.897
   2.926
   3.015
   3.130
   3.259
   3.412
   3.601
   3.830
   4.127
   4.455
   4.802
   5.150
   5.492
   5.825
   6.163
   0.000
   0.000
   1.022
   1.203
   1.315
   1.416
   1.493
   1.562
   1.627
   1.698
   1.777
   1.858
   1.936
   2.013
   2.081
   2.141
   2.192
   2.230
   2.262
   2.292
   2.328
   2.377
   2.434
   2.504
   2.577
   2.606
   2.604
   2.592
   2.582
   2.614
   2.702
   2.841
   3.006
   3.195
   3.405
   3.601
   3.756
   3.867
   3.948
   3.998
   4.041
   4.060
   4.038
   3.969
   3.867
   3.744
   3.602
   3.459
   3.312
   3.174
   3.021
   2.878
   2.820
   2.771
   2.741
   2.749
   2.811
   2.925
   3.076
   3.249
   3.462
   3.730
   4.046
   4.398
   4.752
   5.110
   5.468
   5.814
   6.199
   0.000
   0.000
   0.888
   1.070
   1.179
   1.281
   1.366
   1.447
   1.525
   1.605
   1.688
   1.777
   1.865
   1.951
   2.032
   2.101
   2.155
   2.193
   2.221
   2.248
   2.281
   2.323
   2.378
   2.450
   2.525
   2.570
   2.592
   2.605
   2.613
   2.650
   2.728
   2.871
   3.029
   3.212
   3.420
   3.609
   3.759
   3.865
   3.931
   3.968
   4.001
   4.023
   4.006
   3.947
   3.851
   3.735
   3.618
   3.501
   3.363
   3.216
   3.048
   2.889
   2.787
   2.699
   2.623
   2.595
   2.633
   2.728
   2.898
   3.104
   3.357
   3.669
   4.019
   4.393
   4.761
   5.122
   5.489
   5.837
   6.238
   0.000
 -65.534
 -65.534
   0.895
   1.044
   1.136
   1.228
   1.317
   1.402
   1.487
   1.576
   1.670
   1.765
   1.857
   1.946
   2.024
   2.085
   2.128
   2.160
   2.189
   2.222
   2.263
   2.318
   2.393
   2.474
   2.541
   2.590
   2.635
   2.663
   2.700
   2.775
   2.896
   3.031
   3.218
   3.421
   3.591
   3.715
   3.814
   3.873
   3.900
   3.922
   3.937
   3.927
   3.879
   3.787
   3.687
   3.589
   3.491
   3.379
   3.241
   3.080
   2.904
   2.749
   2.624
   2.504
   2.452
   2.475
   2.570
   2.752
   3.000
   3.305
   3.664
   4.048
   4.452
   4.838
   5.201
   5.563
   5.913
   6.324
   0.000
 -65.534
 -65.534
 -65.534
   0.856
   0.987
   1.080
   1.175
   1.268
   1.353
   1.443
   1.539
   1.634
   1.728
   1.822
   1.905
   1.975
   2.028
   2.066
   2.098
   2.137
   2.183
   2.245
   2.326
   2.417
   2.504
   2.583
   2.656
   2.708
   2.752
   2.811
   2.907
   3.030
   3.195
   3.350
   3.465
   3.632
   3.722
   3.762
   3.787
   3.806
   3.810
   3.800
   3.751
   3.667
   3.571
   3.484
   3.407
   3.320
   3.213
   3.066
   2.894
   2.717
   2.561
   2.409
   2.329
   2.359
   2.485
   2.682
   2.959
   3.310
   3.708
   4.129
   4.542
   4.940
   5.305
   5.667
   6.022
   6.424
   0.000
 -65.534
 -65.534
 -65.534
 -65.534
   0.803
   0.933
   1.029
   1.116
   1.200
   1.286
   1.379
   1.477
   1.573
   1.669
   1.758
   1.832
   1.891
   1.933
   1.972
   2.012
   2.061
   2.127
   2.215
   2.321
   2.426
   2.535
   2.632
   2.709
   2.763
   2.821
   2.895
   2.990
   3.109
   3.231
   3.337
   3.457
   3.509
   3.608
   3.638
   3.646
   3.655
   3.634
   3.575
   3.494
   3.399
   3.323
   3.260
   3.199
   3.123
   3.005
   2.863
   2.683
   2.508
   2.374
   2.301
   2.347
   2.494
   2.717
   3.016
   3.388
   3.802
   4.231
   4.654
   5.045
   5.400
   5.757
   6.096
   6.476
   0.000
 -65.534
 -65.534
 -65.534
 -65.534
   0.683
   0.800
   0.883
   0.957
   1.029
   1.111
   1.202
   1.297
   1.399
   1.500
   1.591
   1.666
   1.726
   1.768
   1.802
   1.838
   1.886
   1.957
   2.045
   2.155
   2.276
   2.400
   2.520
   2.620
   2.692
   2.759
   2.826
   2.898
   2.990
   3.082
   3.164
   3.239
   3.294
   3.358
   3.355
   3.393
   3.408
   3.392
   3.336
   3.255
   3.169
   3.107
   3.062
   3.029
   2.987
   2.914
   2.795
   2.642
   2.510
   2.405
   2.387
   2.468
   2.642
   2.877
   3.171
   3.524
   3.916
   4.322
   4.728
   5.103
   5.437
   5.780
   6.103
   6.444
   0.000
 -65.534
 -65.534
 -65.534
 -65.534
   0.604
   0.698
   0.761
   0.818
   0.872
   0.945
   1.031
   1.121
   1.219
   1.321
   1.412
   1.485
   1.534
   1.571
   1.601
   1.633
   1.674
   1.734
   1.814
   1.918
   2.035
   2.167
   2.298
   2.418
   2.518
   2.605
   2.677
   2.736
   2.801
   2.870
   2.932
   2.986
   3.031
   3.051
   3.038
   3.036
   3.035
   3.007
   3.000
   2.946
   2.883
   2.843
   2.814
   2.802
   2.799
   2.767
   2.686
   2.594
   2.517
   2.485
   2.528
   2.655
   2.851
   3.104
   3.389
   3.706
   4.043
   4.399
   4.750
   5.080
   5.387
   5.712
   6.027
   6.330
   0.000
 -65.534
 -65.534
 -65.534
 -65.534
   0.538
   0.611
   0.663
   0.703
   0.754
   0.809
   0.879
   0.959
   1.043
   1.138
   1.222
   1.287
   1.334
   1.368
   1.391
   1.414
   1.441
   1.486
   1.548
   1.636
   1.739
   1.861
   1.991
   2.118
   2.237
   2.343
   2.427
   2.489
   2.539
   2.582
   2.622
   2.656
   2.681
   2.685
   2.665
   2.633
   2.596
   2.570
   2.562
   2.542
   2.531
   2.536
   2.540
   2.546
   2.561
   2.566
   2.541
   2.513
   2.507
   2.539
   2.627
   2.796
   3.031
   3.306
   3.592
   3.865
   4.130
   4.421
   4.706
   4.977
   5.265
   5.566
   5.888
   6.133
   0.000
 -65.534
 -65.534
 -65.534
 -65.534
 -65.534
 -65.534
 -65.534
 -65.534
   0.619
   0.695
   0.755
   0.819
   0.888
   0.963
   1.035
   1.093
   1.137
   1.167
   1.190
   1.210
   1.224
   1.249
   1.291
   1.353
   1.439
   1.539
   1.655
   1.775
   1.896
   2.008
   2.092
   2.150
   2.190
   2.217
   2.232
   2.251
   2.261
   2.252
   2.225
   2.194
   2.168
   2.152
   2.142
   2.155
   2.200
   2.230
   2.243
   2.278
   2.335
   2.368
   2.394
   2.420
   2.467
   2.550
   2.691
   2.896
   3.162
   3.453
   3.748
   3.990
   4.186
   4.395
   4.616
   4.854
   5.113
   5.399
   5.709
   5.903
   0.000
 -65.534
 -65.534
 -65.534
 -65.534
 -65.534
 -65.534
   0.152
   0.312
   0.549
   0.613
   0.667
   0.719
   0.776
   0.831
   0.883
   0.933
   0.973
   1.003
   1.025
   1.041
   1.050
   1.060
   1.083
   1.118
   1.172
   1.255
   1.351
   1.456
   1.562
   1.660
   1.734
   1.782
   1.807
   1.815
   1.810
   1.810
   1.812
   1.803
   1.784
   1.767
   1.764
   1.780
   1.805
   1.852
   1.913
   1.961
   2.011
   2.084
   2.140
   2.183
   2.240
   2.310
   2.413
   2.554
   2.739
   2.976
   3.259
   3.570
   3.877
   4.110
   4.250
   4.381
   4.553
   4.764
   5.011
   5.263
   5.552
   5.669
   0.000
 -65.534
 -65.534
 -65.534
 -65.534
 -65.534
 -65.534
 -65.534
 -65.534
 -65.534
   0.525
   0.587
   0.641
   0.689
   0.732
   0.768
   0.819
   0.857
   0.894
   0.916
   0.926
   0.926
   0.924
   0.933
   0.955
   0.991
   1.044
   1.115
   1.198
   1.279
   1.353
   1.408
   1.441
   1.451
   1.448
   1.434
   1.421
   1.412
   1.402
   1.396
   1.411
   1.441
   1.483
   1.542
   1.616
   1.694
   1.766
   1.835
   1.917
   1.991
   2.072
   2.167
   2.285
   2.425
   2.601
   2.817
   3.071
   3.363
   3.684
   3.985
   4.208
   4.330
   4.405
   4.554
   4.758
   4.998
   5.226
   5.459
   5.483
   0.000
 -65.534
 -65.534
 -65.534
 -65.534
 -65.534
 -65.534
 -65.534
 -65.534
 -65.534
 -65.534
 -65.534
 -65.534
 -65.534
 -65.534
 -65.534
   0.707
   0.780
   0.812
   0.821
   0.837
   0.854
   0.855
   0.855
   0.863
   0.885
   0.922
   0.971
   1.025
   1.083
   1.135
   1.173
   1.190
   1.192
   1.181
   1.163
   1.143
   1.130
   1.122
   1.137
   1.171
   1.230
   1.301
   1.379
   1.466
   1.559
   1.646
   1.731
   1.821
   1.910
   2.008
   2.124
   2.268
   2.440
   2.648
   2.894
   3.167
   3.463
   3.769
   4.039
   4.225
   4.327
   4.406
   4.547
   4.756
   5.001
   5.266
   5.476
   5.398
   0.000
 -65.534
 -65.534
 -65.534
 -65.534
 -65.534
 -65.534
 -65.534
 -65.534
 -65.534
 -65.534
 -65.534
 -65.534
 -65.534
 -65.534
 -65.534
 -65.534
 -65.534
 -65.534
 -65.534
   0.741
   0.804
   0.828
   0.843
   0.853
   0.864
   0.883
   0.920
   0.960
   0.997
   1.026
   1.048
   1.059
   1.060
   1.055
   1.045
   1.028
   1.020
   1.017
   1.035
   1.086
   1.160
   1.246
   1.338
   1.435
   1.531
   1.618
   1.705
   1.799
   1.904
   2.012
   2.144
   2.302
   2.497
   2.728
   2.985
   3.264
   3.549
   3.827
   4.046
   4.185
   4.277
   4.376
   4.503
   4.695
   4.940
   5.239
   5.457
   5.322
   0.000
 -65.534
 -65.534
 -65.534
 -65.534
 -65.534
 -65.534
 -65.534
 -65.534
 -65.534
 -65.534
 -65.534
 -65.534
 -65.534
 -65.534
 -65.534
 -65.534
 -65.534
 -65.534
   0.468
   0.783
   0.820
   0.851
   0.876
   0.897
   0.908
   0.921
   0.947
   0.973
   1.000
   1.020
   1.038
   1.051
   1.058
   1.063
   1.067
   1.069
   1.071
   1.078
   1.105
   1.157
   1.239
   1.337
   1.439
   1.534
   1.624
   1.705
   1.778
   1.866
   1.960
   2.077
   2.216
   2.382
   2.583
   2.820
   3.069
   3.337
   3.604
   3.838
   4.005
   4.106
   4.193
   4.305
   4.429
   4.611
   4.859
   5.147
   5.391
   5.191
   0.000
 -65.534
 -65.534
 -65.534
 -65.534
 -65.534
 -65.534
 -65.534
 -65.534
 -65.534
 -65.534
 -65.534
 -65.534
 -65.534
 -65.534
 -65.534
 -65.534
 -65.534
   0.447
   0.728
   0.843
   0.882
   0.906
   0.938
   0.975
   0.995
   1.009
   1.029
   1.054
   1.073
   1.095
   1.110
   1.125
   1.146
   1.168
   1.187
   1.201
   1.216
   1.232
   1.264
   1.322
   1.410
   1.519
   1.634
   1.739
   1.820
   1.885
   1.943
   2.011
   2.100
   2.202
   2.332
   2.492
   2.681
   2.906
   3.142
   3.393
   3.636
   3.827
   3.945
   4.023
   4.095
   4.195
   4.318
   4.484
   4.709
   4.965
   5.183
   4.934
   0.000
 -65.534
 -65.534
 -65.534
 -65.534
 -65.534
 -65.534
 -65.534
 -65.534
 -65.534
 -65.534
 -65.534
 -65.534
 -65.534
 -65.534
 -65.534
 -65.534
 -65.534
   0.683
   0.846
   0.901
   0.946
   0.977
   1.013
   1.061
   1.098
   1.118
   1.143
   1.167
   1.191
   1.215
   1.234
   1.255
   1.287
   1.316
   1.341
   1.367
   1.390
   1.414
   1.452
   1.514
   1.605
   1.721
   1.843
   1.960
   2.049
   2.109
   2.159
   2.218
   2.288
   2.374
   2.479
   2.587
   2.736
   2.937
   3.145
   3.371
   3.603
   3.774
   3.867
   3.925
   3.987
   4.075
   4.186
   4.332
   4.525
   4.762
   4.941
   4.595
   0.000
 -65.534
 -65.534
 -65.534
 -65.534
 -65.534
 -65.534
 -65.534
 -65.534
 -65.534
 -65.534
 -65.534
 -65.534
 -65.534
 -65.534
 -65.534
 -65.534
 -65.534
   0.799
   0.913
   0.957
   1.007
   1.052
   1.101
   1.153
   1.207
   1.237
   1.264
   1.292
   1.323
   1.356
   1.387
   1.413
   1.443
   1.478
   1.512
   1.541
   1.572
   1.602
   1.643
   1.705
   1.793
   1.906
   2.030
   2.147
   2.246
   2.315
   2.372
   2.433
   2.488
   2.559
   2.646
   2.727
   2.857
   3.009
   3.173
   3.348
   3.538
   3.688
   3.774
   3.832
   3.885
   3.958
   4.048
   4.165
   4.273
   4.445
   4.571
   4.214
   0.000
 -65.534
 -65.534
 -65.534
 -65.534
 -65.534
 -65.534
 -65.534
 -65.534
 -65.534
 -65.534
 -65.534
 -65.534
 -65.534
 -65.534
 -65.534
 -65.534
 -65.534
   0.895
   0.955
   1.016
   1.076
   1.137
   1.200
   1.255
   1.305
   1.357
   1.390
   1.426
   1.463
   1.506
   1.544
   1.573
   1.605
   1.642
   1.682
   1.722
   1.757
   1.795
   1.842
   1.907
   1.995
   2.098
   2.206
   2.311
   2.403
   2.485
   2.550
   2.604
   2.657
   2.714
   2.777
   2.844
   2.936
   3.044
   3.152
   3.272
   3.401
   3.536
   3.618
   3.685
   3.741
   3.795
   3.853
   3.922
   3.971
   4.033
   4.085
   3.717
   0.000
 -65.534
 -65.534
 -65.534
 -65.534
 -65.534
 -65.534
 -65.534
 -65.534
 -65.534
 -65.534
 -65.534
 -65.534
 -65.534
 -65.534
 -65.534
 -65.534
 -65.534
 -65.534
   0.999
   1.063
   1.144
   1.221
   1.293
   1.354
   1.404
   1.456
   1.504
   1.547
   1.593
   1.647
   1.694
   1.722
   1.760
   1.801
   1.852
   1.897
   1.936
   1.975
   2.026
   2.089
   2.176
   2.274
   2.378
   2.474
   2.557
   2.627
   2.691
   2.748
   2.802
   2.846
   2.889
   2.918
   2.968
   3.028
   3.096
   3.163
   3.261
   3.359
   3.432
   3.492
   3.528
   3.554
   3.565
   3.566
   3.550
   3.508
   3.427
   3.087
   0.000
 -65.534
 -65.534
 -65.534
 -65.534
 -65.534
 -65.534
 -65.534
 -65.534
 -65.534
 -65.534
 -65.534
 -65.534
 -65.534
 -65.534
 -65.534
 -65.534
 -65.534
 -65.534
 -65.534
   1.102
   1.195
   1.289
   1.366
   1.426
   1.485
   1.541
   1.591
   1.648
   1.710
   1.775
   1.833
   1.873
   1.910
   1.950
   2.002
   2.059
   2.123
   2.164
   2.217
   2.287
   2.343
   2.423
   2.506
   2.600
   2.682
   2.753
   2.809
   2.852
   2.894
   2.931
   2.973
   2.973
   2.985
   3.013
   3.042
   3.081
   3.128
   3.184
   3.228
   3.265
   3.266
   3.241
   3.193
   3.123
   3.024
   2.916
   2.749
   2.407
   0.000
 -65.534
 -65.534
 -65.534
 -65.534
 -65.534
 -65.534
 -65.534
 -65.534
 -65.534
 -65.534
 -65.534
 -65.534
 -65.534
 -65.534
 -65.534
 -65.534
 -65.534
 -65.534
 -65.534
 -65.534
   1.225
   1.337
   1.426
   1.495
   1.553
   1.614
   1.673
   1.738
   1.809
   1.889
   1.961
   2.019
   2.065
   2.112
   2.145
   2.069
 -65.534
 -65.534
 -65.534
 -65.534
   2.281
   2.455
   2.586
   2.683
   2.775
   2.848
   2.895
   2.932
   2.956
   2.981
   2.993
   2.975
   2.956
   2.945
   2.925
   2.926
   2.937
   2.950
   2.948
   2.942
   2.915
   2.855
   2.762
   2.634
   2.474
   2.305
   2.117
   1.784
   0.000
 -65.534
 -65.534
 -65.534
 -65.534
 -65.534
 -65.534
 -65.534
 -65.534
 -65.534
 -65.534
 -65.534
 -65.534
 -65.534
 -65.534
 -65.534
 -65.534
 -65.534
 -65.534
 -65.534
 -65.534
 -65.534
 -65.534
 -65.534
 -65.534
   1.527
   1.641
   1.719
   1.793
   1.877
   1.965
   2.048
   2.121
   2.175
   2.217
   2.214
   2.052
 -65.534
 -65.534
 -65.534
 -65.534
 -65.534
 -65.534
   2.449
   2.693
   2.805
   2.886
   2.919
   2.927
   2.937
   2.931
   2.914
   2.896
   2.855
   2.801
   2.752
   2.704
   2.660
   2.626
   2.584
   2.540
   2.481
   2.388
   2.258
   2.102
   1.918
   1.710
   1.527
   1.292
   0.000
 -65.534
 -65.534
 -65.534
 -65.534
 -65.534
 -65.534
 -65.534
 -65.534
 -65.534
 -65.534
 -65.534
 -65.534
 -65.534
 -65.534
 -65.534
 -65.534
 -65.534
 -65.534
 -65.534
 -65.534
 -65.534
 -65.534
 -65.534
 -65.534
   1.468
   1.599
   1.696
   1.797
   1.908
   2.005
   2.089
   2.161
   2.220
   2.249
   2.214
   2.042
 -65.534
 -65.534
 -65.534
 -65.534
 -65.534
 -65.534
 -65.534
   2.540
   2.734
   2.757
   2.874
   2.871
   2.866
   2.833
   2.802
   2.757
   2.694
   2.622
   2.542
   2.458
   2.374
   2.294
   2.209
   2.114
   1.994
   1.863
   1.720
   1.573
   1.440
   1.311
   1.196
   1.054
   0.000
 -65.534
 -65.534
 -65.534
 -65.534
 -65.534
 -65.534
 -65.534
 -65.534
 -65.534
 -65.534
 -65.534
 -65.534
 -65.534
 -65.534
 -65.534
 -65.534
 -65.534
 -65.534
 -65.534
 -65.534
 -65.534
 -65.534
 -65.534
 -65.534
 -65.534
 -65.534
 -65.534
 -65.534
 -65.534
   1.876
   2.014
   2.106
   2.186
   2.209
   2.157
   1.978
   0.884
 -65.534
 -65.534
 -65.534
 -65.534
 -65.534
 -65.534
   2.177
   2.419
 -65.534
   2.290
   2.491
   2.525
   2.653
   2.609
   2.540
   2.443
   2.358
   2.275
   2.183
   2.079
   1.959
   1.830
   1.695
   1.550
   1.407
   1.281
   1.176
   1.086
   1.001
   0.927
   0.831
   0.000
 -65.534
 -65.534
 -65.534
 -65.534
 -65.534
 -65.534
 -65.534
 -65.534
 -65.534
 -65.534
 -65.534
 -65.534
 -65.534
 -65.534
 -65.534
 -65.534
 -65.534
 -65.534
 -65.534
 -65.534
 -65.534
 -65.534
 -65.534
 -65.534
 -65.534
 -65.534
 -65.534
 -65.534
 -65.534
 -65.534
 -65.534
 -65.534
   2.038
   2.106
   2.066
   1.891
   1.179
   0.650
 -65.534
 -65.534
 -65.534
 -65.534
 -65.534
 -65.534
 -65.534
 -65.534
 -65.534
 -65.534
 -65.534
   1.867
   2.054
   2.043
   2.130
   2.050
   1.960
   1.841
   1.720
   1.597
   1.464
   1.325
   1.185
   1.065
   0.970
   0.900
   0.849
   0.799
   0.747
   0.676
   0.000
 -65.534
 -65.534
 -65.534
 -65.534
 -65.534
 -65.534
 -65.534
 -65.534
 -65.534
 -65.534
 -65.534
 -65.534
 -65.534
 -65.534
 -65.534
 -65.534
 -65.534
 -65.534
 -65.534
 -65.534
 -65.534
 -65.534
 -65.534
 -65.534
 -65.534
 -65.534
 -65.534
 -65.534
 -65.534
 -65.534
 -65.534
 -65.534
   1.829
   1.889
   1.862
   1.689
   1.251
   0.851
   0.573
   0.447
 -65.534
 -65.534
 -65.534
 -65.534
 -65.534
 -65.534
 -65.534
 -65.534
 -65.534
 -65.534
 -65.534
 -65.534
   1.279
   1.428
   1.402
   1.418
   1.334
   1.223
   1.103
   0.977
   0.867
   0.788
   0.740
   0.717
   0.709
   0.690
   0.657
   0.599
   0.000
 -65.534
 -65.534
 -65.534
 -65.534
 -65.534
 -65.534
 -65.534
 -65.534
 -65.534
 -65.534
 -65.534
 -65.534
 -65.534
 -65.534
 -65.534
 -65.534
 -65.534
 -65.534
 -65.534
 -65.534
 -65.534
 -65.534
 -65.534
 -65.534
 -65.534
 -65.534
 -65.534
 -65.534
 -65.534
 -65.534
 -65.534
 -65.534
 -65.534
 -65.534
 -65.534
 -65.534
   1.031
   0.852
   0.674
   0.545
   0.431
   0.362
   0.320
   0.310
   0.306
 -65.534
 -65.534
 -65.534
 -65.534
 -65.534
 -65.534
 -65.534
 -65.534
 -65.534
 -65.534
   0.798
   0.920
   0.876
   0.788
   0.702
   0.632
   0.588
   0.573
   0.583
   0.595
   0.594
   0.570
   0.535
   0.000
 -65.534
 -65.534
 -65.534
 -65.534
 -65.534
 -65.534
 -65.534
 -65.534
 -65.534
 -65.534
 -65.534
 -65.534
 -65.534
 -65.534
 -65.534
 -65.534
 -65.534
 -65.534
 -65.534
 -65.534
 -65.534
 -65.534
 -65.534
 -65.534
 -65.534
 -65.534
 -65.534
 -65.534
 -65.534
 -65.534
 -65.534
 -65.534
 -65.534
 -65.534
 -65.534
 -65.534
 -65.534
 -65.534
 -65.534
 -65.534
   0.336
 -65.534
 -65.534
 -65.534
 -65.534
 -65.534
 -65.534
 -65.534
 -65.534
 -65.534
 -65.534
 -65.534
 -65.534
 -65.534
 -65.534
   0.364
   0.522
   0.517
   0.476
   0.466
   0.443
   0.407
   0.402
   0.421
   0.451
   0.470
   0.465
   0.449
   0.000
 -65.534
 -65.534
 -65.534
 -65.534
 -65.534
 -65.534
 -65.534
 -65.534
 -65.534
 -65.534
 -65.534
 -65.534
 -65.534
 -65.534
 -65.534
 -65.534
 -65.534
 -65.534
 -65.534
 -65.534
 -65.534
 -65.534
 -65.534
 -65.534
 -65.534
 -65.534
 -65.534
 -65.534
 -65.534
 -65.534
 -65.534
 -65.534
 -65.534
 -65.534
 -65.534
 -65.534
 -65.534
 -65.534
 -65.534
 -65.534
 -65.534
 -65.534
 -65.534
 -65.534
 -65.534
 -65.534
 -65.534
 -65.534
 -65.534
 -65.534
 -65.534
 -65.534
 -65.534
 -65.534
 -65.534
 -65.534
 -65.534
 -65.534
 -65.534
   0.237
   0.266
   0.244
   0.219
   0.243
   0.273
   0.300
   0.325
   0.334
   0.000
 -65.534
 -65.534
 -65.534
 -65.534
 -65.534
 -65.534
 -65.534
 -65.534
 -65.534
 -65.534
 -65.534
 -65.534
 -65.534
 -65.534
 -65.534
 -65.534
 -65.534
 -65.534
 -65.534
 -65.534
 -65.534
 -65.534
 -65.534
 -65.534
 -65.534
 -65.534
 -65.534
 -65.534
 -65.534
 -65.534
 -65.534
 -65.534
 -65.534
 -65.534
 -65.534
 -65.534
 -65.534
 -65.534
 -65.534
 -65.534
 -65.534
 -65.534
 -65.534
 -65.534
 -65.534
 -65.534
 -65.534
 -65.534
 -65.534
 -65.534
 -65.534
 -65.534
 -65.534
 -65.534
 -65.534
 -65.534
 -65.534
 -65.534
 -65.534
 -65.534
 -65.534
   0.000
   0.000
   0.000
   0.000
   0.000
   0.000
   0.000
 -65.534
