 -65.534
   0.000
   0.000
   0.000
   0.000
   0.000
   0.000
   0.000
   0.000
   0.000
   0.000
   0.000
   0.000
   0.000
   0.000
   0.000
   0.000
   0.000
   0.000
   0.000
   0.000
   0.000
   0.000
   0.000
   0.000
   0.000
   0.000
   0.000
   0.000
   0.000
   0.000
   0.000
   0.000
   0.000
   0.000
   0.000
   0.000
   0.000
   0.000
   0.000
   0.000
   0.000
   0.000
   0.000
   0.000
   0.000
   0.000
   0.000
   0.000
   0.000
   0.000
   0.000
   0.000
   0.000
   0.000
   0.000
   0.000
   0.000
   0.000
   0.000
   0.000
   0.000
   0.000
   0.000
   0.000
   0.000
   0.000
   0.000
 -65.534
   0.000
   2.864
   3.263
   3.484
   3.708
   3.929
   4.151
   4.381
   4.617
   4.869
   5.143
   5.433
   5.763
   6.132
   6.478
   6.796
   7.145
   7.358
   7.283
   6.889
   6.370
   5.929
   5.942
   6.457
   7.090
   7.685
   7.937
   8.008
   7.930
   7.827
   7.589
   7.310
   7.106
   6.807
   6.319
   5.889
   5.564
   5.181
   4.913
   4.538
   4.186
   3.873
   3.621
   3.390
   3.244
   3.144
   3.061
   2.995
   2.926
   2.886
   2.865
   2.865
   2.884
   2.931
   3.019
   3.111
   3.189
   3.227
   3.269
   3.303
   3.319
   3.311
   3.306
   3.304
   3.273
   3.249
   3.230
   3.130
   0.000
   0.000
   3.090
   3.442
   3.615
   3.813
   4.009
   4.221
   4.453
   4.696
   4.961
   5.237
   5.525
   5.838
   6.179
   6.497
   6.801
   7.152
   7.460
   7.580
   7.610
   7.568
   7.575
   7.701
   8.118
   8.501
   8.868
   9.106
   9.062
   8.916
   8.748
   8.480
   8.143
   7.789
   7.295
   6.909
   6.486
   6.175
   5.834
   5.499
   5.121
   4.738
   4.427
   4.125
   3.856
   3.687
   3.589
   3.529
   3.472
   3.423
   3.394
   3.379
   3.386
   3.421
   3.471
   3.535
   3.613
   3.695
   3.762
   3.818
   3.855
   3.882
   3.892
   3.894
   3.885
   3.865
   3.844
   3.819
   3.685
   0.000
   0.000
   3.060
   3.366
   3.509
   3.674
   3.845
   4.046
   4.271
   4.515
   4.778
   5.054
   5.339
   5.639
   5.956
   6.272
   6.586
   6.938
   7.317
   7.618
   7.915
   8.223
   8.522
   8.825
   9.237
   9.426
   9.574
   9.612
   9.505
   9.264
   8.988
   8.629
   8.190
   7.712
   7.337
   6.942
   6.666
   6.375
   6.055
   5.727
   5.376
   5.011
   4.686
   4.381
   4.097
   3.888
   3.777
   3.727
   3.685
   3.645
   3.626
   3.616
   3.631
   3.664
   3.711
   3.768
   3.839
   3.915
   3.987
   4.048
   4.092
   4.124
   4.142
   4.147
   4.141
   4.127
   4.098
   4.069
   3.912
   0.000
   0.000
   3.012
   3.277
   3.381
   3.518
   3.668
   3.844
   4.050
   4.280
   4.530
   4.803
   5.083
   5.367
   5.656
   5.949
   6.259
   6.607
   7.006
   7.460
   7.899
   8.387
   8.817
   9.225
   9.516
   9.816
   9.785
   9.672
   9.437
   9.148
   8.762
   8.346
   7.919
   7.478
   7.162
   6.879
   6.661
   6.424
   6.178
   5.884
   5.558
   5.239
   4.922
   4.612
   4.332
   4.105
   3.955
   3.881
   3.835
   3.803
   3.782
   3.781
   3.793
   3.828
   3.874
   3.935
   4.005
   4.080
   4.149
   4.203
   4.248
   4.283
   4.299
   4.303
   4.295
   4.275
   4.242
   4.207
   4.035
   0.000
   0.000
   2.959
   3.181
   3.261
   3.374
   3.495
   3.642
   3.822
   4.036
   4.276
   4.536
   4.803
   5.068
   5.336
   5.608
   5.905
   6.249
   6.638
   7.088
   7.575
   8.026
   8.503
   8.918
   9.247
   9.543
   9.452
   9.323
   9.068
   8.669
   8.246
   7.893
   7.496
   7.175
   6.928
   6.746
   6.586
   6.420
   6.227
   5.979
   5.694
   5.404
   5.108
   4.818
   4.544
   4.308
   4.126
   4.007
   3.944
   3.903
   3.876
   3.871
   3.892
   3.928
   3.988
   4.058
   4.131
   4.204
   4.272
   4.315
   4.349
   4.379
   4.391
   4.391
   4.381
   4.353
   4.316
   4.272
   4.093
   0.000
   0.000
   2.891
   3.084
   3.146
   3.231
   3.331
   3.456
   3.618
   3.812
   4.034
   4.268
   4.512
   4.762
   5.002
   5.239
   5.499
   5.820
   6.192
   6.601
   7.045
   7.498
   7.870
   8.215
   8.518
   8.721
   8.760
   8.642
   8.383
   8.022
   7.651
   7.318
   7.029
   6.797
   6.644
   6.553
   6.463
   6.363
   6.217
   6.021
   5.788
   5.541
   5.288
   5.016
   4.739
   4.485
   4.287
   4.135
   4.035
   3.968
   3.932
   3.926
   3.946
   3.991
   4.061
   4.142
   4.218
   4.293
   4.350
   4.385
   4.411
   4.427
   4.430
   4.422
   4.404
   4.376
   4.337
   4.289
   4.109
   0.000
   0.000
   2.791
   2.972
   3.029
   3.104
   3.185
   3.294
   3.436
   3.610
   3.803
   4.008
   4.222
   4.433
   4.634
   4.841
   5.063
   5.329
   5.649
   6.019
   6.406
   6.786
   7.130
   7.454
   7.705
   7.839
   7.884
   7.806
   7.576
   7.267
   6.970
   6.732
   6.538
   6.408
   6.333
   6.316
   6.292
   6.252
   6.173
   6.025
   5.842
   5.650
   5.429
   5.182
   4.926
   4.672
   4.439
   4.257
   4.117
   4.018
   3.963
   3.947
   3.960
   4.009
   4.080
   4.167
   4.249
   4.321
   4.371
   4.398
   4.409
   4.415
   4.411
   4.401
   4.384
   4.361
   4.322
   4.270
   4.090
   0.000
   0.000
   2.618
   2.810
   2.877
   2.961
   3.035
   3.130
   3.252
   3.403
   3.574
   3.748
   3.924
   4.092
   4.258
   4.425
   4.618
   4.845
   5.105
   5.395
   5.717
   6.045
   6.342
   6.613
   6.844
   6.952
   6.968
   6.905
   6.736
   6.496
   6.278
   6.142
   6.046
   6.000
   6.023
   6.071
   6.110
   6.124
   6.094
   5.995
   5.871
   5.717
   5.525
   5.309
   5.073
   4.835
   4.600
   4.386
   4.215
   4.084
   3.998
   3.958
   3.958
   3.995
   4.062
   4.148
   4.228
   4.299
   4.343
   4.358
   4.362
   4.360
   4.352
   4.340
   4.331
   4.313
   4.279
   4.231
   4.050
   0.000
   0.000
   2.357
   2.558
   2.652
   2.760
   2.846
   2.942
   3.062
   3.198
   3.348
   3.499
   3.639
   3.770
   3.896
   4.029
   4.184
   4.372
   4.595
   4.836
   5.093
   5.359
   5.599
   5.830
   6.017
   6.110
   6.118
   6.066
   5.936
   5.778
   5.664
   5.610
   5.602
   5.646
   5.735
   5.834
   5.927
   5.987
   5.996
   5.935
   5.844
   5.726
   5.567
   5.380
   5.169
   4.953
   4.725
   4.503
   4.311
   4.158
   4.040
   3.968
   3.945
   3.965
   4.016
   4.088
   4.157
   4.218
   4.256
   4.268
   4.273
   4.272
   4.266
   4.256
   4.255
   4.244
   4.220
   4.181
   4.001
   0.000
   0.000
   2.074
   2.268
   2.382
   2.510
   2.621
   2.730
   2.853
   2.989
   3.132
   3.265
   3.384
   3.487
   3.583
   3.676
   3.796
   3.943
   4.118
   4.322
   4.536
   4.751
   4.961
   5.159
   5.321
   5.399
   5.408
   5.369
   5.287
   5.209
   5.179
   5.194
   5.249
   5.342
   5.472
   5.609
   5.725
   5.814
   5.852
   5.823
   5.762
   5.668
   5.535
   5.375
   5.200
   4.995
   4.782
   4.579
   4.376
   4.207
   4.071
   3.974
   3.917
   3.906
   3.931
   3.978
   4.026
   4.070
   4.100
   4.113
   4.124
   4.134
   4.138
   4.145
   4.152
   4.155
   4.139
   4.105
   3.938
   0.000
   0.000
   1.820
   1.995
   2.109
   2.251
   2.377
   2.493
   2.617
   2.757
   2.900
   3.037
   3.153
   3.248
   3.322
   3.391
   3.470
   3.571
   3.702
   3.861
   4.037
   4.226
   4.406
   4.583
   4.743
   4.828
   4.859
   4.857
   4.829
   4.817
   4.836
   4.896
   4.986
   5.111
   5.259
   5.407
   5.533
   5.625
   5.677
   5.669
   5.631
   5.559
   5.446
   5.310
   5.155
   4.974
   4.780
   4.591
   4.395
   4.219
   4.078
   3.962
   3.883
   3.837
   3.826
   3.835
   3.857
   3.881
   3.901
   3.918
   3.938
   3.962
   3.987
   4.009
   4.037
   4.049
   4.043
   4.016
   3.854
   0.000
   0.000
   1.588
   1.773
   1.864
   1.996
   2.125
   2.251
   2.378
   2.508
   2.650
   2.790
   2.918
   3.023
   3.100
   3.159
   3.214
   3.277
   3.363
   3.477
   3.616
   3.769
   3.931
   4.095
   4.249
   4.366
   4.437
   4.483
   4.502
   4.527
   4.581
   4.678
   4.780
   4.914
   5.070
   5.213
   5.327
   5.413
   5.461
   5.465
   5.440
   5.389
   5.297
   5.175
   5.041
   4.881
   4.702
   4.535
   4.358
   4.192
   4.043
   3.926
   3.829
   3.753
   3.704
   3.677
   3.664
   3.666
   3.682
   3.705
   3.731
   3.770
   3.814
   3.855
   3.901
   3.929
   3.938
   3.913
   3.755
   0.000
 -65.534
 -65.534
   1.499
   1.649
   1.735
   1.864
   1.995
   2.129
   2.258
   2.401
   2.541
   2.659
   2.768
   2.853
   2.922
   2.983
   3.037
   3.100
   3.177
   3.276
   3.397
   3.531
   3.683
   3.837
   3.969
   4.085
   4.173
   4.239
   4.296
   4.372
   4.478
   4.583
   4.724
   4.875
   5.000
   5.094
   5.165
   5.203
   5.206
   5.190
   5.145
   5.065
   4.963
   4.844
   4.709
   4.552
   4.401
   4.245
   4.096
   3.962
   3.843
   3.733
   3.633
   3.556
   3.500
   3.463
   3.448
   3.460
   3.485
   3.524
   3.573
   3.628
   3.692
   3.756
   3.800
   3.820
   3.807
   3.648
   0.000
 -65.534
 -65.534
 -65.534
   1.365
   1.472
   1.581
   1.721
   1.861
   1.998
   2.136
   2.276
   2.383
   2.483
   2.575
   2.652
   2.722
   2.793
   2.858
   2.926
   3.011
   3.105
   3.221
   3.352
   3.498
   3.639
   3.771
   3.889
   3.985
   4.069
   4.156
   4.259
   4.369
   4.503
   4.619
   4.707
   4.835
   4.902
   4.920
   4.912
   4.889
   4.844
   4.771
   4.683
   4.585
   4.466
   4.329
   4.194
   4.060
   3.934
   3.818
   3.709
   3.603
   3.493
   3.401
   3.325
   3.274
   3.256
   3.265
   3.292
   3.336
   3.395
   3.457
   3.524
   3.594
   3.652
   3.691
   3.696
   3.545
   0.000
 -65.534
 -65.534
 -65.534
 -65.534
   1.168
   1.328
   1.458
   1.593
   1.732
   1.867
   1.996
   2.101
   2.198
   2.287
   2.373
   2.453
   2.531
   2.606
   2.681
   2.763
   2.847
   2.953
   3.073
   3.203
   3.340
   3.478
   3.608
   3.719
   3.812
   3.904
   3.999
   4.100
   4.212
   4.318
   4.407
   4.502
   4.544
   4.607
   4.596
   4.557
   4.505
   4.431
   4.353
   4.266
   4.161
   4.046
   3.932
   3.819
   3.714
   3.619
   3.531
   3.431
   3.332
   3.249
   3.175
   3.128
   3.111
   3.124
   3.157
   3.212
   3.272
   3.334
   3.398
   3.465
   3.532
   3.589
   3.617
   3.477
   0.000
 -65.534
 -65.534
 -65.534
 -65.534
   0.985
   1.121
   1.236
   1.356
   1.481
   1.611
   1.731
   1.833
   1.928
   2.015
   2.103
   2.181
   2.262
   2.335
   2.410
   2.490
   2.577
   2.672
   2.781
   2.902
   3.033
   3.165
   3.294
   3.403
   3.505
   3.602
   3.696
   3.786
   3.886
   3.982
   4.066
   4.138
   4.180
   4.219
   4.188
   4.170
   4.112
   4.033
   3.960
   3.882
   3.797
   3.703
   3.613
   3.523
   3.440
   3.371
   3.307
   3.232
   3.165
   3.100
   3.049
   3.018
   3.008
   3.027
   3.071
   3.129
   3.197
   3.258
   3.320
   3.386
   3.453
   3.517
   3.563
   3.444
   0.000
 -65.534
 -65.534
 -65.534
 -65.534
   0.880
   0.987
   1.080
   1.177
   1.274
   1.394
   1.505
   1.592
   1.673
   1.761
   1.843
   1.914
   1.975
   2.040
   2.110
   2.185
   2.261
   2.351
   2.448
   2.558
   2.676
   2.801
   2.924
   3.041
   3.151
   3.255
   3.351
   3.435
   3.525
   3.613
   3.686
   3.745
   3.782
   3.786
   3.755
   3.720
   3.663
   3.584
   3.510
   3.447
   3.379
   3.314
   3.253
   3.195
   3.144
   3.107
   3.071
   3.034
   2.996
   2.958
   2.937
   2.923
   2.927
   2.955
   3.010
   3.072
   3.140
   3.205
   3.263
   3.326
   3.392
   3.458
   3.510
   3.404
   0.000
 -65.534
 -65.534
 -65.534
 -65.534
   0.852
   0.939
   1.013
   1.080
   1.145
   1.220
   1.309
   1.381
   1.444
   1.518
   1.587
   1.645
   1.700
   1.754
   1.812
   1.875
   1.938
   2.013
   2.098
   2.197
   2.301
   2.414
   2.533
   2.650
   2.772
   2.882
   2.981
   3.062
   3.143
   3.209
   3.270
   3.317
   3.342
   3.330
   3.296
   3.241
   3.182
   3.111
   3.052
   2.999
   2.962
   2.924
   2.893
   2.861
   2.842
   2.835
   2.834
   2.825
   2.821
   2.810
   2.805
   2.814
   2.834
   2.871
   2.925
   2.996
   3.073
   3.140
   3.201
   3.258
   3.319
   3.388
   3.435
   3.329
   0.000
 -65.534
 -65.534
 -65.534
 -65.534
 -65.534
 -65.534
 -65.534
 -65.534
   1.022
   1.106
   1.158
   1.199
   1.241
   1.296
   1.355
   1.405
   1.454
   1.504
   1.562
   1.619
   1.664
   1.718
   1.784
   1.865
   1.956
   2.055
   2.165
   2.275
   2.390
   2.500
   2.594
   2.669
   2.730
   2.780
   2.813
   2.842
   2.854
   2.847
   2.811
   2.762
   2.710
   2.656
   2.618
   2.590
   2.578
   2.567
   2.558
   2.558
   2.562
   2.574
   2.601
   2.621
   2.635
   2.641
   2.653
   2.670
   2.699
   2.743
   2.802
   2.875
   2.958
   3.036
   3.101
   3.155
   3.213
   3.276
   3.317
   3.211
   0.000
 -65.534
 -65.534
 -65.534
 -65.534
 -65.534
 -65.534
   0.639
   0.813
   0.996
   1.025
   1.046
   1.068
   1.098
   1.132
   1.172
   1.216
   1.271
   1.327
   1.379
   1.425
   1.464
   1.495
   1.543
   1.600
   1.670
   1.760
   1.854
   1.956
   2.058
   2.152
   2.228
   2.282
   2.322
   2.346
   2.359
   2.366
   2.366
   2.347
   2.319
   2.290
   2.264
   2.244
   2.230
   2.232
   2.242
   2.248
   2.262
   2.278
   2.305
   2.337
   2.377
   2.418
   2.444
   2.469
   2.484
   2.503
   2.530
   2.575
   2.635
   2.712
   2.797
   2.879
   2.947
   3.007
   3.071
   3.125
   3.166
   3.042
   0.000
 -65.534
 -65.534
 -65.534
 -65.534
 -65.534
 -65.534
 -65.534
 -65.534
 -65.534
   0.952
   0.961
   0.979
   1.007
   1.031
   1.057
   1.102
   1.159
   1.227
   1.285
   1.312
   1.329
   1.346
   1.377
   1.425
   1.487
   1.555
   1.633
   1.717
   1.794
   1.864
   1.916
   1.951
   1.965
   1.971
   1.960
   1.943
   1.920
   1.893
   1.866
   1.853
   1.851
   1.861
   1.883
   1.907
   1.938
   1.967
   1.999
   2.035
   2.072
   2.118
   2.172
   2.223
   2.261
   2.290
   2.304
   2.321
   2.344
   2.382
   2.439
   2.513
   2.597
   2.681
   2.756
   2.815
   2.876
   2.935
   2.966
   2.830
   0.000
 -65.534
 -65.534
 -65.534
 -65.534
 -65.534
 -65.534
 -65.534
 -65.534
 -65.534
 -65.534
 -65.534
 -65.534
 -65.534
 -65.534
 -65.534
   1.046
   1.123
   1.181
   1.225
   1.228
   1.249
   1.271
   1.298
   1.337
   1.390
   1.449
   1.511
   1.567
   1.620
   1.664
   1.693
   1.701
   1.695
   1.678
   1.647
   1.607
   1.564
   1.520
   1.498
   1.495
   1.509
   1.540
   1.579
   1.627
   1.679
   1.724
   1.773
   1.826
   1.877
   1.932
   1.990
   2.042
   2.082
   2.110
   2.128
   2.135
   2.150
   2.182
   2.230
   2.296
   2.376
   2.457
   2.529
   2.592
   2.653
   2.706
   2.737
   2.586
   0.000
 -65.534
 -65.534
 -65.534
 -65.534
 -65.534
 -65.534
 -65.534
 -65.534
 -65.534
 -65.534
 -65.534
 -65.534
 -65.534
 -65.534
 -65.534
 -65.534
 -65.534
 -65.534
 -65.534
   1.156
   1.214
   1.259
   1.293
   1.339
   1.382
   1.426
   1.472
   1.513
   1.543
   1.559
   1.562
   1.546
   1.522
   1.490
   1.452
   1.398
   1.347
   1.294
   1.259
   1.256
   1.277
   1.315
   1.361
   1.419
   1.476
   1.534
   1.592
   1.659
   1.721
   1.780
   1.839
   1.890
   1.927
   1.948
   1.957
   1.960
   1.963
   1.987
   2.030
   2.088
   2.162
   2.234
   2.302
   2.358
   2.408
   2.455
   2.485
   2.318
   0.000
 -65.534
 -65.534
 -65.534
 -65.534
 -65.534
 -65.534
 -65.534
 -65.534
 -65.534
 -65.534
 -65.534
 -65.534
 -65.534
 -65.534
 -65.534
 -65.534
 -65.534
 -65.534
   0.949
   1.217
   1.249
   1.292
   1.341
   1.397
   1.440
   1.474
   1.504
   1.526
   1.537
   1.532
   1.515
   1.491
   1.454
   1.416
   1.369
   1.320
   1.266
   1.213
   1.176
   1.163
   1.178
   1.212
   1.259
   1.306
   1.360
   1.409
   1.462
   1.527
   1.596
   1.661
   1.723
   1.773
   1.805
   1.815
   1.810
   1.799
   1.796
   1.816
   1.853
   1.907
   1.971
   2.031
   2.081
   2.122
   2.152
   2.181
   2.197
   2.016
   0.000
 -65.534
 -65.534
 -65.534
 -65.534
 -65.534
 -65.534
 -65.534
 -65.534
 -65.534
 -65.534
 -65.534
 -65.534
 -65.534
 -65.534
 -65.534
 -65.534
 -65.534
   0.933
   1.193
   1.273
   1.306
   1.335
   1.388
   1.459
   1.508
   1.537
   1.560
   1.572
   1.571
   1.558
   1.530
   1.492
   1.452
   1.407
   1.359
   1.309
   1.253
   1.202
   1.163
   1.145
   1.156
   1.191
   1.235
   1.281
   1.322
   1.359
   1.398
   1.447
   1.507
   1.572
   1.630
   1.678
   1.701
   1.702
   1.689
   1.678
   1.674
   1.692
   1.722
   1.764
   1.809
   1.853
   1.883
   1.899
   1.910
   1.912
   1.901
   1.717
   0.000
 -65.534
 -65.534
 -65.534
 -65.534
 -65.534
 -65.534
 -65.534
 -65.534
 -65.534
 -65.534
 -65.534
 -65.534
 -65.534
 -65.534
 -65.534
 -65.534
 -65.534
   1.183
   1.283
   1.318
   1.346
   1.373
   1.415
   1.489
   1.554
   1.588
   1.610
   1.619
   1.615
   1.600
   1.573
   1.531
   1.487
   1.432
   1.372
   1.313
   1.256
   1.201
   1.158
   1.139
   1.147
   1.180
   1.225
   1.274
   1.317
   1.349
   1.380
   1.423
   1.468
   1.518
   1.566
   1.607
   1.624
   1.624
   1.607
   1.595
   1.588
   1.599
   1.621
   1.644
   1.673
   1.695
   1.703
   1.697
   1.685
   1.674
   1.632
   1.388
   0.000
 -65.534
 -65.534
 -65.534
 -65.534
 -65.534
 -65.534
 -65.534
 -65.534
 -65.534
 -65.534
 -65.534
 -65.534
 -65.534
 -65.534
 -65.534
 -65.534
 -65.534
   1.322
   1.351
   1.371
   1.390
   1.415
   1.453
   1.513
   1.585
   1.621
   1.643
   1.652
   1.654
   1.647
   1.625
   1.584
   1.534
   1.470
   1.401
   1.333
   1.269
   1.207
   1.161
   1.138
   1.143
   1.170
   1.214
   1.259
   1.299
   1.334
   1.371
   1.413
   1.453
   1.492
   1.531
   1.564
   1.583
   1.583
   1.576
   1.559
   1.545
   1.545
   1.553
   1.559
   1.560
   1.553
   1.541
   1.517
   1.451
   1.404
   1.315
   1.086
   0.000
 -65.534
 -65.534
 -65.534
 -65.534
 -65.534
 -65.534
 -65.534
 -65.534
 -65.534
 -65.534
 -65.534
 -65.534
 -65.534
 -65.534
 -65.534
 -65.534
 -65.534
   1.475
   1.429
   1.433
   1.449
   1.473
   1.513
   1.555
   1.604
   1.656
   1.672
   1.685
   1.692
   1.689
   1.675
   1.635
   1.580
   1.514
   1.443
   1.374
   1.304
   1.247
   1.201
   1.175
   1.176
   1.191
   1.221
   1.257
   1.288
   1.323
   1.357
   1.394
   1.431
   1.465
   1.499
   1.529
   1.548
   1.552
   1.549
   1.535
   1.513
   1.497
   1.485
   1.469
   1.450
   1.421
   1.377
   1.324
   1.241
   1.158
   1.038
   0.773
   0.000
 -65.534
 -65.534
 -65.534
 -65.534
 -65.534
 -65.534
 -65.534
 -65.534
 -65.534
 -65.534
 -65.534
 -65.534
 -65.534
 -65.534
 -65.534
 -65.534
 -65.534
 -65.534
   1.532
   1.498
   1.520
   1.552
   1.588
   1.615
   1.641
   1.672
   1.693
   1.706
   1.716
   1.727
   1.722
   1.682
   1.626
   1.564
   1.497
   1.432
   1.369
   1.313
   1.273
   1.249
   1.241
   1.244
   1.255
   1.274
   1.294
   1.321
   1.348
   1.378
   1.408
   1.438
   1.467
   1.490
   1.503
   1.504
   1.499
   1.483
   1.464
   1.443
   1.417
   1.385
   1.347
   1.298
   1.229
   1.149
   1.055
   0.920
   0.759
   0.472
   0.000
 -65.534
 -65.534
 -65.534
 -65.534
 -65.534
 -65.534
 -65.534
 -65.534
 -65.534
 -65.534
 -65.534
 -65.534
 -65.534
 -65.534
 -65.534
 -65.534
 -65.534
 -65.534
 -65.534
   1.581
   1.591
   1.638
   1.668
   1.679
   1.680
   1.689
   1.697
   1.709
   1.729
   1.745
   1.748
   1.720
   1.670
   1.611
   1.563
   1.527
   1.507
   1.454
   1.403
   1.368
   1.318
   1.301
   1.295
   1.298
   1.314
   1.341
   1.368
   1.384
   1.397
   1.418
   1.435
   1.451
   1.455
   1.447
   1.432
   1.417
   1.397
   1.376
   1.352
   1.313
   1.265
   1.200
   1.118
   1.010
   0.889
   0.735
   0.531
   0.215
   0.000
 -65.534
 -65.534
 -65.534
 -65.534
 -65.534
 -65.534
 -65.534
 -65.534
 -65.534
 -65.534
 -65.534
 -65.534
 -65.534
 -65.534
 -65.534
 -65.534
 -65.534
 -65.534
 -65.534
 -65.534
   1.654
   1.690
   1.712
   1.714
   1.701
   1.699
   1.697
   1.702
   1.713
   1.725
   1.725
   1.691
   1.610
   1.497
   1.354
   1.069
 -65.534
 -65.534
 -65.534
 -65.534
   1.392
   1.389
   1.345
   1.343
   1.360
   1.392
   1.409
   1.418
   1.414
   1.413
   1.417
   1.418
   1.407
   1.390
   1.364
   1.336
   1.306
   1.282
   1.254
   1.216
   1.165
   1.091
   0.998
   0.877
   0.742
   0.573
   0.367
   0.037
   0.000
 -65.534
 -65.534
 -65.534
 -65.534
 -65.534
 -65.534
 -65.534
 -65.534
 -65.534
 -65.534
 -65.534
 -65.534
 -65.534
 -65.534
 -65.534
 -65.534
 -65.534
 -65.534
 -65.534
 -65.534
 -65.534
 -65.534
 -65.534
 -65.534
   1.615
   1.657
   1.677
   1.680
   1.687
   1.688
   1.671
   1.613
   1.510
   1.364
   1.173
   0.885
 -65.534
 -65.534
 -65.534
 -65.534
 -65.534
 -65.534
   1.431
   1.411
   1.430
   1.457
   1.460
   1.453
   1.441
   1.425
   1.410
   1.391
   1.364
   1.328
   1.288
   1.242
   1.192
   1.152
   1.114
   1.069
   1.007
   0.931
   0.834
   0.715
   0.576
   0.418
   0.212
  -0.104
   0.000
 -65.534
 -65.534
 -65.534
 -65.534
 -65.534
 -65.534
 -65.534
 -65.534
 -65.534
 -65.534
 -65.534
 -65.534
 -65.534
 -65.534
 -65.534
 -65.534
 -65.534
 -65.534
 -65.534
 -65.534
 -65.534
 -65.534
 -65.534
 -65.534
   1.540
   1.579
   1.603
   1.613
   1.623
   1.613
   1.577
   1.500
   1.384
   1.241
   1.082
   0.860
 -65.534
 -65.534
 -65.534
 -65.534
 -65.534
 -65.534
 -65.534
   1.471
   1.513
   1.557
   1.517
   1.496
   1.468
   1.431
   1.400
   1.365
   1.321
   1.272
   1.210
   1.140
   1.066
   1.005
   0.953
   0.892
   0.822
   0.740
   0.643
   0.527
   0.387
   0.230
   0.033
  -0.275
   0.000
 -65.534
 -65.534
 -65.534
 -65.534
 -65.534
 -65.534
 -65.534
 -65.534
 -65.534
 -65.534
 -65.534
 -65.534
 -65.534
 -65.534
 -65.534
 -65.534
 -65.534
 -65.534
 -65.534
 -65.534
 -65.534
 -65.534
 -65.534
 -65.534
 -65.534
 -65.534
 -65.534
 -65.534
 -65.534
   1.418
   1.390
   1.329
   1.254
   1.151
   1.036
   0.865
   0.395
 -65.534
 -65.534
 -65.534
 -65.534
 -65.534
 -65.534
   1.288
   1.142
 -65.534
   1.443
   1.513
   1.501
   1.457
   1.413
   1.361
   1.294
   1.225
   1.141
   1.050
   0.959
   0.880
   0.807
   0.733
   0.646
   0.553
   0.440
   0.313
   0.165
  -0.006
  -0.206
  -0.499
   0.000
 -65.534
 -65.534
 -65.534
 -65.534
 -65.534
 -65.534
 -65.534
 -65.534
 -65.534
 -65.534
 -65.534
 -65.534
 -65.534
 -65.534
 -65.534
 -65.534
 -65.534
 -65.534
 -65.534
 -65.534
 -65.534
 -65.534
 -65.534
 -65.534
 -65.534
 -65.534
 -65.534
 -65.534
 -65.534
 -65.534
 -65.534
 -65.534
   1.106
   1.074
   1.003
   0.865
   0.541
   0.286
 -65.534
 -65.534
 -65.534
 -65.534
 -65.534
 -65.534
 -65.534
 -65.534
 -65.534
 -65.534
 -65.534
   1.343
   1.373
   1.332
   1.281
   1.195
   1.094
   0.969
   0.863
   0.766
   0.674
   0.578
   0.470
   0.356
   0.228
   0.081
  -0.079
  -0.259
  -0.465
  -0.749
   0.000
 -65.534
 -65.534
 -65.534
 -65.534
 -65.534
 -65.534
 -65.534
 -65.534
 -65.534
 -65.534
 -65.534
 -65.534
 -65.534
 -65.534
 -65.534
 -65.534
 -65.534
 -65.534
 -65.534
 -65.534
 -65.534
 -65.534
 -65.534
 -65.534
 -65.534
 -65.534
 -65.534
 -65.534
 -65.534
 -65.534
 -65.534
 -65.534
   0.970
   0.961
   0.906
   0.784
   0.572
   0.378
   0.237
   0.170
 -65.534
 -65.534
 -65.534
 -65.534
 -65.534
 -65.534
 -65.534
 -65.534
 -65.534
 -65.534
 -65.534
 -65.534
   1.121
   1.105
   1.015
   0.868
   0.749
   0.639
   0.532
   0.413
   0.285
   0.151
   0.007
  -0.156
  -0.328
  -0.494
  -0.690
  -0.964
   0.000
 -65.534
 -65.534
 -65.534
 -65.534
 -65.534
 -65.534
 -65.534
 -65.534
 -65.534
 -65.534
 -65.534
 -65.534
 -65.534
 -65.534
 -65.534
 -65.534
 -65.534
 -65.534
 -65.534
 -65.534
 -65.534
 -65.534
 -65.534
 -65.534
 -65.534
 -65.534
 -65.534
 -65.534
 -65.534
 -65.534
 -65.534
 -65.534
 -65.534
 -65.534
 -65.534
 -65.534
   0.467
   0.379
   0.298
   0.231
   0.161
   0.131
   0.091
   0.044
  -0.024
 -65.534
 -65.534
 -65.534
 -65.534
 -65.534
 -65.534
 -65.534
 -65.534
 -65.534
 -65.534
   0.662
   0.611
   0.522
   0.409
   0.258
   0.105
  -0.046
  -0.207
  -0.375
  -0.542
  -0.702
  -0.885
  -1.140
   0.000
 -65.534
 -65.534
 -65.534
 -65.534
 -65.534
 -65.534
 -65.534
 -65.534
 -65.534
 -65.534
 -65.534
 -65.534
 -65.534
 -65.534
 -65.534
 -65.534
 -65.534
 -65.534
 -65.534
 -65.534
 -65.534
 -65.534
 -65.534
 -65.534
 -65.534
 -65.534
 -65.534
 -65.534
 -65.534
 -65.534
 -65.534
 -65.534
 -65.534
 -65.534
 -65.534
 -65.534
 -65.534
 -65.534
 -65.534
 -65.534
   0.184
 -65.534
 -65.534
 -65.534
 -65.534
 -65.534
 -65.534
 -65.534
 -65.534
 -65.534
 -65.534
 -65.534
 -65.534
 -65.534
 -65.534
   0.469
   0.461
   0.412
   0.312
   0.143
  -0.038
  -0.221
  -0.393
  -0.559
  -0.723
  -0.870
  -1.036
  -1.274
   0.000
 -65.534
 -65.534
 -65.534
 -65.534
 -65.534
 -65.534
 -65.534
 -65.534
 -65.534
 -65.534
 -65.534
 -65.534
 -65.534
 -65.534
 -65.534
 -65.534
 -65.534
 -65.534
 -65.534
 -65.534
 -65.534
 -65.534
 -65.534
 -65.534
 -65.534
 -65.534
 -65.534
 -65.534
 -65.534
 -65.534
 -65.534
 -65.534
 -65.534
 -65.534
 -65.534
 -65.534
 -65.534
 -65.534
 -65.534
 -65.534
 -65.534
 -65.534
 -65.534
 -65.534
 -65.534
 -65.534
 -65.534
 -65.534
 -65.534
 -65.534
 -65.534
 -65.534
 -65.534
 -65.534
 -65.534
 -65.534
 -65.534
 -65.534
 -65.534
   0.136
  -0.120
  -0.330
  -0.522
  -0.675
  -0.813
  -0.944
  -1.079
  -1.307
   0.000
 -65.534
 -65.534
 -65.534
 -65.534
 -65.534
 -65.534
 -65.534
 -65.534
 -65.534
 -65.534
 -65.534
 -65.534
 -65.534
 -65.534
 -65.534
 -65.534
 -65.534
 -65.534
 -65.534
 -65.534
 -65.534
 -65.534
 -65.534
 -65.534
 -65.534
 -65.534
 -65.534
 -65.534
 -65.534
 -65.534
 -65.534
 -65.534
 -65.534
 -65.534
 -65.534
 -65.534
 -65.534
 -65.534
 -65.534
 -65.534
 -65.534
 -65.534
 -65.534
 -65.534
 -65.534
 -65.534
 -65.534
 -65.534
 -65.534
 -65.534
 -65.534
 -65.534
 -65.534
 -65.534
 -65.534
 -65.534
 -65.534
 -65.534
 -65.534
 -65.534
 -65.534
   0.000
   0.000
   0.000
   0.000
   0.000
   0.000
   0.000
 -65.534
