 -65.534
   0.000
   0.000
   0.000
   0.000
   0.000
   0.000
   0.000
   0.000
   0.000
   0.000
   0.000
   0.000
   0.000
   0.000
   0.000
   0.000
   0.000
   0.000
   0.000
   0.000
   0.000
   0.000
   0.000
   0.000
   0.000
   0.000
   0.000
   0.000
   0.000
   0.000
   0.000
   0.000
   0.000
   0.000
   0.000
   0.000
   0.000
   0.000
   0.000
   0.000
   0.000
   0.000
   0.000
   0.000
   0.000
   0.000
   0.000
   0.000
   0.000
   0.000
   0.000
   0.000
   0.000
   0.000
   0.000
   0.000
   0.000
   0.000
   0.000
   0.000
   0.000
   0.000
   0.000
   0.000
   0.000
   0.000
   0.000
 -65.534
   0.000
   1.881
   2.046
   2.157
   2.264
   2.347
   2.397
   2.414
   2.397
   2.367
   2.329
   2.279
   2.223
   2.169
   2.116
   2.075
   2.062
   2.099
   2.204
   2.375
   2.611
   2.889
   3.144
   3.462
   3.444
   3.303
   3.177
   3.105
   3.077
   3.107
   3.147
   3.144
   3.197
   3.288
   3.285
   3.343
   3.338
   3.366
   3.441
   3.498
   3.585
   3.656
   3.713
   3.827
   3.946
   4.041
   4.158
   4.296
   4.439
   4.617
   4.795
   4.946
   5.101
   5.232
   5.380
   5.474
   5.555
   5.603
   5.605
   5.612
   5.623
   5.615
   5.616
   5.618
   5.578
   5.542
   5.555
   5.418
   0.000
   0.000
   1.899
   2.010
   2.080
   2.166
   2.247
   2.318
   2.371
   2.394
   2.404
   2.396
   2.377
   2.344
   2.293
   2.236
   2.185
   2.157
   2.166
   2.217
   2.321
   2.473
   2.657
   2.812
   3.003
   2.997
   2.929
   2.877
   2.853
   2.886
   2.958
   3.035
   3.103
   3.186
   3.297
   3.367
   3.431
   3.469
   3.493
   3.536
   3.607
   3.671
   3.744
   3.820
   3.951
   4.126
   4.304
   4.535
   4.797
   5.075
   5.359
   5.631
   5.877
   6.093
   6.299
   6.465
   6.599
   6.694
   6.729
   6.723
   6.733
   6.723
   6.698
   6.666
   6.634
   6.601
   6.580
   6.572
   6.375
   0.000
   0.000
   1.830
   1.903
   1.947
   2.004
   2.071
   2.145
   2.211
   2.265
   2.306
   2.333
   2.339
   2.313
   2.266
   2.210
   2.150
   2.109
   2.098
   2.123
   2.180
   2.271
   2.379
   2.461
   2.518
   2.568
   2.554
   2.561
   2.615
   2.704
   2.802
   2.898
   2.996
   3.115
   3.217
   3.306
   3.405
   3.468
   3.524
   3.579
   3.636
   3.710
   3.790
   3.870
   3.991
   4.162
   4.386
   4.671
   5.009
   5.372
   5.736
   6.089
   6.396
   6.662
   6.895
   7.087
   7.238
   7.338
   7.374
   7.358
   7.340
   7.315
   7.253
   7.195
   7.141
   7.098
   7.064
   7.039
   6.821
   0.000
   0.000
   1.776
   1.829
   1.849
   1.882
   1.928
   1.989
   2.059
   2.124
   2.187
   2.233
   2.254
   2.252
   2.221
   2.173
   2.120
   2.079
   2.062
   2.069
   2.088
   2.131
   2.197
   2.226
   2.221
   2.261
   2.291
   2.363
   2.479
   2.646
   2.795
   2.925
   3.051
   3.185
   3.299
   3.409
   3.516
   3.598
   3.661
   3.727
   3.799
   3.870
   3.949
   4.028
   4.140
   4.298
   4.520
   4.834
   5.223
   5.652
   6.082
   6.492
   6.864
   7.169
   7.428
   7.642
   7.811
   7.919
   7.943
   7.910
   7.860
   7.792
   7.719
   7.632
   7.548
   7.493
   7.443
   7.420
   7.191
   0.000
   0.000
   1.739
   1.777
   1.787
   1.802
   1.829
   1.874
   1.931
   2.000
   2.064
   2.118
   2.151
   2.160
   2.146
   2.116
   2.079
   2.045
   2.024
   2.023
   2.020
   2.038
   2.069
   2.062
   2.054
   2.047
   2.110
   2.266
   2.465
   2.699
   2.907
   3.058
   3.207
   3.339
   3.447
   3.562
   3.681
   3.793
   3.865
   3.938
   4.023
   4.100
   4.172
   4.245
   4.345
   4.501
   4.730
   5.052
   5.463
   5.943
   6.433
   6.899
   7.320
   7.674
   7.974
   8.198
   8.349
   8.424
   8.445
   8.424
   8.337
   8.247
   8.137
   8.007
   7.921
   7.847
   7.781
   7.741
   7.497
   0.000
   0.000
   1.703
   1.735
   1.741
   1.752
   1.768
   1.800
   1.849
   1.907
   1.971
   2.027
   2.067
   2.086
   2.090
   2.076
   2.050
   2.028
   2.013
   2.001
   1.988
   1.981
   1.972
   1.928
   1.896
   1.921
   2.085
   2.309
   2.584
   2.879
   3.128
   3.296
   3.446
   3.557
   3.665
   3.767
   3.895
   4.010
   4.119
   4.217
   4.308
   4.389
   4.461
   4.541
   4.647
   4.800
   5.001
   5.295
   5.715
   6.215
   6.748
   7.278
   7.741
   8.135
   8.451
   8.688
   8.852
   8.964
   8.964
   8.883
   8.788
   8.678
   8.538
   8.380
   8.235
   8.124
   8.051
   8.000
   7.745
   0.000
   0.000
   1.651
   1.692
   1.696
   1.709
   1.726
   1.753
   1.798
   1.855
   1.916
   1.977
   2.024
   2.051
   2.062
   2.061
   2.050
   2.033
   2.026
   2.015
   2.002
   1.995
   1.986
   1.957
   1.946
   2.024
   2.226
   2.499
   2.829
   3.168
   3.443
   3.618
   3.756
   3.853
   3.947
   4.032
   4.161
   4.283
   4.409
   4.535
   4.645
   4.742
   4.841
   4.937
   5.048
   5.191
   5.359
   5.614
   5.993
   6.461
   7.009
   7.569
   8.081
   8.513
   8.869
   9.139
   9.320
   9.414
   9.422
   9.353
   9.215
   9.043
   8.867
   8.662
   8.505
   8.368
   8.255
   8.178
   7.942
   0.000
   0.000
   1.574
   1.624
   1.640
   1.658
   1.682
   1.717
   1.761
   1.822
   1.892
   1.962
   2.013
   2.047
   2.068
   2.073
   2.068
   2.063
   2.061
   2.058
   2.065
   2.067
   2.079
   2.088
   2.111
   2.235
   2.471
   2.782
   3.146
   3.517
   3.803
   3.980
   4.104
   4.202
   4.282
   4.360
   4.477
   4.604
   4.736
   4.864
   5.009
   5.143
   5.265
   5.402
   5.541
   5.672
   5.805
   6.028
   6.361
   6.774
   7.273
   7.816
   8.377
   8.820
   9.214
   9.523
   9.729
   9.848
   9.853
   9.741
   9.611
   9.390
   9.155
   8.914
   8.702
   8.553
   8.429
   8.325
   8.050
   0.000
   0.000
   1.464
   1.522
   1.552
   1.586
   1.620
   1.664
   1.721
   1.793
   1.875
   1.956
   2.014
   2.057
   2.081
   2.092
   2.093
   2.101
   2.110
   2.124
   2.144
   2.176
   2.208
   2.252
   2.325
   2.488
   2.760
   3.095
   3.485
   3.862
   4.136
   4.311
   4.437
   4.532
   4.601
   4.686
   4.805
   4.933
   5.052
   5.180
   5.338
   5.508
   5.670
   5.843
   6.027
   6.199
   6.328
   6.510
   6.790
   7.163
   7.627
   8.076
   8.583
   9.061
   9.482
   9.812
  10.044
  10.174
  10.182
  10.081
   9.895
   9.677
   9.402
   9.133
   8.916
   8.703
   8.542
   8.443
   8.178
   0.000
   0.000
   1.337
   1.395
   1.431
   1.481
   1.533
   1.591
   1.661
   1.746
   1.841
   1.935
   2.009
   2.061
   2.094
   2.111
   2.124
   2.139
   2.166
   2.200
   2.239
   2.293
   2.366
   2.436
   2.545
   2.745
   3.040
   3.398
   3.787
   4.129
   4.381
   4.559
   4.692
   4.794
   4.868
   4.967
   5.098
   5.233
   5.363
   5.480
   5.620
   5.798
   6.000
   6.212
   6.429
   6.666
   6.846
   7.026
   7.264
   7.621
   7.993
   8.412
   8.916
   9.347
   9.727
  10.006
  10.215
  10.363
  10.376
  10.269
  10.081
   9.819
   9.526
   9.239
   8.994
   8.786
   8.611
   8.504
   8.249
   0.000
   0.000
   1.231
   1.269
   1.303
   1.360
   1.424
   1.498
   1.578
   1.669
   1.776
   1.879
   1.970
   2.040
   2.088
   2.120
   2.142
   2.175
   2.218
   2.271
   2.331
   2.411
   2.500
   2.604
   2.737
   2.959
   3.247
   3.580
   3.948
   4.263
   4.512
   4.687
   4.835
   4.959
   5.050
   5.161
   5.318
   5.475
   5.617
   5.744
   5.863
   6.022
   6.256
   6.521
   6.782
   7.053
   7.298
   7.501
   7.776
   8.126
   8.442
   8.821
   9.240
   9.613
   9.954
  10.221
  10.370
  10.458
  10.483
  10.369
  10.154
   9.882
   9.562
   9.267
   9.006
   8.800
   8.635
   8.533
   8.283
   0.000
   0.000
   1.189
   1.183
   1.201
   1.242
   1.304
   1.382
   1.467
   1.566
   1.673
   1.784
   1.881
   1.966
   2.039
   2.089
   2.135
   2.186
   2.252
   2.324
   2.406
   2.502
   2.611
   2.724
   2.871
   3.088
   3.358
   3.649
   3.969
   4.272
   4.530
   4.707
   4.873
   5.027
   5.155
   5.291
   5.466
   5.645
   5.796
   5.929
   6.033
   6.182
   6.412
   6.728
   7.045
   7.346
   7.648
   7.929
   8.237
   8.591
   8.877
   9.218
   9.587
   9.915
  10.208
  10.427
  10.547
  10.540
  10.518
  10.383
  10.142
   9.850
   9.523
   9.205
   8.945
   8.759
   8.641
   8.558
   8.278
   0.000
 -65.534
 -65.534
   1.157
   1.125
   1.151
   1.195
   1.259
   1.338
   1.431
   1.538
   1.645
   1.750
   1.849
   1.939
   2.016
   2.092
   2.167
   2.256
   2.349
   2.452
   2.564
   2.691
   2.820
   2.963
   3.163
   3.401
   3.646
   3.923
   4.206
   4.450
   4.661
   4.864
   5.017
   5.175
   5.354
   5.556
   5.746
   5.896
   6.032
   6.135
   6.271
   6.521
   6.863
   7.202
   7.546
   7.896
   8.231
   8.573
   8.901
   9.214
   9.535
   9.858
  10.159
  10.401
  10.570
  10.652
  10.603
  10.489
  10.304
  10.026
   9.706
   9.372
   9.086
   8.867
   8.713
   8.629
   8.550
   8.261
   0.000
 -65.534
 -65.534
 -65.534
   1.118
   1.064
   1.092
   1.137
   1.199
   1.282
   1.379
   1.485
   1.591
   1.695
   1.799
   1.900
   1.997
   2.098
   2.211
   2.326
   2.454
   2.583
   2.720
   2.863
   3.016
   3.198
   3.403
   3.614
   3.845
   4.102
   4.349
   4.579
   4.797
   4.991
   5.207
   5.455
   5.607
   5.791
   5.953
   6.067
   6.160
   6.313
   6.596
   6.960
   7.330
   7.693
   8.069
   8.433
   8.804
   9.136
   9.476
   9.793
  10.086
  10.369
  10.571
  10.679
  10.685
  10.619
  10.418
  10.156
   9.840
   9.508
   9.181
   8.909
   8.743
   8.656
   8.604
   8.555
   8.256
   0.000
 -65.534
 -65.534
 -65.534
 -65.534
   1.012
   1.007
   1.028
   1.070
   1.133
   1.218
   1.315
   1.417
   1.526
   1.629
   1.743
   1.855
   1.976
   2.103
   2.237
   2.379
   2.528
   2.684
   2.839
   3.004
   3.182
   3.372
   3.559
   3.765
   4.000
   4.238
   4.471
   4.708
   4.951
   5.214
   5.470
   5.675
   5.906
   5.991
   6.090
   6.181
   6.361
   6.683
   7.069
   7.443
   7.802
   8.188
   8.575
   8.930
   9.262
   9.629
   9.962
  10.213
  10.444
  10.640
  10.717
  10.651
  10.517
  10.275
   9.967
   9.616
   9.267
   8.962
   8.736
   8.621
   8.597
   8.600
   8.573
   8.259
   0.000
 -65.534
 -65.534
 -65.534
 -65.534
   1.000
   0.951
   0.953
   0.965
   1.006
   1.071
   1.149
   1.240
   1.339
   1.444
   1.554
   1.673
   1.803
   1.940
   2.084
   2.233
   2.393
   2.557
   2.729
   2.901
   3.088
   3.280
   3.474
   3.675
   3.895
   4.126
   4.367
   4.622
   4.884
   5.167
   5.454
   5.707
   5.924
   6.069
   6.210
   6.248
   6.407
   6.756
   7.162
   7.543
   7.912
   8.277
   8.650
   8.975
   9.326
   9.674
   9.993
  10.225
  10.403
  10.549
  10.590
  10.475
  10.281
  10.022
   9.688
   9.332
   9.006
   8.737
   8.569
   8.528
   8.564
   8.613
   8.601
   8.250
   0.000
 -65.534
 -65.534
 -65.534
 -65.534
   1.015
   0.935
   0.910
   0.902
   0.918
   0.956
   1.008
   1.079
   1.159
   1.254
   1.363
   1.484
   1.609
   1.748
   1.891
   2.045
   2.204
   2.364
   2.537
   2.724
   2.922
   3.129
   3.335
   3.548
   3.773
   4.003
   4.256
   4.526
   4.810
   5.103
   5.394
   5.673
   5.916
   6.124
   6.298
   6.402
   6.557
   6.861
   7.234
   7.617
   7.973
   8.340
   8.696
   9.008
   9.331
   9.647
   9.921
  10.122
  10.264
  10.328
  10.298
  10.172
   9.945
   9.651
   9.322
   9.003
   8.737
   8.542
   8.463
   8.502
   8.554
   8.603
   8.570
   8.208
   0.000
 -65.534
 -65.534
 -65.534
 -65.534
   1.183
   1.079
   1.018
   0.950
   0.887
   0.900
   0.929
   0.975
   1.029
   1.103
   1.194
   1.299
   1.418
   1.554
   1.697
   1.836
   1.984
   2.139
   2.309
   2.507
   2.713
   2.932
   3.157
   3.390
   3.629
   3.868
   4.124
   4.398
   4.689
   4.987
   5.290
   5.582
   5.848
   6.102
   6.322
   6.515
   6.732
   6.956
   7.267
   7.653
   8.008
   8.336
   8.664
   8.988
   9.261
   9.521
   9.757
   9.932
  10.021
  10.034
   9.954
   9.777
   9.523
   9.229
   8.918
   8.656
   8.487
   8.415
   8.441
   8.499
   8.554
   8.558
   8.496
   8.089
   0.000
 -65.534
 -65.534
 -65.534
 -65.534
 -65.534
 -65.534
 -65.534
 -65.534
   0.957
   0.932
   0.923
   0.933
   0.954
   0.996
   1.059
   1.142
   1.248
   1.374
   1.513
   1.653
   1.788
   1.932
   2.093
   2.289
   2.510
   2.743
   2.982
   3.226
   3.468
   3.710
   3.966
   4.235
   4.514
   4.807
   5.109
   5.414
   5.713
   5.996
   6.256
   6.500
   6.745
   7.009
   7.339
   7.648
   7.908
   8.229
   8.576
   8.863
   9.127
   9.349
   9.540
   9.686
   9.753
   9.716
   9.580
   9.359
   9.084
   8.790
   8.521
   8.333
   8.272
   8.336
   8.426
   8.502
   8.534
   8.506
   8.410
   7.953
   0.000
 -65.534
 -65.534
 -65.534
 -65.534
 -65.534
 -65.534
   0.743
   1.038
   1.117
   0.999
   0.972
   0.947
   0.936
   0.946
   0.982
   1.043
   1.131
   1.243
   1.373
   1.499
   1.628
   1.764
   1.928
   2.121
   2.335
   2.579
   2.831
   3.082
   3.326
   3.561
   3.799
   4.051
   4.315
   4.597
   4.893
   5.197
   5.500
   5.803
   6.096
   6.383
   6.660
   6.946
   7.247
   7.541
   7.810
   8.108
   8.374
   8.571
   8.814
   9.071
   9.259
   9.373
   9.395
   9.320
   9.153
   8.905
   8.635
   8.346
   8.113
   8.013
   8.066
   8.237
   8.357
   8.427
   8.447
   8.398
   8.260
   7.729
   0.000
 -65.534
 -65.534
 -65.534
 -65.534
 -65.534
 -65.534
 -65.534
 -65.534
 -65.534
   1.200
   1.145
   1.112
   1.084
   1.064
   1.039
   1.011
   1.085
   1.174
   1.285
   1.406
   1.519
   1.649
   1.809
   2.006
   2.231
   2.472
   2.715
   2.962
   3.197
   3.420
   3.640
   3.872
   4.117
   4.384
   4.661
   4.948
   5.249
   5.553
   5.856
   6.161
   6.467
   6.778
   7.079
   7.354
   7.604
   7.854
   8.072
   8.264
   8.476
   8.664
   8.792
   8.860
   8.826
   8.722
   8.546
   8.314
   8.060
   7.818
   7.658
   7.662
   7.814
   8.027
   8.184
   8.263
   8.249
   8.174
   8.009
   7.405
   0.000
 -65.534
 -65.534
 -65.534
 -65.534
 -65.534
 -65.534
 -65.534
 -65.534
 -65.534
 -65.534
 -65.534
 -65.534
 -65.534
 -65.534
 -65.534
   1.183
   1.210
   1.250
   1.298
   1.351
   1.462
   1.589
   1.742
   1.929
   2.149
   2.390
   2.632
   2.860
   3.082
   3.297
   3.505
   3.715
   3.933
   4.175
   4.439
   4.714
   5.003
   5.294
   5.612
   5.922
   6.226
   6.528
   6.812
   7.072
   7.307
   7.514
   7.704
   7.857
   8.015
   8.132
   8.213
   8.244
   8.189
   8.075
   7.902
   7.676
   7.441
   7.257
   7.193
   7.299
   7.525
   7.730
   7.896
   7.953
   7.925
   7.839
   7.666
   7.033
   0.000
 -65.534
 -65.534
 -65.534
 -65.534
 -65.534
 -65.534
 -65.534
 -65.534
 -65.534
 -65.534
 -65.534
 -65.534
 -65.534
 -65.534
 -65.534
 -65.534
 -65.534
 -65.534
 -65.534
   1.372
   1.473
   1.586
   1.727
   1.897
   2.095
   2.315
   2.547
   2.774
   2.989
   3.188
   3.385
   3.582
   3.788
   4.009
   4.253
   4.506
   4.769
   5.044
   5.324
   5.617
   5.909
   6.197
   6.473
   6.715
   6.927
   7.099
   7.248
   7.382
   7.500
   7.577
   7.621
   7.617
   7.541
   7.415
   7.249
   7.047
   6.850
   6.732
   6.761
   6.940
   7.171
   7.383
   7.526
   7.575
   7.531
   7.447
   7.263
   6.623
   0.000
 -65.534
 -65.534
 -65.534
 -65.534
 -65.534
 -65.534
 -65.534
 -65.534
 -65.534
 -65.534
 -65.534
 -65.534
 -65.534
 -65.534
 -65.534
 -65.534
 -65.534
 -65.534
   0.996
   1.498
   1.528
   1.624
   1.744
   1.892
   2.062
   2.256
   2.468
   2.685
   2.893
   3.091
   3.276
   3.463
   3.648
   3.850
   4.071
   4.299
   4.536
   4.777
   5.026
   5.292
   5.570
   5.846
   6.106
   6.331
   6.509
   6.646
   6.751
   6.843
   6.923
   6.976
   7.003
   6.985
   6.911
   6.784
   6.618
   6.436
   6.299
   6.255
   6.346
   6.549
   6.767
   6.956
   7.061
   7.105
   7.069
   6.977
   6.812
   6.165
   0.000
 -65.534
 -65.534
 -65.534
 -65.534
 -65.534
 -65.534
 -65.534
 -65.534
 -65.534
 -65.534
 -65.534
 -65.534
 -65.534
 -65.534
 -65.534
 -65.534
 -65.534
   0.797
   1.436
   1.579
   1.624
   1.692
   1.787
   1.908
   2.050
   2.216
   2.402
   2.598
   2.796
   2.982
   3.154
   3.320
   3.496
   3.676
   3.869
   4.072
   4.273
   4.485
   4.711
   4.951
   5.215
   5.481
   5.726
   5.937
   6.090
   6.189
   6.251
   6.308
   6.349
   6.389
   6.406
   6.407
   6.382
   6.253
   6.121
   5.951
   5.866
   5.875
   5.989
   6.167
   6.338
   6.485
   6.585
   6.631
   6.593
   6.497
   6.341
   5.717
   0.000
 -65.534
 -65.534
 -65.534
 -65.534
 -65.534
 -65.534
 -65.534
 -65.534
 -65.534
 -65.534
 -65.534
 -65.534
 -65.534
 -65.534
 -65.534
 -65.534
 -65.534
   1.174
   1.545
   1.659
   1.717
   1.767
   1.833
   1.924
   2.039
   2.173
   2.332
   2.503
   2.684
   2.860
   3.025
   3.168
   3.320
   3.477
   3.638
   3.807
   3.983
   4.171
   4.371
   4.592
   4.827
   5.072
   5.306
   5.494
   5.628
   5.711
   5.755
   5.775
   5.807
   5.817
   5.868
   5.939
   5.907
   5.841
   5.751
   5.645
   5.574
   5.578
   5.649
   5.761
   5.895
   6.016
   6.108
   6.146
   6.118
   6.044
   5.905
   5.299
   0.000
 -65.534
 -65.534
 -65.534
 -65.534
 -65.534
 -65.534
 -65.534
 -65.534
 -65.534
 -65.534
 -65.534
 -65.534
 -65.534
 -65.534
 -65.534
 -65.534
 -65.534
   1.345
   1.611
   1.730
   1.781
   1.820
   1.865
   1.924
   2.018
   2.122
   2.250
   2.403
   2.564
   2.727
   2.878
   3.007
   3.140
   3.272
   3.406
   3.547
   3.696
   3.859
   4.038
   4.231
   4.439
   4.653
   4.849
   5.005
   5.117
   5.184
   5.226
   5.255
   5.274
   5.288
   5.360
   5.422
   5.459
   5.465
   5.473
   5.409
   5.334
   5.297
   5.325
   5.386
   5.469
   5.552
   5.617
   5.645
   5.613
   5.549
   5.429
   4.891
   0.000
 -65.534
 -65.534
 -65.534
 -65.534
 -65.534
 -65.534
 -65.534
 -65.534
 -65.534
 -65.534
 -65.534
 -65.534
 -65.534
 -65.534
 -65.534
 -65.534
 -65.534
   1.494
   1.655
   1.764
   1.817
   1.848
   1.878
   1.910
   1.969
   2.063
   2.166
   2.295
   2.443
   2.597
   2.738
   2.847
   2.964
   3.077
   3.190
   3.312
   3.438
   3.582
   3.735
   3.901
   4.072
   4.247
   4.394
   4.518
   4.606
   4.656
   4.695
   4.726
   4.748
   4.770
   4.849
   4.927
   5.006
   5.086
   5.135
   5.172
   5.088
   5.047
   5.033
   5.060
   5.102
   5.141
   5.166
   5.165
   5.122
   5.066
   4.969
   4.460
   0.000
 -65.534
 -65.534
 -65.534
 -65.534
 -65.534
 -65.534
 -65.534
 -65.534
 -65.534
 -65.534
 -65.534
 -65.534
 -65.534
 -65.534
 -65.534
 -65.534
 -65.534
 -65.534
   1.675
   1.767
   1.817
   1.841
   1.854
   1.877
   1.917
   1.987
   2.078
   2.192
   2.321
   2.456
   2.583
   2.675
   2.775
   2.878
   2.981
   3.090
   3.199
   3.314
   3.441
   3.578
   3.720
   3.847
   3.960
   4.057
   4.129
   4.179
   4.207
   4.216
   4.240
   4.276
   4.386
   4.477
   4.587
   4.691
   4.773
   4.809
   4.820
   4.760
   4.741
   4.758
   4.777
   4.795
   4.791
   4.761
   4.701
   4.623
   4.513
   4.037
   0.000
 -65.534
 -65.534
 -65.534
 -65.534
 -65.534
 -65.534
 -65.534
 -65.534
 -65.534
 -65.534
 -65.534
 -65.534
 -65.534
 -65.534
 -65.534
 -65.534
 -65.534
 -65.534
 -65.534
   1.723
   1.776
   1.796
   1.813
   1.836
   1.869
   1.919
   1.995
   2.084
   2.191
   2.306
   2.406
   2.498
   2.584
   2.671
   2.768
   2.874
   2.910
   3.014
   3.121
   3.237
   3.380
   3.484
   3.573
   3.660
   3.727
   3.766
   3.794
   3.827
   3.856
   3.927
   4.005
   4.084
   4.178
   4.262
   4.323
   4.378
   4.396
   4.412
   4.407
   4.409
   4.450
   4.474
   4.465
   4.412
   4.333
   4.222
   4.078
   3.605
   0.000
 -65.534
 -65.534
 -65.534
 -65.534
 -65.534
 -65.534
 -65.534
 -65.534
 -65.534
 -65.534
 -65.534
 -65.534
 -65.534
 -65.534
 -65.534
 -65.534
 -65.534
 -65.534
 -65.534
 -65.534
   1.677
   1.716
   1.744
   1.774
   1.820
   1.876
   1.941
   2.013
   2.089
   2.171
   2.236
   2.314
   2.381
   2.428
   2.434
   2.247
 -65.534
 -65.534
 -65.534
 -65.534
   2.939
   3.161
   3.295
   3.358
   3.414
   3.452
   3.510
   3.543
   3.585
   3.614
   3.645
   3.706
   3.771
   3.820
   3.879
   3.945
   3.976
   4.011
   4.033
   4.048
   4.100
   4.130
   4.108
   4.045
   3.958
   3.847
   3.676
   3.200
   0.000
 -65.534
 -65.534
 -65.534
 -65.534
 -65.534
 -65.534
 -65.534
 -65.534
 -65.534
 -65.534
 -65.534
 -65.534
 -65.534
 -65.534
 -65.534
 -65.534
 -65.534
 -65.534
 -65.534
 -65.534
 -65.534
 -65.534
 -65.534
 -65.534
   1.786
   1.835
   1.891
   1.948
   2.004
   2.046
   2.081
   2.128
   2.160
   2.156
   2.064
   1.808
 -65.534
 -65.534
 -65.534
 -65.534
 -65.534
 -65.534
   2.904
   3.148
   3.208
   3.253
   3.272
   3.293
   3.313
   3.339
   3.379
   3.417
   3.437
   3.484
   3.522
   3.558
   3.596
   3.644
   3.687
   3.721
   3.737
   3.723
   3.680
   3.610
   3.510
   3.408
   3.235
   2.783
   0.000
 -65.534
 -65.534
 -65.534
 -65.534
 -65.534
 -65.534
 -65.534
 -65.534
 -65.534
 -65.534
 -65.534
 -65.534
 -65.534
 -65.534
 -65.534
 -65.534
 -65.534
 -65.534
 -65.534
 -65.534
 -65.534
 -65.534
 -65.534
 -65.534
   1.678
   1.740
   1.793
   1.846
   1.892
   1.935
   1.940
   1.952
   1.955
   1.907
   1.794
   1.605
 -65.534
 -65.534
 -65.534
 -65.534
 -65.534
 -65.534
 -65.534
   2.808
   2.967
   2.973
   3.036
   3.039
   3.050
   3.057
   3.068
   3.097
   3.137
   3.166
   3.208
   3.244
   3.275
   3.299
   3.315
   3.323
   3.310
   3.280
   3.226
   3.145
   3.041
   2.910
   2.744
   2.336
   0.000
 -65.534
 -65.534
 -65.534
 -65.534
 -65.534
 -65.534
 -65.534
 -65.534
 -65.534
 -65.534
 -65.534
 -65.534
 -65.534
 -65.534
 -65.534
 -65.534
 -65.534
 -65.534
 -65.534
 -65.534
 -65.534
 -65.534
 -65.534
 -65.534
 -65.534
 -65.534
 -65.534
 -65.534
 -65.534
   1.814
   1.805
   1.784
   1.781
   1.721
   1.617
   1.438
   0.589
 -65.534
 -65.534
 -65.534
 -65.534
 -65.534
 -65.534
   2.266
   2.317
 -65.534
   2.532
   2.677
   2.734
   2.833
   2.857
   2.881
   2.895
   2.905
   2.915
   2.925
   2.932
   2.924
   2.911
   2.890
   2.856
   2.806
   2.734
   2.638
   2.529
   2.399
   2.242
   1.896
   0.000
 -65.534
 -65.534
 -65.534
 -65.534
 -65.534
 -65.534
 -65.534
 -65.534
 -65.534
 -65.534
 -65.534
 -65.534
 -65.534
 -65.534
 -65.534
 -65.534
 -65.534
 -65.534
 -65.534
 -65.534
 -65.534
 -65.534
 -65.534
 -65.534
 -65.534
 -65.534
 -65.534
 -65.534
 -65.534
 -65.534
 -65.534
 -65.534
   1.677
   1.602
   1.506
   1.328
   0.712
   0.335
 -65.534
 -65.534
 -65.534
 -65.534
 -65.534
 -65.534
 -65.534
 -65.534
 -65.534
 -65.534
 -65.534
   2.289
   2.512
   2.568
   2.698
   2.682
   2.650
   2.604
   2.568
   2.536
   2.498
   2.454
   2.396
   2.324
   2.239
   2.139
   2.037
   1.912
   1.775
   1.492
   0.000
 -65.534
 -65.534
 -65.534
 -65.534
 -65.534
 -65.534
 -65.534
 -65.534
 -65.534
 -65.534
 -65.534
 -65.534
 -65.534
 -65.534
 -65.534
 -65.534
 -65.534
 -65.534
 -65.534
 -65.534
 -65.534
 -65.534
 -65.534
 -65.534
 -65.534
 -65.534
 -65.534
 -65.534
 -65.534
 -65.534
 -65.534
 -65.534
   1.554
   1.484
   1.387
   1.194
   0.770
   0.391
   0.233
   0.230
 -65.534
 -65.534
 -65.534
 -65.534
 -65.534
 -65.534
 -65.534
 -65.534
 -65.534
 -65.534
 -65.534
 -65.534
   2.002
   2.190
   2.188
   2.271
   2.219
   2.155
   2.086
   2.020
   1.941
   1.852
   1.762
   1.665
   1.571
   1.477
   1.381
   1.178
   0.000
 -65.534
 -65.534
 -65.534
 -65.534
 -65.534
 -65.534
 -65.534
 -65.534
 -65.534
 -65.534
 -65.534
 -65.534
 -65.534
 -65.534
 -65.534
 -65.534
 -65.534
 -65.534
 -65.534
 -65.534
 -65.534
 -65.534
 -65.534
 -65.534
 -65.534
 -65.534
 -65.534
 -65.534
 -65.534
 -65.534
 -65.534
 -65.534
 -65.534
 -65.534
 -65.534
 -65.534
   0.699
   0.442
   0.259
   0.179
   0.184
   0.172
   0.173
   0.183
   0.194
 -65.534
 -65.534
 -65.534
 -65.534
 -65.534
 -65.534
 -65.534
 -65.534
 -65.534
 -65.534
   1.627
   1.800
   1.771
   1.698
   1.599
   1.502
   1.411
   1.321
   1.233
   1.155
   1.094
   1.039
   0.910
   0.000
 -65.534
 -65.534
 -65.534
 -65.534
 -65.534
 -65.534
 -65.534
 -65.534
 -65.534
 -65.534
 -65.534
 -65.534
 -65.534
 -65.534
 -65.534
 -65.534
 -65.534
 -65.534
 -65.534
 -65.534
 -65.534
 -65.534
 -65.534
 -65.534
 -65.534
 -65.534
 -65.534
 -65.534
 -65.534
 -65.534
 -65.534
 -65.534
 -65.534
 -65.534
 -65.534
 -65.534
 -65.534
 -65.534
 -65.534
 -65.534
   0.125
 -65.534
 -65.534
 -65.534
 -65.534
 -65.534
 -65.534
 -65.534
 -65.534
 -65.534
 -65.534
 -65.534
 -65.534
 -65.534
 -65.534
   0.906
   1.178
   1.236
   1.197
   1.212
   1.119
   0.985
   0.895
   0.831
   0.783
   0.757
   0.734
   0.662
   0.000
 -65.534
 -65.534
 -65.534
 -65.534
 -65.534
 -65.534
 -65.534
 -65.534
 -65.534
 -65.534
 -65.534
 -65.534
 -65.534
 -65.534
 -65.534
 -65.534
 -65.534
 -65.534
 -65.534
 -65.534
 -65.534
 -65.534
 -65.534
 -65.534
 -65.534
 -65.534
 -65.534
 -65.534
 -65.534
 -65.534
 -65.534
 -65.534
 -65.534
 -65.534
 -65.534
 -65.534
 -65.534
 -65.534
 -65.534
 -65.534
 -65.534
 -65.534
 -65.534
 -65.534
 -65.534
 -65.534
 -65.534
 -65.534
 -65.534
 -65.534
 -65.534
 -65.534
 -65.534
 -65.534
 -65.534
 -65.534
 -65.534
 -65.534
 -65.534
   0.574
   0.634
   0.581
   0.509
   0.463
   0.434
   0.431
   0.452
   0.413
   0.000
 -65.534
 -65.534
 -65.534
 -65.534
 -65.534
 -65.534
 -65.534
 -65.534
 -65.534
 -65.534
 -65.534
 -65.534
 -65.534
 -65.534
 -65.534
 -65.534
 -65.534
 -65.534
 -65.534
 -65.534
 -65.534
 -65.534
 -65.534
 -65.534
 -65.534
 -65.534
 -65.534
 -65.534
 -65.534
 -65.534
 -65.534
 -65.534
 -65.534
 -65.534
 -65.534
 -65.534
 -65.534
 -65.534
 -65.534
 -65.534
 -65.534
 -65.534
 -65.534
 -65.534
 -65.534
 -65.534
 -65.534
 -65.534
 -65.534
 -65.534
 -65.534
 -65.534
 -65.534
 -65.534
 -65.534
 -65.534
 -65.534
 -65.534
 -65.534
 -65.534
 -65.534
   0.000
   0.000
   0.000
   0.000
   0.000
   0.000
   0.000
 -65.534
