 -65.534
   0.000
   0.000
   0.000
   0.000
   0.000
   0.000
   0.000
   0.000
   0.000
   0.000
   0.000
   0.000
   0.000
   0.000
   0.000
   0.000
   0.000
   0.000
   0.000
   0.000
   0.000
   0.000
   0.000
   0.000
   0.000
   0.000
   0.000
   0.000
   0.000
   0.000
   0.000
   0.000
   0.000
   0.000
   0.000
   0.000
   0.000
   0.000
   0.000
   0.000
   0.000
   0.000
   0.000
   0.000
   0.000
   0.000
   0.000
   0.000
   0.000
   0.000
   0.000
   0.000
   0.000
   0.000
   0.000
   0.000
   0.000
   0.000
   0.000
   0.000
   0.000
   0.000
   0.000
   0.000
   0.000
   0.000
   0.000
 -65.534
   0.000
   2.640
   3.005
   3.183
   3.350
   3.496
   3.614
   3.705
   3.778
   3.849
   3.915
   3.980
   4.059
   4.146
   4.217
   4.282
   4.326
   4.369
   4.412
   4.454
   4.514
   4.581
   4.658
   4.729
   4.784
   4.813
   4.813
   4.784
   4.733
   4.671
   4.606
   4.556
   4.502
   4.449
   4.380
   4.275
   4.173
   4.047
   3.877
   3.679
   3.456
   3.241
   3.021
   2.791
   2.578
   2.386
   2.210
   2.037
   1.903
   1.808
   1.736
   1.691
   1.672
   1.675
   1.737
   1.800
   1.859
   1.913
   1.955
   1.993
   2.022
   2.039
   2.060
   2.073
   2.059
   2.060
   2.073
   2.065
   0.000
   0.000
   2.886
   3.227
   3.366
   3.511
   3.632
   3.749
   3.854
   3.943
   4.023
   4.094
   4.157
   4.225
   4.299
   4.353
   4.402
   4.440
   4.483
   4.528
   4.589
   4.668
   4.758
   4.860
   4.954
   5.019
   5.051
   5.053
   5.034
   4.998
   4.959
   4.927
   4.894
   4.869
   4.840
   4.786
   4.705
   4.600
   4.473
   4.297
   4.091
   3.869
   3.630
   3.365
   3.094
   2.841
   2.629
   2.447
   2.288
   2.156
   2.062
   1.991
   1.957
   1.949
   1.967
   1.999
   2.045
   2.106
   2.171
   2.231
   2.286
   2.341
   2.387
   2.428
   2.456
   2.480
   2.498
   2.518
   2.484
   0.000
   0.000
   2.871
   3.188
   3.306
   3.426
   3.529
   3.633
   3.741
   3.846
   3.940
   4.022
   4.091
   4.153
   4.205
   4.244
   4.275
   4.303
   4.342
   4.399
   4.480
   4.583
   4.704
   4.838
   4.957
   5.032
   5.063
   5.065
   5.043
   5.005
   4.976
   4.962
   4.951
   4.951
   4.966
   4.945
   4.891
   4.805
   4.669
   4.499
   4.288
   4.055
   3.792
   3.511
   3.221
   2.950
   2.727
   2.549
   2.397
   2.272
   2.181
   2.111
   2.075
   2.066
   2.078
   2.104
   2.144
   2.198
   2.257
   2.319
   2.381
   2.445
   2.504
   2.557
   2.612
   2.654
   2.690
   2.720
   2.675
   0.000
   0.000
   2.830
   3.117
   3.213
   3.319
   3.409
   3.502
   3.602
   3.705
   3.811
   3.910
   3.986
   4.049
   4.093
   4.122
   4.143
   4.163
   4.202
   4.270
   4.369
   4.498
   4.646
   4.807
   4.948
   5.034
   5.069
   5.077
   5.044
   4.993
   4.963
   4.957
   4.968
   4.992
   5.036
   5.065
   5.044
   4.980
   4.869
   4.690
   4.483
   4.244
   3.968
   3.671
   3.374
   3.091
   2.858
   2.669
   2.512
   2.387
   2.281
   2.206
   2.165
   2.149
   2.155
   2.175
   2.211
   2.259
   2.310
   2.362
   2.424
   2.491
   2.558
   2.628
   2.690
   2.752
   2.803
   2.839
   2.786
   0.000
   0.000
   2.767
   3.031
   3.115
   3.215
   3.297
   3.380
   3.471
   3.573
   3.678
   3.779
   3.860
   3.921
   3.966
   3.990
   4.005
   4.023
   4.067
   4.143
   4.258
   4.400
   4.560
   4.742
   4.895
   4.997
   5.044
   5.048
   5.004
   4.936
   4.902
   4.905
   4.925
   4.978
   5.062
   5.126
   5.145
   5.104
   5.018
   4.856
   4.651
   4.410
   4.133
   3.838
   3.538
   3.250
   2.993
   2.777
   2.613
   2.473
   2.354
   2.262
   2.211
   2.182
   2.190
   2.213
   2.248
   2.289
   2.338
   2.381
   2.435
   2.505
   2.581
   2.657
   2.739
   2.807
   2.863
   2.902
   2.844
   0.000
   0.000
   2.689
   2.931
   3.011
   3.102
   3.186
   3.267
   3.358
   3.455
   3.559
   3.652
   3.730
   3.791
   3.833
   3.857
   3.876
   3.905
   3.953
   4.036
   4.149
   4.289
   4.457
   4.642
   4.808
   4.917
   4.961
   4.954
   4.902
   4.826
   4.786
   4.808
   4.846
   4.930
   5.027
   5.131
   5.189
   5.198
   5.127
   4.992
   4.800
   4.570
   4.306
   4.014
   3.704
   3.398
   3.127
   2.888
   2.691
   2.524
   2.386
   2.282
   2.215
   2.181
   2.186
   2.214
   2.251
   2.297
   2.339
   2.375
   2.426
   2.498
   2.572
   2.656
   2.739
   2.818
   2.884
   2.930
   2.871
   0.000
   0.000
   2.597
   2.822
   2.899
   2.992
   3.074
   3.162
   3.251
   3.346
   3.441
   3.534
   3.609
   3.669
   3.709
   3.740
   3.768
   3.803
   3.854
   3.932
   4.035
   4.165
   4.319
   4.493
   4.659
   4.764
   4.803
   4.794
   4.736
   4.660
   4.632
   4.674
   4.745
   4.854
   4.978
   5.112
   5.193
   5.233
   5.199
   5.092
   4.924
   4.712
   4.455
   4.168
   3.871
   3.555
   3.244
   2.976
   2.742
   2.535
   2.372
   2.251
   2.168
   2.130
   2.131
   2.160
   2.207
   2.255
   2.299
   2.337
   2.386
   2.450
   2.531
   2.624
   2.721
   2.814
   2.883
   2.932
   2.882
   0.000
   0.000
   2.455
   2.678
   2.755
   2.858
   2.949
   3.038
   3.132
   3.229
   3.324
   3.411
   3.486
   3.547
   3.596
   3.631
   3.664
   3.704
   3.756
   3.829
   3.922
   4.039
   4.171
   4.325
   4.481
   4.581
   4.608
   4.592
   4.541
   4.476
   4.464
   4.534
   4.636
   4.764
   4.922
   5.068
   5.175
   5.235
   5.225
   5.145
   5.011
   4.821
   4.580
   4.306
   4.014
   3.703
   3.380
   3.069
   2.798
   2.556
   2.352
   2.203
   2.100
   2.048
   2.041
   2.071
   2.119
   2.173
   2.218
   2.251
   2.314
   2.382
   2.473
   2.573
   2.686
   2.793
   2.877
   2.942
   2.892
   0.000
   0.000
   2.264
   2.476
   2.565
   2.682
   2.783
   2.883
   2.987
   3.089
   3.191
   3.283
   3.360
   3.423
   3.470
   3.514
   3.554
   3.598
   3.653
   3.719
   3.802
   3.909
   4.029
   4.166
   4.302
   4.384
   4.405
   4.394
   4.343
   4.298
   4.321
   4.412
   4.531
   4.674
   4.852
   5.007
   5.128
   5.207
   5.225
   5.163
   5.049
   4.886
   4.668
   4.416
   4.134
   3.834
   3.511
   3.180
   2.876
   2.603
   2.361
   2.162
   2.037
   1.965
   1.934
   1.951
   1.995
   2.051
   2.102
   2.150
   2.217
   2.307
   2.406
   2.520
   2.649
   2.769
   2.874
   2.954
   2.918
   0.000
   0.000
   2.067
   2.263
   2.353
   2.475
   2.590
   2.701
   2.813
   2.926
   3.037
   3.135
   3.218
   3.287
   3.344
   3.391
   3.438
   3.483
   3.538
   3.603
   3.679
   3.769
   3.876
   4.003
   4.125
   4.195
   4.215
   4.195
   4.157
   4.154
   4.205
   4.306
   4.433
   4.579
   4.757
   4.924
   5.049
   5.138
   5.170
   5.132
   5.045
   4.907
   4.713
   4.480
   4.225
   3.930
   3.609
   3.290
   2.961
   2.660
   2.383
   2.139
   1.983
   1.873
   1.809
   1.795
   1.833
   1.897
   1.963
   2.031
   2.122
   2.231
   2.349
   2.477
   2.620
   2.756
   2.875
   2.972
   2.951
   0.000
   0.000
   1.890
   2.071
   2.142
   2.256
   2.375
   2.490
   2.609
   2.730
   2.851
   2.964
   3.061
   3.142
   3.207
   3.264
   3.315
   3.364
   3.414
   3.476
   3.545
   3.629
   3.723
   3.836
   3.952
   4.023
   4.050
   4.048
   4.037
   4.054
   4.119
   4.228
   4.355
   4.507
   4.681
   4.841
   4.966
   5.051
   5.093
   5.073
   5.010
   4.899
   4.727
   4.516
   4.271
   3.989
   3.684
   3.369
   3.040
   2.723
   2.418
   2.147
   1.949
   1.793
   1.694
   1.653
   1.668
   1.727
   1.815
   1.912
   2.032
   2.171
   2.313
   2.463
   2.618
   2.767
   2.899
   3.004
   2.984
   0.000
   0.000
   1.706
   1.907
   1.956
   2.047
   2.154
   2.265
   2.381
   2.497
   2.622
   2.748
   2.863
   2.964
   3.049
   3.118
   3.179
   3.230
   3.283
   3.339
   3.407
   3.483
   3.572
   3.678
   3.793
   3.872
   3.919
   3.942
   3.954
   3.981
   4.046
   4.164
   4.288
   4.440
   4.616
   4.769
   4.882
   4.961
   4.995
   4.982
   4.935
   4.850
   4.707
   4.518
   4.290
   4.023
   3.729
   3.432
   3.111
   2.791
   2.475
   2.191
   1.963
   1.777
   1.637
   1.557
   1.544
   1.585
   1.685
   1.812
   1.961
   2.133
   2.307
   2.476
   2.648
   2.811
   2.950
   3.047
   3.004
   0.000
 -65.534
 -65.534
   1.647
   1.797
   1.841
   1.929
   2.025
   2.132
   2.244
   2.366
   2.491
   2.607
   2.721
   2.823
   2.912
   2.990
   3.057
   3.121
   3.182
   3.252
   3.329
   3.413
   3.516
   3.629
   3.719
   3.789
   3.839
   3.874
   3.911
   3.982
   4.090
   4.203
   4.362
   4.537
   4.677
   4.769
   4.834
   4.859
   4.847
   4.813
   4.744
   4.628
   4.467
   4.264
   4.022
   3.749
   3.468
   3.167
   2.855
   2.552
   2.265
   2.013
   1.803
   1.636
   1.531
   1.494
   1.515
   1.615
   1.759
   1.941
   2.136
   2.333
   2.524
   2.712
   2.880
   3.009
   3.092
   3.017
   0.000
 -65.534
 -65.534
 -65.534
   1.531
   1.640
   1.684
   1.771
   1.865
   1.971
   2.088
   2.210
   2.322
   2.437
   2.548
   2.648
   2.742
   2.827
   2.908
   2.985
   3.071
   3.154
   3.245
   3.348
   3.458
   3.559
   3.643
   3.716
   3.775
   3.826
   3.891
   3.987
   4.104
   4.252
   4.387
   4.480
   4.622
   4.684
   4.689
   4.674
   4.644
   4.587
   4.494
   4.357
   4.178
   3.963
   3.716
   3.456
   3.183
   2.900
   2.618
   2.350
   2.101
   1.889
   1.711
   1.588
   1.536
   1.559
   1.650
   1.803
   1.998
   2.213
   2.420
   2.615
   2.800
   2.961
   3.082
   3.149
   3.027
   0.000
 -65.534
 -65.534
 -65.534
 -65.534
   1.390
   1.465
   1.527
   1.604
   1.697
   1.800
   1.912
   2.022
   2.138
   2.251
   2.363
   2.465
   2.561
   2.650
   2.744
   2.836
   2.931
   3.035
   3.148
   3.261
   3.368
   3.470
   3.561
   3.637
   3.702
   3.772
   3.855
   3.955
   4.073
   4.187
   4.283
   4.383
   4.414
   4.480
   4.471
   4.436
   4.389
   4.312
   4.194
   4.037
   3.842
   3.628
   3.400
   3.160
   2.916
   2.669
   2.439
   2.208
   2.008
   1.852
   1.737
   1.689
   1.715
   1.807
   1.962
   2.161
   2.371
   2.572
   2.755
   2.926
   3.067
   3.176
   3.226
   3.066
   0.000
 -65.534
 -65.534
 -65.534
 -65.534
   1.215
   1.278
   1.329
   1.387
   1.453
   1.534
   1.627
   1.733
   1.845
   1.960
   2.077
   2.186
   2.284
   2.377
   2.468
   2.561
   2.664
   2.773
   2.890
   3.008
   3.128
   3.238
   3.345
   3.437
   3.518
   3.600
   3.683
   3.769
   3.867
   3.963
   4.045
   4.109
   4.142
   4.181
   4.152
   4.156
   4.126
   4.060
   3.966
   3.830
   3.664
   3.486
   3.299
   3.106
   2.906
   2.715
   2.519
   2.328
   2.172
   2.043
   1.963
   1.934
   1.967
   2.057
   2.200
   2.377
   2.572
   2.754
   2.920
   3.064
   3.178
   3.272
   3.310
   3.125
   0.000
 -65.534
 -65.534
 -65.534
 -65.534
   1.097
   1.145
   1.188
   1.231
   1.273
   1.334
   1.406
   1.489
   1.586
   1.695
   1.809
   1.917
   2.013
   2.104
   2.189
   2.278
   2.369
   2.472
   2.582
   2.701
   2.818
   2.940
   3.059
   3.170
   3.273
   3.371
   3.459
   3.541
   3.630
   3.712
   3.776
   3.824
   3.854
   3.856
   3.828
   3.810
   3.787
   3.729
   3.673
   3.572
   3.444
   3.309
   3.165
   3.023
   2.882
   2.744
   2.599
   2.460
   2.344
   2.259
   2.217
   2.208
   2.241
   2.323
   2.451
   2.607
   2.774
   2.932
   3.069
   3.181
   3.269
   3.337
   3.361
   3.162
   0.000
 -65.534
 -65.534
 -65.534
 -65.534
   1.040
   1.091
   1.131
   1.171
   1.191
   1.209
   1.262
   1.323
   1.395
   1.485
   1.583
   1.678
   1.767
   1.854
   1.933
   2.012
   2.089
   2.173
   2.267
   2.376
   2.494
   2.616
   2.744
   2.867
   2.989
   3.104
   3.204
   3.293
   3.374
   3.440
   3.492
   3.529
   3.545
   3.535
   3.508
   3.473
   3.439
   3.397
   3.356
   3.289
   3.213
   3.131
   3.039
   2.938
   2.845
   2.750
   2.658
   2.566
   2.498
   2.450
   2.424
   2.431
   2.472
   2.549
   2.660
   2.797
   2.940
   3.067
   3.175
   3.253
   3.313
   3.358
   3.370
   3.149
   0.000
 -65.534
 -65.534
 -65.534
 -65.534
 -65.534
 -65.534
 -65.534
 -65.534
   1.173
   1.178
   1.190
   1.218
   1.261
   1.327
   1.402
   1.478
   1.560
   1.640
   1.720
   1.791
   1.846
   1.910
   1.984
   2.081
   2.192
   2.316
   2.449
   2.579
   2.707
   2.828
   2.934
   3.026
   3.101
   3.159
   3.195
   3.222
   3.233
   3.223
   3.194
   3.166
   3.142
   3.121
   3.098
   3.069
   3.039
   2.985
   2.918
   2.857
   2.803
   2.745
   2.699
   2.650
   2.615
   2.586
   2.583
   2.597
   2.642
   2.710
   2.812
   2.931
   3.047
   3.149
   3.220
   3.274
   3.311
   3.336
   3.334
   3.107
   0.000
 -65.534
 -65.534
 -65.534
 -65.534
 -65.534
 -65.534
   1.000
   1.116
   1.197
   1.159
   1.141
   1.147
   1.172
   1.210
   1.261
   1.320
   1.396
   1.481
   1.560
   1.622
   1.670
   1.709
   1.766
   1.845
   1.944
   2.070
   2.201
   2.337
   2.464
   2.584
   2.687
   2.764
   2.829
   2.876
   2.905
   2.921
   2.929
   2.918
   2.901
   2.890
   2.888
   2.894
   2.898
   2.899
   2.889
   2.854
   2.815
   2.782
   2.744
   2.707
   2.691
   2.681
   2.673
   2.679
   2.687
   2.709
   2.748
   2.814
   2.907
   3.005
   3.093
   3.161
   3.205
   3.239
   3.272
   3.286
   3.273
   3.025
   0.000
 -65.534
 -65.534
 -65.534
 -65.534
 -65.534
 -65.534
 -65.534
 -65.534
 -65.534
   1.150
   1.111
   1.102
   1.105
   1.117
   1.146
   1.210
   1.279
   1.373
   1.465
   1.519
   1.547
   1.572
   1.616
   1.686
   1.782
   1.896
   2.019
   2.148
   2.267
   2.373
   2.460
   2.529
   2.581
   2.620
   2.638
   2.649
   2.652
   2.644
   2.634
   2.635
   2.652
   2.677
   2.705
   2.725
   2.734
   2.719
   2.695
   2.679
   2.657
   2.654
   2.665
   2.688
   2.710
   2.731
   2.750
   2.773
   2.806
   2.863
   2.940
   3.017
   3.078
   3.117
   3.149
   3.174
   3.198
   3.212
   3.191
   2.920
   0.000
 -65.534
 -65.534
 -65.534
 -65.534
 -65.534
 -65.534
 -65.534
 -65.534
 -65.534
 -65.534
 -65.534
 -65.534
 -65.534
 -65.534
 -65.534
   1.180
   1.225
   1.285
   1.374
   1.462
   1.476
   1.500
   1.535
   1.595
   1.684
   1.791
   1.904
   2.018
   2.123
   2.207
   2.271
   2.323
   2.362
   2.393
   2.413
   2.421
   2.421
   2.410
   2.407
   2.417
   2.442
   2.476
   2.513
   2.549
   2.570
   2.576
   2.572
   2.573
   2.574
   2.584
   2.612
   2.652
   2.691
   2.727
   2.765
   2.792
   2.823
   2.870
   2.930
   2.979
   3.016
   3.041
   3.062
   3.084
   3.101
   3.111
   3.087
   2.807
   0.000
 -65.534
 -65.534
 -65.534
 -65.534
 -65.534
 -65.534
 -65.534
 -65.534
 -65.534
 -65.534
 -65.534
 -65.534
 -65.534
 -65.534
 -65.534
 -65.534
 -65.534
 -65.534
 -65.534
   1.493
   1.480
   1.492
   1.523
   1.583
   1.661
   1.753
   1.850
   1.943
   2.024
   2.085
   2.128
   2.157
   2.185
   2.209
   2.230
   2.241
   2.247
   2.242
   2.240
   2.253
   2.282
   2.319
   2.358
   2.397
   2.431
   2.445
   2.458
   2.476
   2.498
   2.522
   2.559
   2.607
   2.655
   2.698
   2.738
   2.775
   2.806
   2.850
   2.892
   2.915
   2.932
   2.945
   2.956
   2.966
   2.975
   2.983
   2.959
   2.665
   0.000
 -65.534
 -65.534
 -65.534
 -65.534
 -65.534
 -65.534
 -65.534
 -65.534
 -65.534
 -65.534
 -65.534
 -65.534
 -65.534
 -65.534
 -65.534
 -65.534
 -65.534
 -65.534
   1.481
   1.578
   1.534
   1.536
   1.562
   1.619
   1.691
   1.768
   1.846
   1.918
   1.973
   2.008
   2.029
   2.045
   2.057
   2.071
   2.087
   2.104
   2.119
   2.122
   2.128
   2.144
   2.175
   2.214
   2.257
   2.296
   2.327
   2.344
   2.362
   2.389
   2.423
   2.461
   2.505
   2.551
   2.599
   2.642
   2.679
   2.721
   2.759
   2.798
   2.825
   2.831
   2.835
   2.841
   2.837
   2.832
   2.826
   2.817
   2.779
   2.465
   0.000
 -65.534
 -65.534
 -65.534
 -65.534
 -65.534
 -65.534
 -65.534
 -65.534
 -65.534
 -65.534
 -65.534
 -65.534
 -65.534
 -65.534
 -65.534
 -65.534
 -65.534
   1.560
   1.676
   1.637
   1.607
   1.593
   1.611
   1.664
   1.727
   1.793
   1.858
   1.910
   1.948
   1.968
   1.974
   1.970
   1.968
   1.966
   1.971
   1.986
   1.999
   2.008
   2.023
   2.050
   2.090
   2.141
   2.191
   2.232
   2.258
   2.273
   2.288
   2.316
   2.351
   2.388
   2.431
   2.475
   2.516
   2.556
   2.595
   2.642
   2.685
   2.718
   2.733
   2.731
   2.725
   2.720
   2.706
   2.688
   2.665
   2.629
   2.560
   2.217
   0.000
 -65.534
 -65.534
 -65.534
 -65.534
 -65.534
 -65.534
 -65.534
 -65.534
 -65.534
 -65.534
 -65.534
 -65.534
 -65.534
 -65.534
 -65.534
 -65.534
 -65.534
   1.751
   1.747
   1.696
   1.668
   1.644
   1.646
   1.683
   1.736
   1.793
   1.847
   1.892
   1.919
   1.931
   1.929
   1.915
   1.893
   1.874
   1.857
   1.856
   1.862
   1.872
   1.895
   1.932
   1.985
   2.047
   2.110
   2.160
   2.186
   2.202
   2.217
   2.246
   2.277
   2.311
   2.344
   2.369
   2.392
   2.431
   2.467
   2.512
   2.565
   2.604
   2.616
   2.610
   2.601
   2.590
   2.566
   2.531
   2.489
   2.428
   2.325
   1.928
   0.000
 -65.534
 -65.534
 -65.534
 -65.534
 -65.534
 -65.534
 -65.534
 -65.534
 -65.534
 -65.534
 -65.534
 -65.534
 -65.534
 -65.534
 -65.534
 -65.534
 -65.534
   1.814
   1.794
   1.754
   1.721
   1.696
   1.682
   1.694
   1.728
   1.766
   1.808
   1.843
   1.867
   1.877
   1.870
   1.847
   1.814
   1.777
   1.741
   1.719
   1.713
   1.723
   1.752
   1.797
   1.857
   1.923
   1.989
   2.041
   2.076
   2.098
   2.125
   2.162
   2.195
   2.232
   2.264
   2.283
   2.308
   2.331
   2.358
   2.386
   2.428
   2.465
   2.488
   2.487
   2.479
   2.458
   2.426
   2.379
   2.296
   2.200
   2.045
   1.629
   0.000
 -65.534
 -65.534
 -65.534
 -65.534
 -65.534
 -65.534
 -65.534
 -65.534
 -65.534
 -65.534
 -65.534
 -65.534
 -65.534
 -65.534
 -65.534
 -65.534
 -65.534
   1.824
   1.819
   1.791
   1.771
   1.742
   1.719
   1.705
   1.703
   1.729
   1.753
   1.781
   1.800
   1.807
   1.797
   1.767
   1.725
   1.681
   1.638
   1.610
   1.601
   1.613
   1.647
   1.692
   1.746
   1.803
   1.860
   1.910
   1.946
   1.983
   2.020
   2.058
   2.096
   2.133
   2.162
   2.185
   2.206
   2.217
   2.228
   2.244
   2.264
   2.299
   2.322
   2.333
   2.332
   2.312
   2.268
   2.205
   2.106
   1.975
   1.784
   1.331
   0.000
 -65.534
 -65.534
 -65.534
 -65.534
 -65.534
 -65.534
 -65.534
 -65.534
 -65.534
 -65.534
 -65.534
 -65.534
 -65.534
 -65.534
 -65.534
 -65.534
 -65.534
 -65.534
   1.781
   1.789
   1.775
   1.754
   1.725
   1.693
   1.670
   1.668
   1.680
   1.698
   1.711
   1.715
   1.702
   1.665
   1.623
   1.584
   1.548
   1.527
   1.526
   1.541
   1.577
   1.623
   1.671
   1.712
   1.753
   1.791
   1.824
   1.857
   1.896
   1.935
   1.979
   2.014
   2.045
   2.059
   2.070
   2.072
   2.074
   2.075
   2.093
   2.118
   2.140
   2.158
   2.157
   2.138
   2.084
   2.006
   1.896
   1.731
   1.508
   1.053
   0.000
 -65.534
 -65.534
 -65.534
 -65.534
 -65.534
 -65.534
 -65.534
 -65.534
 -65.534
 -65.534
 -65.534
 -65.534
 -65.534
 -65.534
 -65.534
 -65.534
 -65.534
 -65.534
 -65.534
   1.709
   1.725
   1.711
   1.689
   1.650
   1.617
   1.593
   1.585
   1.584
   1.588
   1.579
   1.555
   1.515
   1.475
   1.439
   1.430
   1.445
   1.480
   1.505
   1.536
   1.590
   1.617
   1.644
   1.671
   1.688
   1.711
   1.740
   1.772
   1.801
   1.834
   1.865
   1.899
   1.910
   1.917
   1.920
   1.921
   1.921
   1.928
   1.943
   1.965
   1.979
   1.970
   1.937
   1.874
   1.774
   1.646
   1.476
   1.233
   0.786
   0.000
 -65.534
 -65.534
 -65.534
 -65.534
 -65.534
 -65.534
 -65.534
 -65.534
 -65.534
 -65.534
 -65.534
 -65.534
 -65.534
 -65.534
 -65.534
 -65.534
 -65.534
 -65.534
 -65.534
 -65.534
   1.604
   1.612
   1.598
   1.579
   1.548
   1.515
   1.492
   1.467
   1.438
   1.395
   1.337
   1.264
   1.167
   1.045
   0.881
   0.544
 -65.534
 -65.534
 -65.534
 -65.534
   1.688
   1.684
   1.653
   1.638
   1.638
   1.650
   1.663
   1.681
   1.694
   1.710
   1.729
   1.734
   1.734
   1.735
   1.729
   1.727
   1.727
   1.740
   1.750
   1.754
   1.739
   1.696
   1.620
   1.512
   1.371
   1.195
   0.963
   0.544
   0.000
 -65.534
 -65.534
 -65.534
 -65.534
 -65.534
 -65.534
 -65.534
 -65.534
 -65.534
 -65.534
 -65.534
 -65.534
 -65.534
 -65.534
 -65.534
 -65.534
 -65.534
 -65.534
 -65.534
 -65.534
 -65.534
 -65.534
 -65.534
 -65.534
   1.452
   1.414
   1.380
   1.335
   1.281
   1.211
   1.124
   1.016
   0.884
   0.721
   0.506
   0.194
 -65.534
 -65.534
 -65.534
 -65.534
 -65.534
 -65.534
   1.679
   1.611
   1.580
   1.573
   1.560
   1.547
   1.547
   1.541
   1.538
   1.540
   1.535
   1.522
   1.513
   1.496
   1.481
   1.477
   1.480
   1.474
   1.454
   1.404
   1.324
   1.214
   1.076
   0.907
   0.685
   0.311
   0.000
 -65.534
 -65.534
 -65.534
 -65.534
 -65.534
 -65.534
 -65.534
 -65.534
 -65.534
 -65.534
 -65.534
 -65.534
 -65.534
 -65.534
 -65.534
 -65.534
 -65.534
 -65.534
 -65.534
 -65.534
 -65.534
 -65.534
 -65.534
 -65.534
   1.304
   1.269
   1.224
   1.174
   1.117
   1.029
   0.927
   0.808
   0.667
   0.505
   0.327
   0.121
 -65.534
 -65.534
 -65.534
 -65.534
 -65.534
 -65.534
 -65.534
   1.548
   1.508
   1.498
   1.450
   1.419
   1.403
   1.388
   1.378
   1.371
   1.354
   1.332
   1.300
   1.263
   1.228
   1.205
   1.192
   1.170
   1.131
   1.073
   0.991
   0.885
   0.754
   0.595
   0.392
   0.057
   0.000
 -65.534
 -65.534
 -65.534
 -65.534
 -65.534
 -65.534
 -65.534
 -65.534
 -65.534
 -65.534
 -65.534
 -65.534
 -65.534
 -65.534
 -65.534
 -65.534
 -65.534
 -65.534
 -65.534
 -65.534
 -65.534
 -65.534
 -65.534
 -65.534
 -65.534
 -65.534
 -65.534
 -65.534
 -65.534
   0.915
   0.762
   0.649
   0.525
   0.391
   0.263
   0.112
  -0.119
 -65.534
 -65.534
 -65.534
 -65.534
 -65.534
 -65.534
   1.135
   0.838
 -65.534
   1.305
   1.311
   1.300
   1.268
   1.242
   1.225
   1.198
   1.162
   1.113
   1.058
   1.001
   0.955
   0.918
   0.879
   0.824
   0.753
   0.660
   0.546
   0.413
   0.256
   0.062
  -0.241
   0.000
 -65.534
 -65.534
 -65.534
 -65.534
 -65.534
 -65.534
 -65.534
 -65.534
 -65.534
 -65.534
 -65.534
 -65.534
 -65.534
 -65.534
 -65.534
 -65.534
 -65.534
 -65.534
 -65.534
 -65.534
 -65.534
 -65.534
 -65.534
 -65.534
 -65.534
 -65.534
 -65.534
 -65.534
 -65.534
 -65.534
 -65.534
 -65.534
   0.514
   0.359
   0.249
   0.128
  -0.083
  -0.158
 -65.534
 -65.534
 -65.534
 -65.534
 -65.534
 -65.534
 -65.534
 -65.534
 -65.534
 -65.534
 -65.534
   1.164
   1.159
   1.125
   1.087
   1.031
   0.963
   0.878
   0.797
   0.732
   0.672
   0.614
   0.538
   0.451
   0.343
   0.216
   0.073
  -0.092
  -0.292
  -0.575
   0.000
 -65.534
 -65.534
 -65.534
 -65.534
 -65.534
 -65.534
 -65.534
 -65.534
 -65.534
 -65.534
 -65.534
 -65.534
 -65.534
 -65.534
 -65.534
 -65.534
 -65.534
 -65.534
 -65.534
 -65.534
 -65.534
 -65.534
 -65.534
 -65.534
 -65.534
 -65.534
 -65.534
 -65.534
 -65.534
 -65.534
 -65.534
 -65.534
   0.484
   0.346
   0.236
   0.121
  -0.048
  -0.161
  -0.184
  -0.141
 -65.534
 -65.534
 -65.534
 -65.534
 -65.534
 -65.534
 -65.534
 -65.534
 -65.534
 -65.534
 -65.534
 -65.534
   0.975
   0.925
   0.841
   0.713
   0.611
   0.524
   0.444
   0.359
   0.259
   0.151
   0.029
  -0.117
  -0.273
  -0.429
  -0.618
  -0.887
   0.000
 -65.534
 -65.534
 -65.534
 -65.534
 -65.534
 -65.534
 -65.534
 -65.534
 -65.534
 -65.534
 -65.534
 -65.534
 -65.534
 -65.534
 -65.534
 -65.534
 -65.534
 -65.534
 -65.534
 -65.534
 -65.534
 -65.534
 -65.534
 -65.534
 -65.534
 -65.534
 -65.534
 -65.534
 -65.534
 -65.534
 -65.534
 -65.534
 -65.534
 -65.534
 -65.534
 -65.534
   0.033
  -0.098
  -0.161
  -0.197
  -0.202
  -0.186
  -0.195
  -0.240
  -0.300
 -65.534
 -65.534
 -65.534
 -65.534
 -65.534
 -65.534
 -65.534
 -65.534
 -65.534
 -65.534
   0.548
   0.449
   0.356
   0.251
   0.120
  -0.013
  -0.145
  -0.289
  -0.447
  -0.606
  -0.760
  -0.941
  -1.187
   0.000
 -65.534
 -65.534
 -65.534
 -65.534
 -65.534
 -65.534
 -65.534
 -65.534
 -65.534
 -65.534
 -65.534
 -65.534
 -65.534
 -65.534
 -65.534
 -65.534
 -65.534
 -65.534
 -65.534
 -65.534
 -65.534
 -65.534
 -65.534
 -65.534
 -65.534
 -65.534
 -65.534
 -65.534
 -65.534
 -65.534
 -65.534
 -65.534
 -65.534
 -65.534
 -65.534
 -65.534
 -65.534
 -65.534
 -65.534
 -65.534
  -0.128
 -65.534
 -65.534
 -65.534
 -65.534
 -65.534
 -65.534
 -65.534
 -65.534
 -65.534
 -65.534
 -65.534
 -65.534
 -65.534
 -65.534
   0.332
   0.267
   0.203
   0.104
  -0.058
  -0.230
  -0.406
  -0.566
  -0.733
  -0.899
  -1.052
  -1.226
  -1.461
   0.000
 -65.534
 -65.534
 -65.534
 -65.534
 -65.534
 -65.534
 -65.534
 -65.534
 -65.534
 -65.534
 -65.534
 -65.534
 -65.534
 -65.534
 -65.534
 -65.534
 -65.534
 -65.534
 -65.534
 -65.534
 -65.534
 -65.534
 -65.534
 -65.534
 -65.534
 -65.534
 -65.534
 -65.534
 -65.534
 -65.534
 -65.534
 -65.534
 -65.534
 -65.534
 -65.534
 -65.534
 -65.534
 -65.534
 -65.534
 -65.534
 -65.534
 -65.534
 -65.534
 -65.534
 -65.534
 -65.534
 -65.534
 -65.534
 -65.534
 -65.534
 -65.534
 -65.534
 -65.534
 -65.534
 -65.534
 -65.534
 -65.534
 -65.534
 -65.534
  -0.059
  -0.363
  -0.587
  -0.772
  -0.938
  -1.093
  -1.247
  -1.403
  -1.617
   0.000
 -65.534
 -65.534
 -65.534
 -65.534
 -65.534
 -65.534
 -65.534
 -65.534
 -65.534
 -65.534
 -65.534
 -65.534
 -65.534
 -65.534
 -65.534
 -65.534
 -65.534
 -65.534
 -65.534
 -65.534
 -65.534
 -65.534
 -65.534
 -65.534
 -65.534
 -65.534
 -65.534
 -65.534
 -65.534
 -65.534
 -65.534
 -65.534
 -65.534
 -65.534
 -65.534
 -65.534
 -65.534
 -65.534
 -65.534
 -65.534
 -65.534
 -65.534
 -65.534
 -65.534
 -65.534
 -65.534
 -65.534
 -65.534
 -65.534
 -65.534
 -65.534
 -65.534
 -65.534
 -65.534
 -65.534
 -65.534
 -65.534
 -65.534
 -65.534
 -65.534
 -65.534
   0.000
   0.000
   0.000
   0.000
   0.000
   0.000
   0.000
 -65.534
