 -65.534
   0.000
   0.000
   0.000
   0.000
   0.000
   0.000
   0.000
   0.000
   0.000
   0.000
   0.000
   0.000
   0.000
   0.000
   0.000
   0.000
   0.000
   0.000
   0.000
   0.000
   0.000
   0.000
   0.000
   0.000
   0.000
   0.000
   0.000
   0.000
   0.000
   0.000
   0.000
   0.000
   0.000
   0.000
   0.000
   0.000
   0.000
   0.000
   0.000
   0.000
   0.000
   0.000
   0.000
   0.000
   0.000
   0.000
   0.000
   0.000
   0.000
   0.000
   0.000
   0.000
   0.000
   0.000
   0.000
   0.000
   0.000
   0.000
   0.000
   0.000
   0.000
   0.000
   0.000
   0.000
   0.000
   0.000
   0.000
 -65.534
   0.000
   1.212
   1.357
   1.450
   1.545
   1.629
   1.700
   1.763
   1.821
   1.872
   1.915
   1.952
   1.982
   2.005
   2.027
   2.047
   2.067
   2.091
   2.118
   2.137
   2.151
   2.160
   2.169
   2.169
   2.190
   2.214
   2.231
   2.233
   2.226
   2.217
   2.205
   2.187
   2.167
   2.138
   2.107
   2.058
   1.998
   1.923
   1.832
   1.731
   1.625
   1.508
   1.376
   1.230
   1.080
   0.951
   0.863
   0.814
   0.799
   0.800
   0.801
   0.799
   0.796
   0.794
   0.817
   0.816
   0.825
   0.820
   0.822
   0.824
   0.819
   0.816
   0.818
   0.816
   0.788
   0.775
   0.748
   0.698
   0.000
   0.000
   1.250
   1.386
   1.469
   1.563
   1.654
   1.741
   1.821
   1.898
   1.970
   2.032
   2.084
   2.122
   2.152
   2.174
   2.194
   2.211
   2.234
   2.258
   2.283
   2.302
   2.316
   2.326
   2.329
   2.349
   2.373
   2.397
   2.413
   2.419
   2.424
   2.425
   2.422
   2.412
   2.396
   2.364
   2.313
   2.240
   2.143
   2.024
   1.898
   1.773
   1.649
   1.513
   1.364
   1.212
   1.093
   1.020
   0.991
   0.985
   0.992
   1.002
   1.008
   1.015
   1.019
   1.023
   1.025
   1.031
   1.037
   1.036
   1.032
   1.029
   1.022
   1.016
   1.006
   0.982
   0.954
   0.922
   0.859
   0.000
   0.000
   1.198
   1.322
   1.394
   1.481
   1.570
   1.660
   1.753
   1.842
   1.931
   2.012
   2.077
   2.125
   2.159
   2.180
   2.196
   2.211
   2.231
   2.258
   2.285
   2.309
   2.328
   2.345
   2.362
   2.383
   2.410
   2.435
   2.457
   2.473
   2.488
   2.501
   2.503
   2.506
   2.502
   2.477
   2.423
   2.345
   2.234
   2.100
   1.960
   1.820
   1.683
   1.543
   1.398
   1.264
   1.175
   1.128
   1.111
   1.108
   1.112
   1.119
   1.124
   1.130
   1.135
   1.139
   1.141
   1.152
   1.152
   1.142
   1.136
   1.128
   1.124
   1.120
   1.110
   1.099
   1.076
   1.046
   0.965
   0.000
   0.000
   1.137
   1.249
   1.311
   1.389
   1.469
   1.558
   1.650
   1.746
   1.845
   1.935
   2.011
   2.071
   2.110
   2.135
   2.150
   2.164
   2.184
   2.209
   2.240
   2.270
   2.299
   2.326
   2.353
   2.379
   2.415
   2.449
   2.477
   2.503
   2.528
   2.548
   2.558
   2.569
   2.575
   2.559
   2.517
   2.438
   2.323
   2.183
   2.036
   1.888
   1.740
   1.596
   1.456
   1.335
   1.261
   1.224
   1.210
   1.206
   1.206
   1.210
   1.216
   1.220
   1.224
   1.228
   1.234
   1.239
   1.237
   1.224
   1.213
   1.207
   1.204
   1.206
   1.207
   1.201
   1.183
   1.149
   1.055
   0.000
   0.000
   1.075
   1.181
   1.238
   1.308
   1.382
   1.462
   1.551
   1.645
   1.743
   1.835
   1.917
   1.980
   2.024
   2.057
   2.078
   2.097
   2.118
   2.143
   2.172
   2.206
   2.238
   2.273
   2.307
   2.352
   2.394
   2.433
   2.472
   2.508
   2.540
   2.565
   2.580
   2.597
   2.610
   2.605
   2.572
   2.507
   2.399
   2.265
   2.120
   1.970
   1.813
   1.663
   1.529
   1.414
   1.343
   1.308
   1.295
   1.291
   1.291
   1.298
   1.304
   1.312
   1.319
   1.322
   1.326
   1.327
   1.320
   1.301
   1.288
   1.280
   1.282
   1.285
   1.289
   1.288
   1.269
   1.233
   1.127
   0.000
   0.000
   1.015
   1.117
   1.173
   1.240
   1.310
   1.387
   1.469
   1.558
   1.651
   1.739
   1.818
   1.882
   1.934
   1.972
   2.001
   2.027
   2.052
   2.077
   2.103
   2.132
   2.167
   2.207
   2.251
   2.302
   2.349
   2.398
   2.447
   2.490
   2.532
   2.562
   2.583
   2.598
   2.614
   2.617
   2.596
   2.546
   2.461
   2.347
   2.220
   2.077
   1.919
   1.764
   1.623
   1.510
   1.432
   1.392
   1.376
   1.376
   1.379
   1.386
   1.395
   1.406
   1.415
   1.416
   1.418
   1.418
   1.405
   1.380
   1.362
   1.355
   1.353
   1.356
   1.357
   1.352
   1.329
   1.290
   1.178
   0.000
   0.000
   0.957
   1.057
   1.112
   1.182
   1.253
   1.327
   1.403
   1.486
   1.571
   1.655
   1.730
   1.798
   1.852
   1.896
   1.931
   1.963
   1.991
   2.017
   2.043
   2.071
   2.100
   2.138
   2.185
   2.236
   2.291
   2.348
   2.404
   2.456
   2.504
   2.541
   2.564
   2.581
   2.598
   2.605
   2.599
   2.570
   2.509
   2.420
   2.316
   2.199
   2.059
   1.906
   1.759
   1.631
   1.542
   1.493
   1.470
   1.463
   1.466
   1.472
   1.483
   1.494
   1.501
   1.503
   1.502
   1.494
   1.477
   1.452
   1.430
   1.417
   1.412
   1.409
   1.404
   1.391
   1.368
   1.322
   1.209
   0.000
   0.000
   0.901
   1.003
   1.059
   1.127
   1.199
   1.272
   1.346
   1.423
   1.505
   1.584
   1.657
   1.725
   1.783
   1.830
   1.871
   1.908
   1.939
   1.968
   1.994
   2.019
   2.048
   2.081
   2.123
   2.174
   2.230
   2.292
   2.355
   2.409
   2.461
   2.503
   2.531
   2.553
   2.575
   2.591
   2.597
   2.588
   2.552
   2.489
   2.410
   2.313
   2.196
   2.064
   1.926
   1.793
   1.687
   1.617
   1.580
   1.564
   1.559
   1.562
   1.567
   1.577
   1.581
   1.579
   1.571
   1.561
   1.539
   1.510
   1.488
   1.471
   1.461
   1.448
   1.436
   1.414
   1.384
   1.336
   1.222
   0.000
   0.000
   0.842
   0.948
   1.007
   1.076
   1.144
   1.217
   1.290
   1.364
   1.442
   1.520
   1.593
   1.661
   1.724
   1.776
   1.820
   1.861
   1.898
   1.928
   1.957
   1.984
   2.009
   2.039
   2.076
   2.122
   2.177
   2.235
   2.298
   2.353
   2.407
   2.452
   2.487
   2.517
   2.544
   2.571
   2.597
   2.606
   2.587
   2.545
   2.488
   2.412
   2.313
   2.203
   2.079
   1.954
   1.844
   1.760
   1.707
   1.675
   1.658
   1.650
   1.650
   1.652
   1.651
   1.644
   1.630
   1.615
   1.591
   1.560
   1.536
   1.516
   1.501
   1.478
   1.457
   1.428
   1.390
   1.339
   1.222
   0.000
   0.000
   0.776
   0.887
   0.947
   1.018
   1.088
   1.159
   1.232
   1.305
   1.381
   1.458
   1.534
   1.606
   1.672
   1.729
   1.778
   1.820
   1.860
   1.895
   1.927
   1.955
   1.983
   2.010
   2.040
   2.081
   2.129
   2.183
   2.237
   2.294
   2.347
   2.396
   2.437
   2.477
   2.516
   2.557
   2.595
   2.620
   2.619
   2.591
   2.548
   2.481
   2.398
   2.298
   2.191
   2.075
   1.969
   1.883
   1.820
   1.778
   1.746
   1.726
   1.718
   1.709
   1.698
   1.679
   1.662
   1.642
   1.617
   1.588
   1.566
   1.548
   1.529
   1.502
   1.474
   1.439
   1.394
   1.338
   1.221
   0.000
   0.000
   0.700
   0.820
   0.883
   0.952
   1.023
   1.095
   1.169
   1.240
   1.314
   1.392
   1.472
   1.549
   1.620
   1.683
   1.736
   1.783
   1.823
   1.861
   1.894
   1.928
   1.959
   1.987
   2.015
   2.051
   2.094
   2.139
   2.191
   2.243
   2.293
   2.345
   2.395
   2.444
   2.493
   2.545
   2.595
   2.633
   2.643
   2.626
   2.589
   2.531
   2.456
   2.369
   2.269
   2.164
   2.065
   1.981
   1.914
   1.861
   1.820
   1.791
   1.768
   1.748
   1.725
   1.698
   1.671
   1.646
   1.622
   1.599
   1.578
   1.564
   1.548
   1.524
   1.493
   1.454
   1.406
   1.346
   1.224
   0.000
   0.000
   0.602
   0.739
   0.805
   0.881
   0.950
   1.024
   1.098
   1.169
   1.242
   1.319
   1.399
   1.478
   1.556
   1.624
   1.680
   1.730
   1.776
   1.815
   1.854
   1.889
   1.925
   1.956
   1.988
   2.025
   2.063
   2.105
   2.149
   2.198
   2.247
   2.299
   2.356
   2.414
   2.470
   2.530
   2.587
   2.628
   2.648
   2.639
   2.611
   2.563
   2.495
   2.417
   2.326
   2.228
   2.135
   2.052
   1.985
   1.928
   1.879
   1.839
   1.808
   1.776
   1.742
   1.704
   1.668
   1.638
   1.617
   1.599
   1.588
   1.581
   1.571
   1.553
   1.523
   1.483
   1.431
   1.361
   1.230
   0.000
 -65.534
 -65.534
   0.605
   0.724
   0.791
   0.864
   0.941
   1.014
   1.086
   1.157
   1.232
   1.308
   1.386
   1.463
   1.533
   1.596
   1.652
   1.701
   1.745
   1.788
   1.829
   1.868
   1.905
   1.944
   1.984
   2.026
   2.063
   2.104
   2.148
   2.199
   2.251
   2.310
   2.373
   2.431
   2.492
   2.550
   2.592
   2.617
   2.619
   2.605
   2.568
   2.511
   2.445
   2.365
   2.272
   2.184
   2.100
   2.031
   1.972
   1.920
   1.871
   1.827
   1.789
   1.746
   1.701
   1.658
   1.624
   1.605
   1.597
   1.595
   1.595
   1.591
   1.584
   1.560
   1.524
   1.468
   1.393
   1.249
   0.000
 -65.534
 -65.534
 -65.534
   0.586
   0.703
   0.771
   0.847
   0.925
   0.991
   1.061
   1.132
   1.203
   1.275
   1.345
   1.414
   1.478
   1.539
   1.595
   1.647
   1.696
   1.740
   1.783
   1.827
   1.871
   1.917
   1.963
   2.006
   2.046
   2.088
   2.137
   2.189
   2.249
   2.314
   2.376
   2.437
   2.491
   2.534
   2.563
   2.577
   2.575
   2.556
   2.516
   2.459
   2.391
   2.306
   2.214
   2.136
   2.067
   2.004
   1.945
   1.897
   1.844
   1.793
   1.738
   1.686
   1.641
   1.610
   1.591
   1.588
   1.593
   1.603
   1.610
   1.609
   1.599
   1.568
   1.518
   1.437
   1.277
   0.000
 -65.534
 -65.534
 -65.534
 -65.534
   0.587
   0.680
   0.747
   0.816
   0.887
   0.953
   1.023
   1.091
   1.156
   1.218
   1.279
   1.340
   1.403
   1.462
   1.519
   1.571
   1.621
   1.667
   1.713
   1.763
   1.813
   1.864
   1.913
   1.956
   2.002
   2.049
   2.102
   2.162
   2.229
   2.294
   2.351
   2.406
   2.456
   2.486
   2.511
   2.523
   2.520
   2.501
   2.459
   2.401
   2.326
   2.242
   2.163
   2.096
   2.033
   1.973
   1.912
   1.854
   1.792
   1.732
   1.674
   1.630
   1.599
   1.584
   1.586
   1.598
   1.614
   1.628
   1.637
   1.628
   1.604
   1.563
   1.494
   1.328
   0.000
 -65.534
 -65.534
 -65.534
 -65.534
   0.495
   0.586
   0.647
   0.707
   0.768
   0.837
   0.906
   0.973
   1.036
   1.092
   1.145
   1.198
   1.256
   1.315
   1.371
   1.423
   1.474
   1.520
   1.568
   1.617
   1.671
   1.725
   1.773
   1.824
   1.873
   1.922
   1.980
   2.044
   2.111
   2.179
   2.239
   2.293
   2.345
   2.390
   2.421
   2.442
   2.457
   2.455
   2.433
   2.391
   2.328
   2.253
   2.180
   2.115
   2.057
   1.994
   1.928
   1.864
   1.803
   1.740
   1.687
   1.643
   1.615
   1.601
   1.601
   1.616
   1.634
   1.654
   1.664
   1.660
   1.635
   1.596
   1.539
   1.382
   0.000
 -65.534
 -65.534
 -65.534
 -65.534
   0.415
   0.496
   0.550
   0.600
   0.653
   0.712
   0.779
   0.847
   0.912
   0.965
   1.014
   1.060
   1.107
   1.158
   1.213
   1.266
   1.314
   1.358
   1.401
   1.447
   1.497
   1.544
   1.597
   1.651
   1.707
   1.765
   1.827
   1.893
   1.959
   2.024
   2.086
   2.149
   2.208
   2.257
   2.301
   2.336
   2.361
   2.373
   2.375
   2.347
   2.299
   2.239
   2.178
   2.117
   2.064
   2.006
   1.943
   1.880
   1.822
   1.767
   1.719
   1.681
   1.655
   1.642
   1.644
   1.652
   1.667
   1.685
   1.694
   1.687
   1.662
   1.623
   1.567
   1.412
   0.000
 -65.534
 -65.534
 -65.534
 -65.534
   0.330
   0.387
   0.430
   0.480
   0.540
   0.589
   0.647
   0.711
   0.776
   0.832
   0.876
   0.915
   0.959
   1.008
   1.058
   1.106
   1.149
   1.186
   1.222
   1.262
   1.305
   1.352
   1.401
   1.458
   1.519
   1.578
   1.639
   1.702
   1.764
   1.829
   1.895
   1.962
   2.026
   2.088
   2.141
   2.187
   2.220
   2.244
   2.256
   2.248
   2.221
   2.182
   2.140
   2.094
   2.049
   2.001
   1.947
   1.895
   1.844
   1.802
   1.763
   1.731
   1.710
   1.697
   1.694
   1.700
   1.710
   1.719
   1.720
   1.704
   1.677
   1.637
   1.574
   1.424
   0.000
 -65.534
 -65.534
 -65.534
 -65.534
 -65.534
 -65.534
 -65.534
 -65.534
   0.411
   0.472
   0.522
   0.577
   0.635
   0.692
   0.737
   0.775
   0.815
   0.859
   0.908
   0.953
   0.989
   1.017
   1.046
   1.077
   1.116
   1.161
   1.210
   1.262
   1.318
   1.374
   1.432
   1.488
   1.542
   1.604
   1.669
   1.741
   1.811
   1.881
   1.945
   2.001
   2.049
   2.088
   2.114
   2.124
   2.116
   2.095
   2.067
   2.041
   2.011
   1.974
   1.936
   1.897
   1.862
   1.829
   1.802
   1.784
   1.768
   1.758
   1.753
   1.750
   1.750
   1.746
   1.734
   1.710
   1.682
   1.643
   1.574
   1.406
   0.000
 -65.534
 -65.534
 -65.534
 -65.534
 -65.534
 -65.534
   0.166
   0.218
   0.315
   0.375
   0.415
   0.460
   0.506
   0.557
   0.603
   0.645
   0.688
   0.730
   0.773
   0.809
   0.834
   0.856
   0.880
   0.910
   0.943
   0.987
   1.036
   1.087
   1.137
   1.185
   1.229
   1.273
   1.318
   1.370
   1.432
   1.503
   1.586
   1.664
   1.741
   1.812
   1.873
   1.924
   1.963
   1.989
   1.999
   1.992
   1.977
   1.961
   1.937
   1.911
   1.887
   1.864
   1.843
   1.824
   1.810
   1.800
   1.791
   1.781
   1.775
   1.767
   1.759
   1.746
   1.725
   1.700
   1.670
   1.630
   1.569
   1.398
   0.000
 -65.534
 -65.534
 -65.534
 -65.534
 -65.534
 -65.534
 -65.534
 -65.534
 -65.534
   0.280
   0.318
   0.348
   0.378
   0.417
   0.463
   0.531
   0.575
   0.617
   0.655
   0.681
   0.696
   0.713
   0.736
   0.769
   0.807
   0.848
   0.895
   0.943
   0.984
   1.022
   1.052
   1.082
   1.114
   1.156
   1.209
   1.281
   1.366
   1.457
   1.547
   1.629
   1.705
   1.767
   1.818
   1.853
   1.871
   1.872
   1.860
   1.847
   1.828
   1.810
   1.796
   1.784
   1.775
   1.766
   1.759
   1.753
   1.745
   1.737
   1.729
   1.716
   1.701
   1.681
   1.667
   1.646
   1.612
   1.568
   1.510
   1.369
   0.000
 -65.534
 -65.534
 -65.534
 -65.534
 -65.534
 -65.534
 -65.534
 -65.534
 -65.534
 -65.534
 -65.534
 -65.534
 -65.534
 -65.534
 -65.534
   0.360
   0.434
   0.483
   0.527
   0.571
   0.589
   0.606
   0.633
   0.668
   0.711
   0.760
   0.807
   0.844
   0.878
   0.902
   0.920
   0.935
   0.953
   0.980
   1.021
   1.086
   1.172
   1.272
   1.381
   1.478
   1.561
   1.629
   1.682
   1.722
   1.744
   1.750
   1.742
   1.727
   1.710
   1.693
   1.679
   1.672
   1.668
   1.666
   1.664
   1.662
   1.654
   1.643
   1.629
   1.609
   1.590
   1.573
   1.563
   1.550
   1.527
   1.494
   1.447
   1.310
   0.000
 -65.534
 -65.534
 -65.534
 -65.534
 -65.534
 -65.534
 -65.534
 -65.534
 -65.534
 -65.534
 -65.534
 -65.534
 -65.534
 -65.534
 -65.534
 -65.534
 -65.534
 -65.534
 -65.534
   0.460
   0.512
   0.541
   0.579
   0.625
   0.672
   0.722
   0.767
   0.801
   0.826
   0.834
   0.838
   0.842
   0.849
   0.865
   0.893
   0.943
   1.020
   1.121
   1.239
   1.350
   1.442
   1.516
   1.572
   1.615
   1.638
   1.645
   1.636
   1.622
   1.606
   1.589
   1.575
   1.567
   1.562
   1.558
   1.555
   1.548
   1.537
   1.520
   1.498
   1.472
   1.451
   1.440
   1.436
   1.434
   1.423
   1.403
   1.364
   1.235
   0.000
 -65.534
 -65.534
 -65.534
 -65.534
 -65.534
 -65.534
 -65.534
 -65.534
 -65.534
 -65.534
 -65.534
 -65.534
 -65.534
 -65.534
 -65.534
 -65.534
 -65.534
 -65.534
   0.345
   0.438
   0.481
   0.522
   0.569
   0.623
   0.677
   0.727
   0.769
   0.801
   0.817
   0.821
   0.814
   0.810
   0.811
   0.818
   0.833
   0.865
   0.927
   1.020
   1.134
   1.245
   1.342
   1.421
   1.482
   1.526
   1.549
   1.551
   1.540
   1.526
   1.512
   1.502
   1.494
   1.487
   1.480
   1.470
   1.454
   1.433
   1.413
   1.386
   1.354
   1.323
   1.299
   1.289
   1.290
   1.298
   1.302
   1.295
   1.270
   1.144
   0.000
 -65.534
 -65.534
 -65.534
 -65.534
 -65.534
 -65.534
 -65.534
 -65.534
 -65.534
 -65.534
 -65.534
 -65.534
 -65.534
 -65.534
 -65.534
 -65.534
 -65.534
   0.336
   0.408
   0.452
   0.487
   0.531
   0.585
   0.641
   0.696
   0.747
   0.789
   0.817
   0.829
   0.831
   0.825
   0.816
   0.815
   0.817
   0.824
   0.842
   0.881
   0.955
   1.051
   1.152
   1.247
   1.330
   1.398
   1.448
   1.473
   1.467
   1.452
   1.437
   1.428
   1.421
   1.416
   1.413
   1.402
   1.389
   1.368
   1.347
   1.318
   1.281
   1.237
   1.196
   1.160
   1.139
   1.137
   1.150
   1.164
   1.171
   1.161
   1.062
   0.000
 -65.534
 -65.534
 -65.534
 -65.534
 -65.534
 -65.534
 -65.534
 -65.534
 -65.534
 -65.534
 -65.534
 -65.534
 -65.534
 -65.534
 -65.534
 -65.534
 -65.534
   0.383
   0.427
   0.460
   0.496
   0.539
   0.595
   0.651
   0.701
   0.750
   0.789
   0.815
   0.830
   0.834
   0.832
   0.823
   0.818
   0.814
   0.817
   0.827
   0.856
   0.912
   0.984
   1.066
   1.152
   1.233
   1.307
   1.360
   1.389
   1.382
   1.368
   1.353
   1.345
   1.343
   1.341
   1.336
   1.328
   1.315
   1.297
   1.275
   1.249
   1.214
   1.167
   1.123
   1.080
   1.046
   1.025
   1.021
   1.030
   1.042
   1.041
   0.971
   0.000
 -65.534
 -65.534
 -65.534
 -65.534
 -65.534
 -65.534
 -65.534
 -65.534
 -65.534
 -65.534
 -65.534
 -65.534
 -65.534
 -65.534
 -65.534
 -65.534
 -65.534
   0.391
   0.428
   0.454
   0.489
   0.529
   0.581
   0.633
   0.675
   0.714
   0.749
   0.775
   0.790
   0.799
   0.800
   0.794
   0.790
   0.787
   0.789
   0.802
   0.831
   0.875
   0.933
   1.001
   1.073
   1.145
   1.209
   1.259
   1.286
   1.286
   1.277
   1.270
   1.267
   1.267
   1.269
   1.269
   1.265
   1.255
   1.240
   1.224
   1.203
   1.176
   1.142
   1.102
   1.061
   1.018
   0.981
   0.953
   0.944
   0.939
   0.931
   0.874
   0.000
 -65.534
 -65.534
 -65.534
 -65.534
 -65.534
 -65.534
 -65.534
 -65.534
 -65.534
 -65.534
 -65.534
 -65.534
 -65.534
 -65.534
 -65.534
 -65.534
 -65.534
   0.378
   0.421
   0.446
   0.475
   0.511
   0.553
   0.592
   0.624
   0.649
   0.676
   0.698
   0.715
   0.728
   0.736
   0.733
   0.735
   0.740
   0.752
   0.774
   0.806
   0.852
   0.906
   0.964
   1.024
   1.081
   1.132
   1.171
   1.194
   1.201
   1.197
   1.193
   1.193
   1.195
   1.199
   1.203
   1.202
   1.197
   1.188
   1.175
   1.162
   1.146
   1.123
   1.100
   1.069
   1.036
   1.001
   0.964
   0.932
   0.899
   0.867
   0.799
   0.000
 -65.534
 -65.534
 -65.534
 -65.534
 -65.534
 -65.534
 -65.534
 -65.534
 -65.534
 -65.534
 -65.534
 -65.534
 -65.534
 -65.534
 -65.534
 -65.534
 -65.534
 -65.534
   0.405
   0.433
   0.460
   0.489
   0.520
   0.544
   0.561
   0.574
   0.591
   0.607
   0.621
   0.634
   0.646
   0.646
   0.657
   0.674
   0.700
   0.735
   0.778
   0.827
   0.880
   0.936
   0.990
   1.034
   1.075
   1.105
   1.126
   1.134
   1.133
   1.130
   1.129
   1.129
   1.132
   1.131
   1.131
   1.127
   1.122
   1.115
   1.111
   1.106
   1.097
   1.087
   1.069
   1.050
   1.026
   0.996
   0.960
   0.921
   0.873
   0.781
   0.000
 -65.534
 -65.534
 -65.534
 -65.534
 -65.534
 -65.534
 -65.534
 -65.534
 -65.534
 -65.534
 -65.534
 -65.534
 -65.534
 -65.534
 -65.534
 -65.534
 -65.534
 -65.534
 -65.534
   0.408
   0.441
   0.463
   0.482
   0.496
   0.503
   0.514
   0.528
   0.537
   0.544
   0.551
   0.552
   0.552
   0.563
   0.587
   0.622
   0.669
   0.718
   0.767
   0.817
   0.878
   0.940
   0.979
   1.015
   1.045
   1.065
   1.076
   1.076
   1.073
   1.068
   1.064
   1.062
   1.058
   1.058
   1.056
   1.052
   1.051
   1.050
   1.051
   1.052
   1.052
   1.048
   1.037
   1.025
   1.005
   0.977
   0.939
   0.890
   0.779
   0.000
 -65.534
 -65.534
 -65.534
 -65.534
 -65.534
 -65.534
 -65.534
 -65.534
 -65.534
 -65.534
 -65.534
 -65.534
 -65.534
 -65.534
 -65.534
 -65.534
 -65.534
 -65.534
 -65.534
 -65.534
   0.372
   0.439
   0.459
   0.467
   0.475
   0.485
   0.498
   0.502
   0.505
   0.504
   0.493
   0.483
   0.480
   0.484
   0.483
   0.448
 -65.534
 -65.534
 -65.534
 -65.534
   0.784
   0.883
   0.942
   0.978
   1.005
   1.015
   1.015
   1.010
   1.000
   0.993
   0.987
   0.983
   0.979
   0.978
   0.978
   0.980
   0.983
   0.988
   0.994
   1.000
   1.000
   0.999
   0.993
   0.982
   0.958
   0.925
   0.884
   0.773
   0.000
 -65.534
 -65.534
 -65.534
 -65.534
 -65.534
 -65.534
 -65.534
 -65.534
 -65.534
 -65.534
 -65.534
 -65.534
 -65.534
 -65.534
 -65.534
 -65.534
 -65.534
 -65.534
 -65.534
 -65.534
 -65.534
 -65.534
 -65.534
 -65.534
   0.419
   0.457
   0.472
   0.477
   0.478
   0.476
   0.465
   0.456
   0.446
   0.437
   0.417
   0.375
 -65.534
 -65.534
 -65.534
 -65.534
 -65.534
 -65.534
   0.816
   0.902
   0.932
   0.944
   0.938
   0.923
   0.913
   0.901
   0.896
   0.895
   0.896
   0.896
   0.899
   0.906
   0.910
   0.916
   0.925
   0.932
   0.939
   0.938
   0.933
   0.924
   0.906
   0.877
   0.839
   0.742
   0.000
 -65.534
 -65.534
 -65.534
 -65.534
 -65.534
 -65.534
 -65.534
 -65.534
 -65.534
 -65.534
 -65.534
 -65.534
 -65.534
 -65.534
 -65.534
 -65.534
 -65.534
 -65.534
 -65.534
 -65.534
 -65.534
 -65.534
 -65.534
 -65.534
   0.359
   0.409
   0.428
   0.442
   0.451
   0.453
   0.442
   0.434
   0.427
   0.416
   0.400
   0.368
 -65.534
 -65.534
 -65.534
 -65.534
 -65.534
 -65.534
 -65.534
   0.772
   0.823
   0.831
   0.835
   0.818
   0.808
   0.803
   0.803
   0.807
   0.814
   0.821
   0.830
   0.838
   0.846
   0.852
   0.858
   0.862
   0.865
   0.864
   0.856
   0.845
   0.826
   0.801
   0.770
   0.688
   0.000
 -65.534
 -65.534
 -65.534
 -65.534
 -65.534
 -65.534
 -65.534
 -65.534
 -65.534
 -65.534
 -65.534
 -65.534
 -65.534
 -65.534
 -65.534
 -65.534
 -65.534
 -65.534
 -65.534
 -65.534
 -65.534
 -65.534
 -65.534
 -65.534
 -65.534
 -65.534
 -65.534
 -65.534
 -65.534
   0.388
   0.396
   0.401
   0.406
   0.401
   0.389
   0.360
   0.220
 -65.534
 -65.534
 -65.534
 -65.534
 -65.534
 -65.534
   0.557
   0.529
 -65.534
   0.664
   0.680
   0.689
   0.712
   0.716
   0.728
   0.739
   0.752
   0.765
   0.778
   0.787
   0.790
   0.791
   0.790
   0.789
   0.785
   0.775
   0.760
   0.742
   0.716
   0.690
   0.624
   0.000
 -65.534
 -65.534
 -65.534
 -65.534
 -65.534
 -65.534
 -65.534
 -65.534
 -65.534
 -65.534
 -65.534
 -65.534
 -65.534
 -65.534
 -65.534
 -65.534
 -65.534
 -65.534
 -65.534
 -65.534
 -65.534
 -65.534
 -65.534
 -65.534
 -65.534
 -65.534
 -65.534
 -65.534
 -65.534
 -65.534
 -65.534
 -65.534
   0.352
   0.371
   0.371
   0.343
   0.265
   0.183
 -65.534
 -65.534
 -65.534
 -65.534
 -65.534
 -65.534
 -65.534
 -65.534
 -65.534
 -65.534
 -65.534
   0.549
   0.599
   0.628
   0.669
   0.682
   0.698
   0.710
   0.714
   0.717
   0.714
   0.712
   0.708
   0.704
   0.693
   0.681
   0.665
   0.646
   0.622
   0.572
   0.000
 -65.534
 -65.534
 -65.534
 -65.534
 -65.534
 -65.534
 -65.534
 -65.534
 -65.534
 -65.534
 -65.534
 -65.534
 -65.534
 -65.534
 -65.534
 -65.534
 -65.534
 -65.534
 -65.534
 -65.534
 -65.534
 -65.534
 -65.534
 -65.534
 -65.534
 -65.534
 -65.534
 -65.534
 -65.534
 -65.534
 -65.534
 -65.534
   0.300
   0.326
   0.332
   0.315
   0.271
   0.223
   0.174
   0.137
 -65.534
 -65.534
 -65.534
 -65.534
 -65.534
 -65.534
 -65.534
 -65.534
 -65.534
 -65.534
 -65.534
 -65.534
   0.495
   0.552
   0.579
   0.617
   0.621
   0.622
   0.621
   0.621
   0.620
   0.619
   0.616
   0.609
   0.599
   0.582
   0.563
   0.526
   0.000
 -65.534
 -65.534
 -65.534
 -65.534
 -65.534
 -65.534
 -65.534
 -65.534
 -65.534
 -65.534
 -65.534
 -65.534
 -65.534
 -65.534
 -65.534
 -65.534
 -65.534
 -65.534
 -65.534
 -65.534
 -65.534
 -65.534
 -65.534
 -65.534
 -65.534
 -65.534
 -65.534
 -65.534
 -65.534
 -65.534
 -65.534
 -65.534
 -65.534
 -65.534
 -65.534
 -65.534
   0.200
   0.204
   0.190
   0.172
   0.142
   0.123
   0.113
   0.107
   0.106
 -65.534
 -65.534
 -65.534
 -65.534
 -65.534
 -65.534
 -65.534
 -65.534
 -65.534
 -65.534
   0.459
   0.501
   0.513
   0.519
   0.527
   0.532
   0.536
   0.539
   0.541
   0.536
   0.527
   0.509
   0.480
   0.000
 -65.534
 -65.534
 -65.534
 -65.534
 -65.534
 -65.534
 -65.534
 -65.534
 -65.534
 -65.534
 -65.534
 -65.534
 -65.534
 -65.534
 -65.534
 -65.534
 -65.534
 -65.534
 -65.534
 -65.534
 -65.534
 -65.534
 -65.534
 -65.534
 -65.534
 -65.534
 -65.534
 -65.534
 -65.534
 -65.534
 -65.534
 -65.534
 -65.534
 -65.534
 -65.534
 -65.534
 -65.534
 -65.534
 -65.534
 -65.534
   0.106
 -65.534
 -65.534
 -65.534
 -65.534
 -65.534
 -65.534
 -65.534
 -65.534
 -65.534
 -65.534
 -65.534
 -65.534
 -65.534
 -65.534
   0.346
   0.380
   0.395
   0.404
   0.431
   0.442
   0.448
   0.455
   0.460
   0.461
   0.458
   0.444
   0.423
   0.000
 -65.534
 -65.534
 -65.534
 -65.534
 -65.534
 -65.534
 -65.534
 -65.534
 -65.534
 -65.534
 -65.534
 -65.534
 -65.534
 -65.534
 -65.534
 -65.534
 -65.534
 -65.534
 -65.534
 -65.534
 -65.534
 -65.534
 -65.534
 -65.534
 -65.534
 -65.534
 -65.534
 -65.534
 -65.534
 -65.534
 -65.534
 -65.534
 -65.534
 -65.534
 -65.534
 -65.534
 -65.534
 -65.534
 -65.534
 -65.534
 -65.534
 -65.534
 -65.534
 -65.534
 -65.534
 -65.534
 -65.534
 -65.534
 -65.534
 -65.534
 -65.534
 -65.534
 -65.534
 -65.534
 -65.534
 -65.534
 -65.534
 -65.534
 -65.534
   0.301
   0.325
   0.334
   0.337
   0.342
   0.350
   0.356
   0.349
   0.340
   0.000
 -65.534
 -65.534
 -65.534
 -65.534
 -65.534
 -65.534
 -65.534
 -65.534
 -65.534
 -65.534
 -65.534
 -65.534
 -65.534
 -65.534
 -65.534
 -65.534
 -65.534
 -65.534
 -65.534
 -65.534
 -65.534
 -65.534
 -65.534
 -65.534
 -65.534
 -65.534
 -65.534
 -65.534
 -65.534
 -65.534
 -65.534
 -65.534
 -65.534
 -65.534
 -65.534
 -65.534
 -65.534
 -65.534
 -65.534
 -65.534
 -65.534
 -65.534
 -65.534
 -65.534
 -65.534
 -65.534
 -65.534
 -65.534
 -65.534
 -65.534
 -65.534
 -65.534
 -65.534
 -65.534
 -65.534
 -65.534
 -65.534
 -65.534
 -65.534
 -65.534
 -65.534
   0.000
   0.000
   0.000
   0.000
   0.000
   0.000
   0.000
 -65.534
