 -65.534
   0.000
   0.000
   0.000
   0.000
   0.000
   0.000
   0.000
   0.000
   0.000
   0.000
   0.000
   0.000
   0.000
   0.000
   0.000
   0.000
   0.000
   0.000
   0.000
   0.000
   0.000
   0.000
   0.000
   0.000
   0.000
   0.000
   0.000
   0.000
   0.000
   0.000
   0.000
   0.000
   0.000
   0.000
   0.000
   0.000
   0.000
   0.000
   0.000
   0.000
   0.000
   0.000
   0.000
   0.000
   0.000
   0.000
   0.000
   0.000
   0.000
   0.000
   0.000
   0.000
   0.000
   0.000
   0.000
   0.000
   0.000
   0.000
   0.000
   0.000
   0.000
   0.000
   0.000
   0.000
   0.000
   0.000
   0.000
 -65.534
   0.000
   1.208
   1.361
   1.450
   1.545
   1.637
   1.717
   1.786
   1.844
   1.889
   1.923
   1.948
   1.972
   1.998
   2.022
   2.047
   2.075
   2.106
   2.142
   2.179
   2.213
   2.244
   2.273
   2.289
   2.307
   2.312
   2.308
   2.288
   2.256
   2.223
   2.190
   2.156
   2.120
   2.076
   2.023
   1.954
   1.872
   1.779
   1.680
   1.580
   1.480
   1.383
   1.287
   1.185
   1.073
   0.962
   0.863
   0.787
   0.747
   0.739
   0.758
   0.802
   0.856
   0.928
   1.002
   1.044
   1.069
   1.067
   1.025
   0.977
   0.948
   0.910
   0.864
   0.835
   0.822
   0.790
   0.749
   0.709
   0.000
   0.000
   1.291
   1.436
   1.515
   1.611
   1.702
   1.792
   1.874
   1.947
   2.008
   2.058
   2.094
   2.121
   2.143
   2.161
   2.179
   2.199
   2.225
   2.255
   2.286
   2.317
   2.344
   2.373
   2.391
   2.404
   2.411
   2.409
   2.397
   2.376
   2.354
   2.326
   2.296
   2.262
   2.221
   2.167
   2.089
   1.987
   1.871
   1.744
   1.623
   1.508
   1.400
   1.297
   1.194
   1.089
   0.983
   0.895
   0.841
   0.827
   0.853
   0.899
   0.967
   1.049
   1.128
   1.187
   1.223
   1.242
   1.235
   1.201
   1.156
   1.111
   1.069
   1.030
   0.996
   0.966
   0.932
   0.905
   0.860
   0.000
   0.000
   1.269
   1.409
   1.480
   1.569
   1.657
   1.746
   1.835
   1.917
   1.988
   2.046
   2.088
   2.116
   2.134
   2.146
   2.157
   2.173
   2.192
   2.218
   2.249
   2.282
   2.314
   2.344
   2.369
   2.387
   2.400
   2.404
   2.400
   2.387
   2.370
   2.353
   2.327
   2.298
   2.260
   2.201
   2.119
   2.014
   1.886
   1.751
   1.617
   1.492
   1.375
   1.261
   1.159
   1.064
   0.979
   0.915
   0.880
   0.879
   0.911
   0.968
   1.037
   1.119
   1.197
   1.248
   1.275
   1.292
   1.281
   1.243
   1.194
   1.151
   1.110
   1.075
   1.040
   1.010
   0.993
   0.975
   0.926
   0.000
   0.000
   1.240
   1.370
   1.435
   1.514
   1.597
   1.683
   1.771
   1.856
   1.933
   1.999
   2.045
   2.077
   2.095
   2.105
   2.110
   2.119
   2.134
   2.159
   2.189
   2.226
   2.263
   2.303
   2.338
   2.363
   2.384
   2.398
   2.403
   2.398
   2.392
   2.374
   2.352
   2.323
   2.285
   2.227
   2.142
   2.031
   1.897
   1.751
   1.614
   1.490
   1.369
   1.256
   1.157
   1.072
   1.005
   0.958
   0.935
   0.935
   0.965
   1.011
   1.071
   1.139
   1.208
   1.250
   1.273
   1.285
   1.272
   1.233
   1.190
   1.151
   1.109
   1.076
   1.053
   1.040
   1.031
   1.019
   0.964
   0.000
   0.000
   1.206
   1.329
   1.389
   1.464
   1.540
   1.622
   1.704
   1.788
   1.866
   1.933
   1.980
   2.013
   2.032
   2.041
   2.044
   2.051
   2.065
   2.088
   2.120
   2.158
   2.202
   2.247
   2.291
   2.331
   2.364
   2.388
   2.402
   2.408
   2.406
   2.394
   2.371
   2.341
   2.298
   2.239
   2.151
   2.038
   1.899
   1.750
   1.610
   1.486
   1.374
   1.273
   1.186
   1.116
   1.060
   1.021
   0.999
   0.995
   1.009
   1.044
   1.090
   1.145
   1.191
   1.220
   1.236
   1.245
   1.231
   1.195
   1.155
   1.125
   1.094
   1.070
   1.060
   1.058
   1.056
   1.046
   0.983
   0.000
   0.000
   1.169
   1.291
   1.345
   1.417
   1.489
   1.564
   1.645
   1.726
   1.800
   1.864
   1.912
   1.945
   1.965
   1.971
   1.976
   1.985
   1.998
   2.021
   2.052
   2.091
   2.140
   2.190
   2.243
   2.292
   2.335
   2.369
   2.396
   2.411
   2.417
   2.410
   2.386
   2.351
   2.307
   2.243
   2.156
   2.045
   1.908
   1.760
   1.619
   1.497
   1.393
   1.308
   1.232
   1.174
   1.130
   1.095
   1.072
   1.059
   1.060
   1.074
   1.102
   1.136
   1.170
   1.188
   1.198
   1.202
   1.189
   1.156
   1.123
   1.099
   1.078
   1.068
   1.061
   1.066
   1.069
   1.055
   0.985
   0.000
   0.000
   1.130
   1.249
   1.305
   1.373
   1.441
   1.516
   1.591
   1.669
   1.742
   1.805
   1.852
   1.884
   1.905
   1.915
   1.920
   1.930
   1.947
   1.970
   2.000
   2.037
   2.084
   2.136
   2.192
   2.248
   2.297
   2.343
   2.378
   2.401
   2.416
   2.413
   2.394
   2.362
   2.315
   2.251
   2.166
   2.058
   1.928
   1.785
   1.646
   1.526
   1.425
   1.345
   1.284
   1.235
   1.196
   1.167
   1.142
   1.123
   1.109
   1.106
   1.113
   1.127
   1.143
   1.153
   1.161
   1.164
   1.151
   1.128
   1.105
   1.080
   1.065
   1.058
   1.060
   1.066
   1.073
   1.060
   0.985
   0.000
   0.000
   1.079
   1.204
   1.260
   1.329
   1.397
   1.469
   1.542
   1.618
   1.692
   1.755
   1.803
   1.836
   1.859
   1.870
   1.878
   1.888
   1.907
   1.929
   1.958
   1.994
   2.039
   2.089
   2.145
   2.204
   2.257
   2.306
   2.349
   2.382
   2.400
   2.409
   2.397
   2.370
   2.332
   2.272
   2.193
   2.095
   1.972
   1.835
   1.700
   1.577
   1.473
   1.390
   1.331
   1.290
   1.259
   1.232
   1.207
   1.185
   1.165
   1.149
   1.141
   1.139
   1.138
   1.139
   1.142
   1.144
   1.130
   1.104
   1.087
   1.069
   1.056
   1.050
   1.055
   1.063
   1.068
   1.058
   0.981
   0.000
   0.000
   1.019
   1.146
   1.208
   1.279
   1.347
   1.419
   1.493
   1.570
   1.644
   1.708
   1.759
   1.795
   1.820
   1.835
   1.844
   1.856
   1.874
   1.897
   1.927
   1.963
   2.006
   2.055
   2.107
   2.163
   2.219
   2.271
   2.319
   2.358
   2.387
   2.403
   2.402
   2.385
   2.358
   2.307
   2.240
   2.155
   2.043
   1.912
   1.782
   1.657
   1.545
   1.455
   1.388
   1.346
   1.314
   1.291
   1.270
   1.246
   1.224
   1.198
   1.184
   1.171
   1.160
   1.151
   1.148
   1.142
   1.124
   1.095
   1.074
   1.058
   1.047
   1.043
   1.046
   1.057
   1.061
   1.054
   0.977
   0.000
   0.000
   0.948
   1.078
   1.146
   1.223
   1.293
   1.363
   1.439
   1.516
   1.592
   1.660
   1.714
   1.758
   1.786
   1.805
   1.816
   1.831
   1.848
   1.870
   1.898
   1.935
   1.978
   2.025
   2.076
   2.129
   2.184
   2.238
   2.291
   2.336
   2.375
   2.403
   2.413
   2.409
   2.393
   2.358
   2.306
   2.235
   2.138
   2.016
   1.890
   1.766
   1.651
   1.549
   1.470
   1.414
   1.375
   1.349
   1.329
   1.307
   1.279
   1.248
   1.235
   1.214
   1.189
   1.168
   1.157
   1.143
   1.117
   1.084
   1.060
   1.046
   1.037
   1.032
   1.037
   1.046
   1.053
   1.048
   0.972
   0.000
   0.000
   0.878
   1.007
   1.078
   1.155
   1.226
   1.300
   1.375
   1.451
   1.527
   1.599
   1.658
   1.710
   1.747
   1.771
   1.786
   1.801
   1.819
   1.838
   1.865
   1.902
   1.947
   1.993
   2.046
   2.100
   2.155
   2.213
   2.270
   2.324
   2.376
   2.412
   2.435
   2.442
   2.439
   2.418
   2.382
   2.324
   2.240
   2.133
   2.019
   1.899
   1.779
   1.672
   1.580
   1.507
   1.455
   1.418
   1.392
   1.370
   1.339
   1.305
   1.285
   1.255
   1.223
   1.188
   1.158
   1.132
   1.102
   1.069
   1.049
   1.038
   1.035
   1.036
   1.043
   1.054
   1.061
   1.050
   0.972
   0.000
   0.000
   0.795
   0.939
   1.008
   1.080
   1.152
   1.225
   1.299
   1.371
   1.446
   1.516
   1.582
   1.639
   1.689
   1.722
   1.744
   1.760
   1.778
   1.795
   1.824
   1.858
   1.903
   1.952
   2.007
   2.065
   2.124
   2.186
   2.249
   2.311
   2.371
   2.421
   2.455
   2.476
   2.485
   2.474
   2.448
   2.402
   2.331
   2.238
   2.138
   2.029
   1.916
   1.806
   1.704
   1.617
   1.548
   1.500
   1.462
   1.433
   1.400
   1.365
   1.339
   1.302
   1.256
   1.207
   1.160
   1.120
   1.090
   1.063
   1.048
   1.049
   1.057
   1.065
   1.078
   1.090
   1.095
   1.075
   0.980
   0.000
 -65.534
 -65.534
   0.807
   0.933
   0.996
   1.066
   1.135
   1.208
   1.279
   1.349
   1.417
   1.482
   1.542
   1.598
   1.640
   1.673
   1.694
   1.717
   1.737
   1.763
   1.799
   1.844
   1.895
   1.954
   2.018
   2.085
   2.152
   2.220
   2.287
   2.353
   2.409
   2.454
   2.489
   2.507
   2.504
   2.483
   2.447
   2.386
   2.310
   2.221
   2.128
   2.027
   1.923
   1.818
   1.722
   1.638
   1.574
   1.523
   1.484
   1.445
   1.407
   1.366
   1.322
   1.267
   1.209
   1.152
   1.106
   1.075
   1.062
   1.064
   1.075
   1.097
   1.122
   1.143
   1.156
   1.153
   1.121
   1.007
   0.000
 -65.534
 -65.534
 -65.534
   0.786
   0.906
   0.971
   1.042
   1.109
   1.173
   1.239
   1.304
   1.366
   1.425
   1.481
   1.529
   1.569
   1.600
   1.627
   1.653
   1.684
   1.721
   1.767
   1.824
   1.886
   1.955
   2.027
   2.102
   2.175
   2.247
   2.317
   2.379
   2.429
   2.472
   2.495
   2.497
   2.489
   2.462
   2.412
   2.347
   2.275
   2.196
   2.106
   2.011
   1.908
   1.804
   1.712
   1.634
   1.572
   1.518
   1.471
   1.424
   1.375
   1.322
   1.258
   1.190
   1.138
   1.100
   1.074
   1.070
   1.084
   1.113
   1.146
   1.178
   1.205
   1.221
   1.217
   1.177
   1.041
   0.000
 -65.534
 -65.534
 -65.534
 -65.534
   0.772
   0.874
   0.940
   1.000
   1.059
   1.122
   1.183
   1.240
   1.299
   1.353
   1.405
   1.448
   1.487
   1.518
   1.549
   1.581
   1.621
   1.671
   1.727
   1.793
   1.868
   1.946
   2.028
   2.105
   2.177
   2.247
   2.312
   2.369
   2.417
   2.447
   2.461
   2.461
   2.445
   2.411
   2.359
   2.296
   2.230
   2.157
   2.069
   1.969
   1.862
   1.767
   1.678
   1.605
   1.544
   1.488
   1.433
   1.374
   1.312
   1.249
   1.187
   1.138
   1.110
   1.098
   1.104
   1.130
   1.167
   1.209
   1.241
   1.266
   1.278
   1.274
   1.231
   1.069
   0.000
 -65.534
 -65.534
 -65.534
 -65.534
   0.664
   0.772
   0.832
   0.885
   0.940
   0.998
   1.057
   1.113
   1.168
   1.224
   1.277
   1.323
   1.363
   1.398
   1.429
   1.462
   1.500
   1.547
   1.603
   1.668
   1.742
   1.828
   1.913
   1.993
   2.069
   2.141
   2.210
   2.270
   2.322
   2.365
   2.390
   2.399
   2.394
   2.373
   2.329
   2.278
   2.224
   2.164
   2.088
   1.996
   1.895
   1.794
   1.707
   1.626
   1.557
   1.495
   1.432
   1.369
   1.310
   1.252
   1.204
   1.170
   1.156
   1.153
   1.170
   1.201
   1.239
   1.278
   1.307
   1.323
   1.324
   1.313
   1.268
   1.092
   0.000
 -65.534
 -65.534
 -65.534
 -65.534
   0.563
   0.665
   0.719
   0.769
   0.818
   0.875
   0.932
   0.988
   1.041
   1.095
   1.147
   1.196
   1.237
   1.273
   1.303
   1.333
   1.364
   1.404
   1.453
   1.512
   1.582
   1.666
   1.751
   1.835
   1.914
   1.996
   2.071
   2.138
   2.199
   2.246
   2.287
   2.313
   2.318
   2.306
   2.275
   2.234
   2.185
   2.129
   2.076
   1.997
   1.903
   1.806
   1.715
   1.636
   1.563
   1.495
   1.430
   1.368
   1.315
   1.272
   1.238
   1.218
   1.214
   1.224
   1.248
   1.278
   1.313
   1.345
   1.365
   1.368
   1.354
   1.328
   1.273
   1.104
   0.000
 -65.534
 -65.534
 -65.534
 -65.534
   0.432
   0.524
   0.578
   0.636
   0.698
   0.748
   0.806
   0.862
   0.915
   0.965
   1.015
   1.063
   1.107
   1.146
   1.178
   1.202
   1.224
   1.251
   1.288
   1.338
   1.402
   1.479
   1.562
   1.647
   1.731
   1.816
   1.896
   1.970
   2.035
   2.099
   2.149
   2.187
   2.209
   2.211
   2.194
   2.164
   2.127
   2.083
   2.032
   1.968
   1.893
   1.815
   1.731
   1.650
   1.577
   1.508
   1.442
   1.387
   1.341
   1.305
   1.281
   1.271
   1.278
   1.295
   1.323
   1.355
   1.383
   1.404
   1.409
   1.398
   1.369
   1.327
   1.268
   1.108
   0.000
 -65.534
 -65.534
 -65.534
 -65.534
 -65.534
 -65.534
 -65.534
 -65.534
   0.542
   0.624
   0.680
   0.732
   0.788
   0.835
   0.884
   0.932
   0.979
   1.024
   1.057
   1.080
   1.091
   1.105
   1.129
   1.169
   1.223
   1.290
   1.365
   1.447
   1.534
   1.619
   1.704
   1.782
   1.855
   1.926
   1.985
   2.034
   2.066
   2.083
   2.081
   2.071
   2.052
   2.023
   1.985
   1.938
   1.885
   1.818
   1.741
   1.669
   1.604
   1.540
   1.481
   1.430
   1.390
   1.361
   1.343
   1.339
   1.349
   1.371
   1.403
   1.433
   1.455
   1.465
   1.453
   1.427
   1.385
   1.336
   1.279
   1.136
   0.000
 -65.534
 -65.534
 -65.534
 -65.534
 -65.534
 -65.534
   0.178
   0.276
   0.426
   0.507
   0.559
   0.611
   0.664
   0.715
   0.760
   0.813
   0.865
   0.911
   0.944
   0.961
   0.969
   0.975
   0.992
   1.020
   1.061
   1.121
   1.187
   1.265
   1.346
   1.432
   1.513
   1.594
   1.674
   1.746
   1.813
   1.870
   1.914
   1.942
   1.959
   1.966
   1.963
   1.950
   1.932
   1.903
   1.864
   1.809
   1.749
   1.692
   1.631
   1.569
   1.516
   1.474
   1.441
   1.418
   1.406
   1.411
   1.422
   1.445
   1.476
   1.504
   1.520
   1.519
   1.500
   1.469
   1.424
   1.373
   1.317
   1.157
   0.000
 -65.534
 -65.534
 -65.534
 -65.534
 -65.534
 -65.534
 -65.534
 -65.534
 -65.534
   0.354
   0.415
   0.465
   0.515
   0.568
   0.632
   0.707
   0.760
   0.809
   0.841
   0.856
   0.861
   0.868
   0.883
   0.912
   0.951
   0.995
   1.049
   1.113
   1.183
   1.258
   1.335
   1.414
   1.496
   1.575
   1.645
   1.708
   1.756
   1.792
   1.820
   1.841
   1.858
   1.866
   1.860
   1.849
   1.824
   1.785
   1.737
   1.689
   1.637
   1.586
   1.543
   1.510
   1.485
   1.468
   1.461
   1.465
   1.477
   1.500
   1.522
   1.541
   1.550
   1.541
   1.526
   1.500
   1.459
   1.407
   1.356
   1.167
   0.000
 -65.534
 -65.534
 -65.534
 -65.534
 -65.534
 -65.534
 -65.534
 -65.534
 -65.534
 -65.534
 -65.534
 -65.534
 -65.534
 -65.534
 -65.534
   0.519
   0.608
   0.663
   0.713
   0.758
   0.774
   0.791
   0.815
   0.844
   0.878
   0.918
   0.958
   1.003
   1.056
   1.113
   1.175
   1.248
   1.325
   1.406
   1.482
   1.548
   1.603
   1.647
   1.692
   1.723
   1.749
   1.765
   1.775
   1.775
   1.764
   1.740
   1.705
   1.668
   1.628
   1.583
   1.547
   1.519
   1.498
   1.489
   1.491
   1.498
   1.512
   1.529
   1.545
   1.549
   1.546
   1.536
   1.525
   1.503
   1.462
   1.413
   1.359
   1.170
   0.000
 -65.534
 -65.534
 -65.534
 -65.534
 -65.534
 -65.534
 -65.534
 -65.534
 -65.534
 -65.534
 -65.534
 -65.534
 -65.534
 -65.534
 -65.534
 -65.534
 -65.534
 -65.534
 -65.534
   0.637
   0.707
   0.745
   0.783
   0.818
   0.846
   0.874
   0.904
   0.935
   0.966
   0.996
   1.040
   1.097
   1.172
   1.255
   1.338
   1.410
   1.468
   1.518
   1.562
   1.604
   1.635
   1.660
   1.682
   1.694
   1.693
   1.678
   1.655
   1.629
   1.600
   1.562
   1.528
   1.501
   1.483
   1.478
   1.482
   1.495
   1.511
   1.525
   1.531
   1.524
   1.512
   1.502
   1.490
   1.468
   1.438
   1.387
   1.315
   1.135
   0.000
 -65.534
 -65.534
 -65.534
 -65.534
 -65.534
 -65.534
 -65.534
 -65.534
 -65.534
 -65.534
 -65.534
 -65.534
 -65.534
 -65.534
 -65.534
 -65.534
 -65.534
 -65.534
   0.476
   0.616
   0.674
   0.727
   0.775
   0.811
   0.839
   0.858
   0.876
   0.890
   0.905
   0.918
   0.939
   0.982
   1.047
   1.129
   1.214
   1.293
   1.358
   1.407
   1.452
   1.491
   1.529
   1.564
   1.592
   1.611
   1.615
   1.604
   1.581
   1.559
   1.535
   1.511
   1.480
   1.453
   1.434
   1.428
   1.426
   1.437
   1.453
   1.467
   1.467
   1.453
   1.440
   1.431
   1.416
   1.402
   1.373
   1.324
   1.251
   1.063
   0.000
 -65.534
 -65.534
 -65.534
 -65.534
 -65.534
 -65.534
 -65.534
 -65.534
 -65.534
 -65.534
 -65.534
 -65.534
 -65.534
 -65.534
 -65.534
 -65.534
 -65.534
   0.442
   0.551
   0.614
   0.672
   0.728
   0.779
   0.818
   0.843
   0.859
   0.868
   0.870
   0.871
   0.872
   0.880
   0.903
   0.957
   1.031
   1.111
   1.187
   1.248
   1.301
   1.343
   1.384
   1.424
   1.467
   1.508
   1.535
   1.538
   1.523
   1.497
   1.473
   1.451
   1.429
   1.402
   1.376
   1.351
   1.336
   1.335
   1.345
   1.357
   1.363
   1.357
   1.344
   1.328
   1.320
   1.312
   1.304
   1.284
   1.245
   1.176
   0.989
   0.000
 -65.534
 -65.534
 -65.534
 -65.534
 -65.534
 -65.534
 -65.534
 -65.534
 -65.534
 -65.534
 -65.534
 -65.534
 -65.534
 -65.534
 -65.534
 -65.534
 -65.534
   0.495
   0.564
   0.614
   0.671
   0.728
   0.780
   0.819
   0.844
   0.854
   0.857
   0.852
   0.845
   0.840
   0.836
   0.846
   0.882
   0.940
   1.006
   1.074
   1.132
   1.180
   1.222
   1.261
   1.305
   1.352
   1.400
   1.440
   1.451
   1.436
   1.409
   1.385
   1.362
   1.337
   1.312
   1.276
   1.244
   1.224
   1.214
   1.216
   1.225
   1.228
   1.216
   1.199
   1.190
   1.188
   1.188
   1.186
   1.176
   1.150
   1.093
   0.910
   0.000
 -65.534
 -65.534
 -65.534
 -65.534
 -65.534
 -65.534
 -65.534
 -65.534
 -65.534
 -65.534
 -65.534
 -65.534
 -65.534
 -65.534
 -65.534
 -65.534
 -65.534
   0.492
   0.555
   0.601
   0.654
   0.710
   0.764
   0.804
   0.824
   0.832
   0.829
   0.819
   0.806
   0.796
   0.790
   0.786
   0.808
   0.845
   0.895
   0.950
   1.003
   1.047
   1.088
   1.127
   1.170
   1.218
   1.270
   1.311
   1.328
   1.320
   1.300
   1.281
   1.262
   1.242
   1.217
   1.184
   1.155
   1.130
   1.111
   1.100
   1.099
   1.094
   1.079
   1.063
   1.053
   1.053
   1.058
   1.065
   1.068
   1.056
   1.008
   0.850
   0.000
 -65.534
 -65.534
 -65.534
 -65.534
 -65.534
 -65.534
 -65.534
 -65.534
 -65.534
 -65.534
 -65.534
 -65.534
 -65.534
 -65.534
 -65.534
 -65.534
 -65.534
   0.469
   0.531
   0.577
   0.628
   0.680
   0.729
   0.766
   0.781
   0.786
   0.781
   0.772
   0.757
   0.744
   0.736
   0.729
   0.736
   0.760
   0.795
   0.839
   0.884
   0.925
   0.964
   1.003
   1.042
   1.087
   1.132
   1.171
   1.193
   1.194
   1.181
   1.169
   1.154
   1.137
   1.119
   1.094
   1.068
   1.041
   1.016
   0.996
   0.981
   0.974
   0.959
   0.943
   0.932
   0.930
   0.936
   0.943
   0.949
   0.944
   0.912
   0.787
   0.000
 -65.534
 -65.534
 -65.534
 -65.534
 -65.534
 -65.534
 -65.534
 -65.534
 -65.534
 -65.534
 -65.534
 -65.534
 -65.534
 -65.534
 -65.534
 -65.534
 -65.534
 -65.534
   0.482
   0.545
   0.594
   0.642
   0.683
   0.709
   0.715
   0.715
   0.711
   0.703
   0.691
   0.683
   0.676
   0.667
   0.674
   0.690
   0.716
   0.751
   0.786
   0.823
   0.858
   0.893
   0.930
   0.966
   1.005
   1.041
   1.063
   1.071
   1.067
   1.057
   1.047
   1.033
   1.021
   1.000
   0.979
   0.954
   0.929
   0.907
   0.891
   0.880
   0.865
   0.852
   0.837
   0.830
   0.827
   0.826
   0.825
   0.819
   0.792
   0.691
   0.000
 -65.534
 -65.534
 -65.534
 -65.534
 -65.534
 -65.534
 -65.534
 -65.534
 -65.534
 -65.534
 -65.534
 -65.534
 -65.534
 -65.534
 -65.534
 -65.534
 -65.534
 -65.534
 -65.534
   0.486
   0.548
   0.591
   0.621
   0.633
   0.630
   0.622
   0.614
   0.607
   0.600
   0.599
   0.597
   0.597
   0.605
   0.620
   0.647
   0.679
   0.716
   0.741
   0.765
   0.801
   0.832
   0.855
   0.887
   0.917
   0.943
   0.955
   0.954
   0.946
   0.939
   0.931
   0.927
   0.911
   0.897
   0.882
   0.863
   0.844
   0.828
   0.813
   0.800
   0.789
   0.773
   0.756
   0.740
   0.726
   0.714
   0.698
   0.670
   0.576
   0.000
 -65.534
 -65.534
 -65.534
 -65.534
 -65.534
 -65.534
 -65.534
 -65.534
 -65.534
 -65.534
 -65.534
 -65.534
 -65.534
 -65.534
 -65.534
 -65.534
 -65.534
 -65.534
 -65.534
 -65.534
   0.483
   0.529
   0.552
   0.556
   0.553
   0.539
   0.529
   0.519
   0.513
   0.515
   0.515
   0.516
   0.509
   0.495
   0.470
   0.399
 -65.534
 -65.534
 -65.534
 -65.534
   0.688
   0.745
   0.784
   0.817
   0.848
   0.865
   0.863
   0.858
   0.849
   0.843
   0.837
   0.828
   0.820
   0.811
   0.796
   0.784
   0.769
   0.758
   0.743
   0.729
   0.710
   0.691
   0.670
   0.644
   0.619
   0.595
   0.564
   0.476
   0.000
 -65.534
 -65.534
 -65.534
 -65.534
 -65.534
 -65.534
 -65.534
 -65.534
 -65.534
 -65.534
 -65.534
 -65.534
 -65.534
 -65.534
 -65.534
 -65.534
 -65.534
 -65.534
 -65.534
 -65.534
 -65.534
 -65.534
 -65.534
 -65.534
   0.473
   0.483
   0.476
   0.467
   0.461
   0.459
   0.457
   0.456
   0.443
   0.420
   0.382
   0.312
 -65.534
 -65.534
 -65.534
 -65.534
 -65.534
 -65.534
   0.688
   0.740
   0.779
   0.798
   0.794
   0.781
   0.770
   0.760
   0.751
   0.747
   0.742
   0.732
   0.724
   0.714
   0.701
   0.688
   0.675
   0.662
   0.646
   0.625
   0.600
   0.573
   0.538
   0.503
   0.465
   0.385
   0.000
 -65.534
 -65.534
 -65.534
 -65.534
 -65.534
 -65.534
 -65.534
 -65.534
 -65.534
 -65.534
 -65.534
 -65.534
 -65.534
 -65.534
 -65.534
 -65.534
 -65.534
 -65.534
 -65.534
 -65.534
 -65.534
 -65.534
 -65.534
 -65.534
   0.408
   0.433
   0.434
   0.433
   0.436
   0.431
   0.422
   0.417
   0.403
   0.386
   0.361
   0.316
 -65.534
 -65.534
 -65.534
 -65.534
 -65.534
 -65.534
 -65.534
   0.653
   0.704
   0.728
   0.720
   0.701
   0.690
   0.682
   0.679
   0.676
   0.669
   0.662
   0.655
   0.646
   0.634
   0.621
   0.607
   0.590
   0.572
   0.548
   0.520
   0.483
   0.445
   0.406
   0.367
   0.295
   0.000
 -65.534
 -65.534
 -65.534
 -65.534
 -65.534
 -65.534
 -65.534
 -65.534
 -65.534
 -65.534
 -65.534
 -65.534
 -65.534
 -65.534
 -65.534
 -65.534
 -65.534
 -65.534
 -65.534
 -65.534
 -65.534
 -65.534
 -65.534
 -65.534
 -65.534
 -65.534
 -65.534
 -65.534
 -65.534
   0.367
   0.380
   0.382
   0.381
   0.377
   0.361
   0.331
   0.211
 -65.534
 -65.534
 -65.534
 -65.534
 -65.534
 -65.534
   0.484
   0.482
 -65.534
   0.571
   0.591
   0.599
   0.608
   0.610
   0.611
   0.606
   0.602
   0.596
   0.588
   0.574
   0.558
   0.537
   0.517
   0.493
   0.462
   0.424
   0.380
   0.336
   0.296
   0.263
   0.213
   0.000
 -65.534
 -65.534
 -65.534
 -65.534
 -65.534
 -65.534
 -65.534
 -65.534
 -65.534
 -65.534
 -65.534
 -65.534
 -65.534
 -65.534
 -65.534
 -65.534
 -65.534
 -65.534
 -65.534
 -65.534
 -65.534
 -65.534
 -65.534
 -65.534
 -65.534
 -65.534
 -65.534
 -65.534
 -65.534
 -65.534
 -65.534
 -65.534
   0.330
   0.358
   0.359
   0.332
   0.270
   0.186
 -65.534
 -65.534
 -65.534
 -65.534
 -65.534
 -65.534
 -65.534
 -65.534
 -65.534
 -65.534
 -65.534
   0.472
   0.528
   0.545
   0.556
   0.552
   0.544
   0.528
   0.506
   0.485
   0.461
   0.435
   0.404
   0.369
   0.327
   0.287
   0.245
   0.205
   0.149
   0.101
   0.000
 -65.534
 -65.534
 -65.534
 -65.534
 -65.534
 -65.534
 -65.534
 -65.534
 -65.534
 -65.534
 -65.534
 -65.534
 -65.534
 -65.534
 -65.534
 -65.534
 -65.534
 -65.534
 -65.534
 -65.534
 -65.534
 -65.534
 -65.534
 -65.534
 -65.534
 -65.534
 -65.534
 -65.534
 -65.534
 -65.534
 -65.534
 -65.534
   0.299
   0.331
   0.339
   0.320
   0.282
   0.235
   0.179
   0.140
 -65.534
 -65.534
 -65.534
 -65.534
 -65.534
 -65.534
 -65.534
 -65.534
 -65.534
 -65.534
 -65.534
 -65.534
   0.425
   0.456
   0.455
   0.441
   0.418
   0.395
   0.371
   0.346
   0.318
   0.284
   0.246
   0.203
   0.156
   0.114
   0.077
   0.037
   0.000
 -65.534
 -65.534
 -65.534
 -65.534
 -65.534
 -65.534
 -65.534
 -65.534
 -65.534
 -65.534
 -65.534
 -65.534
 -65.534
 -65.534
 -65.534
 -65.534
 -65.534
 -65.534
 -65.534
 -65.534
 -65.534
 -65.534
 -65.534
 -65.534
 -65.534
 -65.534
 -65.534
 -65.534
 -65.534
 -65.534
 -65.534
 -65.534
 -65.534
 -65.534
 -65.534
 -65.534
   0.210
   0.216
   0.202
   0.182
   0.144
   0.125
   0.110
   0.099
   0.089
 -65.534
 -65.534
 -65.534
 -65.534
 -65.534
 -65.534
 -65.534
 -65.534
 -65.534
 -65.534
   0.306
   0.325
   0.313
   0.294
   0.268
   0.238
   0.203
   0.167
   0.129
   0.091
   0.056
   0.018
  -0.019
   0.000
 -65.534
 -65.534
 -65.534
 -65.534
 -65.534
 -65.534
 -65.534
 -65.534
 -65.534
 -65.534
 -65.534
 -65.534
 -65.534
 -65.534
 -65.534
 -65.534
 -65.534
 -65.534
 -65.534
 -65.534
 -65.534
 -65.534
 -65.534
 -65.534
 -65.534
 -65.534
 -65.534
 -65.534
 -65.534
 -65.534
 -65.534
 -65.534
 -65.534
 -65.534
 -65.534
 -65.534
 -65.534
 -65.534
 -65.534
 -65.534
   0.121
 -65.534
 -65.534
 -65.534
 -65.534
 -65.534
 -65.534
 -65.534
 -65.534
 -65.534
 -65.534
 -65.534
 -65.534
 -65.534
 -65.534
   0.224
   0.243
   0.238
   0.222
   0.199
   0.169
   0.137
   0.100
   0.063
   0.027
  -0.005
  -0.042
  -0.074
   0.000
 -65.534
 -65.534
 -65.534
 -65.534
 -65.534
 -65.534
 -65.534
 -65.534
 -65.534
 -65.534
 -65.534
 -65.534
 -65.534
 -65.534
 -65.534
 -65.534
 -65.534
 -65.534
 -65.534
 -65.534
 -65.534
 -65.534
 -65.534
 -65.534
 -65.534
 -65.534
 -65.534
 -65.534
 -65.534
 -65.534
 -65.534
 -65.534
 -65.534
 -65.534
 -65.534
 -65.534
 -65.534
 -65.534
 -65.534
 -65.534
 -65.534
 -65.534
 -65.534
 -65.534
 -65.534
 -65.534
 -65.534
 -65.534
 -65.534
 -65.534
 -65.534
 -65.534
 -65.534
 -65.534
 -65.534
 -65.534
 -65.534
 -65.534
 -65.534
   0.156
   0.122
   0.083
   0.042
   0.007
  -0.021
  -0.046
  -0.075
  -0.104
   0.000
 -65.534
 -65.534
 -65.534
 -65.534
 -65.534
 -65.534
 -65.534
 -65.534
 -65.534
 -65.534
 -65.534
 -65.534
 -65.534
 -65.534
 -65.534
 -65.534
 -65.534
 -65.534
 -65.534
 -65.534
 -65.534
 -65.534
 -65.534
 -65.534
 -65.534
 -65.534
 -65.534
 -65.534
 -65.534
 -65.534
 -65.534
 -65.534
 -65.534
 -65.534
 -65.534
 -65.534
 -65.534
 -65.534
 -65.534
 -65.534
 -65.534
 -65.534
 -65.534
 -65.534
 -65.534
 -65.534
 -65.534
 -65.534
 -65.534
 -65.534
 -65.534
 -65.534
 -65.534
 -65.534
 -65.534
 -65.534
 -65.534
 -65.534
 -65.534
 -65.534
 -65.534
   0.000
   0.000
   0.000
   0.000
   0.000
   0.000
   0.000
 -65.534
