 -65.534
   0.000
   0.000
   0.000
   0.000
   0.000
   0.000
   0.000
   0.000
   0.000
   0.000
   0.000
   0.000
   0.000
   0.000
   0.000
   0.000
   0.000
   0.000
   0.000
   0.000
   0.000
   0.000
   0.000
   0.000
   0.000
   0.000
   0.000
   0.000
   0.000
   0.000
   0.000
   0.000
   0.000
   0.000
   0.000
   0.000
   0.000
   0.000
   0.000
   0.000
   0.000
   0.000
   0.000
   0.000
   0.000
   0.000
   0.000
   0.000
   0.000
   0.000
   0.000
   0.000
   0.000
   0.000
   0.000
   0.000
   0.000
   0.000
   0.000
   0.000
   0.000
   0.000
   0.000
   0.000
   0.000
   0.000
   0.000
 -65.534
   0.000
   3.499
   3.960
   4.137
   4.300
   4.435
   4.553
   4.669
   4.790
   4.921
   5.053
   5.177
   5.293
   5.401
   5.478
   5.545
   5.600
   5.664
   5.721
   5.778
   5.838
   5.885
   5.934
   5.960
   6.014
   6.056
   6.074
   6.063
   6.028
   5.976
   5.912
   5.859
   5.785
   5.694
   5.586
   5.424
   5.263
   5.064
   4.805
   4.508
   4.187
   3.865
   3.544
   3.223
   2.966
   2.762
   2.583
   2.410
   2.269
   2.154
   2.063
   2.006
   1.979
   1.987
   2.065
   2.150
   2.235
   2.314
   2.381
   2.435
   2.480
   2.503
   2.530
   2.548
   2.540
   2.552
   2.565
   2.576
   0.000
   0.000
   3.764
   4.188
   4.329
   4.471
   4.571
   4.672
   4.781
   4.902
   5.037
   5.170
   5.291
   5.407
   5.509
   5.589
   5.663
   5.731
   5.808
   5.887
   5.974
   6.064
   6.155
   6.248
   6.319
   6.380
   6.421
   6.441
   6.441
   6.421
   6.396
   6.368
   6.328
   6.278
   6.212
   6.111
   5.974
   5.808
   5.615
   5.358
   5.053
   4.725
   4.369
   3.985
   3.609
   3.299
   3.077
   2.899
   2.724
   2.573
   2.459
   2.365
   2.310
   2.298
   2.316
   2.357
   2.418
   2.499
   2.583
   2.669
   2.741
   2.811
   2.873
   2.928
   2.967
   3.006
   3.045
   3.078
   3.076
   0.000
   0.000
   3.691
   4.075
   4.199
   4.320
   4.408
   4.497
   4.598
   4.710
   4.837
   4.966
   5.088
   5.202
   5.300
   5.386
   5.467
   5.552
   5.645
   5.751
   5.878
   6.009
   6.150
   6.293
   6.412
   6.480
   6.514
   6.524
   6.512
   6.488
   6.471
   6.461
   6.439
   6.420
   6.404
   6.340
   6.231
   6.088
   5.882
   5.631
   5.328
   4.987
   4.602
   4.195
   3.795
   3.458
   3.208
   3.027
   2.854
   2.698
   2.580
   2.481
   2.420
   2.398
   2.405
   2.434
   2.477
   2.538
   2.609
   2.691
   2.772
   2.853
   2.934
   3.013
   3.095
   3.161
   3.226
   3.280
   3.273
   0.000
   0.000
   3.585
   3.921
   4.024
   4.133
   4.219
   4.299
   4.392
   4.495
   4.617
   4.750
   4.873
   4.991
   5.102
   5.196
   5.290
   5.383
   5.489
   5.620
   5.772
   5.944
   6.124
   6.308
   6.466
   6.554
   6.589
   6.596
   6.560
   6.511
   6.486
   6.486
   6.491
   6.500
   6.524
   6.521
   6.455
   6.338
   6.162
   5.902
   5.601
   5.257
   4.850
   4.419
   4.006
   3.640
   3.363
   3.152
   2.970
   2.804
   2.659
   2.547
   2.475
   2.442
   2.439
   2.451
   2.485
   2.534
   2.584
   2.642
   2.719
   2.810
   2.906
   3.011
   3.110
   3.211
   3.296
   3.367
   3.358
   0.000
   0.000
   3.448
   3.748
   3.835
   3.945
   4.028
   4.106
   4.194
   4.298
   4.420
   4.551
   4.679
   4.799
   4.913
   5.013
   5.106
   5.202
   5.317
   5.456
   5.625
   5.816
   6.016
   6.242
   6.431
   6.550
   6.601
   6.592
   6.530
   6.449
   6.411
   6.420
   6.440
   6.494
   6.578
   6.623
   6.605
   6.518
   6.369
   6.124
   5.823
   5.472
   5.064
   4.634
   4.215
   3.830
   3.515
   3.256
   3.053
   2.863
   2.687
   2.543
   2.455
   2.407
   2.403
   2.415
   2.443
   2.476
   2.518
   2.563
   2.628
   2.720
   2.831
   2.952
   3.082
   3.199
   3.299
   3.381
   3.372
   0.000
   0.000
   3.294
   3.564
   3.641
   3.746
   3.833
   3.920
   4.017
   4.122
   4.243
   4.367
   4.493
   4.616
   4.725
   4.819
   4.913
   5.012
   5.127
   5.270
   5.439
   5.631
   5.852
   6.096
   6.313
   6.451
   6.497
   6.473
   6.391
   6.291
   6.242
   6.271
   6.328
   6.434
   6.547
   6.653
   6.687
   6.660
   6.519
   6.299
   6.006
   5.666
   5.273
   4.846
   4.413
   4.009
   3.673
   3.384
   3.132
   2.904
   2.695
   2.518
   2.399
   2.335
   2.322
   2.337
   2.362
   2.394
   2.422
   2.455
   2.511
   2.611
   2.727
   2.862
   3.001
   3.133
   3.252
   3.352
   3.349
   0.000
   0.000
   3.120
   3.366
   3.448
   3.553
   3.642
   3.742
   3.843
   3.951
   4.069
   4.190
   4.310
   4.423
   4.523
   4.616
   4.710
   4.809
   4.924
   5.064
   5.223
   5.407
   5.613
   5.846
   6.069
   6.204
   6.249
   6.227
   6.142
   6.039
   6.005
   6.065
   6.167
   6.318
   6.477
   6.636
   6.704
   6.709
   6.611
   6.416
   6.149
   5.829
   5.450
   5.035
   4.621
   4.209
   3.828
   3.505
   3.213
   2.933
   2.687
   2.480
   2.327
   2.240
   2.207
   2.213
   2.239
   2.268
   2.297
   2.333
   2.392
   2.484
   2.613
   2.762
   2.921
   3.075
   3.207
   3.315
   3.319
   0.000
   0.000
   2.883
   3.126
   3.215
   3.335
   3.439
   3.541
   3.650
   3.765
   3.880
   3.998
   4.112
   4.218
   4.311
   4.399
   4.492
   4.593
   4.709
   4.842
   4.991
   5.159
   5.339
   5.545
   5.752
   5.883
   5.918
   5.896
   5.825
   5.741
   5.734
   5.839
   5.988
   6.173
   6.381
   6.559
   6.661
   6.694
   6.625
   6.465
   6.241
   5.949
   5.594
   5.204
   4.802
   4.400
   4.010
   3.641
   3.306
   2.990
   2.701
   2.458
   2.267
   2.147
   2.083
   2.074
   2.090
   2.121
   2.153
   2.183
   2.265
   2.366
   2.507
   2.670
   2.852
   3.033
   3.186
   3.307
   3.297
   0.000
   0.000
   2.580
   2.811
   2.914
   3.058
   3.181
   3.305
   3.431
   3.552
   3.674
   3.793
   3.903
   4.004
   4.092
   4.179
   4.265
   4.365
   4.478
   4.602
   4.742
   4.899
   5.065
   5.247
   5.421
   5.532
   5.560
   5.549
   5.487
   5.435
   5.478
   5.616
   5.795
   6.003
   6.242
   6.436
   6.561
   6.621
   6.590
   6.456
   6.266
   6.015
   5.696
   5.337
   4.949
   4.559
   4.169
   3.780
   3.415
   3.068
   2.741
   2.446
   2.225
   2.063
   1.957
   1.918
   1.920
   1.953
   1.996
   2.050
   2.140
   2.269
   2.424
   2.606
   2.810
   3.009
   3.186
   3.321
   3.309
   0.000
   0.000
   2.278
   2.486
   2.587
   2.735
   2.881
   3.025
   3.170
   3.315
   3.453
   3.577
   3.690
   3.790
   3.881
   3.961
   4.049
   4.139
   4.243
   4.360
   4.489
   4.625
   4.773
   4.940
   5.095
   5.187
   5.217
   5.199
   5.157
   5.163
   5.243
   5.397
   5.588
   5.806
   6.050
   6.261
   6.403
   6.481
   6.474
   6.378
   6.225
   6.016
   5.736
   5.407
   5.053
   4.661
   4.265
   3.885
   3.502
   3.131
   2.765
   2.423
   2.175
   1.966
   1.812
   1.731
   1.728
   1.770
   1.836
   1.916
   2.039
   2.196
   2.377
   2.576
   2.796
   3.010
   3.201
   3.341
   3.329
   0.000
   0.000
   2.016
   2.188
   2.271
   2.413
   2.559
   2.708
   2.862
   3.025
   3.182
   3.331
   3.459
   3.569
   3.659
   3.744
   3.826
   3.912
   4.001
   4.106
   4.219
   4.346
   4.478
   4.624
   4.773
   4.867
   4.909
   4.920
   4.917
   4.951
   5.052
   5.213
   5.402
   5.623
   5.865
   6.077
   6.226
   6.307
   6.318
   6.247
   6.131
   5.962
   5.714
   5.417
   5.077
   4.701
   4.312
   3.930
   3.541
   3.161
   2.777
   2.408
   2.118
   1.867
   1.676
   1.564
   1.532
   1.576
   1.668
   1.789
   1.950
   2.147
   2.358
   2.582
   2.814
   3.034
   3.227
   3.365
   3.336
   0.000
   0.000
   1.760
   1.938
   1.980
   2.097
   2.234
   2.377
   2.531
   2.682
   2.848
   3.012
   3.162
   3.296
   3.408
   3.502
   3.588
   3.664
   3.748
   3.837
   3.941
   4.052
   4.175
   4.316
   4.465
   4.573
   4.649
   4.700
   4.733
   4.788
   4.889
   5.056
   5.234
   5.447
   5.687
   5.884
   6.020
   6.098
   6.107
   6.055
   5.960
   5.827
   5.621
   5.355
   5.039
   4.681
   4.302
   3.931
   3.546
   3.162
   2.775
   2.412
   2.102
   1.829
   1.602
   1.453
   1.388
   1.409
   1.522
   1.682
   1.883
   2.121
   2.368
   2.611
   2.856
   3.084
   3.276
   3.390
   3.312
   0.000
 -65.534
 -65.534
   1.622
   1.742
   1.778
   1.899
   2.029
   2.173
   2.321
   2.480
   2.643
   2.791
   2.937
   3.066
   3.182
   3.287
   3.378
   3.465
   3.552
   3.650
   3.755
   3.872
   4.011
   4.159
   4.287
   4.397
   4.487
   4.561
   4.631
   4.740
   4.891
   5.043
   5.251
   5.474
   5.649
   5.753
   5.816
   5.823
   5.778
   5.706
   5.593
   5.420
   5.195
   4.911
   4.585
   4.232
   3.877
   3.509
   3.136
   2.769
   2.415
   2.094
   1.814
   1.571
   1.403
   1.320
   1.320
   1.434
   1.622
   1.861
   2.127
   2.401
   2.656
   2.916
   3.143
   3.315
   3.410
   3.294
   0.000
 -65.534
 -65.534
 -65.534
   1.423
   1.486
   1.554
   1.675
   1.806
   1.947
   2.093
   2.245
   2.386
   2.530
   2.669
   2.796
   2.918
   3.028
   3.132
   3.235
   3.346
   3.455
   3.575
   3.713
   3.867
   4.010
   4.139
   4.258
   4.361
   4.447
   4.548
   4.674
   4.823
   5.007
   5.166
   5.268
   5.431
   5.487
   5.472
   5.426
   5.367
   5.272
   5.130
   4.934
   4.689
   4.397
   4.078
   3.748
   3.408
   3.065
   2.726
   2.405
   2.098
   1.831
   1.591
   1.415
   1.329
   1.347
   1.457
   1.656
   1.912
   2.194
   2.473
   2.737
   2.982
   3.202
   3.365
   3.440
   3.277
   0.000
 -65.534
 -65.534
 -65.534
 -65.534
   1.161
   1.268
   1.358
   1.467
   1.590
   1.717
   1.850
   1.981
   2.119
   2.259
   2.399
   2.526
   2.648
   2.764
   2.883
   3.001
   3.122
   3.258
   3.409
   3.565
   3.715
   3.859
   3.992
   4.109
   4.204
   4.302
   4.407
   4.525
   4.662
   4.785
   4.882
   4.985
   4.997
   5.057
   5.023
   4.958
   4.882
   4.764
   4.592
   4.377
   4.116
   3.841
   3.552
   3.254
   2.956
   2.660
   2.386
   2.110
   1.865
   1.666
   1.510
   1.440
   1.469
   1.590
   1.792
   2.057
   2.335
   2.606
   2.855
   3.088
   3.286
   3.434
   3.496
   3.312
   0.000
 -65.534
 -65.534
 -65.534
 -65.534
   0.953
   1.040
   1.111
   1.196
   1.287
   1.387
   1.495
   1.615
   1.743
   1.876
   2.019
   2.157
   2.283
   2.396
   2.511
   2.632
   2.766
   2.909
   3.063
   3.223
   3.377
   3.522
   3.661
   3.779
   3.882
   3.981
   4.076
   4.168
   4.272
   4.366
   4.439
   4.487
   4.497
   4.517
   4.454
   4.437
   4.383
   4.282
   4.146
   3.961
   3.741
   3.516
   3.284
   3.048
   2.813
   2.588
   2.361
   2.138
   1.955
   1.797
   1.695
   1.656
   1.703
   1.825
   2.016
   2.253
   2.514
   2.759
   2.987
   3.190
   3.358
   3.493
   3.552
   3.363
   0.000
 -65.534
 -65.534
 -65.534
 -65.534
   0.824
   0.891
   0.949
   1.012
   1.069
   1.147
   1.230
   1.322
   1.429
   1.556
   1.691
   1.820
   1.941
   2.054
   2.165
   2.281
   2.400
   2.540
   2.684
   2.836
   2.980
   3.122
   3.259
   3.383
   3.490
   3.589
   3.676
   3.749
   3.828
   3.895
   3.937
   3.958
   3.954
   3.919
   3.855
   3.809
   3.759
   3.669
   3.588
   3.451
   3.288
   3.124
   2.953
   2.789
   2.634
   2.485
   2.326
   2.177
   2.053
   1.957
   1.914
   1.914
   1.967
   2.087
   2.267
   2.477
   2.698
   2.911
   3.099
   3.256
   3.388
   3.498
   3.546
   3.363
   0.000
 -65.534
 -65.534
 -65.534
 -65.534
   0.765
   0.836
   0.893
   0.948
   0.974
   1.001
   1.063
   1.125
   1.200
   1.307
   1.426
   1.540
   1.650
   1.755
   1.861
   1.974
   2.078
   2.193
   2.316
   2.447
   2.580
   2.707
   2.836
   2.953
   3.065
   3.166
   3.247
   3.310
   3.363
   3.396
   3.413
   3.405
   3.378
   3.317
   3.252
   3.178
   3.110
   3.036
   2.973
   2.889
   2.798
   2.709
   2.609
   2.503
   2.412
   2.327
   2.244
   2.164
   2.106
   2.071
   2.061
   2.095
   2.174
   2.299
   2.462
   2.653
   2.844
   3.012
   3.153
   3.258
   3.351
   3.434
   3.477
   3.287
   0.000
 -65.534
 -65.534
 -65.534
 -65.534
 -65.534
 -65.534
 -65.534
 -65.534
   0.953
   0.967
   0.974
   0.992
   1.034
   1.110
   1.207
   1.307
   1.412
   1.521
   1.624
   1.726
   1.809
   1.899
   1.996
   2.100
   2.212
   2.326
   2.446
   2.554
   2.656
   2.747
   2.815
   2.862
   2.892
   2.899
   2.878
   2.848
   2.798
   2.735
   2.659
   2.587
   2.529
   2.483
   2.441
   2.404
   2.379
   2.335
   2.274
   2.224
   2.194
   2.161
   2.140
   2.118
   2.111
   2.110
   2.140
   2.197
   2.292
   2.413
   2.574
   2.745
   2.903
   3.033
   3.120
   3.190
   3.252
   3.316
   3.348
   3.160
   0.000
 -65.534
 -65.534
 -65.534
 -65.534
 -65.534
 -65.534
   0.904
   0.967
   0.985
   0.945
   0.914
   0.903
   0.919
   0.964
   1.027
   1.114
   1.225
   1.350
   1.463
   1.558
   1.629
   1.682
   1.744
   1.821
   1.914
   2.017
   2.117
   2.215
   2.301
   2.373
   2.425
   2.447
   2.450
   2.428
   2.384
   2.329
   2.266
   2.190
   2.117
   2.064
   2.031
   2.020
   2.017
   2.021
   2.026
   2.010
   1.996
   1.996
   1.987
   1.978
   1.999
   2.030
   2.061
   2.109
   2.163
   2.238
   2.327
   2.449
   2.600
   2.748
   2.869
   2.948
   2.998
   3.040
   3.101
   3.155
   3.184
   2.994
   0.000
 -65.534
 -65.534
 -65.534
 -65.534
 -65.534
 -65.534
 -65.534
 -65.534
 -65.534
   0.935
   0.883
   0.862
   0.858
   0.872
   0.907
   0.987
   1.095
   1.241
   1.379
   1.465
   1.507
   1.538
   1.575
   1.631
   1.701
   1.790
   1.876
   1.957
   2.022
   2.076
   2.105
   2.110
   2.088
   2.047
   1.979
   1.908
   1.831
   1.753
   1.686
   1.641
   1.627
   1.635
   1.661
   1.694
   1.728
   1.743
   1.752
   1.775
   1.789
   1.828
   1.887
   1.957
   2.024
   2.092
   2.159
   2.233
   2.316
   2.424
   2.550
   2.661
   2.740
   2.778
   2.810
   2.845
   2.897
   2.955
   2.989
   2.801
   0.000
 -65.534
 -65.534
 -65.534
 -65.534
 -65.534
 -65.534
 -65.534
 -65.534
 -65.534
 -65.534
 -65.534
 -65.534
 -65.534
 -65.534
 -65.534
   0.986
   1.066
   1.168
   1.292
   1.389
   1.421
   1.450
   1.481
   1.521
   1.581
   1.647
   1.718
   1.787
   1.835
   1.862
   1.869
   1.855
   1.820
   1.769
   1.696
   1.612
   1.526
   1.438
   1.356
   1.320
   1.318
   1.341
   1.381
   1.431
   1.476
   1.515
   1.549
   1.591
   1.639
   1.697
   1.773
   1.864
   1.950
   2.035
   2.119
   2.194
   2.268
   2.358
   2.449
   2.516
   2.551
   2.570
   2.590
   2.620
   2.661
   2.717
   2.762
   2.584
   0.000
 -65.534
 -65.534
 -65.534
 -65.534
 -65.534
 -65.534
 -65.534
 -65.534
 -65.534
 -65.534
 -65.534
 -65.534
 -65.534
 -65.534
 -65.534
 -65.534
 -65.534
 -65.534
 -65.534
   1.365
   1.388
   1.419
   1.452
   1.501
   1.555
   1.604
   1.655
   1.694
   1.718
   1.732
   1.723
   1.688
   1.642
   1.584
   1.516
   1.434
   1.350
   1.264
   1.194
   1.156
   1.153
   1.177
   1.211
   1.259
   1.314
   1.360
   1.408
   1.468
   1.532
   1.610
   1.701
   1.793
   1.884
   1.971
   2.056
   2.137
   2.207
   2.276
   2.333
   2.352
   2.353
   2.355
   2.357
   2.373
   2.406
   2.462
   2.511
   2.336
   0.000
 -65.534
 -65.534
 -65.534
 -65.534
 -65.534
 -65.534
 -65.534
 -65.534
 -65.534
 -65.534
 -65.534
 -65.534
 -65.534
 -65.534
 -65.534
 -65.534
 -65.534
 -65.534
   1.337
   1.407
   1.398
   1.423
   1.465
   1.528
   1.585
   1.631
   1.662
   1.679
   1.675
   1.662
   1.638
   1.604
   1.551
   1.492
   1.427
   1.363
   1.297
   1.228
   1.171
   1.141
   1.129
   1.139
   1.172
   1.210
   1.257
   1.305
   1.360
   1.425
   1.500
   1.585
   1.671
   1.754
   1.834
   1.907
   1.989
   2.076
   2.140
   2.193
   2.210
   2.198
   2.176
   2.162
   2.142
   2.138
   2.148
   2.184
   2.216
   2.021
   0.000
 -65.534
 -65.534
 -65.534
 -65.534
 -65.534
 -65.534
 -65.534
 -65.534
 -65.534
 -65.534
 -65.534
 -65.534
 -65.534
 -65.534
 -65.534
 -65.534
 -65.534
   1.377
   1.430
   1.412
   1.418
   1.432
   1.477
   1.554
   1.618
   1.661
   1.685
   1.686
   1.668
   1.637
   1.607
   1.568
   1.515
   1.456
   1.402
   1.353
   1.301
   1.247
   1.204
   1.177
   1.172
   1.186
   1.216
   1.254
   1.295
   1.336
   1.381
   1.446
   1.521
   1.598
   1.672
   1.743
   1.804
   1.868
   1.932
   2.002
   2.062
   2.095
   2.090
   2.053
   2.019
   1.988
   1.950
   1.919
   1.903
   1.897
   1.886
   1.660
   0.000
 -65.534
 -65.534
 -65.534
 -65.534
 -65.534
 -65.534
 -65.534
 -65.534
 -65.534
 -65.534
 -65.534
 -65.534
 -65.534
 -65.534
 -65.534
 -65.534
 -65.534
   1.506
   1.456
   1.427
   1.431
   1.440
   1.477
   1.552
   1.628
   1.670
   1.688
   1.684
   1.661
   1.630
   1.598
   1.567
   1.514
   1.458
   1.400
   1.353
   1.309
   1.264
   1.224
   1.202
   1.205
   1.231
   1.272
   1.319
   1.362
   1.405
   1.452
   1.513
   1.576
   1.642
   1.696
   1.724
   1.750
   1.797
   1.845
   1.904
   1.967
   2.000
   1.987
   1.940
   1.891
   1.845
   1.787
   1.729
   1.683
   1.635
   1.570
   1.258
   0.000
 -65.534
 -65.534
 -65.534
 -65.534
 -65.534
 -65.534
 -65.534
 -65.534
 -65.534
 -65.534
 -65.534
 -65.534
 -65.534
 -65.534
 -65.534
 -65.534
 -65.534
   1.570
   1.491
   1.457
   1.450
   1.461
   1.490
   1.545
   1.622
   1.657
   1.670
   1.659
   1.637
   1.612
   1.588
   1.560
   1.511
   1.454
   1.395
   1.343
   1.300
   1.256
   1.224
   1.208
   1.216
   1.246
   1.298
   1.351
   1.404
   1.455
   1.518
   1.586
   1.649
   1.708
   1.752
   1.762
   1.778
   1.791
   1.813
   1.838
   1.875
   1.900
   1.894
   1.853
   1.801
   1.738
   1.667
   1.586
   1.465
   1.367
   1.218
   0.873
   0.000
 -65.534
 -65.534
 -65.534
 -65.534
 -65.534
 -65.534
 -65.534
 -65.534
 -65.534
 -65.534
 -65.534
 -65.534
 -65.534
 -65.534
 -65.534
 -65.534
 -65.534
   1.644
   1.541
   1.503
   1.495
   1.496
   1.518
   1.549
   1.591
   1.633
   1.634
   1.622
   1.601
   1.577
   1.556
   1.536
   1.486
   1.436
   1.379
   1.332
   1.294
   1.264
   1.242
   1.229
   1.241
   1.271
   1.319
   1.373
   1.429
   1.496
   1.569
   1.641
   1.704
   1.756
   1.787
   1.796
   1.798
   1.787
   1.771
   1.763
   1.759
   1.774
   1.762
   1.737
   1.696
   1.634
   1.548
   1.441
   1.296
   1.133
   0.919
   0.520
   0.000
 -65.534
 -65.534
 -65.534
 -65.534
 -65.534
 -65.534
 -65.534
 -65.534
 -65.534
 -65.534
 -65.534
 -65.534
 -65.534
 -65.534
 -65.534
 -65.534
 -65.534
 -65.534
   1.612
   1.542
   1.534
   1.541
   1.551
   1.562
   1.574
   1.586
   1.581
   1.564
   1.544
   1.527
   1.509
   1.489
   1.447
   1.404
   1.359
   1.322
   1.299
   1.283
   1.279
   1.285
   1.301
   1.327
   1.364
   1.410
   1.462
   1.525
   1.597
   1.667
   1.732
   1.773
   1.802
   1.798
   1.782
   1.748
   1.710
   1.667
   1.646
   1.636
   1.621
   1.601
   1.559
   1.499
   1.402
   1.276
   1.116
   0.899
   0.633
   0.186
   0.000
 -65.534
 -65.534
 -65.534
 -65.534
 -65.534
 -65.534
 -65.534
 -65.534
 -65.534
 -65.534
 -65.534
 -65.534
 -65.534
 -65.534
 -65.534
 -65.534
 -65.534
 -65.534
 -65.534
   1.601
   1.568
   1.578
   1.588
   1.578
   1.564
   1.546
   1.521
   1.491
   1.468
   1.444
   1.432
   1.407
   1.374
   1.340
   1.327
   1.334
   1.375
   1.382
   1.385
   1.400
   1.378
   1.393
   1.417
   1.450
   1.500
   1.563
   1.627
   1.678
   1.720
   1.749
   1.774
   1.762
   1.739
   1.702
   1.654
   1.602
   1.558
   1.525
   1.505
   1.473
   1.417
   1.336
   1.223
   1.069
   0.886
   0.660
   0.355
  -0.111
   0.000
 -65.534
 -65.534
 -65.534
 -65.534
 -65.534
 -65.534
 -65.534
 -65.534
 -65.534
 -65.534
 -65.534
 -65.534
 -65.534
 -65.534
 -65.534
 -65.534
 -65.534
 -65.534
 -65.534
 -65.534
   1.633
   1.627
   1.614
   1.589
   1.540
   1.501
   1.459
   1.408
   1.355
   1.305
   1.267
   1.195
   1.096
   0.953
   0.752
   0.358
 -65.534
 -65.534
 -65.534
 -65.534
   1.668
   1.604
   1.533
   1.533
   1.567
   1.622
   1.666
   1.701
   1.712
   1.715
   1.708
   1.682
   1.645
   1.601
   1.541
   1.483
   1.429
   1.387
   1.344
   1.298
   1.230
   1.132
   1.001
   0.831
   0.626
   0.381
   0.080
  -0.378
   0.000
 -65.534
 -65.534
 -65.534
 -65.534
 -65.534
 -65.534
 -65.534
 -65.534
 -65.534
 -65.534
 -65.534
 -65.534
 -65.534
 -65.534
 -65.534
 -65.534
 -65.534
 -65.534
 -65.534
 -65.534
 -65.534
 -65.534
 -65.534
 -65.534
   1.495
   1.429
   1.375
   1.305
   1.233
   1.159
   1.083
   0.968
   0.816
   0.614
   0.350
  -0.016
 -65.534
 -65.534
 -65.534
 -65.534
 -65.534
 -65.534
   1.736
   1.625
   1.629
   1.665
   1.681
   1.677
   1.669
   1.633
   1.593
   1.556
   1.503
   1.442
   1.380
   1.307
   1.232
   1.169
   1.114
   1.054
   0.977
   0.868
   0.725
   0.547
   0.338
   0.096
  -0.207
  -0.634
   0.000
 -65.534
 -65.534
 -65.534
 -65.534
 -65.534
 -65.534
 -65.534
 -65.534
 -65.534
 -65.534
 -65.534
 -65.534
 -65.534
 -65.534
 -65.534
 -65.534
 -65.534
 -65.534
 -65.534
 -65.534
 -65.534
 -65.534
 -65.534
 -65.534
   1.431
   1.350
   1.276
   1.193
   1.107
   1.000
   0.896
   0.756
   0.586
   0.388
   0.178
  -0.068
 -65.534
 -65.534
 -65.534
 -65.534
 -65.534
 -65.534
 -65.534
   1.707
   1.679
   1.702
   1.661
   1.636
   1.597
   1.545
   1.495
   1.439
   1.372
   1.298
   1.215
   1.119
   1.022
   0.937
   0.863
   0.778
   0.675
   0.551
   0.396
   0.214
   0.004
  -0.228
  -0.515
  -0.914
   0.000
 -65.534
 -65.534
 -65.534
 -65.534
 -65.534
 -65.534
 -65.534
 -65.534
 -65.534
 -65.534
 -65.534
 -65.534
 -65.534
 -65.534
 -65.534
 -65.534
 -65.534
 -65.534
 -65.534
 -65.534
 -65.534
 -65.534
 -65.534
 -65.534
 -65.534
 -65.534
 -65.534
 -65.534
 -65.534
   0.896
   0.706
   0.584
   0.432
   0.278
   0.132
  -0.034
  -0.215
 -65.534
 -65.534
 -65.534
 -65.534
 -65.534
 -65.534
   1.330
   0.946
 -65.534
   1.582
   1.581
   1.536
   1.462
   1.399
   1.335
   1.255
   1.173
   1.068
   0.953
   0.832
   0.723
   0.619
   0.513
   0.385
   0.239
   0.065
  -0.130
  -0.352
  -0.596
  -0.879
  -1.251
   0.000
 -65.534
 -65.534
 -65.534
 -65.534
 -65.534
 -65.534
 -65.534
 -65.534
 -65.534
 -65.534
 -65.534
 -65.534
 -65.534
 -65.534
 -65.534
 -65.534
 -65.534
 -65.534
 -65.534
 -65.534
 -65.534
 -65.534
 -65.534
 -65.534
 -65.534
 -65.534
 -65.534
 -65.534
 -65.534
 -65.534
 -65.534
 -65.534
   0.428
   0.257
   0.145
   0.022
  -0.183
  -0.232
 -65.534
 -65.534
 -65.534
 -65.534
 -65.534
 -65.534
 -65.534
 -65.534
 -65.534
 -65.534
 -65.534
   1.388
   1.331
   1.255
   1.174
   1.082
   0.963
   0.807
   0.665
   0.530
   0.402
   0.270
   0.116
  -0.052
  -0.247
  -0.464
  -0.696
  -0.953
  -1.245
  -1.598
   0.000
 -65.534
 -65.534
 -65.534
 -65.534
 -65.534
 -65.534
 -65.534
 -65.534
 -65.534
 -65.534
 -65.534
 -65.534
 -65.534
 -65.534
 -65.534
 -65.534
 -65.534
 -65.534
 -65.534
 -65.534
 -65.534
 -65.534
 -65.534
 -65.534
 -65.534
 -65.534
 -65.534
 -65.534
 -65.534
 -65.534
 -65.534
 -65.534
   0.377
   0.234
   0.131
   0.022
  -0.133
  -0.223
  -0.234
  -0.203
 -65.534
 -65.534
 -65.534
 -65.534
 -65.534
 -65.534
 -65.534
 -65.534
 -65.534
 -65.534
 -65.534
 -65.534
   1.103
   0.997
   0.863
   0.652
   0.500
   0.354
   0.207
   0.044
  -0.133
  -0.323
  -0.532
  -0.764
  -1.006
  -1.248
  -1.530
  -1.876
   0.000
 -65.534
 -65.534
 -65.534
 -65.534
 -65.534
 -65.534
 -65.534
 -65.534
 -65.534
 -65.534
 -65.534
 -65.534
 -65.534
 -65.534
 -65.534
 -65.534
 -65.534
 -65.534
 -65.534
 -65.534
 -65.534
 -65.534
 -65.534
 -65.534
 -65.534
 -65.534
 -65.534
 -65.534
 -65.534
 -65.534
 -65.534
 -65.534
 -65.534
 -65.534
 -65.534
 -65.534
  -0.015
  -0.132
  -0.176
  -0.215
  -0.231
  -0.221
  -0.241
  -0.309
  -0.390
 -65.534
 -65.534
 -65.534
 -65.534
 -65.534
 -65.534
 -65.534
 -65.534
 -65.534
 -65.534
   0.538
   0.372
   0.224
   0.056
  -0.151
  -0.359
  -0.564
  -0.787
  -1.022
  -1.259
  -1.498
  -1.768
  -2.097
   0.000
 -65.534
 -65.534
 -65.534
 -65.534
 -65.534
 -65.534
 -65.534
 -65.534
 -65.534
 -65.534
 -65.534
 -65.534
 -65.534
 -65.534
 -65.534
 -65.534
 -65.534
 -65.534
 -65.534
 -65.534
 -65.534
 -65.534
 -65.534
 -65.534
 -65.534
 -65.534
 -65.534
 -65.534
 -65.534
 -65.534
 -65.534
 -65.534
 -65.534
 -65.534
 -65.534
 -65.534
 -65.534
 -65.534
 -65.534
 -65.534
  -0.121
 -65.534
 -65.534
 -65.534
 -65.534
 -65.534
 -65.534
 -65.534
 -65.534
 -65.534
 -65.534
 -65.534
 -65.534
 -65.534
 -65.534
   0.364
   0.228
   0.107
  -0.047
  -0.305
  -0.532
  -0.763
  -0.988
  -1.222
  -1.461
  -1.688
  -1.946
  -2.269
   0.000
 -65.534
 -65.534
 -65.534
 -65.534
 -65.534
 -65.534
 -65.534
 -65.534
 -65.534
 -65.534
 -65.534
 -65.534
 -65.534
 -65.534
 -65.534
 -65.534
 -65.534
 -65.534
 -65.534
 -65.534
 -65.534
 -65.534
 -65.534
 -65.534
 -65.534
 -65.534
 -65.534
 -65.534
 -65.534
 -65.534
 -65.534
 -65.534
 -65.534
 -65.534
 -65.534
 -65.534
 -65.534
 -65.534
 -65.534
 -65.534
 -65.534
 -65.534
 -65.534
 -65.534
 -65.534
 -65.534
 -65.534
 -65.534
 -65.534
 -65.534
 -65.534
 -65.534
 -65.534
 -65.534
 -65.534
 -65.534
 -65.534
 -65.534
 -65.534
  -0.153
  -0.575
  -0.863
  -1.105
  -1.321
  -1.530
  -1.749
  -1.977
  -2.276
   0.000
 -65.534
 -65.534
 -65.534
 -65.534
 -65.534
 -65.534
 -65.534
 -65.534
 -65.534
 -65.534
 -65.534
 -65.534
 -65.534
 -65.534
 -65.534
 -65.534
 -65.534
 -65.534
 -65.534
 -65.534
 -65.534
 -65.534
 -65.534
 -65.534
 -65.534
 -65.534
 -65.534
 -65.534
 -65.534
 -65.534
 -65.534
 -65.534
 -65.534
 -65.534
 -65.534
 -65.534
 -65.534
 -65.534
 -65.534
 -65.534
 -65.534
 -65.534
 -65.534
 -65.534
 -65.534
 -65.534
 -65.534
 -65.534
 -65.534
 -65.534
 -65.534
 -65.534
 -65.534
 -65.534
 -65.534
 -65.534
 -65.534
 -65.534
 -65.534
 -65.534
 -65.534
   0.000
   0.000
   0.000
   0.000
   0.000
   0.000
   0.000
 -65.534
