 -65.534
   0.000
   0.000
   0.000
   0.000
   0.000
   0.000
   0.000
   0.000
   0.000
   0.000
   0.000
   0.000
   0.000
   0.000
   0.000
   0.000
   0.000
   0.000
   0.000
   0.000
   0.000
   0.000
   0.000
   0.000
   0.000
   0.000
   0.000
   0.000
   0.000
   0.000
   0.000
   0.000
   0.000
   0.000
   0.000
   0.000
   0.000
   0.000
   0.000
   0.000
   0.000
   0.000
   0.000
   0.000
   0.000
   0.000
   0.000
   0.000
   0.000
   0.000
   0.000
   0.000
   0.000
   0.000
   0.000
   0.000
   0.000
   0.000
   0.000
   0.000
   0.000
   0.000
   0.000
   0.000
   0.000
   0.000
   0.000
 -65.534
   0.000
   2.965
   3.332
   3.544
   3.761
   3.979
   4.197
   4.416
   4.629
   4.848
   5.077
   5.333
   5.633
   5.972
   6.315
   6.649
   6.963
   7.150
   7.080
   6.733
   6.227
   5.877
   5.913
   6.383
   7.014
   7.684
   8.152
   8.233
   8.175
   8.081
   7.920
   7.650
   7.312
   6.956
   6.458
   6.194
   5.873
   5.630
   5.372
   5.107
   4.828
   4.584
   4.334
   4.171
   4.103
   4.076
   4.101
   4.144
   4.193
   4.274
   4.377
   4.484
   4.594
   4.717
   4.866
   4.985
   5.081
   5.106
   5.121
   5.119
   5.108
   5.077
   5.054
   5.034
   4.985
   4.940
   4.895
   4.713
   0.000
   0.000
   3.099
   3.420
   3.583
   3.770
   3.959
   4.173
   4.404
   4.637
   4.875
   5.119
   5.374
   5.668
   5.995
   6.303
   6.656
   6.970
   7.202
   7.306
   7.268
   7.170
   7.141
   7.278
   7.683
   8.163
   8.680
   8.990
   9.003
   8.903
   8.733
   8.500
   8.132
   7.727
   7.305
   6.953
   6.654
   6.375
   6.117
   5.834
   5.556
   5.283
   5.039
   4.792
   4.612
   4.547
   4.577
   4.674
   4.794
   4.925
   5.076
   5.235
   5.394
   5.550
   5.710
   5.852
   5.983
   6.090
   6.154
   6.175
   6.165
   6.144
   6.108
   6.067
   6.009
   5.947
   5.878
   5.809
   5.584
   0.000
   0.000
   2.999
   3.286
   3.426
   3.586
   3.757
   3.959
   4.190
   4.433
   4.691
   4.951
   5.219
   5.495
   5.801
   6.113
   6.433
   6.797
   7.081
   7.337
   7.541
   7.752
   7.976
   8.212
   8.522
   8.857
   9.107
   9.224
   9.173
   9.023
   8.784
   8.494
   8.057
   7.618
   7.316
   6.995
   6.759
   6.521
   6.262
   6.011
   5.731
   5.472
   5.240
   5.013
   4.826
   4.747
   4.788
   4.921
   5.090
   5.273
   5.478
   5.680
   5.875
   6.058
   6.223
   6.370
   6.505
   6.614
   6.681
   6.702
   6.694
   6.675
   6.631
   6.569
   6.498
   6.422
   6.330
   6.246
   5.980
   0.000
   0.000
   2.864
   3.124
   3.246
   3.390
   3.543
   3.726
   3.948
   4.188
   4.451
   4.716
   4.981
   5.252
   5.532
   5.829
   6.144
   6.462
   6.832
   7.150
   7.493
   7.883
   8.270
   8.595
   8.869
   9.059
   9.145
   9.162
   9.076
   8.871
   8.566
   8.226
   7.867
   7.516
   7.252
   7.005
   6.815
   6.627
   6.405
   6.172
   5.935
   5.695
   5.472
   5.263
   5.087
   4.997
   5.020
   5.143
   5.330
   5.553
   5.790
   6.035
   6.262
   6.466
   6.652
   6.808
   6.937
   7.048
   7.120
   7.138
   7.128
   7.091
   7.039
   6.962
   6.875
   6.782
   6.675
   6.572
   6.273
   0.000
   0.000
   2.719
   2.944
   3.058
   3.188
   3.328
   3.494
   3.692
   3.928
   4.183
   4.448
   4.710
   4.974
   5.235
   5.501
   5.792
   6.117
   6.441
   6.840
   7.213
   7.576
   7.966
   8.305
   8.638
   8.763
   8.839
   8.856
   8.730
   8.475
   8.220
   7.940
   7.621
   7.379
   7.161
   6.981
   6.846
   6.696
   6.519
   6.315
   6.121
   5.915
   5.720
   5.527
   5.363
   5.265
   5.261
   5.361
   5.542
   5.775
   6.040
   6.320
   6.579
   6.814
   7.025
   7.201
   7.340
   7.449
   7.513
   7.522
   7.505
   7.463
   7.383
   7.291
   7.184
   7.067
   6.946
   6.819
   6.495
   0.000
   0.000
   2.568
   2.766
   2.871
   2.993
   3.122
   3.278
   3.464
   3.684
   3.927
   4.180
   4.434
   4.685
   4.925
   5.162
   5.419
   5.717
   6.061
   6.395
   6.759
   7.132
   7.435
   7.722
   7.964
   8.133
   8.245
   8.249
   8.183
   8.022
   7.810
   7.573
   7.380
   7.203
   7.055
   6.948
   6.863
   6.763
   6.626
   6.472
   6.313
   6.153
   5.988
   5.821
   5.664
   5.558
   5.526
   5.587
   5.740
   5.964
   6.243
   6.549
   6.839
   7.104
   7.343
   7.540
   7.689
   7.797
   7.863
   7.869
   7.843
   7.778
   7.681
   7.561
   7.433
   7.297
   7.148
   6.999
   6.657
   0.000
   0.000
   2.418
   2.596
   2.691
   2.805
   2.931
   3.078
   3.255
   3.462
   3.685
   3.918
   4.150
   4.376
   4.588
   4.801
   5.029
   5.289
   5.577
   5.888
   6.226
   6.534
   6.820
   7.086
   7.286
   7.437
   7.569
   7.625
   7.583
   7.501
   7.378
   7.255
   7.124
   7.020
   6.952
   6.910
   6.876
   6.834
   6.752
   6.642
   6.520
   6.398
   6.269
   6.132
   5.995
   5.882
   5.817
   5.837
   5.946
   6.138
   6.409
   6.718
   7.025
   7.314
   7.583
   7.805
   7.971
   8.087
   8.149
   8.146
   8.102
   8.027
   7.900
   7.758
   7.601
   7.449
   7.283
   7.120
   6.762
   0.000
   0.000
   2.253
   2.421
   2.513
   2.625
   2.741
   2.882
   3.048
   3.240
   3.450
   3.663
   3.868
   4.062
   4.247
   4.424
   4.621
   4.845
   5.095
   5.360
   5.637
   5.911
   6.171
   6.413
   6.605
   6.758
   6.888
   6.981
   7.019
   7.012
   6.963
   6.919
   6.871
   6.849
   6.852
   6.877
   6.909
   6.918
   6.889
   6.814
   6.734
   6.644
   6.543
   6.442
   6.331
   6.223
   6.143
   6.117
   6.190
   6.343
   6.573
   6.858
   7.166
   7.465
   7.752
   8.001
   8.189
   8.319
   8.373
   8.369
   8.303
   8.206
   8.062
   7.894
   7.721
   7.547
   7.367
   7.184
   6.827
   0.000
   0.000
   2.082
   2.232
   2.329
   2.444
   2.555
   2.688
   2.845
   3.024
   3.223
   3.418
   3.602
   3.770
   3.924
   4.071
   4.235
   4.426
   4.640
   4.868
   5.113
   5.353
   5.579
   5.787
   5.964
   6.122
   6.260
   6.389
   6.490
   6.547
   6.586
   6.619
   6.648
   6.697
   6.758
   6.835
   6.917
   6.983
   7.000
   6.965
   6.915
   6.853
   6.779
   6.705
   6.626
   6.541
   6.465
   6.420
   6.450
   6.565
   6.753
   7.015
   7.290
   7.583
   7.878
   8.135
   8.331
   8.466
   8.521
   8.500
   8.431
   8.312
   8.154
   7.968
   7.784
   7.599
   7.409
   7.217
   6.857
   0.000
   0.000
   1.916
   2.055
   2.152
   2.265
   2.378
   2.504
   2.651
   2.823
   3.009
   3.195
   3.367
   3.518
   3.653
   3.773
   3.909
   4.060
   4.240
   4.440
   4.652
   4.869
   5.082
   5.279
   5.457
   5.618
   5.773
   5.924
   6.065
   6.177
   6.278
   6.366
   6.453
   6.547
   6.649
   6.764
   6.887
   6.995
   7.059
   7.067
   7.047
   7.004
   6.950
   6.900
   6.851
   6.790
   6.738
   6.705
   6.705
   6.786
   6.956
   7.188
   7.405
   7.676
   7.958
   8.213
   8.385
   8.502
   8.550
   8.522
   8.441
   8.317
   8.144
   7.954
   7.764
   7.576
   7.383
   7.198
   6.845
   0.000
   0.000
   1.765
   1.890
   1.986
   2.105
   2.217
   2.330
   2.465
   2.629
   2.806
   2.985
   3.149
   3.296
   3.422
   3.530
   3.639
   3.765
   3.910
   4.078
   4.263
   4.463
   4.661
   4.858
   5.041
   5.219
   5.393
   5.562
   5.731
   5.881
   6.016
   6.144
   6.265
   6.395
   6.526
   6.660
   6.810
   6.950
   7.054
   7.102
   7.117
   7.100
   7.063
   7.034
   7.014
   6.984
   6.957
   6.946
   6.959
   7.013
   7.162
   7.364
   7.558
   7.787
   8.026
   8.240
   8.400
   8.488
   8.507
   8.465
   8.372
   8.231
   8.058
   7.866
   7.683
   7.496
   7.310
   7.137
   6.793
   0.000
   0.000
   1.630
   1.747
   1.830
   1.947
   2.064
   2.178
   2.300
   2.438
   2.601
   2.772
   2.938
   3.086
   3.213
   3.320
   3.421
   3.527
   3.652
   3.791
   3.953
   4.126
   4.310
   4.495
   4.683
   4.875
   5.065
   5.250
   5.429
   5.596
   5.761
   5.908
   6.058
   6.210
   6.365
   6.520
   6.679
   6.831
   6.961
   7.046
   7.095
   7.110
   7.098
   7.089
   7.099
   7.102
   7.100
   7.119
   7.158
   7.225
   7.348
   7.521
   7.685
   7.871
   8.063
   8.230
   8.351
   8.422
   8.415
   8.353
   8.237
   8.086
   7.909
   7.723
   7.546
   7.371
   7.207
   7.051
   6.727
   0.000
 -65.534
 -65.534
   1.583
   1.687
   1.788
   1.902
   2.018
   2.141
   2.265
   2.412
   2.573
   2.724
   2.869
   2.997
   3.109
   3.217
   3.323
   3.437
   3.561
   3.701
   3.854
   4.019
   4.189
   4.366
   4.556
   4.753
   4.943
   5.132
   5.311
   5.484
   5.656
   5.822
   5.985
   6.152
   6.320
   6.490
   6.654
   6.789
   6.897
   6.974
   7.018
   7.030
   7.049
   7.084
   7.119
   7.146
   7.196
   7.262
   7.349
   7.469
   7.620
   7.775
   7.915
   8.064
   8.182
   8.264
   8.304
   8.280
   8.190
   8.056
   7.890
   7.714
   7.532
   7.375
   7.223
   7.087
   6.953
   6.639
   0.000
 -65.534
 -65.534
 -65.534
   1.521
   1.618
   1.725
   1.844
   1.965
   2.089
   2.229
   2.378
   2.509
   2.640
   2.767
   2.883
   2.994
   3.109
   3.225
   3.344
   3.480
   3.618
   3.765
   3.915
   4.080
   4.255
   4.442
   4.625
   4.811
   4.999
   5.183
   5.365
   5.545
   5.725
   5.906
   6.091
   6.265
   6.438
   6.588
   6.697
   6.783
   6.845
   6.888
   6.934
   7.007
   7.064
   7.122
   7.195
   7.283
   7.387
   7.515
   7.652
   7.791
   7.907
   8.028
   8.115
   8.154
   8.150
   8.115
   8.010
   7.864
   7.698
   7.524
   7.359
   7.216
   7.095
   6.994
   6.879
   6.566
   0.000
 -65.534
 -65.534
 -65.534
 -65.534
   1.426
   1.552
   1.658
   1.776
   1.904
   2.041
   2.177
   2.305
   2.425
   2.544
   2.656
   2.768
   2.882
   2.998
   3.117
   3.242
   3.372
   3.511
   3.651
   3.798
   3.956
   4.124
   4.293
   4.472
   4.659
   4.847
   5.034
   5.226
   5.421
   5.623
   5.827
   6.018
   6.206
   6.347
   6.462
   6.548
   6.613
   6.669
   6.751
   6.844
   6.931
   7.015
   7.116
   7.221
   7.331
   7.468
   7.597
   7.721
   7.837
   7.927
   7.988
   8.004
   7.976
   7.924
   7.822
   7.688
   7.533
   7.376
   7.234
   7.119
   7.029
   6.957
   6.879
   6.564
   0.000
 -65.534
 -65.534
 -65.534
 -65.534
   1.296
   1.394
   1.486
   1.590
   1.716
   1.854
   1.988
   2.108
   2.223
   2.331
   2.435
   2.541
   2.651
   2.757
   2.867
   2.982
   3.100
   3.218
   3.349
   3.487
   3.635
   3.790
   3.953
   4.119
   4.300
   4.487
   4.681
   4.882
   5.090
   5.308
   5.529
   5.740
   5.927
   6.079
   6.198
   6.279
   6.337
   6.392
   6.489
   6.607
   6.723
   6.827
   6.946
   7.058
   7.172
   7.300
   7.443
   7.566
   7.665
   7.749
   7.781
   7.779
   7.740
   7.681
   7.601
   7.496
   7.377
   7.253
   7.141
   7.061
   7.013
   6.970
   6.925
   6.626
   0.000
 -65.534
 -65.534
 -65.534
 -65.534
   1.203
   1.275
   1.349
   1.438
   1.544
   1.677
   1.808
   1.922
   2.026
   2.129
   2.225
   2.318
   2.410
   2.508
   2.605
   2.701
   2.799
   2.900
   3.012
   3.141
   3.279
   3.431
   3.587
   3.757
   3.935
   4.125
   4.323
   4.530
   4.750
   4.975
   5.196
   5.411
   5.601
   5.755
   5.874
   5.970
   6.045
   6.122
   6.192
   6.318
   6.445
   6.567
   6.701
   6.834
   6.951
   7.090
   7.234
   7.354
   7.443
   7.498
   7.516
   7.498
   7.457
   7.409
   7.354
   7.282
   7.209
   7.127
   7.060
   7.026
   7.008
   6.994
   6.961
   6.667
   0.000
 -65.534
 -65.534
 -65.534
 -65.534
   1.190
   1.235
   1.281
   1.336
   1.403
   1.511
   1.622
   1.728
   1.820
   1.915
   2.004
   2.082
   2.165
   2.248
   2.332
   2.418
   2.495
   2.580
   2.677
   2.794
   2.925
   3.068
   3.228
   3.399
   3.585
   3.774
   3.970
   4.179
   4.392
   4.603
   4.815
   5.022
   5.206
   5.361
   5.486
   5.590
   5.696
   5.792
   5.896
   6.020
   6.150
   6.271
   6.406
   6.547
   6.687
   6.830
   6.977
   7.094
   7.177
   7.217
   7.230
   7.215
   7.172
   7.130
   7.088
   7.053
   7.031
   7.004
   6.986
   6.985
   6.983
   6.982
   6.930
   6.630
   0.000
 -65.534
 -65.534
 -65.534
 -65.534
 -65.534
 -65.534
 -65.534
 -65.534
   1.267
   1.371
   1.455
   1.540
   1.619
   1.699
   1.779
   1.855
   1.933
   2.007
   2.085
   2.156
   2.220
   2.291
   2.377
   2.483
   2.609
   2.746
   2.902
   3.070
   3.246
   3.435
   3.624
   3.814
   4.007
   4.199
   4.389
   4.574
   4.751
   4.913
   5.045
   5.168
   5.293
   5.419
   5.563
   5.704
   5.832
   5.963
   6.116
   6.266
   6.393
   6.541
   6.688
   6.806
   6.885
   6.928
   6.941
   6.921
   6.888
   6.855
   6.830
   6.821
   6.838
   6.870
   6.901
   6.910
   6.913
   6.900
   6.837
   6.519
   0.000
 -65.534
 -65.534
 -65.534
 -65.534
 -65.534
 -65.534
   0.736
   1.039
   1.235
   1.259
   1.319
   1.385
   1.454
   1.521
   1.591
   1.670
   1.743
   1.812
   1.874
   1.932
   1.989
   2.049
   2.128
   2.233
   2.356
   2.491
   2.638
   2.802
   2.967
   3.134
   3.297
   3.464
   3.628
   3.789
   3.957
   4.123
   4.286
   4.439
   4.592
   4.745
   4.897
   5.053
   5.211
   5.370
   5.518
   5.665
   5.806
   5.937
   6.083
   6.241
   6.383
   6.505
   6.578
   6.619
   6.626
   6.612
   6.594
   6.569
   6.550
   6.563
   6.617
   6.698
   6.765
   6.788
   6.788
   6.765
   6.700
   6.324
   0.000
 -65.534
 -65.534
 -65.534
 -65.534
 -65.534
 -65.534
 -65.534
 -65.534
 -65.534
   1.205
   1.251
   1.297
   1.350
   1.404
   1.460
   1.515
   1.585
   1.648
   1.699
   1.749
   1.799
   1.859
   1.942
   2.046
   2.170
   2.310
   2.454
   2.601
   2.747
   2.890
   3.028
   3.162
   3.295
   3.430
   3.568
   3.708
   3.857
   4.012
   4.169
   4.334
   4.508
   4.688
   4.873
   5.041
   5.195
   5.340
   5.482
   5.610
   5.744
   5.876
   6.004
   6.113
   6.187
   6.228
   6.240
   6.236
   6.220
   6.198
   6.190
   6.231
   6.315
   6.428
   6.518
   6.541
   6.542
   6.529
   6.451
   6.040
   0.000
 -65.534
 -65.534
 -65.534
 -65.534
 -65.534
 -65.534
 -65.534
 -65.534
 -65.534
 -65.534
 -65.534
 -65.534
 -65.534
 -65.534
 -65.534
   1.430
   1.485
   1.518
   1.548
   1.573
   1.643
   1.721
   1.812
   1.922
   2.047
   2.180
   2.317
   2.457
   2.588
   2.709
   2.821
   2.925
   3.030
   3.142
   3.256
   3.379
   3.505
   3.641
   3.789
   3.963
   4.153
   4.350
   4.549
   4.733
   4.893
   5.032
   5.160
   5.282
   5.399
   5.517
   5.633
   5.731
   5.801
   5.838
   5.842
   5.824
   5.799
   5.775
   5.779
   5.844
   5.960
   6.081
   6.170
   6.210
   6.221
   6.190
   6.104
   5.665
   0.000
 -65.534
 -65.534
 -65.534
 -65.534
 -65.534
 -65.534
 -65.534
 -65.534
 -65.534
 -65.534
 -65.534
 -65.534
 -65.534
 -65.534
 -65.534
 -65.534
 -65.534
 -65.534
 -65.534
   1.433
   1.525
   1.621
   1.726
   1.842
   1.965
   2.091
   2.221
   2.343
   2.458
   2.568
   2.664
   2.750
   2.836
   2.928
   3.029
   3.133
   3.246
   3.369
   3.503
   3.666
   3.855
   4.058
   4.267
   4.457
   4.622
   4.758
   4.873
   4.981
   5.075
   5.176
   5.276
   5.364
   5.425
   5.447
   5.439
   5.400
   5.353
   5.328
   5.349
   5.440
   5.578
   5.700
   5.797
   5.842
   5.837
   5.801
   5.705
   5.249
   0.000
 -65.534
 -65.534
 -65.534
 -65.534
 -65.534
 -65.534
 -65.534
 -65.534
 -65.534
 -65.534
 -65.534
 -65.534
 -65.534
 -65.534
 -65.534
 -65.534
 -65.534
 -65.534
   0.990
   1.390
   1.450
   1.547
   1.663
   1.791
   1.914
   2.034
   2.150
   2.262
   2.363
   2.457
   2.540
   2.625
   2.699
   2.783
   2.875
   2.969
   3.068
   3.176
   3.298
   3.451
   3.624
   3.822
   4.026
   4.218
   4.381
   4.507
   4.606
   4.692
   4.779
   4.859
   4.938
   5.006
   5.050
   5.052
   5.022
   4.966
   4.902
   4.877
   4.916
   5.022
   5.155
   5.276
   5.370
   5.415
   5.408
   5.361
   5.265
   4.803
   0.000
 -65.534
 -65.534
 -65.534
 -65.534
 -65.534
 -65.534
 -65.534
 -65.534
 -65.534
 -65.534
 -65.534
 -65.534
 -65.534
 -65.534
 -65.534
 -65.534
 -65.534
   0.768
   1.193
   1.334
   1.406
   1.493
   1.605
   1.741
   1.867
   1.984
   2.095
   2.194
   2.286
   2.370
   2.449
   2.523
   2.591
   2.662
   2.743
   2.829
   2.914
   3.008
   3.117
   3.250
   3.414
   3.602
   3.799
   3.988
   4.147
   4.263
   4.346
   4.421
   4.486
   4.554
   4.617
   4.670
   4.694
   4.676
   4.632
   4.563
   4.495
   4.479
   4.526
   4.631
   4.753
   4.869
   4.952
   4.982
   4.969
   4.918
   4.820
   4.374
   0.000
 -65.534
 -65.534
 -65.534
 -65.534
 -65.534
 -65.534
 -65.534
 -65.534
 -65.534
 -65.534
 -65.534
 -65.534
 -65.534
 -65.534
 -65.534
 -65.534
 -65.534
   1.016
   1.228
   1.319
   1.387
   1.459
   1.550
   1.675
   1.809
   1.921
   2.028
   2.125
   2.212
   2.288
   2.363
   2.433
   2.494
   2.552
   2.612
   2.680
   2.749
   2.828
   2.921
   3.039
   3.187
   3.363
   3.554
   3.733
   3.886
   3.997
   4.078
   4.150
   4.208
   4.263
   4.313
   4.374
   4.405
   4.389
   4.350
   4.288
   4.216
   4.186
   4.226
   4.302
   4.395
   4.481
   4.542
   4.570
   4.558
   4.514
   4.420
   3.975
   0.000
 -65.534
 -65.534
 -65.534
 -65.534
 -65.534
 -65.534
 -65.534
 -65.534
 -65.534
 -65.534
 -65.534
 -65.534
 -65.534
 -65.534
 -65.534
 -65.534
 -65.534
   1.171
   1.277
   1.352
   1.399
   1.451
   1.514
   1.608
   1.736
   1.842
   1.945
   2.041
   2.130
   2.214
   2.288
   2.356
   2.406
   2.450
   2.495
   2.543
   2.591
   2.647
   2.726
   2.832
   2.967
   3.127
   3.300
   3.465
   3.601
   3.710
   3.792
   3.861
   3.921
   3.969
   4.016
   4.077
   4.105
   4.115
   4.111
   4.083
   4.028
   3.998
   4.005
   4.040
   4.080
   4.119
   4.150
   4.159
   4.109
   4.061
   3.970
   3.596
   0.000
 -65.534
 -65.534
 -65.534
 -65.534
 -65.534
 -65.534
 -65.534
 -65.534
 -65.534
 -65.534
 -65.534
 -65.534
 -65.534
 -65.534
 -65.534
 -65.534
 -65.534
   1.376
   1.365
   1.404
   1.435
   1.465
   1.506
   1.567
   1.661
   1.769
   1.859
   1.953
   2.049
   2.137
   2.218
   2.286
   2.330
   2.367
   2.398
   2.434
   2.469
   2.514
   2.577
   2.667
   2.785
   2.922
   3.067
   3.208
   3.331
   3.430
   3.505
   3.574
   3.632
   3.677
   3.728
   3.790
   3.834
   3.872
   3.905
   3.916
   3.900
   3.859
   3.846
   3.835
   3.830
   3.817
   3.801
   3.769
   3.703
   3.643
   3.545
   3.201
   0.000
 -65.534
 -65.534
 -65.534
 -65.534
 -65.534
 -65.534
 -65.534
 -65.534
 -65.534
 -65.534
 -65.534
 -65.534
 -65.534
 -65.534
 -65.534
 -65.534
 -65.534
 -65.534
   1.497
   1.463
   1.482
   1.502
   1.526
   1.563
   1.619
   1.698
   1.779
   1.869
   1.964
   2.063
   2.150
   2.216
   2.256
   2.291
   2.317
   2.348
   2.382
   2.416
   2.472
   2.546
   2.635
   2.742
   2.858
   2.982
   3.092
   3.183
   3.252
   3.309
   3.353
   3.400
   3.448
   3.515
   3.568
   3.624
   3.674
   3.722
   3.727
   3.711
   3.688
   3.656
   3.620
   3.577
   3.519
   3.451
   3.369
   3.267
   3.143
   2.786
   0.000
 -65.534
 -65.534
 -65.534
 -65.534
 -65.534
 -65.534
 -65.534
 -65.534
 -65.534
 -65.534
 -65.534
 -65.534
 -65.534
 -65.534
 -65.534
 -65.534
 -65.534
 -65.534
 -65.534
   1.555
   1.532
   1.552
   1.567
   1.587
   1.617
   1.662
   1.720
   1.793
   1.881
   1.974
   2.069
   2.138
   2.184
   2.220
   2.261
   2.305
   2.317
   2.344
   2.375
   2.425
   2.510
   2.592
   2.689
   2.795
   2.895
   2.982
   3.047
   3.095
   3.129
   3.162
   3.186
   3.246
   3.296
   3.343
   3.394
   3.441
   3.471
   3.482
   3.471
   3.442
   3.410
   3.361
   3.292
   3.199
   3.088
   2.955
   2.780
   2.390
   0.000
 -65.534
 -65.534
 -65.534
 -65.534
 -65.534
 -65.534
 -65.534
 -65.534
 -65.534
 -65.534
 -65.534
 -65.534
 -65.534
 -65.534
 -65.534
 -65.534
 -65.534
 -65.534
 -65.534
 -65.534
   1.589
   1.593
   1.605
   1.614
   1.624
   1.656
   1.694
   1.741
   1.806
   1.883
   1.971
   2.029
   2.054
   2.044
   1.990
   1.771
 -65.534
 -65.534
 -65.534
 -65.534
   2.349
   2.476
   2.579
   2.660
   2.744
   2.815
   2.867
   2.898
   2.916
   2.933
   2.955
   3.001
   3.042
   3.082
   3.132
   3.171
   3.198
   3.213
   3.219
   3.202
   3.172
   3.118
   3.044
   2.945
   2.827
   2.675
   2.477
   2.054
   0.000
 -65.534
 -65.534
 -65.534
 -65.534
 -65.534
 -65.534
 -65.534
 -65.534
 -65.534
 -65.534
 -65.534
 -65.534
 -65.534
 -65.534
 -65.534
 -65.534
 -65.534
 -65.534
 -65.534
 -65.534
 -65.534
 -65.534
 -65.534
 -65.534
   1.602
   1.635
   1.674
   1.716
   1.764
   1.816
   1.872
   1.896
   1.887
   1.832
   1.700
   1.440
 -65.534
 -65.534
 -65.534
 -65.534
 -65.534
 -65.534
   2.366
   2.541
   2.616
   2.667
   2.686
   2.706
   2.720
   2.738
   2.762
   2.781
   2.808
   2.841
   2.876
   2.908
   2.932
   2.942
   2.940
   2.917
   2.872
   2.814
   2.737
   2.633
   2.506
   2.363
   2.150
   1.730
   0.000
 -65.534
 -65.534
 -65.534
 -65.534
 -65.534
 -65.534
 -65.534
 -65.534
 -65.534
 -65.534
 -65.534
 -65.534
 -65.534
 -65.534
 -65.534
 -65.534
 -65.534
 -65.534
 -65.534
 -65.534
 -65.534
 -65.534
 -65.534
 -65.534
   1.559
   1.593
   1.631
   1.667
   1.703
   1.749
   1.768
   1.756
   1.715
   1.629
   1.504
   1.311
 -65.534
 -65.534
 -65.534
 -65.534
 -65.534
 -65.534
 -65.534
   2.327
   2.464
   2.479
   2.517
   2.514
   2.517
   2.515
   2.528
   2.546
   2.568
   2.591
   2.616
   2.633
   2.638
   2.628
   2.611
   2.578
   2.533
   2.474
   2.394
   2.291
   2.158
   1.993
   1.788
   1.388
   0.000
 -65.534
 -65.534
 -65.534
 -65.534
 -65.534
 -65.534
 -65.534
 -65.534
 -65.534
 -65.534
 -65.534
 -65.534
 -65.534
 -65.534
 -65.534
 -65.534
 -65.534
 -65.534
 -65.534
 -65.534
 -65.534
 -65.534
 -65.534
 -65.534
 -65.534
 -65.534
 -65.534
 -65.534
 -65.534
   1.612
   1.602
   1.578
   1.552
   1.475
   1.369
   1.194
   0.443
 -65.534
 -65.534
 -65.534
 -65.534
 -65.534
 -65.534
   1.914
   1.871
 -65.534
   2.144
   2.239
   2.274
   2.350
   2.367
   2.374
   2.366
   2.361
   2.353
   2.342
   2.325
   2.300
   2.269
   2.226
   2.169
   2.102
   2.013
   1.902
   1.768
   1.606
   1.410
   1.054
   0.000
 -65.534
 -65.534
 -65.534
 -65.534
 -65.534
 -65.534
 -65.534
 -65.534
 -65.534
 -65.534
 -65.534
 -65.534
 -65.534
 -65.534
 -65.534
 -65.534
 -65.534
 -65.534
 -65.534
 -65.534
 -65.534
 -65.534
 -65.534
 -65.534
 -65.534
 -65.534
 -65.534
 -65.534
 -65.534
 -65.534
 -65.534
 -65.534
   1.430
   1.361
   1.278
   1.112
   0.587
   0.253
 -65.534
 -65.534
 -65.534
 -65.534
 -65.534
 -65.534
 -65.534
 -65.534
 -65.534
 -65.534
 -65.534
   1.913
   2.049
   2.083
   2.167
   2.146
   2.109
   2.058
   2.019
   1.975
   1.919
   1.860
   1.787
   1.706
   1.609
   1.501
   1.379
   1.233
   1.054
   0.757
   0.000
 -65.534
 -65.534
 -65.534
 -65.534
 -65.534
 -65.534
 -65.534
 -65.534
 -65.534
 -65.534
 -65.534
 -65.534
 -65.534
 -65.534
 -65.534
 -65.534
 -65.534
 -65.534
 -65.534
 -65.534
 -65.534
 -65.534
 -65.534
 -65.534
 -65.534
 -65.534
 -65.534
 -65.534
 -65.534
 -65.534
 -65.534
 -65.534
   1.240
   1.195
   1.116
   0.958
   0.630
   0.332
   0.172
   0.124
 -65.534
 -65.534
 -65.534
 -65.534
 -65.534
 -65.534
 -65.534
 -65.534
 -65.534
 -65.534
 -65.534
 -65.534
   1.611
   1.716
   1.704
   1.750
   1.709
   1.644
   1.571
   1.490
   1.406
   1.317
   1.224
   1.117
   1.010
   0.899
   0.765
   0.530
   0.000
 -65.534
 -65.534
 -65.534
 -65.534
 -65.534
 -65.534
 -65.534
 -65.534
 -65.534
 -65.534
 -65.534
 -65.534
 -65.534
 -65.534
 -65.534
 -65.534
 -65.534
 -65.534
 -65.534
 -65.534
 -65.534
 -65.534
 -65.534
 -65.534
 -65.534
 -65.534
 -65.534
 -65.534
 -65.534
 -65.534
 -65.534
 -65.534
 -65.534
 -65.534
 -65.534
 -65.534
   0.535
   0.356
   0.217
   0.135
   0.102
   0.086
   0.073
   0.056
   0.030
 -65.534
 -65.534
 -65.534
 -65.534
 -65.534
 -65.534
 -65.534
 -65.534
 -65.534
 -65.534
   1.265
   1.357
   1.324
   1.247
   1.142
   1.045
   0.958
   0.865
   0.774
   0.687
   0.603
   0.502
   0.328
   0.000
 -65.534
 -65.534
 -65.534
 -65.534
 -65.534
 -65.534
 -65.534
 -65.534
 -65.534
 -65.534
 -65.534
 -65.534
 -65.534
 -65.534
 -65.534
 -65.534
 -65.534
 -65.534
 -65.534
 -65.534
 -65.534
 -65.534
 -65.534
 -65.534
 -65.534
 -65.534
 -65.534
 -65.534
 -65.534
 -65.534
 -65.534
 -65.534
 -65.534
 -65.534
 -65.534
 -65.534
 -65.534
 -65.534
 -65.534
 -65.534
   0.089
 -65.534
 -65.534
 -65.534
 -65.534
 -65.534
 -65.534
 -65.534
 -65.534
 -65.534
 -65.534
 -65.534
 -65.534
 -65.534
 -65.534
   0.753
   0.876
   0.890
   0.837
   0.802
   0.718
   0.621
   0.542
   0.469
   0.397
   0.338
   0.270
   0.143
   0.000
 -65.534
 -65.534
 -65.534
 -65.534
 -65.534
 -65.534
 -65.534
 -65.534
 -65.534
 -65.534
 -65.534
 -65.534
 -65.534
 -65.534
 -65.534
 -65.534
 -65.534
 -65.534
 -65.534
 -65.534
 -65.534
 -65.534
 -65.534
 -65.534
 -65.534
 -65.534
 -65.534
 -65.534
 -65.534
 -65.534
 -65.534
 -65.534
 -65.534
 -65.534
 -65.534
 -65.534
 -65.534
 -65.534
 -65.534
 -65.534
 -65.534
 -65.534
 -65.534
 -65.534
 -65.534
 -65.534
 -65.534
 -65.534
 -65.534
 -65.534
 -65.534
 -65.534
 -65.534
 -65.534
 -65.534
 -65.534
 -65.534
 -65.534
 -65.534
   0.379
   0.330
   0.265
   0.206
   0.153
   0.105
   0.070
   0.041
  -0.020
   0.000
 -65.534
 -65.534
 -65.534
 -65.534
 -65.534
 -65.534
 -65.534
 -65.534
 -65.534
 -65.534
 -65.534
 -65.534
 -65.534
 -65.534
 -65.534
 -65.534
 -65.534
 -65.534
 -65.534
 -65.534
 -65.534
 -65.534
 -65.534
 -65.534
 -65.534
 -65.534
 -65.534
 -65.534
 -65.534
 -65.534
 -65.534
 -65.534
 -65.534
 -65.534
 -65.534
 -65.534
 -65.534
 -65.534
 -65.534
 -65.534
 -65.534
 -65.534
 -65.534
 -65.534
 -65.534
 -65.534
 -65.534
 -65.534
 -65.534
 -65.534
 -65.534
 -65.534
 -65.534
 -65.534
 -65.534
 -65.534
 -65.534
 -65.534
 -65.534
 -65.534
 -65.534
   0.000
   0.000
   0.000
   0.000
   0.000
   0.000
   0.000
 -65.534
