 -65.534
   0.000
   0.000
   0.000
   0.000
   0.000
   0.000
   0.000
   0.000
   0.000
   0.000
   0.000
   0.000
   0.000
   0.000
   0.000
   0.000
   0.000
   0.000
   0.000
   0.000
   0.000
   0.000
   0.000
   0.000
   0.000
   0.000
   0.000
   0.000
   0.000
   0.000
   0.000
   0.000
   0.000
   0.000
   0.000
   0.000
   0.000
   0.000
   0.000
   0.000
   0.000
   0.000
   0.000
   0.000
   0.000
   0.000
   0.000
   0.000
   0.000
   0.000
   0.000
   0.000
   0.000
   0.000
   0.000
   0.000
   0.000
   0.000
   0.000
   0.000
   0.000
   0.000
   0.000
   0.000
   0.000
   0.000
   0.000
 -65.534
   0.000
   0.998
   1.106
   1.157
   1.215
   1.281
   1.345
   1.416
   1.489
   1.559
   1.629
   1.700
   1.769
   1.836
   1.889
   1.938
   1.977
   2.004
   2.007
   1.981
   1.921
   1.844
   1.770
   1.652
   1.685
   1.759
   1.812
   1.835
   1.829
   1.804
   1.774
   1.756
   1.722
   1.669
   1.664
   1.618
   1.595
   1.558
   1.501
   1.463
   1.423
   1.397
   1.395
   1.382
   1.355
   1.330
   1.293
   1.255
   1.224
   1.206
   1.203
   1.214
   1.235
   1.260
   1.298
   1.328
   1.351
   1.367
   1.375
   1.384
   1.394
   1.407
   1.423
   1.437
   1.445
   1.454
   1.461
   1.421
   0.000
   0.000
   1.097
   1.193
   1.236
   1.295
   1.363
   1.438
   1.517
   1.599
   1.681
   1.758
   1.834
   1.907
   1.973
   2.027
   2.074
   2.114
   2.146
   2.158
   2.148
   2.112
   2.054
   2.000
   1.919
   1.931
   1.968
   1.996
   2.007
   1.991
   1.961
   1.925
   1.891
   1.862
   1.821
   1.795
   1.766
   1.731
   1.703
   1.666
   1.631
   1.607
   1.592
   1.588
   1.579
   1.562
   1.540
   1.512
   1.484
   1.460
   1.443
   1.437
   1.449
   1.470
   1.502
   1.530
   1.558
   1.580
   1.598
   1.608
   1.613
   1.620
   1.631
   1.646
   1.658
   1.669
   1.678
   1.688
   1.642
   0.000
   0.000
   1.101
   1.185
   1.219
   1.270
   1.334
   1.407
   1.489
   1.574
   1.658
   1.742
   1.824
   1.903
   1.976
   2.037
   2.089
   2.135
   2.170
   2.190
   2.189
   2.168
   2.128
   2.090
   2.055
   2.031
   2.047
   2.056
   2.048
   2.023
   1.994
   1.961
   1.931
   1.897
   1.867
   1.841
   1.805
   1.774
   1.742
   1.706
   1.681
   1.662
   1.650
   1.645
   1.640
   1.631
   1.615
   1.598
   1.583
   1.566
   1.554
   1.549
   1.557
   1.576
   1.603
   1.626
   1.650
   1.669
   1.683
   1.692
   1.698
   1.705
   1.715
   1.727
   1.742
   1.756
   1.766
   1.775
   1.727
   0.000
   0.000
   1.109
   1.181
   1.202
   1.240
   1.295
   1.362
   1.441
   1.522
   1.606
   1.692
   1.777
   1.862
   1.941
   2.009
   2.069
   2.116
   2.152
   2.176
   2.183
   2.173
   2.142
   2.116
   2.104
   2.083
   2.088
   2.081
   2.064
   2.034
   2.005
   1.979
   1.947
   1.917
   1.890
   1.861
   1.825
   1.790
   1.759
   1.726
   1.700
   1.686
   1.678
   1.676
   1.674
   1.672
   1.669
   1.663
   1.655
   1.650
   1.643
   1.640
   1.647
   1.659
   1.679
   1.695
   1.708
   1.721
   1.729
   1.732
   1.733
   1.738
   1.750
   1.763
   1.782
   1.799
   1.813
   1.822
   1.775
   0.000
   0.000
   1.118
   1.180
   1.193
   1.220
   1.264
   1.318
   1.385
   1.463
   1.546
   1.628
   1.712
   1.797
   1.878
   1.949
   2.009
   2.062
   2.100
   2.125
   2.140
   2.138
   2.115
   2.097
   2.082
   2.091
   2.094
   2.071
   2.045
   2.011
   1.985
   1.960
   1.936
   1.912
   1.892
   1.866
   1.827
   1.791
   1.757
   1.725
   1.699
   1.690
   1.684
   1.689
   1.695
   1.701
   1.705
   1.707
   1.714
   1.717
   1.718
   1.717
   1.721
   1.731
   1.742
   1.751
   1.754
   1.755
   1.753
   1.744
   1.740
   1.742
   1.751
   1.769
   1.792
   1.811
   1.829
   1.840
   1.796
   0.000
   0.000
   1.123
   1.180
   1.190
   1.207
   1.237
   1.280
   1.336
   1.404
   1.478
   1.556
   1.637
   1.719
   1.796
   1.866
   1.930
   1.982
   2.023
   2.051
   2.069
   2.073
   2.066
   2.061
   2.065
   2.068
   2.044
   2.016
   1.987
   1.954
   1.930
   1.916
   1.902
   1.889
   1.873
   1.853
   1.820
   1.786
   1.750
   1.719
   1.693
   1.683
   1.684
   1.691
   1.702
   1.714
   1.727
   1.742
   1.760
   1.772
   1.776
   1.780
   1.786
   1.792
   1.799
   1.800
   1.794
   1.784
   1.768
   1.748
   1.734
   1.729
   1.737
   1.753
   1.775
   1.798
   1.818
   1.833
   1.794
   0.000
   0.000
   1.128
   1.183
   1.191
   1.204
   1.221
   1.250
   1.294
   1.350
   1.415
   1.485
   1.558
   1.632
   1.705
   1.770
   1.830
   1.885
   1.923
   1.954
   1.975
   1.983
   1.981
   1.978
   1.981
   1.977
   1.953
   1.926
   1.896
   1.866
   1.852
   1.848
   1.847
   1.845
   1.838
   1.824
   1.798
   1.768
   1.738
   1.710
   1.689
   1.680
   1.679
   1.686
   1.702
   1.719
   1.740
   1.765
   1.791
   1.811
   1.825
   1.833
   1.840
   1.847
   1.848
   1.840
   1.825
   1.802
   1.775
   1.740
   1.715
   1.700
   1.701
   1.714
   1.734
   1.758
   1.781
   1.798
   1.766
   0.000
   0.000
   1.107
   1.173
   1.188
   1.202
   1.209
   1.225
   1.257
   1.305
   1.360
   1.420
   1.485
   1.551
   1.613
   1.671
   1.723
   1.771
   1.813
   1.843
   1.863
   1.876
   1.879
   1.879
   1.879
   1.869
   1.845
   1.820
   1.791
   1.764
   1.754
   1.762
   1.772
   1.780
   1.785
   1.782
   1.766
   1.747
   1.722
   1.701
   1.684
   1.679
   1.676
   1.681
   1.695
   1.719
   1.744
   1.775
   1.809
   1.839
   1.861
   1.875
   1.885
   1.888
   1.883
   1.869
   1.843
   1.811
   1.769
   1.723
   1.687
   1.663
   1.655
   1.658
   1.674
   1.699
   1.722
   1.746
   1.719
   0.000
   0.000
   1.062
   1.135
   1.162
   1.181
   1.188
   1.197
   1.220
   1.258
   1.306
   1.360
   1.414
   1.469
   1.523
   1.572
   1.617
   1.658
   1.695
   1.727
   1.754
   1.772
   1.779
   1.785
   1.784
   1.767
   1.741
   1.714
   1.685
   1.662
   1.660
   1.674
   1.689
   1.706
   1.726
   1.734
   1.731
   1.721
   1.705
   1.688
   1.678
   1.674
   1.672
   1.674
   1.686
   1.710
   1.740
   1.775
   1.817
   1.855
   1.884
   1.902
   1.913
   1.914
   1.902
   1.876
   1.842
   1.795
   1.740
   1.681
   1.636
   1.608
   1.594
   1.594
   1.607
   1.628
   1.655
   1.681
   1.659
   0.000
   0.000
   1.009
   1.087
   1.122
   1.150
   1.162
   1.170
   1.185
   1.213
   1.251
   1.296
   1.344
   1.392
   1.437
   1.479
   1.517
   1.555
   1.590
   1.624
   1.653
   1.677
   1.692
   1.700
   1.698
   1.680
   1.653
   1.622
   1.593
   1.580
   1.582
   1.596
   1.617
   1.639
   1.667
   1.685
   1.693
   1.692
   1.681
   1.669
   1.665
   1.662
   1.661
   1.659
   1.669
   1.688
   1.719
   1.761
   1.805
   1.852
   1.892
   1.915
   1.924
   1.918
   1.896
   1.858
   1.805
   1.741
   1.669
   1.603
   1.552
   1.527
   1.515
   1.518
   1.532
   1.555
   1.582
   1.609
   1.591
   0.000
   0.000
   0.964
   1.041
   1.081
   1.110
   1.130
   1.142
   1.158
   1.177
   1.204
   1.240
   1.282
   1.325
   1.367
   1.408
   1.445
   1.478
   1.510
   1.540
   1.568
   1.593
   1.609
   1.621
   1.623
   1.607
   1.585
   1.558
   1.536
   1.521
   1.528
   1.547
   1.569
   1.596
   1.623
   1.646
   1.659
   1.661
   1.658
   1.649
   1.645
   1.643
   1.637
   1.634
   1.636
   1.653
   1.684
   1.730
   1.781
   1.835
   1.883
   1.912
   1.921
   1.902
   1.865
   1.808
   1.736
   1.651
   1.567
   1.495
   1.447
   1.429
   1.430
   1.443
   1.463
   1.487
   1.515
   1.540
   1.522
   0.000
   0.000
   0.898
   1.003
   1.041
   1.073
   1.092
   1.110
   1.128
   1.148
   1.170
   1.199
   1.234
   1.273
   1.314
   1.351
   1.385
   1.418
   1.445
   1.470
   1.493
   1.513
   1.529
   1.541
   1.548
   1.541
   1.526
   1.511
   1.493
   1.481
   1.487
   1.512
   1.538
   1.568
   1.595
   1.616
   1.627
   1.631
   1.625
   1.616
   1.611
   1.607
   1.597
   1.588
   1.588
   1.599
   1.628
   1.676
   1.735
   1.797
   1.852
   1.888
   1.892
   1.866
   1.810
   1.734
   1.641
   1.542
   1.449
   1.377
   1.338
   1.332
   1.346
   1.370
   1.399
   1.428
   1.458
   1.482
   1.461
   0.000
 -65.534
 -65.534
   0.893
   0.984
   1.012
   1.042
   1.069
   1.093
   1.116
   1.139
   1.161
   1.189
   1.221
   1.256
   1.289
   1.322
   1.350
   1.376
   1.395
   1.414
   1.431
   1.444
   1.457
   1.467
   1.468
   1.465
   1.458
   1.447
   1.440
   1.450
   1.476
   1.507
   1.541
   1.570
   1.585
   1.589
   1.586
   1.577
   1.563
   1.550
   1.539
   1.525
   1.515
   1.512
   1.522
   1.549
   1.596
   1.657
   1.722
   1.782
   1.823
   1.827
   1.793
   1.726
   1.634
   1.530
   1.424
   1.330
   1.267
   1.239
   1.242
   1.265
   1.299
   1.335
   1.370
   1.401
   1.424
   1.406
   0.000
 -65.534
 -65.534
 -65.534
   0.848
   0.932
   0.976
   1.016
   1.051
   1.078
   1.100
   1.121
   1.142
   1.165
   1.189
   1.217
   1.245
   1.272
   1.295
   1.312
   1.328
   1.343
   1.356
   1.369
   1.384
   1.392
   1.398
   1.402
   1.399
   1.398
   1.409
   1.437
   1.469
   1.505
   1.529
   1.538
   1.553
   1.545
   1.521
   1.494
   1.467
   1.445
   1.425
   1.408
   1.403
   1.412
   1.437
   1.482
   1.539
   1.603
   1.665
   1.710
   1.716
   1.677
   1.605
   1.512
   1.408
   1.309
   1.228
   1.176
   1.160
   1.173
   1.197
   1.230
   1.266
   1.304
   1.339
   1.367
   1.349
   0.000
 -65.534
 -65.534
 -65.534
 -65.534
   0.810
   0.898
   0.949
   0.988
   1.021
   1.047
   1.070
   1.088
   1.105
   1.124
   1.146
   1.167
   1.189
   1.208
   1.223
   1.237
   1.248
   1.261
   1.276
   1.293
   1.308
   1.326
   1.339
   1.348
   1.353
   1.368
   1.393
   1.423
   1.455
   1.479
   1.493
   1.500
   1.484
   1.465
   1.425
   1.380
   1.340
   1.306
   1.281
   1.268
   1.272
   1.297
   1.339
   1.394
   1.453
   1.508
   1.552
   1.557
   1.525
   1.461
   1.376
   1.287
   1.205
   1.144
   1.113
   1.109
   1.121
   1.145
   1.173
   1.207
   1.241
   1.278
   1.312
   1.298
   0.000
 -65.534
 -65.534
 -65.534
 -65.534
   0.725
   0.817
   0.870
   0.906
   0.938
   0.969
   1.000
   1.028
   1.052
   1.072
   1.090
   1.105
   1.120
   1.132
   1.138
   1.146
   1.155
   1.163
   1.176
   1.191
   1.209
   1.230
   1.252
   1.271
   1.287
   1.310
   1.337
   1.363
   1.393
   1.416
   1.431
   1.435
   1.422
   1.393
   1.337
   1.285
   1.231
   1.179
   1.140
   1.119
   1.120
   1.144
   1.186
   1.235
   1.283
   1.329
   1.364
   1.375
   1.354
   1.307
   1.244
   1.182
   1.127
   1.089
   1.074
   1.074
   1.090
   1.108
   1.134
   1.163
   1.195
   1.233
   1.266
   1.259
   0.000
 -65.534
 -65.534
 -65.534
 -65.534
   0.656
   0.740
   0.788
   0.820
   0.849
   0.884
   0.922
   0.958
   0.992
   1.019
   1.043
   1.055
   1.060
   1.064
   1.065
   1.066
   1.066
   1.072
   1.076
   1.086
   1.094
   1.109
   1.129
   1.156
   1.186
   1.221
   1.255
   1.285
   1.311
   1.331
   1.347
   1.348
   1.335
   1.298
   1.241
   1.179
   1.113
   1.049
   1.000
   0.972
   0.972
   0.997
   1.037
   1.082
   1.121
   1.157
   1.184
   1.200
   1.189
   1.165
   1.129
   1.095
   1.066
   1.050
   1.046
   1.052
   1.067
   1.087
   1.111
   1.139
   1.167
   1.206
   1.241
   1.235
   0.000
 -65.534
 -65.534
 -65.534
 -65.534
   0.571
   0.643
   0.688
   0.724
   0.766
   0.796
   0.839
   0.879
   0.920
   0.957
   0.984
   0.997
   1.003
   1.004
   1.004
   1.003
   1.000
   0.997
   0.994
   0.991
   0.987
   0.985
   0.990
   1.012
   1.053
   1.102
   1.149
   1.184
   1.210
   1.226
   1.237
   1.237
   1.219
   1.182
   1.128
   1.063
   0.997
   0.929
   0.876
   0.846
   0.844
   0.873
   0.910
   0.948
   0.982
   1.009
   1.031
   1.045
   1.051
   1.043
   1.029
   1.016
   1.008
   1.007
   1.014
   1.030
   1.054
   1.077
   1.099
   1.126
   1.154
   1.193
   1.226
   1.219
   0.000
 -65.534
 -65.534
 -65.534
 -65.534
 -65.534
 -65.534
 -65.534
 -65.534
   0.635
   0.702
   0.746
   0.790
   0.837
   0.879
   0.910
   0.930
   0.945
   0.955
   0.963
   0.965
   0.961
   0.950
   0.938
   0.923
   0.904
   0.884
   0.872
   0.882
   0.920
   0.974
   1.025
   1.063
   1.089
   1.104
   1.108
   1.102
   1.085
   1.051
   1.002
   0.943
   0.880
   0.821
   0.773
   0.746
   0.742
   0.763
   0.799
   0.833
   0.864
   0.890
   0.910
   0.926
   0.938
   0.942
   0.940
   0.938
   0.942
   0.954
   0.972
   0.998
   1.031
   1.062
   1.091
   1.117
   1.144
   1.181
   1.214
   1.207
   0.000
 -65.534
 -65.534
 -65.534
 -65.534
 -65.534
 -65.534
   0.318
   0.390
   0.540
   0.610
   0.658
   0.704
   0.756
   0.803
   0.840
   0.872
   0.897
   0.921
   0.938
   0.947
   0.945
   0.932
   0.912
   0.890
   0.859
   0.832
   0.808
   0.806
   0.830
   0.870
   0.912
   0.944
   0.966
   0.978
   0.976
   0.966
   0.946
   0.913
   0.871
   0.822
   0.772
   0.726
   0.690
   0.671
   0.664
   0.672
   0.697
   0.729
   0.760
   0.789
   0.814
   0.835
   0.848
   0.859
   0.862
   0.868
   0.878
   0.895
   0.919
   0.952
   0.992
   1.032
   1.069
   1.098
   1.130
   1.168
   1.204
   1.190
   0.000
 -65.534
 -65.534
 -65.534
 -65.534
 -65.534
 -65.534
 -65.534
 -65.534
 -65.534
   0.508
   0.559
   0.611
   0.661
   0.711
   0.765
   0.825
   0.866
   0.904
   0.933
   0.941
   0.940
   0.928
   0.914
   0.895
   0.866
   0.835
   0.806
   0.793
   0.795
   0.812
   0.833
   0.851
   0.862
   0.866
   0.859
   0.845
   0.823
   0.794
   0.758
   0.717
   0.680
   0.646
   0.623
   0.611
   0.605
   0.605
   0.618
   0.641
   0.672
   0.704
   0.736
   0.761
   0.779
   0.792
   0.802
   0.812
   0.825
   0.843
   0.868
   0.904
   0.947
   0.990
   1.035
   1.071
   1.109
   1.150
   1.188
   1.164
   0.000
 -65.534
 -65.534
 -65.534
 -65.534
 -65.534
 -65.534
 -65.534
 -65.534
 -65.534
 -65.534
 -65.534
 -65.534
 -65.534
 -65.534
 -65.534
   0.683
   0.787
   0.848
   0.893
   0.923
   0.937
   0.941
   0.939
   0.933
   0.912
   0.886
   0.856
   0.830
   0.813
   0.807
   0.805
   0.803
   0.795
   0.783
   0.768
   0.749
   0.727
   0.698
   0.672
   0.643
   0.613
   0.589
   0.570
   0.562
   0.561
   0.562
   0.568
   0.583
   0.607
   0.636
   0.668
   0.697
   0.721
   0.738
   0.753
   0.765
   0.781
   0.799
   0.826
   0.858
   0.901
   0.950
   0.996
   1.037
   1.079
   1.119
   1.155
   1.121
   0.000
 -65.534
 -65.534
 -65.534
 -65.534
 -65.534
 -65.534
 -65.534
 -65.534
 -65.534
 -65.534
 -65.534
 -65.534
 -65.534
 -65.534
 -65.534
 -65.534
 -65.534
 -65.534
 -65.534
   0.819
   0.924
   0.963
   0.985
   0.995
   0.986
   0.966
   0.935
   0.902
   0.873
   0.847
   0.824
   0.800
   0.772
   0.745
   0.718
   0.695
   0.672
   0.647
   0.621
   0.599
   0.576
   0.557
   0.540
   0.530
   0.529
   0.533
   0.539
   0.552
   0.571
   0.592
   0.616
   0.643
   0.669
   0.689
   0.705
   0.720
   0.737
   0.757
   0.785
   0.818
   0.863
   0.909
   0.955
   0.997
   1.034
   1.070
   1.102
   1.061
   0.000
 -65.534
 -65.534
 -65.534
 -65.534
 -65.534
 -65.534
 -65.534
 -65.534
 -65.534
 -65.534
 -65.534
 -65.534
 -65.534
 -65.534
 -65.534
 -65.534
 -65.534
 -65.534
   0.583
   0.870
   0.966
   1.014
   1.055
   1.078
   1.080
   1.061
   1.031
   0.994
   0.959
   0.920
   0.884
   0.844
   0.802
   0.760
   0.721
   0.689
   0.660
   0.632
   0.610
   0.593
   0.578
   0.562
   0.543
   0.531
   0.520
   0.516
   0.522
   0.534
   0.552
   0.574
   0.597
   0.619
   0.638
   0.654
   0.665
   0.680
   0.698
   0.721
   0.750
   0.785
   0.826
   0.870
   0.911
   0.949
   0.981
   1.008
   1.035
   0.985
   0.000
 -65.534
 -65.534
 -65.534
 -65.534
 -65.534
 -65.534
 -65.534
 -65.534
 -65.534
 -65.534
 -65.534
 -65.534
 -65.534
 -65.534
 -65.534
 -65.534
 -65.534
   0.616
   0.818
   0.966
   1.041
   1.093
   1.141
   1.173
   1.178
   1.161
   1.134
   1.100
   1.060
   1.017
   0.976
   0.929
   0.878
   0.825
   0.776
   0.736
   0.698
   0.665
   0.637
   0.616
   0.602
   0.590
   0.579
   0.569
   0.557
   0.541
   0.532
   0.535
   0.550
   0.571
   0.597
   0.617
   0.631
   0.639
   0.646
   0.656
   0.671
   0.695
   0.723
   0.757
   0.791
   0.830
   0.865
   0.896
   0.922
   0.945
   0.965
   0.908
   0.000
 -65.534
 -65.534
 -65.534
 -65.534
 -65.534
 -65.534
 -65.534
 -65.534
 -65.534
 -65.534
 -65.534
 -65.534
 -65.534
 -65.534
 -65.534
 -65.534
 -65.534
   0.819
   0.965
   1.059
   1.122
   1.178
   1.231
   1.271
   1.278
   1.264
   1.238
   1.204
   1.166
   1.126
   1.082
   1.028
   0.968
   0.910
   0.853
   0.801
   0.754
   0.713
   0.679
   0.655
   0.639
   0.631
   0.627
   0.625
   0.614
   0.596
   0.573
   0.561
   0.563
   0.579
   0.599
   0.621
   0.636
   0.640
   0.640
   0.645
   0.656
   0.678
   0.702
   0.732
   0.761
   0.793
   0.821
   0.841
   0.861
   0.880
   0.891
   0.835
   0.000
 -65.534
 -65.534
 -65.534
 -65.534
 -65.534
 -65.534
 -65.534
 -65.534
 -65.534
 -65.534
 -65.534
 -65.534
 -65.534
 -65.534
 -65.534
 -65.534
 -65.534
   0.920
   1.044
   1.120
   1.184
   1.250
   1.319
   1.371
   1.385
   1.370
   1.344
   1.308
   1.267
   1.225
   1.176
   1.117
   1.054
   0.987
   0.922
   0.861
   0.804
   0.755
   0.721
   0.700
   0.687
   0.680
   0.681
   0.678
   0.669
   0.645
   0.615
   0.595
   0.587
   0.594
   0.607
   0.623
   0.637
   0.642
   0.646
   0.648
   0.657
   0.672
   0.694
   0.715
   0.736
   0.759
   0.776
   0.791
   0.806
   0.816
   0.822
   0.771
   0.000
 -65.534
 -65.534
 -65.534
 -65.534
 -65.534
 -65.534
 -65.534
 -65.534
 -65.534
 -65.534
 -65.534
 -65.534
 -65.534
 -65.534
 -65.534
 -65.534
 -65.534
   0.953
   1.075
   1.155
   1.226
   1.310
   1.400
   1.464
   1.479
   1.464
   1.439
   1.402
   1.360
   1.313
   1.259
   1.194
   1.124
   1.055
   0.984
   0.919
   0.855
   0.803
   0.770
   0.755
   0.750
   0.748
   0.743
   0.732
   0.714
   0.687
   0.652
   0.624
   0.609
   0.608
   0.616
   0.629
   0.639
   0.646
   0.653
   0.657
   0.662
   0.674
   0.687
   0.702
   0.716
   0.728
   0.739
   0.746
   0.753
   0.755
   0.753
   0.703
   0.000
 -65.534
 -65.534
 -65.534
 -65.534
 -65.534
 -65.534
 -65.534
 -65.534
 -65.534
 -65.534
 -65.534
 -65.534
 -65.534
 -65.534
 -65.534
 -65.534
 -65.534
 -65.534
   1.031
   1.153
   1.252
   1.349
   1.446
   1.511
   1.526
   1.515
   1.495
   1.464
   1.425
   1.382
   1.332
   1.265
   1.191
   1.116
   1.044
   0.975
   0.910
   0.856
   0.826
   0.816
   0.814
   0.810
   0.804
   0.790
   0.768
   0.735
   0.695
   0.659
   0.638
   0.631
   0.633
   0.640
   0.648
   0.653
   0.658
   0.662
   0.668
   0.676
   0.686
   0.696
   0.703
   0.709
   0.709
   0.706
   0.703
   0.693
   0.678
   0.619
   0.000
 -65.534
 -65.534
 -65.534
 -65.534
 -65.534
 -65.534
 -65.534
 -65.534
 -65.534
 -65.534
 -65.534
 -65.534
 -65.534
 -65.534
 -65.534
 -65.534
 -65.534
 -65.534
 -65.534
   1.082
   1.234
   1.349
   1.434
   1.485
   1.500
   1.496
   1.485
   1.469
   1.450
   1.427
   1.392
   1.331
   1.254
   1.173
   1.103
   1.039
   0.986
   0.921
   0.877
   0.862
   0.848
   0.842
   0.837
   0.832
   0.822
   0.802
   0.765
   0.724
   0.691
   0.675
   0.670
   0.673
   0.674
   0.674
   0.674
   0.673
   0.675
   0.680
   0.687
   0.691
   0.694
   0.693
   0.684
   0.670
   0.654
   0.630
   0.598
   0.523
   0.000
 -65.534
 -65.534
 -65.534
 -65.534
 -65.534
 -65.534
 -65.534
 -65.534
 -65.534
 -65.534
 -65.534
 -65.534
 -65.534
 -65.534
 -65.534
 -65.534
 -65.534
 -65.534
 -65.534
 -65.534
   1.127
   1.253
   1.347
   1.398
   1.435
   1.437
   1.442
   1.443
   1.445
   1.448
   1.431
   1.377
   1.295
   1.202
   1.114
   0.994
 -65.534
 -65.534
 -65.534
 -65.534
   0.754
   0.810
   0.835
   0.857
   0.880
   0.883
   0.859
   0.818
   0.779
   0.754
   0.740
   0.734
   0.727
   0.718
   0.708
   0.696
   0.691
   0.688
   0.688
   0.687
   0.682
   0.671
   0.654
   0.628
   0.599
   0.564
   0.521
   0.435
   0.000
 -65.534
 -65.534
 -65.534
 -65.534
 -65.534
 -65.534
 -65.534
 -65.534
 -65.534
 -65.534
 -65.534
 -65.534
 -65.534
 -65.534
 -65.534
 -65.534
 -65.534
 -65.534
 -65.534
 -65.534
 -65.534
 -65.534
 -65.534
 -65.534
   1.265
   1.350
   1.383
   1.405
   1.423
   1.435
   1.428
   1.380
   1.300
   1.207
   1.116
   0.977
 -65.534
 -65.534
 -65.534
 -65.534
 -65.534
 -65.534
   0.782
   0.864
   0.932
   0.962
   0.951
   0.917
   0.881
   0.848
   0.826
   0.808
   0.791
   0.773
   0.753
   0.733
   0.716
   0.700
   0.688
   0.676
   0.661
   0.642
   0.613
   0.575
   0.534
   0.489
   0.437
   0.352
   0.000
 -65.534
 -65.534
 -65.534
 -65.534
 -65.534
 -65.534
 -65.534
 -65.534
 -65.534
 -65.534
 -65.534
 -65.534
 -65.534
 -65.534
 -65.534
 -65.534
 -65.534
 -65.534
 -65.534
 -65.534
 -65.534
 -65.534
 -65.534
 -65.534
   1.075
   1.187
   1.239
   1.286
   1.331
   1.376
   1.372
   1.333
   1.267
   1.194
   1.117
   0.986
 -65.534
 -65.534
 -65.534
 -65.534
 -65.534
 -65.534
 -65.534
   0.849
   0.965
   1.025
   1.018
   0.996
   0.966
   0.929
   0.900
   0.877
   0.852
   0.826
   0.803
   0.777
   0.752
   0.726
   0.701
   0.674
   0.644
   0.609
   0.569
   0.518
   0.463
   0.408
   0.348
   0.262
   0.000
 -65.534
 -65.534
 -65.534
 -65.534
 -65.534
 -65.534
 -65.534
 -65.534
 -65.534
 -65.534
 -65.534
 -65.534
 -65.534
 -65.534
 -65.534
 -65.534
 -65.534
 -65.534
 -65.534
 -65.534
 -65.534
 -65.534
 -65.534
 -65.534
 -65.534
 -65.534
 -65.534
 -65.534
 -65.534
   1.129
   1.201
   1.206
   1.202
   1.166
   1.112
   1.002
   0.596
 -65.534
 -65.534
 -65.534
 -65.534
 -65.534
 -65.534
   0.805
   0.924
 -65.534
   0.922
   1.001
   1.000
   0.986
   0.968
   0.943
   0.909
   0.878
   0.849
   0.822
   0.795
   0.760
   0.721
   0.679
   0.635
   0.584
   0.528
   0.462
   0.391
   0.321
   0.251
   0.166
   0.000
 -65.534
 -65.534
 -65.534
 -65.534
 -65.534
 -65.534
 -65.534
 -65.534
 -65.534
 -65.534
 -65.534
 -65.534
 -65.534
 -65.534
 -65.534
 -65.534
 -65.534
 -65.534
 -65.534
 -65.534
 -65.534
 -65.534
 -65.534
 -65.534
 -65.534
 -65.534
 -65.534
 -65.534
 -65.534
 -65.534
 -65.534
 -65.534
   1.033
   1.105
   1.086
   0.993
   0.776
   0.510
 -65.534
 -65.534
 -65.534
 -65.534
 -65.534
 -65.534
 -65.534
 -65.534
 -65.534
 -65.534
 -65.534
   0.855
   0.948
   0.959
   0.952
   0.927
   0.895
   0.850
   0.808
   0.766
   0.716
   0.667
   0.615
   0.555
   0.485
   0.409
   0.330
   0.252
   0.172
   0.086
   0.000
 -65.534
 -65.534
 -65.534
 -65.534
 -65.534
 -65.534
 -65.534
 -65.534
 -65.534
 -65.534
 -65.534
 -65.534
 -65.534
 -65.534
 -65.534
 -65.534
 -65.534
 -65.534
 -65.534
 -65.534
 -65.534
 -65.534
 -65.534
 -65.534
 -65.534
 -65.534
 -65.534
 -65.534
 -65.534
 -65.534
 -65.534
 -65.534
   0.884
   0.984
   0.989
   0.926
   0.799
   0.649
   0.479
   0.368
 -65.534
 -65.534
 -65.534
 -65.534
 -65.534
 -65.534
 -65.534
 -65.534
 -65.534
 -65.534
 -65.534
 -65.534
   0.787
   0.862
   0.853
   0.820
   0.779
   0.730
   0.682
   0.632
   0.579
   0.518
   0.447
   0.369
   0.287
   0.210
   0.130
   0.040
   0.000
 -65.534
 -65.534
 -65.534
 -65.534
 -65.534
 -65.534
 -65.534
 -65.534
 -65.534
 -65.534
 -65.534
 -65.534
 -65.534
 -65.534
 -65.534
 -65.534
 -65.534
 -65.534
 -65.534
 -65.534
 -65.534
 -65.534
 -65.534
 -65.534
 -65.534
 -65.534
 -65.534
 -65.534
 -65.534
 -65.534
 -65.534
 -65.534
 -65.534
 -65.534
 -65.534
 -65.534
   0.622
   0.611
   0.552
   0.481
   0.383
   0.344
   0.319
   0.303
   0.291
 -65.534
 -65.534
 -65.534
 -65.534
 -65.534
 -65.534
 -65.534
 -65.534
 -65.534
 -65.534
   0.629
   0.693
   0.677
   0.643
   0.594
   0.541
   0.482
   0.413
   0.338
   0.265
   0.189
   0.110
   0.017
   0.000
 -65.534
 -65.534
 -65.534
 -65.534
 -65.534
 -65.534
 -65.534
 -65.534
 -65.534
 -65.534
 -65.534
 -65.534
 -65.534
 -65.534
 -65.534
 -65.534
 -65.534
 -65.534
 -65.534
 -65.534
 -65.534
 -65.534
 -65.534
 -65.534
 -65.534
 -65.534
 -65.534
 -65.534
 -65.534
 -65.534
 -65.534
 -65.534
 -65.534
 -65.534
 -65.534
 -65.534
 -65.534
 -65.534
 -65.534
 -65.534
   0.365
 -65.534
 -65.534
 -65.534
 -65.534
 -65.534
 -65.534
 -65.534
 -65.534
 -65.534
 -65.534
 -65.534
 -65.534
 -65.534
 -65.534
   0.511
   0.594
   0.599
   0.573
   0.535
   0.491
   0.427
   0.360
   0.293
   0.228
   0.166
   0.095
  -0.001
   0.000
 -65.534
 -65.534
 -65.534
 -65.534
 -65.534
 -65.534
 -65.534
 -65.534
 -65.534
 -65.534
 -65.534
 -65.534
 -65.534
 -65.534
 -65.534
 -65.534
 -65.534
 -65.534
 -65.534
 -65.534
 -65.534
 -65.534
 -65.534
 -65.534
 -65.534
 -65.534
 -65.534
 -65.534
 -65.534
 -65.534
 -65.534
 -65.534
 -65.534
 -65.534
 -65.534
 -65.534
 -65.534
 -65.534
 -65.534
 -65.534
 -65.534
 -65.534
 -65.534
 -65.534
 -65.534
 -65.534
 -65.534
 -65.534
 -65.534
 -65.534
 -65.534
 -65.534
 -65.534
 -65.534
 -65.534
 -65.534
 -65.534
 -65.534
 -65.534
   0.409
   0.406
   0.351
   0.282
   0.230
   0.190
   0.147
   0.102
   0.012
   0.000
 -65.534
 -65.534
 -65.534
 -65.534
 -65.534
 -65.534
 -65.534
 -65.534
 -65.534
 -65.534
 -65.534
 -65.534
 -65.534
 -65.534
 -65.534
 -65.534
 -65.534
 -65.534
 -65.534
 -65.534
 -65.534
 -65.534
 -65.534
 -65.534
 -65.534
 -65.534
 -65.534
 -65.534
 -65.534
 -65.534
 -65.534
 -65.534
 -65.534
 -65.534
 -65.534
 -65.534
 -65.534
 -65.534
 -65.534
 -65.534
 -65.534
 -65.534
 -65.534
 -65.534
 -65.534
 -65.534
 -65.534
 -65.534
 -65.534
 -65.534
 -65.534
 -65.534
 -65.534
 -65.534
 -65.534
 -65.534
 -65.534
 -65.534
 -65.534
 -65.534
 -65.534
   0.000
   0.000
   0.000
   0.000
   0.000
   0.000
   0.000
 -65.534
