 -65.534
   0.000
   0.000
   0.000
   0.000
   0.000
   0.000
   0.000
   0.000
   0.000
   0.000
   0.000
   0.000
   0.000
   0.000
   0.000
   0.000
   0.000
   0.000
   0.000
   0.000
   0.000
   0.000
   0.000
   0.000
   0.000
   0.000
   0.000
   0.000
   0.000
   0.000
   0.000
   0.000
   0.000
   0.000
   0.000
   0.000
   0.000
   0.000
   0.000
   0.000
   0.000
   0.000
   0.000
   0.000
   0.000
   0.000
   0.000
   0.000
   0.000
   0.000
   0.000
   0.000
   0.000
   0.000
   0.000
   0.000
   0.000
   0.000
   0.000
   0.000
   0.000
   0.000
   0.000
   0.000
   0.000
   0.000
   0.000
 -65.534
   0.000
   2.165
   2.369
   2.453
   2.518
   2.560
   2.575
   2.578
   2.577
   2.570
   2.573
   2.578
   2.593
   2.607
   2.618
   2.637
   2.672
   2.752
   2.892
   3.113
   3.396
   3.710
   4.012
   4.368
   4.417
   4.344
   4.260
   4.205
   4.157
   4.157
   4.182
   4.193
   4.273
   4.412
   4.455
   4.513
   4.542
   4.609
   4.691
   4.647
   4.529
   4.427
   4.263
   4.140
   3.986
   3.839
   3.730
   3.610
   3.543
   3.509
   3.498
   3.516
   3.575
   3.634
   3.724
   3.800
   3.866
   3.919
   3.960
   4.004
   4.040
   4.069
   4.104
   4.135
   4.150
   4.167
   4.226
   4.139
   0.000
   0.000
   2.351
   2.515
   2.570
   2.620
   2.650
   2.671
   2.687
   2.692
   2.704
   2.714
   2.731
   2.749
   2.764
   2.775
   2.792
   2.833
   2.919
   3.059
   3.275
   3.546
   3.850
   4.144
   4.456
   4.552
   4.541
   4.495
   4.448
   4.419
   4.433
   4.494
   4.585
   4.729
   4.910
   5.055
   5.174
   5.284
   5.373
   5.425
   5.406
   5.341
   5.265
   5.132
   4.985
   4.817
   4.626
   4.491
   4.387
   4.292
   4.234
   4.204
   4.223
   4.263
   4.336
   4.401
   4.459
   4.514
   4.560
   4.609
   4.658
   4.699
   4.738
   4.775
   4.810
   4.843
   4.886
   4.946
   4.872
   0.000
   0.000
   2.367
   2.498
   2.532
   2.565
   2.588
   2.613
   2.637
   2.654
   2.675
   2.702
   2.731
   2.759
   2.782
   2.796
   2.813
   2.856
   2.938
   3.078
   3.281
   3.525
   3.798
   4.071
   4.311
   4.478
   4.518
   4.521
   4.507
   4.471
   4.471
   4.540
   4.680
   4.865
   5.066
   5.250
   5.447
   5.613
   5.708
   5.779
   5.803
   5.769
   5.676
   5.537
   5.372
   5.180
   5.005
   4.883
   4.774
   4.704
   4.639
   4.605
   4.591
   4.625
   4.680
   4.740
   4.796
   4.837
   4.869
   4.897
   4.939
   4.978
   5.013
   5.046
   5.092
   5.140
   5.188
   5.256
   5.189
   0.000
   0.000
   2.375
   2.487
   2.499
   2.515
   2.526
   2.546
   2.570
   2.599
   2.632
   2.672
   2.712
   2.750
   2.782
   2.807
   2.831
   2.879
   2.969
   3.110
   3.294
   3.517
   3.767
   4.022
   4.239
   4.405
   4.474
   4.519
   4.533
   4.511
   4.484
   4.542
   4.696
   4.904
   5.135
   5.405
   5.639
   5.850
   5.998
   6.104
   6.126
   6.100
   6.017
   5.871
   5.684
   5.485
   5.315
   5.189
   5.107
   5.028
   4.971
   4.915
   4.897
   4.899
   4.941
   4.990
   5.036
   5.070
   5.098
   5.114
   5.134
   5.160
   5.195
   5.244
   5.297
   5.356
   5.415
   5.491
   5.434
   0.000
   0.000
   2.372
   2.475
   2.482
   2.489
   2.492
   2.502
   2.520
   2.556
   2.597
   2.643
   2.691
   2.732
   2.768
   2.802
   2.839
   2.895
   2.980
   3.120
   3.289
   3.492
   3.715
   3.956
   4.183
   4.311
   4.390
   4.466
   4.509
   4.495
   4.458
   4.502
   4.677
   4.900
   5.171
   5.487
   5.795
   6.039
   6.239
   6.334
   6.387
   6.378
   6.301
   6.153
   5.969
   5.772
   5.606
   5.473
   5.362
   5.307
   5.227
   5.164
   5.124
   5.118
   5.131
   5.167
   5.205
   5.226
   5.234
   5.241
   5.257
   5.283
   5.320
   5.371
   5.435
   5.513
   5.585
   5.669
   5.628
   0.000
   0.000
   2.350
   2.458
   2.472
   2.481
   2.480
   2.485
   2.505
   2.543
   2.588
   2.635
   2.684
   2.729
   2.770
   2.807
   2.843
   2.901
   2.982
   3.103
   3.252
   3.426
   3.616
   3.838
   4.043
   4.183
   4.314
   4.401
   4.437
   4.404
   4.356
   4.406
   4.594
   4.859
   5.204
   5.560
   5.935
   6.178
   6.424
   6.554
   6.614
   6.607
   6.539
   6.415
   6.251
   6.055
   5.845
   5.695
   5.575
   5.466
   5.393
   5.321
   5.263
   5.250
   5.258
   5.274
   5.296
   5.315
   5.314
   5.298
   5.308
   5.344
   5.386
   5.442
   5.513
   5.602
   5.697
   5.788
   5.767
   0.000
   0.000
   2.307
   2.432
   2.452
   2.471
   2.477
   2.487
   2.510
   2.548
   2.593
   2.647
   2.700
   2.746
   2.786
   2.825
   2.863
   2.909
   2.977
   3.074
   3.198
   3.351
   3.525
   3.720
   3.930
   4.081
   4.198
   4.263
   4.254
   4.192
   4.160
   4.250
   4.487
   4.824
   5.183
   5.597
   5.960
   6.304
   6.562
   6.719
   6.801
   6.822
   6.773
   6.665
   6.502
   6.314
   6.079
   5.838
   5.698
   5.572
   5.453
   5.387
   5.339
   5.308
   5.311
   5.316
   5.327
   5.339
   5.325
   5.307
   5.310
   5.338
   5.390
   5.456
   5.544
   5.650
   5.756
   5.857
   5.861
   0.000
   0.000
   2.218
   2.370
   2.404
   2.442
   2.464
   2.483
   2.509
   2.549
   2.603
   2.665
   2.723
   2.772
   2.814
   2.851
   2.883
   2.915
   2.967
   3.043
   3.146
   3.280
   3.448
   3.639
   3.843
   3.996
   4.082
   4.106
   4.063
   3.992
   3.978
   4.127
   4.433
   4.808
   5.248
   5.674
   6.055
   6.418
   6.694
   6.860
   6.989
   7.029
   6.973
   6.889
   6.741
   6.527
   6.289
   6.053
   5.822
   5.662
   5.517
   5.385
   5.333
   5.296
   5.292
   5.303
   5.304
   5.310
   5.292
   5.260
   5.266
   5.295
   5.347
   5.427
   5.531
   5.654
   5.772
   5.882
   5.896
   0.000
   0.000
   2.057
   2.230
   2.289
   2.354
   2.400
   2.437
   2.482
   2.537
   2.600
   2.675
   2.736
   2.792
   2.834
   2.868
   2.897
   2.926
   2.959
   3.019
   3.106
   3.231
   3.388
   3.583
   3.784
   3.921
   3.971
   3.977
   3.917
   3.830
   3.853
   4.059
   4.413
   4.831
   5.303
   5.749
   6.140
   6.497
   6.771
   6.950
   7.064
   7.147
   7.135
   7.059
   6.940
   6.745
   6.497
   6.262
   6.021
   5.772
   5.581
   5.404
   5.300
   5.254
   5.232
   5.223
   5.222
   5.224
   5.206
   5.179
   5.180
   5.218
   5.274
   5.366
   5.486
   5.621
   5.752
   5.876
   5.910
   0.000
   0.000
   1.878
   2.060
   2.133
   2.219
   2.294
   2.357
   2.421
   2.490
   2.571
   2.656
   2.730
   2.796
   2.844
   2.879
   2.911
   2.935
   2.964
   3.015
   3.094
   3.206
   3.353
   3.542
   3.748
   3.881
   3.916
   3.908
   3.828
   3.755
   3.812
   4.064
   4.437
   4.882
   5.378
   5.830
   6.217
   6.544
   6.807
   6.992
   7.118
   7.206
   7.220
   7.172
   7.072
   6.912
   6.685
   6.441
   6.194
   5.913
   5.653
   5.429
   5.277
   5.184
   5.124
   5.086
   5.074
   5.068
   5.052
   5.031
   5.053
   5.104
   5.178
   5.279
   5.413
   5.560
   5.708
   5.840
   5.894
   0.000
   0.000
   1.714
   1.889
   1.960
   2.053
   2.143
   2.230
   2.313
   2.399
   2.493
   2.590
   2.684
   2.761
   2.824
   2.877
   2.917
   2.946
   2.976
   3.024
   3.100
   3.210
   3.350
   3.530
   3.735
   3.870
   3.917
   3.933
   3.892
   3.833
   3.905
   4.171
   4.561
   4.995
   5.459
   5.918
   6.297
   6.606
   6.840
   7.006
   7.134
   7.218
   7.254
   7.239
   7.157
   7.024
   6.843
   6.570
   6.341
   6.034
   5.738
   5.475
   5.273
   5.124
   5.020
   4.944
   4.891
   4.875
   4.867
   4.863
   4.901
   4.978
   5.078
   5.200
   5.344
   5.504
   5.668
   5.808
   5.866
   0.000
   0.000
   1.601
   1.750
   1.798
   1.881
   1.969
   2.067
   2.158
   2.258
   2.361
   2.468
   2.571
   2.670
   2.761
   2.831
   2.889
   2.933
   2.976
   3.026
   3.110
   3.216
   3.358
   3.531
   3.731
   3.891
   3.987
   4.057
   4.076
   4.068
   4.111
   4.410
   4.770
   5.154
   5.583
   6.011
   6.353
   6.621
   6.818
   6.958
   7.069
   7.162
   7.205
   7.203
   7.141
   7.028
   6.859
   6.614
   6.399
   6.097
   5.789
   5.512
   5.284
   5.093
   4.940
   4.813
   4.725
   4.675
   4.659
   4.680
   4.745
   4.854
   4.984
   5.133
   5.302
   5.479
   5.655
   5.789
   5.830
   0.000
 -65.534
 -65.534
   1.576
   1.651
   1.699
   1.779
   1.868
   1.962
   2.070
   2.179
   2.292
   2.406
   2.517
   2.631
   2.725
   2.811
   2.880
   2.943
   3.012
   3.099
   3.216
   3.365
   3.547
   3.747
   3.931
   4.073
   4.194
   4.285
   4.353
   4.473
   4.706
   4.944
   5.332
   5.746
   6.095
   6.344
   6.554
   6.710
   6.822
   6.918
   7.002
   7.047
   7.048
   7.000
   6.901
   6.753
   6.536
   6.341
   6.070
   5.767
   5.496
   5.248
   5.023
   4.828
   4.669
   4.556
   4.485
   4.460
   4.503
   4.604
   4.736
   4.898
   5.089
   5.289
   5.480
   5.653
   5.782
   5.798
   0.000
 -65.534
 -65.534
 -65.534
   1.481
   1.520
   1.584
   1.664
   1.750
   1.851
   1.959
   2.075
   2.195
   2.316
   2.440
   2.557
   2.664
   2.757
   2.849
   2.941
   3.049
   3.176
   3.332
   3.523
   3.738
   3.942
   4.123
   4.284
   4.421
   4.549
   4.691
   4.897
   5.151
   5.500
   5.775
   5.913
   6.241
   6.465
   6.558
   6.620
   6.688
   6.754
   6.797
   6.787
   6.749
   6.670
   6.533
   6.359
   6.186
   5.932
   5.645
   5.384
   5.135
   4.910
   4.694
   4.515
   4.401
   4.329
   4.310
   4.373
   4.489
   4.651
   4.836
   5.036
   5.254
   5.455
   5.631
   5.760
   5.752
   0.000
 -65.534
 -65.534
 -65.534
 -65.534
   1.309
   1.394
   1.456
   1.525
   1.616
   1.717
   1.826
   1.945
   2.079
   2.206
   2.338
   2.460
   2.576
   2.683
   2.792
   2.917
   3.059
   3.234
   3.431
   3.654
   3.873
   4.087
   4.288
   4.466
   4.622
   4.793
   4.976
   5.183
   5.412
   5.618
   5.784
   6.034
   6.124
   6.308
   6.380
   6.407
   6.443
   6.456
   6.445
   6.400
   6.316
   6.203
   6.060
   5.892
   5.664
   5.419
   5.182
   4.947
   4.737
   4.546
   4.390
   4.278
   4.226
   4.244
   4.319
   4.451
   4.614
   4.799
   4.995
   5.201
   5.400
   5.576
   5.703
   5.678
   0.000
 -65.534
 -65.534
 -65.534
 -65.534
   1.138
   1.216
   1.267
   1.320
   1.390
   1.473
   1.569
   1.681
   1.812
   1.949
   2.089
   2.219
   2.342
   2.460
   2.579
   2.706
   2.854
   3.029
   3.230
   3.455
   3.689
   3.921
   4.154
   4.361
   4.548
   4.726
   4.910
   5.089
   5.251
   5.407
   5.546
   5.696
   5.780
   5.925
   5.939
   6.019
   6.055
   6.037
   6.007
   5.952
   5.867
   5.746
   5.618
   5.464
   5.271
   5.081
   4.885
   4.707
   4.533
   4.391
   4.284
   4.214
   4.203
   4.236
   4.330
   4.473
   4.626
   4.790
   4.961
   5.134
   5.304
   5.468
   5.595
   5.562
   0.000
 -65.534
 -65.534
 -65.534
 -65.534
   0.994
   1.063
   1.099
   1.145
   1.196
   1.268
   1.349
   1.446
   1.565
   1.697
   1.837
   1.974
   2.091
   2.209
   2.323
   2.447
   2.587
   2.750
   2.944
   3.162
   3.391
   3.630
   3.865
   4.089
   4.301
   4.502
   4.693
   4.856
   4.995
   5.115
   5.229
   5.322
   5.398
   5.465
   5.481
   5.530
   5.565
   5.532
   5.504
   5.441
   5.348
   5.234
   5.111
   4.975
   4.828
   4.685
   4.559
   4.431
   4.325
   4.239
   4.185
   4.176
   4.193
   4.262
   4.385
   4.523
   4.664
   4.801
   4.933
   5.062
   5.192
   5.329
   5.438
   5.394
   0.000
 -65.534
 -65.534
 -65.534
 -65.534
   0.906
   0.988
   1.030
   1.062
   1.084
   1.135
   1.203
   1.283
   1.375
   1.490
   1.613
   1.731
   1.844
   1.960
   2.068
   2.180
   2.303
   2.449
   2.615
   2.809
   3.019
   3.242
   3.471
   3.704
   3.929
   4.137
   4.334
   4.496
   4.639
   4.749
   4.831
   4.907
   4.963
   4.994
   5.004
   5.021
   5.025
   4.985
   4.940
   4.872
   4.793
   4.703
   4.602
   4.492
   4.385
   4.291
   4.211
   4.139
   4.093
   4.061
   4.061
   4.089
   4.157
   4.269
   4.409
   4.561
   4.704
   4.824
   4.913
   4.996
   5.090
   5.197
   5.287
   5.213
   0.000
 -65.534
 -65.534
 -65.534
 -65.534
 -65.534
 -65.534
 -65.534
 -65.534
   1.030
   1.081
   1.124
   1.176
   1.242
   1.326
   1.419
   1.519
   1.619
   1.728
   1.843
   1.952
   2.056
   2.171
   2.303
   2.472
   2.656
   2.859
   3.066
   3.280
   3.493
   3.694
   3.880
   4.039
   4.175
   4.282
   4.357
   4.421
   4.473
   4.498
   4.489
   4.481
   4.466
   4.429
   4.377
   4.325
   4.273
   4.197
   4.111
   4.042
   3.976
   3.923
   3.881
   3.859
   3.851
   3.864
   3.906
   3.981
   4.088
   4.224
   4.387
   4.555
   4.706
   4.820
   4.883
   4.936
   5.005
   5.093
   5.164
   5.064
   0.000
 -65.534
 -65.534
 -65.534
 -65.534
 -65.534
 -65.534
   0.225
   0.617
   1.010
   1.031
   1.063
   1.101
   1.150
   1.207
   1.273
   1.352
   1.446
   1.552
   1.664
   1.762
   1.858
   1.953
   2.063
   2.195
   2.340
   2.518
   2.699
   2.891
   3.079
   3.260
   3.419
   3.556
   3.666
   3.762
   3.832
   3.888
   3.934
   3.951
   3.940
   3.925
   3.906
   3.883
   3.854
   3.828
   3.797
   3.741
   3.688
   3.655
   3.617
   3.579
   3.569
   3.582
   3.614
   3.670
   3.753
   3.857
   3.984
   4.135
   4.305
   4.474
   4.623
   4.732
   4.801
   4.845
   4.916
   4.992
   5.058
   4.919
   0.000
 -65.534
 -65.534
 -65.534
 -65.534
 -65.534
 -65.534
 -65.534
 -65.534
 -65.534
   0.941
   0.993
   1.038
   1.084
   1.124
   1.166
   1.245
   1.334
   1.438
   1.545
   1.644
   1.721
   1.799
   1.886
   1.995
   2.121
   2.258
   2.403
   2.561
   2.718
   2.857
   2.980
   3.087
   3.173
   3.245
   3.297
   3.342
   3.381
   3.388
   3.380
   3.370
   3.367
   3.367
   3.365
   3.357
   3.355
   3.339
   3.320
   3.311
   3.297
   3.298
   3.323
   3.373
   3.434
   3.518
   3.618
   3.733
   3.869
   4.017
   4.171
   4.316
   4.453
   4.563
   4.653
   4.721
   4.795
   4.875
   4.937
   4.750
   0.000
 -65.534
 -65.534
 -65.534
 -65.534
 -65.534
 -65.534
 -65.534
 -65.534
 -65.534
 -65.534
 -65.534
 -65.534
 -65.534
 -65.534
 -65.534
   1.172
   1.258
   1.345
   1.435
   1.562
   1.633
   1.695
   1.763
   1.847
   1.948
   2.061
   2.182
   2.299
   2.417
   2.524
   2.614
   2.681
   2.732
   2.778
   2.812
   2.835
   2.856
   2.864
   2.880
   2.888
   2.899
   2.911
   2.921
   2.946
   2.977
   2.988
   3.001
   3.021
   3.044
   3.077
   3.123
   3.193
   3.277
   3.379
   3.493
   3.617
   3.745
   3.881
   4.006
   4.121
   4.235
   4.355
   4.473
   4.568
   4.648
   4.730
   4.789
   4.568
   0.000
 -65.534
 -65.534
 -65.534
 -65.534
 -65.534
 -65.534
 -65.534
 -65.534
 -65.534
 -65.534
 -65.534
 -65.534
 -65.534
 -65.534
 -65.534
 -65.534
 -65.534
 -65.534
 -65.534
   1.509
   1.575
   1.626
   1.681
   1.746
   1.822
   1.913
   2.009
   2.107
   2.192
   2.256
   2.309
   2.352
   2.381
   2.402
   2.424
   2.439
   2.449
   2.458
   2.466
   2.495
   2.529
   2.562
   2.599
   2.639
   2.678
   2.708
   2.741
   2.791
   2.855
   2.914
   2.985
   3.070
   3.164
   3.268
   3.384
   3.502
   3.618
   3.734
   3.834
   3.916
   4.013
   4.144
   4.273
   4.394
   4.484
   4.572
   4.630
   4.386
   0.000
 -65.534
 -65.534
 -65.534
 -65.534
 -65.534
 -65.534
 -65.534
 -65.534
 -65.534
 -65.534
 -65.534
 -65.534
 -65.534
 -65.534
 -65.534
 -65.534
 -65.534
 -65.534
   0.919
   1.535
   1.557
   1.591
   1.630
   1.683
   1.742
   1.809
   1.883
   1.954
   2.015
   2.058
   2.086
   2.104
   2.119
   2.130
   2.149
   2.162
   2.178
   2.192
   2.210
   2.247
   2.308
   2.371
   2.418
   2.454
   2.489
   2.516
   2.555
   2.614
   2.698
   2.794
   2.892
   2.985
   3.082
   3.177
   3.269
   3.365
   3.473
   3.574
   3.653
   3.723
   3.811
   3.936
   4.063
   4.188
   4.298
   4.389
   4.449
   4.190
   0.000
 -65.534
 -65.534
 -65.534
 -65.534
 -65.534
 -65.534
 -65.534
 -65.534
 -65.534
 -65.534
 -65.534
 -65.534
 -65.534
 -65.534
 -65.534
 -65.534
 -65.534
   0.776
   1.248
   1.503
   1.538
   1.556
   1.586
   1.633
   1.675
   1.725
   1.782
   1.833
   1.877
   1.906
   1.920
   1.926
   1.937
   1.949
   1.964
   1.986
   2.008
   2.036
   2.070
   2.124
   2.204
   2.289
   2.356
   2.404
   2.421
   2.433
   2.456
   2.510
   2.599
   2.700
   2.808
   2.912
   2.996
   3.074
   3.149
   3.237
   3.329
   3.413
   3.480
   3.546
   3.625
   3.729
   3.848
   3.973
   4.084
   4.177
   4.237
   3.973
   0.000
 -65.534
 -65.534
 -65.534
 -65.534
 -65.534
 -65.534
 -65.534
 -65.534
 -65.534
 -65.534
 -65.534
 -65.534
 -65.534
 -65.534
 -65.534
 -65.534
 -65.534
   1.027
   1.307
   1.437
   1.485
   1.501
   1.528
   1.565
   1.606
   1.645
   1.688
   1.729
   1.764
   1.792
   1.807
   1.807
   1.819
   1.833
   1.851
   1.874
   1.902
   1.939
   1.990
   2.060
   2.152
   2.250
   2.335
   2.392
   2.418
   2.422
   2.431
   2.472
   2.545
   2.639
   2.741
   2.821
   2.889
   2.953
   3.008
   3.074
   3.160
   3.242
   3.301
   3.356
   3.434
   3.533
   3.637
   3.745
   3.847
   3.946
   4.000
   3.730
   0.000
 -65.534
 -65.534
 -65.534
 -65.534
 -65.534
 -65.534
 -65.534
 -65.534
 -65.534
 -65.534
 -65.534
 -65.534
 -65.534
 -65.534
 -65.534
 -65.534
 -65.534
   1.107
   1.287
   1.370
   1.419
   1.446
   1.479
   1.511
   1.547
   1.578
   1.607
   1.644
   1.678
   1.709
   1.733
   1.741
   1.762
   1.777
   1.794
   1.815
   1.842
   1.883
   1.941
   2.015
   2.109
   2.208
   2.300
   2.364
   2.399
   2.411
   2.426
   2.461
   2.517
   2.597
   2.685
   2.754
   2.820
   2.873
   2.916
   2.955
   3.017
   3.081
   3.144
   3.200
   3.267
   3.345
   3.430
   3.518
   3.596
   3.668
   3.709
   3.471
   0.000
 -65.534
 -65.534
 -65.534
 -65.534
 -65.534
 -65.534
 -65.534
 -65.534
 -65.534
 -65.534
 -65.534
 -65.534
 -65.534
 -65.534
 -65.534
 -65.534
 -65.534
   1.138
   1.254
   1.322
   1.372
   1.413
   1.455
   1.488
   1.513
   1.544
   1.567
   1.594
   1.629
   1.669
   1.709
   1.726
   1.751
   1.777
   1.798
   1.826
   1.856
   1.895
   1.951
   2.021
   2.108
   2.196
   2.275
   2.332
   2.366
   2.388
   2.400
   2.436
   2.484
   2.544
   2.614
   2.675
   2.736
   2.777
   2.806
   2.834
   2.869
   2.924
   2.983
   3.042
   3.104
   3.166
   3.222
   3.282
   3.332
   3.377
   3.409
   3.166
   0.000
 -65.534
 -65.534
 -65.534
 -65.534
 -65.534
 -65.534
 -65.534
 -65.534
 -65.534
 -65.534
 -65.534
 -65.534
 -65.534
 -65.534
 -65.534
 -65.534
 -65.534
 -65.534
   1.227
   1.311
   1.377
   1.433
   1.474
   1.506
   1.520
   1.538
   1.562
   1.591
   1.630
   1.679
   1.720
   1.738
   1.768
   1.802
   1.840
   1.876
   1.905
   1.940
   1.991
   2.056
   2.136
   2.206
   2.268
   2.316
   2.341
   2.364
   2.385
   2.406
   2.426
   2.471
   2.530
   2.583
   2.633
   2.666
   2.689
   2.702
   2.737
   2.781
   2.832
   2.890
   2.945
   2.994
   3.029
   3.058
   3.078
   3.079
   3.079
   2.833
   0.000
 -65.534
 -65.534
 -65.534
 -65.534
 -65.534
 -65.534
 -65.534
 -65.534
 -65.534
 -65.534
 -65.534
 -65.534
 -65.534
 -65.534
 -65.534
 -65.534
 -65.534
 -65.534
 -65.534
   1.303
   1.392
   1.453
   1.502
   1.534
   1.545
   1.576
   1.592
   1.629
   1.667
   1.711
   1.745
   1.774
   1.808
   1.843
   1.894
   1.953
   2.004
   2.055
   2.111
   2.166
   2.202
   2.251
   2.293
   2.330
   2.350
   2.357
   2.354
   2.356
   2.372
   2.405
   2.457
   2.494
   2.534
   2.568
   2.591
   2.607
   2.632
   2.664
   2.708
   2.762
   2.805
   2.835
   2.850
   2.842
   2.822
   2.786
   2.732
   2.459
   0.000
 -65.534
 -65.534
 -65.534
 -65.534
 -65.534
 -65.534
 -65.534
 -65.534
 -65.534
 -65.534
 -65.534
 -65.534
 -65.534
 -65.534
 -65.534
 -65.534
 -65.534
 -65.534
 -65.534
 -65.534
   1.389
   1.488
   1.550
   1.581
   1.600
   1.626
   1.658
   1.691
   1.728
   1.770
   1.797
   1.834
   1.866
   1.894
   1.906
   1.789
 -65.534
 -65.534
 -65.534
 -65.534
   2.149
   2.283
   2.318
   2.337
   2.353
   2.361
   2.360
   2.360
   2.355
   2.368
   2.387
   2.404
   2.429
   2.455
   2.468
   2.486
   2.508
   2.539
   2.570
   2.607
   2.638
   2.653
   2.641
   2.600
   2.542
   2.462
   2.376
   2.074
   0.000
 -65.534
 -65.534
 -65.534
 -65.534
 -65.534
 -65.534
 -65.534
 -65.534
 -65.534
 -65.534
 -65.534
 -65.534
 -65.534
 -65.534
 -65.534
 -65.534
 -65.534
 -65.534
 -65.534
 -65.534
 -65.534
 -65.534
 -65.534
 -65.534
   1.598
   1.663
   1.707
   1.751
   1.793
   1.835
   1.862
   1.900
   1.925
   1.934
   1.888
   1.701
 -65.534
 -65.534
 -65.534
 -65.534
 -65.534
 -65.534
   2.255
   2.362
   2.386
   2.394
   2.379
   2.362
   2.350
   2.336
   2.332
   2.330
   2.334
   2.334
   2.342
   2.344
   2.347
   2.360
   2.384
   2.405
   2.421
   2.416
   2.379
   2.309
   2.215
   2.105
   1.980
   1.676
   0.000
 -65.534
 -65.534
 -65.534
 -65.534
 -65.534
 -65.534
 -65.534
 -65.534
 -65.534
 -65.534
 -65.534
 -65.534
 -65.534
 -65.534
 -65.534
 -65.534
 -65.534
 -65.534
 -65.534
 -65.534
 -65.534
 -65.534
 -65.534
 -65.534
   1.590
   1.677
   1.735
   1.796
   1.855
   1.879
   1.903
   1.931
   1.951
   1.937
   1.866
   1.701
 -65.534
 -65.534
 -65.534
 -65.534
 -65.534
 -65.534
 -65.534
   2.290
   2.396
   2.420
   2.421
   2.391
   2.368
   2.331
   2.309
   2.292
   2.274
   2.254
   2.235
   2.212
   2.194
   2.185
   2.187
   2.182
   2.162
   2.125
   2.056
   1.954
   1.831
   1.693
   1.550
   1.264
   0.000
 -65.534
 -65.534
 -65.534
 -65.534
 -65.534
 -65.534
 -65.534
 -65.534
 -65.534
 -65.534
 -65.534
 -65.534
 -65.534
 -65.534
 -65.534
 -65.534
 -65.534
 -65.534
 -65.534
 -65.534
 -65.534
 -65.534
 -65.534
 -65.534
 -65.534
 -65.534
 -65.534
 -65.534
 -65.534
   1.862
   1.919
   1.943
   1.949
   1.921
   1.837
   1.662
   0.725
 -65.534
 -65.534
 -65.534
 -65.534
 -65.534
 -65.534
   2.112
   2.218
 -65.534
   2.165
   2.318
   2.339
   2.359
   2.323
   2.288
   2.232
   2.189
   2.146
   2.100
   2.060
   2.025
   1.991
   1.953
   1.897
   1.819
   1.703
   1.558
   1.399
   1.232
   1.071
   0.817
   0.000
 -65.534
 -65.534
 -65.534
 -65.534
 -65.534
 -65.534
 -65.534
 -65.534
 -65.534
 -65.534
 -65.534
 -65.534
 -65.534
 -65.534
 -65.534
 -65.534
 -65.534
 -65.534
 -65.534
 -65.534
 -65.534
 -65.534
 -65.534
 -65.534
 -65.534
 -65.534
 -65.534
 -65.534
 -65.534
 -65.534
 -65.534
 -65.534
   1.910
   1.893
   1.813
   1.619
   0.959
   0.519
 -65.534
 -65.534
 -65.534
 -65.534
 -65.534
 -65.534
 -65.534
 -65.534
 -65.534
 -65.534
 -65.534
   2.006
   2.198
   2.197
   2.241
   2.175
   2.097
   1.991
   1.914
   1.848
   1.781
   1.702
   1.607
   1.484
   1.333
   1.162
   0.987
   0.809
   0.649
   0.441
   0.000
 -65.534
 -65.534
 -65.534
 -65.534
 -65.534
 -65.534
 -65.534
 -65.534
 -65.534
 -65.534
 -65.534
 -65.534
 -65.534
 -65.534
 -65.534
 -65.534
 -65.534
 -65.534
 -65.534
 -65.534
 -65.534
 -65.534
 -65.534
 -65.534
 -65.534
 -65.534
 -65.534
 -65.534
 -65.534
 -65.534
 -65.534
 -65.534
   1.877
   1.856
   1.770
   1.567
   1.099
   0.678
   0.440
   0.358
 -65.534
 -65.534
 -65.534
 -65.534
 -65.534
 -65.534
 -65.534
 -65.534
 -65.534
 -65.534
 -65.534
 -65.534
   1.724
   1.908
   1.871
   1.858
   1.752
   1.640
   1.532
   1.423
   1.293
   1.142
   0.976
   0.793
   0.616
   0.461
   0.326
   0.172
   0.000
 -65.534
 -65.534
 -65.534
 -65.534
 -65.534
 -65.534
 -65.534
 -65.534
 -65.534
 -65.534
 -65.534
 -65.534
 -65.534
 -65.534
 -65.534
 -65.534
 -65.534
 -65.534
 -65.534
 -65.534
 -65.534
 -65.534
 -65.534
 -65.534
 -65.534
 -65.534
 -65.534
 -65.534
 -65.534
 -65.534
 -65.534
 -65.534
 -65.534
 -65.534
 -65.534
 -65.534
   0.996
   0.744
   0.536
   0.406
   0.331
   0.283
   0.246
   0.232
   0.220
 -65.534
 -65.534
 -65.534
 -65.534
 -65.534
 -65.534
 -65.534
 -65.534
 -65.534
 -65.534
   1.303
   1.470
   1.403
   1.286
   1.136
   0.980
   0.819
   0.645
   0.472
   0.312
   0.178
   0.075
  -0.029
   0.000
 -65.534
 -65.534
 -65.534
 -65.534
 -65.534
 -65.534
 -65.534
 -65.534
 -65.534
 -65.534
 -65.534
 -65.534
 -65.534
 -65.534
 -65.534
 -65.534
 -65.534
 -65.534
 -65.534
 -65.534
 -65.534
 -65.534
 -65.534
 -65.534
 -65.534
 -65.534
 -65.534
 -65.534
 -65.534
 -65.534
 -65.534
 -65.534
 -65.534
 -65.534
 -65.534
 -65.534
 -65.534
 -65.534
 -65.534
 -65.534
   0.295
 -65.534
 -65.534
 -65.534
 -65.534
 -65.534
 -65.534
 -65.534
 -65.534
 -65.534
 -65.534
 -65.534
 -65.534
 -65.534
 -65.534
   0.663
   0.965
   1.011
   0.936
   0.858
   0.700
   0.500
   0.323
   0.169
   0.038
  -0.058
  -0.127
  -0.193
   0.000
 -65.534
 -65.534
 -65.534
 -65.534
 -65.534
 -65.534
 -65.534
 -65.534
 -65.534
 -65.534
 -65.534
 -65.534
 -65.534
 -65.534
 -65.534
 -65.534
 -65.534
 -65.534
 -65.534
 -65.534
 -65.534
 -65.534
 -65.534
 -65.534
 -65.534
 -65.534
 -65.534
 -65.534
 -65.534
 -65.534
 -65.534
 -65.534
 -65.534
 -65.534
 -65.534
 -65.534
 -65.534
 -65.534
 -65.534
 -65.534
 -65.534
 -65.534
 -65.534
 -65.534
 -65.534
 -65.534
 -65.534
 -65.534
 -65.534
 -65.534
 -65.534
 -65.534
 -65.534
 -65.534
 -65.534
 -65.534
 -65.534
 -65.534
 -65.534
   0.363
   0.372
   0.233
   0.064
  -0.059
  -0.152
  -0.209
  -0.218
  -0.276
   0.000
 -65.534
 -65.534
 -65.534
 -65.534
 -65.534
 -65.534
 -65.534
 -65.534
 -65.534
 -65.534
 -65.534
 -65.534
 -65.534
 -65.534
 -65.534
 -65.534
 -65.534
 -65.534
 -65.534
 -65.534
 -65.534
 -65.534
 -65.534
 -65.534
 -65.534
 -65.534
 -65.534
 -65.534
 -65.534
 -65.534
 -65.534
 -65.534
 -65.534
 -65.534
 -65.534
 -65.534
 -65.534
 -65.534
 -65.534
 -65.534
 -65.534
 -65.534
 -65.534
 -65.534
 -65.534
 -65.534
 -65.534
 -65.534
 -65.534
 -65.534
 -65.534
 -65.534
 -65.534
 -65.534
 -65.534
 -65.534
 -65.534
 -65.534
 -65.534
 -65.534
 -65.534
   0.000
   0.000
   0.000
   0.000
   0.000
   0.000
   0.000
 -65.534
