 -65.534
   0.000
   0.000
   0.000
   0.000
   0.000
   0.000
   0.000
   0.000
   0.000
   0.000
   0.000
   0.000
   0.000
   0.000
   0.000
   0.000
   0.000
   0.000
   0.000
   0.000
   0.000
   0.000
   0.000
   0.000
   0.000
   0.000
   0.000
   0.000
   0.000
   0.000
   0.000
   0.000
   0.000
   0.000
   0.000
   0.000
   0.000
   0.000
   0.000
   0.000
   0.000
   0.000
   0.000
   0.000
   0.000
   0.000
   0.000
   0.000
   0.000
   0.000
   0.000
   0.000
   0.000
   0.000
   0.000
   0.000
   0.000
   0.000
   0.000
   0.000
   0.000
   0.000
   0.000
   0.000
   0.000
   0.000
   0.000
 -65.534
   0.000
   1.918
   2.022
   2.097
   2.154
   2.192
   2.200
   2.186
   2.142
   2.086
   2.030
   1.967
   1.906
   1.845
   1.794
   1.769
   1.791
   1.899
   2.111
   2.451
   2.895
   3.401
   3.871
   4.442
   4.459
   4.274
   4.111
   4.029
   4.009
   4.069
   4.139
   4.139
   4.221
   4.389
   4.433
   4.609
   4.692
   4.853
   5.091
   5.270
   5.467
   5.604
   5.674
   5.786
   5.878
   5.908
   5.959
   6.020
   6.094
   6.182
   6.287
   6.391
   6.503
   6.604
   6.741
   6.818
   6.834
   6.820
   6.777
   6.724
   6.643
   6.543
   6.437
   6.357
   6.246
   6.142
   6.088
   5.829
   0.000
   0.000
   1.980
   2.014
   2.029
   2.053
   2.073
   2.095
   2.104
   2.091
   2.074
   2.050
   2.028
   1.996
   1.955
   1.913
   1.887
   1.900
   1.972
   2.122
   2.360
   2.686
   3.067
   3.410
   3.803
   3.866
   3.811
   3.771
   3.784
   3.877
   4.033
   4.192
   4.337
   4.492
   4.696
   4.841
   4.992
   5.159
   5.325
   5.539
   5.784
   6.001
   6.198
   6.327
   6.498
   6.677
   6.828
   7.019
   7.231
   7.428
   7.618
   7.789
   7.937
   8.066
   8.185
   8.261
   8.296
   8.298
   8.255
   8.178
   8.080
   7.953
   7.804
   7.645
   7.498
   7.351
   7.227
   7.133
   6.842
   0.000
   0.000
   1.961
   1.954
   1.936
   1.922
   1.922
   1.936
   1.955
   1.969
   1.982
   1.998
   2.007
   1.994
   1.966
   1.927
   1.887
   1.876
   1.912
   2.005
   2.167
   2.389
   2.653
   2.888
   3.083
   3.247
   3.288
   3.352
   3.473
   3.650
   3.868
   4.096
   4.333
   4.587
   4.806
   4.988
   5.191
   5.375
   5.576
   5.810
   6.050
   6.304
   6.542
   6.710
   6.883
   7.073
   7.292
   7.557
   7.860
   8.168
   8.445
   8.685
   8.870
   9.026
   9.132
   9.182
   9.213
   9.197
   9.112
   8.973
   8.842
   8.683
   8.497
   8.298
   8.125
   7.962
   7.802
   7.688
   7.362
   0.000
   0.000
   1.943
   1.915
   1.870
   1.829
   1.805
   1.807
   1.828
   1.856
   1.890
   1.928
   1.958
   1.972
   1.956
   1.925
   1.877
   1.851
   1.866
   1.921
   2.011
   2.156
   2.351
   2.504
   2.608
   2.766
   2.881
   3.047
   3.268
   3.556
   3.847
   4.146
   4.460
   4.785
   5.055
   5.278
   5.486
   5.686
   5.888
   6.134
   6.403
   6.684
   6.932
   7.128
   7.311
   7.499
   7.725
   8.037
   8.404
   8.785
   9.132
   9.428
   9.681
   9.841
   9.951
  10.017
  10.018
   9.958
   9.841
   9.675
   9.492
   9.294
   9.087
   8.867
   8.672
   8.492
   8.320
   8.190
   7.831
   0.000
   0.000
   1.943
   1.892
   1.841
   1.783
   1.743
   1.728
   1.733
   1.764
   1.805
   1.850
   1.893
   1.915
   1.911
   1.885
   1.843
   1.807
   1.796
   1.828
   1.879
   1.978
   2.112
   2.206
   2.311
   2.398
   2.570
   2.873
   3.222
   3.615
   3.995
   4.336
   4.705
   5.059
   5.352
   5.598
   5.823
   6.042
   6.260
   6.507
   6.818
   7.123
   7.381
   7.590
   7.780
   7.989
   8.227
   8.567
   8.964
   9.392
   9.807
  10.165
  10.427
  10.616
  10.746
  10.783
  10.742
  10.647
  10.497
  10.288
  10.076
   9.856
   9.610
   9.390
   9.167
   8.972
   8.786
   8.631
   8.259
   0.000
   0.000
   1.926
   1.879
   1.834
   1.777
   1.722
   1.695
   1.694
   1.716
   1.756
   1.804
   1.849
   1.875
   1.882
   1.860
   1.812
   1.774
   1.757
   1.762
   1.787
   1.848
   1.917
   1.952
   2.011
   2.149
   2.483
   2.893
   3.352
   3.840
   4.279
   4.644
   5.015
   5.358
   5.672
   5.929
   6.178
   6.410
   6.708
   6.975
   7.288
   7.603
   7.877
   8.147
   8.367
   8.585
   8.799
   9.119
   9.515
   9.959
  10.398
  10.805
  11.133
  11.337
  11.454
  11.483
  11.405
  11.286
  11.099
  10.849
  10.606
  10.359
  10.093
   9.834
   9.607
   9.396
   9.188
   8.998
   8.599
   0.000
   0.000
   1.890
   1.866
   1.819
   1.768
   1.722
   1.689
   1.686
   1.708
   1.750
   1.801
   1.848
   1.876
   1.883
   1.859
   1.818
   1.774
   1.752
   1.747
   1.764
   1.811
   1.886
   1.942
   2.037
   2.247
   2.630
   3.107
   3.636
   4.190
   4.658
   5.025
   5.367
   5.676
   5.985
   6.259
   6.553
   6.835
   7.156
   7.464
   7.795
   8.133
   8.486
   8.778
   9.034
   9.260
   9.457
   9.713
  10.070
  10.496
  10.950
  11.348
  11.684
  11.927
  12.069
  12.082
  12.008
  11.842
  11.633
  11.358
  11.066
  10.794
  10.499
  10.216
   9.958
   9.728
   9.505
   9.295
   8.876
   0.000
   0.000
   1.814
   1.812
   1.779
   1.743
   1.706
   1.692
   1.688
   1.712
   1.765
   1.825
   1.874
   1.904
   1.914
   1.894
   1.852
   1.813
   1.786
   1.784
   1.816
   1.874
   1.969
   2.080
   2.228
   2.505
   2.925
   3.429
   3.994
   4.575
   5.053
   5.402
   5.694
   5.976
   6.264
   6.575
   6.918
   7.250
   7.621
   7.965
   8.334
   8.735
   9.111
   9.476
   9.798
  10.032
  10.211
  10.423
  10.726
  11.065
  11.434
  11.820
  12.136
  12.387
  12.561
  12.599
  12.540
  12.393
  12.115
  11.822
  11.488
  11.164
  10.843
  10.535
  10.253
   9.997
   9.745
   9.508
   9.076
   0.000
   0.000
   1.679
   1.689
   1.682
   1.671
   1.659
   1.656
   1.673
   1.717
   1.779
   1.853
   1.907
   1.943
   1.950
   1.934
   1.902
   1.876
   1.858
   1.869
   1.916
   2.003
   2.121
   2.280
   2.487
   2.819
   3.274
   3.796
   4.384
   4.958
   5.406
   5.723
   5.978
   6.240
   6.511
   6.840
   7.236
   7.640
   8.030
   8.429
   8.818
   9.283
   9.700
  10.113
  10.519
  10.821
  11.024
  11.206
  11.436
  11.704
  11.970
  12.252
  12.523
  12.761
  12.943
  13.004
  12.931
  12.789
  12.524
  12.170
  11.818
  11.459
  11.099
  10.765
  10.474
  10.203
   9.924
   9.649
   9.200
   0.000
   0.000
   1.507
   1.515
   1.524
   1.536
   1.555
   1.582
   1.623
   1.685
   1.768
   1.857
   1.927
   1.974
   1.993
   1.984
   1.967
   1.952
   1.960
   1.996
   2.065
   2.182
   2.340
   2.526
   2.778
   3.146
   3.628
   4.179
   4.760
   5.285
   5.716
   6.013
   6.217
   6.435
   6.739
   7.117
   7.527
   7.975
   8.397
   8.794
   9.194
   9.683
  10.133
  10.611
  11.085
  11.491
  11.782
  11.983
  12.163
  12.336
  12.521
  12.719
  12.878
  13.058
  13.194
  13.244
  13.146
  12.960
  12.700
  12.333
  11.942
  11.586
  11.214
  10.860
  10.551
  10.277
   9.991
   9.704
   9.238
   0.000
   0.000
   1.366
   1.345
   1.352
   1.380
   1.417
   1.466
   1.528
   1.606
   1.701
   1.805
   1.900
   1.965
   2.012
   2.027
   2.031
   2.039
   2.072
   2.134
   2.231
   2.383
   2.563
   2.786
   3.054
   3.448
   3.926
   4.452
   5.027
   5.561
   6.012
   6.318
   6.551
   6.747
   7.009
   7.357
   7.786
   8.228
   8.640
   9.040
   9.458
   9.917
  10.417
  10.968
  11.538
  12.027
  12.404
  12.673
  12.883
  12.994
  13.104
  13.206
  13.271
  13.361
  13.408
  13.396
  13.269
  13.034
  12.721
  12.356
  11.946
  11.561
  11.208
  10.855
  10.542
  10.253
   9.980
   9.702
   9.225
   0.000
   0.000
   1.367
   1.227
   1.203
   1.210
   1.242
   1.302
   1.373
   1.466
   1.571
   1.685
   1.795
   1.891
   1.968
   2.018
   2.059
   2.106
   2.175
   2.268
   2.398
   2.567
   2.774
   3.005
   3.289
   3.681
   4.144
   4.640
   5.193
   5.736
   6.242
   6.597
   6.929
   7.187
   7.413
   7.655
   7.974
   8.333
   8.715
   9.104
   9.509
   9.973
  10.508
  11.128
  11.799
  12.384
  12.841
  13.213
  13.457
  13.558
  13.613
  13.641
  13.636
  13.612
  13.578
  13.481
  13.294
  13.028
  12.654
  12.258
  11.844
  11.454
  11.097
  10.766
  10.464
  10.181
   9.920
   9.645
   9.173
   0.000
 -65.534
 -65.534
   1.270
   1.079
   1.067
   1.068
   1.107
   1.177
   1.267
   1.378
   1.494
   1.623
   1.746
   1.856
   1.948
   2.038
   2.129
   2.239
   2.375
   2.537
   2.732
   2.959
   3.208
   3.493
   3.873
   4.313
   4.778
   5.298
   5.836
   6.334
   6.801
   7.222
   7.543
   7.790
   7.962
   8.088
   8.283
   8.615
   9.012
   9.416
   9.873
  10.416
  11.079
  11.826
  12.499
  13.006
  13.435
  13.746
  13.885
  13.942
  13.939
  13.881
  13.773
  13.632
  13.443
  13.180
  12.852
  12.467
  12.040
  11.627
  11.240
  10.900
  10.609
  10.341
  10.083
   9.841
   9.573
   9.078
   0.000
 -65.534
 -65.534
 -65.534
   1.126
   0.908
   0.895
   0.897
   0.944
   1.027
   1.139
   1.269
   1.405
   1.542
   1.683
   1.813
   1.939
   2.076
   2.233
   2.408
   2.610
   2.834
   3.080
   3.348
   3.654
   4.017
   4.438
   4.876
   5.345
   5.863
   6.375
   6.865
   7.307
   7.691
   8.009
   8.218
   8.160
   8.268
   8.563
   8.919
   9.299
   9.724
  10.250
  10.908
  11.687
  12.418
  13.002
  13.461
  13.815
  14.013
  14.086
  14.061
  13.961
  13.795
  13.571
  13.301
  12.975
  12.572
  12.161
  11.728
  11.319
  10.956
  10.640
  10.375
  10.158
   9.947
   9.730
   9.480
   8.968
   0.000
 -65.534
 -65.534
 -65.534
 -65.534
   0.840
   0.744
   0.718
   0.729
   0.786
   0.884
   1.006
   1.149
   1.304
   1.454
   1.609
   1.769
   1.937
   2.120
   2.324
   2.557
   2.812
   3.088
   3.376
   3.699
   4.065
   4.468
   4.883
   5.334
   5.811
   6.294
   6.759
   7.198
   7.631
   8.022
   8.257
   8.274
   8.412
   8.540
   8.845
   9.203
   9.587
  10.045
  10.662
  11.421
  12.169
  12.799
  13.316
  13.688
  13.895
  13.993
  13.961
  13.839
  13.627
  13.362
  13.036
  12.641
  12.205
  11.784
  11.370
  10.987
  10.643
  10.352
  10.124
   9.935
   9.769
   9.599
   9.383
   8.867
   0.000
 -65.534
 -65.534
 -65.534
 -65.534
   0.819
   0.662
   0.603
   0.571
   0.589
   0.654
   0.752
   0.875
   1.023
   1.182
   1.349
   1.524
   1.711
   1.914
   2.139
   2.383
   2.655
   2.942
   3.249
   3.581
   3.955
   4.356
   4.771
   5.207
   5.664
   6.116
   6.548
   6.985
   7.435
   7.842
   8.114
   8.264
   8.409
   8.576
   8.867
   9.126
   9.457
   9.841
  10.370
  11.051
  11.759
  12.374
  12.913
  13.301
  13.507
  13.598
  13.581
  13.468
  13.231
  12.935
  12.565
  12.152
  11.723
  11.311
  10.942
  10.611
  10.318
  10.069
   9.864
   9.706
   9.578
   9.444
   9.265
   8.734
   0.000
 -65.534
 -65.534
 -65.534
 -65.534
   0.885
   0.677
   0.569
   0.502
   0.480
   0.499
   0.553
   0.639
   0.756
   0.901
   1.070
   1.261
   1.450
   1.659
   1.881
   2.131
   2.396
   2.675
   2.983
   3.325
   3.702
   4.105
   4.521
   4.957
   5.404
   5.846
   6.280
   6.710
   7.148
   7.572
   7.876
   8.117
   8.317
   8.522
   8.786
   9.052
   9.356
   9.698
  10.113
  10.681
  11.291
  11.847
  12.337
  12.710
  12.911
  13.014
  13.012
  12.887
  12.634
  12.310
  11.935
  11.533
  11.131
  10.774
  10.475
  10.212
   9.989
   9.794
   9.631
   9.503
   9.387
   9.261
   9.073
   8.541
   0.000
 -65.534
 -65.534
 -65.534
 -65.534
   1.173
   0.978
   0.825
   0.661
   0.499
   0.472
   0.475
   0.514
   0.577
   0.686
   0.829
   0.996
   1.187
   1.396
   1.621
   1.847
   2.089
   2.356
   2.647
   2.986
   3.352
   3.748
   4.167
   4.611
   5.064
   5.502
   5.935
   6.355
   6.790
   7.207
   7.570
   7.873
   8.119
   8.356
   8.590
   8.863
   9.160
   9.488
   9.878
  10.339
  10.834
  11.290
  11.707
  12.017
  12.203
  12.288
  12.281
  12.142
  11.889
  11.571
  11.214
  10.848
  10.495
  10.209
   9.979
   9.799
   9.661
   9.536
   9.421
   9.313
   9.187
   9.041
   8.811
   8.258
   0.000
 -65.534
 -65.534
 -65.534
 -65.534
 -65.534
 -65.534
 -65.534
 -65.534
   0.730
   0.608
   0.552
   0.521
   0.524
   0.569
   0.658
   0.784
   0.946
   1.146
   1.370
   1.598
   1.821
   2.059
   2.323
   2.647
   3.009
   3.398
   3.802
   4.233
   4.672
   5.105
   5.538
   5.963
   6.381
   6.782
   7.160
   7.505
   7.820
   8.095
   8.330
   8.591
   8.889
   9.205
   9.575
   9.967
  10.332
  10.726
  11.060
  11.309
  11.424
  11.473
  11.436
  11.294
  11.052
  10.758
  10.443
  10.131
   9.853
   9.635
   9.475
   9.369
   9.312
   9.265
   9.194
   9.092
   8.955
   8.778
   8.524
   7.940
   0.000
 -65.534
 -65.534
 -65.534
 -65.534
 -65.534
 -65.534
   0.220
   0.814
   1.046
   0.815
   0.716
   0.626
   0.564
   0.542
   0.578
   0.661
   0.789
   0.968
   1.179
   1.387
   1.603
   1.827
   2.090
   2.389
   2.718
   3.092
   3.485
   3.897
   4.311
   4.723
   5.127
   5.536
   5.939
   6.331
   6.715
   7.074
   7.423
   7.736
   8.009
   8.284
   8.577
   8.888
   9.208
   9.537
   9.832
  10.100
  10.303
  10.435
  10.595
  10.611
  10.532
  10.385
  10.161
   9.903
   9.645
   9.398
   9.201
   9.039
   8.930
   8.880
   8.883
   8.906
   8.894
   8.804
   8.668
   8.476
   8.218
   7.557
   0.000
 -65.534
 -65.534
 -65.534
 -65.534
 -65.534
 -65.534
 -65.534
 -65.534
 -65.534
   1.189
   1.060
   0.969
   0.886
   0.803
   0.722
   0.646
   0.741
   0.887
   1.077
   1.293
   1.484
   1.693
   1.941
   2.226
   2.549
   2.888
   3.244
   3.617
   3.997
   4.366
   4.734
   5.112
   5.494
   5.875
   6.248
   6.607
   6.966
   7.301
   7.599
   7.897
   8.193
   8.490
   8.775
   9.026
   9.240
   9.401
   9.530
   9.594
   9.624
   9.570
   9.476
   9.336
   9.155
   8.970
   8.784
   8.613
   8.474
   8.366
   8.291
   8.279
   8.329
   8.404
   8.432
   8.365
   8.244
   8.079
   7.817
   7.122
   0.000
 -65.534
 -65.534
 -65.534
 -65.534
 -65.534
 -65.534
 -65.534
 -65.534
 -65.534
 -65.534
 -65.534
 -65.534
 -65.534
 -65.534
 -65.534
   1.025
   1.017
   1.079
   1.171
   1.290
   1.470
   1.658
   1.876
   2.131
   2.429
   2.747
   3.078
   3.399
   3.732
   4.071
   4.403
   4.735
   5.072
   5.421
   5.775
   6.126
   6.476
   6.816
   7.157
   7.466
   7.754
   8.019
   8.252
   8.447
   8.596
   8.680
   8.726
   8.742
   8.705
   8.636
   8.541
   8.423
   8.297
   8.160
   8.011
   7.868
   7.743
   7.647
   7.586
   7.605
   7.691
   7.793
   7.859
   7.839
   7.757
   7.593
   7.341
   6.621
   0.000
 -65.534
 -65.534
 -65.534
 -65.534
 -65.534
 -65.534
 -65.534
 -65.534
 -65.534
 -65.534
 -65.534
 -65.534
 -65.534
 -65.534
 -65.534
 -65.534
 -65.534
 -65.534
 -65.534
   1.453
   1.548
   1.692
   1.873
   2.090
   2.345
   2.630
   2.923
   3.228
   3.526
   3.812
   4.101
   4.398
   4.693
   5.009
   5.340
   5.671
   6.007
   6.329
   6.633
   6.942
   7.220
   7.460
   7.658
   7.811
   7.906
   7.933
   7.928
   7.915
   7.871
   7.798
   7.718
   7.643
   7.552
   7.437
   7.302
   7.152
   7.009
   6.908
   6.867
   6.912
   7.029
   7.159
   7.260
   7.289
   7.220
   7.081
   6.842
   6.127
   0.000
 -65.534
 -65.534
 -65.534
 -65.534
 -65.534
 -65.534
 -65.534
 -65.534
 -65.534
 -65.534
 -65.534
 -65.534
 -65.534
 -65.534
 -65.534
 -65.534
 -65.534
 -65.534
   0.693
   1.667
   1.678
   1.777
   1.916
   2.087
   2.296
   2.534
   2.797
   3.072
   3.340
   3.601
   3.847
   4.099
   4.356
   4.631
   4.924
   5.215
   5.511
   5.794
   6.069
   6.343
   6.606
   6.842
   7.016
   7.141
   7.194
   7.177
   7.131
   7.093
   7.064
   7.027
   6.997
   6.959
   6.887
   6.769
   6.609
   6.424
   6.276
   6.177
   6.158
   6.230
   6.358
   6.501
   6.617
   6.672
   6.642
   6.530
   6.322
   5.633
   0.000
 -65.534
 -65.534
 -65.534
 -65.534
 -65.534
 -65.534
 -65.534
 -65.534
 -65.534
 -65.534
 -65.534
 -65.534
 -65.534
 -65.534
 -65.534
 -65.534
 -65.534
   0.353
   1.375
   1.769
   1.806
   1.861
   1.952
   2.092
   2.256
   2.456
   2.684
   2.921
   3.167
   3.401
   3.612
   3.815
   4.027
   4.248
   4.477
   4.719
   4.959
   5.206
   5.442
   5.680
   5.931
   6.161
   6.339
   6.448
   6.470
   6.430
   6.367
   6.328
   6.315
   6.321
   6.330
   6.318
   6.245
   6.110
   5.945
   5.770
   5.615
   5.528
   5.527
   5.610
   5.728
   5.858
   5.981
   6.050
   6.039
   5.960
   5.792
   5.159
   0.000
 -65.534
 -65.534
 -65.534
 -65.534
 -65.534
 -65.534
 -65.534
 -65.534
 -65.534
 -65.534
 -65.534
 -65.534
 -65.534
 -65.534
 -65.534
 -65.534
 -65.534
   0.905
   1.580
   1.839
   1.899
   1.927
   1.975
   2.061
   2.202
   2.368
   2.567
   2.780
   2.995
   3.196
   3.377
   3.528
   3.688
   3.853
   4.027
   4.207
   4.389
   4.579
   4.783
   4.993
   5.220
   5.434
   5.617
   5.725
   5.750
   5.709
   5.662
   5.643
   5.651
   5.675
   5.703
   5.726
   5.681
   5.558
   5.397
   5.230
   5.069
   4.978
   4.970
   5.025
   5.131
   5.248
   5.354
   5.424
   5.435
   5.404
   5.284
   4.707
   0.000
 -65.534
 -65.534
 -65.534
 -65.534
 -65.534
 -65.534
 -65.534
 -65.534
 -65.534
 -65.534
 -65.534
 -65.534
 -65.534
 -65.534
 -65.534
 -65.534
 -65.534
   1.190
   1.663
   1.883
   1.934
   1.946
   1.957
   2.001
   2.117
   2.259
   2.429
   2.625
   2.816
   2.990
   3.136
   3.247
   3.365
   3.482
   3.611
   3.739
   3.869
   4.011
   4.173
   4.350
   4.543
   4.736
   4.897
   5.006
   5.050
   5.048
   5.023
   5.019
   5.032
   5.049
   5.080
   5.115
   5.091
   5.016
   4.917
   4.780
   4.638
   4.544
   4.514
   4.534
   4.585
   4.655
   4.733
   4.795
   4.803
   4.783
   4.725
   4.289
   0.000
 -65.534
 -65.534
 -65.534
 -65.534
 -65.534
 -65.534
 -65.534
 -65.534
 -65.534
 -65.534
 -65.534
 -65.534
 -65.534
 -65.534
 -65.534
 -65.534
 -65.534
   1.363
   1.691
   1.857
   1.904
   1.903
   1.900
   1.922
   2.004
   2.137
   2.281
   2.447
   2.617
   2.774
   2.896
   2.976
   3.069
   3.169
   3.263
   3.362
   3.458
   3.569
   3.694
   3.843
   4.001
   4.152
   4.287
   4.391
   4.440
   4.447
   4.433
   4.432
   4.434
   4.442
   4.473
   4.508
   4.512
   4.491
   4.452
   4.379
   4.281
   4.186
   4.146
   4.134
   4.139
   4.155
   4.172
   4.195
   4.193
   4.194
   4.191
   3.831
   0.000
 -65.534
 -65.534
 -65.534
 -65.534
 -65.534
 -65.534
 -65.534
 -65.534
 -65.534
 -65.534
 -65.534
 -65.534
 -65.534
 -65.534
 -65.534
 -65.534
 -65.534
 -65.534
   1.616
   1.779
   1.823
   1.825
   1.811
   1.829
   1.884
   1.986
   2.108
   2.249
   2.393
   2.532
   2.638
   2.699
   2.778
   2.868
   2.957
   3.045
   3.128
   3.214
   3.318
   3.433
   3.562
   3.689
   3.793
   3.873
   3.906
   3.910
   3.898
   3.864
   3.852
   3.851
   3.871
   3.919
   3.945
   3.961
   3.970
   3.961
   3.903
   3.857
   3.822
   3.799
   3.782
   3.764
   3.740
   3.716
   3.692
   3.660
   3.652
   3.356
   0.000
 -65.534
 -65.534
 -65.534
 -65.534
 -65.534
 -65.534
 -65.534
 -65.534
 -65.534
 -65.534
 -65.534
 -65.534
 -65.534
 -65.534
 -65.534
 -65.534
 -65.534
 -65.534
 -65.534
   1.623
   1.707
   1.709
   1.714
   1.736
   1.785
   1.854
   1.948
   2.054
   2.169
   2.275
   2.357
   2.429
   2.512
   2.593
   2.679
   2.765
   2.771
   2.857
   2.960
   3.077
   3.217
   3.313
   3.388
   3.445
   3.458
   3.445
   3.409
   3.373
   3.328
   3.328
   3.328
   3.368
   3.406
   3.438
   3.449
   3.469
   3.479
   3.479
   3.469
   3.463
   3.459
   3.442
   3.403
   3.344
   3.282
   3.210
   3.149
   2.854
   0.000
 -65.534
 -65.534
 -65.534
 -65.534
 -65.534
 -65.534
 -65.534
 -65.534
 -65.534
 -65.534
 -65.534
 -65.534
 -65.534
 -65.534
 -65.534
 -65.534
 -65.534
 -65.534
 -65.534
 -65.534
   1.517
   1.557
   1.585
   1.625
   1.702
   1.768
   1.842
   1.919
   2.002
   2.080
   2.156
   2.254
   2.359
   2.474
   2.573
   2.518
 -65.534
 -65.534
 -65.534
 -65.534
   2.768
   3.000
   3.115
   3.130
   3.116
   3.064
   3.010
   2.958
   2.920
   2.876
   2.873
   2.898
   2.929
   2.965
   3.006
   3.035
   3.056
   3.076
   3.096
   3.108
   3.113
   3.096
   3.048
   2.975
   2.897
   2.802
   2.710
   2.398
   0.000
 -65.534
 -65.534
 -65.534
 -65.534
 -65.534
 -65.534
 -65.534
 -65.534
 -65.534
 -65.534
 -65.534
 -65.534
 -65.534
 -65.534
 -65.534
 -65.534
 -65.534
 -65.534
 -65.534
 -65.534
 -65.534
 -65.534
 -65.534
 -65.534
   1.653
   1.716
   1.780
   1.852
   1.922
   1.983
   2.043
   2.159
   2.285
   2.386
   2.412
   2.260
 -65.534
 -65.534
 -65.534
 -65.534
 -65.534
 -65.534
   2.683
   2.898
   2.867
   2.804
   2.720
   2.638
   2.595
   2.573
   2.574
   2.573
   2.585
   2.604
   2.629
   2.649
   2.668
   2.683
   2.701
   2.708
   2.697
   2.676
   2.626
   2.544
   2.447
   2.353
   2.241
   1.946
   0.000
 -65.534
 -65.534
 -65.534
 -65.534
 -65.534
 -65.534
 -65.534
 -65.534
 -65.534
 -65.534
 -65.534
 -65.534
 -65.534
 -65.534
 -65.534
 -65.534
 -65.534
 -65.534
 -65.534
 -65.534
 -65.534
 -65.534
 -65.534
 -65.534
   1.578
   1.650
   1.723
   1.802
   1.883
   1.954
   2.013
   2.106
   2.207
   2.260
   2.230
   2.101
 -65.534
 -65.534
 -65.534
 -65.534
 -65.534
 -65.534
 -65.534
   2.519
   2.609
   2.527
   2.506
   2.428
   2.375
   2.317
   2.296
   2.291
   2.295
   2.294
   2.302
   2.298
   2.287
   2.278
   2.278
   2.274
   2.256
   2.222
   2.161
   2.070
   1.962
   1.842
   1.735
   1.478
   0.000
 -65.534
 -65.534
 -65.534
 -65.534
 -65.534
 -65.534
 -65.534
 -65.534
 -65.534
 -65.534
 -65.534
 -65.534
 -65.534
 -65.534
 -65.534
 -65.534
 -65.534
 -65.534
 -65.534
 -65.534
 -65.534
 -65.534
 -65.534
 -65.534
 -65.534
 -65.534
 -65.534
 -65.534
 -65.534
   1.968
   2.035
   2.078
   2.144
   2.142
   2.078
   1.902
   0.703
 -65.534
 -65.534
 -65.534
 -65.534
 -65.534
 -65.534
   2.132
   2.331
 -65.534
   2.021
   2.128
   2.134
   2.195
   2.163
   2.135
   2.086
   2.050
   2.014
   1.977
   1.941
   1.909
   1.887
   1.863
   1.822
   1.765
   1.676
   1.563
   1.439
   1.311
   1.204
   1.005
   0.000
 -65.534
 -65.534
 -65.534
 -65.534
 -65.534
 -65.534
 -65.534
 -65.534
 -65.534
 -65.534
 -65.534
 -65.534
 -65.534
 -65.534
 -65.534
 -65.534
 -65.534
 -65.534
 -65.534
 -65.534
 -65.534
 -65.534
 -65.534
 -65.534
 -65.534
 -65.534
 -65.534
 -65.534
 -65.534
 -65.534
 -65.534
 -65.534
   2.115
   2.063
   1.969
   1.752
   0.890
   0.370
 -65.534
 -65.534
 -65.534
 -65.534
 -65.534
 -65.534
 -65.534
 -65.534
 -65.534
 -65.534
 -65.534
   1.678
   1.892
   1.904
   1.988
   1.909
   1.817
   1.709
   1.637
   1.582
   1.530
   1.472
   1.400
   1.309
   1.200
   1.073
   0.953
   0.830
   0.740
   0.609
   0.000
 -65.534
 -65.534
 -65.534
 -65.534
 -65.534
 -65.534
 -65.534
 -65.534
 -65.534
 -65.534
 -65.534
 -65.534
 -65.534
 -65.534
 -65.534
 -65.534
 -65.534
 -65.534
 -65.534
 -65.534
 -65.534
 -65.534
 -65.534
 -65.534
 -65.534
 -65.534
 -65.534
 -65.534
 -65.534
 -65.534
 -65.534
 -65.534
   2.056
   1.986
   1.867
   1.619
   1.026
   0.480
   0.233
   0.186
 -65.534
 -65.534
 -65.534
 -65.534
 -65.534
 -65.534
 -65.534
 -65.534
 -65.534
 -65.534
 -65.534
 -65.534
   1.299
   1.501
   1.458
   1.492
   1.387
   1.280
   1.183
   1.094
   0.989
   0.870
   0.753
   0.629
   0.520
   0.437
   0.399
   0.352
   0.000
 -65.534
 -65.534
 -65.534
 -65.534
 -65.534
 -65.534
 -65.534
 -65.534
 -65.534
 -65.534
 -65.534
 -65.534
 -65.534
 -65.534
 -65.534
 -65.534
 -65.534
 -65.534
 -65.534
 -65.534
 -65.534
 -65.534
 -65.534
 -65.534
 -65.534
 -65.534
 -65.534
 -65.534
 -65.534
 -65.534
 -65.534
 -65.534
 -65.534
 -65.534
 -65.534
 -65.534
   0.948
   0.568
   0.284
   0.147
   0.132
   0.106
   0.083
   0.105
   0.118
 -65.534
 -65.534
 -65.534
 -65.534
 -65.534
 -65.534
 -65.534
 -65.534
 -65.534
 -65.534
   0.827
   1.030
   0.973
   0.865
   0.727
   0.596
   0.479
   0.362
   0.254
   0.170
   0.127
   0.140
   0.171
   0.000
 -65.534
 -65.534
 -65.534
 -65.534
 -65.534
 -65.534
 -65.534
 -65.534
 -65.534
 -65.534
 -65.534
 -65.534
 -65.534
 -65.534
 -65.534
 -65.534
 -65.534
 -65.534
 -65.534
 -65.534
 -65.534
 -65.534
 -65.534
 -65.534
 -65.534
 -65.534
 -65.534
 -65.534
 -65.534
 -65.534
 -65.534
 -65.534
 -65.534
 -65.534
 -65.534
 -65.534
 -65.534
 -65.534
 -65.534
 -65.534
   0.091
 -65.534
 -65.534
 -65.534
 -65.534
 -65.534
 -65.534
 -65.534
 -65.534
 -65.534
 -65.534
 -65.534
 -65.534
 -65.534
 -65.534
   0.009
   0.400
   0.495
   0.443
   0.409
   0.270
   0.094
  -0.017
  -0.091
  -0.135
  -0.129
  -0.070
   0.018
   0.000
 -65.534
 -65.534
 -65.534
 -65.534
 -65.534
 -65.534
 -65.534
 -65.534
 -65.534
 -65.534
 -65.534
 -65.534
 -65.534
 -65.534
 -65.534
 -65.534
 -65.534
 -65.534
 -65.534
 -65.534
 -65.534
 -65.534
 -65.534
 -65.534
 -65.534
 -65.534
 -65.534
 -65.534
 -65.534
 -65.534
 -65.534
 -65.534
 -65.534
 -65.534
 -65.534
 -65.534
 -65.534
 -65.534
 -65.534
 -65.534
 -65.534
 -65.534
 -65.534
 -65.534
 -65.534
 -65.534
 -65.534
 -65.534
 -65.534
 -65.534
 -65.534
 -65.534
 -65.534
 -65.534
 -65.534
 -65.534
 -65.534
 -65.534
 -65.534
  -0.243
  -0.127
  -0.189
  -0.283
  -0.328
  -0.342
  -0.303
  -0.187
  -0.090
   0.000
 -65.534
 -65.534
 -65.534
 -65.534
 -65.534
 -65.534
 -65.534
 -65.534
 -65.534
 -65.534
 -65.534
 -65.534
 -65.534
 -65.534
 -65.534
 -65.534
 -65.534
 -65.534
 -65.534
 -65.534
 -65.534
 -65.534
 -65.534
 -65.534
 -65.534
 -65.534
 -65.534
 -65.534
 -65.534
 -65.534
 -65.534
 -65.534
 -65.534
 -65.534
 -65.534
 -65.534
 -65.534
 -65.534
 -65.534
 -65.534
 -65.534
 -65.534
 -65.534
 -65.534
 -65.534
 -65.534
 -65.534
 -65.534
 -65.534
 -65.534
 -65.534
 -65.534
 -65.534
 -65.534
 -65.534
 -65.534
 -65.534
 -65.534
 -65.534
 -65.534
 -65.534
   0.000
   0.000
   0.000
   0.000
   0.000
   0.000
   0.000
 -65.534
