 -65.534
   0.000
   0.000
   0.000
   0.000
   0.000
   0.000
   0.000
   0.000
   0.000
   0.000
   0.000
   0.000
   0.000
   0.000
   0.000
   0.000
   0.000
   0.000
   0.000
   0.000
   0.000
   0.000
   0.000
   0.000
   0.000
   0.000
   0.000
   0.000
   0.000
   0.000
   0.000
   0.000
   0.000
   0.000
   0.000
   0.000
   0.000
   0.000
   0.000
   0.000
   0.000
   0.000
   0.000
   0.000
   0.000
   0.000
   0.000
   0.000
   0.000
   0.000
   0.000
   0.000
   0.000
   0.000
   0.000
   0.000
   0.000
   0.000
   0.000
   0.000
   0.000
   0.000
   0.000
   0.000
   0.000
   0.000
   0.000
 -65.534
   0.000
   0.806
   0.970
   1.110
   1.294
   1.508
   1.748
   2.006
   2.284
   2.578
   2.902
   3.268
   3.704
   4.170
   4.656
   5.106
   5.544
   5.806
   5.688
   5.120
   4.392
   3.732
   3.562
   3.858
   4.540
   5.274
   5.780
   5.878
   5.788
   5.614
   5.364
   5.052
   4.718
   4.288
   3.802
   3.344
   2.984
   2.656
   2.376
   2.116
   1.854
   1.652
   1.506
   1.384
   1.300
   1.230
   1.174
   1.140
   1.098
   1.070
   1.044
   1.020
   0.998
   0.984
   0.966
   0.944
   0.920
   0.874
   0.854
   0.836
   0.820
   0.798
   0.784
   0.770
   0.750
   0.724
   0.680
   0.580
   0.000
   0.000
   0.888
   1.044
   1.172
   1.346
   1.554
   1.790
   2.050
   2.326
   2.622
   2.940
   3.290
   3.702
   4.144
   4.598
   5.068
   5.470
   5.804
   5.924
   5.876
   5.630
   5.432
   5.416
   5.686
   6.174
   6.714
   6.940
   6.902
   6.728
   6.456
   6.114
   5.718
   5.184
   4.632
   4.116
   3.696
   3.330
   2.986
   2.680
   2.368
   2.096
   1.906
   1.750
   1.626
   1.540
   1.478
   1.426
   1.380
   1.338
   1.302
   1.268
   1.232
   1.204
   1.174
   1.144
   1.116
   1.090
   1.056
   1.026
   0.998
   0.974
   0.948
   0.926
   0.904
   0.878
   0.844
   0.792
   0.684
   0.000
   0.000
   0.894
   1.038
   1.152
   1.308
   1.500
   1.724
   1.976
   2.248
   2.538
   2.846
   3.180
   3.562
   3.978
   4.408
   4.864
   5.286
   5.654
   6.016
   6.234
   6.392
   6.540
   6.724
   6.980
   7.252
   7.400
   7.428
   7.292
   7.024
   6.682
   6.254
   5.704
   5.120
   4.552
   4.126
   3.716
   3.352
   3.036
   2.720
   2.416
   2.156
   1.966
   1.828
   1.714
   1.632
   1.572
   1.528
   1.482
   1.438
   1.398
   1.358
   1.320
   1.284
   1.248
   1.218
   1.190
   1.164
   1.134
   1.104
   1.072
   1.044
   1.016
   0.990
   0.962
   0.932
   0.894
   0.840
   0.726
   0.000
   0.000
   0.884
   1.014
   1.112
   1.250
   1.422
   1.628
   1.862
   2.120
   2.392
   2.682
   2.990
   3.324
   3.698
   4.072
   4.474
   4.896
   5.278
   5.704
   6.112
   6.492
   6.876
   7.186
   7.408
   7.522
   7.526
   7.428
   7.212
   6.882
   6.468
   5.996
   5.390
   4.854
   4.330
   3.934
   3.572
   3.250
   2.950
   2.658
   2.384
   2.154
   1.978
   1.850
   1.758
   1.686
   1.630
   1.580
   1.534
   1.490
   1.446
   1.402
   1.360
   1.318
   1.286
   1.256
   1.232
   1.208
   1.182
   1.154
   1.124
   1.094
   1.066
   1.036
   1.004
   0.970
   0.928
   0.872
   0.758
   0.000
   0.000
   0.868
   0.984
   1.068
   1.184
   1.332
   1.514
   1.724
   1.960
   2.214
   2.480
   2.764
   3.056
   3.366
   3.700
   4.046
   4.428
   4.836
   5.216
   5.678
   6.098
   6.476
   6.848
   7.122
   7.260
   7.232
   7.102
   6.848
   6.474
   6.000
   5.464
   4.970
   4.460
   4.030
   3.682
   3.364
   3.088
   2.816
   2.554
   2.308
   2.110
   1.960
   1.850
   1.770
   1.708
   1.654
   1.604
   1.556
   1.506
   1.460
   1.414
   1.372
   1.334
   1.300
   1.272
   1.250
   1.230
   1.208
   1.184
   1.156
   1.126
   1.096
   1.066
   1.034
   0.998
   0.954
   0.898
   0.782
   0.000
   0.000
   0.854
   0.954
   1.022
   1.122
   1.246
   1.402
   1.588
   1.802
   2.030
   2.268
   2.516
   2.772
   3.028
   3.298
   3.600
   3.934
   4.296
   4.684
   5.082
   5.436
   5.850
   6.156
   6.400
   6.538
   6.530
   6.436
   6.178
   5.784
   5.350
   4.906
   4.456
   4.040
   3.692
   3.382
   3.112
   2.868
   2.638
   2.416
   2.214
   2.052
   1.930
   1.834
   1.760
   1.700
   1.650
   1.602
   1.554
   1.504
   1.456
   1.410
   1.368
   1.332
   1.302
   1.276
   1.256
   1.236
   1.214
   1.190
   1.164
   1.138
   1.110
   1.080
   1.050
   1.014
   0.970
   0.914
   0.802
   0.000
   0.000
   0.848
   0.932
   0.988
   1.068
   1.172
   1.306
   1.468
   1.654
   1.848
   2.052
   2.260
   2.470
   2.682
   2.896
   3.130
   3.404
   3.712
   4.044
   4.400
   4.760
   5.078
   5.314
   5.520
   5.654
   5.644
   5.554
   5.318
   5.016
   4.654
   4.284
   3.946
   3.592
   3.292
   3.046
   2.820
   2.624
   2.438
   2.260
   2.106
   1.978
   1.878
   1.794
   1.728
   1.672
   1.624
   1.578
   1.530
   1.482
   1.438
   1.396
   1.358
   1.324
   1.296
   1.270
   1.248
   1.226
   1.204
   1.178
   1.154
   1.128
   1.104
   1.078
   1.052
   1.018
   0.978
   0.924
   0.816
   0.000
   0.000
   0.850
   0.922
   0.964
   1.028
   1.112
   1.222
   1.358
   1.516
   1.680
   1.844
   2.010
   2.174
   2.334
   2.500
   2.690
   2.908
   3.150
   3.416
   3.702
   3.986
   4.254
   4.486
   4.670
   4.764
   4.762
   4.672
   4.496
   4.246
   3.978
   3.668
   3.378
   3.120
   2.896
   2.700
   2.536
   2.386
   2.242
   2.106
   1.986
   1.890
   1.808
   1.738
   1.680
   1.630
   1.584
   1.538
   1.494
   1.450
   1.410
   1.374
   1.342
   1.312
   1.288
   1.262
   1.238
   1.212
   1.188
   1.162
   1.136
   1.112
   1.090
   1.068
   1.044
   1.014
   0.976
   0.926
   0.822
   0.000
   0.000
   0.862
   0.926
   0.958
   1.004
   1.068
   1.154
   1.268
   1.398
   1.532
   1.664
   1.790
   1.910
   2.022
   2.144
   2.286
   2.454
   2.650
   2.868
   3.092
   3.308
   3.514
   3.694
   3.828
   3.894
   3.894
   3.834
   3.702
   3.516
   3.316
   3.104
   2.894
   2.702
   2.542
   2.400
   2.276
   2.164
   2.058
   1.958
   1.868
   1.794
   1.730
   1.674
   1.624
   1.580
   1.536
   1.494
   1.452
   1.410
   1.374
   1.344
   1.318
   1.296
   1.276
   1.254
   1.226
   1.196
   1.166
   1.138
   1.110
   1.088
   1.070
   1.050
   1.028
   1.000
   0.964
   0.918
   0.822
   0.000
   0.000
   0.876
   0.936
   0.962
   0.996
   1.042
   1.110
   1.198
   1.302
   1.412
   1.518
   1.614
   1.700
   1.776
   1.852
   1.944
   2.064
   2.212
   2.382
   2.560
   2.736
   2.896
   3.038
   3.134
   3.184
   3.184
   3.144
   3.062
   2.936
   2.796
   2.650
   2.508
   2.372
   2.256
   2.152
   2.062
   1.978
   1.896
   1.822
   1.756
   1.702
   1.652
   1.608
   1.568
   1.528
   1.488
   1.448
   1.408
   1.372
   1.338
   1.312
   1.290
   1.274
   1.258
   1.236
   1.204
   1.168
   1.130
   1.096
   1.070
   1.050
   1.034
   1.018
   1.000
   0.974
   0.942
   0.900
   0.814
   0.000
   0.000
   0.870
   0.944
   0.968
   0.996
   1.030
   1.082
   1.150
   1.234
   1.324
   1.410
   1.488
   1.548
   1.596
   1.636
   1.686
   1.758
   1.854
   1.976
   2.112
   2.250
   2.380
   2.496
   2.584
   2.636
   2.650
   2.634
   2.586
   2.510
   2.420
   2.324
   2.226
   2.128
   2.042
   1.962
   1.890
   1.822
   1.760
   1.702
   1.654
   1.614
   1.580
   1.546
   1.512
   1.476
   1.442
   1.404
   1.366
   1.332
   1.302
   1.278
   1.258
   1.244
   1.226
   1.202
   1.166
   1.122
   1.078
   1.040
   1.012
   0.992
   0.978
   0.966
   0.954
   0.934
   0.906
   0.872
   0.800
   0.000
   0.000
   0.810
   0.928
   0.966
   0.996
   1.030
   1.072
   1.126
   1.194
   1.270
   1.346
   1.410
   1.458
   1.486
   1.502
   1.520
   1.550
   1.598
   1.670
   1.760
   1.860
   1.962
   2.060
   2.146
   2.206
   2.242
   2.256
   2.242
   2.204
   2.154
   2.094
   2.022
   1.950
   1.880
   1.814
   1.754
   1.698
   1.646
   1.600
   1.564
   1.536
   1.510
   1.484
   1.456
   1.426
   1.394
   1.360
   1.324
   1.292
   1.262
   1.238
   1.218
   1.200
   1.180
   1.150
   1.110
   1.062
   1.016
   0.976
   0.946
   0.922
   0.906
   0.896
   0.886
   0.876
   0.860
   0.840
   0.786
   0.000
 -65.534
 -65.534
   0.834
   0.946
   0.996
   1.036
   1.080
   1.128
   1.184
   1.248
   1.314
   1.368
   1.404
   1.420
   1.426
   1.428
   1.432
   1.444
   1.470
   1.514
   1.574
   1.644
   1.722
   1.798
   1.868
   1.924
   1.964
   1.978
   1.974
   1.954
   1.918
   1.870
   1.814
   1.756
   1.700
   1.648
   1.598
   1.554
   1.516
   1.488
   1.466
   1.448
   1.428
   1.404
   1.378
   1.348
   1.316
   1.282
   1.248
   1.220
   1.192
   1.168
   1.144
   1.118
   1.086
   1.044
   0.998
   0.952
   0.912
   0.876
   0.848
   0.828
   0.814
   0.810
   0.810
   0.810
   0.804
   0.772
   0.000
 -65.534
 -65.534
 -65.534
   0.852
   0.990
   1.038
   1.090
   1.138
   1.188
   1.246
   1.300
   1.342
   1.366
   1.376
   1.376
   1.372
   1.366
   1.360
   1.358
   1.368
   1.394
   1.434
   1.486
   1.544
   1.608
   1.670
   1.722
   1.760
   1.776
   1.780
   1.768
   1.736
   1.696
   1.650
   1.604
   1.560
   1.518
   1.478
   1.446
   1.424
   1.406
   1.392
   1.374
   1.356
   1.332
   1.304
   1.272
   1.238
   1.204
   1.170
   1.140
   1.112
   1.082
   1.052
   1.018
   0.978
   0.934
   0.892
   0.852
   0.816
   0.784
   0.758
   0.744
   0.740
   0.750
   0.764
   0.776
   0.764
   0.000
 -65.534
 -65.534
 -65.534
 -65.534
   0.948
   1.026
   1.082
   1.138
   1.198
   1.256
   1.308
   1.338
   1.352
   1.354
   1.350
   1.340
   1.332
   1.320
   1.306
   1.298
   1.302
   1.316
   1.344
   1.382
   1.428
   1.476
   1.526
   1.566
   1.594
   1.610
   1.612
   1.600
   1.574
   1.544
   1.508
   1.476
   1.444
   1.412
   1.386
   1.366
   1.352
   1.338
   1.324
   1.306
   1.284
   1.256
   1.224
   1.188
   1.150
   1.114
   1.082
   1.050
   1.018
   0.988
   0.954
   0.916
   0.878
   0.838
   0.802
   0.768
   0.738
   0.716
   0.704
   0.704
   0.716
   0.736
   0.758
   0.762
   0.000
 -65.534
 -65.534
 -65.534
 -65.534
   0.900
   0.988
   1.050
   1.122
   1.198
   1.274
   1.330
   1.358
   1.366
   1.360
   1.346
   1.328
   1.314
   1.300
   1.282
   1.268
   1.256
   1.252
   1.262
   1.282
   1.310
   1.342
   1.376
   1.406
   1.430
   1.450
   1.458
   1.456
   1.448
   1.432
   1.414
   1.394
   1.372
   1.350
   1.328
   1.310
   1.298
   1.284
   1.270
   1.252
   1.230
   1.202
   1.168
   1.132
   1.092
   1.054
   1.018
   0.986
   0.956
   0.926
   0.894
   0.860
   0.826
   0.792
   0.758
   0.730
   0.710
   0.696
   0.692
   0.700
   0.714
   0.734
   0.760
   0.776
   0.000
 -65.534
 -65.534
 -65.534
 -65.534
   0.824
   0.916
   0.986
   1.072
   1.166
   1.256
   1.326
   1.360
   1.368
   1.360
   1.336
   1.310
   1.288
   1.268
   1.248
   1.232
   1.218
   1.206
   1.206
   1.214
   1.228
   1.248
   1.270
   1.290
   1.308
   1.322
   1.332
   1.336
   1.336
   1.332
   1.324
   1.314
   1.302
   1.288
   1.270
   1.256
   1.242
   1.228
   1.214
   1.194
   1.172
   1.144
   1.110
   1.072
   1.032
   0.996
   0.962
   0.930
   0.900
   0.870
   0.840
   0.810
   0.778
   0.748
   0.718
   0.696
   0.682
   0.678
   0.684
   0.702
   0.726
   0.754
   0.784
   0.804
   0.000
 -65.534
 -65.534
 -65.534
 -65.534
   0.698
   0.770
   0.838
   0.940
   1.070
   1.162
   1.240
   1.292
   1.314
   1.310
   1.290
   1.266
   1.240
   1.220
   1.198
   1.182
   1.166
   1.154
   1.152
   1.154
   1.164
   1.176
   1.190
   1.206
   1.218
   1.230
   1.238
   1.242
   1.244
   1.246
   1.244
   1.238
   1.232
   1.222
   1.208
   1.194
   1.182
   1.168
   1.152
   1.132
   1.110
   1.082
   1.050
   1.016
   0.980
   0.944
   0.912
   0.882
   0.850
   0.820
   0.792
   0.762
   0.734
   0.706
   0.684
   0.668
   0.660
   0.662
   0.676
   0.702
   0.736
   0.774
   0.812
   0.838
   0.000
 -65.534
 -65.534
 -65.534
 -65.534
 -65.534
 -65.534
 -65.534
 -65.534
   0.896
   1.014
   1.098
   1.164
   1.204
   1.218
   1.216
   1.202
   1.184
   1.162
   1.142
   1.124
   1.108
   1.096
   1.094
   1.096
   1.102
   1.112
   1.122
   1.134
   1.144
   1.154
   1.162
   1.166
   1.168
   1.170
   1.170
   1.166
   1.162
   1.154
   1.142
   1.130
   1.116
   1.100
   1.084
   1.066
   1.046
   1.020
   0.994
   0.962
   0.930
   0.898
   0.868
   0.836
   0.806
   0.776
   0.748
   0.722
   0.698
   0.676
   0.662
   0.652
   0.650
   0.658
   0.676
   0.704
   0.744
   0.788
   0.834
   0.866
   0.000
 -65.534
 -65.534
 -65.534
 -65.534
 -65.534
 -65.534
   0.452
   0.592
   0.756
   0.856
   0.938
   1.016
   1.072
   1.106
   1.124
   1.126
   1.116
   1.096
   1.078
   1.060
   1.042
   1.032
   1.030
   1.032
   1.038
   1.044
   1.054
   1.064
   1.074
   1.082
   1.090
   1.096
   1.098
   1.100
   1.100
   1.098
   1.094
   1.086
   1.076
   1.062
   1.048
   1.032
   1.016
   1.000
   0.980
   0.960
   0.936
   0.910
   0.880
   0.850
   0.822
   0.792
   0.764
   0.738
   0.712
   0.692
   0.676
   0.664
   0.658
   0.656
   0.658
   0.670
   0.690
   0.720
   0.758
   0.804
   0.852
   0.884
   0.000
 -65.534
 -65.534
 -65.534
 -65.534
 -65.534
 -65.534
 -65.534
 -65.534
 -65.534
   0.676
   0.752
   0.810
   0.866
   0.918
   0.970
   1.016
   1.010
   1.002
   0.994
   0.984
   0.970
   0.962
   0.962
   0.964
   0.968
   0.974
   0.984
   0.992
   1.002
   1.010
   1.018
   1.024
   1.028
   1.030
   1.032
   1.030
   1.026
   1.018
   1.008
   0.996
   0.982
   0.968
   0.952
   0.936
   0.920
   0.900
   0.878
   0.854
   0.828
   0.800
   0.774
   0.748
   0.724
   0.704
   0.688
   0.678
   0.672
   0.670
   0.672
   0.674
   0.680
   0.692
   0.712
   0.742
   0.778
   0.822
   0.866
   0.890
   0.000
 -65.534
 -65.534
 -65.534
 -65.534
 -65.534
 -65.534
 -65.534
 -65.534
 -65.534
 -65.534
 -65.534
 -65.534
 -65.534
 -65.534
 -65.534
   0.796
   0.814
   0.828
   0.862
   0.916
   0.906
   0.902
   0.902
   0.900
   0.902
   0.906
   0.912
   0.920
   0.930
   0.938
   0.946
   0.952
   0.956
   0.958
   0.960
   0.958
   0.954
   0.948
   0.940
   0.930
   0.918
   0.906
   0.892
   0.876
   0.860
   0.842
   0.822
   0.800
   0.776
   0.752
   0.730
   0.710
   0.694
   0.684
   0.678
   0.680
   0.686
   0.692
   0.698
   0.702
   0.708
   0.720
   0.738
   0.764
   0.796
   0.834
   0.870
   0.882
   0.000
 -65.534
 -65.534
 -65.534
 -65.534
 -65.534
 -65.534
 -65.534
 -65.534
 -65.534
 -65.534
 -65.534
 -65.534
 -65.534
 -65.534
 -65.534
 -65.534
 -65.534
 -65.534
 -65.534
   0.854
   0.860
   0.858
   0.856
   0.852
   0.846
   0.844
   0.846
   0.850
   0.858
   0.866
   0.874
   0.880
   0.884
   0.886
   0.886
   0.886
   0.884
   0.880
   0.874
   0.866
   0.856
   0.846
   0.834
   0.820
   0.806
   0.788
   0.770
   0.750
   0.730
   0.710
   0.694
   0.682
   0.676
   0.676
   0.682
   0.694
   0.708
   0.720
   0.730
   0.736
   0.740
   0.748
   0.764
   0.788
   0.816
   0.846
   0.876
   0.876
   0.000
 -65.534
 -65.534
 -65.534
 -65.534
 -65.534
 -65.534
 -65.534
 -65.534
 -65.534
 -65.534
 -65.534
 -65.534
 -65.534
 -65.534
 -65.534
 -65.534
 -65.534
 -65.534
   0.750
   0.812
   0.820
   0.822
   0.820
   0.812
   0.800
   0.792
   0.788
   0.788
   0.792
   0.798
   0.804
   0.808
   0.812
   0.816
   0.816
   0.818
   0.816
   0.814
   0.810
   0.804
   0.798
   0.790
   0.780
   0.768
   0.756
   0.742
   0.728
   0.712
   0.696
   0.684
   0.674
   0.670
   0.672
   0.680
   0.694
   0.714
   0.734
   0.750
   0.762
   0.770
   0.776
   0.784
   0.800
   0.824
   0.848
   0.876
   0.902
   0.896
   0.000
 -65.534
 -65.534
 -65.534
 -65.534
 -65.534
 -65.534
 -65.534
 -65.534
 -65.534
 -65.534
 -65.534
 -65.534
 -65.534
 -65.534
 -65.534
 -65.534
 -65.534
   0.702
   0.748
   0.774
   0.782
   0.786
   0.786
   0.778
   0.764
   0.752
   0.744
   0.740
   0.740
   0.740
   0.742
   0.744
   0.748
   0.750
   0.752
   0.754
   0.756
   0.754
   0.752
   0.748
   0.744
   0.738
   0.730
   0.724
   0.720
   0.712
   0.700
   0.690
   0.682
   0.676
   0.674
   0.676
   0.684
   0.698
   0.718
   0.740
   0.762
   0.782
   0.796
   0.806
   0.814
   0.828
   0.848
   0.874
   0.902
   0.928
   0.956
   0.956
   0.000
 -65.534
 -65.534
 -65.534
 -65.534
 -65.534
 -65.534
 -65.534
 -65.534
 -65.534
 -65.534
 -65.534
 -65.534
 -65.534
 -65.534
 -65.534
 -65.534
 -65.534
   0.700
   0.726
   0.738
   0.746
   0.752
   0.750
   0.744
   0.732
   0.720
   0.712
   0.706
   0.704
   0.702
   0.700
   0.698
   0.696
   0.698
   0.700
   0.702
   0.704
   0.704
   0.704
   0.702
   0.700
   0.696
   0.694
   0.696
   0.700
   0.700
   0.696
   0.690
   0.688
   0.686
   0.688
   0.694
   0.706
   0.722
   0.744
   0.768
   0.792
   0.812
   0.826
   0.838
   0.852
   0.870
   0.896
   0.924
   0.956
   0.992
   1.026
   1.036
   0.000
 -65.534
 -65.534
 -65.534
 -65.534
 -65.534
 -65.534
 -65.534
 -65.534
 -65.534
 -65.534
 -65.534
 -65.534
 -65.534
 -65.534
 -65.534
 -65.534
 -65.534
   0.686
   0.702
   0.710
   0.714
   0.716
   0.716
   0.710
   0.702
   0.694
   0.688
   0.684
   0.680
   0.678
   0.674
   0.670
   0.666
   0.664
   0.662
   0.664
   0.666
   0.668
   0.668
   0.668
   0.668
   0.670
   0.672
   0.680
   0.692
   0.700
   0.702
   0.704
   0.706
   0.710
   0.714
   0.720
   0.732
   0.750
   0.772
   0.796
   0.820
   0.838
   0.852
   0.866
   0.882
   0.902
   0.928
   0.960
   0.996
   1.038
   1.080
   1.104
   0.000
 -65.534
 -65.534
 -65.534
 -65.534
 -65.534
 -65.534
 -65.534
 -65.534
 -65.534
 -65.534
 -65.534
 -65.534
 -65.534
 -65.534
 -65.534
 -65.534
 -65.534
   0.666
   0.680
   0.684
   0.686
   0.686
   0.682
   0.678
   0.674
   0.670
   0.666
   0.664
   0.664
   0.662
   0.658
   0.654
   0.650
   0.646
   0.644
   0.644
   0.646
   0.648
   0.650
   0.652
   0.654
   0.658
   0.664
   0.676
   0.690
   0.704
   0.714
   0.722
   0.730
   0.738
   0.744
   0.752
   0.764
   0.780
   0.802
   0.824
   0.844
   0.862
   0.874
   0.886
   0.900
   0.920
   0.944
   0.974
   1.010
   1.050
   1.094
   1.124
   0.000
 -65.534
 -65.534
 -65.534
 -65.534
 -65.534
 -65.534
 -65.534
 -65.534
 -65.534
 -65.534
 -65.534
 -65.534
 -65.534
 -65.534
 -65.534
 -65.534
 -65.534
 -65.534
   0.658
   0.660
   0.658
   0.656
   0.652
   0.648
   0.646
   0.646
   0.646
   0.646
   0.646
   0.644
   0.644
   0.644
   0.642
   0.638
   0.636
   0.634
   0.636
   0.640
   0.642
   0.646
   0.650
   0.656
   0.664
   0.676
   0.692
   0.708
   0.724
   0.738
   0.752
   0.764
   0.776
   0.786
   0.798
   0.812
   0.832
   0.852
   0.870
   0.884
   0.892
   0.902
   0.912
   0.928
   0.948
   0.974
   1.004
   1.036
   1.070
   1.086
   0.000
 -65.534
 -65.534
 -65.534
 -65.534
 -65.534
 -65.534
 -65.534
 -65.534
 -65.534
 -65.534
 -65.534
 -65.534
 -65.534
 -65.534
 -65.534
 -65.534
 -65.534
 -65.534
 -65.534
   0.640
   0.630
   0.626
   0.622
   0.620
   0.620
   0.618
   0.620
   0.620
   0.622
   0.622
   0.624
   0.626
   0.626
   0.628
   0.630
   0.638
   0.640
   0.644
   0.648
   0.652
   0.656
   0.660
   0.668
   0.680
   0.694
   0.712
   0.730
   0.748
   0.766
   0.784
   0.798
   0.812
   0.826
   0.840
   0.858
   0.876
   0.890
   0.902
   0.910
   0.916
   0.924
   0.936
   0.954
   0.974
   0.996
   1.018
   1.042
   1.034
   0.000
 -65.534
 -65.534
 -65.534
 -65.534
 -65.534
 -65.534
 -65.534
 -65.534
 -65.534
 -65.534
 -65.534
 -65.534
 -65.534
 -65.534
 -65.534
 -65.534
 -65.534
 -65.534
 -65.534
 -65.534
   0.620
   0.606
   0.602
   0.598
   0.596
   0.594
   0.590
   0.590
   0.590
   0.588
   0.588
   0.584
   0.578
   0.564
   0.536
   0.466
 -65.534
 -65.534
 -65.534
 -65.534
   0.624
   0.650
   0.668
   0.680
   0.694
   0.712
   0.730
   0.750
   0.770
   0.790
   0.808
   0.824
   0.840
   0.856
   0.872
   0.888
   0.902
   0.914
   0.922
   0.930
   0.938
   0.950
   0.964
   0.982
   0.998
   1.014
   1.030
   1.004
   0.000
 -65.534
 -65.534
 -65.534
 -65.534
 -65.534
 -65.534
 -65.534
 -65.534
 -65.534
 -65.534
 -65.534
 -65.534
 -65.534
 -65.534
 -65.534
 -65.534
 -65.534
 -65.534
 -65.534
 -65.534
 -65.534
 -65.534
 -65.534
 -65.534
   0.572
   0.564
   0.562
   0.560
   0.558
   0.554
   0.548
   0.538
   0.524
   0.498
   0.454
   0.390
 -65.534
 -65.534
 -65.534
 -65.534
 -65.534
 -65.534
   0.630
   0.664
   0.686
   0.706
   0.724
   0.742
   0.762
   0.782
   0.800
   0.816
   0.832
   0.848
   0.864
   0.882
   0.898
   0.910
   0.922
   0.934
   0.946
   0.960
   0.974
   0.992
   1.006
   1.020
   1.032
   0.994
   0.000
 -65.534
 -65.534
 -65.534
 -65.534
 -65.534
 -65.534
 -65.534
 -65.534
 -65.534
 -65.534
 -65.534
 -65.534
 -65.534
 -65.534
 -65.534
 -65.534
 -65.534
 -65.534
 -65.534
 -65.534
 -65.534
 -65.534
 -65.534
 -65.534
   0.550
   0.540
   0.538
   0.532
   0.528
   0.524
   0.512
   0.498
   0.476
   0.446
   0.404
   0.362
 -65.534
 -65.534
 -65.534
 -65.534
 -65.534
 -65.534
 -65.534
   0.632
   0.670
   0.686
   0.712
   0.728
   0.746
   0.760
   0.774
   0.788
   0.804
   0.820
   0.838
   0.856
   0.874
   0.892
   0.906
   0.920
   0.936
   0.954
   0.972
   0.992
   1.008
   1.022
   1.030
   0.990
   0.000
 -65.534
 -65.534
 -65.534
 -65.534
 -65.534
 -65.534
 -65.534
 -65.534
 -65.534
 -65.534
 -65.534
 -65.534
 -65.534
 -65.534
 -65.534
 -65.534
 -65.534
 -65.534
 -65.534
 -65.534
 -65.534
 -65.534
 -65.534
 -65.534
 -65.534
 -65.534
 -65.534
 -65.534
 -65.534
   0.480
   0.468
   0.456
   0.442
   0.412
   0.378
   0.344
   0.170
 -65.534
 -65.534
 -65.534
 -65.534
 -65.534
 -65.534
   0.554
   0.530
 -65.534
   0.628
   0.672
   0.700
   0.730
   0.742
   0.754
   0.766
   0.782
   0.800
   0.818
   0.838
   0.856
   0.874
   0.892
   0.910
   0.930
   0.952
   0.972
   0.992
   1.008
   1.020
   0.976
   0.000
 -65.534
 -65.534
 -65.534
 -65.534
 -65.534
 -65.534
 -65.534
 -65.534
 -65.534
 -65.534
 -65.534
 -65.534
 -65.534
 -65.534
 -65.534
 -65.534
 -65.534
 -65.534
 -65.534
 -65.534
 -65.534
 -65.534
 -65.534
 -65.534
 -65.534
 -65.534
 -65.534
 -65.534
 -65.534
 -65.534
 -65.534
 -65.534
   0.400
   0.384
   0.360
   0.328
   0.234
   0.120
 -65.534
 -65.534
 -65.534
 -65.534
 -65.534
 -65.534
 -65.534
 -65.534
 -65.534
 -65.534
 -65.534
   0.602
   0.654
   0.682
   0.720
   0.736
   0.754
   0.770
   0.788
   0.806
   0.826
   0.844
   0.864
   0.886
   0.910
   0.934
   0.956
   0.976
   0.990
   0.948
   0.000
 -65.534
 -65.534
 -65.534
 -65.534
 -65.534
 -65.534
 -65.534
 -65.534
 -65.534
 -65.534
 -65.534
 -65.534
 -65.534
 -65.534
 -65.534
 -65.534
 -65.534
 -65.534
 -65.534
 -65.534
 -65.534
 -65.534
 -65.534
 -65.534
 -65.534
 -65.534
 -65.534
 -65.534
 -65.534
 -65.534
 -65.534
 -65.534
   0.352
   0.340
   0.330
   0.304
   0.254
   0.192
   0.114
   0.052
 -65.534
 -65.534
 -65.534
 -65.534
 -65.534
 -65.534
 -65.534
 -65.534
 -65.534
 -65.534
 -65.534
 -65.534
   0.566
   0.634
   0.668
   0.710
   0.730
   0.746
   0.766
   0.786
   0.808
   0.830
   0.856
   0.880
   0.906
   0.926
   0.942
   0.900
   0.000
 -65.534
 -65.534
 -65.534
 -65.534
 -65.534
 -65.534
 -65.534
 -65.534
 -65.534
 -65.534
 -65.534
 -65.534
 -65.534
 -65.534
 -65.534
 -65.534
 -65.534
 -65.534
 -65.534
 -65.534
 -65.534
 -65.534
 -65.534
 -65.534
 -65.534
 -65.534
 -65.534
 -65.534
 -65.534
 -65.534
 -65.534
 -65.534
 -65.534
 -65.534
 -65.534
 -65.534
   0.198
   0.190
   0.158
   0.124
   0.084
   0.058
   0.040
   0.028
   0.020
 -65.534
 -65.534
 -65.534
 -65.534
 -65.534
 -65.534
 -65.534
 -65.534
 -65.534
 -65.534
   0.578
   0.648
   0.682
   0.704
   0.724
   0.746
   0.770
   0.796
   0.820
   0.844
   0.864
   0.878
   0.838
   0.000
 -65.534
 -65.534
 -65.534
 -65.534
 -65.534
 -65.534
 -65.534
 -65.534
 -65.534
 -65.534
 -65.534
 -65.534
 -65.534
 -65.534
 -65.534
 -65.534
 -65.534
 -65.534
 -65.534
 -65.534
 -65.534
 -65.534
 -65.534
 -65.534
 -65.534
 -65.534
 -65.534
 -65.534
 -65.534
 -65.534
 -65.534
 -65.534
 -65.534
 -65.534
 -65.534
 -65.534
 -65.534
 -65.534
 -65.534
 -65.534
   0.062
 -65.534
 -65.534
 -65.534
 -65.534
 -65.534
 -65.534
 -65.534
 -65.534
 -65.534
 -65.534
 -65.534
 -65.534
 -65.534
 -65.534
   0.462
   0.534
   0.582
   0.612
   0.666
   0.692
   0.716
   0.738
   0.760
   0.782
   0.800
   0.812
   0.776
   0.000
 -65.534
 -65.534
 -65.534
 -65.534
 -65.534
 -65.534
 -65.534
 -65.534
 -65.534
 -65.534
 -65.534
 -65.534
 -65.534
 -65.534
 -65.534
 -65.534
 -65.534
 -65.534
 -65.534
 -65.534
 -65.534
 -65.534
 -65.534
 -65.534
 -65.534
 -65.534
 -65.534
 -65.534
 -65.534
 -65.534
 -65.534
 -65.534
 -65.534
 -65.534
 -65.534
 -65.534
 -65.534
 -65.534
 -65.534
 -65.534
 -65.534
 -65.534
 -65.534
 -65.534
 -65.534
 -65.534
 -65.534
 -65.534
 -65.534
 -65.534
 -65.534
 -65.534
 -65.534
 -65.534
 -65.534
 -65.534
 -65.534
 -65.534
 -65.534
   0.496
   0.572
   0.616
   0.636
   0.652
   0.670
   0.686
   0.696
   0.670
   0.000
 -65.534
 -65.534
 -65.534
 -65.534
 -65.534
 -65.534
 -65.534
 -65.534
 -65.534
 -65.534
 -65.534
 -65.534
 -65.534
 -65.534
 -65.534
 -65.534
 -65.534
 -65.534
 -65.534
 -65.534
 -65.534
 -65.534
 -65.534
 -65.534
 -65.534
 -65.534
 -65.534
 -65.534
 -65.534
 -65.534
 -65.534
 -65.534
 -65.534
 -65.534
 -65.534
 -65.534
 -65.534
 -65.534
 -65.534
 -65.534
 -65.534
 -65.534
 -65.534
 -65.534
 -65.534
 -65.534
 -65.534
 -65.534
 -65.534
 -65.534
 -65.534
 -65.534
 -65.534
 -65.534
 -65.534
 -65.534
 -65.534
 -65.534
 -65.534
 -65.534
 -65.534
   0.000
   0.000
   0.000
   0.000
   0.000
   0.000
   0.000
 -65.534
